# Differential cross section		
# Author: P. Swaczyna	Princeton University	(swaczyna@princeton.edu)
# Date: 	Tue 3 Nov 2020 16:25:22	
# 		
# Elastic collision: H^+ + He^0 -> H^+ + He^0		
# 		
# Red. mass: 	7.4962491838E+8	 eV/c^2
# CM energy: 	1.2735030810E-3	 eV
# Rel speed: 	5.5260357917E+4	 cm/s
# Tot sigma: 	2.1286291064E+3	 a.u.
# Int sigma: 	2.1286291064E+3	 a.u.
# 		
# Columns:		
# the <- scattering angle (rad)		
# dcs <- dsigma/dOmega*2*pi*sin(the) (a.u. = 2.8002852056E-17 cm^2)		
# wei <- weight for cross section integration (approx. width of angle bin)		
# 		
# the	dcs	wei
7.6907532846E-6	5.4110165424E-1	1.9736940383E-5
4.0521979771E-5	2.8510201139E+0	4.5943520243E-5
9.9587300392E-5	7.0066709668E+0	7.2188137769E-5
1.8489884726E-4	1.3008778133E+1	9.8434919423E-5
2.9645680168E-4	2.0856990393E+1	1.2468073282E-4
4.3425968311E-4	3.0550412825E+1	1.5092466531E-4
5.9830531657E-4	4.2087423847E+1	1.7716615272E-4
7.8859101285E-4	5.5465379390E+1	2.0340471372E-4
1.0051136166E-3	7.0680252082E+1	2.2963989267E-4
1.2478695220E-3	8.7726215562E+1	2.5587124334E-4
1.5168546797E-3	1.0659518003E+2	2.8209832342E-4
1.8120645986E-3	1.2727628610E+2	3.0832069259E-4
2.1334943481E-3	1.4975536612E+2	3.3453791144E-4
2.4811385584E-3	1.7401438506E+2	3.6074954110E-4
2.8549914211E-3	2.0003087614E+2	3.8695514312E-4
3.2550466893E-3	2.2777739028E+2	4.1315427928E-4
3.6812976783E-3	2.5722098170E+2	4.3934651156E-4
4.1337372652E-3	2.8832275627E+2	4.6553140213E-4
4.6123578895E-3	3.2103751177E+2	4.9170851331E-4
5.1171515529E-3	3.5531350210E+2	5.1787740760E-4
5.6481098199E-3	3.9109235856E+2	5.4403764760E-4
6.2052238176E-3	4.2830920082E+2	5.7018879612E-4
6.7884842360E-3	4.6689296732E+2	5.9633041614E-4
7.3978813281E-3	5.0676698956E+2	6.2246207073E-4
8.0334049101E-3	5.4784982595E+2	6.4858332323E-4
8.6950443616E-3	5.9005635907E+2	6.7469373705E-4
9.3827886258E-3	6.3329914480E+2	7.0079287589E-4
1.0096626210E-2	6.7748998333E+2	7.2688030358E-4
1.0836545184E-2	7.2254166180E+2	7.5295558414E-4
1.1602533184E-2	7.6836979597E+2	7.7901828182E-4
1.2394577408E-2	8.1489467719E+2	8.0506796108E-4
1.3212664621E-2	8.6204301189E+2	8.3110418659E-4
1.4056781152E-2	9.0974942597E+2	8.5712652325E-4
1.4926912893E-2	9.5795759947E+2	8.8313453619E-4
1.5823045305E-2	1.0066208983E+3	9.0912779076E-4
1.6745163410E-2	1.0557023834E+3	9.3510585261E-4
1.7693251801E-2	1.1051741034E+3	9.6106828758E-4
1.8667294632E-2	1.1550156171E+3	9.8701466182E-4
1.9667275626E-2	1.2052117437E+3	1.0129445417E-3
2.0693178073E-2	1.2557496047E+3	1.0388574939E-3
2.1744984827E-2	1.3066150921E+3	1.0647530855E-3
2.2822678313E-2	1.3577889762E+3	1.0906308836E-3
2.3926240519E-2	1.4092429387E+3	1.1164904558E-3
2.5055653005E-2	1.4609358821E+3	1.1423313699E-3
2.6210896896E-2	1.5128109069E+3	1.1681531941E-3
2.7391952886E-2	1.5647933651E+3	1.1939554970E-3
2.8598801239E-2	1.6167903634E+3	1.2197378472E-3
2.9831421786E-2	1.6686920153E+3	1.2454998140E-3
3.1089793929E-2	1.7203746011E+3	1.2712409668E-3
3.2373896638E-2	1.7717056073E+3	1.2969608754E-3
3.3683708455E-2	1.8225503859E+3	1.3226591101E-3
3.5019207490E-2	1.8727799196E+3	1.3483352414E-3
3.6380371427E-2	1.9222789420E+3	1.3739888402E-3
3.7767177517E-2	1.9709534779E+3	1.3996194778E-3
3.9179602586E-2	2.0187367821E+3	1.4252267258E-3
4.0617623030E-2	2.0655927033E+3	1.4508101565E-3
4.2081214817E-2	2.1115157065E+3	1.4763693421E-3
4.3570353490E-2	2.1565271430E+3	1.5019038556E-3
4.5085014162E-2	2.2006678421E+3	1.5274132703E-3
4.6625171522E-2	2.2439876481E+3	1.5528971598E-3
4.8190799831E-2	2.2865330686E+3	1.5783550984E-3
4.9781872927E-2	2.3283346435E+3	1.6037866605E-3
5.1398364219E-2	2.3693959072E+3	1.6291914212E-3
5.3040246694E-2	2.4096858211E+3	1.6545689559E-3
5.4707492914E-2	2.4491362539E+3	1.6799188405E-3
5.6400075017E-2	2.4876454770E+3	1.7052406515E-3
5.8117964718E-2	2.5250877543E+3	1.7305339655E-3
5.9861133308E-2	2.5613280489E+3	1.7557983600E-3
6.1629551657E-2	2.5962398004E+3	1.7810334128E-3
6.3423190212E-2	2.6297228679E+3	1.8062387021E-3
6.5242019000E-2	2.6617183108E+3	1.8314138067E-3
6.7086007624E-2	2.6922168742E+3	1.8565583060E-3
6.8955125270E-2	2.7212589472E+3	1.8816717796E-3
7.0849340702E-2	2.7489252668E+3	1.9067538080E-3
7.2768622264E-2	2.7753195210E+3	1.9318039720E-3
7.4712937885E-2	2.8005458455E+3	1.9568218529E-3
7.6682255070E-2	2.8246856126E+3	1.9818070327E-3
7.8676540910E-2	2.8477784694E+3	2.0067590939E-3
8.0695762079E-2	2.8698121016E+3	2.0316776194E-3
8.2739884832E-2	2.8907236292E+3	2.0565621928E-3
8.4808875009E-2	2.9104131255E+3	2.0814123983E-3
8.6902698034E-2	2.9287669138E+3	2.1062278206E-3
8.9021318917E-2	2.9456856750E+3	2.1310080450E-3
9.1164702253E-2	2.9611107114E+3	2.1557526574E-3
9.3332812224E-2	2.9750415569E+3	2.1804612443E-3
9.5525612596E-2	2.9875398213E+3	2.2051333928E-3
9.7743066726E-2	2.9987174671E+3	2.2297686905E-3
9.9985137556E-2	3.0087118909E+3	2.2543667257E-3
1.0225178762E-1	3.0176540451E+3	2.2789270875E-3
1.0454297904E-1	3.0256382032E+3	2.3034493653E-3
1.0685867352E-1	3.0327020040E+3	2.3279331494E-3
1.0919883237E-1	3.0388229124E+3	2.3523780306E-3
1.1156341648E-1	3.0439327370E+3	2.3767836004E-3
1.1395238633E-1	3.0479465038E+3	2.4011494510E-3
1.1636570200E-1	3.0507973276E+3	2.4254751751E-3
1.1880332317E-1	3.0524665139E+3	2.4497603662E-3
1.2126520909E-1	3.0529990305E+3	2.4740046186E-3
1.2375131862E-1	3.0524988250E+3	2.4982075270E-3
1.2626161023E-1	3.0511050530E+3	2.5223686871E-3
1.2879604195E-1	3.0489569282E+3	2.5464876949E-3
1.3135457143E-1	3.0461591380E+3	2.5705641475E-3
1.3393715592E-1	3.0427598871E+3	2.5945976426E-3
1.3654375226E-1	3.0387493958E+3	2.6185877784E-3
1.3917431689E-1	3.0340794585E+3	2.6425341541E-3
1.4182880585E-1	3.0286969381E+3	2.6664363695E-3
1.4450717478E-1	3.0225786573E+3	2.6902940251E-3
1.4720937892E-1	3.0157542842E+3	2.7141067224E-3
1.4993537310E-1	3.0083082478E+3	2.7378740632E-3
1.5268511179E-1	3.0003600510E+3	2.7615956505E-3
1.5545854902E-1	2.9920312641E+3	2.7852710878E-3
1.5825563845E-1	2.9834130605E+3	2.8088999795E-3
1.6107633333E-1	2.9745477896E+3	2.8324819307E-3
1.6392058653E-1	2.9654318720E+3	2.8560165473E-3
1.6678835052E-1	2.9560379484E+3	2.8795034361E-3
1.6967957737E-1	2.9463458066E+3	2.9029422044E-3
1.7259421876E-1	2.9363678488E+3	2.9263324607E-3
1.7553222599E-1	2.9261576056E+3	2.9496738141E-3
1.7849354996E-1	2.9157980771E+3	2.9729658744E-3
1.8147814117E-1	2.9053766287E+3	2.9962082525E-3
1.8448594977E-1	2.8949596699E+3	3.0194005599E-3
1.8751692548E-1	2.8845798282E+3	3.0425424091E-3
1.9057101764E-1	2.8742411028E+3	3.0656334132E-3
1.9364817522E-1	2.8639376360E+3	3.0886731866E-3
1.9674834681E-1	2.8536746656E+3	3.1116613440E-3
1.9987148058E-1	2.8434796592E+3	3.1345975014E-3
2.0301752435E-1	2.8333978771E+3	3.1574812755E-3
2.0618642554E-1	2.8234762535E+3	3.1803122838E-3
2.0937813120E-1	2.8137468283E+3	3.2030901448E-3
2.1259258799E-1	2.8042210672E+3	3.2258144779E-3
2.1582974219E-1	2.7948987632E+3	3.2484849032E-3
2.1908953970E-1	2.7857847810E+3	3.2711010421E-3
2.2237192605E-1	2.7769009381E+3	3.2936625164E-3
2.2567684639E-1	2.7682831836E+3	3.3161689492E-3
2.2900424548E-1	2.7599644297E+3	3.3386199643E-3
2.3235406772E-1	2.7519544452E+3	3.3610151867E-3
2.3572625713E-1	2.7442323882E+3	3.3833542419E-3
2.3912075735E-1	2.7367605489E+3	3.4056367567E-3
2.4253751167E-1	2.7295128587E+3	3.4278623588E-3
2.4597646298E-1	2.7224988995E+3	3.4500306767E-3
2.4943755380E-1	2.7157640289E+3	3.4721413399E-3
2.5292072631E-1	2.7093609922E+3	3.4941939790E-3
2.5642592230E-1	2.7033090859E+3	3.5161882254E-3
2.5995308318E-1	2.6975691059E+3	3.5381237115E-3
2.6350215001E-1	2.6920555656E+3	3.5600000709E-3
2.6707306349E-1	2.6866834926E+3	3.5818169379E-3
2.7066576394E-1	2.6814204482E+3	3.6035739479E-3
2.7428019131E-1	2.6763055560E+3	3.6252707373E-3
2.7791628522E-1	2.6714164657E+3	3.6469069436E-3
2.8157398488E-1	2.6668019025E+3	3.6684822051E-3
2.8525322919E-1	2.6624259883E+3	3.6899961614E-3
2.8895395665E-1	2.6581679493E+3	3.7114484529E-3
2.9267610542E-1	2.6538845263E+3	3.7328387211E-3
2.9641961330E-1	2.6494950482E+3	3.7541666086E-3
3.0018441773E-1	2.6450262159E+3	3.7754317588E-3
3.0397045579E-1	2.6405773682E+3	3.7966338166E-3
3.0777766421E-1	2.6362249915E+3	3.8177724274E-3
3.1160597938E-1	2.6319352533E+3	3.8388472382E-3
3.1545533730E-1	2.6275544458E+3	3.8598578967E-3
3.1932567367E-1	2.6228926115E+3	3.8808040517E-3
3.2321692379E-1	2.6178422183E+3	3.9016853533E-3
3.2712902264E-1	2.6124391326E+3	3.9225014525E-3
3.3106190484E-1	2.6068112165E+3	3.9432520014E-3
3.3501550468E-1	2.6010475089E+3	3.9639366533E-3
3.3898975607E-1	2.5950897916E+3	3.9845550624E-3
3.4298459261E-1	2.5887385579E+3	4.0051068843E-3
3.4699994753E-1	2.5817772640E+3	4.0255917754E-3
3.5103575373E-1	2.5741187404E+3	4.0460093936E-3
3.5509194378E-1	2.5658505458E+3	4.0663593974E-3
3.5916844988E-1	2.5571334279E+3	4.0866414469E-3
3.6326520391E-1	2.5480313012E+3	4.1068552032E-3
3.6738213741E-1	2.5384167013E+3	4.1270003283E-3
3.7151918157E-1	2.5280394969E+3	4.1470764858E-3
3.7567626728E-1	2.5167080841E+3	4.1670833400E-3
3.7985332504E-1	2.5044280669E+3	4.1870205567E-3
3.8405028507E-1	2.4913713128E+3	4.2068878026E-3
3.8826707721E-1	2.4776944750E+3	4.2266847457E-3
3.9250363101E-1	2.4633650469E+3	4.2464110553E-3
3.9675987567E-1	2.4481552806E+3	4.2660664016E-3
4.0103574005E-1	2.4318178707E+3	4.2856504563E-3
4.0533115271E-1	2.4142881497E+3	4.3051628919E-3
4.0964604185E-1	2.3957238426E+3	4.3246033825E-3
4.1398033538E-1	2.3763378286E+3	4.3439716031E-3
4.1833396086E-1	2.3561752294E+3	4.3632672302E-3
4.2270684554E-1	2.3350468806E+3	4.3824899412E-3
4.2709891633E-1	2.3126895453E+3	4.4016394148E-3
4.3151009985E-1	2.2890051610E+3	4.4207153312E-3
4.3594032237E-1	2.2641469888E+3	4.4397173715E-3
4.4038950986E-1	2.2383624544E+3	4.4586452181E-3
4.4485758797E-1	2.2117418003E+3	4.4774985548E-3
4.4934448203E-1	2.1841217624E+3	4.4962770664E-3
4.5385011706E-1	2.1552458227E+3	4.5149804392E-3
4.5837441776E-1	2.1250251977E+3	4.5336083606E-3
4.6291730852E-1	2.0936360580E+3	4.5521605193E-3
4.6747871344E-1	2.0613489842E+3	4.5706366053E-3
4.7205855627E-1	2.0282618705E+3	4.5890363098E-3
4.7665676049E-1	1.9942130567E+3	4.6073593254E-3
4.8127324926E-1	1.9589692115E+3	4.6256053458E-3
4.8590794542E-1	1.9224941682E+3	4.6437740661E-3
4.9056077152E-1	1.8850138563E+3	4.6618651826E-3
4.9523164982E-1	1.8468049124E+3	4.6798783932E-3
4.9992050224E-1	1.8079314875E+3	4.6978133967E-3
5.0462725044E-1	1.7682149008E+3	4.7156698934E-3
5.0935181576E-1	1.7274712555E+3	4.7334475849E-3
5.1409411924E-1	1.6857583147E+3	4.7511461741E-3
5.1885408164E-1	1.6433589294E+3	4.7687653653E-3
5.2363162341E-1	1.6005182737E+3	4.7863048641E-3
5.2842666471E-1	1.5572278650E+3	4.8037643772E-3
5.3323912540E-1	1.5132988510E+3	4.8211436130E-3
5.3806892508E-1	1.4686414049E+3	4.8384422809E-3
5.4291598301E-1	1.4234320281E+3	4.8556600920E-3
5.4778021821E-1	1.3779777283E+3	4.8727967585E-3
5.5266154939E-1	1.3324350342E+3	4.8898519940E-3
5.5755989496E-1	1.2867096007E+3	4.9068255135E-3
5.6247517308E-1	1.2406510019E+3	4.9237170334E-3
5.6740730160E-1	1.1943115986E+3	4.9405262713E-3
5.7235619810E-1	1.1479642564E+3	4.9572529464E-3
5.7732177988E-1	1.1018615163E+3	4.9738967791E-3
5.8230396395E-1	1.0560265137E+3	4.9904574913E-3
5.8730266706E-1	1.0103240715E+3	5.0069348063E-3
5.9231780568E-1	9.6472040651E+2	5.0233284486E-3
5.9734929598E-1	9.1941378497E+2	5.0396381444E-3
6.0239705389E-1	8.7468093433E+2	5.0558636210E-3
6.0746099506E-1	8.3063407295E+2	5.0720046074E-3
6.1254103485E-1	7.8718803116E+2	5.0880608338E-3
6.1763708838E-1	7.4427044022E+2	5.1040320318E-3
6.2274907048E-1	7.0200668618E+2	5.1199179345E-3
6.2787689573E-1	6.6065097088E+2	5.1357182766E-3
6.3302047843E-1	6.2035966201E+2	5.1514327939E-3
6.3817973262E-1	5.8109712381E+2	5.1670612238E-3
6.4335457209E-1	5.4278551644E+2	5.1826033052E-3
6.4854491036E-1	5.0549701115E+2	5.1980587783E-3
6.5375066070E-1	4.6944237139E+2	5.2134273849E-3
6.5897173609E-1	4.3478197217E+2	5.2287088681E-3
6.6420804930E-1	4.0151128687E+2	5.2439029725E-3
6.6945951283E-1	3.6956220056E+2	5.2590094442E-3
6.7472603890E-1	3.3897439114E+2	5.2740280309E-3
6.8000753951E-1	3.0990998614E+2	5.2889584814E-3
6.8530392640E-1	2.8250481917E+2	5.3038005463E-3
6.9061511106E-1	2.5676357899E+2	5.3185539776E-3
6.9594100473E-1	2.3263122873E+2	5.3332185287E-3
7.0128151841E-1	2.1012963166E+2	5.3477939546E-3
7.0663656285E-1	1.8937280536E+2	5.3622800116E-3
7.1200604856E-1	1.7045421566E+2	5.3766764577E-3
7.1738988581E-1	1.5337077456E+2	5.3909830523E-3
7.2278798463E-1	1.3807933890E+2	5.4051995564E-3
7.2820025482E-1	1.2459133239E+2	5.4193257323E-3
7.3362660591E-1	1.1297267569E+2	5.4333613439E-3
7.3906694724E-1	1.0326484566E+2	5.4473061568E-3
7.4452118788E-1	9.5448690449E+1	5.4611599379E-3
7.4998923669E-1	8.9491953542E+1	5.4749224557E-3
7.5547100229E-1	8.5396171895E+1	5.4885934801E-3
7.6096639308E-1	8.3176252204E+1	5.5021727828E-3
7.6647531721E-1	8.2819255790E+1	5.5156601367E-3
7.7199768263E-1	8.4291605645E+1	5.5290553166E-3
7.7753339704E-1	8.7572172602E+1	5.5423580985E-3
7.8308236795E-1	9.2646537420E+1	5.5555682601E-3
7.8864450262E-1	9.9473607637E+1	5.5686855808E-3
7.9421970809E-1	1.0799204464E+2	5.5817098412E-3
7.9980789121E-1	1.1816459146E+2	5.5946408237E-3
8.0540895857E-1	1.2998023584E+2	5.6074783123E-3
8.1102281659E-1	1.4339601205E+2	5.6202220924E-3
8.1664937145E-1	1.5831180762E+2	5.6328719509E-3
8.2228852912E-1	1.7463477842E+2	5.6454276767E-3
8.2794019536E-1	1.9234007754E+2	5.6578890597E-3
8.3360427572E-1	2.1141953132E+2	5.6702558918E-3
8.3928067556E-1	2.3178453317E+2	5.6825279663E-3
8.4496930000E-1	2.5328185480E+2	5.6947050782E-3
8.5067005399E-1	2.7581574730E+2	5.7067870238E-3
8.5638284226E-1	2.9938728554E+2	5.7187736014E-3
8.6210756934E-1	3.2397281140E+2	5.7306646105E-3
8.6784413956E-1	3.4942313985E+2	5.7424598526E-3
8.7359245705E-1	3.7555460234E+2	5.7541591304E-3
8.7935242576E-1	4.0230400935E+2	5.7657622485E-3
8.8512394943E-1	4.2969791323E+2	5.7772690129E-3
8.9090693161E-1	4.5766823857E+2	5.7886792314E-3
8.9670127565E-1	4.8600484059E+2	5.7999927133E-3
9.0250688473E-1	5.1453648137E+2	5.8112092696E-3
9.0832366182E-1	5.4326122612E+2	5.8223287127E-3
9.1415150972E-1	5.7220697135E+2	5.8333508568E-3
9.1999033104E-1	6.0123274395E+2	5.8442755178E-3
9.2584002820E-1	6.3009568734E+2	5.8551025132E-3
9.3170050345E-1	6.5869140189E+2	5.8658316618E-3
9.3757165885E-1	6.8708098368E+2	5.8764627846E-3
9.4345339628E-1	7.1524756276E+2	5.8869957037E-3
9.4934561746E-1	7.4297163145E+2	5.8974302433E-3
9.5524822392E-1	7.7003910444E+2	5.9077662288E-3
9.6116111701E-1	7.9645327557E+2	5.9180034877E-3
9.6708419793E-1	8.2229817397E+2	5.9281418487E-3
9.7301736769E-1	8.4746619719E+2	5.9381811425E-3
9.7896052713E-1	8.7169958815E+2	5.9481212013E-3
9.8491357695E-1	8.9488914908E+2	5.9579618591E-3
9.9087641766E-1	9.1713977229E+2	5.9677029512E-3
9.9684894961E-1	9.3848523067E+2	5.9773443150E-3
1.0028310730E+0	9.5872043525E+2	5.9868857894E-3
1.0088226878E+0	9.7763706014E+2	5.9963272149E-3
1.0148236940E+0	9.9527710141E+2	6.0056684336E-3
1.0208339913E+0	1.0117772774E+3	6.0149092896E-3
1.0268534791E+0	1.0270579352E+3	6.0240496283E-3
1.0328820570E+0	1.0408797150E+3	6.0330892971E-3
1.0389196241E+0	1.0531792753E+3	6.0420281448E-3
1.0449660796E+0	1.0641193403E+3	6.0508660221E-3
1.0510213224E+0	1.0737637023E+3	6.0596027814E-3
1.0570852514E+0	1.0819253871E+3	6.0682382765E-3
1.0631577652E+0	1.0884488617E+3	6.0767723631E-3
1.0692387623E+0	1.0934489963E+3	6.0852048988E-3
1.0753281411E+0	1.0970978690E+3	6.0935357425E-3
1.0814257998E+0	1.0993214866E+3	6.1017647550E-3
1.0875316366E+0	1.0999257971E+3	6.1098917988E-3
1.0936455494E+0	1.0989369508E+3	6.1179167381E-3
1.0997674360E+0	1.0965710575E+3	6.1258394388E-3
1.1058971941E+0	1.0928854685E+3	6.1336597685E-3
1.1120347214E+0	1.0877130792E+3	6.1413775965E-3
1.1181799151E+0	1.0809917875E+3	6.1489927938E-3
1.1243326727E+0	1.0729175425E+3	6.1565052331E-3
1.1304928913E+0	1.0636570934E+3	6.1639147890E-3
1.1366604679E+0	1.0531215506E+3	6.1712213376E-3
1.1428352996E+0	1.0411924904E+3	6.1784247568E-3
1.1490172830E+0	1.0280024088E+3	6.1855249261E-3
1.1552063150E+0	1.0137808742E+3	6.1925217271E-3
1.1614022920E+0	9.9854031282E+2	6.1994150427E-3
1.1676051105E+0	9.8215106679E+2	6.2062047577E-3
1.1738146669E+0	9.6466730536E+2	6.2128907587E-3
1.1800308574E+0	9.4632940744E+2	6.2194729339E-3
1.1862535782E+0	9.2724521986E+2	6.2259511734E-3
1.1924827251E+0	9.0731474611E+2	6.2323253688E-3
1.1987181942E+0	8.8652352076E+2	6.2385954138E-3
1.2049598812E+0	8.6508033767E+2	6.2447612034E-3
1.2112076818E+0	8.4316173415E+2	6.2508226346E-3
1.2174614916E+0	8.2072314400E+2	6.2567796062E-3
1.2237212062E+0	7.9770573320E+2	6.2626320186E-3
1.2299867208E+0	7.7426155219E+2	6.2683797740E-3
1.2362579308E+0	7.5059983674E+2	6.2740227763E-3
1.2425347314E+0	7.2673878437E+2	6.2795609313E-3
1.2488170177E+0	7.0260315703E+2	6.2849941464E-3
1.2551046847E+0	6.7828096239E+2	6.2903223308E-3
1.2613976273E+0	6.5397935523E+2	6.2955453954E-3
1.2676957404E+0	6.2977082672E+2	6.3006632530E-3
1.2739989187E+0	6.0558707101E+2	6.3056758180E-3
1.2803070569E+0	5.8145858888E+2	6.3105830068E-3
1.2866200496E+0	5.5756384806E+2	6.3153847371E-3
1.2929377912E+0	5.3401117520E+2	6.3200809290E-3
1.2992601762E+0	5.1075348716E+2	6.3246715037E-3
1.3055870990E+0	4.8777824055E+2	6.3291563847E-3
1.3119184537E+0	4.6521975310E+2	6.3335354970E-3
1.3182541347E+0	4.4320018119E+2	6.3378087674E-3
1.3245940360E+0	4.2169813321E+2	6.3419761245E-3
1.3309380516E+0	4.0067475041E+2	6.3460374987E-3
1.3372860756E+0	3.8021557657E+2	6.3499928220E-3
1.3436380019E+0	3.6043637633E+2	6.3538420284E-3
1.3499937243E+0	3.4133786689E+2	6.3575850535E-3
1.3563531366E+0	3.2286968769E+2	6.3612218349E-3
1.3627161325E+0	3.0507249282E+2	6.3647523117E-3
1.3690826057E+0	2.8804066332E+2	6.3681764249E-3
1.3754524499E+0	2.7178843114E+2	6.3714941173E-3
1.3818255585E+0	2.5626451159E+2	6.3747053335E-3
1.3882018250E+0	2.4147389484E+2	6.3778100198E-3
1.3945811430E+0	2.2748129136E+2	6.3808081243E-3
1.4009634057E+0	2.1430406293E+2	6.3836995970E-3
1.4073485066E+0	2.0189568994E+2	6.3864843894E-3
1.4137363389E+0	1.9023696718E+2	6.3891624551E-3
1.4201267959E+0	1.7936122883E+2	6.3917337493E-3
1.4265197708E+0	1.6927949364E+2	6.3941982290E-3
1.4329151568E+0	1.5995136812E+2	6.3965558531E-3
1.4393128469E+0	1.5134466957E+2	6.3988065821E-3
1.4457127343E+0	1.4346503598E+2	6.4009503785E-3
1.4521147120E+0	1.3631041340E+2	6.4029872063E-3
1.4585186731E+0	1.2984480554E+2	6.4049170317E-3
1.4649245104E+0	1.2403233855E+2	6.4067398222E-3
1.4713321170E+0	1.1885827478E+2	6.4084555476E-3
1.4777413858E+0	1.1430439957E+2	6.4100641790E-3
1.4841522097E+0	1.1033576529E+2	6.4115656896E-3
1.4905644815E+0	1.0691929444E+2	6.4129600544E-3
1.4969780940E+0	1.0402896693E+2	6.4142472499E-3
1.5033929402E+0	1.0163103997E+2	6.4154272548E-3
1.5098089128E+0	9.9688018639E+1	6.4165000493E-3
1.5162259046E+0	9.8173119523E+1	6.4174656154E-3
1.5226438083E+0	9.7058206847E+1	6.4183239370E-3
1.5290625167E+0	9.6297819665E+1	6.4190749998E-3
1.5354819225E+0	9.5849152508E+1	6.4197187912E-3
1.5419019185E+0	9.5692533818E+1	6.4202553005E-3
1.5483223974E+0	9.5805600299E+1	6.4206845187E-3
1.5547432518E+0	9.6137218978E+1	6.4210064386E-3
1.5611643745E+0	9.6638042275E+1	6.4212210549E-3
1.5675856581E+0	9.7294274594E+1	6.4213283639E-3
1.5740069954E+0	9.8095008521E+1	6.4213283639E-3
1.5804282791E+0	9.8990585299E+1	6.4212210549E-3
1.5868494018E+0	9.9925721687E+1	6.4210064386E-3
1.5932702562E+0	1.0088999638E+2	6.4206845187E-3
1.5996907351E+0	1.0188695499E+2	6.4202553005E-3
1.6061107310E+0	1.0287550225E+2	6.4197187912E-3
1.6125301369E+0	1.0379681198E+2	6.4190749998E-3
1.6189488453E+0	1.0464088818E+2	6.4183239370E-3
1.6253667490E+0	1.0542597382E+2	6.4174656154E-3
1.6317837408E+0	1.0612552314E+2	6.4165000493E-3
1.6381997134E+0	1.0668099542E+2	6.4154272548E-3
1.6446145595E+0	1.0708017489E+2	6.4142472499E-3
1.6510281721E+0	1.0735379454E+2	6.4129600544E-3
1.6574404439E+0	1.0749391171E+2	6.4115656896E-3
1.6638512678E+0	1.0744696051E+2	6.4100641790E-3
1.6702605366E+0	1.0719676813E+2	6.4084555476E-3
1.6766681432E+0	1.0678249366E+2	6.4067398222E-3
1.6830739805E+0	1.0621637531E+2	6.4049170317E-3
1.6894779416E+0	1.0545464719E+2	6.4029872063E-3
1.6958799193E+0	1.0447674145E+2	6.4009503785E-3
1.7022798067E+0	1.0332512915E+2	6.3988065821E-3
1.7086774968E+0	1.0203113002E+2	6.3965558531E-3
1.7150728827E+0	1.0056495596E+2	6.3941982290E-3
1.7214658576E+0	9.8902640451E+1	6.3917337493E-3
1.7278563146E+0	9.7084718901E+1	6.3891624551E-3
1.7342441470E+0	9.5157981323E+1	6.3864843894E-3
1.7406292478E+0	9.3109396935E+1	6.3836995970E-3
1.7470115106E+0	9.0913873103E+1	6.3808081243E-3
1.7533908286E+0	8.8605532195E+1	6.3778100198E-3
1.7597670951E+0	8.6241042141E+1	6.3747053335E-3
1.7661402037E+0	8.3824904309E+1	6.3714941173E-3
1.7725100479E+0	8.1334002277E+1	6.3681764249E-3
1.7788765211E+0	7.8793098834E+1	6.3647523117E-3
1.7852395170E+0	7.6262024734E+1	6.3612218349E-3
1.7915989293E+0	7.3761237598E+1	6.3575850535E-3
1.7979546517E+0	7.1272830859E+1	6.3538420284E-3
1.8043065780E+0	6.8811261552E+1	6.3499928220E-3
1.8106546020E+0	6.6432773495E+1	6.3460374987E-3
1.8169986176E+0	6.4169879334E+1	6.3419761245E-3
1.8233385189E+0	6.2012399023E+1	6.3378087674E-3
1.8296741999E+0	5.9965594658E+1	6.3335354970E-3
1.8360055546E+0	5.8076505426E+1	6.3291563847E-3
1.8423324774E+0	5.6383956456E+1	6.3246715037E-3
1.8486548624E+0	5.4886462661E+1	6.3200809290E-3
1.8549726040E+0	5.3582821878E+1	6.3153847371E-3
1.8612855967E+0	5.2507402586E+1	6.3105830068E-3
1.8675937349E+0	5.1698710944E+1	6.3056758180E-3
1.8738969132E+0	5.1162785736E+1	6.3006632530E-3
1.8801950263E+0	5.0895396814E+1	6.2955453954E-3
1.8864879689E+0	5.0917540410E+1	6.2903223308E-3
1.8927756359E+0	5.1261210962E+1	6.2849941464E-3
1.8990579222E+0	5.1936563460E+1	6.2795609313E-3
1.9053347228E+0	5.2939247486E+1	6.2740227763E-3
1.9116059328E+0	5.4278903922E+1	6.2683797740E-3
1.9178714474E+0	5.5976712952E+1	6.2626320186E-3
1.9241311620E+0	5.8041896526E+1	6.2567796062E-3
1.9303849718E+0	6.0471124016E+1	6.2508226346E-3
1.9366327724E+0	6.3266560743E+1	6.2447612034E-3
1.9428744594E+0	6.6437336730E+1	6.2385954138E-3
1.9491099285E+0	6.9986388780E+1	6.2323253688E-3
1.9553390754E+0	7.3909992596E+1	6.2259511734E-3
1.9615617961E+0	7.8206986145E+1	6.2194729339E-3
1.9677779867E+0	8.2876692936E+1	6.2128907587E-3
1.9739875431E+0	8.7911970915E+1	6.2062047577E-3
1.9801903616E+0	9.3304881733E+1	6.1994150427E-3
1.9863863386E+0	9.9053404685E+1	6.1925217271E-3
1.9925753706E+0	1.0515200814E+2	6.1855249261E-3
1.9987573540E+0	1.1158306222E+2	6.1784247568E-3
2.0049321857E+0	1.1832957144E+2	6.1712213376E-3
2.0110997623E+0	1.2538787115E+2	6.1639147890E-3
2.0172599809E+0	1.3275316920E+2	6.1565052331E-3
2.0234127385E+0	1.4040127559E+2	6.1489927938E-3
2.0295579322E+0	1.4830275139E+2	6.1413775965E-3
2.0356954595E+0	1.5644795552E+2	6.1336597685E-3
2.0418252176E+0	1.6483617646E+2	6.1258394388E-3
2.0479471042E+0	1.7344414754E+2	6.1179167381E-3
2.0540610170E+0	1.8223083264E+2	6.1098917988E-3
2.0601668538E+0	1.9117443593E+2	6.1017647550E-3
2.0662645125E+0	2.0027683999E+2	6.0935357425E-3
2.0723538913E+0	2.0952383368E+2	6.0852048988E-3
2.0784348884E+0	2.1886950528E+2	6.0767723631E-3
2.0845074022E+0	2.2827552953E+2	6.0682382765E-3
2.0905713312E+0	2.3773942902E+2	6.0596027814E-3
2.0966265740E+0	2.4726042993E+2	6.0508660221E-3
2.1026730295E+0	2.5679927073E+2	6.0420281448E-3
2.1087105966E+0	2.6630283436E+2	6.0330892971E-3
2.1147391745E+0	2.7575449649E+2	6.0240496283E-3
2.1207586623E+0	2.8516362528E+2	6.0149092896E-3
2.1267689596E+0	2.9450939234E+2	6.0056684336E-3
2.1327699657E+0	3.0373419698E+2	5.9963272149E-3
2.1387615806E+0	3.1280048137E+2	5.9868857894E-3
2.1447437040E+0	3.2171615524E+2	5.9773443150E-3
2.1507162359E+0	3.3048402635E+2	5.9677029512E-3
2.1566790766E+0	3.3905876055E+2	5.9579618591E-3
2.1626321265E+0	3.4738468715E+2	5.9481212013E-3
2.1685752859E+0	3.5545318692E+2	5.9381811425E-3
2.1745084557E+0	3.6328382014E+2	5.9281418487E-3
2.1804315366E+0	3.7085903018E+2	5.9180034877E-3
2.1863444297E+0	3.7812033138E+2	5.9077662288E-3
2.1922470361E+0	3.8503359942E+2	5.8974302433E-3
2.1981392573E+0	3.9161681339E+2	5.8869957037E-3
2.2040209947E+0	3.9788408295E+2	5.8764627846E-3
2.2098921501E+0	4.0379675662E+2	5.8658316618E-3
2.2157526254E+0	4.0930156243E+2	5.8551025132E-3
2.2216023226E+0	4.1439457798E+2	5.8442755178E-3
2.2274411439E+0	4.1910763375E+2	5.8333508568E-3
2.2332689918E+0	4.2343877715E+2	5.8223287127E-3
2.2390857689E+0	4.2733838092E+2	5.8112092696E-3
2.2448913779E+0	4.3077319217E+2	5.7999927133E-3
2.2506857220E+0	4.3376624607E+2	5.7886792314E-3
2.2564687042E+0	4.3634938022E+2	5.7772690129E-3
2.2622402278E+0	4.3850379790E+2	5.7657622485E-3
2.2680001965E+0	4.4018226903E+2	5.7541591304E-3
2.2737485140E+0	4.4137755972E+2	5.7424598526E-3
2.2794850843E+0	4.4212986522E+2	5.7306646105E-3
2.2852098113E+0	4.4246234836E+2	5.7187736014E-3
2.2909225996E+0	4.4234542506E+2	5.7067870238E-3
2.2966233536E+0	4.4174438202E+2	5.6947050782E-3
2.3023119780E+0	4.4067596044E+2	5.6825279663E-3
2.3079883779E+0	4.3918726338E+2	5.6702558918E-3
2.3136524582E+0	4.3729049007E+2	5.6578890597E-3
2.3193041245E+0	4.3495318282E+2	5.6454276767E-3
2.3249432821E+0	4.3215744432E+2	5.6328719509E-3
2.3305698370E+0	4.2893760653E+2	5.6202220924E-3
2.3361836950E+0	4.2534051202E+2	5.6074783123E-3
2.3417847624E+0	4.2136946968E+2	5.5946408237E-3
2.3473729455E+0	4.1699527007E+2	5.5817098412E-3
2.3529481510E+0	4.1221603533E+2	5.5686855808E-3
2.3585102856E+0	4.0707652951E+2	5.5555682601E-3
2.3640592565E+0	4.0161992280E+2	5.5423580985E-3
2.3695949710E+0	3.9584433166E+2	5.5290553166E-3
2.3751173364E+0	3.8972678778E+2	5.5156601367E-3
2.3806262605E+0	3.8327763412E+2	5.5021727828E-3
2.3861216513E+0	3.7654615414E+2	5.4885934801E-3
2.3916034169E+0	3.6957121355E+2	5.4749224557E-3
2.3970714657E+0	3.6234914638E+2	5.4611599379E-3
2.4025257064E+0	3.5486345772E+2	5.4473061568E-3
2.4079660477E+0	3.4713186673E+2	5.4333613439E-3
2.4133923988E+0	3.3920402462E+2	5.4193257323E-3
2.4188046690E+0	3.3111527929E+2	5.4051995564E-3
2.4242027678E+0	3.2286254726E+2	5.3909830523E-3
2.4295866050E+0	3.1443437700E+2	5.3766764577E-3
2.4349560907E+0	3.0585120764E+2	5.3622800116E-3
2.4403111352E+0	2.9716031463E+2	5.3477939546E-3
2.4456516489E+0	2.8839466058E+2	5.3332185287E-3
2.4509775425E+0	2.7955311385E+2	5.3185539776E-3
2.4562887272E+0	2.7062730236E+2	5.3038005463E-3
2.4615851141E+0	2.6163649006E+2	5.2889584814E-3
2.4668666147E+0	2.5262362105E+2	5.2740280309E-3
2.4721331408E+0	2.4362009486E+2	5.2590094442E-3
2.4773846043E+0	2.3462746838E+2	5.2439029725E-3
2.4826209175E+0	2.2563881458E+2	5.2287088681E-3
2.4878419929E+0	2.1666931662E+2	5.2134273849E-3
2.4930477432E+0	2.0775591130E+2	5.1980587783E-3
2.4982380815E+0	1.9892858227E+2	5.1826033052E-3
2.5034129210E+0	1.9019197016E+2	5.1670612238E-3
2.5085721752E+0	1.8153981227E+2	5.1514327939E-3
2.5137157579E+0	1.7298145834E+2	5.1357182766E-3
2.5188435831E+0	1.6454623462E+2	5.1199179345E-3
2.5239555652E+0	1.5626197782E+2	5.1040320318E-3
2.5290516187E+0	1.4813646624E+2	5.0880608338E-3
2.5341316585E+0	1.4016432291E+2	5.0720046074E-3
2.5391955997E+0	1.3234868178E+2	5.0558636210E-3
2.5442433576E+0	1.2470992479E+2	5.0396381444E-3
2.5492748479E+0	1.1727211824E+2	5.0233284486E-3
2.5542899865E+0	1.1004557709E+2	5.0069348063E-3
2.5592886896E+0	1.0302672029E+2	4.9904574913E-3
2.5642708737E+0	9.6213602574E+1	4.9738967791E-3
2.5692364555E+0	8.9617184745E+1	4.9572529464E-3
2.5741853520E+0	8.3255614126E+1	4.9405262713E-3
2.5791174805E+0	7.7140084350E+1	4.9237170334E-3
2.5840327586E+0	7.1269585086E+1	4.9068255135E-3
2.5889311042E+0	6.5639473669E+1	4.8898519940E-3
2.5938124354E+0	6.0252379209E+1	4.8727967585E-3
2.5986766706E+0	5.5118799732E+1	4.8556600920E-3
2.6035237285E+0	5.0248124350E+1	4.8384422809E-3
2.6083535282E+0	4.5641486657E+1	4.8211436130E-3
2.6131659889E+0	4.1294116901E+1	4.8037643772E-3
2.6179610302E+0	3.7203138578E+1	4.7863048641E-3
2.6227385719E+0	3.3371388866E+1	4.7687653653E-3
2.6274985343E+0	2.9803768224E+1	4.7511461741E-3
2.6322408378E+0	2.6501445030E+1	4.7334475849E-3
2.6369654032E+0	2.3460632370E+1	4.7156698934E-3
2.6416721513E+0	2.0676368836E+1	4.6978133967E-3
2.6463610038E+0	1.8146175220E+1	4.6798783932E-3
2.6510318821E+0	1.5869635936E+1	4.6618651826E-3
2.6556847082E+0	1.3845311604E+1	4.6437740661E-3
2.6603194043E+0	1.2069119946E+1	4.6256053458E-3
2.6649358931E+0	1.0535740436E+1	4.6073593254E-3
2.6695340973E+0	9.2406792806E+0	4.5890363098E-3
2.6741139402E+0	8.1802560712E+0	4.5706366053E-3
2.6786753451E+0	7.3498360117E+0	4.5521605193E-3
2.6832182358E+0	6.7429595469E+0	4.5336083606E-3
2.6877425365E+0	6.3527376312E+0	4.5149804392E-3
2.6922481716E+0	6.1737684620E+0	4.4962770664E-3
2.6967350656E+0	6.2019519972E+0	4.4774985548E-3
2.7012031437E+0	6.4320949666E+0	4.4586452181E-3
2.7056523312E+0	6.8560509936E+0	4.4397173715E-3
2.7100825537E+0	7.4638535481E+0	4.4207153312E-3
2.7144937373E+0	8.2469969957E+0	4.4016394148E-3
2.7188858081E+0	9.2003677831E+0	4.3824899412E-3
2.7232586927E+0	1.0320474251E+1	4.3632672302E-3
2.7276123182E+0	1.1601519353E+1	4.3439716031E-3
2.7319466117E+0	1.3033344894E+1	4.3246033825E-3
2.7362615009E+0	1.4603618937E+1	4.3051628919E-3
2.7405569135E+0	1.6302385715E+1	4.2856504563E-3
2.7448327779E+0	1.8124534813E+1	4.2660664016E-3
2.7490890226E+0	2.0067588544E+1	4.2464110553E-3
2.7533255764E+0	2.2126737248E+1	4.2266847457E-3
2.7575423685E+0	2.4291821705E+1	4.2068878026E-3
2.7617393285E+0	2.6549257611E+1	4.1870205567E-3
2.7659163863E+0	2.8887301833E+1	4.1670833400E-3
2.7700734720E+0	3.1299874760E+1	4.1470764858E-3
2.7742105162E+0	3.3785379921E+1	4.1270003283E-3
2.7783274497E+0	3.6341486503E+1	4.1068552032E-3
2.7824242037E+0	3.8960497863E+1	4.0866414469E-3
2.7865007098E+0	4.1629437549E+1	4.0663593974E-3
2.7905568999E+0	4.4334851280E+1	4.0460093936E-3
2.7945927061E+0	4.7068216091E+1	4.0255917754E-3
2.7986080610E+0	4.9827324273E+1	4.0051068843E-3
2.8026028975E+0	5.2612463672E+1	3.9845550624E-3
2.8065771489E+0	5.5420610929E+1	3.9639366533E-3
2.8105307487E+0	5.8242463381E+1	3.9432520014E-3
2.8144636309E+0	6.1064729387E+1	3.9225014525E-3
2.8183757298E+0	6.3875787044E+1	3.9016853533E-3
2.8222669799E+0	6.6670146907E+1	3.8808040517E-3
2.8261373163E+0	6.9448198627E+1	3.8598578967E-3
2.8299866742E+0	7.2211518419E+1	3.8388472382E-3
2.8338149894E+0	7.4957458876E+1	3.8177724274E-3
2.8376221978E+0	7.7677179733E+1	3.7966338166E-3
2.8414082359E+0	8.0358535552E+1	3.7754317588E-3
2.8451730403E+0	8.2991547801E+1	3.7541666086E-3
2.8489165482E+0	8.5572346689E+1	3.7328387211E-3
2.8526386969E+0	8.8102738864E+1	3.7114484529E-3
2.8563394244E+0	9.0585845137E+1	3.6899961614E-3
2.8600186687E+0	9.3021054303E+1	3.6684822051E-3
2.8636763684E+0	9.5401879815E+1	3.6469069436E-3
2.8673124623E+0	9.7718112142E+1	3.6252707373E-3
2.8709268897E+0	9.9960626124E+1	3.6035739479E-3
2.8745195901E+0	1.0212546385E+2	3.5818169379E-3
2.8780905036E+0	1.0421446658E+2	3.5600000709E-3
2.8816395704E+0	1.0623217578E+2	3.5381237115E-3
2.8851667313E+0	1.0818120347E+2	3.5161882254E-3
2.8886719273E+0	1.1005914701E+2	3.4941939790E-3
2.8921550998E+0	1.1185895311E+2	3.4721413399E-3
2.8956161906E+0	1.1357233490E+2	3.4500306767E-3
2.8990551419E+0	1.1519395289E+2	3.4278623588E-3
2.9024718962E+0	1.1672373303E+2	3.4056367567E-3
2.9058663965E+0	1.1816599792E+2	3.3833542419E-3
2.9092385859E+0	1.1952610279E+2	3.3610151867E-3
2.9125884081E+0	1.2080671361E+2	3.3386199643E-3
2.9159158072E+0	1.2200593045E+2	3.3161689492E-3
2.9192207275E+0	1.2311823382E+2	3.2936625164E-3
2.9225031139E+0	1.2413754465E+2	3.2711010421E-3
2.9257629114E+0	1.2506054166E+2	3.2484849032E-3
2.9290000656E+0	1.2588836772E+2	3.2258144779E-3
2.9322145224E+0	1.2662588362E+2	3.2030901448E-3
2.9354062280E+0	1.2727902814E+2	3.1803122838E-3
2.9385751292E+0	1.2785181907E+2	3.1574812755E-3
2.9417211730E+0	1.2834459791E+2	3.1345975014E-3
2.9448443068E+0	1.2875434275E+2	3.1116613440E-3
2.9479444784E+0	1.2907674280E+2	3.0886731866E-3
2.9510216360E+0	1.2930885967E+2	3.0656334132E-3
2.9540757281E+0	1.2945100347E+2	3.0425424091E-3
2.9571067038E+0	1.2950695529E+2	3.0194005599E-3
2.9601145124E+0	1.2948254787E+2	2.9962082525E-3
2.9630991036E+0	1.2938340440E+2	2.9729658744E-3
2.9660604276E+0	1.2921296140E+2	2.9496738141E-3
2.9689984348E+0	1.2897166603E+2	2.9263324607E-3
2.9719130762E+0	1.2865761729E+2	2.9029422044E-3
2.9748043031E+0	1.2826824439E+2	2.8795034361E-3
2.9776720671E+0	1.2780219314E+2	2.8560165473E-3
2.9805163203E+0	1.2726057887E+2	2.8324819307E-3
2.9833370151E+0	1.2664711923E+2	2.8088999795E-3
2.9861341046E+0	1.2596718472E+2	2.7852710878E-3
2.9889075418E+0	1.2522625439E+2	2.7615956505E-3
2.9916572805E+0	1.2442845936E+2	2.7378740632E-3
2.9943832747E+0	1.2357578964E+2	2.7141067224E-3
2.9970854788E+0	1.2266821533E+2	2.6902940251E-3
2.9997638477E+0	1.2170458855E+2	2.6664363695E-3
3.0024183367E+0	1.2068390666E+2	2.6425341541E-3
3.0050489013E+0	1.1960642608E+2	2.6185877784E-3
3.0076554977E+0	1.1847422744E+2	2.5945976426E-3
3.0102380822E+0	1.1729107861E+2	2.5705641475E-3
3.0127966116E+0	1.1606171296E+2	2.5464876949E-3
3.0153310434E+0	1.1479083418E+2	2.5223686871E-3
3.0178413350E+0	1.1348221797E+2	2.4982075270E-3
3.0203274445E+0	1.1213820345E+2	2.4740046186E-3
3.0227893304E+0	1.1075970130E+2	2.4497603662E-3
3.0252269516E+0	1.0934665992E+2	2.4254751751E-3
3.0276402673E+0	1.0789879017E+2	2.4011494510E-3
3.0300292371E+0	1.0641629192E+2	2.3767836004E-3
3.0323938212E+0	1.0490035709E+2	2.3523780306E-3
3.0347339801E+0	1.0335332083E+2	2.3279331494E-3
3.0370496746E+0	1.0177845516E+2	2.3034493653E-3
3.0393408660E+0	1.0017950579E+2	2.2789270875E-3
3.0416075160E+0	9.8560134331E+1	2.2543667257E-3
3.0438495869E+0	9.6923432948E+1	2.2297686905E-3
3.0460670410E+0	9.5271635820E+1	2.2051333928E-3
3.0482598414E+0	9.3606080567E+1	2.1804612443E-3
3.0504279513E+0	9.1927398691E+1	2.1557526574E-3
3.0525713347E+0	9.0235857016E+1	2.1310080450E-3
3.0546899556E+0	8.8531744475E+1	2.1062278206E-3
3.0567837786E+0	8.6815702339E+1	2.0814123983E-3
3.0588527688E+0	8.5088924747E+1	2.0565621928E-3
3.0608968915E+0	8.3353198557E+1	2.0316776194E-3
3.0629161127E+0	8.1610794333E+1	2.0067590939E-3
3.0649103985E+0	7.9864253239E+1	1.9818070327E-3
3.0668797157E+0	7.8116131475E+1	1.9568218529E-3
3.0688240313E+0	7.6368763879E+1	1.9318039720E-3
3.0707433129E+0	7.4624094369E+1	1.9067538080E-3
3.0726375283E+0	7.2883599065E+1	1.8816717796E-3
3.0745066460E+0	7.1148304374E+1	1.8565583060E-3
3.0763506346E+0	6.9418882637E+1	1.8314138067E-3
3.0781694634E+0	6.7695795313E+1	1.8062387021E-3
3.0799631019E+0	6.5979449422E+1	1.7810334128E-3
3.0817315203E+0	6.4270336226E+1	1.7557983600E-3
3.0834746889E+0	6.2569129693E+1	1.7305339655E-3
3.0851925786E+0	6.0876733500E+1	1.7052406515E-3
3.0868851607E+0	5.9194276516E+1	1.6799188405E-3
3.0885524069E+0	5.7523065745E+1	1.6545689559E-3
3.0901942894E+0	5.5864511412E+1	1.6291914212E-3
3.0918107807E+0	5.4220040927E+1	1.6037866605E-3
3.0934018538E+0	5.2591017223E+1	1.5783550984E-3
3.0949674821E+0	5.0978673415E+1	1.5528971598E-3
3.0965076394E+0	4.9384070920E+1	1.5274132703E-3
3.0980223001E+0	4.7808083263E+1	1.5019038556E-3
3.0995114388E+0	4.6251403518E+1	1.4763693421E-3
3.1009750306E+0	4.4714570309E+1	1.4508101565E-3
3.1024130510E+0	4.3198005634E+1	1.4252267258E-3
3.1038254761E+0	4.1702057488E+1	1.3996194778E-3
3.1052122822E+0	4.0227041004E+1	1.3739888402E-3
3.1065734461E+0	3.8773273287E+1	1.3483352414E-3
3.1079089451E+0	3.7341098923E+1	1.3226591101E-3
3.1092187570E+0	3.5930904945E+1	1.2969608754E-3
3.1105028597E+0	3.4543125591E+1	1.2712409668E-3
3.1117612318E+0	3.3178238354E+1	1.2454998140E-3
3.1129938524E+0	3.1836753548E+1	1.2197378472E-3
3.1142007007E+0	3.0519199890E+1	1.1939554970E-3
3.1153817567E+0	2.9226108500E+1	1.1681531941E-3
3.1165370006E+0	2.7957997394E+1	1.1423313699E-3
3.1176664131E+0	2.6715358020E+1	1.1164904558E-3
3.1187699753E+0	2.5498644833E+1	1.0906308836E-3
3.1198476688E+0	2.4308268364E+1	1.0647530855E-3
3.1208994755E+0	2.3144591789E+1	1.0388574939E-3
3.1219253780E+0	2.2007930639E+1	1.0129445417E-3
3.1229253590E+0	2.0898555084E+1	9.8701466182E-4
3.1238994018E+0	1.9816694107E+1	9.6106828758E-4
3.1248474902E+0	1.8762540863E+1	9.3510585261E-4
3.1257696083E+0	1.7736258583E+1	9.0912779076E-4
3.1266657407E+0	1.6737986481E+1	8.8313453619E-4
3.1275358724E+0	1.5767845252E+1	8.5712652325E-4
3.1283799890E+0	1.4825941877E+1	8.3110418659E-4
3.1291980762E+0	1.3912373589E+1	8.0506796108E-4
3.1299901204E+0	1.3027230933E+1	7.7901828182E-4
3.1307561084E+0	1.2170599965E+1	7.5295558414E-4
3.1314960274E+0	1.1342563669E+1	7.2688030358E-4
3.1322098650E+0	1.0543202727E+1	7.0079287589E-4
3.1328976092E+0	9.7725957695E+0	6.7469373705E-4
3.1335592487E+0	9.0308192573E+0	6.4858332323E-4
3.1341947723E+0	8.3179471231E+0	6.2246207073E-4
3.1348041694E+0	7.6340502833E+0	5.9633041614E-4
3.1353874298E+0	6.9791961134E+0	5.7018879612E-4
3.1359445438E+0	6.3534479550E+0	5.4403764760E-4
3.1364755020E+0	5.7568647032E+0	5.1787740760E-4
3.1369802957E+0	5.1895005020E+0	4.9170851331E-4
3.1374589163E+0	4.6514045620E+0	4.6553140213E-4
3.1379113559E+0	4.1426211004E+0	4.3934651156E-4
3.1383376069E+0	3.6631893952E+0	4.1315427928E-4
3.1387376622E+0	3.2131439395E+0	3.8695514312E-4
3.1391115150E+0	2.7925146790E+0	3.6074954110E-4
3.1394591592E+0	2.4013273126E+0	3.3453791144E-4
3.1397805890E+0	2.0396036376E+0	3.0832069259E-4
3.1400757989E+0	1.7073619230E+0	2.8209832342E-4
3.1403447841E+0	1.4046172935E+0	2.5587124334E-4
3.1405875400E+0	1.1313821120E+0	2.2963989267E-4
3.1408040626E+0	8.8766634873E-1	2.0340471372E-4
3.1409943483E+0	6.7347792752E-1	1.7716615272E-4
3.1411583939E+0	4.8882304013E-1	1.5092466531E-4
3.1412961968E+0	3.3370641688E-1	1.2468073282E-4
3.1414077547E+0	2.0813152507E-1	9.8434919423E-5
3.1414930663E+0	1.1210057996E-1	7.2188137769E-5
3.1415521316E+0	4.5613630055E-2	4.5943520243E-5
3.1415849628E+0	8.6571087992E-3	1.9736940383E-5