# Differential cross section		
# Author: P. Swaczyna	Princeton University	(swaczyna@princeton.edu)
# Date: 	Tue 3 Nov 2020 16:23:31	
# 		
# Elastic collision: H^+ + He^0 -> H^+ + He^0		
# 		
# Red. mass: 	7.4962491838E+8	 eV/c^2
# CM energy: 	3.1622776602E-4	 eV
# Rel speed: 	2.7536814151E+4	 cm/s
# Tot sigma: 	1.7202002955E+3	 a.u.
# Int sigma: 	1.7202002955E+3	 a.u.
# 		
# Columns:		
# the <- scattering angle (rad)		
# dcs <- dsigma/dOmega*2*pi*sin(the) (a.u. = 2.8002852056E-17 cm^2)		
# wei <- weight for cross section integration (approx. width of angle bin)		
# 		
# the	dcs	wei
7.6907532846E-6	4.3181466127E-1	1.9736940383E-5
4.0521979771E-5	2.2751969973E+0	4.5943520243E-5
9.9587300392E-5	5.5915409151E+0	7.2188137769E-5
1.8489884726E-4	1.0381482971E+1	9.8434919423E-5
2.9645680168E-4	1.6644908059E+1	1.2468073282E-4
4.3425968311E-4	2.4381460804E+1	1.5092466531E-4
5.9830531657E-4	3.3590513282E+1	1.7716615272E-4
7.8859101285E-4	4.4271068416E+1	2.0340471372E-4
1.0051136166E-3	5.6421636079E+1	2.2963989267E-4
1.2478695220E-3	7.0040087991E+1	2.5587124334E-4
1.5168546797E-3	8.5123493319E+1	2.8209832342E-4
1.8120645986E-3	1.0166793630E+2	3.0832069259E-4
2.1334943481E-3	1.1966831734E+2	3.3453791144E-4
2.4811385584E-3	1.3911813938E+2	3.6074954110E-4
2.8549914211E-3	1.6000928189E+2	3.8695514312E-4
3.2550466893E-3	1.8233176538E+2	4.1315427928E-4
3.6812976783E-3	2.0607351003E+2	4.3934651156E-4
4.1337372652E-3	2.3122009276E+2	4.6553140213E-4
4.6123578895E-3	2.5775450788E+2	4.9170851331E-4
5.1171515529E-3	2.8565693725E+2	5.1787740760E-4
5.6481098199E-3	3.1490453681E+2	5.4403764760E-4
6.2052238176E-3	3.4547124686E+2	5.7018879612E-4
6.7884842360E-3	3.7732763448E+2	5.9633041614E-4
7.3978813281E-3	4.1044077671E+2	6.2246207073E-4
8.0334049101E-3	4.4477419382E+2	6.4858332323E-4
8.6950443616E-3	4.8028784150E+2	6.7469373705E-4
9.3827886258E-3	5.1693817121E+2	7.0079287589E-4
1.0096626210E-2	5.5467826648E+2	7.2688030358E-4
1.0836545184E-2	5.9345806236E+2	7.5295558414E-4
1.1602533184E-2	6.3322465306E+2	7.7901828182E-4
1.2394577408E-2	6.7392269060E+2	8.0506796108E-4
1.3212664621E-2	7.1549487433E+2	8.3110418659E-4
1.4056781152E-2	7.5788252763E+2	8.5712652325E-4
1.4926912893E-2	8.0102625389E+2	8.8313453619E-4
1.5823045305E-2	8.4486665939E+2	9.0912779076E-4
1.6745163410E-2	8.8934512580E+2	9.3510585261E-4
1.7693251801E-2	9.3440460993E+2	9.6106828758E-4
1.8667294632E-2	9.7999044374E+2	9.8701466182E-4
1.9667275626E-2	1.0260511028E+3	1.0129445417E-3
2.0693178073E-2	1.0725389083E+3	1.0388574939E-3
2.1744984827E-2	1.1194106241E+3	1.0647530855E-3
2.2822678313E-2	1.1666279112E+3	1.0906308836E-3
2.3926240519E-2	1.2141576001E+3	1.1164904558E-3
2.5055653005E-2	1.2619717472E+3	1.1423313699E-3
2.6210896896E-2	1.3100474447E+3	1.1681531941E-3
2.7391952886E-2	1.3583663624E+3	1.1939554970E-3
2.8598801239E-2	1.4069140112E+3	1.2197378472E-3
2.9831421786E-2	1.4556787290E+3	1.2454998140E-3
3.1089793929E-2	1.5046504072E+3	1.2712409668E-3
3.2373896638E-2	1.5538189928E+3	1.2969608754E-3
3.3683708455E-2	1.6031728184E+3	1.3226591101E-3
3.5019207490E-2	1.6526968324E+3	1.3483352414E-3
3.6380371427E-2	1.7023708177E+3	1.3739888402E-3
3.7767177517E-2	1.7521677030E+3	1.3996194778E-3
3.9179602586E-2	1.8020520823E+3	1.4252267258E-3
4.0617623030E-2	1.8519790617E+3	1.4508101565E-3
4.2081214817E-2	1.9018935524E+3	1.4763693421E-3
4.3570353490E-2	1.9517301164E+3	1.5019038556E-3
4.5085014162E-2	2.0014134501E+3	1.5274132703E-3
4.6625171522E-2	2.0508595598E+3	1.5528971598E-3
4.8190799831E-2	2.0999776395E+3	1.5783550984E-3
4.9781872927E-2	2.1486726095E+3	1.6037866605E-3
5.1398364219E-2	2.1968482197E+3	1.6291914212E-3
5.3040246694E-2	2.2444105560E+3	1.6545689559E-3
5.4707492914E-2	2.2912717381E+3	1.6799188405E-3
5.6400075017E-2	2.3373535444E+3	1.7052406515E-3
5.8117964718E-2	2.3825906710E+3	1.7305339655E-3
5.9861133308E-2	2.4269333208E+3	1.7557983600E-3
6.1629551657E-2	2.4703488385E+3	1.7810334128E-3
6.3423190212E-2	2.5128221515E+3	1.8062387021E-3
6.5242019000E-2	2.5543548554E+3	1.8314138067E-3
6.7086007624E-2	2.5949628890E+3	1.8565583060E-3
6.8955125270E-2	2.6346728621E+3	1.8816717796E-3
7.0849340702E-2	2.6735172421E+3	1.9067538080E-3
7.2768622264E-2	2.7115287314E+3	1.9318039720E-3
7.4712937885E-2	2.7487342908E+3	1.9568218529E-3
7.6682255070E-2	2.7851493496E+3	1.9818070327E-3
7.8676540910E-2	2.8207727877E+3	2.0067590939E-3
8.0695762079E-2	2.8555832673E+3	2.0316776194E-3
8.2739884832E-2	2.8895374156E+3	2.0565621928E-3
8.4808875009E-2	2.9225702253E+3	2.0814123983E-3
8.6902698034E-2	2.9545978401E+3	2.1062278206E-3
8.9021318917E-2	2.9855226478E+3	2.1310080450E-3
9.1164702253E-2	3.0152403293E+3	2.1557526574E-3
9.3332812224E-2	3.0436482455E+3	2.1804612443E-3
9.5525612596E-2	3.0706543094E+3	2.2051333928E-3
9.7743066726E-2	3.0961853381E+3	2.2297686905E-3
9.9985137556E-2	3.1201938336E+3	2.2543667257E-3
1.0225178762E-1	3.1426622257E+3	2.2789270875E-3
1.0454297904E-1	3.1636038448E+3	2.3034493653E-3
1.0685867352E-1	3.1830602443E+3	2.3279331494E-3
1.0919883237E-1	3.2010949464E+3	2.3523780306E-3
1.1156341648E-1	3.2177841751E+3	2.3767836004E-3
1.1395238633E-1	3.2332056037E+3	2.4011494510E-3
1.1636570200E-1	3.2474265123E+3	2.4254751751E-3
1.1880332317E-1	3.2604929548E+3	2.4497603662E-3
1.2126520909E-1	3.2724215301E+3	2.4740046186E-3
1.2375131862E-1	3.2831951150E+3	2.4982075270E-3
1.2626161023E-1	3.2927634491E+3	2.5223686871E-3
1.2879604195E-1	3.3010488143E+3	2.5464876949E-3
1.3135457143E-1	3.3079562947E+3	2.5705641475E-3
1.3393715592E-1	3.3133873407E+3	2.5945976426E-3
1.3654375226E-1	3.3172547238E+3	2.6185877784E-3
1.3917431689E-1	3.3194965793E+3	2.6425341541E-3
1.4182880585E-1	3.3200871872E+3	2.6664363695E-3
1.4450717478E-1	3.3190425039E+3	2.6902940251E-3
1.4720937892E-1	3.3164191978E+3	2.7141067224E-3
1.4993537310E-1	3.3123069852E+3	2.7378740632E-3
1.5268511179E-1	3.3068152255E+3	2.7615956505E-3
1.5545854902E-1	3.3000558331E+3	2.7852710878E-3
1.5825563845E-1	3.2921253664E+3	2.8088999795E-3
1.6107633333E-1	3.2830894933E+3	2.8324819307E-3
1.6392058653E-1	3.2729728031E+3	2.8560165473E-3
1.6678835052E-1	3.2617561245E+3	2.8795034361E-3
1.6967957737E-1	3.2493822245E+3	2.9029422044E-3
1.7259421876E-1	3.2357691992E+3	2.9263324607E-3
1.7553222599E-1	3.2208293106E+3	2.9496738141E-3
1.7849354996E-1	3.2044897827E+3	2.9729658744E-3
1.8147814117E-1	3.1867114391E+3	2.9962082525E-3
1.8448594977E-1	3.1675012512E+3	3.0194005599E-3
1.8751692548E-1	3.1469159001E+3	3.0425424091E-3
1.9057101764E-1	3.1250552167E+3	3.0656334132E-3
1.9364817522E-1	3.1020464884E+3	3.0886731866E-3
1.9674834681E-1	3.0780226867E+3	3.1116613440E-3
1.9987148058E-1	3.0530991700E+3	3.1345975014E-3
2.0301752435E-1	3.0273539830E+3	3.1574812755E-3
2.0618642554E-1	3.0008163103E+3	3.1803122838E-3
2.0937813120E-1	2.9734659907E+3	3.2030901448E-3
2.1259258799E-1	2.9452445800E+3	3.2258144779E-3
2.1582974219E-1	2.9160757579E+3	3.2484849032E-3
2.1908953970E-1	2.8858905316E+3	3.2711010421E-3
2.2237192605E-1	2.8546513013E+3	3.2936625164E-3
2.2567684639E-1	2.8223688400E+3	3.3161689492E-3
2.2900424548E-1	2.7891077367E+3	3.3386199643E-3
2.3235406772E-1	2.7549785844E+3	3.3610151867E-3
2.3572625713E-1	2.7201185331E+3	3.3833542419E-3
2.3912075735E-1	2.6846649155E+3	3.4056367567E-3
2.4253751167E-1	2.6487286422E+3	3.4278623588E-3
2.4597646298E-1	2.6123743577E+3	3.4500306767E-3
2.4943755380E-1	2.5756127772E+3	3.4721413399E-3
2.5292072631E-1	2.5384075248E+3	3.4941939790E-3
2.5642592230E-1	2.5006949133E+3	3.5161882254E-3
2.5995308318E-1	2.4624114743E+3	3.5381237115E-3
2.6350215001E-1	2.4235216843E+3	3.5600000709E-3
2.6707306349E-1	2.3840380128E+3	3.5818169379E-3
2.7066576394E-1	2.3440273696E+3	3.6035739479E-3
2.7428019131E-1	2.3036018265E+3	3.6252707373E-3
2.7791628522E-1	2.2628960873E+3	3.6469069436E-3
2.8157398488E-1	2.2220382063E+3	3.6684822051E-3
2.8525322919E-1	2.1811222429E+3	3.6899961614E-3
2.8895395665E-1	2.1401911365E+3	3.7114484529E-3
2.9267610542E-1	2.0992351283E+3	3.7328387211E-3
2.9641961330E-1	2.0582063618E+3	3.7541666086E-3
3.0018441773E-1	2.0170452540E+3	3.7754317588E-3
3.0397045579E-1	1.9757104061E+3	3.7966338166E-3
3.0777766421E-1	1.9342024976E+3	3.8177724274E-3
3.1160597938E-1	1.8925743604E+3	3.8388472382E-3
3.1545533730E-1	1.8509238292E+3	3.8598578967E-3
3.1932567367E-1	1.8093716467E+3	3.8808040517E-3
3.2321692379E-1	1.7680317587E+3	3.9016853533E-3
3.2712902264E-1	1.7269839923E+3	3.9225014525E-3
3.3106190484E-1	1.6862583831E+3	3.9432520014E-3
3.3501550468E-1	1.6458364947E+3	3.9639366533E-3
3.3898975607E-1	1.6056692382E+3	3.9845550624E-3
3.4298459261E-1	1.5657049294E+3	4.0051068843E-3
3.4699994753E-1	1.5259176384E+3	4.0255917754E-3
3.5103575373E-1	1.4863256810E+3	4.0460093936E-3
3.5509194378E-1	1.4469935938E+3	4.0663593974E-3
3.5916844988E-1	1.4080169617E+3	4.0866414469E-3
3.6326520391E-1	1.3694958215E+3	4.1068552032E-3
3.6738213741E-1	1.3315066348E+3	4.1270003283E-3
3.7151918157E-1	1.2940833222E+3	4.1470764858E-3
3.7567626728E-1	1.2572143782E+3	4.1670833400E-3
3.7985332504E-1	1.2208569358E+3	4.1870205567E-3
3.8405028507E-1	1.1849621500E+3	4.2068878026E-3
3.8826707721E-1	1.1495019010E+3	4.2266847457E-3
3.9250363101E-1	1.1144863310E+3	4.2464110553E-3
3.9675987567E-1	1.0799654112E+3	4.2660664016E-3
4.0103574005E-1	1.0460142031E+3	4.2856504563E-3
4.0533115271E-1	1.0127080963E+3	4.3051628919E-3
4.0964604185E-1	9.8009830930E+2	4.3246033825E-3
4.1398033538E-1	9.4819764789E+2	4.3439716031E-3
4.1833396086E-1	9.1698209514E+2	4.3632672302E-3
4.2270684554E-1	8.8640713972E+2	4.3824899412E-3
4.2709891633E-1	8.5643161598E+2	4.4016394148E-3
4.3151009985E-1	8.2703878601E+2	4.4207153312E-3
4.3594032237E-1	7.9824575207E+2	4.4397173715E-3
4.4038950986E-1	7.7009750984E+2	4.4586452181E-3
4.4485758797E-1	7.4264875759E+2	4.4774985548E-3
4.4934448203E-1	7.1594188897E+2	4.4962770664E-3
4.5385011706E-1	6.8999101410E+2	4.5149804392E-3
4.5837441776E-1	6.6477882186E+2	4.5336083606E-3
4.6291730852E-1	6.4026711797E+2	4.5521605193E-3
4.6747871344E-1	6.1641571174E+2	4.5706366053E-3
4.7205855627E-1	5.9320073404E+2	4.5890363098E-3
4.7665676049E-1	5.7062403836E+2	4.6073593254E-3
4.8127324926E-1	5.4870977789E+2	4.6256053458E-3
4.8590794542E-1	5.2749043694E+2	4.6437740661E-3
4.9056077152E-1	5.0698949305E+2	4.6618651826E-3
4.9523164982E-1	4.8720911804E+2	4.6798783932E-3
4.9992050224E-1	4.6812843818E+2	4.6978133967E-3
5.0462725044E-1	4.4971249067E+2	4.7156698934E-3
5.0935181576E-1	4.3192686436E+2	4.7334475849E-3
5.1409411924E-1	4.1475054728E+2	4.7511461741E-3
5.1885408164E-1	3.9818081359E+2	4.7687653653E-3
5.2363162341E-1	3.8222832253E+2	4.7863048641E-3
5.2842666471E-1	3.6690568148E+2	4.8037643772E-3
5.3323912540E-1	3.5221583911E+2	4.8211436130E-3
5.3806892508E-1	3.3814624671E+2	4.8384422809E-3
5.4291598301E-1	3.2467122422E+2	4.8556600920E-3
5.4778021821E-1	3.1176050120E+2	4.8727967585E-3
5.5266154939E-1	2.9938887980E+2	4.8898519940E-3
5.5755989496E-1	2.8754183138E+2	4.9068255135E-3
5.6247517308E-1	2.7621448228E+2	4.9237170334E-3
5.6740730160E-1	2.6540531181E+2	4.9405262713E-3
5.7235619810E-1	2.5510873079E+2	4.9572529464E-3
5.7732177988E-1	2.4531089870E+2	4.9738967791E-3
5.8230396395E-1	2.3599073871E+2	4.9904574913E-3
5.8730266706E-1	2.2712481948E+2	5.0069348063E-3
5.9231780568E-1	2.1869265843E+2	5.0233284486E-3
5.9734929598E-1	2.1067917091E+2	5.0396381444E-3
6.0239705389E-1	2.0307312414E+2	5.0558636210E-3
6.0746099506E-1	1.9586315068E+2	5.0720046074E-3
6.1254103485E-1	1.8903440850E+2	5.0880608338E-3
6.1763708838E-1	1.8256830662E+2	5.1040320318E-3
6.2274907048E-1	1.7644532442E+2	5.1199179345E-3
6.2787689573E-1	1.7064861947E+2	5.1357182766E-3
6.3302047843E-1	1.6516555922E+2	5.1514327939E-3
6.3817973262E-1	1.5998586550E+2	5.1670612238E-3
6.4335457209E-1	1.5509758018E+2	5.1826033052E-3
6.4854491036E-1	1.5048382221E+2	5.1980587783E-3
6.5375066070E-1	1.4612304283E+2	5.2134273849E-3
6.5897173609E-1	1.4199315704E+2	5.2287088681E-3
6.6420804930E-1	1.3807699943E+2	5.2439029725E-3
6.6945951283E-1	1.3436520256E+2	5.2590094442E-3
6.7472603890E-1	1.3085404818E+2	5.2740280309E-3
6.8000753951E-1	1.2753922899E+2	5.2889584814E-3
6.8530392640E-1	1.2440946091E+2	5.3038005463E-3
6.9061511106E-1	1.2144441044E+2	5.3185539776E-3
6.9594100473E-1	1.1861889956E+2	5.3332185287E-3
7.0128151841E-1	1.1591118720E+2	5.3477939546E-3
7.0663656285E-1	1.1331000619E+2	5.3622800116E-3
7.1200604856E-1	1.1081536295E+2	5.3766764577E-3
7.1738988581E-1	1.0843203163E+2	5.3909830523E-3
7.2278798463E-1	1.0615964829E+2	5.4051995564E-3
7.2820025482E-1	1.0398590268E+2	5.4193257323E-3
7.3362660591E-1	1.0188766523E+2	5.4333613439E-3
7.3906694724E-1	9.9839840524E+1	5.4473061568E-3
7.4452118788E-1	9.7826426449E+1	5.4611599379E-3
7.4998923669E-1	9.5846331013E+1	5.4749224557E-3
7.5547100229E-1	9.3909660438E+1	5.4885934801E-3
7.6096639308E-1	9.2026570586E+1	5.5021727828E-3
7.6647531721E-1	9.0195990038E+1	5.5156601367E-3
7.7199768263E-1	8.8401902519E+1	5.5290553166E-3
7.7753339704E-1	8.6620027713E+1	5.5423580985E-3
7.8308236795E-1	8.4830727666E+1	5.5555682601E-3
7.8864450262E-1	8.3029456011E+1	5.5686855808E-3
7.9421970809E-1	8.1227404444E+1	5.5817098412E-3
7.9980789121E-1	7.9441614213E+1	5.5946408237E-3
8.0540895857E-1	7.7681179457E+1	5.6074783123E-3
8.1102281659E-1	7.5939031169E+1	5.6202220924E-3
8.1664937145E-1	7.4195099049E+1	5.6328719509E-3
8.2228852912E-1	7.2428859755E+1	5.6454276767E-3
8.2794019536E-1	7.0632647983E+1	5.6578890597E-3
8.3360427572E-1	6.8816344553E+1	5.6702558918E-3
8.3928067556E-1	6.7000003645E+1	5.6825279663E-3
8.4496930000E-1	6.5199543237E+1	5.6947050782E-3
8.5067005399E-1	6.3415588630E+1	5.7067870238E-3
8.5638284226E-1	6.1633353140E+1	5.7187736014E-3
8.6210756934E-1	5.9833654352E+1	5.7306646105E-3
8.6784413956E-1	5.8007232960E+1	5.7424598526E-3
8.7359245705E-1	5.6162090670E+1	5.7541591304E-3
8.7935242576E-1	5.4318550472E+1	5.7657622485E-3
8.8512394943E-1	5.2495670275E+1	5.7772690129E-3
8.9090693161E-1	5.0698893505E+1	5.7886792314E-3
8.9670127565E-1	4.8917812669E+1	5.7999927133E-3
9.0250688473E-1	4.7135522162E+1	5.8112092696E-3
9.0832366182E-1	4.5342627131E+1	5.8223287127E-3
9.1415150972E-1	4.3545606188E+1	5.8333508568E-3
9.1999033104E-1	4.1763452748E+1	5.8442755178E-3
9.2584002820E-1	4.0015277196E+1	5.8551025132E-3
9.3170050345E-1	3.8308190423E+1	5.8658316618E-3
9.3757165885E-1	3.6634348902E+1	5.8764627846E-3
9.4345339628E-1	3.4979080583E+1	5.8869957037E-3
9.4934561746E-1	3.3333802488E+1	5.8974302433E-3
9.5524822392E-1	3.1703999211E+1	5.9077662288E-3
9.6116111701E-1	3.0106422787E+1	5.9180034877E-3
9.6708419793E-1	2.8557946956E+1	5.9281418487E-3
9.7301736769E-1	2.7064718300E+1	5.9381811425E-3
9.7896052713E-1	2.5619688427E+1	5.9481212013E-3
9.8491357695E-1	2.4210026957E+1	5.9579618591E-3
9.9087641766E-1	2.2828464683E+1	5.9677029512E-3
9.9684894961E-1	2.1479843330E+1	5.9773443150E-3
1.0028310730E+0	2.0178084523E+1	5.9868857894E-3
1.0088226878E+0	1.8936318621E+1	5.9963272149E-3
1.0148236940E+0	1.7758024382E+1	6.0056684336E-3
1.0208339913E+0	1.6635839307E+1	6.0149092896E-3
1.0268534791E+0	1.5558523472E+1	6.0240496283E-3
1.0328820570E+0	1.4520348499E+1	6.0330892971E-3
1.0389196241E+0	1.3525590332E+1	6.0420281448E-3
1.0449660796E+0	1.2584929603E+1	6.0508660221E-3
1.0510213224E+0	1.1707030396E+1	6.0596027814E-3
1.0570852514E+0	1.0892108028E+1	6.0682382765E-3
1.0631577652E+0	1.0132285857E+1	6.0767723631E-3
1.0692387623E+0	9.4180019971E+0	6.0852048988E-3
1.0753281411E+0	8.7451341529E+0	6.0935357425E-3
1.0814257998E+0	8.1172716741E+0	6.1017647550E-3
1.0875316366E+0	7.5417045364E+0	6.1098917988E-3
1.0936455494E+0	7.0227517284E+0	6.1179167381E-3
1.0997674360E+0	6.5578485780E+0	6.1258394388E-3
1.1058971941E+0	6.1391911754E+0	6.1336597685E-3
1.1120347214E+0	5.7592104549E+0	6.1413775965E-3
1.1181799151E+0	5.4153271163E+0	6.1489927938E-3
1.1243326727E+0	5.1103288176E+0	6.1565052331E-3
1.1304928913E+0	4.8484524898E+0	6.1639147890E-3
1.1366604679E+0	4.6306652211E+0	6.1712213376E-3
1.1428352996E+0	4.4529206585E+0	6.1784247568E-3
1.1490172830E+0	4.3084552245E+0	6.1855249261E-3
1.1552063150E+0	4.1919767292E+0	6.1925217271E-3
1.1614022920E+0	4.1023266202E+0	6.1994150427E-3
1.1676051105E+0	4.0416678040E+0	6.2062047577E-3
1.1738146669E+0	4.0121815309E+0	6.2128907587E-3
1.1800308574E+0	4.0131388330E+0	6.2194729339E-3
1.1862535782E+0	4.0405878635E+0	6.2259511734E-3
1.1924827251E+0	4.0896412703E+0	6.2323253688E-3
1.1987181942E+0	4.1573893614E+0	6.2385954138E-3
1.2049598812E+0	4.2441429223E+0	6.2447612034E-3
1.2112076818E+0	4.3521717710E+0	6.2508226346E-3
1.2174614916E+0	4.4831492148E+0	6.2567796062E-3
1.2237212062E+0	4.6364041026E+0	6.2626320186E-3
1.2299867208E+0	4.8092543733E+0	6.2683797740E-3
1.2362579308E+0	4.9990584814E+0	6.2740227763E-3
1.2425347314E+0	5.2053667234E+0	6.2795609313E-3
1.2488170177E+0	5.4304921163E+0	6.2849941464E-3
1.2551046847E+0	5.6780753572E+0	6.2903223308E-3
1.2613976273E+0	5.9508170780E+0	6.2955453954E-3
1.2676957404E+0	6.2491681837E+0	6.3006632530E-3
1.2739989187E+0	6.5720369856E+0	6.3056758180E-3
1.2803070569E+0	6.9190674928E+0	6.3105830068E-3
1.2866200496E+0	7.2927303847E+0	6.3153847371E-3
1.2929377912E+0	7.6984367166E+0	6.3200809290E-3
1.2992601762E+0	8.1424183357E+0	6.3246715037E-3
1.3055870990E+0	8.6290040099E+0	6.3291563847E-3
1.3119184537E+0	9.1595656014E+0	6.3335354970E-3
1.3182541347E+0	9.7342448644E+0	6.3378087674E-3
1.3245940360E+0	1.0355295568E+1	6.3419761245E-3
1.3309380516E+0	1.1029233074E+1	6.3460374987E-3
1.3372860756E+0	1.1765678090E+1	6.3499928220E-3
1.3436380019E+0	1.2573545044E+1	6.3538420284E-3
1.3499937243E+0	1.3457699970E+1	6.3575850535E-3
1.3563531366E+0	1.4419170849E+1	6.3612218349E-3
1.3627161325E+0	1.5459189576E+1	6.3647523117E-3
1.3690826057E+0	1.6583837569E+1	6.3681764249E-3
1.3754524499E+0	1.7805035810E+1	6.3714941173E-3
1.3818255585E+0	1.9136496156E+1	6.3747053335E-3
1.3882018250E+0	2.0587771249E+1	6.3778100198E-3
1.3945811430E+0	2.2161648196E+1	6.3808081243E-3
1.4009634057E+0	2.3857682597E+1	6.3836995970E-3
1.4073485066E+0	2.5679327139E+1	6.3864843894E-3
1.4137363389E+0	2.7638413093E+1	6.3891624551E-3
1.4201267959E+0	2.9752479139E+1	6.3917337493E-3
1.4265197708E+0	3.2036640669E+1	6.3941982290E-3
1.4329151568E+0	3.4496932939E+1	6.3965558531E-3
1.4393128469E+0	3.7131412074E+1	6.3988065821E-3
1.4457127343E+0	3.9938792343E+1	6.4009503785E-3
1.4521147120E+0	4.2927358121E+1	6.4029872063E-3
1.4585186731E+0	4.6115859503E+1	6.4049170317E-3
1.4649245104E+0	4.9524768219E+1	6.4067398222E-3
1.4713321170E+0	5.3165073956E+1	6.4084555476E-3
1.4777413858E+0	5.7034705803E+1	6.4100641790E-3
1.4841522097E+0	6.1126538759E+1	6.4115656896E-3
1.4905644815E+0	6.5441601050E+1	6.4129600544E-3
1.4969780940E+0	6.9995687856E+1	6.4142472499E-3
1.5033929402E+0	7.4812686489E+1	6.4154272548E-3
1.5098089128E+0	7.9909683462E+1	6.4165000493E-3
1.5162259046E+0	8.5286883480E+1	6.4174656154E-3
1.5226438083E+0	9.0931935159E+1	6.4183239370E-3
1.5290625167E+0	9.6835762733E+1	6.4190749998E-3
1.5354819225E+0	1.0300618150E+2	6.4197187912E-3
1.5419019185E+0	1.0946658733E+2	6.4202553005E-3
1.5483223974E+0	1.1623986996E+2	6.4206845187E-3
1.5547432518E+0	1.2333127888E+2	6.4210064386E-3
1.5611643745E+0	1.3072580686E+2	6.4212210549E-3
1.5675856581E+0	1.3840339348E+2	6.4213283639E-3
1.5740069954E+0	1.4635916889E+2	6.4213283639E-3
1.5804282791E+0	1.5461052105E+2	6.4212210549E-3
1.5868494018E+0	1.6318373031E+2	6.4210064386E-3
1.5932702562E+0	1.7209118042E+2	6.4206845187E-3
1.5996907351E+0	1.8131933788E+2	6.4202553005E-3
1.6061107310E+0	1.9083898564E+2	6.4197187912E-3
1.6125301369E+0	2.0062959829E+2	6.4190749998E-3
1.6189488453E+0	2.1069644501E+2	6.4183239370E-3
1.6253667490E+0	2.2106450962E+2	6.4174656154E-3
1.6317837408E+0	2.3175361512E+2	6.4165000493E-3
1.6381997134E+0	2.4275638236E+2	6.4154272548E-3
1.6446145595E+0	2.5403905259E+2	6.4142472499E-3
1.6510281721E+0	2.6556545194E+2	6.4129600544E-3
1.6574404439E+0	2.7732349043E+2	6.4115656896E-3
1.6638512678E+0	2.8933039621E+2	6.4100641790E-3
1.6702605366E+0	3.0161110689E+2	6.4084555476E-3
1.6766681432E+0	3.1416822089E+2	6.4067398222E-3
1.6830739805E+0	3.2697017219E+2	6.4049170317E-3
1.6894779416E+0	3.3996890676E+2	6.4029872063E-3
1.6958799193E+0	3.5313230191E+2	6.4009503785E-3
1.7022798067E+0	3.6646282208E+2	6.3988065821E-3
1.7086774968E+0	3.7998526610E+2	6.3965558531E-3
1.7150728827E+0	3.9371358709E+2	6.3941982290E-3
1.7214658576E+0	4.0762575341E+2	6.3917337493E-3
1.7278563146E+0	4.2166928344E+2	6.3891624551E-3
1.7342441470E+0	4.3579344494E+2	6.3864843894E-3
1.7406292478E+0	4.4998028393E+2	6.3836995970E-3
1.7470115106E+0	4.6424692090E+2	6.3808081243E-3
1.7533908286E+0	4.7861636973E+2	6.3778100198E-3
1.7597670951E+0	4.9308197705E+2	6.3747053335E-3
1.7661402037E+0	5.0759677348E+2	6.3714941173E-3
1.7725100479E+0	5.2209771784E+2	6.3681764249E-3
1.7788765211E+0	5.3654427224E+2	6.3647523117E-3
1.7852395170E+0	5.5093768453E+2	6.3612218349E-3
1.7915989293E+0	5.6530367634E+2	6.3575850535E-3
1.7979546517E+0	5.7965309801E+2	6.3538420284E-3
1.8043065780E+0	5.9395466761E+2	6.3499928220E-3
1.8106546020E+0	6.0814385532E+2	6.3460374987E-3
1.8169986176E+0	6.2216076932E+2	6.3419761245E-3
1.8233385189E+0	6.3598448987E+2	6.3378087674E-3
1.8296741999E+0	6.4963393762E+2	6.3335354970E-3
1.8360055546E+0	6.6313413123E+2	6.3291563847E-3
1.8423324774E+0	6.7647674943E+2	6.3246715037E-3
1.8486548624E+0	6.8960911687E+2	6.3200809290E-3
1.8549726040E+0	7.0246145672E+2	6.3153847371E-3
1.8612855967E+0	7.1498930266E+2	6.3105830068E-3
1.8675937349E+0	7.2719469391E+2	6.3056758180E-3
1.8738969132E+0	7.3910779079E+2	6.3006632530E-3
1.8801950263E+0	7.5074448147E+2	6.2955453954E-3
1.8864879689E+0	7.6207620463E+2	6.2903223308E-3
1.8927756359E+0	7.7303787485E+2	6.2849941464E-3
1.8990579222E+0	7.8356734728E+2	6.2795609313E-3
1.9053347228E+0	7.9364295594E+2	6.2740227763E-3
1.9116059328E+0	8.0328722871E+2	6.2683797740E-3
1.9178714474E+0	8.1253360654E+2	6.2626320186E-3
1.9241311620E+0	8.2138436850E+2	6.2567796062E-3
1.9303849718E+0	8.2979533758E+2	6.2508226346E-3
1.9366327724E+0	8.3770025799E+2	6.2447612034E-3
1.9428744594E+0	8.4505430870E+2	6.2385954138E-3
1.9491099285E+0	8.5186020003E+2	6.2323253688E-3
1.9553390754E+0	8.5815506253E+2	6.2259511734E-3
1.9615617961E+0	8.6396928817E+2	6.2194729339E-3
1.9677779867E+0	8.6929182492E+2	6.2128907587E-3
1.9739875431E+0	8.7407077305E+2	6.2062047577E-3
1.9801903616E+0	8.7824857485E+2	6.1994150427E-3
1.9863863386E+0	8.8180242694E+2	6.1925217271E-3
1.9925753706E+0	8.8475648625E+2	6.1855249261E-3
1.9987573540E+0	8.8715606918E+2	6.1784247568E-3
2.0049321857E+0	8.8902546197E+2	6.1712213376E-3
2.0110997623E+0	8.9034413566E+2	6.1639147890E-3
2.0172599809E+0	8.9106061428E+2	6.1565052331E-3
2.0234127385E+0	8.9113223513E+2	6.1489927938E-3
2.0295579322E+0	8.9055810961E+2	6.1413775965E-3
2.0356954595E+0	8.8937860482E+2	6.1336597685E-3
2.0418252176E+0	8.8764225574E+2	6.1258394388E-3
2.0479471042E+0	8.8536734797E+2	6.1179167381E-3
2.0540610170E+0	8.8252919467E+2	6.1098917988E-3
2.0601668538E+0	8.7908288081E+2	6.1017647550E-3
2.0662645125E+0	8.7500263052E+2	6.0935357425E-3
2.0723538913E+0	8.7030603221E+2	6.0852048988E-3
2.0784348884E+0	8.6504409338E+2	6.0767723631E-3
2.0845074022E+0	8.5926571051E+2	6.0682382765E-3
2.0905713312E+0	8.5298523203E+2	6.0596027814E-3
2.0966265740E+0	8.4617864189E+2	6.0508660221E-3
2.1026730295E+0	8.3881070520E+2	6.0420281448E-3
2.1087105966E+0	8.3087103556E+2	6.0330892971E-3
2.1147391745E+0	8.2239061443E+2	6.0240496283E-3
2.1207586623E+0	8.1342632910E+2	6.0149092896E-3
2.1267689596E+0	8.0402637074E+2	6.0056684336E-3
2.1327699657E+0	7.9420382103E+2	5.9963272149E-3
2.1387615806E+0	7.8393858867E+2	5.9868857894E-3
2.1447437040E+0	7.7320537976E+2	5.9773443150E-3
2.1507162359E+0	7.6200544715E+2	5.9677029512E-3
2.1566790766E+0	7.5037766613E+2	5.9579618591E-3
2.1626321265E+0	7.3838108482E+2	5.9481212013E-3
2.1685752859E+0	7.2606310343E+2	5.9381811425E-3
2.1745084557E+0	7.1343784275E+2	5.9281418487E-3
2.1804315366E+0	7.0049066336E+2	5.9180034877E-3
2.1863444297E+0	6.8720451304E+2	5.9077662288E-3
2.1922470361E+0	6.7358755311E+2	5.8974302433E-3
2.1981392573E+0	6.5968132994E+2	5.8869957037E-3
2.2040209947E+0	6.4554408314E+2	5.8764627846E-3
2.2098921501E+0	6.3122249524E+2	5.8658316618E-3
2.2157526254E+0	6.1673319220E+2	5.8551025132E-3
2.2216023226E+0	6.0206720014E+2	5.8442755178E-3
2.2274411439E+0	5.8721313017E+2	5.8333508568E-3
2.2332689918E+0	5.7218134028E+2	5.8223287127E-3
2.2390857689E+0	5.5701139288E+2	5.8112092696E-3
2.2448913779E+0	5.4175808010E+2	5.7999927133E-3
2.2506857220E+0	5.2646704543E+2	5.7886792314E-3
2.2564687042E+0	5.1115800265E+2	5.7772690129E-3
2.2622402278E+0	4.9582720208E+2	5.7657622485E-3
2.2680001965E+0	4.8046644714E+2	5.7541591304E-3
2.2737485140E+0	4.6508431285E+2	5.7424598526E-3
2.2794850843E+0	4.4971438845E+2	5.7306646105E-3
2.2852098113E+0	4.3440534357E+2	5.7187736014E-3
2.2909225996E+0	4.1920071320E+2	5.7067870238E-3
2.2966233536E+0	4.0412307170E+2	5.6947050782E-3
2.3023119780E+0	3.8917336147E+2	5.6825279663E-3
2.3079883779E+0	3.7434498937E+2	5.6702558918E-3
2.3136524582E+0	3.5964211019E+2	5.6578890597E-3
2.3193041245E+0	3.4508925480E+2	5.6454276767E-3
2.3249432821E+0	3.3072618019E+2	5.6328719509E-3
2.3305698370E+0	3.1659231498E+2	5.6202220924E-3
2.3361836950E+0	3.0271198376E+2	5.6074783123E-3
2.3417847624E+0	2.8909033140E+2	5.5946408237E-3
2.3473729455E+0	2.7572199316E+2	5.5817098412E-3
2.3529481510E+0	2.6260586952E+2	5.5686855808E-3
2.3585102856E+0	2.4975573761E+2	5.5555682601E-3
2.3640592565E+0	2.3719991400E+2	5.5423580985E-3
2.3695949710E+0	2.2497092974E+2	5.5290553166E-3
2.3751173364E+0	2.1309270702E+2	5.5156601367E-3
2.3806262605E+0	2.0157380327E+2	5.5021727828E-3
2.3861216513E+0	1.9041066469E+2	5.4885934801E-3
2.3916034169E+0	1.7959802243E+2	5.4749224557E-3
2.3970714657E+0	1.6913917319E+2	5.4611599379E-3
2.4025257064E+0	1.5904954125E+2	5.4473061568E-3
2.4079660477E+0	1.4935177328E+2	5.4333613439E-3
2.4133923988E+0	1.4006618173E+2	5.4193257323E-3
2.4188046690E+0	1.3120298093E+2	5.4051995564E-3
2.4242027678E+0	1.2276104796E+2	5.3909830523E-3
2.4295866050E+0	1.1473340488E+2	5.3766764577E-3
2.4349560907E+0	1.0711539828E+2	5.3622800116E-3
2.4403111352E+0	9.9910250204E+1	5.3477939546E-3
2.4456516489E+0	9.3128796517E+1	5.3332185287E-3
2.4509775425E+0	8.6784141650E+1	5.3185539776E-3
2.4562887272E+0	8.0885021973E+1	5.3038005463E-3
2.4615851141E+0	7.5432063182E+1	5.2889584814E-3
2.4668666147E+0	7.0418896548E+1	5.2740280309E-3
2.4721331408E+0	6.5836933769E+1	5.2590094442E-3
2.4773846043E+0	6.1680527158E+1	5.2439029725E-3
2.4826209175E+0	5.7949385217E+1	5.2287088681E-3
2.4878419929E+0	5.4647131341E+1	5.2134273849E-3
2.4930477432E+0	5.1777346639E+1	5.1980587783E-3
2.4982380815E+0	4.9339779930E+1	5.1826033052E-3
2.5034129210E+0	4.7328957832E+1	5.1670612238E-3
2.5085721752E+0	4.5735696161E+1	5.1514327939E-3
2.5137157579E+0	4.4550221900E+1	5.1357182766E-3
2.5188435831E+0	4.3764841829E+1	5.1199179345E-3
2.5239555652E+0	4.3374658392E+1	5.1040320318E-3
2.5290516187E+0	4.3376218828E+1	5.0880608338E-3
2.5341316585E+0	4.3765246278E+1	5.0720046074E-3
2.5391955997E+0	4.4534984452E+1	5.0558636210E-3
2.5442433576E+0	4.5676071784E+1	5.0396381444E-3
2.5492748479E+0	4.7177771068E+1	5.0233284486E-3
2.5542899865E+0	4.9029563861E+1	5.0069348063E-3
2.5592886896E+0	5.1222042267E+1	4.9904574913E-3
2.5642708737E+0	5.3746638344E+1	4.9738967791E-3
2.5692364555E+0	5.6594557680E+1	4.9572529464E-3
2.5741853520E+0	5.9755780142E+1	4.9405262713E-3
2.5791174805E+0	6.3218864405E+1	4.9237170334E-3
2.5840327586E+0	6.6971674459E+1	4.9068255135E-3
2.5889311042E+0	7.1002483567E+1	4.8898519940E-3
2.5938124354E+0	7.5300652798E+1	4.8727967585E-3
2.5986766706E+0	7.9856377980E+1	4.8556600920E-3
2.6035237285E+0	8.4659632647E+1	4.8384422809E-3
2.6083535282E+0	8.9698988158E+1	4.8211436130E-3
2.6131659889E+0	9.4961115820E+1	4.8037643772E-3
2.6179610302E+0	1.0043138715E+2	4.7863048641E-3
2.6227385719E+0	1.0609531647E+2	4.7687653653E-3
2.6274985343E+0	1.1194004318E+2	4.7511461741E-3
2.6322408378E+0	1.1795497045E+2	4.7334475849E-3
2.6369654032E+0	1.2413112356E+2	4.7156698934E-3
2.6416721513E+0	1.3045951045E+2	4.6978133967E-3
2.6463610038E+0	1.3692934853E+2	4.6798783932E-3
2.6510318821E+0	1.4352713927E+2	4.6618651826E-3
2.6556847082E+0	1.5023715598E+2	4.6437740661E-3
2.6603194043E+0	1.5704317497E+2	4.6256053458E-3
2.6649358931E+0	1.6393061196E+2	4.6073593254E-3
2.6695340973E+0	1.7088798065E+2	4.5890363098E-3
2.6741139402E+0	1.7790690669E+2	4.5706366053E-3
2.6786753451E+0	1.8498064702E+2	4.5521605193E-3
2.6832182358E+0	1.9210181370E+2	4.5336083606E-3
2.6877425365E+0	1.9926040576E+2	4.5149804392E-3
2.6922481716E+0	2.0644311694E+2	4.4962770664E-3
2.6967350656E+0	2.1363428428E+2	4.4774985548E-3
2.7012031437E+0	2.2081806444E+2	4.4586452181E-3
2.7056523312E+0	2.2798084162E+2	4.4397173715E-3
2.7100825537E+0	2.3511275695E+2	4.4207153312E-3
2.7144937373E+0	2.4220765352E+2	4.4016394148E-3
2.7188858081E+0	2.4926145796E+2	4.3824899412E-3
2.7232586927E+0	2.5626972585E+2	4.3632672302E-3
2.7276123182E+0	2.6322544430E+2	4.3439716031E-3
2.7319466117E+0	2.7011805894E+2	4.3246033825E-3
2.7362615009E+0	2.7693414609E+2	4.3051628919E-3
2.7405569135E+0	2.8365943515E+2	4.2856504563E-3
2.7448327779E+0	2.9028131307E+2	4.2660664016E-3
2.7490890226E+0	2.9679075191E+2	4.2464110553E-3
2.7533255764E+0	3.0318286263E+2	4.2266847457E-3
2.7575423685E+0	3.0945586655E+2	4.2068878026E-3
2.7617393285E+0	3.1560893246E+2	4.1870205567E-3
2.7659163863E+0	3.2163977605E+2	4.1670833400E-3
2.7700734720E+0	3.2754298800E+2	4.1470764858E-3
2.7742105162E+0	3.3330973740E+2	4.1270003283E-3
2.7783274497E+0	3.3892893652E+2	4.1068552032E-3
2.7824242037E+0	3.4438938095E+2	4.0866414469E-3
2.7865007098E+0	3.4968201905E+2	4.0663593974E-3
2.7905568999E+0	3.5480148334E+2	4.0460093936E-3
2.7945927061E+0	3.5974632710E+2	4.0255917754E-3
2.7986080610E+0	3.6451791600E+2	4.0051068843E-3
2.8026028975E+0	3.6911842547E+2	3.9845550624E-3
2.8065771489E+0	3.7354870290E+2	3.9639366533E-3
2.8105307487E+0	3.7780676935E+2	3.9432520014E-3
2.8144636309E+0	3.8188747056E+2	3.9225014525E-3
2.8183757298E+0	3.8578335725E+2	3.9016853533E-3
2.8222669799E+0	3.8948643974E+2	3.8808040517E-3
2.8261373163E+0	3.9299017588E+2	3.8598578967E-3
2.8299866742E+0	3.9629100137E+2	3.8388472382E-3
2.8338149894E+0	3.9938890176E+2	3.8177724274E-3
2.8376221978E+0	4.0228687341E+2	3.7966338166E-3
2.8414082359E+0	4.0498949922E+2	3.7754317588E-3
2.8451730403E+0	4.0750114362E+2	3.7541666086E-3
2.8489165482E+0	4.0982436644E+2	3.7328387211E-3
2.8526386969E+0	4.1195904998E+2	3.7114484529E-3
2.8563394244E+0	4.1390247805E+2	3.6899961614E-3
2.8600186687E+0	4.1565029290E+2	3.6684822051E-3
2.8636763684E+0	4.1719798846E+2	3.6469069436E-3
2.8673124623E+0	4.1854245432E+2	3.6252707373E-3
2.8709268897E+0	4.1968309943E+2	3.6035739479E-3
2.8745195901E+0	4.2062224055E+2	3.5818169379E-3
2.8780905036E+0	4.2136467874E+2	3.5600000709E-3
2.8816395704E+0	4.2191663126E+2	3.5381237115E-3
2.8851667313E+0	4.2228436152E+2	3.5161882254E-3
2.8886719273E+0	4.2247291228E+2	3.4941939790E-3
2.8921550998E+0	4.2248528964E+2	3.4721413399E-3
2.8956161906E+0	4.2232229430E+2	3.4500306767E-3
2.8990551419E+0	4.2198300443E+2	3.4278623588E-3
2.9024718962E+0	4.2146573686E+2	3.4056367567E-3
2.9058663965E+0	4.2076919779E+2	3.3833542419E-3
2.9092385859E+0	4.1989350528E+2	3.3610151867E-3
2.9125884081E+0	4.1884082341E+2	3.3386199643E-3
2.9159158072E+0	4.1761546877E+2	3.3161689492E-3
2.9192207275E+0	4.1622349604E+2	3.2936625164E-3
2.9225031139E+0	4.1467190072E+2	3.2711010421E-3
2.9257629114E+0	4.1296766164E+2	3.2484849032E-3
2.9290000656E+0	4.1111686662E+2	3.2258144779E-3
2.9322145224E+0	4.0912412417E+2	3.2030901448E-3
2.9354062280E+0	4.0699237823E+2	3.1803122838E-3
2.9385751292E+0	4.0472313788E+2	3.1574812755E-3
2.9417211730E+0	4.0231703625E+2	3.1345975014E-3
2.9448443068E+0	3.9977456503E+2	3.1116613440E-3
2.9479444784E+0	3.9709680457E+2	3.0886731866E-3
2.9510216360E+0	3.9428598661E+2	3.0656334132E-3
2.9540757281E+0	3.9134577848E+2	3.0425424091E-3
2.9571067038E+0	3.8828124850E+2	3.0194005599E-3
2.9601145124E+0	3.8509854449E+2	2.9962082525E-3
2.9630991036E+0	3.8180437562E+2	2.9729658744E-3
2.9660604276E+0	3.7840541980E+2	2.9496738141E-3
2.9689984348E+0	3.7490778268E+2	2.9263324607E-3
2.9719130762E+0	3.7131661118E+2	2.9029422044E-3
2.9748043031E+0	3.6763592329E+2	2.8795034361E-3
2.9776720671E+0	3.6386866745E+2	2.8560165473E-3
2.9805163203E+0	3.6001697859E+2	2.8324819307E-3
2.9833370151E+0	3.5608256435E+2	2.8088999795E-3
2.9861341046E+0	3.5206713707E+2	2.7852710878E-3
2.9889075418E+0	3.4797280773E+2	2.7615956505E-3
2.9916572805E+0	3.4380237373E+2	2.7378740632E-3
2.9943832747E+0	3.3955945885E+2	2.7141067224E-3
2.9970854788E+0	3.3524849436E+2	2.6902940251E-3
2.9997638477E+0	3.3087455938E+2	2.6664363695E-3
3.0024183367E+0	3.2644312079E+2	2.6425341541E-3
3.0050489013E+0	3.2195972533E+2	2.6185877784E-3
3.0076554977E+0	3.1742969888E+2	2.5945976426E-3
3.0102380822E+0	3.1285789998E+2	2.5705641475E-3
3.0127966116E+0	3.0824856076E+2	2.5464876949E-3
3.0153310434E+0	3.0360523039E+2	2.5223686871E-3
3.0178413350E+0	2.9893081879E+2	2.4982075270E-3
3.0203274445E+0	2.9422772287E+2	2.4740046186E-3
3.0227893304E+0	2.8949800766E+2	2.4497603662E-3
3.0252269516E+0	2.8474360986E+2	2.4254751751E-3
3.0276402673E+0	2.7996653196E+2	2.4011494510E-3
3.0300292371E+0	2.7516900073E+2	2.3767836004E-3
3.0323938212E+0	2.7035357188E+2	2.3523780306E-3
3.0347339801E+0	2.6552317275E+2	2.3279331494E-3
3.0370496746E+0	2.6068108426E+2	2.3034493653E-3
3.0393408660E+0	2.5583087138E+2	2.2789270875E-3
3.0416075160E+0	2.5097627711E+2	2.2543667257E-3
3.0438495869E+0	2.4612109757E+2	2.2297686905E-3
3.0460670410E+0	2.4126905588E+2	2.2051333928E-3
3.0482598414E+0	2.3642369038E+2	2.1804612443E-3
3.0504279513E+0	2.3158826865E+2	2.1557526574E-3
3.0525713347E+0	2.2676573419E+2	2.1310080450E-3
3.0546899556E+0	2.2195868790E+2	2.1062278206E-3
3.0567837786E+0	2.1716940179E+2	2.0814123983E-3
3.0588527688E+0	2.1239985946E+2	2.0565621928E-3
3.0608968915E+0	2.0765181549E+2	2.0316776194E-3
3.0629161127E+0	2.0292686483E+2	2.0067590939E-3
3.0649103985E+0	1.9822651380E+2	1.9818070327E-3
3.0668797157E+0	1.9355224518E+2	1.9568218529E-3
3.0688240313E+0	1.8890557168E+2	1.9318039720E-3
3.0707433129E+0	1.8428807420E+2	1.9067538080E-3
3.0726375283E+0	1.7970142327E+2	1.8816717796E-3
3.0745066460E+0	1.7514738408E+2	1.8565583060E-3
3.0763506346E+0	1.7062780696E+2	1.8314138067E-3
3.0781694634E+0	1.6614460640E+2	1.8062387021E-3
3.0799631019E+0	1.6169973211E+2	1.7810334128E-3
3.0817315203E+0	1.5729513603E+2	1.7557983600E-3
3.0834746889E+0	1.5293273869E+2	1.7305339655E-3
3.0851925786E+0	1.4861439803E+2	1.7052406515E-3
3.0868851607E+0	1.4434188298E+2	1.6799188405E-3
3.0885524069E+0	1.4011685327E+2	1.6545689559E-3
3.0901942894E+0	1.3594084626E+2	1.6291914212E-3
3.0918107807E+0	1.3181527078E+2	1.6037866605E-3
3.0934018538E+0	1.2774140747E+2	1.5783550984E-3
3.0949674821E+0	1.2372041469E+2	1.5528971598E-3
3.0965076394E+0	1.1975333864E+2	1.5274132703E-3
3.0980223001E+0	1.1584112656E+2	1.5019038556E-3
3.0995114388E+0	1.1198464143E+2	1.4763693421E-3
3.1009750306E+0	1.0818467723E+2	1.4508101565E-3
3.1024130510E+0	1.0444197352E+2	1.4252267258E-3
3.1038254761E+0	1.0075722864E+2	1.3996194778E-3
3.1052122822E+0	9.7131110975E+1	1.3739888402E-3
3.1065734461E+0	9.3564267964E+1	1.3483352414E-3
3.1079089451E+0	9.0057332735E+1	1.3226591101E-3
3.1092187570E+0	8.6610928432E+1	1.2969608754E-3
3.1105028597E+0	8.3225670466E+1	1.2712409668E-3
3.1117612318E+0	7.9902166964E+1	1.2454998140E-3
3.1129938524E+0	7.6641017791E+1	1.2197378472E-3
3.1142007007E+0	7.3442812517E+1	1.1939554970E-3
3.1153817567E+0	7.0308127688E+1	1.1681531941E-3
3.1165370006E+0	6.7237523757E+1	1.1423313699E-3
3.1176664131E+0	6.4231541942E+1	1.1164904558E-3
3.1187699753E+0	6.1290701272E+1	1.0906308836E-3
3.1198476688E+0	5.8415495982E+1	1.0647530855E-3
3.1208994755E+0	5.5606393396E+1	1.0388574939E-3
3.1219253780E+0	5.2863832347E+1	1.0129445417E-3
3.1229253590E+0	5.0188222185E+1	9.8701466182E-4
3.1238994018E+0	4.7579942345E+1	9.6106828758E-4
3.1248474902E+0	4.5039342444E+1	9.3510585261E-4
3.1257696083E+0	4.2566742835E+1	9.0912779076E-4
3.1266657407E+0	4.0162435572E+1	8.8313453619E-4
3.1275358724E+0	3.7826685674E+1	8.5712652325E-4
3.1283799890E+0	3.5559732640E+1	8.3110418659E-4
3.1291980762E+0	3.3361792121E+1	8.0506796108E-4
3.1299901204E+0	3.1233057689E+1	7.7901828182E-4
3.1307561084E+0	2.9173702649E+1	7.5295558414E-4
3.1314960274E+0	2.7183881824E+1	7.2688030358E-4
3.1322098650E+0	2.5263733303E+1	7.0079287589E-4
3.1328976092E+0	2.3413380096E+1	6.7469373705E-4
3.1335592487E+0	2.1632931685E+1	6.4858332323E-4
3.1341947723E+0	1.9922485466E+1	6.2246207073E-4
3.1348041694E+0	1.8282128056E+1	5.9633041614E-4
3.1353874298E+0	1.6711936481E+1	5.7018879612E-4
3.1359445438E+0	1.5211979240E+1	5.4403764760E-4
3.1364755020E+0	1.3782317247E+1	5.1787740760E-4
3.1369802957E+0	1.2423004676E+1	4.9170851331E-4
3.1374589163E+0	1.1134089690E+1	4.6553140213E-4
3.1379113559E+0	9.9156150979E+0	4.3934651156E-4
3.1383376069E+0	8.7676189183E+0	4.1315427928E-4
3.1387376622E+0	7.6901348811E+0	3.8695514312E-4
3.1391115150E+0	6.6831928661E+0	3.6074954110E-4
3.1394591592E+0	5.7468192890E+0	3.3453791144E-4
3.1397805890E+0	4.8810374412E+0	3.0832069259E-4
3.1400757989E+0	4.0858677908E+0	2.8209832342E-4
3.1403447841E+0	3.3613282478E+0	2.5587124334E-4
3.1405875400E+0	2.7074343993E+0	2.2963989267E-4
3.1408040626E+0	2.1241997144E+0	2.0340471372E-4
3.1409943483E+0	1.6116357226E+0	1.7716615272E-4
3.1411583939E+0	1.1697521586E+0	1.5092466531E-4
3.1412961968E+0	7.9855706050E-1	1.2468073282E-4
3.1414077547E+0	4.9805676143E-1	9.8434919423E-5
3.1414930663E+0	2.6825550455E-1	7.2188137769E-5
3.1415521316E+0	1.0915291888E-1	4.5943520243E-5
3.1415849628E+0	2.0716366277E-2	1.9736940383E-5