# Differential cross section		
# Author: P. Swaczyna	Princeton University	(swaczyna@princeton.edu)
# Date: 	Tue 3 Nov 2020 16:30:28	
# 		
# Elastic collision: H^+ + He^0 -> H^+ + He^0		
# 		
# Red. mass: 	7.4962491838E+8	 eV/c^2
# CM energy: 	2.1379620895E-2	 eV
# Rel speed: 	2.2641943038E+5	 cm/s
# Tot sigma: 	8.5539472137E+2	 a.u.
# Int sigma: 	8.5539472139E+2	 a.u.
# 		
# Columns:		
# the <- scattering angle (rad)		
# dcs <- dsigma/dOmega*2*pi*sin(the) (a.u. = 2.8002852056E-17 cm^2)		
# wei <- weight for cross section integration (approx. width of angle bin)		
# 		
# the	dcs	wei
7.6907532846E-6	2.3112417382E+0	1.9736940383E-5
4.0521979771E-5	1.2177698947E+1	4.5943520243E-5
9.9587300392E-5	2.9927368470E+1	7.2188137769E-5
1.8489884726E-4	5.5560920681E+1	9.8434919423E-5
2.9645680168E-4	8.9070063789E+1	1.2468073282E-4
4.3425968311E-4	1.3043625106E+2	1.5092466531E-4
5.9830531657E-4	1.7962532110E+2	1.7716615272E-4
7.8859101285E-4	2.3658076788E+2	2.0340471372E-4
1.0051136166E-3	3.0121607313E+2	2.2963989267E-4
1.2478695220E-3	3.7340650995E+2	2.5587124334E-4
1.5168546797E-3	4.5298098150E+2	2.8209832342E-4
1.8120645986E-3	5.3971465486E+2	3.0832069259E-4
2.1334943481E-3	6.3332334780E+2	3.3453791144E-4
2.4811385584E-3	7.3346078114E+2	3.6074954110E-4
2.8549914211E-3	8.3971986642E+2	3.8695514312E-4
3.2550466893E-3	9.5163909071E+2	4.1315427928E-4
3.6812976783E-3	1.0687147208E+3	4.3934651156E-4
4.1337372652E-3	1.1904189282E+3	4.6553140213E-4
4.6123578895E-3	1.3162230266E+3	4.9170851331E-4
5.1171515529E-3	1.4456238664E+3	5.1787740760E-4
5.6481098199E-3	1.5781702014E+3	5.4403764760E-4
6.2052238176E-3	1.7134847522E+3	5.7018879612E-4
6.7884842360E-3	1.8512770696E+3	5.9633041614E-4
7.3978813281E-3	1.9913424838E+3	6.2246207073E-4
8.0334049101E-3	2.1335437109E+3	6.4858332323E-4
8.6950443616E-3	2.2777742553E+3	6.7469373705E-4
9.3827886258E-3	2.4239064899E+3	7.0079287589E-4
1.0096626210E-2	2.5717318055E+3	7.2688030358E-4
1.0836545184E-2	2.7209046251E+3	7.5295558414E-4
1.1602533184E-2	2.8709050938E+3	7.7901828182E-4
1.2394577408E-2	3.0210352822E+3	8.0506796108E-4
1.3212664621E-2	3.1704593146E+3	8.3110418659E-4
1.4056781152E-2	3.3182882803E+3	8.5712652325E-4
1.4926912893E-2	3.4636971453E+3	8.8313453619E-4
1.5823045305E-2	3.6060464699E+3	9.0912779076E-4
1.6745163410E-2	3.7449719315E+3	9.3510585261E-4
1.7693251801E-2	3.8804052727E+3	9.6106828758E-4
1.8667294632E-2	4.0125050101E+3	9.8701466182E-4
1.9667275626E-2	4.1415028979E+3	1.0129445417E-3
2.0693178073E-2	4.2675055635E+3	1.0388574939E-3
2.1744984827E-2	4.3903178669E+3	1.0647530855E-3
2.2822678313E-2	4.5093618939E+3	1.0906308836E-3
2.3926240519E-2	4.6237432719E+3	1.1164904558E-3
2.5055653005E-2	4.7324645493E+3	1.1423313699E-3
2.6210896896E-2	4.8347181404E+3	1.1681531941E-3
2.7391952886E-2	4.9301378041E+3	1.1939554970E-3
2.8598801239E-2	5.0188813664E+3	1.2197378472E-3
2.9831421786E-2	5.1014771530E+3	1.2454998140E-3
3.1089793929E-2	5.1784777245E+3	1.2712409668E-3
3.2373896638E-2	5.2500767314E+3	1.2969608754E-3
3.3683708455E-2	5.3158931311E+3	1.3226591101E-3
3.5019207490E-2	5.3750673726E+3	1.3483352414E-3
3.6380371427E-2	5.4266550325E+3	1.3739888402E-3
3.7767177517E-2	5.4701182936E+3	1.3996194778E-3
3.9179602586E-2	5.5056194777E+3	1.4252267258E-3
4.0617623030E-2	5.5339033728E+3	1.4508101565E-3
4.2081214817E-2	5.5558015600E+3	1.4763693421E-3
4.3570353490E-2	5.5716593609E+3	1.5019038556E-3
4.5085014162E-2	5.5810813929E+3	1.5274132703E-3
4.6625171522E-2	5.5832105623E+3	1.5528971598E-3
4.8190799831E-2	5.5773816078E+3	1.5783550984E-3
4.9781872927E-2	5.5636789427E+3	1.6037866605E-3
5.1398364219E-2	5.5429474287E+3	1.6291914212E-3
5.3040246694E-2	5.5162038997E+3	1.6545689559E-3
5.4707492914E-2	5.4838978349E+3	1.6799188405E-3
5.6400075017E-2	5.4456439684E+3	1.7052406515E-3
5.8117964718E-2	5.4006916059E+3	1.7305339655E-3
5.9861133308E-2	5.3487520904E+3	1.7557983600E-3
6.1629551657E-2	5.2904373586E+3	1.7810334128E-3
6.3423190212E-2	5.2268708029E+3	1.8062387021E-3
6.5242019000E-2	5.1588094226E+3	1.8314138067E-3
6.7086007624E-2	5.0861295418E+3	1.8565583060E-3
6.8955125270E-2	5.0082121027E+3	1.8816717796E-3
7.0849340702E-2	4.9248569916E+3	1.9067538080E-3
7.2768622264E-2	4.8367667818E+3	1.9318039720E-3
7.4712937885E-2	4.7450589917E+3	1.9568218529E-3
7.6682255070E-2	4.6503290816E+3	1.9818070327E-3
7.8676540910E-2	4.5523211009E+3	2.0067590939E-3
8.0695762079E-2	4.4505935600E+3	2.0316776194E-3
8.2739884832E-2	4.3453988715E+3	2.0565621928E-3
8.4808875009E-2	4.2377116918E+3	2.0814123983E-3
8.6902698034E-2	4.1283713088E+3	2.1062278206E-3
8.9021318917E-2	4.0174218683E+3	2.1310080450E-3
9.1164702253E-2	3.9044901578E+3	2.1557526574E-3
9.3332812224E-2	3.7896890944E+3	2.1804612443E-3
9.5525612596E-2	3.6738337193E+3	2.2051333928E-3
9.7743066726E-2	3.5576955858E+3	2.2297686905E-3
9.9985137556E-2	3.4413540586E+3	2.2543667257E-3
1.0225178762E-1	3.3245450088E+3	2.2789270875E-3
1.0454297904E-1	3.2074625958E+3	2.3034493653E-3
1.0685867352E-1	3.0908301491E+3	2.3279331494E-3
1.0919883237E-1	2.9751802032E+3	2.3523780306E-3
1.1156341648E-1	2.8604711915E+3	2.3767836004E-3
1.1395238633E-1	2.7465911262E+3	2.4011494510E-3
1.1636570200E-1	2.6338973804E+3	2.4254751751E-3
1.1880332317E-1	2.5229485512E+3	2.4497603662E-3
1.2126520909E-1	2.4139390617E+3	2.4740046186E-3
1.2375131862E-1	2.3067741671E+3	2.4982075270E-3
1.2626161023E-1	2.2015757640E+3	2.5223686871E-3
1.2879604195E-1	2.0987258075E+3	2.5464876949E-3
1.3135457143E-1	1.9984528896E+3	2.5705641475E-3
1.3393715592E-1	1.9007421866E+3	2.5945976426E-3
1.3654375226E-1	1.8056517088E+3	2.6185877784E-3
1.3917431689E-1	1.7133917492E+3	2.6425341541E-3
1.4182880585E-1	1.6240908901E+3	2.6664363695E-3
1.4450717478E-1	1.5377681984E+3	2.6902940251E-3
1.4720937892E-1	1.4544981951E+3	2.7141067224E-3
1.4993537310E-1	1.3743633714E+3	2.7378740632E-3
1.5268511179E-1	1.2973506719E+3	2.7615956505E-3
1.5545854902E-1	1.2234884466E+3	2.7852710878E-3
1.5825563845E-1	1.1528829671E+3	2.8088999795E-3
1.6107633333E-1	1.0854934652E+3	2.8324819307E-3
1.6392058653E-1	1.0211822468E+3	2.8560165473E-3
1.6678835052E-1	9.6001626456E+2	2.8795034361E-3
1.6967957737E-1	9.0210145106E+2	2.9029422044E-3
1.7259421876E-1	8.4724140871E+2	2.9263324607E-3
1.7553222599E-1	7.9525254561E+2	2.9496738141E-3
1.7849354996E-1	7.4628850260E+2	2.9729658744E-3
1.8147814117E-1	7.0035724378E+2	2.9962082525E-3
1.8448594977E-1	6.5710385369E+2	3.0194005599E-3
1.8751692548E-1	6.1644991639E+2	3.0425424091E-3
1.9057101764E-1	5.7860271541E+2	3.0656334132E-3
1.9364817522E-1	5.4333318121E+2	3.0886731866E-3
1.9674834681E-1	5.1027028837E+2	3.1116613440E-3
1.9987148058E-1	4.7956791563E+2	3.1345975014E-3
2.0301752435E-1	4.5127664039E+2	3.1574812755E-3
2.0618642554E-1	4.2493231009E+2	3.1803122838E-3
2.0937813120E-1	4.0043932687E+2	3.2030901448E-3
2.1259258799E-1	3.7803860218E+2	3.2258144779E-3
2.1582974219E-1	3.5739825380E+2	3.2484849032E-3
2.1908953970E-1	3.3817473162E+2	3.2711010421E-3
2.2237192605E-1	3.2061981652E+2	3.2936625164E-3
2.2567684639E-1	3.0462643487E+2	3.3161689492E-3
2.2900424548E-1	2.8972656906E+2	3.3386199643E-3
2.3235406772E-1	2.7606268687E+2	3.3610151867E-3
2.3572625713E-1	2.6372073128E+2	3.3833542419E-3
2.3912075735E-1	2.5223347207E+2	3.4056367567E-3
2.4253751167E-1	2.4160968568E+2	3.4278623588E-3
2.4597646298E-1	2.3204932567E+2	3.4500306767E-3
2.4943755380E-1	2.2315470213E+2	3.4721413399E-3
2.5292072631E-1	2.1483723689E+2	3.4941939790E-3
2.5642592230E-1	2.0734174489E+2	3.5161882254E-3
2.5995308318E-1	2.0035405655E+2	3.5381237115E-3
2.6350215001E-1	1.9374205583E+2	3.5600000709E-3
2.6707306349E-1	1.8775322014E+2	3.5818169379E-3
2.7066576394E-1	1.8214060233E+2	3.6035739479E-3
2.7428019131E-1	1.7677545540E+2	3.6252707373E-3
2.7791628522E-1	1.7188581451E+2	3.6469069436E-3
2.8157398488E-1	1.6726813959E+2	3.6684822051E-3
2.8525322919E-1	1.6282952761E+2	3.6899961614E-3
2.8895395665E-1	1.5876407734E+2	3.7114484529E-3
2.9267610542E-1	1.5489487748E+2	3.7328387211E-3
2.9641961330E-1	1.5118186876E+2	3.7541666086E-3
3.0018441773E-1	1.4777057438E+2	3.7754317588E-3
3.0397045579E-1	1.4450838397E+2	3.7966338166E-3
3.0777766421E-1	1.4140763641E+2	3.8177724274E-3
3.1160597938E-1	1.3855187235E+2	3.8388472382E-3
3.1545533730E-1	1.3582507666E+2	3.8598578967E-3
3.1932567367E-1	1.3327066969E+2	3.8808040517E-3
3.2321692379E-1	1.3090883573E+2	3.9016853533E-3
3.2712902264E-1	1.2867660643E+2	3.9225014525E-3
3.3106190484E-1	1.2660875252E+2	3.9432520014E-3
3.3501550468E-1	1.2468621223E+2	3.9639366533E-3
3.3898975607E-1	1.2289758229E+2	3.9845550624E-3
3.4298459261E-1	1.2123048659E+2	4.0051068843E-3
3.4699994753E-1	1.1967496842E+2	4.0255917754E-3
3.5103575373E-1	1.1823137187E+2	4.0460093936E-3
3.5509194378E-1	1.1684001057E+2	4.0663593974E-3
3.5916844988E-1	1.1553814937E+2	4.0866414469E-3
3.6326520391E-1	1.1427294278E+2	4.1068552032E-3
3.6738213741E-1	1.1299830484E+2	4.1270003283E-3
3.7151918157E-1	1.1177178245E+2	4.1470764858E-3
3.7567626728E-1	1.1046437377E+2	4.1670833400E-3
3.7985332504E-1	1.0911943828E+2	4.1870205567E-3
3.8405028507E-1	1.0771841981E+2	4.2068878026E-3
3.8826707721E-1	1.0614148285E+2	4.2266847457E-3
3.9250363101E-1	1.0450086599E+2	4.2464110553E-3
3.9675987567E-1	1.0264860525E+2	4.2660664016E-3
4.0103574005E-1	1.0060658978E+2	4.2856504563E-3
4.0533115271E-1	9.8406180752E+1	4.3051628919E-3
4.0964604185E-1	9.5891875928E+1	4.3246033825E-3
4.1398033538E-1	9.3209657538E+1	4.3439716031E-3
4.1833396086E-1	9.0220393003E+1	4.3632672302E-3
4.2270684554E-1	8.6955666785E+1	4.3824899412E-3
4.2709891633E-1	8.3470592605E+1	4.4016394148E-3
4.3151009985E-1	7.9630050220E+1	4.4207153312E-3
4.3594032237E-1	7.5605767529E+1	4.4397173715E-3
4.4038950986E-1	7.1272086033E+1	4.4586452181E-3
4.4485758797E-1	6.6718428535E+1	4.4774985548E-3
4.4934448203E-1	6.1985752564E+1	4.4962770664E-3
4.5385011706E-1	5.7016187798E+1	4.5149804392E-3
4.5837441776E-1	5.1982797115E+1	4.5336083606E-3
4.6291730852E-1	4.6792520794E+1	4.5521605193E-3
4.6747871344E-1	4.1604038601E+1	4.5706366053E-3
4.7205855627E-1	3.6421339322E+1	4.5890363098E-3
4.7665676049E-1	3.1301763238E+1	4.6073593254E-3
4.8127324926E-1	2.6367139497E+1	4.6256053458E-3
4.8590794542E-1	2.1606101126E+1	4.6437740661E-3
4.9056077152E-1	1.7182600753E+1	4.6618651826E-3
4.9523164982E-1	1.3098105426E+1	4.6798783932E-3
4.9992050224E-1	9.4820839705E+0	4.6978133967E-3
5.0462725044E-1	6.3901586718E+0	4.7156698934E-3
5.0935181576E-1	3.9004309370E+0	4.7334475849E-3
5.1409411924E-1	2.1019798679E+0	4.7511461741E-3
5.1885408164E-1	1.0506578565E+0	4.7687653653E-3
5.2363162341E-1	8.2515286623E-1	4.7863048641E-3
5.2842666471E-1	1.4860000703E+0	4.8037643772E-3
5.3323912540E-1	3.0791044196E+0	4.8211436130E-3
5.3806892508E-1	5.6643895558E+0	4.8384422809E-3
5.4291598301E-1	9.2663125584E+0	4.8556600920E-3
5.4778021821E-1	1.3912723402E+1	4.8727967585E-3
5.5266154939E-1	1.9633075101E+1	4.8898519940E-3
5.5755989496E-1	2.6391719789E+1	4.9068255135E-3
5.6247517308E-1	3.4238624105E+1	4.9237170334E-3
5.6740730160E-1	4.3065255641E+1	4.9405262713E-3
5.7235619810E-1	5.2933237833E+1	4.9572529464E-3
5.7732177988E-1	6.3678768006E+1	4.9738967791E-3
5.8230396395E-1	7.5345877976E+1	4.9904574913E-3
5.8730266706E-1	8.7750102564E+1	5.0069348063E-3
5.9231780568E-1	1.0088259946E+2	5.0233284486E-3
5.9734929598E-1	1.1457446784E+2	5.0396381444E-3
6.0239705389E-1	1.2873734730E+2	5.0558636210E-3
6.0746099506E-1	1.4324378345E+2	5.0720046074E-3
6.1254103485E-1	1.5791633094E+2	5.0880608338E-3
6.1763708838E-1	1.7267984117E+2	5.1040320318E-3
6.2274907048E-1	1.8727613792E+2	5.1199179345E-3
6.2787689573E-1	2.0168008657E+2	5.1357182766E-3
6.3302047843E-1	2.1557450250E+2	5.1514327939E-3
6.3817973262E-1	2.2897422160E+2	5.1670612238E-3
6.4335457209E-1	2.4153147948E+2	5.1826033052E-3
6.4854491036E-1	2.5328913135E+2	5.1980587783E-3
6.5375066070E-1	2.6389782661E+2	5.2134273849E-3
6.5897173609E-1	2.7341890451E+2	5.2287088681E-3
6.6420804930E-1	2.8152670673E+2	5.2439029725E-3
6.6945951283E-1	2.8829606625E+2	5.2590094442E-3
6.7472603890E-1	2.9344437678E+2	5.2740280309E-3
6.8000753951E-1	2.9705969399E+2	5.2889584814E-3
6.8530392640E-1	2.9891534053E+2	5.3038005463E-3
6.9061511106E-1	2.9911591898E+2	5.3185539776E-3
6.9594100473E-1	2.9749751631E+2	5.3332185287E-3
7.0128151841E-1	2.9418647202E+2	5.3477939546E-3
7.0663656285E-1	2.8908332731E+2	5.3622800116E-3
7.1200604856E-1	2.8234141405E+2	5.3766764577E-3
7.1738988581E-1	2.7392326687E+2	5.3909830523E-3
7.2278798463E-1	2.6401298430E+2	5.4051995564E-3
7.2820025482E-1	2.5262940993E+2	5.4193257323E-3
7.3362660591E-1	2.3998855821E+2	5.4333613439E-3
7.3906694724E-1	2.2615749711E+2	5.4473061568E-3
7.4452118788E-1	2.1138197388E+2	5.4611599379E-3
7.4998923669E-1	1.9576754419E+2	5.4749224557E-3
7.5547100229E-1	1.7958388069E+2	5.4885934801E-3
7.6096639308E-1	1.6296434428E+2	5.5021727828E-3
7.6647531721E-1	1.4619319366E+2	5.5156601367E-3
7.7199768263E-1	1.2942063606E+2	5.5290553166E-3
7.7753339704E-1	1.1293310388E+2	5.5423580985E-3
7.8308236795E-1	9.6887007910E+1	5.5555682601E-3
7.8864450262E-1	8.1556297380E+1	5.5686855808E-3
7.9421970809E-1	6.7093696373E+1	5.5817098412E-3
7.9980789121E-1	5.3744977274E+1	5.5946408237E-3
8.0540895857E-1	4.1650226335E+1	5.6074783123E-3
8.1102281659E-1	3.1011881515E+1	5.6202220924E-3
8.1664937145E-1	2.1949253808E+1	5.6328719509E-3
8.2228852912E-1	1.4608680165E+1	5.6454276767E-3
8.2794019536E-1	9.0809591302E+0	5.6578890597E-3
8.3360427572E-1	5.4478874485E+0	5.6702558918E-3
8.3928067556E-1	3.7638755556E+0	5.6825279663E-3
8.4496930000E-1	4.0437367405E+0	5.6947050782E-3
8.5067005399E-1	6.2971349259E+0	5.7067870238E-3
8.5638284226E-1	1.0476374772E+1	5.7187736014E-3
8.6210756934E-1	1.6537810291E+1	5.7306646105E-3
8.6784413956E-1	2.4382299178E+1	5.7424598526E-3
8.7359245705E-1	3.3905410733E+1	5.7541591304E-3
8.7935242576E-1	4.4972280243E+1	5.7657622485E-3
8.8512394943E-1	5.7413747586E+1	5.7772690129E-3
8.9090693161E-1	7.1076180202E+1	5.7886792314E-3
8.9670127565E-1	8.5728485630E+1	5.7999927133E-3
9.0250688473E-1	1.0121222710E+2	5.8112092696E-3
9.0832366182E-1	1.1724687760E+2	5.8223287127E-3
9.1415150972E-1	1.3367653320E+2	5.8333508568E-3
9.1999033104E-1	1.5019461176E+2	5.8442755178E-3
9.2584002820E-1	1.6664709308E+2	5.8551025132E-3
9.3170050345E-1	1.8273350690E+2	5.8658316618E-3
9.3757165885E-1	1.9829528880E+2	5.8764627846E-3
9.4345339628E-1	2.1307304143E+2	5.8869957037E-3
9.4934561746E-1	2.2689721554E+2	5.8974302433E-3
9.5524822392E-1	2.3957841365E+2	5.9077662288E-3
9.6116111701E-1	2.5093705815E+2	5.9180034877E-3
9.6708419793E-1	2.6086796608E+2	5.9281418487E-3
9.7301736769E-1	2.6919537414E+2	5.9381811425E-3
9.7896052713E-1	2.7589333494E+2	5.9481212013E-3
9.8491357695E-1	2.8081642853E+2	5.9579618591E-3
9.9087641766E-1	2.8399663039E+2	5.9677029512E-3
9.9684894961E-1	2.8535048118E+2	5.9773443150E-3
1.0028310730E+0	2.8494040529E+2	5.9868857894E-3
1.0088226878E+0	2.8276883809E+2	5.9963272149E-3
1.0148236940E+0	2.7890821058E+2	6.0056684336E-3
1.0208339913E+0	2.7345124959E+2	6.0149092896E-3
1.0268534791E+0	2.6647608665E+2	6.0240496283E-3
1.0328820570E+0	2.5814676613E+2	6.0330892971E-3
1.0389196241E+0	2.4855803908E+2	6.0420281448E-3
1.0449660796E+0	2.3791061236E+2	6.0508660221E-3
1.0510213224E+0	2.2633079508E+2	6.0596027814E-3
1.0570852514E+0	2.1402131120E+2	6.0682382765E-3
1.0631577652E+0	2.0114438738E+2	6.0767723631E-3
1.0692387623E+0	1.8788427540E+2	6.0852048988E-3
1.0753281411E+0	1.7442526736E+2	6.0935357425E-3
1.0814257998E+0	1.6092995440E+2	6.1017647550E-3
1.0875316366E+0	1.4757823081E+2	6.1098917988E-3
1.0936455494E+0	1.3451549692E+2	6.1179167381E-3
1.0997674360E+0	1.2189326243E+2	6.1258394388E-3
1.1058971941E+0	1.0983803049E+2	6.1336597685E-3
1.1120347214E+0	9.8463830106E+1	6.1413775965E-3
1.1181799151E+0	8.7865253268E+1	6.1489927938E-3
1.1243326727E+0	7.8123538892E+1	6.1565052331E-3
1.1304928913E+0	6.9286354148E+1	6.1639147890E-3
1.1366604679E+0	6.1407047192E+1	6.1712213376E-3
1.1428352996E+0	5.4484799453E+1	6.1784247568E-3
1.1490172830E+0	4.8537990275E+1	6.1855249261E-3
1.1552063150E+0	4.3534502383E+1	6.1925217271E-3
1.1614022920E+0	3.9442344192E+1	6.1994150427E-3
1.1676051105E+0	3.6220802788E+1	6.2062047577E-3
1.1738146669E+0	3.3782601660E+1	6.2128907587E-3
1.1800308574E+0	3.2085512293E+1	6.2194729339E-3
1.1862535782E+0	3.1008016158E+1	6.2259511734E-3
1.1924827251E+0	3.0490862282E+1	6.2323253688E-3
1.1987181942E+0	3.0417958180E+1	6.2385954138E-3
1.2049598812E+0	3.0693209803E+1	6.2447612034E-3
1.2112076818E+0	3.1235889410E+1	6.2508226346E-3
1.2174614916E+0	3.1917171492E+1	6.2567796062E-3
1.2237212062E+0	3.2688530208E+1	6.2626320186E-3
1.2299867208E+0	3.3424737707E+1	6.2683797740E-3
1.2362579308E+0	3.4080514604E+1	6.2740227763E-3
1.2425347314E+0	3.4577903191E+1	6.2795609313E-3
1.2488170177E+0	3.4854042440E+1	6.2849941464E-3
1.2551046847E+0	3.4893033612E+1	6.2903223308E-3
1.2613976273E+0	3.4628092629E+1	6.2955453954E-3
1.2676957404E+0	3.4081047595E+1	6.3006632530E-3
1.2739989187E+0	3.3218832629E+1	6.3056758180E-3
1.2803070569E+0	3.2065330028E+1	6.3105830068E-3
1.2866200496E+0	3.0645301815E+1	6.3153847371E-3
1.2929377912E+0	2.8973891582E+1	6.3200809290E-3
1.2992601762E+0	2.7120553850E+1	6.3246715037E-3
1.3055870990E+0	2.5110878225E+1	6.3291563847E-3
1.3119184537E+0	2.3024351635E+1	6.3335354970E-3
1.3182541347E+0	2.0916801900E+1	6.3378087674E-3
1.3245940360E+0	1.8856339636E+1	6.3419761245E-3
1.3309380516E+0	1.6922848033E+1	6.3460374987E-3
1.3372860756E+0	1.5177048630E+1	6.3499928220E-3
1.3436380019E+0	1.3698456557E+1	6.3538420284E-3
1.3499937243E+0	1.2548727843E+1	6.3575850535E-3
1.3563531366E+0	1.1792187954E+1	6.3612218349E-3
1.3627161325E+0	1.1483093308E+1	6.3647523117E-3
1.3690826057E+0	1.1673512215E+1	6.3681764249E-3
1.3754524499E+0	1.2395001402E+1	6.3714941173E-3
1.3818255585E+0	1.3687166268E+1	6.3747053335E-3
1.3882018250E+0	1.5560714121E+1	6.3778100198E-3
1.3945811430E+0	1.8025124312E+1	6.3808081243E-3
1.4009634057E+0	2.1087055135E+1	6.3836995970E-3
1.4073485066E+0	2.4711393820E+1	6.3864843894E-3
1.4137363389E+0	2.8901204910E+1	6.3891624551E-3
1.4201267959E+0	3.3594730784E+1	6.3917337493E-3
1.4265197708E+0	3.8762147030E+1	6.3941982290E-3
1.4329151568E+0	4.4353811077E+1	6.3965558531E-3
1.4393128469E+0	5.0283200010E+1	6.3988065821E-3
1.4457127343E+0	5.6523358349E+1	6.4009503785E-3
1.4521147120E+0	6.2956279175E+1	6.4029872063E-3
1.4585186731E+0	6.9538908770E+1	6.4049170317E-3
1.4649245104E+0	7.6181580266E+1	6.4067398222E-3
1.4713321170E+0	8.2784333858E+1	6.4084555476E-3
1.4777413858E+0	8.9312264222E+1	6.4100641790E-3
1.4841522097E+0	9.5629050894E+1	6.4115656896E-3
1.4905644815E+0	1.0171122446E+2	6.4129600544E-3
1.4969780940E+0	1.0745936598E+2	6.4142472499E-3
1.5033929402E+0	1.1280107354E+2	6.4154272548E-3
1.5098089128E+0	1.1771717674E+2	6.4165000493E-3
1.5162259046E+0	1.2209219764E+2	6.4174656154E-3
1.5226438083E+0	1.2594560564E+2	6.4183239370E-3
1.5290625167E+0	1.2919524087E+2	6.4190749998E-3
1.5354819225E+0	1.3182247385E+2	6.4197187912E-3
1.5419019185E+0	1.3383617695E+2	6.4202553005E-3
1.5483223974E+0	1.3516585786E+2	6.4206845187E-3
1.5547432518E+0	1.3587785055E+2	6.4210064386E-3
1.5611643745E+0	1.3591989370E+2	6.4212210549E-3
1.5675856581E+0	1.3533055431E+2	6.4213283639E-3
1.5740069954E+0	1.3414310598E+2	6.4213283639E-3
1.5804282791E+0	1.3233589844E+2	6.4212210549E-3
1.5868494018E+0	1.3000725822E+2	6.4210064386E-3
1.5932702562E+0	1.2713250362E+2	6.4206845187E-3
1.5996907351E+0	1.2379149780E+2	6.4202553005E-3
1.6061107310E+0	1.2002736393E+2	6.4197187912E-3
1.6125301369E+0	1.1585597542E+2	6.4190749998E-3
1.6189488453E+0	1.1138320064E+2	6.4183239370E-3
1.6253667490E+0	1.0660188658E+2	6.4174656154E-3
1.6317837408E+0	1.0160843842E+2	6.4165000493E-3
1.6381997134E+0	9.6440258678E+1	6.4154272548E-3
1.6446145595E+0	9.1133786194E+1	6.4142472499E-3
1.6510281721E+0	8.5779873107E+1	6.4129600544E-3
1.6574404439E+0	8.0379475761E+1	6.4115656896E-3
1.6638512678E+0	7.5022398935E+1	6.4100641790E-3
1.6702605366E+0	6.9731708701E+1	6.4084555476E-3
1.6766681432E+0	6.4549060031E+1	6.4067398222E-3
1.6830739805E+0	5.9537152812E+1	6.4049170317E-3
1.6894779416E+0	5.4700070913E+1	6.4029872063E-3
1.6958799193E+0	5.0105045002E+1	6.4009503785E-3
1.7022798067E+0	4.5760968936E+1	6.3988065821E-3
1.7086774968E+0	4.1702816166E+1	6.3965558531E-3
1.7150728827E+0	3.7962614589E+1	6.3941982290E-3
1.7214658576E+0	3.4545029999E+1	6.3917337493E-3
1.7278563146E+0	3.1486289130E+1	6.3891624551E-3
1.7342441470E+0	2.8786169877E+1	6.3864843894E-3
1.7406292478E+0	2.6462750191E+1	6.3836995970E-3
1.7470115106E+0	2.4522281730E+1	6.3808081243E-3
1.7533908286E+0	2.2965383238E+1	6.3778100198E-3
1.7597670951E+0	2.1794950400E+1	6.3747053335E-3
1.7661402037E+0	2.1005869307E+1	6.3714941173E-3
1.7725100479E+0	2.0589955451E+1	6.3681764249E-3
1.7788765211E+0	2.0536143922E+1	6.3647523117E-3
1.7852395170E+0	2.0832212056E+1	6.3612218349E-3
1.7915989293E+0	2.1451682766E+1	6.3575850535E-3
1.7979546517E+0	2.2384515181E+1	6.3538420284E-3
1.8043065780E+0	2.3591152684E+1	6.3499928220E-3
1.8106546020E+0	2.5052953520E+1	6.3460374987E-3
1.8169986176E+0	2.6735295766E+1	6.3419761245E-3
1.8233385189E+0	2.8594523190E+1	6.3378087674E-3
1.8296741999E+0	3.0612083111E+1	6.3335354970E-3
1.8360055546E+0	3.2722852033E+1	6.3291563847E-3
1.8423324774E+0	3.4910233595E+1	6.3246715037E-3
1.8486548624E+0	3.7114805989E+1	6.3200809290E-3
1.8549726040E+0	3.9296168536E+1	6.3153847371E-3
1.8612855967E+0	4.1424217271E+1	6.3105830068E-3
1.8675937349E+0	4.3429366303E+1	6.3056758180E-3
1.8738969132E+0	4.5304288777E+1	6.3006632530E-3
1.8801950263E+0	4.6977154323E+1	6.2955453954E-3
1.8864879689E+0	4.8433226124E+1	6.2903223308E-3
1.8927756359E+0	4.9633788824E+1	6.2849941464E-3
1.8990579222E+0	5.0536463371E+1	6.2795609313E-3
1.9053347228E+0	5.1145339616E+1	6.2740227763E-3
1.9116059328E+0	5.1403942742E+1	6.2683797740E-3
1.9178714474E+0	5.1335479447E+1	6.2626320186E-3
1.9241311620E+0	5.0905552843E+1	6.2567796062E-3
1.9303849718E+0	5.0124964325E+1	6.2508226346E-3
1.9366327724E+0	4.9006811816E+1	6.2447612034E-3
1.9428744594E+0	4.7541277218E+1	6.2385954138E-3
1.9491099285E+0	4.5782046240E+1	6.2323253688E-3
1.9553390754E+0	4.3720004220E+1	6.2259511734E-3
1.9615617961E+0	4.1419389885E+1	6.2194729339E-3
1.9677779867E+0	3.8900929134E+1	6.2128907587E-3
1.9739875431E+0	3.6213858778E+1	6.2062047577E-3
1.9801903616E+0	3.3419287566E+1	6.1994150427E-3
1.9863863386E+0	3.0549281950E+1	6.1925217271E-3
1.9925753706E+0	2.7689874616E+1	6.1855249261E-3
1.9987573540E+0	2.4872791580E+1	6.1784247568E-3
2.0049321857E+0	2.2181944162E+1	6.1712213376E-3
2.0110997623E+0	1.9665197111E+1	6.1639147890E-3
2.0172599809E+0	1.7385771525E+1	6.1565052331E-3
2.0234127385E+0	1.5408594142E+1	6.1489927938E-3
2.0295579322E+0	1.3774680443E+1	6.1413775965E-3
2.0356954595E+0	1.2551603909E+1	6.1336597685E-3
2.0418252176E+0	1.1767170100E+1	6.1258394388E-3
2.0479471042E+0	1.1473596827E+1	6.1179167381E-3
2.0540610170E+0	1.1692658989E+1	6.1098917988E-3
2.0601668538E+0	1.2450981152E+1	6.1017647550E-3
2.0662645125E+0	1.3762862089E+1	6.0935357425E-3
2.0723538913E+0	1.5629506929E+1	6.0852048988E-3
2.0784348884E+0	1.8050167522E+1	6.0767723631E-3
2.0845074022E+0	2.1005923434E+1	6.0682382765E-3
2.0905713312E+0	2.4474565289E+1	6.0596027814E-3
2.0966265740E+0	2.8420819038E+1	6.0508660221E-3
2.1026730295E+0	3.2800881020E+1	6.0420281448E-3
2.1087105966E+0	3.7563027126E+1	6.0330892971E-3
2.1147391745E+0	4.2647596480E+1	6.0240496283E-3
2.1207586623E+0	4.7985103113E+1	6.0149092896E-3
2.1267689596E+0	5.3507369697E+1	6.0056684336E-3
2.1327699657E+0	5.9128930256E+1	5.9963272149E-3
2.1387615806E+0	6.4777977575E+1	5.9868857894E-3
2.1447437040E+0	7.0360096875E+1	5.9773443150E-3
2.1507162359E+0	7.5801298517E+1	5.9677029512E-3
2.1566790766E+0	8.1009073124E+1	5.9579618591E-3
2.1626321265E+0	8.5907341537E+1	5.9481212013E-3
2.1685752859E+0	9.0416482512E+1	5.9381811425E-3
2.1745084557E+0	9.4460123765E+1	5.9281418487E-3
2.1804315366E+0	9.7979168995E+1	5.9180034877E-3
2.1863444297E+0	1.0090221064E+2	5.9077662288E-3
2.1922470361E+0	1.0319352467E+2	5.8974302433E-3
2.1981392573E+0	1.0479484894E+2	5.8869957037E-3
2.2040209947E+0	1.0569272983E+2	5.8764627846E-3
2.2098921501E+0	1.0585084903E+2	5.8658316618E-3
2.2157526254E+0	1.0527508852E+2	5.8551025132E-3
2.2216023226E+0	1.0395777555E+2	5.8442755178E-3
2.2274411439E+0	1.0192138620E+2	5.8333508568E-3
2.2332689918E+0	9.9189628006E+1	5.8223287127E-3
2.2390857689E+0	9.5800035536E+1	5.8112092696E-3
2.2448913779E+0	9.1806011632E+1	5.7999927133E-3
2.2506857220E+0	8.7259644307E+1	5.7886792314E-3
2.2564687042E+0	8.2238732009E+1	5.7772690129E-3
2.2622402278E+0	7.6809496097E+1	5.7657622485E-3
2.2680001965E+0	7.1066689809E+1	5.7541591304E-3
2.2737485140E+0	6.5089248134E+1	5.7424598526E-3
2.2794850843E+0	5.8980805516E+1	5.7306646105E-3
2.2852098113E+0	5.2829877790E+1	5.7187736014E-3
2.2909225996E+0	4.6741397586E+1	5.7067870238E-3
2.2966233536E+0	4.0808499476E+1	5.6947050782E-3
2.3023119780E+0	3.5130927689E+1	5.6825279663E-3
2.3079883779E+0	2.9800078439E+1	5.6702558918E-3
2.3136524582E+0	2.4905293160E+1	5.6578890597E-3
2.3193041245E+0	2.0529252897E+1	5.6454276767E-3
2.3249432821E+0	1.6746885057E+1	5.6328719509E-3
2.3305698370E+0	1.3625427403E+1	5.6202220924E-3
2.3361836950E+0	1.1222448549E+1	5.6074783123E-3
2.3417847624E+0	9.5840269184E+0	5.5946408237E-3
2.3473729455E+0	8.7484007692E+0	5.5817098412E-3
2.3529481510E+0	8.7363309425E+0	5.5686855808E-3
2.3585102856E+0	9.5657119907E+0	5.5555682601E-3
2.3640592565E+0	1.1229683251E+1	5.5423580985E-3
2.3695949710E+0	1.3725781708E+1	5.5290553166E-3
2.3751173364E+0	1.7019146831E+1	5.5156601367E-3
2.3806262605E+0	2.1087992032E+1	5.5021727828E-3
2.3861216513E+0	2.5870901226E+1	5.4885934801E-3
2.3916034169E+0	3.1328850718E+1	5.4749224557E-3
2.3970714657E+0	3.7376915749E+1	5.4611599379E-3
2.4025257064E+0	4.3961898650E+1	5.4473061568E-3
2.4079660477E+0	5.0979728540E+1	5.4333613439E-3
2.4133923988E+0	5.8366900892E+1	5.4193257323E-3
2.4188046690E+0	6.6005562888E+1	5.4051995564E-3
2.4242027678E+0	7.3826307549E+1	5.3909830523E-3
2.4295866050E+0	8.1703553283E+1	5.3766764577E-3
2.4349560907E+0	8.9566590329E+1	5.3622800116E-3
2.4403111352E+0	9.7288557545E+1	5.3477939546E-3
2.4456516489E+0	1.0480185045E+2	5.3332185287E-3
2.4509775425E+0	1.1198490859E+2	5.3185539776E-3
2.4562887272E+0	1.1877705775E+2	5.3038005463E-3
2.4615851141E+0	1.2506850885E+2	5.2889584814E-3
2.4668666147E+0	1.3080841279E+2	5.2740280309E-3
2.4721331408E+0	1.3590487955E+2	5.2590094442E-3
2.4773846043E+0	1.4031860450E+2	5.2439029725E-3
2.4826209175E+0	1.4398112367E+2	5.2287088681E-3
2.4878419929E+0	1.4686513972E+2	5.2134273849E-3
2.4930477432E+0	1.4893021654E+2	5.1980587783E-3
2.4982380815E+0	1.5016041233E+2	5.1826033052E-3
2.5034129210E+0	1.5054656512E+2	5.1670612238E-3
2.5085721752E+0	1.5008272284E+2	5.1514327939E-3
2.5137157579E+0	1.4879234042E+2	5.1357182766E-3
2.5188435831E+0	1.4667801679E+2	5.1199179345E-3
2.5239555652E+0	1.4379464833E+2	5.1040320318E-3
2.5290516187E+0	1.4015264763E+2	5.0880608338E-3
2.5341316585E+0	1.3583412687E+2	5.0720046074E-3
2.5391955997E+0	1.3085795954E+2	5.0558636210E-3
2.5442433576E+0	1.2532600912E+2	5.0396381444E-3
2.5492748479E+0	1.1926790591E+2	5.0233284486E-3
2.5542899865E+0	1.1279504310E+2	5.0069348063E-3
2.5592886896E+0	1.0595125306E+2	4.9904574913E-3
2.5642708737E+0	9.8845896363E+1	4.9738967791E-3
2.5692364555E+0	9.1540155017E+1	4.9572529464E-3
2.5741853520E+0	8.4130791575E+1	4.9405262713E-3
2.5791174805E+0	7.6697004524E+1	4.9237170334E-3
2.5840327586E+0	6.9316139064E+1	4.9068255135E-3
2.5889311042E+0	6.2081450104E+1	4.8898519940E-3
2.5938124354E+0	5.5049887031E+1	4.8727967585E-3
2.5986766706E+0	4.8319300324E+1	4.8556600920E-3
2.6035237285E+0	4.1931230855E+1	4.8384422809E-3
2.6083535282E+0	3.5974725694E+1	4.8211436130E-3
2.6131659889E+0	3.0484207791E+1	4.8037643772E-3
2.6179610302E+0	2.5526781401E+1	4.7863048641E-3
2.6227385719E+0	2.1136494280E+1	4.7687653653E-3
2.6274985343E+0	1.7350934118E+1	4.7511461741E-3
2.6322408378E+0	1.4204327229E+1	4.7334475849E-3
2.6369654032E+0	1.1706106794E+1	4.7156698934E-3
2.6416721513E+0	9.8838545677E+0	4.6978133967E-3
2.6463610038E+0	8.7277525051E+0	4.6798783932E-3
2.6510318821E+0	8.2485346004E+0	4.6618651826E-3
2.6556847082E+0	8.4274074859E+0	4.6437740661E-3
2.6603194043E+0	9.2517966950E+0	4.6256053458E-3
2.6649358931E+0	1.0698715368E+1	4.6073593254E-3
2.6695340973E+0	1.2734344609E+1	4.5890363098E-3
2.6741139402E+0	1.5328984248E+1	4.5706366053E-3
2.6786753451E+0	1.8436038182E+1	4.5521605193E-3
2.6832182358E+0	2.2014479868E+1	4.5336083606E-3
2.6877425365E+0	2.6012423843E+1	4.5149804392E-3
2.6922481716E+0	3.0377772435E+1	4.4962770664E-3
2.6967350656E+0	3.5055009778E+1	4.4774985548E-3
2.7012031437E+0	3.9986704579E+1	4.4586452181E-3
2.7056523312E+0	4.5112925290E+1	4.4397173715E-3
2.7100825537E+0	5.0375508193E+1	4.4207153312E-3
2.7144937373E+0	5.5713580066E+1	4.4016394148E-3
2.7188858081E+0	6.1067476852E+1	4.3824899412E-3
2.7232586927E+0	6.6382152440E+1	4.3632672302E-3
2.7276123182E+0	7.1596231151E+1	4.3439716031E-3
2.7319466117E+0	7.6661536508E+1	4.3246033825E-3
2.7362615009E+0	8.1522819165E+1	4.3051628919E-3
2.7405569135E+0	8.6132218733E+1	4.2856504563E-3
2.7448327779E+0	9.0450011832E+1	4.2660664016E-3
2.7490890226E+0	9.4427650991E+1	4.2464110553E-3
2.7533255764E+0	9.8037328505E+1	4.2266847457E-3
2.7575423685E+0	1.0124260228E+2	4.2068878026E-3
2.7617393285E+0	1.0401489810E+2	4.1870205567E-3
2.7659163863E+0	1.0633957824E+2	4.1670833400E-3
2.7700734720E+0	1.0818891375E+2	4.1470764858E-3
2.7742105162E+0	1.0955836793E+2	4.1270003283E-3
2.7783274497E+0	1.1043904172E+2	4.1068552032E-3
2.7824242037E+0	1.1082174007E+2	4.0866414469E-3
2.7865007098E+0	1.1071905560E+2	4.0663593974E-3
2.7905568999E+0	1.1012820286E+2	4.0460093936E-3
2.7945927061E+0	1.0906214501E+2	4.0255917754E-3
2.7986080610E+0	1.0754169804E+2	4.0051068843E-3
2.8026028975E+0	1.0557487588E+2	3.9845550624E-3
2.8065771489E+0	1.0319247018E+2	3.9639366533E-3
2.8105307487E+0	1.0041878851E+2	3.9432520014E-3
2.8144636309E+0	9.7275311813E+1	3.9225014525E-3
2.8183757298E+0	9.3803042605E+1	3.9016853533E-3
2.8222669799E+0	9.0028885403E+1	3.8808040517E-3
2.8261373163E+0	8.5986168361E+1	3.8598578967E-3
2.8299866742E+0	8.1719480114E+1	3.8388472382E-3
2.8338149894E+0	7.7258392540E+1	3.8177724274E-3
2.8376221978E+0	7.2643586738E+1	3.7966338166E-3
2.8414082359E+0	6.7918947605E+1	3.7754317588E-3
2.8451730403E+0	6.3115897259E+1	3.7541666086E-3
2.8489165482E+0	5.8277321133E+1	3.7328387211E-3
2.8526386969E+0	5.3443905176E+1	3.7114484529E-3
2.8563394244E+0	4.8647026801E+1	3.6899961614E-3
2.8600186687E+0	4.3927360342E+1	3.6684822051E-3
2.8636763684E+0	3.9320815520E+1	3.6469069436E-3
2.8673124623E+0	3.4856402270E+1	3.6252707373E-3
2.8709268897E+0	3.0569346509E+1	3.6035739479E-3
2.8745195901E+0	2.6489590096E+1	3.5818169379E-3
2.8780905036E+0	2.2641726675E+1	3.5600000709E-3
2.8816395704E+0	1.9053440553E+1	3.5381237115E-3
2.8851667313E+0	1.5747708269E+1	3.5161882254E-3
2.8886719273E+0	1.2743346601E+1	3.4941939790E-3
2.8921550998E+0	1.0059434019E+1	3.4721413399E-3
2.8956161906E+0	7.7111411966E+0	3.4500306767E-3
2.8990551419E+0	5.7109029168E+0	3.4278623588E-3
2.9024718962E+0	4.0691340432E+0	3.4056367567E-3
2.9058663965E+0	2.7925550488E+0	3.3833542419E-3
2.9092385859E+0	1.8871069863E+0	3.3610151867E-3
2.9125884081E+0	1.3555223374E+0	3.3386199643E-3
2.9159158072E+0	1.1958367381E+0	3.3161689492E-3
2.9192207275E+0	1.4073673081E+0	3.2936625164E-3
2.9225031139E+0	1.9870187561E+0	3.2711010421E-3
2.9257629114E+0	2.9248554609E+0	3.2484849032E-3
2.9290000656E+0	4.2129747551E+0	3.2258144779E-3
2.9322145224E+0	5.8444173994E+0	3.2030901448E-3
2.9354062280E+0	7.8036464229E+0	3.1803122838E-3
2.9385751292E+0	1.0074789126E+1	3.1574812755E-3
2.9417211730E+0	1.2647628858E+1	3.1345975014E-3
2.9448443068E+0	1.5505018169E+1	3.1116613440E-3
2.9479444784E+0	1.8623900334E+1	3.0886731866E-3
2.9510216360E+0	2.1988962831E+1	3.0656334132E-3
2.9540757281E+0	2.5584913800E+1	3.0425424091E-3
2.9571067038E+0	2.9385949878E+1	3.0194005599E-3
2.9601145124E+0	3.3369090092E+1	2.9962082525E-3
2.9630991036E+0	3.7520005098E+1	2.9729658744E-3
2.9660604276E+0	4.1817152226E+1	2.9496738141E-3
2.9689984348E+0	4.6231826209E+1	2.9263324607E-3
2.9719130762E+0	5.0744789392E+1	2.9029422044E-3
2.9748043031E+0	5.5341431482E+1	2.8795034361E-3
2.9776720671E+0	5.9996483267E+1	2.8560165473E-3
2.9805163203E+0	6.4682972988E+1	2.8324819307E-3
2.9833370151E+0	6.9385855702E+1	2.8088999795E-3
2.9861341046E+0	7.4090637510E+1	2.7852710878E-3
2.9889075418E+0	7.8771888958E+1	2.7615956505E-3
2.9916572805E+0	8.3406270431E+1	2.7378740632E-3
2.9943832747E+0	8.7982590000E+1	2.7141067224E-3
2.9970854788E+0	9.2488319620E+1	2.6902940251E-3
2.9997638477E+0	9.6900622587E+1	2.6664363695E-3
3.0024183367E+0	1.0119983388E+2	2.6425341541E-3
3.0050489013E+0	1.0537825059E+2	2.6185877784E-3
3.0076554977E+0	1.0942740800E+2	2.5945976426E-3
3.0102380822E+0	1.1332898309E+2	2.5705641475E-3
3.0127966116E+0	1.1706630018E+2	2.5464876949E-3
3.0153310434E+0	1.2063430346E+2	2.5223686871E-3
3.0178413350E+0	1.2402995682E+2	2.4982075270E-3
3.0203274445E+0	1.2724122631E+2	2.4740046186E-3
3.0227893304E+0	1.3025407423E+2	2.4497603662E-3
3.0252269516E+0	1.3306434488E+2	2.4254751751E-3
3.0276402673E+0	1.3567404318E+2	2.4011494510E-3
3.0300292371E+0	1.3807916867E+2	2.3767836004E-3
3.0323938212E+0	1.4026956391E+2	2.3523780306E-3
3.0347339801E+0	1.4224015051E+2	2.3279331494E-3
3.0370496746E+0	1.4399493025E+2	2.3034493653E-3
3.0393408660E+0	1.4553803165E+2	2.2789270875E-3
3.0416075160E+0	1.4686639066E+2	2.2543667257E-3
3.0438495869E+0	1.4797481121E+2	2.2297686905E-3
3.0460670410E+0	1.4886490348E+2	2.2051333928E-3
3.0482598414E+0	1.4954466081E+2	2.1804612443E-3
3.0504279513E+0	1.5002004467E+2	2.1557526574E-3
3.0525713347E+0	1.5029087333E+2	2.1310080450E-3
3.0546899556E+0	1.5035611006E+2	2.1062278206E-3
3.0567837786E+0	1.5022057382E+2	2.0814123983E-3
3.0588527688E+0	1.4989416390E+2	2.0565621928E-3
3.0608968915E+0	1.4938529808E+2	2.0316776194E-3
3.0629161127E+0	1.4869728085E+2	2.0067590939E-3
3.0649103985E+0	1.4783164842E+2	1.9818070327E-3
3.0668797157E+0	1.4679368983E+2	1.9568218529E-3
3.0688240313E+0	1.4559342982E+2	1.9318039720E-3
3.0707433129E+0	1.4424144080E+2	1.9067538080E-3
3.0726375283E+0	1.4274471128E+2	1.8816717796E-3
3.0745066460E+0	1.4110700265E+2	1.8565583060E-3
3.0763506346E+0	1.3933271795E+2	1.8314138067E-3
3.0781694634E+0	1.3742980404E+2	1.8062387021E-3
3.0799631019E+0	1.3540885660E+2	1.7810334128E-3
3.0817315203E+0	1.3327978663E+2	1.7557983600E-3
3.0834746889E+0	1.3104954853E+2	1.7305339655E-3
3.0851925786E+0	1.2872287539E+2	1.7052406515E-3
3.0868851607E+0	1.2630490160E+2	1.6799188405E-3
3.0885524069E+0	1.2380305788E+2	1.6545689559E-3
3.0901942894E+0	1.2122669662E+2	1.6291914212E-3
3.0918107807E+0	1.1858508996E+2	1.6037866605E-3
3.0934018538E+0	1.1588566977E+2	1.5783550984E-3
3.0949674821E+0	1.1313385031E+2	1.5528971598E-3
3.0965076394E+0	1.1033430257E+2	1.5274132703E-3
3.0980223001E+0	1.0749248093E+2	1.5019038556E-3
3.0995114388E+0	1.0461524581E+2	1.4763693421E-3
3.1009750306E+0	1.0171029260E+2	1.4508101565E-3
3.1024130510E+0	9.8784979374E+1	1.4252267258E-3
3.1038254761E+0	9.5845430306E+1	1.3996194778E-3
3.1052122822E+0	9.2896433700E+1	1.3739888402E-3
3.1065734461E+0	8.9942046961E+1	1.3483352414E-3
3.1079089451E+0	8.6986410431E+1	1.3226591101E-3
3.1092187570E+0	8.4034257083E+1	1.2969608754E-3
3.1105028597E+0	8.1090891527E+1	1.2712409668E-3
3.1117612318E+0	7.8161755914E+1	1.2454998140E-3
3.1129938524E+0	7.5251894668E+1	1.2197378472E-3
3.1142007007E+0	7.2365609966E+1	1.1939554970E-3
3.1153817567E+0	6.9506435855E+1	1.1681531941E-3
3.1165370006E+0	6.6677375116E+1	1.1423313699E-3
3.1176664131E+0	6.3881235150E+1	1.1164904558E-3
3.1187699753E+0	6.1120895938E+1	1.0906308836E-3
3.1198476688E+0	5.8399414993E+1	1.0647530855E-3
3.1208994755E+0	5.5719966894E+1	1.0388574939E-3
3.1219253780E+0	5.3085682409E+1	1.0129445417E-3
3.1229253590E+0	5.0499473992E+1	9.8701466182E-4
3.1238994018E+0	4.7963916012E+1	9.6106828758E-4
3.1248474902E+0	4.5481209415E+1	9.3510585261E-4
3.1257696083E+0	4.3053222931E+1	9.0912779076E-4
3.1266657407E+0	4.0681579595E+1	8.8313453619E-4
3.1275358724E+0	3.8367751982E+1	8.5712652325E-4
3.1283799890E+0	3.6113137614E+1	8.3110418659E-4
3.1291980762E+0	3.3919100534E+1	8.0506796108E-4
3.1299901204E+0	3.1786978994E+1	7.7901828182E-4
3.1307561084E+0	2.9718068621E+1	7.5295558414E-4
3.1314960274E+0	2.7713594062E+1	7.2688030358E-4
3.1322098650E+0	2.5774680915E+1	7.0079287589E-4
3.1328976092E+0	2.3902335874E+1	6.7469373705E-4
3.1335592487E+0	2.2097438435E+1	6.4858332323E-4
3.1341947723E+0	2.0360743672E+1	6.2246207073E-4
3.1348041694E+0	1.8692893285E+1	5.9633041614E-4
3.1353874298E+0	1.7094431225E+1	5.7018879612E-4
3.1359445438E+0	1.5565820512E+1	5.4403764760E-4
3.1364755020E+0	1.4107458731E+1	5.1787740760E-4
3.1369802957E+0	1.2719690809E+1	4.9170851331E-4
3.1374589163E+0	1.1402818622E+1	4.6553140213E-4
3.1379113559E+0	1.0157107687E+1	4.3934651156E-4
3.1383376069E+0	8.9827915561E+0	4.1315427928E-4
3.1387376622E+0	7.8800746516E+0	3.8695514312E-4
3.1391115150E+0	6.8491342446E+0	3.6074954110E-4
3.1394591592E+0	5.8901220896E+0	3.3453791144E-4
3.1397805890E+0	5.0031660699E+0	3.0832069259E-4
3.1400757989E+0	4.1883720312E+0	2.8209832342E-4
3.1403447841E+0	3.4458258506E+0	2.5587124334E-4
3.1405875400E+0	2.7755957024E+0	2.2963989267E-4
3.1408040626E+0	2.1777344367E+0	2.0340471372E-4
3.1409943483E+0	1.6522819667E+0	1.7716615272E-4
3.1411583939E+0	1.1992675636E+0	1.5092466531E-4
3.1412961968E+0	8.1871195990E-1	1.2468073282E-4
3.1414077547E+0	5.1062913948E-1	9.8434919423E-5
3.1414930663E+0	2.7502749170E-1	7.2188137769E-5
3.1415521316E+0	1.1190849676E-1	4.5943520243E-5
3.1415849628E+0	2.1239355573E-2	1.9736940383E-5