# Differential cross section		
# Author: P. Swaczyna	Princeton University	(swaczyna@princeton.edu)
# Date: 	Tue 3 Nov 2020 16:24:39	
# 		
# Elastic collision: H^+ + He^0 -> H^+ + He^0		
# 		
# Red. mass: 	7.4962491838E+8	 eV/c^2
# CM energy: 	7.6736148936E-4	 eV
# Rel speed: 	4.2895693497E+4	 cm/s
# Tot sigma: 	2.1088372779E+3	 a.u.
# Int sigma: 	2.1088372779E+3	 a.u.
# 		
# Columns:		
# the <- scattering angle (rad)		
# dcs <- dsigma/dOmega*2*pi*sin(the) (a.u. = 2.8002852056E-17 cm^2)		
# wei <- weight for cross section integration (approx. width of angle bin)		
# 		
# the	dcs	wei
7.6907532846E-6	3.4416252579E-1	1.9736940383E-5
4.0521979771E-5	1.8133642736E+0	4.5943520243E-5
9.9587300392E-5	4.4565295032E+0	7.2188137769E-5
1.8489884726E-4	8.2741314386E+0	9.8434919423E-5
2.9645680168E-4	1.3265982562E+1	1.2468073282E-4
4.3425968311E-4	1.9431591561E+1	1.5092466531E-4
5.9830531657E-4	2.6770071574E+1	1.7716615272E-4
7.8859101285E-4	3.5279982076E+1	2.0340471372E-4
1.0051136166E-3	4.4959134454E+1	2.2963989267E-4
1.2478695220E-3	5.5804366993E+1	2.5587124334E-4
1.5168546797E-3	6.7811292115E+1	2.8209832342E-4
1.8120645986E-3	8.0974018826E+1	3.0832069259E-4
2.1334943481E-3	9.5284854154E+1	3.3453791144E-4
2.4811385584E-3	1.1073398850E+2	3.6074954110E-4
2.8549914211E-3	1.2730917123E+2	3.8695514312E-4
3.2550466893E-3	1.4499538429E+2	4.1315427928E-4
3.6812976783E-3	1.6377452355E+2	4.3934651156E-4
4.1337372652E-3	1.8362509892E+2	4.6553140213E-4
4.6123578895E-3	2.0452196634E+2	4.9170851331E-4
5.1171515529E-3	2.2643610619E+2	5.1787740760E-4
5.6481098199E-3	2.4933446364E+2	5.4403764760E-4
6.2052238176E-3	2.7317986759E+2	5.7018879612E-4
6.7884842360E-3	2.9793104460E+2	5.9633041614E-4
7.3978813281E-3	3.2354274364E+2	6.2246207073E-4
8.0334049101E-3	3.4996598533E+2	6.4858332323E-4
8.6950443616E-3	3.7714844647E+2	6.7469373705E-4
9.3827886258E-3	4.0503498594E+2	7.0079287589E-4
1.0096626210E-2	4.3356831203E+2	7.2688030358E-4
1.0836545184E-2	4.6268978416E+2	7.5295558414E-4
1.1602533184E-2	4.9234033286E+2	7.7901828182E-4
1.2394577408E-2	5.2246147272E+2	8.0506796108E-4
1.3212664621E-2	5.5299637276E+2	8.3110418659E-4
1.4056781152E-2	5.8389093891E+2	8.5712652325E-4
1.4926912893E-2	6.1509485427E+2	8.8313453619E-4
1.5823045305E-2	6.4656251584E+2	9.0912779076E-4
1.6745163410E-2	6.7825380179E+2	9.3510585261E-4
1.7693251801E-2	7.1013460294E+2	9.6106828758E-4
1.8667294632E-2	7.4217705551E+2	9.8701466182E-4
1.9667275626E-2	7.7435942137E+2	1.0129445417E-3
2.0693178073E-2	8.0666557624E+2	1.0388574939E-3
2.1744984827E-2	8.3908408615E+2	1.0647530855E-3
2.2822678313E-2	8.7160687807E+2	1.0906308836E-3
2.3926240519E-2	9.0422753959E+2	1.1164904558E-3
2.5055653005E-2	9.3693931601E+2	1.1423313699E-3
2.6210896896E-2	9.6973290673E+2	1.1681531941E-3
2.7391952886E-2	1.0025941964E+3	1.1939554970E-3
2.8598801239E-2	1.0355020850E+3	1.2197378472E-3
2.9831421786E-2	1.0684266033E+3	1.2454998140E-3
3.1089793929E-2	1.1013275096E+3	1.2712409668E-3
3.2373896638E-2	1.1341535582E+3	1.2969608754E-3
3.3683708455E-2	1.1668426081E+3	1.3226591101E-3
3.5019207490E-2	1.1993226883E+3	1.3483352414E-3
3.6380371427E-2	1.2315140725E+3	1.3739888402E-3
3.7767177517E-2	1.2633323197E+3	1.3996194778E-3
3.9179602586E-2	1.2946921334E+3	1.4252267258E-3
4.0617623030E-2	1.3255117769E+3	1.4508101565E-3
4.2081214817E-2	1.3557176775E+3	1.4763693421E-3
4.3570353490E-2	1.3852487694E+3	1.5019038556E-3
4.5085014162E-2	1.4140600819E+3	1.5274132703E-3
4.6625171522E-2	1.4421250938E+3	1.5528971598E-3
4.8190799831E-2	1.4694364491E+3	1.5783550984E-3
4.9781872927E-2	1.4960047718E+3	1.6037866605E-3
5.1398364219E-2	1.5218555170E+3	1.6291914212E-3
5.3040246694E-2	1.5470240268E+3	1.6545689559E-3
5.4707492914E-2	1.5715492117E+3	1.6799188405E-3
5.6400075017E-2	1.5954664994E+3	1.7052406515E-3
5.8117964718E-2	1.6188008645E+3	1.7305339655E-3
5.9861133308E-2	1.6415608417E+3	1.7557983600E-3
6.1629551657E-2	1.6637343984E+3	1.7810334128E-3
6.3423190212E-2	1.6852874000E+3	1.8062387021E-3
6.5242019000E-2	1.7061651301E+3	1.8314138067E-3
6.7086007624E-2	1.7262969488E+3	1.8565583060E-3
6.8955125270E-2	1.7456037204E+3	1.8816717796E-3
7.0849340702E-2	1.7640071726E+3	1.9067538080E-3
7.2768622264E-2	1.7814399383E+3	1.9318039720E-3
7.4712937885E-2	1.7978547689E+3	1.9568218529E-3
7.6682255070E-2	1.8132313623E+3	1.9818070327E-3
7.8676540910E-2	1.8275794851E+3	2.0067590939E-3
8.0695762079E-2	1.8409375716E+3	2.0316776194E-3
8.2739884832E-2	1.8533667093E+3	2.0565621928E-3
8.4808875009E-2	1.8649407418E+3	2.0814123983E-3
8.6902698034E-2	1.8757339961E+3	2.1062278206E-3
8.9021318917E-2	1.8858086998E+3	2.1310080450E-3
9.1164702253E-2	1.8952043744E+3	2.1557526574E-3
9.3332812224E-2	1.9039312951E+3	2.1804612443E-3
9.5525612596E-2	1.9119694880E+3	2.2051333928E-3
9.7743066726E-2	1.9192737767E+3	2.2297686905E-3
9.9985137556E-2	1.9257842200E+3	2.2543667257E-3
1.0225178762E-1	1.9314401303E+3	2.2789270875E-3
1.0454297904E-1	1.9361949491E+3	2.3034493653E-3
1.0685867352E-1	1.9400288476E+3	2.3279331494E-3
1.0919883237E-1	1.9429561719E+3	2.3523780306E-3
1.1156341648E-1	1.9450258153E+3	2.3767836004E-3
1.1395238633E-1	1.9463141157E+3	2.4011494510E-3
1.1636570200E-1	1.9469116277E+3	2.4254751751E-3
1.1880332317E-1	1.9469066649E+3	2.4497603662E-3
1.2126520909E-1	1.9463694268E+3	2.4740046186E-3
1.2375131862E-1	1.9453405529E+3	2.4982075270E-3
1.2626161023E-1	1.9438270022E+3	2.5223686871E-3
1.2879604195E-1	1.9418064488E+3	2.5464876949E-3
1.3135457143E-1	1.9392392677E+3	2.5705641475E-3
1.3393715592E-1	1.9360851746E+3	2.5945976426E-3
1.3654375226E-1	1.9323202102E+3	2.6185877784E-3
1.3917431689E-1	1.9279494580E+3	2.6425341541E-3
1.4182880585E-1	1.9230118768E+3	2.6664363695E-3
1.4450717478E-1	1.9175757527E+3	2.6902940251E-3
1.4720937892E-1	1.9117259832E+3	2.7141067224E-3
1.4993537310E-1	1.9055468780E+3	2.7378740632E-3
1.5268511179E-1	1.8991055730E+3	2.7615956505E-3
1.5545854902E-1	1.8924410122E+3	2.7852710878E-3
1.5825563845E-1	1.8855617619E+3	2.8088999795E-3
1.6107633333E-1	1.8784531900E+3	2.8324819307E-3
1.6392058653E-1	1.8710916065E+3	2.8560165473E-3
1.6678835052E-1	1.8634607209E+3	2.8795034361E-3
1.6967957737E-1	1.8555649765E+3	2.9029422044E-3
1.7259421876E-1	1.8474353276E+3	2.9263324607E-3
1.7553222599E-1	1.8391256302E+3	2.9496738141E-3
1.7849354996E-1	1.8307011671E+3	2.9729658744E-3
1.8147814117E-1	1.8222236923E+3	2.9962082525E-3
1.8448594977E-1	1.8137385850E+3	3.0194005599E-3
1.8751692548E-1	1.8052687367E+3	3.0425424091E-3
1.9057101764E-1	1.7968170500E+3	3.0656334132E-3
1.9364817522E-1	1.7883760325E+3	3.0886731866E-3
1.9674834681E-1	1.7799402509E+3	3.1116613440E-3
1.9987148058E-1	1.7715164292E+3	3.1345975014E-3
2.0301752435E-1	1.7631271099E+3	3.1574812755E-3
2.0618642554E-1	1.7548066750E+3	3.1803122838E-3
2.0937813120E-1	1.7465919834E+3	3.2030901448E-3
2.1259258799E-1	1.7385123587E+3	3.2258144779E-3
2.1582974219E-1	1.7305838615E+3	3.2484849032E-3
2.1908953970E-1	1.7228104963E+3	3.2711010421E-3
2.2237192605E-1	1.7151913422E+3	3.2936625164E-3
2.2567684639E-1	1.7077294707E+3	3.3161689492E-3
2.2900424548E-1	1.7004375498E+3	3.3386199643E-3
2.3235406772E-1	1.6933367436E+3	3.3610151867E-3
2.3572625713E-1	1.6864491297E+3	3.3833542419E-3
2.3912075735E-1	1.6797876416E+3	3.4056367567E-3
2.4253751167E-1	1.6733494961E+3	3.4278623588E-3
2.4597646298E-1	1.6671177915E+3	3.4500306767E-3
2.4943755380E-1	1.6610716547E+3	3.4721413399E-3
2.5292072631E-1	1.6552000935E+3	3.4941939790E-3
2.5642592230E-1	1.6495116606E+3	3.5161882254E-3
2.5995308318E-1	1.6440333491E+3	3.5381237115E-3
2.6350215001E-1	1.6387975550E+3	3.5600000709E-3
2.6707306349E-1	1.6338227961E+3	3.5818169379E-3
2.7066576394E-1	1.6290984451E+3	3.6035739479E-3
2.7428019131E-1	1.6245830979E+3	3.6252707373E-3
2.7791628522E-1	1.6202198105E+3	3.6469069436E-3
2.8157398488E-1	1.6159619714E+3	3.6684822051E-3
2.8525322919E-1	1.6117962109E+3	3.6899961614E-3
2.8895395665E-1	1.6077484361E+3	3.7114484529E-3
2.9267610542E-1	1.6038671710E+3	3.7328387211E-3
2.9641961330E-1	1.6001910877E+3	3.7541666086E-3
3.0018441773E-1	1.5967178621E+3	3.7754317588E-3
3.0397045579E-1	1.5933929105E+3	3.7966338166E-3
3.0777766421E-1	1.5901271290E+3	3.8177724274E-3
3.1160597938E-1	1.5868365052E+3	3.8388472382E-3
3.1545533730E-1	1.5834822534E+3	3.8598578967E-3
3.1932567367E-1	1.5800871848E+3	3.8808040517E-3
3.2321692379E-1	1.5767158950E+3	3.9016853533E-3
3.2712902264E-1	1.5734274053E+3	3.9225014525E-3
3.3106190484E-1	1.5702268450E+3	3.9432520014E-3
3.3501550468E-1	1.5670460219E+3	3.9639366533E-3
3.3898975607E-1	1.5637676701E+3	3.9845550624E-3
3.4298459261E-1	1.5602821037E+3	4.0051068843E-3
3.4699994753E-1	1.5565432044E+3	4.0255917754E-3
3.5103575373E-1	1.5525878930E+3	4.0460093936E-3
3.5509194378E-1	1.5485036713E+3	4.0663593974E-3
3.5916844988E-1	1.5443613965E+3	4.0866414469E-3
3.6326520391E-1	1.5401546241E+3	4.1068552032E-3
3.6738213741E-1	1.5357858251E+3	4.1270003283E-3
3.7151918157E-1	1.5311119455E+3	4.1470764858E-3
3.7567626728E-1	1.5260231011E+3	4.1670833400E-3
3.7985332504E-1	1.5205037321E+3	4.1870205567E-3
3.8405028507E-1	1.5146336237E+3	4.2068878026E-3
3.8826707721E-1	1.5085244617E+3	4.2266847457E-3
3.9250363101E-1	1.5022318436E+3	4.2464110553E-3
3.9675987567E-1	1.4957022791E+3	4.2660664016E-3
4.0103574005E-1	1.4887940800E+3	4.2856504563E-3
4.0533115271E-1	1.4813615609E+3	4.3051628919E-3
4.0964604185E-1	1.4733463550E+3	4.3246033825E-3
4.1398033538E-1	1.4648110236E+3	4.3439716031E-3
4.1833396086E-1	1.4558879944E+3	4.3632672302E-3
4.2270684554E-1	1.4466769605E+3	4.3824899412E-3
4.2709891633E-1	1.4371632785E+3	4.4016394148E-3
4.3151009985E-1	1.4272181400E+3	4.4207153312E-3
4.3594032237E-1	1.4166838697E+3	4.4397173715E-3
4.4038950986E-1	1.4054843773E+3	4.4586452181E-3
4.4485758797E-1	1.3936788595E+3	4.4774985548E-3
4.4934448203E-1	1.3814160248E+3	4.4962770664E-3
4.5385011706E-1	1.3688202441E+3	4.5149804392E-3
4.5837441776E-1	1.3558945994E+3	4.5336083606E-3
4.6291730852E-1	1.3425160770E+3	4.5521605193E-3
4.6747871344E-1	1.3285294994E+3	4.5706366053E-3
4.7205855627E-1	1.3138697679E+3	4.5890363098E-3
4.7665676049E-1	1.2986169401E+3	4.6073593254E-3
4.8127324926E-1	1.2829386517E+3	4.6256053458E-3
4.8590794542E-1	1.2669631037E+3	4.6437740661E-3
4.9056077152E-1	1.2506830139E+3	4.6618651826E-3
4.9523164982E-1	1.2339687215E+3	4.6798783932E-3
4.9992050224E-1	1.2166820231E+3	4.6978133967E-3
5.0462725044E-1	1.1987995219E+3	4.7156698934E-3
5.0935181576E-1	1.1804439306E+3	4.7334475849E-3
5.1409411924E-1	1.1617958384E+3	4.7511461741E-3
5.1885408164E-1	1.1429579054E+3	4.7687653653E-3
5.2363162341E-1	1.1238848295E+3	4.7863048641E-3
5.2842666471E-1	1.1044388576E+3	4.8037643772E-3
5.3323912540E-1	1.0845249456E+3	4.8211436130E-3
5.3806892508E-1	1.0641906778E+3	4.8384422809E-3
5.4291598301E-1	1.0436046129E+3	4.8556600920E-3
5.4778021821E-1	1.0229311129E+3	4.8727967585E-3
5.5266154939E-1	1.0022102185E+3	4.8898519940E-3
5.5755989496E-1	9.8134757580E+2	4.9068255135E-3
5.6247517308E-1	9.6022326025E+2	4.9237170334E-3
5.6740730160E-1	9.3882306477E+2	4.9405262713E-3
5.7235619810E-1	9.1727517516E+2	4.9572529464E-3
5.7732177988E-1	8.9575966124E+2	4.9738967791E-3
5.8230396395E-1	8.7437303805E+2	4.9904574913E-3
5.8730266706E-1	8.5307073454E+2	5.0069348063E-3
5.9231780568E-1	8.3173892689E+2	5.0233284486E-3
5.9734929598E-1	8.1032857264E+2	5.0396381444E-3
6.0239705389E-1	7.8892748703E+2	5.0558636210E-3
6.0746099506E-1	7.6770454776E+2	5.0720046074E-3
6.1254103485E-1	7.4677998129E+2	5.0880608338E-3
6.1763708838E-1	7.2614421223E+2	5.1040320318E-3
6.2274907048E-1	7.0570027022E+2	5.1199179345E-3
6.2787689573E-1	6.8538691111E+2	5.1357182766E-3
6.3302047843E-1	6.6526369044E+2	5.1514327939E-3
6.3817973262E-1	6.4547776349E+2	5.1670612238E-3
6.4335457209E-1	6.2614756347E+2	5.1826033052E-3
6.4854491036E-1	6.0727781752E+2	5.1980587783E-3
6.5375066070E-1	5.8878678814E+2	5.2134273849E-3
6.5897173609E-1	5.7061517669E+2	5.2287088681E-3
6.6420804930E-1	5.5280730909E+2	5.2439029725E-3
6.6945951283E-1	5.3548604279E+2	5.2590094442E-3
6.7472603890E-1	5.1875071043E+2	5.2740280309E-3
6.8000753951E-1	5.0260257422E+2	5.2889584814E-3
6.8530392640E-1	4.8697024595E+2	5.3038005463E-3
6.9061511106E-1	4.7180436307E+2	5.3185539776E-3
6.9594100473E-1	4.5714283591E+2	5.3332185287E-3
7.0128151841E-1	4.4308270548E+2	5.3477939546E-3
7.0663656285E-1	4.2969295672E+2	5.3622800116E-3
7.1200604856E-1	4.1696067234E+2	5.3766764577E-3
7.1738988581E-1	4.0482278297E+2	5.3909830523E-3
7.2278798463E-1	3.9324440454E+2	5.4051995564E-3
7.2820025482E-1	3.8225962539E+2	5.4193257323E-3
7.3362660591E-1	3.7193588459E+2	5.4333613439E-3
7.3906694724E-1	3.6230588250E+2	5.4473061568E-3
7.4452118788E-1	3.5334097667E+2	5.4611599379E-3
7.4998923669E-1	3.4498936263E+2	5.4749224557E-3
7.5547100229E-1	3.3723179536E+2	5.4885934801E-3
7.6096639308E-1	3.3009407809E+2	5.5021727828E-3
7.6647531721E-1	3.2360861929E+2	5.5156601367E-3
7.7199768263E-1	3.1777319346E+2	5.5290553166E-3
7.7753339704E-1	3.1255164211E+2	5.5423580985E-3
7.8308236795E-1	3.0790902069E+2	5.5555682601E-3
7.8864450262E-1	3.0383685722E+2	5.5686855808E-3
7.9421970809E-1	3.0034226550E+2	5.5817098412E-3
7.9980789121E-1	2.9742040550E+2	5.5946408237E-3
8.0540895857E-1	2.9504604471E+2	5.6074783123E-3
8.1102281659E-1	2.9319050826E+2	5.6202220924E-3
8.1664937145E-1	2.9183729616E+2	5.6328719509E-3
8.2228852912E-1	2.9097535635E+2	5.6454276767E-3
8.2794019536E-1	2.9058240043E+2	5.6578890597E-3
8.3360427572E-1	2.9062504377E+2	5.6702558918E-3
8.3928067556E-1	2.9107754952E+2	5.6825279663E-3
8.4496930000E-1	2.9193155129E+2	5.6947050782E-3
8.5067005399E-1	2.9317875406E+2	5.7067870238E-3
8.5638284226E-1	2.9478701818E+2	5.7187736014E-3
8.6210756934E-1	2.9670483593E+2	5.7306646105E-3
8.6784413956E-1	2.9889487498E+2	5.7424598526E-3
8.7359245705E-1	3.0135500385E+2	5.7541591304E-3
8.7935242576E-1	3.0409461656E+2	5.7657622485E-3
8.8512394943E-1	3.0709059331E+2	5.7772690129E-3
8.9090693161E-1	3.1027948612E+2	5.7886792314E-3
8.9670127565E-1	3.1360262435E+2	5.7999927133E-3
9.0250688473E-1	3.1705202326E+2	5.8112092696E-3
9.0832366182E-1	3.2065632557E+2	5.8223287127E-3
9.1415150972E-1	3.2441777262E+2	5.8333508568E-3
9.1999033104E-1	3.2827724161E+2	5.8442755178E-3
9.2584002820E-1	3.3215633448E+2	5.8551025132E-3
9.3170050345E-1	3.3602983500E+2	5.8658316618E-3
9.3757165885E-1	3.3993721822E+2	5.8764627846E-3
9.4345339628E-1	3.4391285822E+2	5.8869957037E-3
9.4934561746E-1	3.4791881685E+2	5.8974302433E-3
9.5524822392E-1	3.5186761908E+2	5.9077662288E-3
9.6116111701E-1	3.5571230880E+2	5.9180034877E-3
9.6708419793E-1	3.5949182920E+2	5.9281418487E-3
9.7301736769E-1	3.6327006165E+2	5.9381811425E-3
9.7896052713E-1	3.6704125593E+2	5.9481212013E-3
9.8491357695E-1	3.7072258183E+2	5.9579618591E-3
9.9087641766E-1	3.7424811421E+2	5.9677029512E-3
9.9684894961E-1	3.7764733225E+2	5.9773443150E-3
1.0028310730E+0	3.8100542348E+2	5.9868857894E-3
1.0088226878E+0	3.8435207211E+2	5.9963272149E-3
1.0148236940E+0	3.8762063489E+2	6.0056684336E-3
1.0208339913E+0	3.9073337916E+2	6.0149092896E-3
1.0268534791E+0	3.9370590567E+2	6.0240496283E-3
1.0328820570E+0	3.9663497783E+2	6.0330892971E-3
1.0389196241E+0	3.9958242385E+2	6.0420281448E-3
1.0449660796E+0	4.0250435306E+2	6.0508660221E-3
1.0510213224E+0	4.0531926742E+2	6.0596027814E-3
1.0570852514E+0	4.0802852301E+2	6.0682382765E-3
1.0631577652E+0	4.1073182962E+2	6.0767723631E-3
1.0692387623E+0	4.1351575832E+2	6.0852048988E-3
1.0753281411E+0	4.1636030783E+2	6.0935357425E-3
1.0814257998E+0	4.1918659956E+2	6.1017647550E-3
1.0875316366E+0	4.2198381883E+2	6.1098917988E-3
1.0936455494E+0	4.2484809908E+2	6.1179167381E-3
1.0997674360E+0	4.2788150341E+2	6.1258394388E-3
1.1058971941E+0	4.3108458225E+2	6.1336597685E-3
1.1120347214E+0	4.3438464022E+2	6.1413775965E-3
1.1181799151E+0	4.3776157119E+2	6.1489927938E-3
1.1243326727E+0	4.4130344355E+2	6.1565052331E-3
1.1304928913E+0	4.4511831491E+2	6.1639147890E-3
1.1366604679E+0	4.4922101754E+2	6.1712213376E-3
1.1428352996E+0	4.5354579380E+2	6.1784247568E-3
1.1490172830E+0	4.5806582810E+2	6.1855249261E-3
1.1552063150E+0	4.6285811525E+2	6.1925217271E-3
1.1614022920E+0	4.6802786632E+2	6.1994150427E-3
1.1676051105E+0	4.7359652986E+2	6.2062047577E-3
1.1738146669E+0	4.7950393784E+2	6.2128907587E-3
1.1800308574E+0	4.8571837006E+2	6.2194729339E-3
1.1862535782E+0	4.9230363977E+2	6.2259511734E-3
1.1924827251E+0	4.9935438808E+2	6.2323253688E-3
1.1987181942E+0	5.0689095147E+2	6.2385954138E-3
1.2049598812E+0	5.1485632452E+2	6.2447612034E-3
1.2112076818E+0	5.2321492328E+2	6.2508226346E-3
1.2174614916E+0	5.3201576207E+2	6.2567796062E-3
1.2237212062E+0	5.4133652397E+2	6.2626320186E-3
1.2299867208E+0	5.5118967146E+2	6.2683797740E-3
1.2362579308E+0	5.6151886850E+2	6.2740227763E-3
1.2425347314E+0	5.7228522533E+2	6.2795609313E-3
1.2488170177E+0	5.8352165354E+2	6.2849941464E-3
1.2551046847E+0	5.9528399794E+2	6.2903223308E-3
1.2613976273E+0	6.0757183440E+2	6.2955453954E-3
1.2676957404E+0	6.2032778486E+2	6.3006632530E-3
1.2739989187E+0	6.3351008804E+2	6.3056758180E-3
1.2803070569E+0	6.4713456256E+2	6.3105830068E-3
1.2866200496E+0	6.6123201245E+2	6.3153847371E-3
1.2929377912E+0	6.7578638590E+2	6.3200809290E-3
1.2992601762E+0	6.9073889013E+2	6.3246715037E-3
1.3055870990E+0	7.0604549728E+2	6.3291563847E-3
1.3119184537E+0	7.2170438335E+2	6.3335354970E-3
1.3182541347E+0	7.3771998931E+2	6.3378087674E-3
1.3245940360E+0	7.5406046354E+2	6.3419761245E-3
1.3309380516E+0	7.7066680810E+2	6.3460374987E-3
1.3372860756E+0	7.8749366651E+2	6.3499928220E-3
1.3436380019E+0	8.0452163733E+2	6.3538420284E-3
1.3499937243E+0	8.2172952344E+2	6.3575850535E-3
1.3563531366E+0	8.3907209782E+2	6.3612218349E-3
1.3627161325E+0	8.5649286242E+2	6.3647523117E-3
1.3690826057E+0	8.7394642042E+2	6.3681764249E-3
1.3754524499E+0	8.9139665915E+2	6.3714941173E-3
1.3818255585E+0	9.0879960401E+2	6.3747053335E-3
1.3882018250E+0	9.2610143305E+2	6.3778100198E-3
1.3945811430E+0	9.4325198371E+2	6.3808081243E-3
1.4009634057E+0	9.6020735944E+2	6.3836995970E-3
1.4073485066E+0	9.7691654895E+2	6.3864843894E-3
1.4137363389E+0	9.9331772007E+2	6.3891624551E-3
1.4201267959E+0	1.0093550684E+3	6.3917337493E-3
1.4265197708E+0	1.0249891600E+3	6.3941982290E-3
1.4329151568E+0	1.0401792352E+3	6.3965558531E-3
1.4393128469E+0	1.0548622216E+3	6.3988065821E-3
1.4457127343E+0	1.0689651235E+3	6.4009503785E-3
1.4521147120E+0	1.0824378327E+3	6.4029872063E-3
1.4585186731E+0	1.0952559194E+3	6.4049170317E-3
1.4649245104E+0	1.1073833311E+3	6.4067398222E-3
1.4713321170E+0	1.1187487648E+3	6.4084555476E-3
1.4777413858E+0	1.1292760081E+3	6.4100641790E-3
1.4841522097E+0	1.1389284649E+3	6.4115656896E-3
1.4905644815E+0	1.1477002137E+3	6.4129600544E-3
1.4969780940E+0	1.1555612852E+3	6.4142472499E-3
1.5033929402E+0	1.1624368017E+3	6.4154272548E-3
1.5098089128E+0	1.1682557948E+3	6.4165000493E-3
1.5162259046E+0	1.1730021505E+3	6.4174656154E-3
1.5226438083E+0	1.1766906569E+3	6.4183239370E-3
1.5290625167E+0	1.1792985296E+3	6.4190749998E-3
1.5354819225E+0	1.1807524773E+3	6.4197187912E-3
1.5419019185E+0	1.1809948726E+3	6.4202553005E-3
1.5483223974E+0	1.1800353236E+3	6.4206845187E-3
1.5547432518E+0	1.1779099041E+3	6.4210064386E-3
1.5611643745E+0	1.1746037976E+3	6.4212210549E-3
1.5675856581E+0	1.1700504969E+3	6.4213283639E-3
1.5740069954E+0	1.1642125301E+3	6.4213283639E-3
1.5804282791E+0	1.1571280631E+3	6.4212210549E-3
1.5868494018E+0	1.1488533178E+3	6.4210064386E-3
1.5932702562E+0	1.1393818746E+3	6.4206845187E-3
1.5996907351E+0	1.1286586872E+3	6.4202553005E-3
1.6061107310E+0	1.1166711706E+3	6.4197187912E-3
1.6125301369E+0	1.1034861298E+3	6.4190749998E-3
1.6189488453E+0	1.0891772234E+3	6.4183239370E-3
1.6253667490E+0	1.0737464473E+3	6.4174656154E-3
1.6317837408E+0	1.0571537878E+3	6.4165000493E-3
1.6381997134E+0	1.0394136119E+3	6.4154272548E-3
1.6446145595E+0	1.0206186868E+3	6.4142472499E-3
1.6510281721E+0	1.0008561239E+3	6.4129600544E-3
1.6574404439E+0	9.8013586935E+2	6.4115656896E-3
1.6638512678E+0	9.5843492001E+2	6.4100641790E-3
1.6702605366E+0	9.3579375613E+2	6.4084555476E-3
1.6766681432E+0	9.1232601013E+2	6.4067398222E-3
1.6830739805E+0	8.8812739119E+2	6.4049170317E-3
1.6894779416E+0	8.6321475516E+2	6.4029872063E-3
1.6958799193E+0	8.3758217396E+2	6.4009503785E-3
1.7022798067E+0	8.1129261285E+2	6.3988065821E-3
1.7086774968E+0	7.8447363926E+2	6.3965558531E-3
1.7150728827E+0	7.5722425800E+2	6.3941982290E-3
1.7214658576E+0	7.2956656613E+2	6.3917337493E-3
1.7278563146E+0	7.0150981364E+2	6.3891624551E-3
1.7342441470E+0	6.7313350595E+2	6.3864843894E-3
1.7406292478E+0	6.4457112621E+2	6.3836995970E-3
1.7470115106E+0	6.1591962022E+2	6.3808081243E-3
1.7533908286E+0	5.8720404008E+2	6.3778100198E-3
1.7597670951E+0	5.5844517290E+2	6.3747053335E-3
1.7661402037E+0	5.2973152388E+2	6.3714941173E-3
1.7725100479E+0	5.0119415878E+2	6.3681764249E-3
1.7788765211E+0	4.7292289872E+2	6.3647523117E-3
1.7852395170E+0	4.4494297687E+2	6.3612218349E-3
1.7915989293E+0	4.1728182344E+2	6.3575850535E-3
1.7979546517E+0	3.9002869019E+2	6.3538420284E-3
1.8043065780E+0	3.6330429817E+2	6.3499928220E-3
1.8106546020E+0	3.3718683793E+2	6.3460374987E-3
1.8169986176E+0	3.1169869506E+2	6.3419761245E-3
1.8233385189E+0	2.8686845627E+2	6.3378087674E-3
1.8296741999E+0	2.6277805115E+2	6.3335354970E-3
1.8360055546E+0	2.3953092357E+2	6.3291563847E-3
1.8423324774E+0	2.1718990088E+2	6.3246715037E-3
1.8486548624E+0	1.9577157442E+2	6.3200809290E-3
1.8549726040E+0	1.7530036569E+2	6.3153847371E-3
1.8612855967E+0	1.5584382345E+2	6.3105830068E-3
1.8675937349E+0	1.3748260574E+2	6.3056758180E-3
1.8738969132E+0	1.2026136089E+2	6.3006632530E-3
1.8801950263E+0	1.0418838214E+2	6.2955453954E-3
1.8864879689E+0	8.9279486564E+1	6.2903223308E-3
1.8927756359E+0	7.5582455765E+1	6.2849941464E-3
1.8990579222E+0	6.3151341550E+1	6.2795609313E-3
1.9053347228E+0	5.2010798128E+1	6.2740227763E-3
1.9116059328E+0	4.2159093104E+1	6.2683797740E-3
1.9178714474E+0	3.3600482389E+1	6.2626320186E-3
1.9241311620E+0	2.6359738256E+1	6.2567796062E-3
1.9303849718E+0	2.0462293352E+1	6.2508226346E-3
1.9366327724E+0	1.5911994895E+1	6.2447612034E-3
1.9428744594E+0	1.2696342972E+1	6.2385954138E-3
1.9491099285E+0	1.0806943076E+1	6.2323253688E-3
1.9553390754E+0	1.0244725719E+1	6.2259511734E-3
1.9615617961E+0	1.1006312149E+1	6.2194729339E-3
1.9677779867E+0	1.3074860277E+1	6.2128907587E-3
1.9739875431E+0	1.6427383920E+1	6.2062047577E-3
1.9801903616E+0	2.1043745934E+1	6.1994150427E-3
1.9863863386E+0	2.6902688986E+1	6.1925217271E-3
1.9925753706E+0	3.3973602336E+1	6.1855249261E-3
1.9987573540E+0	4.2219860448E+1	6.1784247568E-3
2.0049321857E+0	5.1609114143E+1	6.1712213376E-3
2.0110997623E+0	6.2112221288E+1	6.1639147890E-3
2.0172599809E+0	7.3689776903E+1	6.1565052331E-3
2.0234127385E+0	8.6287232380E+1	6.1489927938E-3
2.0295579322E+0	9.9849710087E+1	6.1413775965E-3
2.0356954595E+0	1.1433707872E+2	6.1336597685E-3
2.0418252176E+0	1.2971528340E+2	6.1258394388E-3
2.0479471042E+0	1.4593291769E+2	6.1179167381E-3
2.0540610170E+0	1.6291647535E+2	6.1098917988E-3
2.0601668538E+0	1.8059487337E+2	6.1017647550E-3
2.0662645125E+0	1.9892171168E+2	6.0935357425E-3
2.0723538913E+0	2.1786269150E+2	6.0852048988E-3
2.0784348884E+0	2.3736216353E+2	6.0767723631E-3
2.0845074022E+0	2.5733434206E+2	6.0682382765E-3
2.0905713312E+0	2.7769455132E+2	6.0596027814E-3
2.0966265740E+0	2.9839103927E+2	6.0508660221E-3
2.1026730295E+0	3.1939346618E+2	6.0420281448E-3
2.1087105966E+0	3.4065052153E+2	6.0330892971E-3
2.1147391745E+0	3.6207250434E+2	6.0240496283E-3
2.1207586623E+0	3.8356463740E+2	6.0149092896E-3
2.1267689596E+0	4.0506982633E+2	6.0056684336E-3
2.1327699657E+0	4.2656425220E+2	5.9963272149E-3
2.1387615806E+0	4.4800917596E+2	5.9868857894E-3
2.1447437040E+0	4.6932083457E+2	5.9773443150E-3
2.1507162359E+0	4.9039932092E+2	5.9677029512E-3
2.1566790766E+0	5.1118147714E+2	5.9579618591E-3
2.1626321265E+0	5.3164986398E+2	5.9481212013E-3
2.1685752859E+0	5.5178458899E+2	5.9381811425E-3
2.1745084557E+0	5.7151849586E+2	5.9281418487E-3
2.1804315366E+0	5.9075374608E+2	5.9180034877E-3
2.1863444297E+0	6.0942059487E+2	5.9077662288E-3
2.1922470361E+0	6.2750464993E+2	5.8974302433E-3
2.1981392573E+0	6.4500729346E+2	5.8869957037E-3
2.2040209947E+0	6.6188797191E+2	5.8764627846E-3
2.2098921501E+0	6.7806079571E+2	5.8658316618E-3
2.2157526254E+0	6.9345082607E+2	5.8551025132E-3
2.2216023226E+0	7.0804084625E+2	5.8442755178E-3
2.2274411439E+0	7.2185040994E+2	5.8333508568E-3
2.2332689918E+0	7.3487237934E+2	5.8223287127E-3
2.2390857689E+0	7.4704480050E+2	5.8112092696E-3
2.2448913779E+0	7.5829295200E+2	5.7999927133E-3
2.2506857220E+0	7.6859070201E+2	5.7886792314E-3
2.2564687042E+0	7.7796665576E+2	5.7772690129E-3
2.2622402278E+0	7.8644752132E+2	5.7657622485E-3
2.2680001965E+0	7.9400693848E+2	5.7541591304E-3
2.2737485140E+0	8.0058117108E+2	5.7424598526E-3
2.2794850843E+0	8.0613275038E+2	5.7306646105E-3
2.2852098113E+0	8.1068614369E+2	5.7187736014E-3
2.2909225996E+0	8.1429330839E+2	5.7067870238E-3
2.2966233536E+0	8.1697022331E+2	5.6947050782E-3
2.3023119780E+0	8.1867910259E+2	5.6825279663E-3
2.3079883779E+0	8.1937655300E+2	5.6702558918E-3
2.3136524582E+0	8.1907083926E+2	5.6578890597E-3
2.3193041245E+0	8.1782173277E+2	5.6454276767E-3
2.3249432821E+0	8.1568386408E+2	5.6328719509E-3
2.3305698370E+0	8.1265940417E+2	5.6202220924E-3
2.3361836950E+0	8.0871385851E+2	5.6074783123E-3
2.3417847624E+0	8.0383575786E+2	5.5946408237E-3
2.3473729455E+0	7.9807172549E+2	5.5817098412E-3
2.3529481510E+0	7.9149782095E+2	5.5686855808E-3
2.3585102856E+0	7.8416062056E+2	5.5555682601E-3
2.3640592565E+0	7.7605437700E+2	5.5423580985E-3
2.3695949710E+0	7.6715858479E+2	5.5290553166E-3
2.3751173364E+0	7.5749274034E+2	5.5156601367E-3
2.3806262605E+0	7.4712747394E+2	5.5021727828E-3
2.3861216513E+0	7.3614100286E+2	5.4885934801E-3
2.3916034169E+0	7.2456986304E+2	5.4749224557E-3
2.3970714657E+0	7.1240734424E+2	5.4611599379E-3
2.4025257064E+0	6.9964962729E+2	5.4473061568E-3
2.4079660477E+0	6.8633840051E+2	5.4333613439E-3
2.4133923988E+0	6.7255446076E+2	5.4193257323E-3
2.4188046690E+0	6.5837075691E+2	5.4051995564E-3
2.4242027678E+0	6.4381588962E+2	5.3909830523E-3
2.4295866050E+0	6.2888588009E+2	5.3766764577E-3
2.4349560907E+0	6.1358985217E+2	5.3622800116E-3
2.4403111352E+0	5.9798061359E+2	5.3477939546E-3
2.4456516489E+0	5.8213902468E+2	5.3332185287E-3
2.4509775425E+0	5.6613016000E+2	5.3185539776E-3
2.4562887272E+0	5.4997728792E+2	5.3038005463E-3
2.4615851141E+0	5.3367920212E+2	5.2889584814E-3
2.4668666147E+0	5.1725120394E+2	5.2740280309E-3
2.4721331408E+0	5.0074723860E+2	5.2590094442E-3
2.4773846043E+0	4.8424187456E+2	5.2439029725E-3
2.4826209175E+0	4.6779205038E+2	5.2287088681E-3
2.4878419929E+0	4.5141743036E+2	5.2134273849E-3
2.4930477432E+0	4.3511759791E+2	5.1980587783E-3
2.4982380815E+0	4.1890715559E+2	5.1826033052E-3
2.5034129210E+0	4.0283350934E+2	5.1670612238E-3
2.5085721752E+0	3.8696107442E+2	5.1514327939E-3
2.5137157579E+0	3.7133903101E+2	5.1357182766E-3
2.5188435831E+0	3.5598438689E+2	5.1199179345E-3
2.5239555652E+0	3.4089541557E+2	5.1040320318E-3
2.5290516187E+0	3.2608080551E+2	5.0880608338E-3
2.5341316585E+0	3.1157610834E+2	5.0720046074E-3
2.5391955997E+0	2.9743294987E+2	5.0558636210E-3
2.5442433576E+0	2.8369283430E+2	5.0396381444E-3
2.5492748479E+0	2.7037071751E+2	5.0233284486E-3
2.5542899865E+0	2.5746265051E+2	5.0069348063E-3
2.5592886896E+0	2.4496876948E+2	4.9904574913E-3
2.5642708737E+0	2.3290970654E+2	4.9738967791E-3
2.5692364555E+0	2.2132217204E+2	4.9572529464E-3
2.5741853520E+0	2.1023926703E+2	4.9405262713E-3
2.5791174805E+0	1.9967419151E+2	4.9237170334E-3
2.5840327586E+0	1.8962140431E+2	4.9068255135E-3
2.5889311042E+0	1.8007276515E+2	4.8898519940E-3
2.5938124354E+0	1.7103337488E+2	4.8727967585E-3
2.5986766706E+0	1.6252348038E+2	4.8556600920E-3
2.6035237285E+0	1.5456606622E+2	4.8384422809E-3
2.6083535282E+0	1.4717202627E+2	4.8211436130E-3
2.6131659889E+0	1.4033569214E+2	4.8037643772E-3
2.6179610302E+0	1.3404349203E+2	4.7863048641E-3
2.6227385719E+0	1.2828725923E+2	4.7687653653E-3
2.6274985343E+0	1.2307073144E+2	4.7511461741E-3
2.6322408378E+0	1.1840462149E+2	4.7334475849E-3
2.6369654032E+0	1.1429552699E+2	4.7156698934E-3
2.6416721513E+0	1.1073837635E+2	4.6978133967E-3
2.6463610038E+0	1.0771812348E+2	4.6798783932E-3
2.6510318821E+0	1.0521830526E+2	4.6618651826E-3
2.6556847082E+0	1.0322889654E+2	4.6437740661E-3
2.6603194043E+0	1.0174738583E+2	4.6256053458E-3
2.6649358931E+0	1.0077310879E+2	4.6073593254E-3
2.6695340973E+0	1.0030016110E+2	4.5890363098E-3
2.6741139402E+0	1.0031459826E+2	4.5706366053E-3
2.6786753451E+0	1.0079751688E+2	4.5521605193E-3
2.6832182358E+0	1.0173086718E+2	4.5336083606E-3
2.6877425365E+0	1.0310122208E+2	4.5149804392E-3
2.6922481716E+0	1.0489899812E+2	4.4962770664E-3
2.6967350656E+0	1.0711446672E+2	4.4774985548E-3
2.7012031437E+0	1.0973411480E+2	4.4586452181E-3
2.7056523312E+0	1.1274005745E+2	4.4397173715E-3
2.7100825537E+0	1.1611243758E+2	4.4207153312E-3
2.7144937373E+0	1.1983251053E+2	4.4016394148E-3
2.7188858081E+0	1.2388400774E+2	4.3824899412E-3
2.7232586927E+0	1.2825211678E+2	4.3632672302E-3
2.7276123182E+0	1.3292136658E+2	4.3439716031E-3
2.7319466117E+0	1.3787432153E+2	4.3246033825E-3
2.7362615009E+0	1.4309199526E+2	4.3051628919E-3
2.7405569135E+0	1.4855534449E+2	4.2856504563E-3
2.7448327779E+0	1.5424642459E+2	4.2660664016E-3
2.7490890226E+0	1.6014828565E+2	4.2464110553E-3
2.7533255764E+0	1.6624388281E+2	4.2266847457E-3
2.7575423685E+0	1.7251511778E+2	4.2068878026E-3
2.7617393285E+0	1.7894295745E+2	4.1870205567E-3
2.7659163863E+0	1.8550859570E+2	4.1670833400E-3
2.7700734720E+0	1.9219469237E+2	4.1470764858E-3
2.7742105162E+0	1.9898561710E+2	4.1270003283E-3
2.7783274497E+0	2.0586641193E+2	4.1068552032E-3
2.7824242037E+0	2.1282122030E+2	4.0866414469E-3
2.7865007098E+0	2.1983240497E+2	4.0663593974E-3
2.7905568999E+0	2.2688112998E+2	4.0460093936E-3
2.7945927061E+0	2.3394913018E+2	4.0255917754E-3
2.7986080610E+0	2.4102049660E+2	4.0051068843E-3
2.8026028975E+0	2.4808222499E+2	3.9845550624E-3
2.8065771489E+0	2.5512307897E+2	3.9639366533E-3
2.8105307487E+0	2.6213145340E+2	3.9432520014E-3
2.8144636309E+0	2.6909361397E+2	3.9225014525E-3
2.8183757298E+0	2.7599348388E+2	3.9016853533E-3
2.8222669799E+0	2.8281418522E+2	3.8808040517E-3
2.8261373163E+0	2.8954043706E+2	3.8598578967E-3
2.8299866742E+0	2.9616036078E+2	3.8388472382E-3
2.8338149894E+0	3.0266558756E+2	3.8177724274E-3
2.8376221978E+0	3.0904958043E+2	3.7966338166E-3
2.8414082359E+0	3.1530514264E+2	3.7754317588E-3
2.8451730403E+0	3.2142255340E+2	3.7541666086E-3
2.8489165482E+0	3.2738939958E+2	3.7328387211E-3
2.8526386969E+0	3.3319220182E+2	3.7114484529E-3
2.8563394244E+0	3.3881892927E+2	3.6899961614E-3
2.8600186687E+0	3.4426101999E+2	3.6684822051E-3
2.8636763684E+0	3.4951381782E+2	3.6469069436E-3
2.8673124623E+0	3.5457521212E+2	3.6252707373E-3
2.8709268897E+0	3.5944322455E+2	3.6035739479E-3
2.8745195901E+0	3.6411381348E+2	3.5818169379E-3
2.8780905036E+0	3.6858001148E+2	3.5600000709E-3
2.8816395704E+0	3.7283279633E+2	3.5381237115E-3
2.8851667313E+0	3.7686321365E+2	3.5161882254E-3
2.8886719273E+0	3.8066466889E+2	3.4941939790E-3
2.8921550998E+0	3.8423426632E+2	3.4721413399E-3
2.8956161906E+0	3.8757258000E+2	3.4500306767E-3
2.8990551419E+0	3.9068201665E+2	3.4278623588E-3
2.9024718962E+0	3.9356458322E+2	3.4056367567E-3
2.9058663965E+0	3.9622010477E+2	3.3833542419E-3
2.9092385859E+0	3.9864567654E+2	3.3610151867E-3
2.9125884081E+0	4.0083653583E+2	3.3386199643E-3
2.9159158072E+0	4.0278789980E+2	3.3161689492E-3
2.9192207275E+0	4.0449691822E+2	3.2936625164E-3
2.9225031139E+0	4.0596389056E+2	3.2711010421E-3
2.9257629114E+0	4.0719226263E+2	3.2484849032E-3
2.9290000656E+0	4.0818746281E+2	3.2258144779E-3
2.9322145224E+0	4.0895511596E+2	3.2030901448E-3
2.9354062280E+0	4.0949939062E+2	3.1803122838E-3
2.9385751292E+0	4.0982212781E+2	3.1574812755E-3
2.9417211730E+0	4.0992304297E+2	3.1345975014E-3
2.9448443068E+0	4.0980085162E+2	3.1116613440E-3
2.9479444784E+0	4.0945482429E+2	3.0886731866E-3
2.9510216360E+0	4.0888615016E+2	3.0656334132E-3
2.9540757281E+0	4.0809860793E+2	3.0425424091E-3
2.9571067038E+0	4.0709833853E+2	3.0194005599E-3
2.9601145124E+0	4.0589285887E+2	2.9962082525E-3
2.9630991036E+0	4.0448971713E+2	2.9729658744E-3
2.9660604276E+0	4.0289528319E+2	2.9496738141E-3
2.9689984348E+0	4.0111407757E+2	2.9263324607E-3
2.9719130762E+0	3.9914882211E+2	2.9029422044E-3
2.9748043031E+0	3.9700113606E+2	2.8795034361E-3
2.9776720671E+0	3.9467259378E+2	2.8560165473E-3
2.9805163203E+0	3.9216576801E+2	2.8324819307E-3
2.9833370151E+0	3.8948492213E+2	2.8088999795E-3
2.9861341046E+0	3.8663615819E+2	2.7852710878E-3
2.9889075418E+0	3.8362701657E+2	2.7615956505E-3
2.9916572805E+0	3.8046569272E+2	2.7378740632E-3
2.9943832747E+0	3.7716013603E+2	2.7141067224E-3
2.9970854788E+0	3.7371730404E+2	2.6902940251E-3
2.9997638477E+0	3.7014277113E+2	2.6664363695E-3
3.0024183367E+0	3.6644076814E+2	2.6425341541E-3
3.0050489013E+0	3.6261459921E+2	2.6185877784E-3
3.0076554977E+0	3.5866728333E+2	2.5945976426E-3
3.0102380822E+0	3.5460222305E+2	2.5705641475E-3
3.0127966116E+0	3.5042371759E+2	2.5464876949E-3
3.0153310434E+0	3.4613719888E+2	2.5223686871E-3
3.0178413350E+0	3.4174915535E+2	2.4982075270E-3
3.0203274445E+0	3.3726679238E+2	2.4740046186E-3
3.0227893304E+0	3.3269753914E+2	2.4497603662E-3
3.0252269516E+0	3.2804853644E+2	2.4254751751E-3
3.0276402673E+0	3.2332622867E+2	2.4011494510E-3
3.0300292371E+0	3.1853614313E+2	2.3767836004E-3
3.0323938212E+0	3.1368288572E+2	2.3523780306E-3
3.0347339801E+0	3.0877032906E+2	2.3279331494E-3
3.0370496746E+0	3.0380192860E+2	2.3034493653E-3
3.0393408660E+0	2.9878108276E+2	2.2789270875E-3
3.0416075160E+0	2.9371145400E+2	2.2543667257E-3
3.0438495869E+0	2.8859718747E+2	2.2297686905E-3
3.0460670410E+0	2.8344299343E+2	2.2051333928E-3
3.0482598414E+0	2.7825409239E+2	2.1804612443E-3
3.0504279513E+0	2.7303604991E+2	2.1557526574E-3
3.0525713347E+0	2.6779454597E+2	2.1310080450E-3
3.0546899556E+0	2.6253513065E+2	2.1062278206E-3
3.0567837786E+0	2.5726301271E+2	2.0814123983E-3
3.0588527688E+0	2.5198291527E+2	2.0565621928E-3
3.0608968915E+0	2.4669901524E+2	2.0316776194E-3
3.0629161127E+0	2.4141496588E+2	2.0067590939E-3
3.0649103985E+0	2.3613398740E+2	1.9818070327E-3
3.0668797157E+0	2.3085900123E+2	1.9568218529E-3
3.0688240313E+0	2.2559277975E+2	1.9318039720E-3
3.0707433129E+0	2.2033808550E+2	1.9067538080E-3
3.0726375283E+0	2.1509777917E+2	1.8816717796E-3
3.0745066460E+0	2.0987488437E+2	1.8565583060E-3
3.0763506346E+0	2.0467260541E+2	1.8314138067E-3
3.0781694634E+0	1.9949430242E+2	1.8062387021E-3
3.0799631019E+0	1.9434343368E+2	1.7810334128E-3
3.0817315203E+0	1.8922347820E+2	1.7557983600E-3
3.0834746889E+0	1.8413785244E+2	1.7305339655E-3
3.0851925786E+0	1.7908983336E+2	1.7052406515E-3
3.0868851607E+0	1.7408249718E+2	1.6799188405E-3
3.0885524069E+0	1.6911867940E+2	1.6545689559E-3
3.0901942894E+0	1.6420095801E+2	1.6291914212E-3
3.0918107807E+0	1.5933165841E+2	1.6037866605E-3
3.0934018538E+0	1.5451287601E+2	1.5783550984E-3
3.0949674821E+0	1.4974651139E+2	1.5528971598E-3
3.0965076394E+0	1.4503431180E+2	1.5274132703E-3
3.0980223001E+0	1.4037791372E+2	1.5019038556E-3
3.0995114388E+0	1.3577888168E+2	1.4763693421E-3
3.1009750306E+0	1.3123874007E+2	1.4508101565E-3
3.1024130510E+0	1.2675899597E+2	1.4252267258E-3
3.1038254761E+0	1.2234115250E+2	1.3996194778E-3
3.1052122822E+0	1.1798671308E+2	1.3739888402E-3
3.1065734461E+0	1.1369717819E+2	1.3483352414E-3
3.1079089451E+0	1.0947403627E+2	1.3226591101E-3
3.1092187570E+0	1.0531875111E+2	1.2969608754E-3
3.1105028597E+0	1.0123274749E+2	1.2712409668E-3
3.1117612318E+0	9.7217397134E+1	1.2454998140E-3
3.1129938524E+0	9.3274006068E+1	1.2197378472E-3
3.1142007007E+0	8.9403804632E+1	1.1939554970E-3
3.1153817567E+0	8.5607940482E+1	1.1681531941E-3
3.1165370006E+0	8.1887474849E+1	1.1423313699E-3
3.1176664131E+0	7.8243381847E+1	1.1164904558E-3
3.1187699753E+0	7.4676550465E+1	1.0906308836E-3
3.1198476688E+0	7.1187788714E+1	1.0647530855E-3
3.1208994755E+0	6.7777829334E+1	1.0388574939E-3
3.1219253780E+0	6.4447336487E+1	1.0129445417E-3
3.1229253590E+0	6.1196912886E+1	9.8701466182E-4
3.1238994018E+0	5.8027106920E+1	9.6106828758E-4
3.1248474902E+0	5.4938419411E+1	9.3510585261E-4
3.1257696083E+0	5.1931309757E+1	9.0912779076E-4
3.1266657407E+0	4.9006201306E+1	8.8313453619E-4
3.1275358724E+0	4.6163485900E+1	8.5712652325E-4
3.1283799890E+0	4.3403527580E+1	8.3110418659E-4
3.1291980762E+0	4.0726665522E+1	8.0506796108E-4
3.1299901204E+0	3.8133216287E+1	7.7901828182E-4
3.1307561084E+0	3.5623475495E+1	7.5295558414E-4
3.1314960274E+0	3.3197719044E+1	7.2688030358E-4
3.1322098650E+0	3.0856204000E+1	7.0079287589E-4
3.1328976092E+0	2.8599169243E+1	6.7469373705E-4
3.1335592487E+0	2.6426835983E+1	6.4858332323E-4
3.1341947723E+0	2.4339408207E+1	6.2246207073E-4
3.1348041694E+0	2.2337073123E+1	5.9633041614E-4
3.1353874298E+0	2.0420001636E+1	5.7018879612E-4
3.1359445438E+0	1.8588348888E+1	5.4403764760E-4
3.1364755020E+0	1.6842254874E+1	5.1787740760E-4
3.1369802957E+0	1.5181845126E+1	4.9170851331E-4
3.1374589163E+0	1.3607231490E+1	4.6553140213E-4
3.1379113559E+0	1.2118512941E+1	4.3934651156E-4
3.1383376069E+0	1.0715776472E+1	4.1315427928E-4
3.1387376622E+0	9.3990979957E+0	3.8695514312E-4
3.1391115150E+0	8.1685432755E+0	3.6074954110E-4
3.1394591592E+0	7.0241688531E+0	3.3453791144E-4
3.1397805890E+0	5.9660229618E+0	3.0832069259E-4
3.1400757989E+0	4.9941464126E+0	2.8209832342E-4
3.1403447841E+0	4.1085734423E+0	2.5587124334E-4
3.1405875400E+0	3.3093325101E+0	2.2963989267E-4
3.1408040626E+0	2.5964470383E+0	2.0340471372E-4
3.1409943483E+0	1.9699360851E+0	1.7716615272E-4
3.1411583939E+0	1.4298149387E+0	1.5092466531E-4
3.1412961968E+0	9.7609561029E-1	1.2468073282E-4
3.1414077547E+0	6.0878714845E-1	9.8434919423E-5
3.1414930663E+0	3.2789544361E-1	7.2188137769E-5
3.1415521316E+0	1.3342036629E-1	4.5943520243E-5
3.1415849628E+0	2.5322137496E-2	1.9736940383E-5