# Differential cross section		
# Author: P. Swaczyna	Princeton University	(swaczyna@princeton.edu)
# Date: 	Tue 3 Nov 2020 16:34:45	
# 		
# Elastic collision: H^+ + He^0 -> H^+ + He^0		
# 		
# Red. mass: 	7.4962491838E+8	 eV/c^2
# CM energy: 	1.2022644346E-1	 eV
# Rel speed: 	5.3692508366E+5	 cm/s
# Tot sigma: 	4.8868580624E+2	 a.u.
# Int sigma: 	4.8868536988E+2	 a.u.
# 		
# Columns:		
# the <- scattering angle (rad)		
# dcs <- dsigma/dOmega*2*pi*sin(the) (a.u. = 2.8002852056E-17 cm^2)		
# wei <- weight for cross section integration (approx. width of angle bin)		
# 		
# the	dcs	wei
7.6907532846E-6	3.2881305562E+0	1.9736940383E-5
4.0521979771E-5	1.7324647297E+1	4.5943520243E-5
9.9587300392E-5	4.2573966251E+1	7.2188137769E-5
1.8489884726E-4	7.9027073329E+1	9.8434919423E-5
2.9645680168E-4	1.2664429253E+2	1.2468073282E-4
4.3425968311E-4	1.8533915576E+2	1.5092466531E-4
5.9830531657E-4	2.5495320177E+2	1.7716615272E-4
7.8859101285E-4	3.3522726166E+2	2.0340471372E-4
1.0051136166E-3	4.2577280179E+2	2.2963989267E-4
1.2478695220E-3	5.2604830726E+2	2.5587124334E-4
1.5168546797E-3	6.3534719262E+2	2.8209832342E-4
1.8120645986E-3	7.5280447711E+2	3.0832069259E-4
2.1334943481E-3	8.7742852799E+2	3.3453791144E-4
2.4811385584E-3	1.0081606316E+3	3.6074954110E-4
2.8549914211E-3	1.1439585031E+3	3.8695514312E-4
3.2550466893E-3	1.2838906382E+3	4.1315427928E-4
3.6812976783E-3	1.4272187426E+3	4.3934651156E-4
4.1337372652E-3	1.5734391055E+3	4.6553140213E-4
4.6123578895E-3	1.7222553439E+3	4.9170851331E-4
5.1171515529E-3	1.8734684014E+3	5.1787740760E-4
5.6481098199E-3	2.0267960065E+3	5.4403764760E-4
6.2052238176E-3	2.1816686280E+3	5.7018879612E-4
6.7884842360E-3	2.3370807097E+3	5.9633041614E-4
7.3978813281E-3	2.4915859091E+3	6.2246207073E-4
8.0334049101E-3	2.6434927023E+3	6.4858332323E-4
8.6950443616E-3	2.7912336914E+3	6.7469373705E-4
9.3827886258E-3	2.9337710447E+3	7.0079287589E-4
1.0096626210E-2	3.0708232581E+3	7.2688030358E-4
1.0836545184E-2	3.2027298202E+3	7.5295558414E-4
1.1602533184E-2	3.3299412786E+3	7.7901828182E-4
1.2394577408E-2	3.4523690405E+3	8.0506796108E-4
1.3212664621E-2	3.5690004240E+3	8.3110418659E-4
1.4056781152E-2	3.6781172515E+3	8.5712652325E-4
1.4926912893E-2	3.7780980542E+3	8.8313453619E-4
1.5823045305E-2	3.8683061287E+3	9.0912779076E-4
1.6745163410E-2	3.9493509361E+3	9.3510585261E-4
1.7693251801E-2	4.0223791578E+3	9.6106828758E-4
1.8667294632E-2	4.0878612281E+3	9.8701466182E-4
1.9667275626E-2	4.1449215338E+3	1.0129445417E-3
2.0693178073E-2	4.1919470139E+3	1.0388574939E-3
2.1744984827E-2	4.2280481380E+3	1.0647530855E-3
2.2822678313E-2	4.2539456713E+3	1.0906308836E-3
2.3926240519E-2	4.2712330214E+3	1.1164904558E-3
2.5055653005E-2	4.2806709070E+3	1.1423313699E-3
2.6210896896E-2	4.2814274215E+3	1.1681531941E-3
2.7391952886E-2	4.2722775100E+3	1.1939554970E-3
2.8598801239E-2	4.2534062750E+3	1.2197378472E-3
2.9831421786E-2	4.2264888784E+3	1.2454998140E-3
3.1089793929E-2	4.1928242621E+3	1.2712409668E-3
3.2373896638E-2	4.1520292262E+3	1.2969608754E-3
3.3683708455E-2	4.1031927747E+3	1.3226591101E-3
3.5019207490E-2	4.0468515590E+3	1.3483352414E-3
3.6380371427E-2	3.9847728682E+3	1.3739888402E-3
3.7767177517E-2	3.9178568932E+3	1.3996194778E-3
3.9179602586E-2	3.8455462919E+3	1.4252267258E-3
4.0617623030E-2	3.7676945926E+3	1.4508101565E-3
4.2081214817E-2	3.6856480571E+3	1.4763693421E-3
4.3570353490E-2	3.6006757127E+3	1.5019038556E-3
4.5085014162E-2	3.5126800779E+3	1.5274132703E-3
4.6625171522E-2	3.4215093689E+3	1.5528971598E-3
4.8190799831E-2	3.3282067374E+3	1.5783550984E-3
4.9781872927E-2	3.2338247036E+3	1.6037866605E-3
5.1398364219E-2	3.1383861001E+3	1.6291914212E-3
5.3040246694E-2	3.0420028839E+3	1.6545689559E-3
5.4707492914E-2	2.9455463415E+3	1.6799188405E-3
5.6400075017E-2	2.8495967888E+3	1.7052406515E-3
5.8117964718E-2	2.7542322989E+3	1.7305339655E-3
5.9861133308E-2	2.6598526511E+3	1.7557983600E-3
6.1629551657E-2	2.5669453525E+3	1.7810334128E-3
6.3423190212E-2	2.4757132674E+3	1.8062387021E-3
6.5242019000E-2	2.3865048208E+3	1.8314138067E-3
6.7086007624E-2	2.2995680355E+3	1.8565583060E-3
6.8955125270E-2	2.2149090829E+3	1.8816717796E-3
7.0849340702E-2	2.1329571157E+3	1.9067538080E-3
7.2768622264E-2	2.0539281913E+3	1.9318039720E-3
7.4712937885E-2	1.9774789226E+3	1.9568218529E-3
7.6682255070E-2	1.9040267100E+3	1.9818070327E-3
7.8676540910E-2	1.8338831371E+3	2.0067590939E-3
8.0695762079E-2	1.7663811310E+3	2.0316776194E-3
8.2739884832E-2	1.7018963777E+3	2.0565621928E-3
8.4808875009E-2	1.6408038434E+3	2.0814123983E-3
8.6902698034E-2	1.5821683920E+3	2.1062278206E-3
8.9021318917E-2	1.5264370266E+3	2.1310080450E-3
9.1164702253E-2	1.4738913944E+3	2.1557526574E-3
9.3332812224E-2	1.4234105310E+3	2.1804612443E-3
9.5525612596E-2	1.3756973697E+3	2.2051333928E-3
9.7743066726E-2	1.3306622084E+3	2.2297686905E-3
9.9985137556E-2	1.2872444420E+3	2.2543667257E-3
1.0225178762E-1	1.2464568419E+3	2.2789270875E-3
1.0454297904E-1	1.2075342776E+3	2.3034493653E-3
1.0685867352E-1	1.1699929534E+3	2.3279331494E-3
1.0919883237E-1	1.1347638134E+3	2.3523780306E-3
1.1156341648E-1	1.1004837422E+3	2.3767836004E-3
1.1395238633E-1	1.0677143114E+3	2.4011494510E-3
1.1636570200E-1	1.0364596300E+3	2.4254751751E-3
1.1880332317E-1	1.0056977691E+3	2.4497603662E-3
1.2126520909E-1	9.7654006917E+2	2.4740046186E-3
1.2375131862E-1	9.4781154788E+2	2.4982075270E-3
1.2626161023E-1	9.1993146203E+2	2.5223686871E-3
1.2879604195E-1	8.9297646042E+2	2.5464876949E-3
1.3135457143E-1	8.6612652582E+2	2.5705641475E-3
1.3393715592E-1	8.4037738297E+2	2.5945976426E-3
1.3654375226E-1	8.1460458462E+2	2.6185877784E-3
1.3917431689E-1	7.8959503961E+2	2.6425341541E-3
1.4182880585E-1	7.6488197794E+2	2.6664363695E-3
1.4450717478E-1	7.4045534393E+2	2.6902940251E-3
1.4720937892E-1	7.1666463162E+2	2.7141067224E-3
1.4993537310E-1	6.9289136357E+2	2.7378740632E-3
1.5268511179E-1	6.6989030473E+2	2.7615956505E-3
1.5545854902E-1	6.4691379226E+2	2.7852710878E-3
1.5825563845E-1	6.2467191569E+2	2.8088999795E-3
1.6107633333E-1	6.0262627832E+2	2.8324819307E-3
1.6392058653E-1	5.8122377603E+2	2.8560165473E-3
1.6678835052E-1	5.6022462952E+2	2.8795034361E-3
1.6967957737E-1	5.3981054189E+2	2.9029422044E-3
1.7259421876E-1	5.1997021307E+2	2.9263324607E-3
1.7553222599E-1	5.0071673070E+2	2.9496738141E-3
1.7849354996E-1	4.8215267647E+2	2.9729658744E-3
1.8147814117E-1	4.6422467384E+2	2.9962082525E-3
1.8448594977E-1	4.4705556588E+2	3.0194005599E-3
1.8751692548E-1	4.3059467062E+2	3.0425424091E-3
1.9057101764E-1	4.1493016315E+2	3.0656334132E-3
1.9364817522E-1	4.0004706517E+2	3.0886731866E-3
1.9674834681E-1	3.8597765469E+2	3.1116613440E-3
1.9987148058E-1	3.7274789193E+2	3.1345975014E-3
2.0301752435E-1	3.6033803829E+2	3.1574812755E-3
2.0618642554E-1	3.4879923555E+2	3.1803122838E-3
2.0937813120E-1	3.3808394193E+2	3.2030901448E-3
2.1259258799E-1	3.2823445809E+2	3.2258144779E-3
2.1582974219E-1	3.1921753696E+2	3.2484849032E-3
2.1908953970E-1	3.1101770180E+2	3.2711010421E-3
2.2237192605E-1	3.0366887134E+2	3.2936625164E-3
2.2567684639E-1	2.9704639440E+2	3.3161689492E-3
2.2900424548E-1	2.9129471658E+2	3.3386199643E-3
2.3235406772E-1	2.8615438057E+2	3.3610151867E-3
2.3572625713E-1	2.8187875241E+2	3.3833542419E-3
2.3912075735E-1	2.7811191292E+2	3.4056367567E-3
2.4253751167E-1	2.7513567077E+2	3.4278623588E-3
2.4597646298E-1	2.7261895038E+2	3.4500306767E-3
2.4943755380E-1	2.7072059604E+2	3.4721413399E-3
2.5292072631E-1	2.6929337663E+2	3.4941939790E-3
2.5642592230E-1	2.6823831339E+2	3.5161882254E-3
2.5995308318E-1	2.6766590505E+2	3.5381237115E-3
2.6350215001E-1	2.6723870995E+2	3.5600000709E-3
2.6707306349E-1	2.6719768350E+2	3.5818169379E-3
2.7066576394E-1	2.6719174597E+2	3.6035739479E-3
2.7428019131E-1	2.6731738618E+2	3.6252707373E-3
2.7791628522E-1	2.6746721207E+2	3.6469069436E-3
2.8157398488E-1	2.6743950256E+2	3.6684822051E-3
2.8525322919E-1	2.6736776671E+2	3.6899961614E-3
2.8895395665E-1	2.6693240715E+2	3.7114484529E-3
2.9267610542E-1	2.6621441385E+2	3.7328387211E-3
2.9641961330E-1	2.6508940892E+2	3.7541666086E-3
3.0018441773E-1	2.6339192489E+2	3.7754317588E-3
3.0397045579E-1	2.6120246738E+2	3.7966338166E-3
3.0777766421E-1	2.5830211790E+2	3.8177724274E-3
3.1160597938E-1	2.5469712742E+2	3.8388472382E-3
3.1545533730E-1	2.5035945937E+2	3.8598578967E-3
3.1932567367E-1	2.4515319265E+2	3.8808040517E-3
3.2321692379E-1	2.3913564221E+2	3.9016853533E-3
3.2712902264E-1	2.3224628285E+2	3.9225014525E-3
3.3106190484E-1	2.2446026352E+2	3.9432520014E-3
3.3501550468E-1	2.1583558921E+2	3.9639366533E-3
3.3898975607E-1	2.0636100203E+2	3.9845550624E-3
3.4298459261E-1	1.9608870347E+2	4.0051068843E-3
3.4699994753E-1	1.8509040289E+2	4.0255917754E-3
3.5103575373E-1	1.7343239423E+2	4.0460093936E-3
3.5509194378E-1	1.6121631068E+2	4.0663593974E-3
3.5916844988E-1	1.4854594965E+2	4.0866414469E-3
3.6326520391E-1	1.3555715203E+2	4.1068552032E-3
3.6738213741E-1	1.2238621582E+2	4.1270003283E-3
3.7151918157E-1	1.0916715795E+2	4.1470764858E-3
3.7567626728E-1	9.6080406707E+1	4.1670833400E-3
3.7985332504E-1	8.3283127386E+1	4.1870205567E-3
3.8405028507E-1	7.0918493549E+1	4.2068878026E-3
3.8826707721E-1	5.9176164939E+1	4.2266847457E-3
3.9250363101E-1	4.8214074883E+1	4.2464110553E-3
3.9675987567E-1	3.8155053904E+1	4.2660664016E-3
4.0103574005E-1	2.9155728011E+1	4.2856504563E-3
4.0533115271E-1	2.1346478488E+1	4.3051628919E-3
4.0964604185E-1	1.4803351654E+1	4.3246033825E-3
4.1398033538E-1	9.6104770657E+0	4.3439716031E-3
4.1833396086E-1	5.8359298782E+0	4.3632672302E-3
4.2270684554E-1	3.4905918287E+0	4.3824899412E-3
4.2709891633E-1	2.5651762994E+0	4.4016394148E-3
4.3151009985E-1	3.0354369579E+0	4.4207153312E-3
4.3594032237E-1	4.8330522064E+0	4.4397173715E-3
4.4038950986E-1	7.8596971321E+0	4.4586452181E-3
4.4485758797E-1	1.1996240448E+1	4.4774985548E-3
4.4934448203E-1	1.7089221511E+1	4.4962770664E-3
4.5385011706E-1	2.2965992846E+1	4.5149804392E-3
4.5837441776E-1	2.9445229719E+1	4.5336083606E-3
4.6291730852E-1	3.6316580832E+1	4.5521605193E-3
4.6747871344E-1	4.3352127785E+1	4.5706366053E-3
4.7205855627E-1	5.0342637651E+1	4.5890363098E-3
4.7665676049E-1	5.7084879035E+1	4.6073593254E-3
4.8127324926E-1	6.3354874365E+1	4.6256053458E-3
4.8590794542E-1	6.8940570005E+1	4.6437740661E-3
4.9056077152E-1	7.3680877041E+1	4.6618651826E-3
4.9523164982E-1	7.7440355681E+1	4.6798783932E-3
4.9992050224E-1	8.0079586519E+1	4.6978133967E-3
5.0462725044E-1	8.1489215054E+1	4.7156698934E-3
5.0935181576E-1	8.1629413992E+1	4.7334475849E-3
5.1409411924E-1	8.0506968755E+1	4.7511461741E-3
5.1885408164E-1	7.8138371431E+1	4.7687653653E-3
5.2363162341E-1	7.4566370530E+1	4.7863048641E-3
5.2842666471E-1	6.9896863737E+1	4.8037643772E-3
5.3323912540E-1	6.4290705140E+1	4.8211436130E-3
5.3806892508E-1	5.7925103138E+1	4.8384422809E-3
5.4291598301E-1	5.0983617623E+1	4.8556600920E-3
5.4778021821E-1	4.3678322777E+1	4.8727967585E-3
5.5266154939E-1	3.6257167419E+1	4.8898519940E-3
5.5755989496E-1	2.8979317943E+1	4.9068255135E-3
5.6247517308E-1	2.2090162740E+1	4.9237170334E-3
5.6740730160E-1	1.5820466375E+1	4.9405262713E-3
5.7235619810E-1	1.0394623859E+1	4.9572529464E-3
5.7732177988E-1	6.0245217825E+0	4.9738967791E-3
5.8230396395E-1	2.8917624326E+0	4.9904574913E-3
5.8730266706E-1	1.1368234382E+0	5.0069348063E-3
5.9231780568E-1	8.6023996807E-1	5.0233284486E-3
5.9734929598E-1	2.1242495430E+0	5.0396381444E-3
6.0239705389E-1	4.9471351689E+0	5.0558636210E-3
6.0746099506E-1	9.2966532666E+0	5.0720046074E-3
6.1254103485E-1	1.5091627000E+1	5.0880608338E-3
6.1763708838E-1	2.2210182863E+1	5.1040320318E-3
6.2274907048E-1	3.0495580951E+1	5.1199179345E-3
6.2787689573E-1	3.9755841972E+1	5.1357182766E-3
6.3302047843E-1	4.9763227680E+1	5.1514327939E-3
6.3817973262E-1	6.0261306150E+1	5.1670612238E-3
6.4335457209E-1	7.0979521671E+1	5.1826033052E-3
6.4854491036E-1	8.1647659685E+1	5.1980587783E-3
6.5375066070E-1	9.2003530694E+1	5.2134273849E-3
6.5897173609E-1	1.0179464238E+2	5.2287088681E-3
6.6420804930E-1	1.1078027562E+2	5.2439029725E-3
6.6945951283E-1	1.1873904381E+2	5.2590094442E-3
6.7472603890E-1	1.2548100396E+2	5.2740280309E-3
6.8000753951E-1	1.3085882969E+2	5.2889584814E-3
6.8530392640E-1	1.3477313809E+2	5.3038005463E-3
6.9061511106E-1	1.3717139443E+2	5.3185539776E-3
6.9594100473E-1	1.3804373246E+2	5.3332185287E-3
7.0128151841E-1	1.3741961387E+2	5.3477939546E-3
7.0663656285E-1	1.3536683479E+2	5.3622800116E-3
7.1200604856E-1	1.3199145313E+2	5.3766764577E-3
7.1738988581E-1	1.2743598798E+2	5.3909830523E-3
7.2278798463E-1	1.2187418832E+2	5.4051995564E-3
7.2820025482E-1	1.1550263808E+2	5.4193257323E-3
7.3362660591E-1	1.0853094033E+2	5.4333613439E-3
7.3906694724E-1	1.0117241573E+2	5.4473061568E-3
7.4452118788E-1	9.3636398545E+1	5.4611599379E-3
7.4998923669E-1	8.6122122474E+1	5.4749224557E-3
7.5547100229E-1	7.8813561504E+1	5.4885934801E-3
7.6096639308E-1	7.1874641368E+1	5.5021727828E-3
7.6647531721E-1	6.5444718758E+1	5.5156601367E-3
7.7199768263E-1	5.9634721998E+1	5.5290553166E-3
7.7753339704E-1	5.4524557460E+1	5.5423580985E-3
7.8308236795E-1	5.0162252258E+1	5.5555682601E-3
7.8864450262E-1	4.6564964370E+1	5.5686855808E-3
7.9421970809E-1	4.3721647855E+1	5.5817098412E-3
7.9980789121E-1	4.1596956300E+1	5.5946408237E-3
8.0540895857E-1	4.0135936241E+1	5.6074783123E-3
8.1102281659E-1	3.9269148969E+1	5.6202220924E-3
8.1664937145E-1	3.8917975861E+1	5.6328719509E-3
8.2228852912E-1	3.8999940232E+1	5.6454276767E-3
8.2794019536E-1	3.9433892448E+1	5.6578890597E-3
8.3360427572E-1	4.0144870148E+1	5.6702558918E-3
8.3928067556E-1	4.1068397990E+1	5.6825279663E-3
8.4496930000E-1	4.2153966117E+1	5.6947050782E-3
8.5067005399E-1	4.3367443519E+1	5.7067870238E-3
8.5638284226E-1	4.4692242813E+1	5.7187736014E-3
8.6210756934E-1	4.6129143720E+1	5.7306646105E-3
8.6784413956E-1	4.7694785563E+1	5.7424598526E-3
8.7359245705E-1	4.9418936870E+1	5.7541591304E-3
8.7935242576E-1	5.1340731531E+1	5.7657622485E-3
8.8512394943E-1	5.3504120629E+1	5.7772690129E-3
8.9090693161E-1	5.5952827558E+1	5.7886792314E-3
8.9670127565E-1	5.8725113834E+1	5.7999927133E-3
9.0250688473E-1	6.1848667404E+1	5.8112092696E-3
9.0832366182E-1	6.5335916867E+1	5.8223287127E-3
9.1415150972E-1	6.9180054697E+1	5.8333508568E-3
9.1999033104E-1	7.3352020844E+1	5.8442755178E-3
9.2584002820E-1	7.7798654921E+1	5.8551025132E-3
9.3170050345E-1	8.2442171002E+1	5.8658316618E-3
9.3757165885E-1	8.7181045292E+1	5.8764627846E-3
9.4345339628E-1	9.1892335824E+1	5.8869957037E-3
9.4934561746E-1	9.6435378277E+1	5.8974302433E-3
9.5524822392E-1	1.0065672687E+2	5.9077662288E-3
9.6116111701E-1	1.0439613847E+2	5.9180034877E-3
9.6708419793E-1	1.0749333553E+2	5.9281418487E-3
9.7301736769E-1	1.0979523333E+2	5.9381811425E-3
9.7896052713E-1	1.1116328215E+2	5.9481212013E-3
9.8491357695E-1	1.1148055751E+2	5.9579618591E-3
9.9087641766E-1	1.1065823355E+2	5.9677029512E-3
9.9684894961E-1	1.0864109513E+2	5.9773443150E-3
1.0028310730E+0	1.0541178305E+2	5.9868857894E-3
1.0088226878E+0	1.0099352282E+2	5.9963272149E-3
1.0148236940E+0	9.5451156207E+1	6.0056684336E-3
1.0208339913E+0	8.8890375010E+1	6.0149092896E-3
1.0268534791E+0	8.1455142624E+1	6.0240496283E-3
1.0328820570E+0	7.3323377407E+1	6.0330892971E-3
1.0389196241E+0	6.4701057710E+1	6.0420281448E-3
1.0449660796E+0	5.5814987618E+1	6.0508660221E-3
1.0510213224E+0	4.6904530469E+1	6.0596027814E-3
1.0570852514E+0	3.8212670670E+1	6.0682382765E-3
1.0631577652E+0	2.9976800403E+1	6.0767723631E-3
1.0692387623E+0	2.2419644356E+1	6.0852048988E-3
1.0753281411E+0	1.5740731781E+1	6.0935357425E-3
1.0814257998E+0	1.0108801080E+1	6.1017647550E-3
1.0875316366E+0	5.6554787836E+0	6.1098917988E-3
1.0936455494E+0	2.4705145413E+0	6.1179167381E-3
1.0997674360E+0	5.9877946800E-1	6.1258394388E-3
1.1058971941E+0	3.9150888571E-2	6.1336597685E-3
1.1120347214E+0	7.4531638642E-1	6.1413775965E-3
1.1181799151E+0	2.6284388302E+0	6.1489927938E-3
1.1243326727E+0	5.5615364139E+0	6.1565052331E-3
1.1304928913E+0	9.3853522249E+0	6.1639147890E-3
1.1366604679E+0	1.3915420505E+1	6.1712213376E-3
1.1428352996E+0	1.8949984982E+1	6.1784247568E-3
1.1490172830E+0	2.4278390955E+1	6.1855249261E-3
1.1552063150E+0	2.9689558744E+1	6.1925217271E-3
1.1614022920E+0	3.4980152114E+1	6.1994150427E-3
1.1676051105E+0	3.9962080828E+1	6.2062047577E-3
1.1738146669E+0	4.4469019646E+1	6.2128907587E-3
1.1800308574E+0	4.8361684604E+1	6.2194729339E-3
1.1862535782E+0	5.1531677515E+1	6.2259511734E-3
1.1924827251E+0	5.3903787491E+1	6.2323253688E-3
1.1987181942E+0	5.5436719484E+1	6.2385954138E-3
1.2049598812E+0	5.6122299863E+1	6.2447612034E-3
1.2112076818E+0	5.5983283516E+1	6.2508226346E-3
1.2174614916E+0	5.5069951940E+1	6.2567796062E-3
1.2237212062E+0	5.3455744079E+1	6.2626320186E-3
1.2299867208E+0	5.1232198459E+1	6.2683797740E-3
1.2362579308E+0	4.8503505290E+1	6.2740227763E-3
1.2425347314E+0	4.5380969723E+1	6.2795609313E-3
1.2488170177E+0	4.1977673086E+1	6.2849941464E-3
1.2551046847E+0	3.8403589072E+1	6.2903223308E-3
1.2613976273E+0	3.4761368798E+1	6.2955453954E-3
1.2676957404E+0	3.1142955577E+1	6.3006632530E-3
1.2739989187E+0	2.7627130664E+1	6.3056758180E-3
1.2803070569E+0	2.4278029030E+1	6.3105830068E-3
1.2866200496E+0	2.1144603431E+1	6.3153847371E-3
1.2929377912E+0	1.8260959286E+1	6.3200809290E-3
1.2992601762E+0	1.5647435527E+1	6.3246715037E-3
1.3055870990E+0	1.3312270340E+1	6.3291563847E-3
1.3119184537E+0	1.1253667356E+1	6.3335354970E-3
1.3182541347E+0	9.4620684871E+0	6.3378087674E-3
1.3245940360E+0	7.9224441651E+0	6.3419761245E-3
1.3309380516E+0	6.6164293646E+0	6.3460374987E-3
1.3372860756E+0	5.5241628033E+0	6.3499928220E-3
1.3436380019E+0	4.6257245126E+0	6.3538420284E-3
1.3499937243E+0	3.9021106534E+0	6.3575850535E-3
1.3563531366E+0	3.3357305402E+0	6.3612218349E-3
1.3627161325E+0	2.9104559428E+0	6.3647523117E-3
1.3690826057E+0	2.6112934190E+0	6.3681764249E-3
1.3754524499E+0	2.4237837265E+0	6.3714941173E-3
1.3818255585E+0	2.3332558507E+0	6.3747053335E-3
1.3882018250E+0	2.3240750751E+0	6.3778100198E-3
1.3945811430E+0	2.3790240084E+0	6.3808081243E-3
1.4009634057E+0	2.4789425875E+0	6.3836995970E-3
1.4073485066E+0	2.6027287161E+0	6.3864843894E-3
1.4137363389E+0	2.7277672389E+0	6.3891624551E-3
1.4201267959E+0	2.8308138459E+0	6.3917337493E-3
1.4265197708E+0	2.8893154346E+0	6.3941982290E-3
1.4329151568E+0	2.8831028617E+0	6.3965558531E-3
1.4393128469E+0	2.7963493965E+0	6.3988065821E-3
1.4457127343E+0	2.6196520997E+0	6.4009503785E-3
1.4521147120E+0	2.3520667269E+0	6.4029872063E-3
1.4585186731E+0	2.0029120996E+0	6.4049170317E-3
1.4649245104E+0	1.5931588044E+0	6.4067398222E-3
1.4713321170E+0	1.1562302848E+0	6.4084555476E-3
1.4777413858E+0	7.3807162116E-1	6.4100641790E-3
1.4841522097E+0	3.9638117965E-1	6.4115656896E-3
1.4905644815E+0	1.9895071822E-1	6.4129600544E-3
1.4969780940E+0	2.2111733175E-1	6.4142472499E-3
1.5033929402E+0	5.4239221595E-1	6.4154272548E-3
1.5098089128E+0	1.2423925573E+0	6.4165000493E-3
1.5162259046E+0	2.3962597882E+0	6.4174656154E-3
1.5226438083E+0	4.0697959757E+0	6.4183239370E-3
1.5290625167E+0	6.3145866630E+0	6.4190749998E-3
1.5354819225E+0	9.1634001589E+0	6.4197187912E-3
1.5419019185E+0	1.2626157956E+1	6.4202553005E-3
1.5483223974E+0	1.6686757643E+1	6.4206845187E-3
1.5547432518E+0	2.1300998341E+1	6.4210064386E-3
1.5611643745E+0	2.6395810439E+1	6.4212210549E-3
1.5675856581E+0	3.1869928516E+1	6.4213283639E-3
1.5740069954E+0	3.7596071879E+1	6.4213283639E-3
1.5804282791E+0	4.3424615161E+1	6.4212210549E-3
1.5868494018E+0	4.9188646446E+1	6.4210064386E-3
1.5932702562E+0	5.4710227437E+1	6.4206845187E-3
1.5996907351E+0	5.9807593955E+1	6.4202553005E-3
1.6061107310E+0	6.4302970670E+1	6.4197187912E-3
1.6125301369E+0	6.8030625297E+1	6.4190749998E-3
1.6189488453E+0	7.0844758032E+1	6.4183239370E-3
1.6253667490E+0	7.2626814301E+1	6.4174656154E-3
1.6317837408E+0	7.3291823770E+1	6.4165000493E-3
1.6381997134E+0	7.2793406169E+1	6.4154272548E-3
1.6446145595E+0	7.1127143329E+1	6.4142472499E-3
1.6510281721E+0	6.8332093770E+1	6.4129600544E-3
1.6574404439E+0	6.4490317851E+1	6.4115656896E-3
1.6638512678E+0	5.9724382565E+1	6.4100641790E-3
1.6702605366E+0	5.4192920271E+1	6.4084555476E-3
1.6766681432E+0	4.8084419075E+1	6.4067398222E-3
1.6830739805E+0	4.1609518443E+1	6.4049170317E-3
1.6894779416E+0	3.4992166336E+1	6.4029872063E-3
1.6958799193E+0	2.8460059147E+1	6.4009503785E-3
1.7022798067E+0	2.2234828935E+1	6.3988065821E-3
1.7086774968E+0	1.6522461508E+1	6.3965558531E-3
1.7150728827E+0	1.1504422285E+1	6.3941982290E-3
1.7214658576E+0	7.3299348813E+0	6.3917337493E-3
1.7278563146E+0	4.1098014322E+0	6.3891624551E-3
1.7342441470E+0	1.9120767503E+0	6.3864843894E-3
1.7406292478E+0	7.5981441004E-1	6.3836995970E-3
1.7470115106E+0	6.3099688664E-1	6.3808081243E-3
1.7533908286E+0	1.4606494868E+0	6.3778100198E-3
1.7597670951E+0	3.1450250276E+0	6.3747053335E-3
1.7661402037E+0	5.5476391191E+0	6.3714941173E-3
1.7725100479E+0	8.5068401401E+0	6.3681764249E-3
1.7788765211E+0	1.1844518800E+1	6.3647523117E-3
1.7852395170E+0	1.5375503719E+1	6.3612218349E-3
1.7915989293E+0	1.8917154898E+1	6.3575850535E-3
1.7979546517E+0	2.2298658167E+1	6.3538420284E-3
1.8043065780E+0	2.5369541055E+1	6.3499928220E-3
1.8106546020E+0	2.8006973250E+1	6.3460374987E-3
1.8169986176E+0	3.0121480405E+1	6.3419761245E-3
1.8233385189E+0	3.1660785032E+1	6.3378087674E-3
1.8296741999E+0	3.2611588147E+1	6.3335354970E-3
1.8360055546E+0	3.2999214578E+1	6.3291563847E-3
1.8423324774E+0	3.2885157863E+1	6.3246715037E-3
1.8486548624E+0	3.2362671180E+1	6.3200809290E-3
1.8549726040E+0	3.1550653166E+1	6.3153847371E-3
1.8612855967E+0	3.0586166170E+1	6.3105830068E-3
1.8675937349E+0	2.9615995062E+1	6.3056758180E-3
1.8738969132E+0	2.8787703405E+1	6.3006632530E-3
1.8801950263E+0	2.8240668259E+1	6.2955453954E-3
1.8864879689E+0	2.8097573929E+1	6.2903223308E-3
1.8927756359E+0	2.8456818916E+1	6.2849941464E-3
1.8990579222E+0	2.9386240648E+1	6.2795609313E-3
1.9053347228E+0	3.0918492103E+1	6.2740227763E-3
1.9116059328E+0	3.3048317036E+1	6.2683797740E-3
1.9178714474E+0	3.5731870829E+1	6.2626320186E-3
1.9241311620E+0	3.8888127333E+1	6.2567796062E-3
1.9303849718E+0	4.2402304010E+1	6.2508226346E-3
1.9366327724E+0	4.6131133823E+1	6.2447612034E-3
1.9428744594E+0	4.9909717859E+1	6.2385954138E-3
1.9491099285E+0	5.3559612519E+1	6.2323253688E-3
1.9553390754E+0	5.6897743117E+1	6.2259511734E-3
1.9615617961E+0	5.9745694688E+1	6.2194729339E-3
1.9677779867E+0	6.1938913109E+1	6.2128907587E-3
1.9739875431E+0	6.3335355058E+1	6.2062047577E-3
1.9801903616E+0	6.3823154280E+1	6.1994150427E-3
1.9863863386E+0	6.3326921514E+1	6.1925217271E-3
1.9925753706E+0	6.1812364072E+1	6.1855249261E-3
1.9987573540E+0	5.9288994492E+1	6.1784247568E-3
2.0049321857E+0	5.5810791696E+1	6.1712213376E-3
2.0110997623E+0	5.1474777830E+1	6.1639147890E-3
2.0172599809E+0	4.6417574456E+1	6.1565052331E-3
2.0234127385E+0	4.0810098212E+1	6.1489927938E-3
2.0295579322E+0	3.4850643481E+1	6.1413775965E-3
2.0356954595E+0	2.8756674403E+1	6.1336597685E-3
2.0418252176E+0	2.2755706746E+1	6.1258394388E-3
2.0479471042E+0	1.7075699715E+1	6.1179167381E-3
2.0540610170E+0	1.1935396790E+1	6.1098917988E-3
2.0601668538E+0	7.5350527860E+0	6.1017647550E-3
2.0662645125E+0	4.0479620014E+0	6.0935357425E-3
2.0723538913E+0	1.6131609584E+0	6.0852048988E-3
2.0784348884E+0	3.2962119859E-1	6.0767723631E-3
2.0845074022E+0	2.5217602761E-1	6.0682382765E-3
2.0905713312E+0	1.3893434978E+0	6.0596027814E-3
2.0966265740E+0	3.7031204529E+0	6.0508660221E-3
2.1026730295E+0	7.1107332058E+0	6.0420281448E-3
2.1087105966E+0	1.1488243624E+1	6.0330892971E-3
2.1147391745E+0	1.6675828976E+1	6.0240496283E-3
2.1207586623E+0	2.2484483362E+1	6.0149092896E-3
2.1267689596E+0	2.8703830937E+1	6.0056684336E-3
2.1327699657E+0	3.5110698656E+1	5.9963272149E-3
2.1387615806E+0	4.1478070506E+1	5.9868857894E-3
2.1447437040E+0	4.7584036818E+1	5.9773443150E-3
2.1507162359E+0	5.3220361171E+1	5.9677029512E-3
2.1566790766E+0	5.8200312711E+1	5.9579618591E-3
2.1626321265E+0	6.2365451811E+1	5.9481212013E-3
2.1685752859E+0	6.5591109719E+1	5.9381811425E-3
2.1745084557E+0	6.7790365418E+1	5.9281418487E-3
2.1804315366E+0	6.8916392274E+1	5.9180034877E-3
2.1863444297E+0	6.8963120071E+1	5.9077662288E-3
2.1922470361E+0	6.7964231230E+1	5.8974302433E-3
2.1981392573E+0	6.5990580221E+1	5.8869957037E-3
2.2040209947E+0	6.3146189432E+1	5.8764627846E-3
2.2098921501E+0	5.9563030435E+1	5.8658316618E-3
2.2157526254E+0	5.5394844333E+1	5.8551025132E-3
2.2216023226E+0	5.0810287255E+1	5.8442755178E-3
2.2274411439E+0	4.5985705819E+1	5.8333508568E-3
2.2332689918E+0	4.1097852359E+1	5.8223287127E-3
2.2390857689E+0	3.6316840970E+1	5.8112092696E-3
2.2448913779E+0	3.1799624239E+1	5.7999927133E-3
2.2506857220E+0	2.7684238264E+1	5.7886792314E-3
2.2564687042E+0	2.4085022586E+1	5.7772690129E-3
2.2622402278E+0	2.1088974266E+1	5.7657622485E-3
2.2680001965E+0	1.8753344225E+1	5.7541591304E-3
2.2737485140E+0	1.7104531350E+1	5.7424598526E-3
2.2794850843E+0	1.6138277830E+1	5.7306646105E-3
2.2852098113E+0	1.5821118966E+1	5.7187736014E-3
2.2909225996E+0	1.6092993097E+1	5.7067870238E-3
2.2966233536E+0	1.6870872997E+1	5.6947050782E-3
2.3023119780E+0	1.8053239763E+1	5.6825279663E-3
2.3079883779E+0	1.9525185664E+1	5.6702558918E-3
2.3136524582E+0	2.1163906183E+1	5.6578890597E-3
2.3193041245E+0	2.2844327511E+1	5.6454276767E-3
2.3249432821E+0	2.4444617638E+1	5.6328719509E-3
2.3305698370E+0	2.5851349240E+1	5.6202220924E-3
2.3361836950E+0	2.6964119410E+1	5.6074783123E-3
2.3417847624E+0	2.7699479370E+1	5.5946408237E-3
2.3473729455E+0	2.7994076108E+1	5.5817098412E-3
2.3529481510E+0	2.7806946771E+1	5.5686855808E-3
2.3585102856E+0	2.7120927261E+1	5.5555682601E-3
2.3640592565E+0	2.5943139975E+1	5.5423580985E-3
2.3695949710E+0	2.4304523812E+1	5.5290553166E-3
2.3751173364E+0	2.2258382187E+1	5.5156601367E-3
2.3806262605E+0	1.9877969849E+1	5.5021727828E-3
2.3861216513E+0	1.7253220822E+1	5.4885934801E-3
2.3916034169E+0	1.4486817588E+1	5.4749224557E-3
2.3970714657E+0	1.1689875933E+1	5.4611599379E-3
2.4025257064E+0	8.9775283576E+0	5.4473061568E-3
2.4079660477E+0	6.4646165091E+0	5.4333613439E-3
2.4133923988E+0	4.2615809032E+0	5.4193257323E-3
2.4188046690E+0	2.4705375677E+0	5.4051995564E-3
2.4242027678E+0	1.1815302360E+0	5.3909830523E-3
2.4295866050E+0	4.6906141318E-1	5.3766764577E-3
2.4349560907E+0	3.8916275372E-1	5.3622800116E-3
2.4403111352E+0	9.7732890162E-1	5.3477939546E-3
2.4456516489E+0	2.2475070965E+0	5.3332185287E-3
2.4509775425E+0	4.1920452023E+0	5.3185539776E-3
2.4562887272E+0	6.7822500972E+0	5.3038005463E-3
2.4615851141E+0	9.9692254918E+0	5.2889584814E-3
2.4668666147E+0	1.3684992150E+1	5.2740280309E-3
2.4721331408E+0	1.7844292146E+1	5.2590094442E-3
2.4773846043E+0	2.2347527948E+1	5.2439029725E-3
2.4826209175E+0	2.7084783029E+1	5.2287088681E-3
2.4878419929E+0	3.1940131925E+1	5.2134273849E-3
2.4930477432E+0	3.6795184771E+1	5.1980587783E-3
2.4982380815E+0	4.1531489605E+1	5.1826033052E-3
2.5034129210E+0	4.6032619534E+1	5.1670612238E-3
2.5085721752E+0	5.0187327376E+1	5.1514327939E-3
2.5137157579E+0	5.3894196277E+1	5.1357182766E-3
2.5188435831E+0	5.7066355429E+1	5.1199179345E-3
2.5239555652E+0	5.9633973949E+1	5.1040320318E-3
2.5290516187E+0	6.1543755047E+1	5.0880608338E-3
2.5341316585E+0	6.2757435142E+1	5.0720046074E-3
2.5391955997E+0	6.3252317707E+1	5.0558636210E-3
2.5442433576E+0	6.3024398729E+1	5.0396381444E-3
2.5492748479E+0	6.2090901590E+1	5.0233284486E-3
2.5542899865E+0	6.0488551181E+1	5.0069348063E-3
2.5592886896E+0	5.8268105038E+1	4.9904574913E-3
2.5642708737E+0	5.5490009088E+1	4.9738967791E-3
2.5692364555E+0	5.2224733476E+1	4.9572529464E-3
2.5741853520E+0	4.8555094669E+1	4.9405262713E-3
2.5791174805E+0	4.4574526938E+1	4.9237170334E-3
2.5840327586E+0	4.0380058364E+1	4.9068255135E-3
2.5889311042E+0	3.6065977804E+1	4.8898519940E-3
2.5938124354E+0	3.1723564912E+1	4.8727967585E-3
2.5986766706E+0	2.7443778108E+1	4.8556600920E-3
2.6035237285E+0	2.3315489025E+1	4.8384422809E-3
2.6083535282E+0	1.9418715308E+1	4.8211436130E-3
2.6131659889E+0	1.5820341166E+1	4.8037643772E-3
2.6179610302E+0	1.2576236433E+1	4.7863048641E-3
2.6227385719E+0	9.7338907805E+0	4.7687653653E-3
2.6274985343E+0	7.3297563408E+0	4.7511461741E-3
2.6322408378E+0	5.3852632467E+0	4.7334475849E-3
2.6369654032E+0	3.9078491838E+0	4.7156698934E-3
2.6416721513E+0	2.8944322580E+0	4.6978133967E-3
2.6463610038E+0	2.3314068770E+0	4.6798783932E-3
2.6510318821E+0	2.1933188161E+0	4.6618651826E-3
2.6556847082E+0	2.4451197508E+0	4.6437740661E-3
2.6603194043E+0	3.0449308639E+0	4.6256053458E-3
2.6649358931E+0	3.9435165775E+0	4.6073593254E-3
2.6695340973E+0	5.0853854564E+0	4.5890363098E-3
2.6741139402E+0	6.4137694950E+0	4.5706366053E-3
2.6786753451E+0	7.8716533163E+0	4.5521605193E-3
2.6832182358E+0	9.3986489405E+0	4.5336083606E-3
2.6877425365E+0	1.0934743479E+1	4.5149804392E-3
2.6922481716E+0	1.2427603754E+1	4.4962770664E-3
2.6967350656E+0	1.3829330073E+1	4.4774985548E-3
2.7012031437E+0	1.5091335712E+1	4.4586452181E-3
2.7056523312E+0	1.6172808454E+1	4.4397173715E-3
2.7100825537E+0	1.7046469787E+1	4.4207153312E-3
2.7144937373E+0	1.7688316388E+1	4.4016394148E-3
2.7188858081E+0	1.8076303152E+1	4.3824899412E-3
2.7232586927E+0	1.8203415238E+1	4.3632672302E-3
2.7276123182E+0	1.8073456357E+1	4.3439716031E-3
2.7319466117E+0	1.7688497983E+1	4.3246033825E-3
2.7362615009E+0	1.7059304021E+1	4.3051628919E-3
2.7405569135E+0	1.6211759629E+1	4.2856504563E-3
2.7448327779E+0	1.5170603380E+1	4.2660664016E-3
2.7490890226E+0	1.3961021739E+1	4.2464110553E-3
2.7533255764E+0	1.2621933271E+1	4.2266847457E-3
2.7575423685E+0	1.1192880768E+1	4.2068878026E-3
2.7617393285E+0	9.7078715219E+0	4.1870205567E-3
2.7659163863E+0	8.2099266182E+0	4.1670833400E-3
2.7700734720E+0	6.7428987537E+0	4.1470764858E-3
2.7742105162E+0	5.3420899619E+0	4.1270003283E-3
2.7783274497E+0	4.0468514606E+0	4.1068552032E-3
2.7824242037E+0	2.8955502703E+0	4.0866414469E-3
2.7865007098E+0	1.9173702726E+0	4.0663593974E-3
2.7905568999E+0	1.1417911913E+0	4.0460093936E-3
2.7945927061E+0	5.9441274612E-1	4.0255917754E-3
2.7986080610E+0	2.9310088379E-1	4.0051068843E-3
2.8026028975E+0	2.5312537828E-1	3.9845550624E-3
2.8065771489E+0	4.8348636467E-1	3.9639366533E-3
2.8105307487E+0	9.8877214395E-1	3.9432520014E-3
2.8144636309E+0	1.7675574375E+0	3.9225014525E-3
2.8183757298E+0	2.8126239781E+0	3.9016853533E-3
2.8222669799E+0	4.1158639860E+0	3.8808040517E-3
2.8261373163E+0	5.6587163253E+0	3.8598578967E-3
2.8299866742E+0	7.4226718036E+0	3.8388472382E-3
2.8338149894E+0	9.3875658357E+0	3.8177724274E-3
2.8376221978E+0	1.1521167708E+1	3.7966338166E-3
2.8414082359E+0	1.3800817718E+1	3.7754317588E-3
2.8451730403E+0	1.6193339244E+1	3.7541666086E-3
2.8489165482E+0	1.8663174728E+1	3.7328387211E-3
2.8526386969E+0	2.1185716679E+1	3.7114484529E-3
2.8563394244E+0	2.3717557769E+1	3.6899961614E-3
2.8600186687E+0	2.6232991751E+1	3.6684822051E-3
2.8636763684E+0	2.8698572192E+1	3.6469069436E-3
2.8673124623E+0	3.1077189769E+1	3.6252707373E-3
2.8709268897E+0	3.3351228211E+1	3.6035739479E-3
2.8745195901E+0	3.5479678755E+1	3.5818169379E-3
2.8780905036E+0	3.7449379899E+1	3.5600000709E-3
2.8816395704E+0	3.9232111809E+1	3.5381237115E-3
2.8851667313E+0	4.0807500071E+1	3.5161882254E-3
2.8886719273E+0	4.2167892209E+1	3.4941939790E-3
2.8921550998E+0	4.3286593323E+1	3.4721413399E-3
2.8956161906E+0	4.4170677312E+1	3.4500306767E-3
2.8990551419E+0	4.4797468982E+1	3.4278623588E-3
2.9024718962E+0	4.5177625449E+1	3.4056367567E-3
2.9058663965E+0	4.5302257590E+1	3.3833542419E-3
2.9092385859E+0	4.5178101348E+1	3.3610151867E-3
2.9125884081E+0	4.4813331791E+1	3.3386199643E-3
2.9159158072E+0	4.4209512542E+1	3.3161689492E-3
2.9192207275E+0	4.3389159623E+1	3.2936625164E-3
2.9225031139E+0	4.2351333198E+1	3.2711010421E-3
2.9257629114E+0	4.1127582999E+1	3.2484849032E-3
2.9290000656E+0	3.9717757499E+1	3.2258144779E-3
2.9322145224E+0	3.8157465666E+1	3.2030901448E-3
2.9354062280E+0	3.6449318296E+1	3.1803122838E-3
2.9385751292E+0	3.4629593374E+1	3.1574812755E-3
2.9417211730E+0	3.2703941479E+1	3.1345975014E-3
2.9448443068E+0	3.0707492730E+1	3.1116613440E-3
2.9479444784E+0	2.8647994656E+1	3.0886731866E-3
2.9510216360E+0	2.6558663112E+1	3.0656334132E-3
2.9540757281E+0	2.4447855939E+1	3.0425424091E-3
2.9571067038E+0	2.2346606429E+1	3.0194005599E-3
2.9601145124E+0	2.0262419499E+1	2.9962082525E-3
2.9630991036E+0	1.8223953195E+1	2.9729658744E-3
2.9660604276E+0	1.6236822905E+1	2.9496738141E-3
2.9689984348E+0	1.4326896773E+1	2.9263324607E-3
2.9719130762E+0	1.2497555306E+1	2.9029422044E-3
2.9748043031E+0	1.0771057468E+1	2.8795034361E-3
2.9776720671E+0	9.1489969298E+0	2.8560165473E-3
2.9805163203E+0	7.6488067311E+0	2.8324819307E-3
2.9833370151E+0	6.2713581894E+0	2.8088999795E-3
2.9861341046E+0	5.0279871000E+0	2.7852710878E-3
2.9889075418E+0	3.9199409996E+0	2.7615956505E-3
2.9916572805E+0	2.9518640760E+0	2.7378740632E-3
2.9943832747E+0	2.1256309800E+0	2.7141067224E-3
2.9970854788E+0	1.4400674027E+0	2.6902940251E-3
2.9997638477E+0	8.9649830962E-1	2.6664363695E-3
3.0024183367E+0	4.9029366449E-1	2.6425341541E-3
3.0050489013E+0	2.2025360310E-1	2.6185877784E-3
3.0076554977E+0	8.0706480801E-2	2.5945976426E-3
3.0102380822E+0	6.7091124496E-2	2.5705641475E-3
3.0127966116E+0	1.7312779213E-1	2.5464876949E-3
3.0153310434E+0	3.9247001300E-1	2.5223686871E-3
3.0178413350E+0	7.1683018111E-1	2.4982075270E-3
3.0203274445E+0	1.1400093296E+0	2.4740046186E-3
3.0227893304E+0	1.6519782848E+0	2.4497603662E-3
3.0252269516E+0	2.2452931082E+0	2.4254751751E-3
3.0276402673E+0	2.9118859101E+0	2.4011494510E-3
3.0300292371E+0	3.6402263196E+0	2.3767836004E-3
3.0323938212E+0	4.4254612649E+0	2.3523780306E-3
3.0347339801E+0	5.2553392926E+0	2.3279331494E-3
3.0370496746E+0	6.1220038322E+0	2.3034493653E-3
3.0393408660E+0	7.0197625509E+0	2.2789270875E-3
3.0416075160E+0	7.9350950762E+0	2.2543667257E-3
3.0438495869E+0	8.8647383216E+0	2.2297686905E-3
3.0460670410E+0	9.8002748709E+0	2.2051333928E-3
3.0482598414E+0	1.0730453767E+1	2.1804612443E-3
3.0504279513E+0	1.1654797414E+1	2.1557526574E-3
3.0525713347E+0	1.2563127519E+1	2.1310080450E-3
3.0546899556E+0	1.3447581793E+1	2.1062278206E-3
3.0567837786E+0	1.4309162186E+1	2.0814123983E-3
3.0588527688E+0	1.5137635168E+1	2.0565621928E-3
3.0608968915E+0	1.5927780750E+1	2.0316776194E-3
3.0629161127E+0	1.6681977179E+1	2.0067590939E-3
3.0649103985E+0	1.7391235401E+1	1.9818070327E-3
3.0668797157E+0	1.8051506823E+1	1.9568218529E-3
3.0688240313E+0	1.8666881908E+1	1.9318039720E-3
3.0707433129E+0	1.9230742954E+1	1.9067538080E-3
3.0726375283E+0	1.9738669064E+1	1.8816717796E-3
3.0745066460E+0	2.0196178426E+1	1.8565583060E-3
3.0763506346E+0	2.0600492605E+1	1.8314138067E-3
3.0781694634E+0	2.0945997137E+1	1.8062387021E-3
3.0799631019E+0	2.1237804897E+1	1.7810334128E-3
3.0817315203E+0	2.1478329356E+1	1.7557983600E-3
3.0834746889E+0	2.1662093603E+1	1.7305339655E-3
3.0851925786E+0	2.1790746350E+1	1.7052406515E-3
3.0868851607E+0	2.1870860343E+1	1.6799188405E-3
3.0885524069E+0	2.1901048241E+1	1.6545689559E-3
3.0901942894E+0	2.1878574041E+1	1.6291914212E-3
3.0918107807E+0	2.1808868508E+1	1.6037866605E-3
3.0934018538E+0	2.1697026866E+1	1.5783550984E-3
3.0949674821E+0	2.1541094109E+1	1.5528971598E-3
3.0965076394E+0	2.1340677075E+1	1.5274132703E-3
3.0980223001E+0	2.1101813384E+1	1.5019038556E-3
3.0995114388E+0	2.0829045268E+1	1.4763693421E-3
3.1009750306E+0	2.0521303044E+1	1.4508101565E-3
3.1024130510E+0	2.0178621948E+1	1.4252267258E-3
3.1038254761E+0	1.9806161711E+1	1.3996194778E-3
3.1052122822E+0	1.9408925106E+1	1.3739888402E-3
3.1065734461E+0	1.8987420386E+1	1.3483352414E-3
3.1079089451E+0	1.8541161787E+1	1.3226591101E-3
3.1092187570E+0	1.8073210846E+1	1.2969608754E-3
3.1105028597E+0	1.7588639301E+1	1.2712409668E-3
3.1117612318E+0	1.7090209797E+1	1.2454998140E-3
3.1129938524E+0	1.6577910372E+1	1.2197378472E-3
3.1142007007E+0	1.6052267977E+1	1.1939554970E-3
3.1153817567E+0	1.5516325099E+1	1.1681531941E-3
3.1165370006E+0	1.4974004605E+1	1.1423313699E-3
3.1176664131E+0	1.4427592955E+1	1.1164904558E-3
3.1187699753E+0	1.3877498669E+1	1.0906308836E-3
3.1198476688E+0	1.3324074825E+1	1.0647530855E-3
3.1208994755E+0	1.2769062728E+1	1.0388574939E-3
3.1219253780E+0	1.2215227424E+1	1.0129445417E-3
3.1229253590E+0	1.1664967863E+1	9.8701466182E-4
3.1238994018E+0	1.1119481743E+1	9.6106828758E-4
3.1248474902E+0	1.0579117894E+1	9.3510585261E-4
3.1257696083E+0	1.0044309800E+1	9.0912779076E-4
3.1266657407E+0	9.5161589130E+0	8.8313453619E-4
3.1275358724E+0	8.9962949146E+0	8.5712652325E-4
3.1283799890E+0	8.4863175367E+0	8.3110418659E-4
3.1291980762E+0	7.9873440153E+0	8.0506796108E-4
3.1299901204E+0	7.4999464458E+0	7.7901828182E-4
3.1307561084E+0	7.0244074509E+0	7.5295558414E-4
3.1314960274E+0	6.5610407651E+0	7.2688030358E-4
3.1322098650E+0	6.1103688205E+0	7.0079287589E-4
3.1328976092E+0	5.6731046390E+0	6.7469373705E-4
3.1335592487E+0	5.2500129258E+0	6.4858332323E-4
3.1341947723E+0	4.8417624563E+0	6.2246207073E-4
3.1348041694E+0	4.4488451006E+0	5.9633041614E-4
3.1353874298E+0	4.0715765901E+0	5.7018879612E-4
3.1359445438E+0	3.7101510357E+0	5.4403764760E-4
3.1364755020E+0	3.3647087790E+0	5.1787740760E-4
3.1369802957E+0	3.0353876574E+0	4.9170851331E-4
3.1374589163E+0	2.7223463052E+0	4.6553140213E-4
3.1379113559E+0	2.4257631866E+0	4.3934651156E-4
3.1383376069E+0	2.1458221220E+0	4.1315427928E-4
3.1387376622E+0	1.8826950713E+0	3.8695514312E-4
3.1391115150E+0	1.6365291729E+0	3.6074954110E-4
3.1394591592E+0	1.4074406373E+0	3.3453791144E-4
3.1397805890E+0	1.1955148871E+0	3.0832069259E-4
3.1400757989E+0	1.0008107961E+0	2.8209832342E-4
3.1403447841E+0	8.2336670221E-1	2.5587124334E-4
3.1405875400E+0	6.6320642625E-1	2.2963989267E-4
3.1408040626E+0	5.2034429752E-1	2.0340471372E-4
3.1409943483E+0	3.9478884520E-1	1.7716615272E-4
3.1411583939E+0	2.8654523512E-1	1.5092466531E-4
3.1412961968E+0	1.9561672599E-1	1.2468073282E-4
3.1414077547E+0	1.2200544444E-1	9.8434919423E-5
3.1414930663E+0	6.5712676900E-2	7.2188137769E-5
3.1415521316E+0	2.6738430985E-2	4.5943520243E-5
3.1415849628E+0	5.0747441975E-3	1.9736940383E-5