# Differential cross section		
# Author: P. Swaczyna	Princeton University	(swaczyna@princeton.edu)
# Date: 	Tue 3 Nov 2020 16:28:27	
# 		
# Elastic collision: H^+ + He^0 -> H^+ + He^0		
# 		
# Red. mass: 	7.4962491838E+8	 eV/c^2
# CM energy: 	9.5499258602E-3	 eV
# Rel speed: 	1.5132604912E+5	 cm/s
# Tot sigma: 	1.0689225221E+3	 a.u.
# Int sigma: 	1.0689225221E+3	 a.u.
# 		
# Columns:		
# the <- scattering angle (rad)		
# dcs <- dsigma/dOmega*2*pi*sin(the) (a.u. = 2.8002852056E-17 cm^2)		
# wei <- weight for cross section integration (approx. width of angle bin)		
# 		
# the	dcs	wei
7.6907532846E-6	1.2077933832E+0	1.9736940383E-5
4.0521979771E-5	6.3637502239E+0	4.5943520243E-5
9.9587300392E-5	1.5639384305E+1	7.2188137769E-5
1.8489884726E-4	2.9035547551E+1	9.8434919423E-5
2.9645680168E-4	4.6549312790E+1	1.2468073282E-4
4.3425968311E-4	6.8174032036E+1	1.5092466531E-4
5.9830531657E-4	9.3897469960E+1	1.7716615272E-4
7.8859101285E-4	1.2369938174E+2	2.0340471372E-4
1.0051136166E-3	1.5754869005E+2	2.2963989267E-4
1.2478695220E-3	1.9540036111E+2	2.5587124334E-4
1.5168546797E-3	2.3719210943E+2	2.8209832342E-4
1.8120645986E-3	2.8284110871E+2	3.0832069259E-4
2.1334943481E-3	3.3224094154E+2	3.3453791144E-4
2.4811385584E-3	3.8525907684E+2	3.6074954110E-4
2.8549914211E-3	4.4173521144E+2	3.8695514312E-4
3.2550466893E-3	5.0148084132E+2	4.1315427928E-4
3.6812976783E-3	5.6428042318E+2	4.3934651156E-4
4.1337372652E-3	6.2989443505E+2	4.6553140213E-4
4.6123578895E-3	6.9806453069E+2	4.9170851331E-4
5.1171515529E-3	7.6852079950E+2	5.1787740760E-4
5.6481098199E-3	8.4099088956E+2	5.4403764760E-4
6.2052238176E-3	9.1521044232E+2	5.7018879612E-4
6.7884842360E-3	9.9093395076E+2	5.9633041614E-4
7.3978813281E-3	1.0679448374E+3	6.2246207073E-4
8.0334049101E-3	1.1460633150E+3	6.4858332323E-4
8.6950443616E-3	1.2251505135E+3	6.7469373705E-4
9.3827886258E-3	1.3051074963E+3	7.0079287589E-4
1.0096626210E-2	1.3858682027E+3	7.2688030358E-4
1.0836545184E-2	1.4673860580E+3	7.5295558414E-4
1.1602533184E-2	1.5496149705E+3	7.7901828182E-4
1.2394577408E-2	1.6324865911E+3	8.0506796108E-4
1.3212664621E-2	1.7158869104E+3	8.3110418659E-4
1.4056781152E-2	1.7996362645E+3	8.5712652325E-4
1.4926912893E-2	1.8834773376E+3	8.8313453619E-4
1.5823045305E-2	1.9670754480E+3	9.0912779076E-4
1.6745163410E-2	2.0500340167E+3	9.3510585261E-4
1.7693251801E-2	2.1319255286E+3	9.6106828758E-4
1.8667294632E-2	2.2123347321E+3	9.8701466182E-4
1.9667275626E-2	2.2909069177E+3	1.0129445417E-3
2.0693178073E-2	2.3673909401E+3	1.0388574939E-3
2.1744984827E-2	2.4416654419E+3	1.0647530855E-3
2.2822678313E-2	2.5137385517E+3	1.0906308836E-3
2.3926240519E-2	2.5837164908E+3	1.1164904558E-3
2.5055653005E-2	2.6517443514E+3	1.1423313699E-3
2.6210896896E-2	2.7179310159E+3	1.1681531941E-3
2.7391952886E-2	2.7822772726E+3	1.1939554970E-3
2.8598801239E-2	2.8446290022E+3	1.2197378472E-3
2.9831421786E-2	2.9046738341E+3	1.2454998140E-3
3.1089793929E-2	2.9619892488E+3	1.2712409668E-3
3.2373896638E-2	3.0161343036E+3	1.2969608754E-3
3.3683708455E-2	3.0667601743E+3	1.3226591101E-3
3.5019207490E-2	3.1137029445E+3	1.3483352414E-3
3.6380371427E-2	3.1570220400E+3	1.3739888402E-3
3.7767177517E-2	3.1969626871E+3	1.3996194778E-3
3.9179602586E-2	3.2338478912E+3	1.4252267258E-3
4.0617623030E-2	3.2679352809E+3	1.4508101565E-3
4.2081214817E-2	3.2992939838E+3	1.4763693421E-3
4.3570353490E-2	3.3277557937E+3	1.5019038556E-3
4.5085014162E-2	3.3529696951E+3	1.5274132703E-3
4.6625171522E-2	3.3745458871E+3	1.5528971598E-3
4.8190799831E-2	3.3922313260E+3	1.5783550984E-3
4.9781872927E-2	3.4060353849E+3	1.6037866605E-3
5.1398364219E-2	3.4162387089E+3	1.6291914212E-3
5.3040246694E-2	3.4232708959E+3	1.6545689559E-3
5.4707492914E-2	3.4275107587E+3	1.6799188405E-3
5.6400075017E-2	3.4291102764E+3	1.7052406515E-3
5.8117964718E-2	3.4279398393E+3	1.7305339655E-3
5.9861133308E-2	3.4236930648E+3	1.7557983600E-3
6.1629551657E-2	3.4161006341E+3	1.7810334128E-3
6.3423190212E-2	3.4051327352E+3	1.8062387021E-3
6.5242019000E-2	3.3910657508E+3	1.8314138067E-3
6.7086007624E-2	3.3743645189E+3	1.8565583060E-3
6.8955125270E-2	3.3554476559E+3	1.8816717796E-3
7.0849340702E-2	3.3344849588E+3	1.9067538080E-3
7.2768622264E-2	3.3113625595E+3	1.9318039720E-3
7.4712937885E-2	3.2858437165E+3	1.9568218529E-3
7.6682255070E-2	3.2578174791E+3	1.9818070327E-3
7.8676540910E-2	3.2274585762E+3	2.0067590939E-3
8.0695762079E-2	3.1951792905E+3	2.0316776194E-3
8.2739884832E-2	3.1614075217E+3	2.0565621928E-3
8.4808875009E-2	3.1263607245E+3	2.0814123983E-3
8.6902698034E-2	3.0899913989E+3	2.1062278206E-3
8.9021318917E-2	3.0521446809E+3	2.1310080450E-3
9.1164702253E-2	3.0127962677E+3	2.1557526574E-3
9.3332812224E-2	2.9721709328E+3	2.1804612443E-3
9.5525612596E-2	2.9306438723E+3	2.2051333928E-3
9.7743066726E-2	2.8885186383E+3	2.2297686905E-3
9.9985137556E-2	2.8458835473E+3	2.2543667257E-3
1.0225178762E-1	2.8026701464E+3	2.2789270875E-3
1.0454297904E-1	2.7588460351E+3	2.3034493653E-3
1.0685867352E-1	2.7145512302E+3	2.3279331494E-3
1.0919883237E-1	2.6700516559E+3	2.3523780306E-3
1.1156341648E-1	2.6255730921E+3	2.3767836004E-3
1.1395238633E-1	2.5811958824E+3	2.4011494510E-3
1.1636570200E-1	2.5369101007E+3	2.4254751751E-3
1.1880332317E-1	2.4927493665E+3	2.4497603662E-3
1.2126520909E-1	2.4488446544E+3	2.4740046186E-3
1.2375131862E-1	2.4053490451E+3	2.4982075270E-3
1.2626161023E-1	2.3623457578E+3	2.5223686871E-3
1.2879604195E-1	2.3198612919E+3	2.5464876949E-3
1.3135457143E-1	2.2779516192E+3	2.5705641475E-3
1.3393715592E-1	2.2367253079E+3	2.5945976426E-3
1.3654375226E-1	2.1962613454E+3	2.6185877784E-3
1.3917431689E-1	2.1565458570E+3	2.6425341541E-3
1.4182880585E-1	2.1175455331E+3	2.6664363695E-3
1.4450717478E-1	2.0793321597E+3	2.6902940251E-3
1.4720937892E-1	2.0420613899E+3	2.7141067224E-3
1.4993537310E-1	2.0057957541E+3	2.7378740632E-3
1.5268511179E-1	1.9704143355E+3	2.7615956505E-3
1.5545854902E-1	1.9357790968E+3	2.7852710878E-3
1.5825563845E-1	1.9019597630E+3	2.8088999795E-3
1.6107633333E-1	1.8691745245E+3	2.8324819307E-3
1.6392058653E-1	1.8374780881E+3	2.8560165473E-3
1.6678835052E-1	1.8066376704E+3	2.8795034361E-3
1.6967957737E-1	1.7764294870E+3	2.9029422044E-3
1.7259421876E-1	1.7469613940E+3	2.9263324607E-3
1.7553222599E-1	1.7185114018E+3	2.9496738141E-3
1.7849354996E-1	1.6910661922E+3	2.9729658744E-3
1.8147814117E-1	1.6642604974E+3	2.9962082525E-3
1.8448594977E-1	1.6378720503E+3	3.0194005599E-3
1.8751692548E-1	1.6121346718E+3	3.0425424091E-3
1.9057101764E-1	1.5873304420E+3	3.0656334132E-3
1.9364817522E-1	1.5632577180E+3	3.0886731866E-3
1.9674834681E-1	1.5394548107E+3	3.1116613440E-3
1.9987148058E-1	1.5158794219E+3	3.1345975014E-3
2.0301752435E-1	1.4929275116E+3	3.1574812755E-3
2.0618642554E-1	1.4706993233E+3	3.1803122838E-3
2.0937813120E-1	1.4487253625E+3	3.2030901448E-3
2.1259258799E-1	1.4266713145E+3	3.2258144779E-3
2.1582974219E-1	1.4048490384E+3	3.2484849032E-3
2.1908953970E-1	1.3836063102E+3	3.2711010421E-3
2.2237192605E-1	1.3626217026E+3	3.2936625164E-3
2.2567684639E-1	1.3413825612E+3	3.3161689492E-3
2.2900424548E-1	1.3200389963E+3	3.3386199643E-3
2.3235406772E-1	1.2990718918E+3	3.3610151867E-3
2.3572625713E-1	1.2783359264E+3	3.3833542419E-3
2.3912075735E-1	1.2572538851E+3	3.4056367567E-3
2.4253751167E-1	1.2358432412E+3	3.4278623588E-3
2.4597646298E-1	1.2146375876E+3	3.4500306767E-3
2.4943755380E-1	1.1936153994E+3	3.4721413399E-3
2.5292072631E-1	1.1721960733E+3	3.4941939790E-3
2.5642592230E-1	1.1503424076E+3	3.5161882254E-3
2.5995308318E-1	1.1286087127E+3	3.5381237115E-3
2.6350215001E-1	1.1070149777E+3	3.5600000709E-3
2.6707306349E-1	1.0849977603E+3	3.5818169379E-3
2.7066576394E-1	1.0625540662E+3	3.6035739479E-3
2.7428019131E-1	1.0402463818E+3	3.6252707373E-3
2.7791628522E-1	1.0180489210E+3	3.6469069436E-3
2.8157398488E-1	9.9543212067E+2	3.6684822051E-3
2.8525322919E-1	9.7250940009E+2	3.6899961614E-3
2.8895395665E-1	9.4981934550E+2	3.7114484529E-3
2.9267610542E-1	9.2721485315E+2	3.7328387211E-3
2.9641961330E-1	9.0424941402E+2	3.7541666086E-3
3.0018441773E-1	8.8120613314E+2	3.7754317588E-3
3.0397045579E-1	8.5852043365E+2	3.7966338166E-3
3.0777766421E-1	8.3589331197E+2	3.8177724274E-3
3.1160597938E-1	8.1305588506E+2	3.8388472382E-3
3.1545533730E-1	7.9044150937E+2	3.8598578967E-3
3.1932567367E-1	7.6826795232E+2	3.8808040517E-3
3.2321692379E-1	7.4614924114E+2	3.9016853533E-3
3.2712902264E-1	7.2409059629E+2	3.9225014525E-3
3.3106190484E-1	7.0254144201E+2	3.9432520014E-3
3.3501550468E-1	6.8143339639E+2	3.9639366533E-3
3.3898975607E-1	6.6046883367E+2	3.9845550624E-3
3.4298459261E-1	6.3991546443E+2	4.0051068843E-3
3.4699994753E-1	6.2002933506E+2	4.0255917754E-3
3.5103575373E-1	6.0055159475E+2	4.0460093936E-3
3.5509194378E-1	5.8144939965E+2	4.0663593974E-3
3.5916844988E-1	5.6305086253E+2	4.0866414469E-3
3.6326520391E-1	5.4531345964E+2	4.1068552032E-3
3.6738213741E-1	5.2804540098E+2	4.1270003283E-3
3.7151918157E-1	5.1144644792E+2	4.1470764858E-3
3.7567626728E-1	4.9564319062E+2	4.1670833400E-3
3.7985332504E-1	4.8046049429E+2	4.1870205567E-3
3.8405028507E-1	4.6593802223E+2	4.2068878026E-3
3.8826707721E-1	4.5223966225E+2	4.2266847457E-3
3.9250363101E-1	4.3928084171E+2	4.2464110553E-3
3.9675987567E-1	4.2701506657E+2	4.2660664016E-3
4.0103574005E-1	4.1555337452E+2	4.2856504563E-3
4.0533115271E-1	4.0487822040E+2	4.3051628919E-3
4.0964604185E-1	3.9493839347E+2	4.3246033825E-3
4.1398033538E-1	3.8577662498E+2	4.3439716031E-3
4.1833396086E-1	3.7738375193E+2	4.3632672302E-3
4.2270684554E-1	3.6974361616E+2	4.3824899412E-3
4.2709891633E-1	3.6286185536E+2	4.4016394148E-3
4.3151009985E-1	3.5669225032E+2	4.4207153312E-3
4.3594032237E-1	3.5125305638E+2	4.4397173715E-3
4.4038950986E-1	3.4655331618E+2	4.4586452181E-3
4.4485758797E-1	3.4249221242E+2	4.4774985548E-3
4.4934448203E-1	3.3910302118E+2	4.4962770664E-3
4.5385011706E-1	3.3642669797E+2	4.5149804392E-3
4.5837441776E-1	3.3431106027E+2	4.5336083606E-3
4.6291730852E-1	3.3278540463E+2	4.5521605193E-3
4.6747871344E-1	3.3193468752E+2	4.5706366053E-3
4.7205855627E-1	3.3156661393E+2	4.5890363098E-3
4.7665676049E-1	3.3169726588E+2	4.6073593254E-3
4.8127324926E-1	3.3245521840E+2	4.6256053458E-3
4.8590794542E-1	3.3361797506E+2	4.6437740661E-3
4.9056077152E-1	3.3519055518E+2	4.6618651826E-3
4.9523164982E-1	3.3733729392E+2	4.6798783932E-3
4.9992050224E-1	3.3981024709E+2	4.6978133967E-3
5.0462725044E-1	3.4261486696E+2	4.7156698934E-3
5.0935181576E-1	3.4593857759E+2	4.7334475849E-3
5.1409411924E-1	3.4950829227E+2	4.7511461741E-3
5.1885408164E-1	3.5334765212E+2	4.7687653653E-3
5.2363162341E-1	3.5764971078E+2	4.7863048641E-3
5.2842666471E-1	3.6211580436E+2	4.8037643772E-3
5.3323912540E-1	3.6680822950E+2	4.8211436130E-3
5.3806892508E-1	3.7190216536E+2	4.8384422809E-3
5.4291598301E-1	3.7707767332E+2	4.8556600920E-3
5.4778021821E-1	3.8245412306E+2	4.8727967585E-3
5.5266154939E-1	3.8815893248E+2	4.8898519940E-3
5.5755989496E-1	3.9386579855E+2	4.9068255135E-3
5.6247517308E-1	3.9976067001E+2	4.9237170334E-3
5.6740730160E-1	4.0589008556E+2	4.9405262713E-3
5.7235619810E-1	4.1195081481E+2	4.9572529464E-3
5.7732177988E-1	4.1818739052E+2	4.9738967791E-3
5.8230396395E-1	4.2453783938E+2	4.9904574913E-3
5.8730266706E-1	4.3076430392E+2	5.0069348063E-3
5.9231780568E-1	4.3713712402E+2	5.0233284486E-3
5.9734929598E-1	4.4347771454E+2	5.0396381444E-3
6.0239705389E-1	4.4965780908E+2	5.0558636210E-3
6.0746099506E-1	4.5591610548E+2	5.0720046074E-3
6.1254103485E-1	4.6198334079E+2	5.0880608338E-3
6.1763708838E-1	4.6786635120E+2	5.1040320318E-3
6.2274907048E-1	4.7370435875E+2	5.1199179345E-3
6.2787689573E-1	4.7920207208E+2	5.1357182766E-3
6.3302047843E-1	4.8448522390E+2	5.1514327939E-3
6.3817973262E-1	4.8954517715E+2	5.1670612238E-3
6.4335457209E-1	4.9414738490E+2	5.1826033052E-3
6.4854491036E-1	4.9846931177E+2	5.1980587783E-3
6.5375066070E-1	5.0235947110E+2	5.2134273849E-3
6.5897173609E-1	5.0571309098E+2	5.2287088681E-3
6.6420804930E-1	5.0866285407E+2	5.2439029725E-3
6.6945951283E-1	5.1098602860E+2	5.2590094442E-3
6.7472603890E-1	5.1271443266E+2	5.2740280309E-3
6.8000753951E-1	5.1386275173E+2	5.2889584814E-3
6.8530392640E-1	5.1424474538E+2	5.3038005463E-3
6.9061511106E-1	5.1396077799E+2	5.3185539776E-3
6.9594100473E-1	5.1291009823E+2	5.3332185287E-3
7.0128151841E-1	5.1101961473E+2	5.3477939546E-3
7.0663656285E-1	5.0836016010E+2	5.3622800116E-3
7.1200604856E-1	5.0479672916E+2	5.3766764577E-3
7.1738988581E-1	5.0036112192E+2	5.3909830523E-3
7.2278798463E-1	4.9504497782E+2	5.4051995564E-3
7.2820025482E-1	4.8877311452E+2	5.4193257323E-3
7.3362660591E-1	4.8160677090E+2	5.4333613439E-3
7.3906694724E-1	4.7349617008E+2	5.4473061568E-3
7.4452118788E-1	4.6445221481E+2	5.4611599379E-3
7.4998923669E-1	4.5450674795E+2	5.4749224557E-3
7.5547100229E-1	4.4364275809E+2	5.4885934801E-3
7.6096639308E-1	4.3190944530E+2	5.5021727828E-3
7.6647531721E-1	4.1932568489E+2	5.5156601367E-3
7.7199768263E-1	4.0592953909E+2	5.5290553166E-3
7.7753339704E-1	3.9176724191E+2	5.5423580985E-3
7.8308236795E-1	3.7689238743E+2	5.5555682601E-3
7.8864450262E-1	3.6135913785E+2	5.5686855808E-3
7.9421970809E-1	3.4523264829E+2	5.5817098412E-3
7.9980789121E-1	3.2859538454E+2	5.5946408237E-3
8.0540895857E-1	3.1150117623E+2	5.6074783123E-3
8.1102281659E-1	2.9406161457E+2	5.6202220924E-3
8.1664937145E-1	2.7634182196E+2	5.6328719509E-3
8.2228852912E-1	2.5843692529E+2	5.6454276767E-3
8.2794019536E-1	2.4046245194E+2	5.6578890597E-3
8.3360427572E-1	2.2247604880E+2	5.6702558918E-3
8.3928067556E-1	2.0462345330E+2	5.6825279663E-3
8.4496930000E-1	1.8697007798E+2	5.6947050782E-3
8.5067005399E-1	1.6962701835E+2	5.7067870238E-3
8.5638284226E-1	1.5271370928E+2	5.7187736014E-3
8.6210756934E-1	1.3628485529E+2	5.7306646105E-3
8.6784413956E-1	1.2048911603E+2	5.7424598526E-3
8.7359245705E-1	1.0537343309E+2	5.7541591304E-3
8.7935242576E-1	9.1047710449E+1	5.7657622485E-3
8.8512394943E-1	7.7600607544E+1	5.7772690129E-3
8.9090693161E-1	6.5075504724E+1	5.7886792314E-3
8.9670127565E-1	5.3588128082E+1	5.7999927133E-3
9.0250688473E-1	4.3152754950E+1	5.8112092696E-3
9.0832366182E-1	3.3854742207E+1	5.8223287127E-3
9.1415150972E-1	2.5726313698E+1	5.8333508568E-3
9.1999033104E-1	1.8790218276E+1	5.8442755178E-3
9.2584002820E-1	1.3097704719E+1	5.8551025132E-3
9.3170050345E-1	8.6284670313E+0	5.8658316618E-3
9.3757165885E-1	5.4160102453E+0	5.8764627846E-3
9.4345339628E-1	3.4330474837E+0	5.8869957037E-3
9.4934561746E-1	2.6682537746E+0	5.8974302433E-3
9.5524822392E-1	3.0976999091E+0	5.9077662288E-3
9.6116111701E-1	4.6719745855E+0	5.9180034877E-3
9.6708419793E-1	7.3544181697E+0	5.9281418487E-3
9.7301736769E-1	1.1078777607E+1	5.9381811425E-3
9.7896052713E-1	1.5782915959E+1	5.9481212013E-3
9.8491357695E-1	2.1390927784E+1	5.9579618591E-3
9.9087641766E-1	2.7823157916E+1	5.9677029512E-3
9.9684894961E-1	3.4985510239E+1	5.9773443150E-3
1.0028310730E+0	4.2796228053E+1	5.9868857894E-3
1.0088226878E+0	5.1140407003E+1	5.9963272149E-3
1.0148236940E+0	5.9934940228E+1	6.0056684336E-3
1.0208339913E+0	6.9061452473E+1	6.0149092896E-3
1.0268534791E+0	7.8419838863E+1	6.0240496283E-3
1.0328820570E+0	8.7913636244E+1	6.0330892971E-3
1.0389196241E+0	9.7414818424E+1	6.0420281448E-3
1.0449660796E+0	1.0685758309E+2	6.0508660221E-3
1.0510213224E+0	1.1609985253E+2	6.0596027814E-3
1.0570852514E+0	1.2508825992E+2	6.0682382765E-3
1.0631577652E+0	1.3370196688E+2	6.0767723631E-3
1.0692387623E+0	1.4187055092E+2	6.0852048988E-3
1.0753281411E+0	1.4952601878E+2	6.0935357425E-3
1.0814257998E+0	1.5656785137E+2	6.1017647550E-3
1.0875316366E+0	1.6298430073E+2	6.1098917988E-3
1.0936455494E+0	1.6866320280E+2	6.1179167381E-3
1.0997674360E+0	1.7362136988E+2	6.1258394388E-3
1.1058971941E+0	1.7777463337E+2	6.1336597685E-3
1.1120347214E+0	1.8113025019E+2	6.1413775965E-3
1.1181799151E+0	1.8366595731E+2	6.1489927938E-3
1.1243326727E+0	1.8535829460E+2	6.1565052331E-3
1.1304928913E+0	1.8625240070E+2	6.1639147890E-3
1.1366604679E+0	1.8630369134E+2	6.1712213376E-3
1.1428352996E+0	1.8559906596E+2	6.1784247568E-3
1.1490172830E+0	1.8410501484E+2	6.1855249261E-3
1.1552063150E+0	1.8191060678E+2	6.1925217271E-3
1.1614022920E+0	1.7902588770E+2	6.1994150427E-3
1.1676051105E+0	1.7551223879E+2	6.2062047577E-3
1.1738146669E+0	1.7143560513E+2	6.2128907587E-3
1.1800308574E+0	1.6682411634E+2	6.2194729339E-3
1.1862535782E+0	1.6178571192E+2	6.2259511734E-3
1.1924827251E+0	1.5633207258E+2	6.2323253688E-3
1.1987181942E+0	1.5058267408E+2	6.2385954138E-3
1.2049598812E+0	1.4455748980E+2	6.2447612034E-3
1.2112076818E+0	1.3835775304E+2	6.2508226346E-3
1.2174614916E+0	1.3202815384E+2	6.2567796062E-3
1.2237212062E+0	1.2563624748E+2	6.2626320186E-3
1.2299867208E+0	1.1925109605E+2	6.2683797740E-3
1.2362579308E+0	1.1290875850E+2	6.2740227763E-3
1.2425347314E+0	1.0668809575E+2	6.2795609313E-3
1.2488170177E+0	1.0060683961E+2	6.2849941464E-3
1.2551046847E+0	9.4734682759E+1	6.2903223308E-3
1.2613976273E+0	8.9084559800E+1	6.2955453954E-3
1.2676957404E+0	8.3703792941E+1	6.3006632530E-3
1.2739989187E+0	7.8606581871E+1	6.3056758180E-3
1.2803070569E+0	7.3815304278E+1	6.3105830068E-3
1.2866200496E+0	6.9342688443E+1	6.3153847371E-3
1.2929377912E+0	6.5192333105E+1	6.3200809290E-3
1.2992601762E+0	6.1368372859E+1	6.3246715037E-3
1.3055870990E+0	5.7864477597E+1	6.3291563847E-3
1.3119184537E+0	5.4671027128E+1	6.3335354970E-3
1.3182541347E+0	5.1777404942E+1	6.3378087674E-3
1.3245940360E+0	4.9161195996E+1	6.3419761245E-3
1.3309380516E+0	4.6807542459E+1	6.3460374987E-3
1.3372860756E+0	4.4688176449E+1	6.3499928220E-3
1.3436380019E+0	4.2780288811E+1	6.3538420284E-3
1.3499937243E+0	4.1058907854E+1	6.3575850535E-3
1.3563531366E+0	3.9490101104E+1	6.3612218349E-3
1.3627161325E+0	3.8058720173E+1	6.3647523117E-3
1.3690826057E+0	3.6720931045E+1	6.3681764249E-3
1.3754524499E+0	3.5472233618E+1	6.3714941173E-3
1.3818255585E+0	3.4265655144E+1	6.3747053335E-3
1.3882018250E+0	3.3102646184E+1	6.3778100198E-3
1.3945811430E+0	3.1943294103E+1	6.3808081243E-3
1.4009634057E+0	3.0787837511E+1	6.3836995970E-3
1.4073485066E+0	2.9612940297E+1	6.3864843894E-3
1.4137363389E+0	2.8412107600E+1	6.3891624551E-3
1.4201267959E+0	2.7183458633E+1	6.3917337493E-3
1.4265197708E+0	2.5912858517E+1	6.3941982290E-3
1.4329151568E+0	2.4618256883E+1	6.3965558531E-3
1.4393128469E+0	2.3282015284E+1	6.3988065821E-3
1.4457127343E+0	2.1934770302E+1	6.4009503785E-3
1.4521147120E+0	2.0562400940E+1	6.4029872063E-3
1.4585186731E+0	1.9198756306E+1	6.4049170317E-3
1.4649245104E+0	1.7839609133E+1	6.4067398222E-3
1.4713321170E+0	1.6513988448E+1	6.4084555476E-3
1.4777413858E+0	1.5230171697E+1	6.4100641790E-3
1.4841522097E+0	1.4008392318E+1	6.4115656896E-3
1.4905644815E+0	1.2867027864E+1	6.4129600544E-3
1.4969780940E+0	1.1818002476E+1	6.4142472499E-3
1.5033929402E+0	1.0883483921E+1	6.4154272548E-3
1.5098089128E+0	1.0070290939E+1	6.4165000493E-3
1.5162259046E+0	9.3970006775E+0	6.4174656154E-3
1.5226438083E+0	8.8684162748E+0	6.4183239370E-3
1.5290625167E+0	8.4942319700E+0	6.4190749998E-3
1.5354819225E+0	8.2777957179E+0	6.4197187912E-3
1.5419019185E+0	8.2187208043E+0	6.4202553005E-3
1.5483223974E+0	8.3161578199E+0	6.4206845187E-3
1.5547432518E+0	8.5625070576E+0	6.4210064386E-3
1.5611643745E+0	8.9479358174E+0	6.4212210549E-3
1.5675856581E+0	9.4626011268E+0	6.4213283639E-3
1.5740069954E+0	1.0083543478E+1	6.4213283639E-3
1.5804282791E+0	1.0802852939E+1	6.4212210549E-3
1.5868494018E+0	1.1583748487E+1	6.4210064386E-3
1.5932702562E+0	1.2421246811E+1	6.4206845187E-3
1.5996907351E+0	1.3269021290E+1	6.4202553005E-3
1.6061107310E+0	1.4122147655E+1	6.4197187912E-3
1.6125301369E+0	1.4933383345E+1	6.4190749998E-3
1.6189488453E+0	1.5692579047E+1	6.4183239370E-3
1.6253667490E+0	1.6361910363E+1	6.4174656154E-3
1.6317837408E+0	1.6921277468E+1	6.4165000493E-3
1.6381997134E+0	1.7350685493E+1	6.4154272548E-3
1.6446145595E+0	1.7619061545E+1	6.4142472499E-3
1.6510281721E+0	1.7727687101E+1	6.4129600544E-3
1.6574404439E+0	1.7638974283E+1	6.4115656896E-3
1.6638512678E+0	1.7372889588E+1	6.4100641790E-3
1.6702605366E+0	1.6894674544E+1	6.4084555476E-3
1.6766681432E+0	1.6235802747E+1	6.4067398222E-3
1.6830739805E+0	1.5375641487E+1	6.4049170317E-3
1.6894779416E+0	1.4348804915E+1	6.4029872063E-3
1.6958799193E+0	1.3157895146E+1	6.4009503785E-3
1.7022798067E+0	1.1834933419E+1	6.3988065821E-3
1.7086774968E+0	1.0409130433E+1	6.3965558531E-3
1.7150728827E+0	8.9092415434E+0	6.3941982290E-3
1.7214658576E+0	7.3874302934E+0	6.3917337493E-3
1.7278563146E+0	5.8733443879E+0	6.3891624551E-3
1.7342441470E+0	4.4330904476E+0	6.3864843894E-3
1.7406292478E+0	3.1032793194E+0	6.3836995970E-3
1.7470115106E+0	1.9535639369E+0	6.3808081243E-3
1.7533908286E+0	1.0312410864E+0	6.3778100198E-3
1.7597670951E+0	4.0209753571E-1	6.3747053335E-3
1.7661402037E+0	1.2209415397E-1	6.3714941173E-3
1.7725100479E+0	2.5122172669E-1	6.3681764249E-3
1.7788765211E+0	8.4583148904E-1	6.3647523117E-3
1.7852395170E+0	1.9627753705E+0	6.3612218349E-3
1.7915989293E+0	3.6473818773E+0	6.3575850535E-3
1.7979546517E+0	5.9564942060E+0	6.3538420284E-3
1.8043065780E+0	8.9154072026E+0	6.3499928220E-3
1.8106546020E+0	1.2579300686E+1	6.3460374987E-3
1.8169986176E+0	1.6951982209E+1	6.3419761245E-3
1.8233385189E+0	2.2077297774E+1	6.3378087674E-3
1.8296741999E+0	2.7945259740E+1	6.3335354970E-3
1.8360055546E+0	3.4572161410E+1	6.3291563847E-3
1.8423324774E+0	4.1947290021E+1	6.3246715037E-3
1.8486548624E+0	5.0043267439E+1	6.3200809290E-3
1.8549726040E+0	5.8858968157E+1	6.3153847371E-3
1.8612855967E+0	6.8316599609E+1	6.3105830068E-3
1.8675937349E+0	7.8423567831E+1	6.3056758180E-3
1.8738969132E+0	8.9061319307E+1	6.3006632530E-3
1.8801950263E+0	1.0022952795E+2	6.2955453954E-3
1.8864879689E+0	1.1179477549E+2	6.2903223308E-3
1.8927756359E+0	1.2372226560E+2	6.2849941464E-3
1.8990579222E+0	1.3589653262E+2	6.2795609313E-3
1.9053347228E+0	1.4822404290E+2	6.2740227763E-3
1.9116059328E+0	1.6063151159E+2	6.2683797740E-3
1.9178714474E+0	1.7296053418E+2	6.2626320186E-3
1.9241311620E+0	1.8518149180E+2	6.2567796062E-3
1.9303849718E+0	1.9709277871E+2	6.2508226346E-3
1.9366327724E+0	2.0868313710E+2	6.2447612034E-3
1.9428744594E+0	2.1975347926E+2	6.2385954138E-3
1.9491099285E+0	2.3026972745E+2	6.2323253688E-3
1.9553390754E+0	2.4008675668E+2	6.2259511734E-3
1.9615617961E+0	2.4911333278E+2	6.2194729339E-3
1.9677779867E+0	2.5729014252E+2	6.2128907587E-3
1.9739875431E+0	2.6446453384E+2	6.2062047577E-3
1.9801903616E+0	2.7065670832E+2	6.1994150427E-3
1.9863863386E+0	2.7568786320E+2	6.1925217271E-3
1.9925753706E+0	2.7961414153E+2	6.1855249261E-3
1.9987573540E+0	2.8229235264E+2	6.1784247568E-3
2.0049321857E+0	2.8375698063E+2	6.1712213376E-3
2.0110997623E+0	2.8395717419E+2	6.1639147890E-3
2.0172599809E+0	2.8286877021E+2	6.1565052331E-3
2.0234127385E+0	2.8055187722E+2	6.1489927938E-3
2.0295579322E+0	2.7693270161E+2	6.1413775965E-3
2.0356954595E+0	2.7214940659E+2	6.1336597685E-3
2.0418252176E+0	2.6613164427E+2	6.1258394388E-3
2.0479471042E+0	2.5902896526E+2	6.1179167381E-3
2.0540610170E+0	2.5084005030E+2	6.1098917988E-3
2.0601668538E+0	2.4166609967E+2	6.1017647550E-3
2.0662645125E+0	2.3160997685E+2	6.0935357425E-3
2.0723538913E+0	2.2070964325E+2	6.0852048988E-3
2.0784348884E+0	2.0915152445E+2	6.0767723631E-3
2.0845074022E+0	1.9694843200E+2	6.0682382765E-3
2.0905713312E+0	1.8430587023E+2	6.0596027814E-3
2.0966265740E+0	1.7127295763E+2	6.0508660221E-3
2.1026730295E+0	1.5800886382E+2	6.0420281448E-3
2.1087105966E+0	1.4463658025E+2	6.0330892971E-3
2.1147391745E+0	1.3124578981E+2	6.0240496283E-3
2.1207586623E+0	1.1801774021E+2	6.0149092896E-3
2.1267689596E+0	1.0500194988E+2	6.0056684336E-3
2.1327699657E+0	9.2381284366E+1	5.9963272149E-3
2.1387615806E+0	8.0215997658E+1	5.9868857894E-3
2.1447437040E+0	6.8636700933E+1	5.9773443150E-3
2.1507162359E+0	5.7741102595E+1	5.9677029512E-3
2.1566790766E+0	4.7594633951E+1	5.9579618591E-3
2.1626321265E+0	3.8314054741E+1	5.9481212013E-3
2.1685752859E+0	2.9927633423E+1	5.9381811425E-3
2.1745084557E+0	2.2528636384E+1	5.9281418487E-3
2.1804315366E+0	1.6142012142E+1	5.9180034877E-3
2.1863444297E+0	1.0810843240E+1	5.9077662288E-3
2.1922470361E+0	6.5630976032E+0	5.8974302433E-3
2.1981392573E+0	3.3989269863E+0	5.8869957037E-3
2.2040209947E+0	1.3299267352E+0	5.8764627846E-3
2.2098921501E+0	3.3487541055E-1	5.8658316618E-3
2.2157526254E+0	3.9402144889E-1	5.8551025132E-3
2.2216023226E+0	1.4707570055E+0	5.8442755178E-3
2.2274411439E+0	3.5222562883E+0	5.8333508568E-3
2.2332689918E+0	6.4856440165E+0	5.8223287127E-3
2.2390857689E+0	1.0309731935E+1	5.8112092696E-3
2.2448913779E+0	1.4905341204E+1	5.7999927133E-3
2.2506857220E+0	2.0206561929E+1	5.7886792314E-3
2.2564687042E+0	2.6123040267E+1	5.7772690129E-3
2.2622402278E+0	3.2553068871E+1	5.7657622485E-3
2.2680001965E+0	3.9427493850E+1	5.7541591304E-3
2.2737485140E+0	4.6612672895E+1	5.7424598526E-3
2.2794850843E+0	5.4043749453E+1	5.7306646105E-3
2.2852098113E+0	6.1599694245E+1	5.7187736014E-3
2.2909225996E+0	6.9178789576E+1	5.7067870238E-3
2.2966233536E+0	7.6711787532E+1	5.6947050782E-3
2.3023119780E+0	8.4057092519E+1	5.6825279663E-3
2.3079883779E+0	9.1174795990E+1	5.6702558918E-3
2.3136524582E+0	9.7943206976E+1	5.6578890597E-3
2.3193041245E+0	1.0428925380E+2	5.6454276767E-3
2.3249432821E+0	1.1016701530E+2	5.6328719509E-3
2.3305698370E+0	1.1545777795E+2	5.6202220924E-3
2.3361836950E+0	1.2016355581E+2	5.6074783123E-3
2.3417847624E+0	1.2419174131E+2	5.5946408237E-3
2.3473729455E+0	1.2751164362E+2	5.5817098412E-3
2.3529481510E+0	1.3012185913E+2	5.5686855808E-3
2.3585102856E+0	1.3194385384E+2	5.5555682601E-3
2.3640592565E+0	1.3302794035E+2	5.5423580985E-3
2.3695949710E+0	1.3333111694E+2	5.5290553166E-3
2.3751173364E+0	1.3286331062E+2	5.5156601367E-3
2.3806262605E+0	1.3167806632E+2	5.5021727828E-3
2.3861216513E+0	1.2974114564E+2	5.4885934801E-3
2.3916034169E+0	1.2714278211E+2	5.4749224557E-3
2.3970714657E+0	1.2389774785E+2	5.4611599379E-3
2.4025257064E+0	1.2004269752E+2	5.4473061568E-3
2.4079660477E+0	1.1567985766E+2	5.4333613439E-3
2.4133923988E+0	1.1081555319E+2	5.4193257323E-3
2.4188046690E+0	1.0555685037E+2	5.4051995564E-3
2.4242027678E+0	9.9971173390E+1	5.3909830523E-3
2.4295866050E+0	9.4104385066E+1	5.3766764577E-3
2.4349560907E+0	8.8082537327E+1	5.3622800116E-3
2.4403111352E+0	8.1946026536E+1	5.3477939546E-3
2.4456516489E+0	7.5789411825E+1	5.3332185287E-3
2.4509775425E+0	6.9711994384E+1	5.3185539776E-3
2.4562887272E+0	6.3758354544E+1	5.3038005463E-3
2.4615851141E+0	5.8041137431E+1	5.2889584814E-3
2.4668666147E+0	5.2623412697E+1	5.2740280309E-3
2.4721331408E+0	4.7568195979E+1	5.2590094442E-3
2.4773846043E+0	4.2970000760E+1	5.2439029725E-3
2.4826209175E+0	3.8870511302E+1	5.2287088681E-3
2.4878419929E+0	3.5338893765E+1	5.2134273849E-3
2.4930477432E+0	3.2435277148E+1	5.1980587783E-3
2.4982380815E+0	3.0193428057E+1	5.1826033052E-3
2.5034129210E+0	2.8666132393E+1	5.1670612238E-3
2.5085721752E+0	2.7883280982E+1	5.1514327939E-3
2.5137157579E+0	2.7870187659E+1	5.1357182766E-3
2.5188435831E+0	2.8648680746E+1	5.1199179345E-3
2.5239555652E+0	3.0229559093E+1	5.1040320318E-3
2.5290516187E+0	3.2619203650E+1	5.0880608338E-3
2.5341316585E+0	3.5807987797E+1	5.0720046074E-3
2.5391955997E+0	3.9794575749E+1	5.0558636210E-3
2.5442433576E+0	4.4556162027E+1	5.0396381444E-3
2.5492748479E+0	5.0060805636E+1	5.0233284486E-3
2.5542899865E+0	5.6295172046E+1	5.0069348063E-3
2.5592886896E+0	6.3203962329E+1	4.9904574913E-3
2.5642708737E+0	7.0744415779E+1	4.9738967791E-3
2.5692364555E+0	7.8887841314E+1	4.9572529464E-3
2.5741853520E+0	8.7550816236E+1	4.9405262713E-3
2.5791174805E+0	9.6688911337E+1	4.9237170334E-3
2.5840327586E+0	1.0625557822E+2	4.9068255135E-3
2.5889311042E+0	1.1614834013E+2	4.8898519940E-3
2.5938124354E+0	1.2632681911E+2	4.8727967585E-3
2.5986766706E+0	1.3672741185E+2	4.8556600920E-3
2.6035237285E+0	1.4723874785E+2	4.8384422809E-3
2.6083535282E+0	1.5782782381E+2	4.8211436130E-3
2.6131659889E+0	1.6841827693E+2	4.8037643772E-3
2.6179610302E+0	1.7889858412E+2	4.7863048641E-3
2.6227385719E+0	1.8924545656E+2	4.7687653653E-3
2.6274985343E+0	1.9937645481E+2	4.7511461741E-3
2.6322408378E+0	2.0918611107E+2	4.7334475849E-3
2.6369654032E+0	2.1866302764E+2	4.7156698934E-3
2.6416721513E+0	2.2772640649E+2	4.6978133967E-3
2.6463610038E+0	2.3628038686E+2	4.6798783932E-3
2.6510318821E+0	2.4432750211E+2	4.6618651826E-3
2.6556847082E+0	2.5179634725E+2	4.6437740661E-3
2.6603194043E+0	2.5860197086E+2	4.6256053458E-3
2.6649358931E+0	2.6476216846E+2	4.6073593254E-3
2.6695340973E+0	2.7022218043E+2	4.5890363098E-3
2.6741139402E+0	2.7490771623E+2	4.5706366053E-3
2.6786753451E+0	2.7885158059E+2	4.5521605193E-3
2.6832182358E+0	2.8202214357E+2	4.5336083606E-3
2.6877425365E+0	2.8435494543E+2	4.5149804392E-3
2.6922481716E+0	2.8589509282E+2	4.4962770664E-3
2.6967350656E+0	2.8663942077E+2	4.4774985548E-3
2.7012031437E+0	2.8653316277E+2	4.4586452181E-3
2.7056523312E+0	2.8562808201E+2	4.4397173715E-3
2.7100825537E+0	2.8395276133E+2	4.4207153312E-3
2.7144937373E+0	2.8146411768E+2	4.4016394148E-3
2.7188858081E+0	2.7821242042E+2	4.3824899412E-3
2.7232586927E+0	2.7425757915E+2	4.3632672302E-3
2.7276123182E+0	2.6957334251E+2	4.3439716031E-3
2.7319466117E+0	2.6419976741E+2	4.3246033825E-3
2.7362615009E+0	2.5822188906E+2	4.3051628919E-3
2.7405569135E+0	2.5163815087E+2	4.2856504563E-3
2.7448327779E+0	2.4447274095E+2	4.2660664016E-3
2.7490890226E+0	2.3682260305E+2	4.2464110553E-3
2.7533255764E+0	2.2871838043E+2	4.2266847457E-3
2.7575423685E+0	2.2017010258E+2	4.2068878026E-3
2.7617393285E+0	2.1126812531E+2	4.1870205567E-3
2.7659163863E+0	2.0207669099E+2	4.1670833400E-3
2.7700734720E+0	1.9260288129E+2	4.1470764858E-3
2.7742105162E+0	1.8291309787E+2	4.1270003283E-3
2.7783274497E+0	1.7309471896E+2	4.1068552032E-3
2.7824242037E+0	1.6316878122E+2	4.0866414469E-3
2.7865007098E+0	1.5317116890E+2	4.0663593974E-3
2.7905568999E+0	1.4318988340E+2	4.0460093936E-3
2.7945927061E+0	1.3327160877E+2	4.0255917754E-3
2.7986080610E+0	1.2343230845E+2	4.0051068843E-3
2.8026028975E+0	1.1373612666E+2	3.9845550624E-3
2.8065771489E+0	1.0424992325E+2	3.9639366533E-3
2.8105307487E+0	9.4991775887E+1	3.9432520014E-3
2.8144636309E+0	8.5992251434E+1	3.9225014525E-3
2.8183757298E+0	7.7315220811E+1	3.9016853533E-3
2.8222669799E+0	6.8995780438E+1	3.8808040517E-3
2.8261373163E+0	6.1044290879E+1	3.8598578967E-3
2.8299866742E+0	5.3498452567E+1	3.8388472382E-3
2.8338149894E+0	4.6402484527E+1	3.8177724274E-3
2.8376221978E+0	3.9769172174E+1	3.7966338166E-3
2.8414082359E+0	3.3608550391E+1	3.7754317588E-3
2.8451730403E+0	2.7951363090E+1	3.7541666086E-3
2.8489165482E+0	2.2819174406E+1	3.7328387211E-3
2.8526386969E+0	1.8212919035E+1	3.7114484529E-3
2.8563394244E+0	1.4139528743E+1	3.6899961614E-3
2.8600186687E+0	1.0614844023E+1	3.6684822051E-3
2.8636763684E+0	7.6426969778E+0	3.6469069436E-3
2.8673124623E+0	5.2174292703E+0	3.6252707373E-3
2.8709268897E+0	3.3385880819E+0	3.6035739479E-3
2.8745195901E+0	2.0059560839E+0	3.5818169379E-3
2.8780905036E+0	1.2112480239E+0	3.5600000709E-3
2.8816395704E+0	9.4411216323E-1	3.5381237115E-3
2.8851667313E+0	1.1951167826E+0	3.5161882254E-3
2.8886719273E+0	1.9502115295E+0	3.4941939790E-3
2.8921550998E+0	3.1928065026E+0	3.4721413399E-3
2.8956161906E+0	4.9090593261E+0	3.4500306767E-3
2.8990551419E+0	7.0820210175E+0	3.4278623588E-3
2.9024718962E+0	9.6869560611E+0	3.4056367567E-3
2.9058663965E+0	1.2700885354E+1	3.3833542419E-3
2.9092385859E+0	1.6107882080E+1	3.3610151867E-3
2.9125884081E+0	1.9887126695E+1	3.3386199643E-3
2.9159158072E+0	2.4006701663E+1	3.3161689492E-3
2.9192207275E+0	2.8437720613E+1	3.2936625164E-3
2.9225031139E+0	3.3163061035E+1	3.2711010421E-3
2.9257629114E+0	3.8162721415E+1	3.2484849032E-3
2.9290000656E+0	4.3402194798E+1	3.2258144779E-3
2.9322145224E+0	4.8846708071E+1	3.2030901448E-3
2.9354062280E+0	5.4476904076E+1	3.1803122838E-3
2.9385751292E+0	6.0277391837E+1	3.1574812755E-3
2.9417211730E+0	6.6217557496E+1	3.1345975014E-3
2.9448443068E+0	7.2258567236E+1	3.1116613440E-3
2.9479444784E+0	7.8375519911E+1	3.0886731866E-3
2.9510216360E+0	8.4557335536E+1	3.0656334132E-3
2.9540757281E+0	9.0784224097E+1	3.0425424091E-3
2.9571067038E+0	9.7019962128E+1	3.0194005599E-3
2.9601145124E+0	1.0323187725E+2	2.9962082525E-3
2.9630991036E+0	1.0940661172E+2	2.9729658744E-3
2.9660604276E+0	1.1553680373E+2	2.9496738141E-3
2.9689984348E+0	1.2159973500E+2	2.9263324607E-3
2.9719130762E+0	1.2756087774E+2	2.9029422044E-3
2.9748043031E+0	1.3339666083E+2	2.8795034361E-3
2.9776720671E+0	1.3910227802E+2	2.8560165473E-3
2.9805163203E+0	1.4467351387E+2	2.8324819307E-3
2.9833370151E+0	1.5008953056E+2	2.8088999795E-3
2.9861341046E+0	1.5532100946E+2	2.7852710878E-3
2.9889075418E+0	1.6035141942E+2	2.7615956505E-3
2.9916572805E+0	1.6518172082E+2	2.7378740632E-3
2.9943832747E+0	1.6981284831E+2	2.7141067224E-3
2.9970854788E+0	1.7423024764E+2	2.6902940251E-3
2.9997638477E+0	1.7841056149E+2	2.6664363695E-3
3.0024183367E+0	1.8234072300E+2	2.6425341541E-3
3.0050489013E+0	1.8602463334E+2	2.6185877784E-3
3.0076554977E+0	1.8946980841E+2	2.5945976426E-3
3.0102380822E+0	1.9267148142E+2	2.5705641475E-3
3.0127966116E+0	1.9561337327E+2	2.5464876949E-3
3.0153310434E+0	1.9828309752E+2	2.5223686871E-3
3.0178413350E+0	2.0068331181E+2	2.4982075270E-3
3.0203274445E+0	2.0282617690E+2	2.4740046186E-3
3.0227893304E+0	2.0471850570E+2	2.4497603662E-3
3.0252269516E+0	2.0635457836E+2	2.4254751751E-3
3.0276402673E+0	2.0772372527E+2	2.4011494510E-3
3.0300292371E+0	2.0882341867E+2	2.3767836004E-3
3.0323938212E+0	2.0966377475E+2	2.3523780306E-3
3.0347339801E+0	2.1025957218E+2	2.3279331494E-3
3.0370496746E+0	2.1061882765E+2	2.3034493653E-3
3.0393408660E+0	2.1073939790E+2	2.2789270875E-3
3.0416075160E+0	2.1061608510E+2	2.2543667257E-3
3.0438495869E+0	2.1025051176E+2	2.2297686905E-3
3.0460670410E+0	2.0965433926E+2	2.2051333928E-3
3.0482598414E+0	2.0884354899E+2	2.1804612443E-3
3.0504279513E+0	2.0782973719E+2	2.1557526574E-3
3.0525713347E+0	2.0661625585E+2	2.1310080450E-3
3.0546899556E+0	2.0520192213E+2	2.1062278206E-3
3.0567837786E+0	2.0358835189E+2	2.0814123983E-3
3.0588527688E+0	2.0178451776E+2	2.0565621928E-3
3.0608968915E+0	1.9980519596E+2	2.0316776194E-3
3.0629161127E+0	1.9766520075E+2	2.0067590939E-3
3.0649103985E+0	1.9537427183E+2	1.9818070327E-3
3.0668797157E+0	1.9293631106E+2	1.9568218529E-3
3.0688240313E+0	1.9035295950E+2	1.9318039720E-3
3.0707433129E+0	1.8762840832E+2	1.9067538080E-3
3.0726375283E+0	1.8477193512E+2	1.8816717796E-3
3.0745066460E+0	1.8179673454E+2	1.8565583060E-3
3.0763506346E+0	1.7871629851E+2	1.8314138067E-3
3.0781694634E+0	1.7554099747E+2	1.8062387021E-3
3.0799631019E+0	1.7227696637E+2	1.7810334128E-3
3.0817315203E+0	1.6892763627E+2	1.7557983600E-3
3.0834746889E+0	1.6549660590E+2	1.7305339655E-3
3.0851925786E+0	1.6198998010E+2	1.7052406515E-3
3.0868851607E+0	1.5841692564E+2	1.6799188405E-3
3.0885524069E+0	1.5478840443E+2	1.6545689559E-3
3.0901942894E+0	1.5111504064E+2	1.6291914212E-3
3.0918107807E+0	1.4740536504E+2	1.6037866605E-3
3.0934018538E+0	1.4366525983E+2	1.5783550984E-3
3.0949674821E+0	1.3989867551E+2	1.5528971598E-3
3.0965076394E+0	1.3610906119E+2	1.5274132703E-3
3.0980223001E+0	1.3230072017E+2	1.5019038556E-3
3.0995114388E+0	1.2847949047E+2	1.4763693421E-3
3.1009750306E+0	1.2465257000E+2	1.4508101565E-3
3.1024130510E+0	1.2082771299E+2	1.4252267258E-3
3.1038254761E+0	1.1701224314E+2	1.3996194778E-3
3.1052122822E+0	1.1321231154E+2	1.3739888402E-3
3.1065734461E+0	1.0943264007E+2	1.3483352414E-3
3.1079089451E+0	1.0567675331E+2	1.3226591101E-3
3.1092187570E+0	1.0194751955E+2	1.2969608754E-3
3.1105028597E+0	9.8247750042E+1	1.2712409668E-3
3.1117612318E+0	9.4580641699E+1	1.2454998140E-3
3.1129938524E+0	9.0949950717E+1	1.2197378472E-3
3.1142007007E+0	8.7359899351E+1	1.1939554970E-3
3.1153817567E+0	8.3814902597E+1	1.1681531941E-3
3.1165370006E+0	8.0319236579E+1	1.1423313699E-3
3.1176664131E+0	7.6876758357E+1	1.1164904558E-3
3.1187699753E+0	7.3490745003E+1	1.0906308836E-3
3.1198476688E+0	7.0163869409E+1	1.0647530855E-3
3.1208994755E+0	6.6898288882E+1	1.0388574939E-3
3.1219253780E+0	6.3695799188E+1	1.0129445417E-3
3.1229253590E+0	6.0558002552E+1	9.8701466182E-4
3.1238994018E+0	5.7486448346E+1	9.6106828758E-4
3.1248474902E+0	5.4482722822E+1	9.3510585261E-4
3.1257696083E+0	5.1548482387E+1	9.0912779076E-4
3.1266657407E+0	4.8685439059E+1	8.8313453619E-4
3.1275358724E+0	4.5895314619E+1	8.5712652325E-4
3.1283799890E+0	4.3179781860E+1	8.3110418659E-4
3.1291980762E+0	4.0540408667E+1	8.0506796108E-4
3.1299901204E+0	3.7978615513E+1	7.7901828182E-4
3.1307561084E+0	3.5495651309E+1	7.5295558414E-4
3.1314960274E+0	3.3092587654E+1	7.2688030358E-4
3.1322098650E+0	3.0770328247E+1	7.0079287589E-4
3.1328976092E+0	2.8529628542E+1	6.7469373705E-4
3.1335592487E+0	2.6371120526E+1	6.4858332323E-4
3.1341947723E+0	2.4295338200E+1	6.2246207073E-4
3.1348041694E+0	2.2302740634E+1	5.9633041614E-4
3.1353874298E+0	2.0393730765E+1	5.7018879612E-4
3.1359445438E+0	1.8568669309E+1	5.4403764760E-4
3.1364755020E+0	1.6827884039E+1	5.1787740760E-4
3.1369802957E+0	1.5171675210E+1	4.9170851331E-4
3.1374589163E+0	1.3600318153E+1	4.6553140213E-4
3.1379113559E+0	1.2114064068E+1	4.3934651156E-4
3.1383376069E+0	1.0713139915E+1	4.1315427928E-4
3.1387376622E+0	9.3977480757E+0	3.8695514312E-4
3.1391115150E+0	8.1680662436E+0	3.6074954110E-4
3.1394591592E+0	7.0242477953E+0	3.3453791144E-4
3.1397805890E+0	5.9664227202E+0	3.0832069259E-4
3.1400757989E+0	4.9946990852E+0	2.8209832342E-4
3.1403447841E+0	4.1091649314E+0	2.5587124334E-4
3.1405875400E+0	3.3098904685E+0	2.2963989267E-4
3.1408040626E+0	2.5969304253E+0	2.0340471372E-4
3.1409943483E+0	1.9703264247E+0	1.7716615272E-4
3.1411583939E+0	1.4301092670E+0	1.5092466531E-4
3.1412961968E+0	9.7630101510E-1	1.2468073282E-4
3.1414077547E+0	6.0891674812E-1	9.8434919423E-5
3.1414930663E+0	3.2796560927E-1	7.2188137769E-5
3.1415521316E+0	1.3344896697E-1	4.5943520243E-5
3.1415849628E+0	2.5327567507E-2	1.9736940383E-5