# Differential cross section		
# Author: P. Swaczyna	Princeton University	(swaczyna@princeton.edu)
# Date: 	Tue 3 Nov 2020 16:22:12	
# 		
# Elastic collision: H^+ + He^0 -> H^+ + He^0		
# 		
# Red. mass: 	7.4962491838E+8	 eV/c^2
# CM energy: 	1.1614486138E-4	 eV
# Rel speed: 	1.6688361296E+4	 cm/s
# Tot sigma: 	7.7716654347E+3	 a.u.
# Int sigma: 	7.7716654347E+3	 a.u.
# 		
# Columns:		
# the <- scattering angle (rad)		
# dcs <- dsigma/dOmega*2*pi*sin(the) (a.u. = 2.8002852056E-17 cm^2)		
# wei <- weight for cross section integration (approx. width of angle bin)		
# 		
# the	dcs	wei
7.6907532846E-6	6.2072595202E-1	1.9736940383E-5
4.0521979771E-5	3.2705563119E+0	4.5943520243E-5
9.9587300392E-5	8.0377535345E+0	7.2188137769E-5
1.8489884726E-4	1.4923276812E+1	9.8434919423E-5
2.9645680168E-4	2.3927084633E+1	1.2468073282E-4
4.3425968311E-4	3.5048935492E+1	1.5092466531E-4
5.9830531657E-4	4.8288427132E+1	1.7716615272E-4
7.8859101285E-4	6.3644963188E+1	2.0340471372E-4
1.0051136166E-3	8.1117700152E+1	2.2963989267E-4
1.2478695220E-3	1.0070548286E+2	2.5587124334E-4
1.5168546797E-3	1.2240677048E+2	2.8209832342E-4
1.8120645986E-3	1.4621955369E+2	3.0832069259E-4
2.1334943481E-3	1.7214126365E+2	3.3453791144E-4
2.4811385584E-3	2.0016867309E+2	3.6074954110E-4
2.8549914211E-3	2.3029779032E+2	3.8695514312E-4
3.2550466893E-3	2.6252374663E+2	4.1315427928E-4
3.6812976783E-3	2.9684067826E+2	4.3934651156E-4
4.1337372652E-3	3.3324160374E+2	4.6553140213E-4
4.6123578895E-3	3.7171829810E+2	4.9170851331E-4
5.1171515529E-3	4.1226116540E+2	5.1787740760E-4
5.6481098199E-3	4.5485911138E+2	5.4403764760E-4
6.2052238176E-3	4.9949941819E+2	5.7018879612E-4
6.7884842360E-3	5.4616762365E+2	5.9633041614E-4
7.3978813281E-3	5.9484740752E+2	6.2246207073E-4
8.0334049101E-3	6.4552048750E+2	6.4858332323E-4
8.6950443616E-3	6.9816652824E+2	6.7469373705E-4
9.3827886258E-3	7.5276306631E+2	7.0079287589E-4
1.0096626210E-2	8.0928545474E+2	7.2688030358E-4
1.0836545184E-2	8.6770683043E+2	7.5295558414E-4
1.1602533184E-2	9.2799810784E+2	7.7901828182E-4
1.2394577408E-2	9.9012800242E+2	8.0506796108E-4
1.3212664621E-2	1.0540630868E+3	8.3110418659E-4
1.4056781152E-2	1.1197678822E+3	8.5712652325E-4
1.4926912893E-2	1.1872049883E+3	8.8313453619E-4
1.5823045305E-2	1.2563352510E+3	9.0912779076E-4
1.6745163410E-2	1.3271179717E+3	9.3510585261E-4
1.7693251801E-2	1.3995111553E+3	9.6106828758E-4
1.8667294632E-2	1.4734717964E+3	9.8701466182E-4
1.9667275626E-2	1.5489562016E+3	1.0129445417E-3
2.0693178073E-2	1.6259203423E+3	1.0388574939E-3
2.1744984827E-2	1.7043202331E+3	1.0647530855E-3
2.2822678313E-2	1.7841123281E+3	1.0906308836E-3
2.3926240519E-2	1.8652539266E+3	1.1164904558E-3
2.5055653005E-2	1.9477035764E+3	1.1423313699E-3
2.6210896896E-2	2.0314214638E+3	1.1681531941E-3
2.7391952886E-2	2.1163697768E+3	1.1939554970E-3
2.8598801239E-2	2.2025130269E+3	1.2197378472E-3
2.9831421786E-2	2.2898183152E+3	1.2454998140E-3
3.1089793929E-2	2.3782555281E+3	1.2712409668E-3
3.2373896638E-2	2.4677974485E+3	1.2969608754E-3
3.3683708455E-2	2.5584197681E+3	1.3226591101E-3
3.5019207490E-2	2.6501009918E+3	1.3483352414E-3
3.6380371427E-2	2.7428222237E+3	1.3739888402E-3
3.7767177517E-2	2.8365668300E+3	1.3996194778E-3
3.9179602586E-2	2.9313199777E+3	1.4252267258E-3
4.0617623030E-2	3.0270680522E+3	1.4508101565E-3
4.2081214817E-2	3.1237979628E+3	1.4763693421E-3
4.3570353490E-2	3.2214963515E+3	1.5019038556E-3
4.5085014162E-2	3.3201487241E+3	1.5274132703E-3
4.6625171522E-2	3.4197385323E+3	1.5528971598E-3
4.8190799831E-2	3.5202462387E+3	1.5783550984E-3
4.9781872927E-2	3.6216484021E+3	1.6037866605E-3
5.1398364219E-2	3.7239168268E+3	1.6291914212E-3
5.3040246694E-2	3.8270178194E+3	1.6545689559E-3
5.4707492914E-2	3.9309116000E+3	1.6799188405E-3
5.6400075017E-2	4.0355519132E+3	1.7052406515E-3
5.8117964718E-2	4.1408858794E+3	1.7305339655E-3
5.9861133308E-2	4.2468541214E+3	1.7557983600E-3
6.1629551657E-2	4.3533911918E+3	1.7810334128E-3
6.3423190212E-2	4.4604263130E+3	1.8062387021E-3
6.5242019000E-2	4.5678844275E+3	1.8314138067E-3
6.7086007624E-2	4.6756875388E+3	1.8565583060E-3
6.8955125270E-2	4.7837563019E+3	1.8816717796E-3
7.0849340702E-2	4.8920118063E+3	1.9067538080E-3
7.2768622264E-2	5.0003774730E+3	1.9318039720E-3
7.4712937885E-2	5.1087809710E+3	1.9568218529E-3
7.6682255070E-2	5.2171560476E+3	1.9818070327E-3
7.8676540910E-2	5.3254441562E+3	2.0067590939E-3
8.0695762079E-2	5.4335957681E+3	2.0316776194E-3
8.2739884832E-2	5.5415712595E+3	2.0565621928E-3
8.4808875009E-2	5.6493412790E+3	2.0814123983E-3
8.6902698034E-2	5.7568865285E+3	2.1062278206E-3
8.9021318917E-2	5.8641969170E+3	2.1310080450E-3
9.1164702253E-2	5.9712700890E+3	2.1557526574E-3
9.3332812224E-2	6.0781093683E+3	2.1804612443E-3
9.5525612596E-2	6.1847212064E+3	2.2051333928E-3
9.7743066726E-2	6.2911122637E+3	2.2297686905E-3
9.9985137556E-2	6.3972862963E+3	2.2543667257E-3
1.0225178762E-1	6.5032410471E+3	2.2789270875E-3
1.0454297904E-1	6.6089653653E+3	2.3034493653E-3
1.0685867352E-1	6.7144367785E+3	2.3279331494E-3
1.0919883237E-1	6.8196197357E+3	2.3523780306E-3
1.1156341648E-1	6.9244647060E+3	2.3767836004E-3
1.1395238633E-1	7.0289082733E+3	2.4011494510E-3
1.1636570200E-1	7.1328742992E+3	2.4254751751E-3
1.1880332317E-1	7.2362761510E+3	2.4497603662E-3
1.2126520909E-1	7.3390199004E+3	2.4740046186E-3
1.2375131862E-1	7.4410083093E+3	2.4982075270E-3
1.2626161023E-1	7.5421453341E+3	2.5223686871E-3
1.2879604195E-1	7.6423408057E+3	2.5464876949E-3
1.3135457143E-1	7.7415148987E+3	2.5705641475E-3
1.3393715592E-1	7.8396019812E+3	2.5945976426E-3
1.3654375226E-1	7.9365534600E+3	2.6185877784E-3
1.3917431689E-1	8.0323392933E+3	2.6425341541E-3
1.4182880585E-1	8.1269479403E+3	2.6664363695E-3
1.4450717478E-1	8.2203846495E+3	2.6902940251E-3
1.4720937892E-1	8.3126681389E+3	2.7141067224E-3
1.4993537310E-1	8.4038258839E+3	2.7378740632E-3
1.5268511179E-1	8.4938883842E+3	2.7615956505E-3
1.5545854902E-1	8.5828829144E+3	2.7852710878E-3
1.5825563845E-1	8.6708273516E+3	2.8088999795E-3
1.6107633333E-1	8.7577247123E+3	2.8324819307E-3
1.6392058653E-1	8.8435590041E+3	2.8560165473E-3
1.6678835052E-1	8.9282929070E+3	2.8795034361E-3
1.6967957737E-1	9.0118676382E+3	2.9029422044E-3
1.7259421876E-1	9.0942051463E+3	2.9263324607E-3
1.7553222599E-1	9.1752125354E+3	2.9496738141E-3
1.7849354996E-1	9.2547883576E+3	2.9729658744E-3
1.8147814117E-1	9.3328301752E+3	2.9962082525E-3
1.8448594977E-1	9.4092426000E+3	3.0194005599E-3
1.8751692548E-1	9.4839449030E+3	3.0425424091E-3
1.9057101764E-1	9.5568772710E+3	3.0656334132E-3
1.9364817522E-1	9.6280048921E+3	3.0886731866E-3
1.9674834681E-1	9.6973192574E+3	3.1116613440E-3
1.9987148058E-1	9.7648363786E+3	3.1345975014E-3
2.0301752435E-1	9.8305919912E+3	3.1574812755E-3
2.0618642554E-1	9.8946342039E+3	3.1803122838E-3
2.0937813120E-1	9.9570144138E+3	3.2030901448E-3
2.1259258799E-1	1.0017777584E+4	3.2258144779E-3
2.1582974219E-1	1.0076953127E+4	3.2484849032E-3
2.1908953970E-1	1.0134547632E+4	3.2711010421E-3
2.2237192605E-1	1.0190540495E+4	3.2936625164E-3
2.2567684639E-1	1.0244883172E+4	3.3161689492E-3
2.2900424548E-1	1.0297502325E+4	3.3386199643E-3
2.3235406772E-1	1.0348306587E+4	3.3610151867E-3
2.3572625713E-1	1.0397196164E+4	3.3833542419E-3
2.3912075735E-1	1.0444074000E+4	3.4056367567E-3
2.4253751167E-1	1.0488856978E+4	3.4278623588E-3
2.4597646298E-1	1.0531485482E+4	3.4500306767E-3
2.4943755380E-1	1.0571929862E+4	3.4721413399E-3
2.5292072631E-1	1.0610192669E+4	3.4941939790E-3
2.5642592230E-1	1.0646306187E+4	3.5161882254E-3
2.5995308318E-1	1.0680325450E+4	3.5381237115E-3
2.6350215001E-1	1.0712317687E+4	3.5600000709E-3
2.6707306349E-1	1.0742349722E+4	3.5818169379E-3
2.7066576394E-1	1.0770475296E+4	3.6035739479E-3
2.7428019131E-1	1.0796724321E+4	3.6252707373E-3
2.7791628522E-1	1.0821095914E+4	3.6469069436E-3
2.8157398488E-1	1.0843556448E+4	3.6684822051E-3
2.8525322919E-1	1.0864043144E+4	3.6899961614E-3
2.8895395665E-1	1.0882472744E+4	3.7114484529E-3
2.9267610542E-1	1.0898753980E+4	3.7328387211E-3
2.9641961330E-1	1.0912801788E+4	3.7541666086E-3
3.0018441773E-1	1.0924550857E+4	3.7754317588E-3
3.0397045579E-1	1.0933966089E+4	3.7966338166E-3
3.0777766421E-1	1.0941048020E+4	3.8177724274E-3
3.1160597938E-1	1.0945832076E+4	3.8388472382E-3
3.1545533730E-1	1.0948381633E+4	3.8598578967E-3
3.1932567367E-1	1.0948776006E+4	3.8808040517E-3
3.2321692379E-1	1.0947095468E+4	3.9016853533E-3
3.2712902264E-1	1.0943406052E+4	3.9225014525E-3
3.3106190484E-1	1.0937747001E+4	3.9432520014E-3
3.3501550468E-1	1.0930123329E+4	3.9639366533E-3
3.3898975607E-1	1.0920505048E+4	3.9845550624E-3
3.4298459261E-1	1.0908833357E+4	4.0051068843E-3
3.4699994753E-1	1.0895032734E+4	4.0255917754E-3
3.5103575373E-1	1.0879026647E+4	4.0460093936E-3
3.5509194378E-1	1.0860753811E+4	4.0663593974E-3
3.5916844988E-1	1.0840181698E+4	4.0866414469E-3
3.6326520391E-1	1.0817314454E+4	4.1068552032E-3
3.6738213741E-1	1.0792193496E+4	4.1270003283E-3
3.7151918157E-1	1.0764890514E+4	4.1470764858E-3
3.7567626728E-1	1.0735494232E+4	4.1670833400E-3
3.7985332504E-1	1.0704093657E+4	4.1870205567E-3
3.8405028507E-1	1.0670761365E+4	4.2068878026E-3
3.8826707721E-1	1.0635540429E+4	4.2266847457E-3
3.9250363101E-1	1.0598437911E+4	4.2464110553E-3
3.9675987567E-1	1.0559426428E+4	4.2660664016E-3
4.0103574005E-1	1.0518453551E+4	4.2856504563E-3
4.0533115271E-1	1.0475457043E+4	4.3051628919E-3
4.0964604185E-1	1.0430382547E+4	4.3246033825E-3
4.1398033538E-1	1.0383199724E+4	4.3439716031E-3
4.1833396086E-1	1.0333913092E+4	4.3632672302E-3
4.2270684554E-1	1.0282564979E+4	4.3824899412E-3
4.2709891633E-1	1.0229229828E+4	4.4016394148E-3
4.3151009985E-1	1.0174001116E+4	4.4207153312E-3
4.3594032237E-1	1.0116973959E+4	4.4397173715E-3
4.4038950986E-1	1.0058227561E+4	4.4586452181E-3
4.4485758797E-1	9.9978117428E+3	4.4774985548E-3
4.4934448203E-1	9.9357408622E+3	4.4962770664E-3
4.5385011706E-1	9.8719966553E+3	4.5149804392E-3
4.5837441776E-1	9.8065393285E+3	4.5336083606E-3
4.6291730852E-1	9.7393241750E+3	4.5521605193E-3
4.6747871344E-1	9.6703195498E+3	4.5706366053E-3
4.7205855627E-1	9.5995216380E+3	4.5890363098E-3
4.7665676049E-1	9.5269622170E+3	4.6073593254E-3
4.8127324926E-1	9.4527073878E+3	4.6256053458E-3
4.8590794542E-1	9.3768475968E+3	4.6437740661E-3
4.9056077152E-1	9.2994815644E+3	4.6618651826E-3
4.9523164982E-1	9.2206983741E+3	4.6798783932E-3
4.9992050224E-1	9.1405624823E+3	4.6978133967E-3
5.0462725044E-1	9.0591056451E+3	4.7156698934E-3
5.0935181576E-1	8.9763279063E+3	4.7334475849E-3
5.1409411924E-1	8.8922073427E+3	4.7511461741E-3
5.1885408164E-1	8.8067158669E+3	4.7687653653E-3
5.2363162341E-1	8.7198367115E+3	4.7863048641E-3
5.2842666471E-1	8.6315787283E+3	4.8037643772E-3
5.3323912540E-1	8.5419835150E+3	4.8211436130E-3
5.3806892508E-1	8.4511233992E+3	4.8384422809E-3
5.4291598301E-1	8.3590909211E+3	4.8556600920E-3
5.4778021821E-1	8.2659828896E+3	4.8727967585E-3
5.5266154939E-1	8.1718836508E+3	4.8898519940E-3
5.5755989496E-1	8.0768524038E+3	4.9068255135E-3
5.6247517308E-1	7.9809181975E+3	4.9237170334E-3
5.6740730160E-1	7.8840839664E+3	4.9405262713E-3
5.7235619810E-1	7.7863382996E+3	4.9572529464E-3
5.7732177988E-1	7.6876713499E+3	4.9738967791E-3
5.8230396395E-1	7.5880900761E+3	4.9904574913E-3
5.8730266706E-1	7.4876282352E+3	5.0069348063E-3
5.9231780568E-1	7.3863481682E+3	5.0233284486E-3
5.9734929598E-1	7.2843339620E+3	5.0396381444E-3
6.0239705389E-1	7.1816782345E+3	5.0558636210E-3
6.0746099506E-1	7.0784667379E+3	5.0720046074E-3
6.1254103485E-1	6.9747655946E+3	5.0880608338E-3
6.1763708838E-1	6.8706150765E+3	5.1040320318E-3
6.2274907048E-1	6.7660317203E+3	5.1199179345E-3
6.2787689573E-1	6.6610179165E+3	5.1357182766E-3
6.3302047843E-1	6.5555757541E+3	5.1514327939E-3
6.3817973262E-1	6.4497205967E+3	5.1670612238E-3
6.4335457209E-1	6.3434900237E+3	5.1826033052E-3
6.4854491036E-1	6.2369453512E+3	5.1980587783E-3
6.5375066070E-1	6.1301654253E+3	5.2134273849E-3
6.5897173609E-1	6.0232349382E+3	5.2287088681E-3
6.6420804930E-1	5.9162312740E+3	5.2439029725E-3
6.6945951283E-1	5.8092142726E+3	5.2590094442E-3
6.7472603890E-1	5.7022222039E+3	5.2740280309E-3
6.8000753951E-1	5.5952750689E+3	5.2889584814E-3
6.8530392640E-1	5.4883838572E+3	5.3038005463E-3
6.9061511106E-1	5.3815624198E+3	5.3185539776E-3
6.9594100473E-1	5.2748378224E+3	5.3332185287E-3
7.0128151841E-1	5.1682556860E+3	5.3477939546E-3
7.0663656285E-1	5.0618788577E+3	5.3622800116E-3
7.1200604856E-1	4.9557801349E+3	5.3766764577E-3
7.1738988581E-1	4.8500318272E+3	5.3909830523E-3
7.2278798463E-1	4.7446959418E+3	5.4051995564E-3
7.2820025482E-1	4.6398183984E+3	5.4193257323E-3
7.3362660591E-1	4.5354291003E+3	5.4333613439E-3
7.3906694724E-1	4.4315475291E+3	5.4473061568E-3
7.4452118788E-1	4.3281915794E+3	5.4611599379E-3
7.4998923669E-1	4.2253862941E+3	5.4749224557E-3
7.5547100229E-1	4.1231693437E+3	5.4885934801E-3
7.6096639308E-1	4.0215914290E+3	5.5021727828E-3
7.6647531721E-1	3.9207117417E+3	5.5156601367E-3
7.7199768263E-1	3.8205904506E+3	5.5290553166E-3
7.7753339704E-1	3.7212811785E+3	5.5423580985E-3
7.8308236795E-1	3.6228262560E+3	5.5555682601E-3
7.8864450262E-1	3.5252563133E+3	5.5686855808E-3
7.9421970809E-1	3.4285940329E+3	5.5817098412E-3
7.9980789121E-1	3.3328603275E+3	5.5946408237E-3
8.0540895857E-1	3.2380804072E+3	5.6074783123E-3
8.1102281659E-1	3.1442874112E+3	5.6202220924E-3
8.1664937145E-1	3.0515223857E+3	5.6328719509E-3
8.2228852912E-1	2.9598309159E+3	5.6454276767E-3
8.2794019536E-1	2.8692580302E+3	5.6578890597E-3
8.3360427572E-1	2.7798435634E+3	5.6702558918E-3
8.3928067556E-1	2.6916197832E+3	5.6825279663E-3
8.4496930000E-1	2.6046119932E+3	5.6947050782E-3
8.5067005399E-1	2.5188415322E+3	5.7067870238E-3
8.5638284226E-1	2.4343296586E+3	5.7187736014E-3
8.6210756934E-1	2.3511005884E+3	5.7306646105E-3
8.6784413956E-1	2.2691824786E+3	5.7424598526E-3
8.7359245705E-1	2.1886061525E+3	5.7541591304E-3
8.7935242576E-1	2.1094023911E+3	5.7657622485E-3
8.8512394943E-1	2.0315991993E+3	5.7772690129E-3
8.9090693161E-1	1.9552203367E+3	5.7886792314E-3
8.9670127565E-1	1.8802856758E+3	5.7999927133E-3
9.0250688473E-1	1.8068129946E+3	5.8112092696E-3
9.0832366182E-1	1.7348201287E+3	5.8223287127E-3
9.1415150972E-1	1.6643263008E+3	5.8333508568E-3
9.1999033104E-1	1.5953519375E+3	5.8442755178E-3
9.2584002820E-1	1.5279171039E+3	5.8551025132E-3
9.3170050345E-1	1.4620394333E+3	5.8658316618E-3
9.3757165885E-1	1.3977327323E+3	5.8764627846E-3
9.4345339628E-1	1.3350071222E+3	5.8869957037E-3
9.4934561746E-1	1.2738707720E+3	5.8974302433E-3
9.5524822392E-1	1.2143323834E+3	5.9077662288E-3
9.6116111701E-1	1.1564031004E+3	5.9180034877E-3
9.6708419793E-1	1.1000967184E+3	5.9281418487E-3
9.7301736769E-1	1.0454278832E+3	5.9381811425E-3
9.7896052713E-1	9.9240899833E+2	5.9481212013E-3
9.8491357695E-1	9.4104729606E+2	5.9579618591E-3
9.9087641766E-1	8.9134359002E+2	5.9677029512E-3
9.9684894961E-1	8.4329353648E+2	5.9773443150E-3
1.0028310730E+0	7.9689105069E+2	5.9868857894E-3
1.0088226878E+0	7.5213239807E+2	5.9963272149E-3
1.0148236940E+0	7.0901899386E+2	6.0056684336E-3
1.0208339913E+0	6.6755741278E+2	6.0149092896E-3
1.0268534791E+0	6.2775636847E+2	6.0240496283E-3
1.0328820570E+0	5.8962188562E+2	6.0330892971E-3
1.0389196241E+0	5.5315284774E+2	6.0420281448E-3
1.0449660796E+0	5.1833907805E+2	6.0508660221E-3
1.0510213224E+0	4.8516305628E+2	6.0596027814E-3
1.0570852514E+0	4.5360471664E+2	6.0682382765E-3
1.0631577652E+0	4.2364725415E+2	6.0767723631E-3
1.0692387623E+0	3.9528123782E+2	6.0852048988E-3
1.0753281411E+0	3.6850497355E+2	6.0935357425E-3
1.0814257998E+0	3.4332074613E+2	6.1017647550E-3
1.0875316366E+0	3.1972852147E+2	6.1098917988E-3
1.0936455494E+0	2.9771997059E+2	6.1179167381E-3
1.0997674360E+0	2.7727565304E+2	6.1258394388E-3
1.1058971941E+0	2.5836683623E+2	6.1336597685E-3
1.1120347214E+0	2.4096130659E+2	6.1413775965E-3
1.1181799151E+0	2.2503060556E+2	6.1489927938E-3
1.1243326727E+0	2.1055532625E+2	6.1565052331E-3
1.1304928913E+0	1.9752589165E+2	6.1639147890E-3
1.1366604679E+0	1.8593830037E+2	6.1712213376E-3
1.1428352996E+0	1.7578671282E+2	6.1784247568E-3
1.1490172830E+0	1.6705630714E+2	6.1855249261E-3
1.1552063150E+0	1.5971979928E+2	6.1925217271E-3
1.1614022920E+0	1.5373938065E+2	6.1994150427E-3
1.1676051105E+0	1.4907331131E+2	6.2062047577E-3
1.1738146669E+0	1.4568417116E+2	6.2128907587E-3
1.1800308574E+0	1.4354489234E+2	6.2194729339E-3
1.1862535782E+0	1.4263965689E+2	6.2259511734E-3
1.1924827251E+0	1.4295914404E+2	6.2323253688E-3
1.1987181942E+0	1.4449231500E+2	6.2385954138E-3
1.2049598812E+0	1.4721861429E+2	6.2447612034E-3
1.2112076818E+0	1.5110432053E+2	6.2508226346E-3
1.2174614916E+0	1.5610485317E+2	6.2567796062E-3
1.2237212062E+0	1.6217202737E+2	6.2626320186E-3
1.2299867208E+0	1.6926286442E+2	6.2683797740E-3
1.2362579308E+0	1.7734576298E+2	6.2740227763E-3
1.2425347314E+0	1.8640105101E+2	6.2795609313E-3
1.2488170177E+0	1.9641562460E+2	6.2849941464E-3
1.2551046847E+0	2.0737423749E+2	6.2903223308E-3
1.2613976273E+0	2.1925163165E+2	6.2955453954E-3
1.2676957404E+0	2.3200930470E+2	6.3006632530E-3
1.2739989187E+0	2.4559849179E+2	6.3056758180E-3
1.2803070569E+0	2.5996795703E+2	6.3105830068E-3
1.2866200496E+0	2.7507286253E+2	6.3153847371E-3
1.2929377912E+0	2.9088044228E+2	6.3200809290E-3
1.2992601762E+0	3.0736974738E+2	6.3246715037E-3
1.3055870990E+0	3.2452561742E+2	6.3291563847E-3
1.3119184537E+0	3.4232984410E+2	6.3335354970E-3
1.3182541347E+0	3.6075383990E+2	6.3378087674E-3
1.3245940360E+0	3.7975636209E+2	6.3419761245E-3
1.3309380516E+0	3.9928736972E+2	6.3460374987E-3
1.3372860756E+0	4.1929611398E+2	6.3499928220E-3
1.3436380019E+0	4.3973951535E+2	6.3538420284E-3
1.3499937243E+0	4.6058676010E+2	6.3575850535E-3
1.3563531366E+0	4.8181792662E+2	6.3612218349E-3
1.3627161325E+0	5.0341740037E+2	6.3647523117E-3
1.3690826057E+0	5.2536537952E+2	6.3681764249E-3
1.3754524499E+0	5.4763165389E+2	6.3714941173E-3
1.3818255585E+0	5.7017465916E+2	6.3747053335E-3
1.3882018250E+0	5.9294619045E+2	6.3778100198E-3
1.3945811430E+0	6.1589939637E+2	6.3808081243E-3
1.4009634057E+0	6.3899610642E+2	6.3836995970E-3
1.4073485066E+0	6.6220992902E+2	6.3864843894E-3
1.4137363389E+0	6.8552369787E+2	6.3891624551E-3
1.4201267959E+0	7.0892265652E+2	6.3917337493E-3
1.4265197708E+0	7.3238683631E+2	6.3941982290E-3
1.4329151568E+0	7.5588638760E+2	6.3965558531E-3
1.4393128469E+0	7.7938207725E+2	6.3988065821E-3
1.4457127343E+0	8.0283058223E+2	6.4009503785E-3
1.4521147120E+0	8.2619187297E+2	6.4029872063E-3
1.4585186731E+0	8.4943502071E+2	6.4049170317E-3
1.4649245104E+0	8.7253962926E+2	6.4067398222E-3
1.4713321170E+0	8.9549232922E+2	6.4084555476E-3
1.4777413858E+0	9.1828023025E+2	6.4100641790E-3
1.4841522097E+0	9.4088466259E+2	6.4115656896E-3
1.4905644815E+0	9.6327827269E+2	6.4129600544E-3
1.4969780940E+0	9.8542677641E+2	6.4142472499E-3
1.5033929402E+0	1.0072943445E+3	6.4154272548E-3
1.5098089128E+0	1.0288498517E+3	6.4165000493E-3
1.5162259046E+0	1.0500708927E+3	6.4174656154E-3
1.5226438083E+0	1.0709436827E+3	6.4183239370E-3
1.5290625167E+0	1.0914590718E+3	6.4190749998E-3
1.5354819225E+0	1.1116068168E+3	6.4197187912E-3
1.5419019185E+0	1.1313710155E+3	6.4202553005E-3
1.5483223974E+0	1.1507288871E+3	6.4206845187E-3
1.5547432518E+0	1.1696533317E+3	6.4210064386E-3
1.5611643745E+0	1.1881178291E+3	6.4212210549E-3
1.5675856581E+0	1.2061011570E+3	6.4213283639E-3
1.5740069954E+0	1.2235896205E+3	6.4213283639E-3
1.5804282791E+0	1.2405758314E+3	6.4212210549E-3
1.5868494018E+0	1.2570548388E+3	6.4210064386E-3
1.5932702562E+0	1.2730196819E+3	6.4206845187E-3
1.5996907351E+0	1.2884585904E+3	6.4202553005E-3
1.6061107310E+0	1.3033550939E+3	6.4197187912E-3
1.6125301369E+0	1.3176907930E+3	6.4190749998E-3
1.6189488453E+0	1.3314492510E+3	6.4183239370E-3
1.6253667490E+0	1.3446190190E+3	6.4174656154E-3
1.6317837408E+0	1.3571943603E+3	6.4165000493E-3
1.6381997134E+0	1.3691734867E+3	6.4154272548E-3
1.6446145595E+0	1.3805553718E+3	6.4142472499E-3
1.6510281721E+0	1.3913368377E+3	6.4129600544E-3
1.6574404439E+0	1.4015113243E+3	6.4115656896E-3
1.6638512678E+0	1.4110697934E+3	6.4100641790E-3
1.6702605366E+0	1.4200031188E+3	6.4084555476E-3
1.6766681432E+0	1.4283046401E+3	6.4067398222E-3
1.6830739805E+0	1.4359715912E+3	6.4049170317E-3
1.6894779416E+0	1.4430047963E+3	6.4029872063E-3
1.6958799193E+0	1.4494069608E+3	6.4009503785E-3
1.7022798067E+0	1.4551805743E+3	6.3988065821E-3
1.7086774968E+0	1.4603265298E+3	6.3965558531E-3
1.7150728827E+0	1.4648440699E+3	6.3941982290E-3
1.7214658576E+0	1.4687319084E+3	6.3917337493E-3
1.7278563146E+0	1.4719897892E+3	6.3891624551E-3
1.7342441470E+0	1.4746196075E+3	6.3864843894E-3
1.7406292478E+0	1.4766255468E+3	6.3836995970E-3
1.7470115106E+0	1.4780132810E+3	6.3808081243E-3
1.7533908286E+0	1.4787888035E+3	6.3778100198E-3
1.7597670951E+0	1.4789575970E+3	6.3747053335E-3
1.7661402037E+0	1.4785245822E+3	6.3714941173E-3
1.7725100479E+0	1.4774947682E+3	6.3681764249E-3
1.7788765211E+0	1.4758741135E+3	6.3647523117E-3
1.7852395170E+0	1.4736700151E+3	6.3612218349E-3
1.7915989293E+0	1.4708911117E+3	6.3575850535E-3
1.7979546517E+0	1.4675465262E+3	6.3538420284E-3
1.8043065780E+0	1.4636450363E+3	6.3499928220E-3
1.8106546020E+0	1.4591947259E+3	6.3460374987E-3
1.8169986176E+0	1.4542033933E+3	6.3419761245E-3
1.8233385189E+0	1.4486795133E+3	6.3378087674E-3
1.8296741999E+0	1.4426331766E+3	6.3335354970E-3
1.8360055546E+0	1.4360763921E+3	6.3291563847E-3
1.8423324774E+0	1.4290224769E+3	6.3246715037E-3
1.8486548624E+0	1.4214847800E+3	6.3200809290E-3
1.8549726040E+0	1.4134753993E+3	6.3153847371E-3
1.8612855967E+0	1.4050046179E+3	6.3105830068E-3
1.8675937349E+0	1.3960814563E+3	6.3056758180E-3
1.8738969132E+0	1.3867151463E+3	6.3006632530E-3
1.8801950263E+0	1.3769167987E+3	6.2955453954E-3
1.8864879689E+0	1.3667003571E+3	6.2903223308E-3
1.8927756359E+0	1.3560822481E+3	6.2849941464E-3
1.8990579222E+0	1.3450797976E+3	6.2795609313E-3
1.9053347228E+0	1.3337091390E+3	6.2740227763E-3
1.9116059328E+0	1.3219836561E+3	6.2683797740E-3
1.9178714474E+0	1.3099137884E+3	6.2626320186E-3
1.9241311620E+0	1.2975083907E+3	6.2567796062E-3
1.9303849718E+0	1.2847770469E+3	6.2508226346E-3
1.9366327724E+0	1.2717322178E+3	6.2447612034E-3
1.9428744594E+0	1.2583901142E+3	6.2385954138E-3
1.9491099285E+0	1.2447697801E+3	6.2323253688E-3
1.9553390754E+0	1.2308907468E+3	6.2259511734E-3
1.9615617961E+0	1.2167703433E+3	6.2194729339E-3
1.9677779867E+0	1.2024219629E+3	6.2128907587E-3
1.9739875431E+0	1.1878551630E+3	6.2062047577E-3
1.9801903616E+0	1.1730776215E+3	6.1994150427E-3
1.9863863386E+0	1.1580980695E+3	6.1925217271E-3
1.9925753706E+0	1.1429288087E+3	6.1855249261E-3
1.9987573540E+0	1.1275865753E+3	6.1784247568E-3
2.0049321857E+0	1.1120912743E+3	6.1712213376E-3
2.0110997623E+0	1.0964631220E+3	6.1639147890E-3
2.0172599809E+0	1.0807195060E+3	6.1565052331E-3
2.0234127385E+0	1.0648730348E+3	6.1489927938E-3
2.0295579322E+0	1.0489317168E+3	6.1413775965E-3
2.0356954595E+0	1.0329012311E+3	6.1336597685E-3
2.0418252176E+0	1.0167882720E+3	6.1258394388E-3
2.0479471042E+0	1.0006034237E+3	6.1179167381E-3
2.0540610170E+0	9.8436220805E+2	6.1098917988E-3
2.0601668538E+0	9.6808378293E+2	6.1017647550E-3
2.0662645125E+0	9.5178785141E+2	6.0935357425E-3
2.0723538913E+0	9.3549117638E+2	6.0852048988E-3
2.0784348884E+0	9.1920528572E+2	6.0767723631E-3
2.0845074022E+0	9.0293642284E+2	6.0682382765E-3
2.0905713312E+0	8.8668778783E+2	6.0596027814E-3
2.0966265740E+0	8.7046307731E+2	6.0508660221E-3
2.1026730295E+0	8.5426973307E+2	6.0420281448E-3
2.1087105966E+0	8.3812042785E+2	6.0330892971E-3
2.1147391745E+0	8.2203210384E+2	6.0240496283E-3
2.1207586623E+0	8.0602297931E+2	6.0149092896E-3
2.1267689596E+0	7.9010884789E+2	6.0056684336E-3
2.1327699657E+0	7.7430030713E+2	5.9963272149E-3
2.1387615806E+0	7.5860213857E+2	5.9868857894E-3
2.1447437040E+0	7.4301511447E+2	5.9773443150E-3
2.1507162359E+0	7.2753944269E+2	5.9677029512E-3
2.1566790766E+0	7.1217834424E+2	5.9579618591E-3
2.1626321265E+0	6.9694020055E+2	5.9481212013E-3
2.1685752859E+0	6.8183833547E+2	5.9381811425E-3
2.1745084557E+0	6.6688853176E+2	5.9281418487E-3
2.1804315366E+0	6.5210536244E+2	5.9180034877E-3
2.1863444297E+0	6.3749891743E+2	5.9077662288E-3
2.1922470361E+0	6.2307332075E+2	5.8974302433E-3
2.1981392573E+0	6.0882765797E+2	5.8869957037E-3
2.2040209947E+0	5.9475890726E+2	5.8764627846E-3
2.2098921501E+0	5.8086562399E+2	5.8658316618E-3
2.2157526254E+0	5.6715082072E+2	5.8551025132E-3
2.2216023226E+0	5.5362283747E+2	5.8442755178E-3
2.2274411439E+0	5.4029385593E+2	5.8333508568E-3
2.2332689918E+0	5.2717670215E+2	5.8223287127E-3
2.2390857689E+0	5.1428128520E+2	5.8112092696E-3
2.2448913779E+0	5.0161214673E+2	5.7999927133E-3
2.2506857220E+0	4.8916811499E+2	5.7886792314E-3
2.2564687042E+0	4.7694417983E+2	5.7772690129E-3
2.2622402278E+0	4.6493479884E+2	5.7657622485E-3
2.2680001965E+0	4.5313727502E+2	5.7541591304E-3
2.2737485140E+0	4.4155383743E+2	5.7424598526E-3
2.2794850843E+0	4.3019160437E+2	5.7306646105E-3
2.2852098113E+0	4.1906047798E+2	5.7187736014E-3
2.2909225996E+0	4.0816984914E+2	5.7067870238E-3
2.2966233536E+0	3.9752544708E+2	5.6947050782E-3
2.3023119780E+0	3.8712757930E+2	5.6825279663E-3
2.3079883779E+0	3.7697143161E+2	5.6702558918E-3
2.3136524582E+0	3.6704927515E+2	5.6578890597E-3
2.3193041245E+0	3.5735368656E+2	5.6454276767E-3
2.3249432821E+0	3.4788051114E+2	5.6328719509E-3
2.3305698370E+0	3.3863042602E+2	5.6202220924E-3
2.3361836950E+0	3.2960852900E+2	5.6074783123E-3
2.3417847624E+0	3.2082215485E+2	5.5946408237E-3
2.3473729455E+0	3.1227779670E+2	5.5817098412E-3
2.3529481510E+0	3.0397832668E+2	5.5686855808E-3
2.3585102856E+0	2.9592156228E+2	5.5555682601E-3
2.3640592565E+0	2.8810068834E+2	5.5423580985E-3
2.3695949710E+0	2.8050633586E+2	5.5290553166E-3
2.3751173364E+0	2.7312950628E+2	5.5156601367E-3
2.3806262605E+0	2.6596423760E+2	5.5021727828E-3
2.3861216513E+0	2.5900903382E+2	5.4885934801E-3
2.3916034169E+0	2.5226656376E+2	5.4749224557E-3
2.3970714657E+0	2.4574178727E+2	5.4611599379E-3
2.4025257064E+0	2.3943923706E+2	5.4473061568E-3
2.4079660477E+0	2.3336046746E+2	5.4333613439E-3
2.4133923988E+0	2.2750258643E+2	5.4193257323E-3
2.4188046690E+0	2.2185836771E+2	5.4051995564E-3
2.4242027678E+0	2.1641786088E+2	5.3909830523E-3
2.4295866050E+0	2.1117088862E+2	5.3766764577E-3
2.4349560907E+0	2.0610952697E+2	5.3622800116E-3
2.4403111352E+0	2.0122969915E+2	5.3477939546E-3
2.4456516489E+0	1.9653135338E+2	5.3332185287E-3
2.4509775425E+0	1.9201720801E+2	5.3185539776E-3
2.4562887272E+0	1.8769054574E+2	5.3038005463E-3
2.4615851141E+0	1.8355284853E+2	5.2889584814E-3
2.4668666147E+0	1.7960208843E+2	5.2740280309E-3
2.4721331408E+0	1.7583223456E+2	5.2590094442E-3
2.4773846043E+0	1.7223410396E+2	5.2439029725E-3
2.4826209175E+0	1.6879722862E+2	5.2287088681E-3
2.4878419929E+0	1.6551208374E+2	5.2134273849E-3
2.4930477432E+0	1.6237192660E+2	5.1980587783E-3
2.4982380815E+0	1.5937365255E+2	5.1826033052E-3
2.5034129210E+0	1.5651742211E+2	5.1670612238E-3
2.5085721752E+0	1.5380522663E+2	5.1514327939E-3
2.5137157579E+0	1.5123889913E+2	5.1357182766E-3
2.5188435831E+0	1.4881823462E+2	5.1199179345E-3
2.5239555652E+0	1.4653981940E+2	5.1040320318E-3
2.5290516187E+0	1.4439691626E+2	5.0880608338E-3
2.5341316585E+0	1.4238040336E+2	5.0720046074E-3
2.5391955997E+0	1.4048043334E+2	5.0558636210E-3
2.5442433576E+0	1.3868826844E+2	5.0396381444E-3
2.5492748479E+0	1.3699771534E+2	5.0233284486E-3
2.5542899865E+0	1.3540573257E+2	5.0069348063E-3
2.5592886896E+0	1.3391205721E+2	4.9904574913E-3
2.5642708737E+0	1.3251800577E+2	4.9738967791E-3
2.5692364555E+0	1.3122484825E+2	4.9572529464E-3
2.5741853520E+0	1.3003226416E+2	4.9405262713E-3
2.5791174805E+0	1.2893733920E+2	4.9237170334E-3
2.5840327586E+0	1.2793437799E+2	4.9068255135E-3
2.5889311042E+0	1.2701555394E+2	4.8898519940E-3
2.5938124354E+0	1.2617217149E+2	4.8727967585E-3
2.5986766706E+0	1.2539614852E+2	4.8556600920E-3
2.6035237285E+0	1.2468128166E+2	4.8384422809E-3
2.6083535282E+0	1.2402394070E+2	4.8211436130E-3
2.6131659889E+0	1.2342301951E+2	4.8037643772E-3
2.6179610302E+0	1.2287919103E+2	4.7863048641E-3
2.6227385719E+0	1.2239370889E+2	4.7687653653E-3
2.6274985343E+0	1.2196711197E+2	4.7511461741E-3
2.6322408378E+0	1.2159819615E+2	4.7334475849E-3
2.6369654032E+0	1.2128352326E+2	4.7156698934E-3
2.6416721513E+0	1.2101757602E+2	4.6978133967E-3
2.6463610038E+0	1.2079348660E+2	4.6798783932E-3
2.6510318821E+0	1.2060411631E+2	4.6618651826E-3
2.6556847082E+0	1.2044318186E+2	4.6437740661E-3
2.6603194043E+0	1.2030612757E+2	4.6256053458E-3
2.6649358931E+0	1.2019052596E+2	4.6073593254E-3
2.6695340973E+0	1.2009592546E+2	4.5890363098E-3
2.6741139402E+0	1.2002321223E+2	4.5706366053E-3
2.6786753451E+0	1.1997367567E+2	4.5521605193E-3
2.6832182358E+0	1.1994803163E+2	4.5336083606E-3
2.6877425365E+0	1.1994565275E+2	4.5149804392E-3
2.6922481716E+0	1.1996418814E+2	4.4962770664E-3
2.6967350656E+0	1.1999964626E+2	4.4774985548E-3
2.7012031437E+0	1.2004689614E+2	4.4586452181E-3
2.7056523312E+0	1.2010044244E+2	4.4397173715E-3
2.7100825537E+0	1.2015527151E+2	4.4207153312E-3
2.7144937373E+0	1.2020756093E+2	4.4016394148E-3
2.7188858081E+0	1.2025508964E+2	4.3824899412E-3
2.7232586927E+0	1.2029726742E+2	4.3632672302E-3
2.7276123182E+0	1.2033479753E+2	4.3439716031E-3
2.7319466117E+0	1.2036907173E+2	4.3246033825E-3
2.7362615009E+0	1.2040145277E+2	4.3051628919E-3
2.7405569135E+0	1.2043261532E+2	4.2856504563E-3
2.7448327779E+0	1.2046209112E+2	4.2660664016E-3
2.7490890226E+0	1.2048810866E+2	4.2464110553E-3
2.7533255764E+0	1.2050774544E+2	4.2266847457E-3
2.7575423685E+0	1.2051734087E+2	4.2068878026E-3
2.7617393285E+0	1.2051306405E+2	4.1870205567E-3
2.7659163863E+0	1.2049150391E+2	4.1670833400E-3
2.7700734720E+0	1.2045015340E+2	4.1470764858E-3
2.7742105162E+0	1.2038769004E+2	4.1270003283E-3
2.7783274497E+0	1.2030400572E+2	4.1068552032E-3
2.7824242037E+0	1.2019999423E+2	4.0866414469E-3
2.7865007098E+0	1.2007715558E+2	4.0663593974E-3
2.7905568999E+0	1.1993710978E+2	4.0460093936E-3
2.7945927061E+0	1.1978112453E+2	4.0255917754E-3
2.7986080610E+0	1.1960975089E+2	4.0051068843E-3
2.8026028975E+0	1.1942263223E+2	3.9845550624E-3
2.8065771489E+0	1.1921851252E+2	3.9639366533E-3
2.8105307487E+0	1.1899542924E+2	3.9432520014E-3
2.8144636309E+0	1.1875104122E+2	3.9225014525E-3
2.8183757298E+0	1.1848301985E+2	3.9016853533E-3
2.8222669799E+0	1.1818942496E+2	3.8808040517E-3
2.8261373163E+0	1.1786899545E+2	3.8598578967E-3
2.8299866742E+0	1.1752130606E+2	3.8388472382E-3
2.8338149894E+0	1.1714676988E+2	3.8177724274E-3
2.8376221978E+0	1.1674649639E+2	3.7966338166E-3
2.8414082359E+0	1.1632204047E+2	3.7754317588E-3
2.8451730403E+0	1.1587509448E+2	3.7541666086E-3
2.8489165482E+0	1.1540718176E+2	3.7328387211E-3
2.8526386969E+0	1.1491940465E+2	3.7114484529E-3
2.8563394244E+0	1.1441228625E+2	3.6899961614E-3
2.8600186687E+0	1.1388572609E+2	3.6684822051E-3
2.8636763684E+0	1.1333906836E+2	3.6469069436E-3
2.8673124623E+0	1.1277126316E+2	3.6252707373E-3
2.8709268897E+0	1.1218108711E+2	3.6035739479E-3
2.8745195901E+0	1.1156738279E+2	3.5818169379E-3
2.8780905036E+0	1.1092927686E+2	3.5600000709E-3
2.8816395704E+0	1.1026634330E+2	3.5381237115E-3
2.8851667313E+0	1.0957868992E+2	3.5161882254E-3
2.8886719273E+0	1.0886696010E+2	3.4941939790E-3
2.8921550998E+0	1.0813225582E+2	3.4721413399E-3
2.8956161906E+0	1.0737599958E+2	3.4500306767E-3
2.8990551419E+0	1.0659976075E+2	3.4278623588E-3
2.9024718962E+0	1.0580507485E+2	3.4056367567E-3
2.9058663965E+0	1.0499328276E+2	3.3833542419E-3
2.9092385859E+0	1.0416541149E+2	3.3610151867E-3
2.9125884081E+0	1.0332211001E+2	3.3386199643E-3
2.9159158072E+0	1.0246364452E+2	3.3161689492E-3
2.9192207275E+0	1.0158994880E+2	3.2936625164E-3
2.9225031139E+0	1.0070071807E+2	3.2711010421E-3
2.9257629114E+0	9.9795529663E+1	3.2484849032E-3
2.9290000656E+0	9.8873972217E+1	3.2258144779E-3
2.9322145224E+0	9.7935765114E+1	3.2030901448E-3
2.9354062280E+0	9.6980853340E+1	3.1803122838E-3
2.9385751292E+0	9.6009467363E+1	3.1574812755E-3
2.9417211730E+0	9.5022143218E+1	3.1345975014E-3
2.9448443068E+0	9.4019703589E+1	3.1116613440E-3
2.9479444784E+0	9.3003205569E+1	3.0886731866E-3
2.9510216360E+0	9.1973864395E+1	3.0656334132E-3
2.9540757281E+0	9.0932964524E+1	3.0425424091E-3
2.9571067038E+0	8.9881769784E+1	3.0194005599E-3
2.9601145124E+0	8.8821443243E+1	2.9962082525E-3
2.9630991036E+0	8.7752985160E+1	2.9729658744E-3
2.9660604276E+0	8.6677194366E+1	2.9496738141E-3
2.9689984348E+0	8.5594655177E+1	2.9263324607E-3
2.9719130762E+0	8.4505748798E+1	2.9029422044E-3
2.9748043031E+0	8.3410685572E+1	2.8795034361E-3
2.9776720671E+0	8.2309552531E+1	2.8560165473E-3
2.9805163203E+0	8.1202369647E+1	2.8324819307E-3
2.9833370151E+0	8.0089147978E+1	2.8088999795E-3
2.9861341046E+0	7.8969943433E+1	2.7852710878E-3
2.9889075418E+0	7.7844901041E+1	2.7615956505E-3
2.9916572805E+0	7.6714286133E+1	2.7378740632E-3
2.9943832747E+0	7.5578500596E+1	2.7141067224E-3
2.9970854788E+0	7.4438084052E+1	2.6902940251E-3
2.9997638477E+0	7.3293701341E+1	2.6664363695E-3
3.0024183367E+0	7.2146118887E+1	2.6425341541E-3
3.0050489013E+0	7.0996173284E+1	2.6185877784E-3
3.0076554977E+0	6.9844735817E+1	2.5945976426E-3
3.0102380822E+0	6.8692676568E+1	2.5705641475E-3
3.0127966116E+0	6.7540831358E+1	2.5464876949E-3
3.0153310434E+0	6.6389974119E+1	2.5223686871E-3
3.0178413350E+0	6.5240796488E+1	2.4982075270E-3
3.0203274445E+0	6.4093895556E+1	2.4740046186E-3
3.0227893304E+0	6.2949769881E+1	2.4497603662E-3
3.0252269516E+0	6.1808823144E+1	2.4254751751E-3
3.0276402673E+0	6.0671374284E+1	2.4011494510E-3
3.0300292371E+0	5.9537672549E+1	2.3767836004E-3
3.0323938212E+0	5.8407915706E+1	2.3523780306E-3
3.0347339801E+0	5.7282269632E+1	2.3279331494E-3
3.0370496746E+0	5.6160887624E+1	2.3034493653E-3
3.0393408660E+0	5.5043928005E+1	2.2789270875E-3
3.0416075160E+0	5.3931568927E+1	2.2543667257E-3
3.0438495869E+0	5.2824019610E+1	2.2297686905E-3
3.0460670410E+0	5.1721527650E+1	2.2051333928E-3
3.0482598414E+0	5.0624382338E+1	2.1804612443E-3
3.0504279513E+0	4.9532914251E+1	2.1557526574E-3
3.0525713347E+0	4.8447491595E+1	2.1310080450E-3
3.0546899556E+0	4.7368513956E+1	2.1062278206E-3
3.0567837786E+0	4.6296404192E+1	2.0814123983E-3
3.0588527688E+0	4.5231599245E+1	2.0565621928E-3
3.0608968915E+0	4.4174540593E+1	2.0316776194E-3
3.0629161127E+0	4.3125665008E+1	2.0067590939E-3
3.0649103985E+0	4.2085396156E+1	1.9818070327E-3
3.0668797157E+0	4.1054137446E+1	1.9568218529E-3
3.0688240313E+0	4.0032266399E+1	1.9318039720E-3
3.0707433129E+0	3.9020130676E+1	1.9067538080E-3
3.0726375283E+0	3.8018045776E+1	1.8816717796E-3
3.0745066460E+0	3.7026294310E+1	1.8565583060E-3
3.0763506346E+0	3.6045126691E+1	1.8314138067E-3
3.0781694634E+0	3.5074763006E+1	1.8062387021E-3
3.0799631019E+0	3.4115395809E+1	1.7810334128E-3
3.0817315203E+0	3.3167193573E+1	1.7557983600E-3
3.0834746889E+0	3.2230304525E+1	1.7305339655E-3
3.0851925786E+0	3.1304860626E+1	1.7052406515E-3
3.0868851607E+0	3.0390981472E+1	1.6799188405E-3
3.0885524069E+0	2.9488777954E+1	1.6545689559E-3
3.0901942894E+0	2.8598355528E+1	1.6291914212E-3
3.0918107807E+0	2.7719817003E+1	1.6037866605E-3
3.0934018538E+0	2.6853264802E+1	1.5783550984E-3
3.0949674821E+0	2.5998802661E+1	1.5528971598E-3
3.0965076394E+0	2.5156536793E+1	1.5274132703E-3
3.0980223001E+0	2.4326576541E+1	1.5019038556E-3
3.0995114388E+0	2.3509034578E+1	1.4763693421E-3
3.1009750306E+0	2.2704026719E+1	1.4508101565E-3
3.1024130510E+0	2.1911671429E+1	1.4252267258E-3
3.1038254761E+0	2.1132089079E+1	1.3996194778E-3
3.1052122822E+0	2.0365401054E+1	1.3739888402E-3
3.1065734461E+0	1.9611728756E+1	1.3483352414E-3
3.1079089451E+0	1.8871192575E+1	1.3226591101E-3
3.1092187570E+0	1.8143910888E+1	1.2969608754E-3
3.1105028597E+0	1.7429999107E+1	1.2712409668E-3
3.1117612318E+0	1.6729568829E+1	1.2454998140E-3
3.1129938524E+0	1.6042727102E+1	1.2197378472E-3
3.1142007007E+0	1.5369575821E+1	1.1939554970E-3
3.1153817567E+0	1.4710211263E+1	1.1681531941E-3
3.1165370006E+0	1.4064723761E+1	1.1423313699E-3
3.1176664131E+0	1.3433197503E+1	1.1164904558E-3
3.1187699753E+0	1.2815710462E+1	1.0906308836E-3
3.1198476688E+0	1.2212334425E+1	1.0647530855E-3
3.1208994755E+0	1.1623135128E+1	1.0388574939E-3
3.1219253780E+0	1.1048172454E+1	1.0129445417E-3
3.1229253590E+0	1.0487500707E+1	9.8701466182E-4
3.1238994018E+0	9.9411689281E+0	9.6106828758E-4
3.1248474902E+0	9.4092212394E+0	9.3510585261E-4
3.1257696083E+0	8.8916972170E+0	9.0912779076E-4
3.1266657407E+0	8.3886322666E+0	8.8313453619E-4
3.1275358724E+0	7.9000579991E+0	8.5712652325E-4
3.1283799890E+0	7.4260025985E+0	8.3110418659E-4
3.1291980762E+0	6.9664911729E+0	8.0506796108E-4
3.1299901204E+0	6.5215460871E+0	7.7901828182E-4
3.1307561084E+0	6.0911872705E+0	7.5295558414E-4
3.1314960274E+0	5.6754325009E+0	7.2688030358E-4
3.1322098650E+0	5.2742976614E+0	7.0079287589E-4
3.1328976092E+0	4.8877969709E+0	6.7469373705E-4
3.1335592487E+0	4.5159431890E+0	6.4858332323E-4
3.1341947723E+0	4.1587477965E+0	6.2246207073E-4
3.1348041694E+0	3.8162211526E+0	5.9633041614E-4
3.1353874298E+0	3.4883726310E+0	5.7018879612E-4
3.1359445438E+0	3.1752107368E+0	5.4403764760E-4
3.1364755020E+0	2.8767432062E+0	5.1787740760E-4
3.1369802957E+0	2.5929770910E+0	4.9170851331E-4
3.1374589163E+0	2.3239188300E+0	4.6553140213E-4
3.1379113559E+0	2.0695743091E+0	4.3934651156E-4
3.1383376069E+0	1.8299489114E+0	4.1315427928E-4
3.1387376622E+0	1.6050475594E+0	3.8695514312E-4
3.1391115150E+0	1.3948747506E+0	3.6074954110E-4
3.1394591592E+0	1.1994345866E+0	3.3453791144E-4
3.1397805890E+0	1.0187307985E+0	3.0832069259E-4
3.1400757989E+0	8.5276676777E-1	2.8209832342E-4
3.1403447841E+0	7.0154554404E-1	2.5587124334E-4
3.1405875400E+0	5.6506986039E-1	2.2963989267E-4
3.1408040626E+0	4.4334214577E-1	2.0340471372E-4
3.1409943483E+0	3.3636453496E-1	1.7716615272E-4
3.1411583939E+0	2.4413887499E-1	1.5092466531E-4
3.1412961968E+0	1.6666672465E-1	1.2468073282E-4
3.1414077547E+0	1.0394933471E-1	9.8434919423E-5
3.1414930663E+0	5.5987552570E-2	7.2188137769E-5
3.1415521316E+0	2.2781283225E-2	4.5943520243E-5
3.1415849628E+0	4.3237085186E-3	1.9736940383E-5