# Differential cross section		
# Author: P. Swaczyna	Princeton University	(swaczyna@princeton.edu)
# Date: 	Tue 3 Nov 2020 16:23:40	
# 		
# Elastic collision: H^+ + He^0 -> H^+ + He^0		
# 		
# Red. mass: 	7.4962491838E+8	 eV/c^2
# CM energy: 	3.5481338923E-4	 eV
# Rel speed: 	2.9168472969E+4	 cm/s
# Tot sigma: 	1.5493792248E+3	 a.u.
# Int sigma: 	1.5493792248E+3	 a.u.
# 		
# Columns:		
# the <- scattering angle (rad)		
# dcs <- dsigma/dOmega*2*pi*sin(the) (a.u. = 2.8002852056E-17 cm^2)		
# wei <- weight for cross section integration (approx. width of angle bin)		
# 		
# the	dcs	wei
7.6907532846E-6	4.5071915895E-1	1.9736940383E-5
4.0521979771E-5	2.3748032227E+0	4.5943520243E-5
9.9587300392E-5	5.8363330796E+0	7.2188137769E-5
1.8489884726E-4	1.0835969574E+1	9.8434919423E-5
2.9645680168E-4	1.7373582510E+1	1.2468073282E-4
4.3425968311E-4	2.5448779119E+1	1.5092466531E-4
5.9830531657E-4	3.5060863430E+1	1.7716615272E-4
7.8859101285E-4	4.6208726899E+1	2.0340471372E-4
1.0051136166E-3	5.8890709002E+1	2.2963989267E-4
1.2478695220E-3	7.3104434192E+1	2.5587124334E-4
1.5168546797E-3	8.8846627332E+1	2.8209832342E-4
1.8120645986E-3	1.0611290912E+2	3.0832069259E-4
2.1334943481E-3	1.2489757320E+2	3.3453791144E-4
2.4811385584E-3	1.4519334715E+2	3.6074954110E-4
2.8549914211E-3	1.6699114013E+2	3.8695514312E-4
3.2550466893E-3	1.9027978058E+2	4.1315427928E-4
3.6812976783E-3	2.1504574833E+2	4.3934651156E-4
4.1337372652E-3	2.4127290628E+2	4.6553140213E-4
4.6123578895E-3	2.6894223767E+2	4.9170851331E-4
5.1171515529E-3	2.9803159605E+2	5.1787740760E-4
5.6481098199E-3	3.2851547588E+2	5.4403764760E-4
6.2052238176E-3	3.6036481265E+2	5.7018879612E-4
6.7884842360E-3	3.9354682218E+2	5.9633041614E-4
7.3978813281E-3	4.2802488911E+2	6.2246207073E-4
8.0334049101E-3	4.6375851530E+2	6.4858332323E-4
8.6950443616E-3	5.0070333821E+2	6.7469373705E-4
9.3827886258E-3	5.3881122945E+2	7.0079287589E-4
1.0096626210E-2	5.7803048210E+2	7.2688030358E-4
1.0836545184E-2	6.1830609402E+2	7.5295558414E-4
1.1602533184E-2	6.5958015207E+2	7.7901828182E-4
1.2394577408E-2	7.0179231899E+2	8.0506796108E-4
1.3212664621E-2	7.4488042089E+2	8.3110418659E-4
1.4056781152E-2	7.8878112907E+2	8.5712652325E-4
1.4926912893E-2	8.3343072459E+2	8.8313453619E-4
1.5823045305E-2	8.7876592869E+2	9.0912779076E-4
1.6745163410E-2	9.2472477624E+2	9.3510585261E-4
1.7693251801E-2	9.7124750373E+2	9.6106828758E-4
1.8667294632E-2	1.0182774179E+3	9.8701466182E-4
1.9667275626E-2	1.0657617066E+3	1.0129445417E-3
2.0693178073E-2	1.1136521490E+3	1.0388574939E-3
2.1744984827E-2	1.1619056819E+3	1.0647530855E-3
2.2822678313E-2	1.2104847779E+3	1.0906308836E-3
2.3926240519E-2	1.2593575928E+3	1.1164904558E-3
2.5055653005E-2	1.3084978474E+3	1.1423313699E-3
2.6210896896E-2	1.3578844142E+3	1.1681531941E-3
2.7391952886E-2	1.4075005935E+3	1.1939554970E-3
2.8598801239E-2	1.4573330751E+3	1.2197378472E-3
2.9831421786E-2	1.5073706017E+3	1.2454998140E-3
3.1089793929E-2	1.5576023682E+3	1.2712409668E-3
3.2373896638E-2	1.6080162114E+3	1.2969608754E-3
3.3683708455E-2	1.6585966686E+3	1.3226591101E-3
3.5019207490E-2	1.7093230012E+3	1.3483352414E-3
3.6380371427E-2	1.7601673001E+3	1.3739888402E-3
3.7767177517E-2	1.8110928022E+3	1.3996194778E-3
3.9179602586E-2	1.8620525543E+3	1.4252267258E-3
4.0617623030E-2	1.9129885620E+3	1.4508101565E-3
4.2081214817E-2	1.9638315453E+3	1.4763693421E-3
4.3570353490E-2	2.0145014045E+3	1.5019038556E-3
4.5085014162E-2	2.0649084591E+3	1.5274132703E-3
4.6625171522E-2	2.1149554786E+3	1.5528971598E-3
4.8190799831E-2	2.1645404599E+3	1.5783550984E-3
4.9781872927E-2	2.2135600443E+3	1.6037866605E-3
5.1398364219E-2	2.2619133931E+3	1.6291914212E-3
5.3040246694E-2	2.3095062785E+3	1.6545689559E-3
5.4707492914E-2	2.3562550887E+3	1.6799188405E-3
5.6400075017E-2	2.4020904110E+3	1.7052406515E-3
5.8117964718E-2	2.4469598473E+3	1.7305339655E-3
5.9861133308E-2	2.4908297357E+3	1.7557983600E-3
6.1629551657E-2	2.5336855130E+3	1.7810334128E-3
6.3423190212E-2	2.5755305413E+3	1.8062387021E-3
6.5242019000E-2	2.6163833474E+3	1.8314138067E-3
6.7086007624E-2	2.6562733711E+3	1.8565583060E-3
6.8955125270E-2	2.6952354731E+3	1.8816717796E-3
7.0849340702E-2	2.7333036101E+3	1.9067538080E-3
7.2768622264E-2	2.7705042141E+3	1.9318039720E-3
7.4712937885E-2	2.8068499090E+3	1.9568218529E-3
7.6682255070E-2	2.8423342384E+3	1.9818070327E-3
7.8676540910E-2	2.8769280510E+3	2.0067590939E-3
8.0695762079E-2	2.9105780866E+3	2.0316776194E-3
8.2739884832E-2	2.9432081318E+3	2.0565621928E-3
8.4808875009E-2	2.9747228628E+3	2.0814123983E-3
8.6902698034E-2	3.0050141992E+3	2.1062278206E-3
8.9021318917E-2	3.0339696708E+3	2.1310080450E-3
9.1164702253E-2	3.0614819970E+3	2.1557526574E-3
9.3332812224E-2	3.0874588329E+3	2.1804612443E-3
9.5525612596E-2	3.1118314968E+3	2.2051333928E-3
9.7743066726E-2	3.1345614946E+3	2.2297686905E-3
9.9985137556E-2	3.1556438228E+3	2.2543667257E-3
1.0225178762E-1	3.1751063576E+3	2.2789270875E-3
1.0454297904E-1	3.1930051084E+3	2.3034493653E-3
1.0685867352E-1	3.2094156639E+3	2.3279331494E-3
1.0919883237E-1	3.2244217281E+3	2.3523780306E-3
1.1156341648E-1	3.2381021401E+3	2.3767836004E-3
1.1395238633E-1	3.2505181153E+3	2.4011494510E-3
1.1636570200E-1	3.2617025671E+3	2.4254751751E-3
1.1880332317E-1	3.2716532248E+3	2.4497603662E-3
1.2126520909E-1	3.2803308392E+3	2.4740046186E-3
1.2375131862E-1	3.2876631018E+3	2.4982075270E-3
1.2626161023E-1	3.2935540615E+3	2.5223686871E-3
1.2879604195E-1	3.2978979253E+3	2.5464876949E-3
1.3135457143E-1	3.3005953123E+3	2.5705641475E-3
1.3393715592E-1	3.3015694496E+3	2.5945976426E-3
1.3654375226E-1	3.3007795930E+3	2.6185877784E-3
1.3917431689E-1	3.2982292054E+3	2.6425341541E-3
1.4182880585E-1	3.2939671567E+3	2.6664363695E-3
1.4450717478E-1	3.2880813206E+3	2.6902940251E-3
1.4720937892E-1	3.2806852858E+3	2.7141067224E-3
1.4993537310E-1	3.2719002204E+3	2.7378740632E-3
1.5268511179E-1	3.2618349694E+3	2.7615956505E-3
1.5545854902E-1	3.2505680127E+3	2.7852710878E-3
1.5825563845E-1	3.2381347908E+3	2.8088999795E-3
1.6107633333E-1	3.2245231032E+3	2.8324819307E-3
1.6392058653E-1	3.2096778760E+3	2.8560165473E-3
1.6678835052E-1	3.1935148177E+3	2.8795034361E-3
1.6967957737E-1	3.1759406412E+3	2.9029422044E-3
1.7259421876E-1	3.1568760188E+3	2.9263324607E-3
1.7553222599E-1	3.1362766035E+3	2.9496738141E-3
1.7849354996E-1	3.1141475582E+3	2.9729658744E-3
1.8147814117E-1	3.0905481633E+3	2.9962082525E-3
1.8448594977E-1	3.0655850611E+3	3.0194005599E-3
1.8751692548E-1	3.0393951662E+3	3.0425424091E-3
1.9057101764E-1	3.0121216717E+3	3.0656334132E-3
1.9364817522E-1	2.9838883465E+3	3.0886731866E-3
1.9674834681E-1	2.9547779708E+3	3.1116613440E-3
1.9987148058E-1	2.9248200769E+3	3.1345975014E-3
2.0301752435E-1	2.8939912053E+3	3.1574812755E-3
2.0618642554E-1	2.8622280409E+3	3.1803122838E-3
2.0937813120E-1	2.8294506730E+3	3.2030901448E-3
2.1259258799E-1	2.7955905793E+3	3.2258144779E-3
2.1582974219E-1	2.7606164737E+3	3.2484849032E-3
2.1908953970E-1	2.7245513656E+3	3.2711010421E-3
2.2237192605E-1	2.6874761528E+3	3.2936625164E-3
2.2567684639E-1	2.6495184061E+3	3.3161689492E-3
2.2900424548E-1	2.6108289050E+3	3.3386199643E-3
2.3235406772E-1	2.5715518815E+3	3.3610151867E-3
2.3572625713E-1	2.5317968592E+3	3.3833542419E-3
2.3912075735E-1	2.4916198050E+3	3.4056367567E-3
2.4253751167E-1	2.4510189921E+3	3.4278623588E-3
2.4597646298E-1	2.4099470334E+3	3.4500306767E-3
2.4943755380E-1	2.3683360095E+3	3.4721413399E-3
2.5292072631E-1	2.3261287409E+3	3.4941939790E-3
2.5642592230E-1	2.2833072140E+3	3.5161882254E-3
2.5995308318E-1	2.2399097039E+3	3.5381237115E-3
2.6350215001E-1	2.1960312565E+3	3.5600000709E-3
2.6707306349E-1	2.1518071062E+3	3.5818169379E-3
2.7066576394E-1	2.1073838459E+3	3.6035739479E-3
2.7428019131E-1	2.0628870924E+3	3.6252707373E-3
2.7791628522E-1	2.0183956738E+3	3.6469069436E-3
2.8157398488E-1	1.9739305086E+3	3.6684822051E-3
2.8525322919E-1	1.9294618287E+3	3.6899961614E-3
2.8895395665E-1	1.8849325719E+3	3.7114484529E-3
2.9267610542E-1	1.8402904581E+3	3.7328387211E-3
2.9641961330E-1	1.7955182356E+3	3.7541666086E-3
3.0018441773E-1	1.7506519742E+3	3.7754317588E-3
3.0397045579E-1	1.7057811435E+3	3.7966338166E-3
3.0777766421E-1	1.6610303653E+3	3.8177724274E-3
3.1160597938E-1	1.6165290968E+3	3.8388472382E-3
3.1545533730E-1	1.5723797827E+3	3.8598578967E-3
3.1932567367E-1	1.5286356385E+3	3.8808040517E-3
3.2321692379E-1	1.4852958755E+3	3.9016853533E-3
3.2712902264E-1	1.4423199912E+3	3.9225014525E-3
3.3106190484E-1	1.3996558781E+3	3.9432520014E-3
3.3501550468E-1	1.3572714205E+3	3.9639366533E-3
3.3898975607E-1	1.3151778782E+3	3.9845550624E-3
3.4298459261E-1	1.2734363577E+3	4.0051068843E-3
3.4699994753E-1	1.2321450580E+3	4.0255917754E-3
3.5103575373E-1	1.1914123533E+3	4.0460093936E-3
3.5509194378E-1	1.1513262405E+3	4.0663593974E-3
3.5916844988E-1	1.1119320279E+3	4.0866414469E-3
3.6326520391E-1	1.0732268138E+3	4.1068552032E-3
3.6738213741E-1	1.0351726159E+3	4.1270003283E-3
3.7151918157E-1	9.9772259152E+2	4.1470764858E-3
3.7567626728E-1	9.6084957833E+2	4.1670833400E-3
3.7985332504E-1	9.2456531921E+2	4.1870205567E-3
3.8405028507E-1	8.8892267125E+2	4.2068878026E-3
3.8826707721E-1	8.5400027784E+2	4.2266847457E-3
3.9250363101E-1	8.1987657659E+2	4.2464110553E-3
3.9675987567E-1	7.8660440137E+2	4.2660664016E-3
4.0103574005E-1	7.5419691555E+2	4.2856504563E-3
4.0533115271E-1	7.2263048380E+2	4.3051628919E-3
4.0964604185E-1	6.9186265163E+2	4.3246033825E-3
4.1398033538E-1	6.6185689480E+2	4.3439716031E-3
4.1833396086E-1	6.3260303922E+2	4.3632672302E-3
4.2270684554E-1	6.0412445742E+2	4.3824899412E-3
4.2709891633E-1	5.7646935446E+2	4.4016394148E-3
4.3151009985E-1	5.4969079679E+2	4.4207153312E-3
4.3594032237E-1	5.2382513753E+2	4.4397173715E-3
4.4038950986E-1	4.9887881456E+2	4.4586452181E-3
4.4485758797E-1	4.7482914246E+2	4.4774985548E-3
4.4934448203E-1	4.5163793095E+2	4.4962770664E-3
4.5385011706E-1	4.2927081064E+2	4.5149804392E-3
4.5837441776E-1	4.0771278738E+2	4.5336083606E-3
4.6291730852E-1	3.8697281469E+2	4.5521605193E-3
4.6747871344E-1	3.6707589883E+2	4.5706366053E-3
4.7205855627E-1	3.4804750324E+2	4.5890363098E-3
4.7665676049E-1	3.2989856513E+2	4.6073593254E-3
4.8127324926E-1	3.1261853430E+2	4.6256053458E-3
4.8590794542E-1	2.9617921986E+2	4.6437740661E-3
4.9056077152E-1	2.8054652970E+2	4.6618651826E-3
4.9523164982E-1	2.6569339532E+2	4.6798783932E-3
4.9992050224E-1	2.5160709963E+2	4.6978133967E-3
5.0462725044E-1	2.3828772443E+2	4.7156698934E-3
5.0935181576E-1	2.2573950349E+2	4.7334475849E-3
5.1409411924E-1	2.1396062303E+2	4.7511461741E-3
5.1885408164E-1	2.0293733425E+2	4.7687653653E-3
5.2363162341E-1	1.9264515019E+2	4.7863048641E-3
5.2842666471E-1	1.8305550158E+2	4.8037643772E-3
5.3323912540E-1	1.7414323131E+2	4.8211436130E-3
5.3806892508E-1	1.6589032468E+2	4.8384422809E-3
5.4291598301E-1	1.5828405166E+2	4.8556600920E-3
5.4778021821E-1	1.5131143228E+2	4.8727967585E-3
5.5266154939E-1	1.4495425438E+2	4.8898519940E-3
5.5755989496E-1	1.3918822795E+2	4.9068255135E-3
5.6247517308E-1	1.3398669572E+2	4.9237170334E-3
5.6740730160E-1	1.2932592319E+2	4.9405262713E-3
5.7235619810E-1	1.2518782269E+2	4.9572529464E-3
5.7732177988E-1	1.2155782032E+2	4.9738967791E-3
5.8230396395E-1	1.1841913566E+2	4.9904574913E-3
5.8730266706E-1	1.1574759188E+2	5.0069348063E-3
5.9231780568E-1	1.1351116839E+2	5.0233284486E-3
5.9734929598E-1	1.1167546891E+2	5.0396381444E-3
6.0239705389E-1	1.1021193004E+2	5.0558636210E-3
6.0746099506E-1	1.0910306820E+2	5.0720046074E-3
6.1254103485E-1	1.0834049848E+2	5.0880608338E-3
6.1763708838E-1	1.0791618213E+2	5.1040320318E-3
6.2274907048E-1	1.0781223989E+2	5.1199179345E-3
6.2787689573E-1	1.0799632182E+2	5.1357182766E-3
6.3302047843E-1	1.0842650973E+2	5.1514327939E-3
6.3817973262E-1	1.0906355382E+2	5.1670612238E-3
6.4335457209E-1	1.0988281777E+2	5.1826033052E-3
6.4854491036E-1	1.1087763747E+2	5.1980587783E-3
6.5375066070E-1	1.1205095594E+2	5.2134273849E-3
6.5897173609E-1	1.1339994519E+2	5.2287088681E-3
6.6420804930E-1	1.1490354954E+2	5.2439029725E-3
6.6945951283E-1	1.1652171491E+2	5.2590094442E-3
6.7472603890E-1	1.1820781095E+2	5.2740280309E-3
6.8000753951E-1	1.1992679505E+2	5.2889584814E-3
6.8530392640E-1	1.2166705861E+2	5.3038005463E-3
6.9061511106E-1	1.2343736307E+2	5.3185539776E-3
6.9594100473E-1	1.2525006766E+2	5.3332185287E-3
7.0128151841E-1	1.2710143754E+2	5.3477939546E-3
7.0663656285E-1	1.2896245196E+2	5.3622800116E-3
7.1200604856E-1	1.3078703585E+2	5.3766764577E-3
7.1738988581E-1	1.3253295355E+2	5.3909830523E-3
7.2278798463E-1	1.3418147182E+2	5.4051995564E-3
7.2820025482E-1	1.3574197888E+2	5.4193257323E-3
7.3362660591E-1	1.3723767790E+2	5.4333613439E-3
7.3906694724E-1	1.3868168145E+2	5.4473061568E-3
7.4452118788E-1	1.4005996807E+2	5.4611599379E-3
7.4998923669E-1	1.4133343494E+2	5.4749224557E-3
7.5547100229E-1	1.4245825599E+2	5.4885934801E-3
7.6096639308E-1	1.4341071008E+2	5.5021727828E-3
7.6647531721E-1	1.4419889563E+2	5.5156601367E-3
7.7199768263E-1	1.4485256400E+2	5.5290553166E-3
7.7753339704E-1	1.4539784217E+2	5.5423580985E-3
7.8308236795E-1	1.4583469324E+2	5.5555682601E-3
7.8864450262E-1	1.4613338749E+2	5.5686855808E-3
7.9421970809E-1	1.4625289672E+2	5.5817098412E-3
7.9980789121E-1	1.4616828378E+2	5.5946408237E-3
8.0540895857E-1	1.4588725831E+2	5.6074783123E-3
8.1102281659E-1	1.4544358351E+2	5.6202220924E-3
8.1664937145E-1	1.4487188632E+2	5.6328719509E-3
8.2228852912E-1	1.4418222234E+2	5.6454276767E-3
8.2794019536E-1	1.4335311541E+2	5.6578890597E-3
8.3360427572E-1	1.4234832991E+2	5.6702558918E-3
8.3928067556E-1	1.4114509096E+2	5.6825279663E-3
8.4496930000E-1	1.3975276190E+2	5.6947050782E-3
8.5067005399E-1	1.3820792102E+2	5.7067870238E-3
8.5638284226E-1	1.3654948758E+2	5.7187736014E-3
8.6210756934E-1	1.3479262692E+2	5.7306646105E-3
8.6784413956E-1	1.3292107222E+2	5.7424598526E-3
8.7359245705E-1	1.3090356823E+2	5.7541591304E-3
8.7935242576E-1	1.2872186360E+2	5.7657622485E-3
8.8512394943E-1	1.2638885001E+2	5.7772690129E-3
8.9090693161E-1	1.2394299612E+2	5.7886792314E-3
8.9670127565E-1	1.2142353943E+2	5.7999927133E-3
9.0250688473E-1	1.1884570722E+2	5.8112092696E-3
9.0832366182E-1	1.1619500007E+2	5.8223287127E-3
9.1415150972E-1	1.1344465347E+2	5.8333508568E-3
9.1999033104E-1	1.1058242304E+2	5.8442755178E-3
9.2584002820E-1	1.0762570274E+2	5.8551025132E-3
9.3170050345E-1	1.0461332797E+2	5.8658316618E-3
9.3757165885E-1	1.0158090457E+2	5.8764627846E-3
9.4345339628E-1	9.8539336653E+1	5.8869957037E-3
9.4934561746E-1	9.5473289416E+1	5.8974302433E-3
9.5524822392E-1	9.2360297117E+1	5.9077662288E-3
9.6116111701E-1	8.9194934954E+1	5.9180034877E-3
9.6708419793E-1	8.5998746576E+1	5.9281418487E-3
9.7301736769E-1	8.2808377576E+1	5.9381811425E-3
9.7896052713E-1	7.9652000216E+1	5.9481212013E-3
9.8491357695E-1	7.6533191542E+1	5.9579618591E-3
9.9087641766E-1	7.3434856629E+1	5.9677029512E-3
9.9684894961E-1	7.0339367982E+1	5.9773443150E-3
1.0028310730E+0	6.7248192417E+1	5.9868857894E-3
1.0088226878E+0	6.4185169484E+1	5.9963272149E-3
1.0148236940E+0	6.1181374648E+1	6.0056684336E-3
1.0208339913E+0	5.8254564496E+1	6.0149092896E-3
1.0268534791E+0	5.5400075916E+1	6.0240496283E-3
1.0328820570E+0	5.2600038579E+1	6.0330892971E-3
1.0389196241E+0	4.9842610996E+1	6.0420281448E-3
1.0449660796E+0	4.7135099471E+1	6.0508660221E-3
1.0510213224E+0	4.4500470261E+1	6.0596027814E-3
1.0570852514E+0	4.1960913890E+1	6.0682382765E-3
1.0631577652E+0	3.9522634469E+1	6.0767723631E-3
1.0692387623E+0	3.7174280966E+1	6.0852048988E-3
1.0753281411E+0	3.4899567118E+1	6.0935357425E-3
1.0814257998E+0	3.2692925070E+1	6.1017647550E-3
1.0875316366E+0	3.0565070172E+1	6.1098917988E-3
1.0936455494E+0	2.8534417439E+1	6.1179167381E-3
1.0997674360E+0	2.6612346719E+1	6.1258394388E-3
1.1058971941E+0	2.4794958876E+1	6.1336597685E-3
1.1120347214E+0	2.3067747864E+1	6.1413775965E-3
1.1181799151E+0	2.1418487158E+1	6.1489927938E-3
1.1243326727E+0	1.9847072331E+1	6.1565052331E-3
1.1304928913E+0	1.8364271455E+1	6.1639147890E-3
1.1366604679E+0	1.6981194782E+1	6.1712213376E-3
1.1428352996E+0	1.5699012862E+1	6.1784247568E-3
1.1490172830E+0	1.4507531385E+1	6.1855249261E-3
1.1552063150E+0	1.3393169185E+1	6.1925217271E-3
1.1614022920E+0	1.2348985654E+1	6.1994150427E-3
1.1676051105E+0	1.1378174507E+1	6.2062047577E-3
1.1738146669E+0	1.0488561558E+1	6.2128907587E-3
1.1800308574E+0	9.6834896714E+0	6.2194729339E-3
1.1862535782E+0	8.9571031645E+0	6.2259511734E-3
1.1924827251E+0	8.2976529286E+0	6.2323253688E-3
1.1987181942E+0	7.6954265078E+0	6.2385954138E-3
1.2049598812E+0	7.1482754398E+0	6.2447612034E-3
1.2112076818E+0	6.6602428059E+0	6.2508226346E-3
1.2174614916E+0	6.2350226669E+0	6.2567796062E-3
1.2237212062E+0	5.8702558236E+0	6.2626320186E-3
1.2299867208E+0	5.5574267494E+0	6.2683797740E-3
1.2362579308E+0	5.2870245118E+0	6.2740227763E-3
1.2425347314E+0	5.0542552722E+0	6.2795609313E-3
1.2488170177E+0	4.8604324414E+0	6.2849941464E-3
1.2551046847E+0	4.7091639515E+0	6.2903223308E-3
1.2613976273E+0	4.6009730772E+0	6.2955453954E-3
1.2676957404E+0	4.5310403065E+0	6.3006632530E-3
1.2739989187E+0	4.4917920955E+0	6.3056758180E-3
1.2803070569E+0	4.4779234472E+0	6.3105830068E-3
1.2866200496E+0	4.4894891718E+0	6.3153847371E-3
1.2929377912E+0	4.5304771138E+0	6.3200809290E-3
1.2992601762E+0	4.6042594375E+0	6.3246715037E-3
1.3055870990E+0	4.7099474586E+0	6.3291563847E-3
1.3119184537E+0	4.8427702545E+0	6.3335354970E-3
1.3182541347E+0	4.9981472742E+0	6.3378087674E-3
1.3245940360E+0	5.1759527977E+0	6.3419761245E-3
1.3309380516E+0	5.3812007664E+0	6.3460374987E-3
1.3372860756E+0	5.6204588168E+0	6.3499928220E-3
1.3436380019E+0	5.8970944373E+0	6.3538420284E-3
1.3499937243E+0	6.2095673899E+0	6.3575850535E-3
1.3563531366E+0	6.5544587403E+0	6.3612218349E-3
1.3627161325E+0	6.9317788841E+0	6.3647523117E-3
1.3690826057E+0	7.3478013479E+0	6.3681764249E-3
1.3754524499E+0	7.8125945974E+0	6.3714941173E-3
1.3818255585E+0	8.3341834860E+0	6.3747053335E-3
1.3882018250E+0	8.9145445862E+0	6.3778100198E-3
1.3945811430E+0	9.5513353939E+0	6.3808081243E-3
1.4009634057E+0	1.0244235825E+1	6.3836995970E-3
1.4073485066E+0	1.1000264850E+1	6.3864843894E-3
1.4137363389E+0	1.1832843796E+1	6.3891624551E-3
1.4201267959E+0	1.2754932305E+1	6.3917337493E-3
1.4265197708E+0	1.3772293537E+1	6.3941982290E-3
1.4329151568E+0	1.4883356934E+1	6.3965558531E-3
1.4393128469E+0	1.6086429601E+1	6.3988065821E-3
1.4457127343E+0	1.7387954391E+1	6.4009503785E-3
1.4521147120E+0	1.8803834722E+1	6.4029872063E-3
1.4585186731E+0	2.0351870838E+1	6.4049170317E-3
1.4649245104E+0	2.2041852801E+1	6.4067398222E-3
1.4713321170E+0	2.3872698425E+1	6.4084555476E-3
1.4777413858E+0	2.5840034269E+1	6.4100641790E-3
1.4841522097E+0	2.7947755030E+1	6.4115656896E-3
1.4905644815E+0	3.0212576618E+1	6.4129600544E-3
1.4969780940E+0	3.2656491115E+1	6.4142472499E-3
1.5033929402E+0	3.5293458919E+1	6.4154272548E-3
1.5098089128E+0	3.8122797162E+1	6.4165000493E-3
1.5162259046E+0	4.1136214550E+1	6.4174656154E-3
1.5226438083E+0	4.4332722882E+1	6.4183239370E-3
1.5290625167E+0	4.7727462367E+1	6.4190749998E-3
1.5354819225E+0	5.1345314394E+1	6.4197187912E-3
1.5419019185E+0	5.5204370682E+1	6.4202553005E-3
1.5483223974E+0	5.9304569891E+1	6.4206845187E-3
1.5547432518E+0	6.3632871642E+1	6.4210064386E-3
1.5611643745E+0	6.8181092158E+1	6.4212210549E-3
1.5675856581E+0	7.2959914411E+1	6.4213283639E-3
1.5740069954E+0	7.7995152457E+1	6.4213283639E-3
1.5804282791E+0	8.3308717848E+1	6.4212210549E-3
1.5868494018E+0	8.8901742614E+1	6.4210064386E-3
1.5932702562E+0	9.4756284106E+1	6.4206845187E-3
1.5996907351E+0	1.0085507688E+2	6.4202553005E-3
1.6061107310E+0	1.0720129206E+2	6.4197187912E-3
1.6125301369E+0	1.1381916231E+2	6.4190749998E-3
1.6189488453E+0	1.2073377388E+2	6.4183239370E-3
1.6253667490E+0	1.2794836773E+2	6.4174656154E-3
1.6317837408E+0	1.3544083776E+2	6.4165000493E-3
1.6381997134E+0	1.4318377269E+2	6.4154272548E-3
1.6446145595E+0	1.5116996796E+2	6.4142472499E-3
1.6510281721E+0	1.5941913869E+2	6.4129600544E-3
1.6574404439E+0	1.6795847728E+2	6.4115656896E-3
1.6638512678E+0	1.7679449012E+2	6.4100641790E-3
1.6702605366E+0	1.8590265608E+2	6.4084555476E-3
1.6766681432E+0	1.9524555290E+2	6.4067398222E-3
1.6830739805E+0	2.0480336250E+2	6.4049170317E-3
1.6894779416E+0	2.1458814683E+2	6.4029872063E-3
1.6958799193E+0	2.2462762723E+2	6.4009503785E-3
1.7022798067E+0	2.3493275580E+2	6.3988065821E-3
1.7086774968E+0	2.4547930079E+2	6.3965558531E-3
1.7150728827E+0	2.5622141990E+2	6.3941982290E-3
1.7214658576E+0	2.6712549457E+2	6.3917337493E-3
1.7278563146E+0	2.7819287800E+2	6.3891624551E-3
1.7342441470E+0	2.8944967124E+2	6.3864843894E-3
1.7406292478E+0	3.0091218037E+2	6.3836995970E-3
1.7470115106E+0	3.1255992685E+2	6.3808081243E-3
1.7533908286E+0	3.2434184851E+2	6.3778100198E-3
1.7597670951E+0	3.3621081807E+2	6.3747053335E-3
1.7661402037E+0	3.4815485192E+2	6.3714941173E-3
1.7725100479E+0	3.6019565312E+2	6.3681764249E-3
1.7788765211E+0	3.7235507757E+2	6.3647523117E-3
1.7852395170E+0	3.8462017191E+2	6.3612218349E-3
1.7915989293E+0	3.9693940825E+2	6.3575850535E-3
1.7979546517E+0	4.0925432863E+2	6.3538420284E-3
1.8043065780E+0	4.2153791923E+2	6.3499928220E-3
1.8106546020E+0	4.3380419565E+2	6.3460374987E-3
1.8169986176E+0	4.4607959882E+2	6.3419761245E-3
1.8233385189E+0	4.5836209093E+2	6.3378087674E-3
1.8296741999E+0	4.7060561007E+2	6.3335354970E-3
1.8360055546E+0	4.8274465884E+2	6.3291563847E-3
1.8423324774E+0	4.9473700619E+2	6.3246715037E-3
1.8486548624E+0	5.0658548946E+2	6.3200809290E-3
1.8549726040E+0	5.1831864661E+2	6.3153847371E-3
1.8612855967E+0	5.2994751281E+2	6.3105830068E-3
1.8675937349E+0	5.4143791233E+2	6.3056758180E-3
1.8738969132E+0	5.5272373708E+2	6.3006632530E-3
1.8801950263E+0	5.6374952397E+2	6.2955453954E-3
1.8864879689E+0	5.7450386214E+2	6.2903223308E-3
1.8927756359E+0	5.8501323596E+2	6.2849941464E-3
1.8990579222E+0	5.9530168726E+2	6.2795609313E-3
1.9053347228E+0	6.0535267269E+2	6.2740227763E-3
1.9116059328E+0	6.1510759759E+2	6.2683797740E-3
1.9178714474E+0	6.2450251904E+2	6.2626320186E-3
1.9241311620E+0	6.3351016373E+2	6.2567796062E-3
1.9303849718E+0	6.4214957874E+2	6.2508226346E-3
1.9366327724E+0	6.5045476872E+2	6.2447612034E-3
1.9428744594E+0	6.5843040074E+2	6.2385954138E-3
1.9491099285E+0	6.6603412003E+2	6.2323253688E-3
1.9553390754E+0	6.7320119360E+2	6.2259511734E-3
1.9615617961E+0	6.7988954608E+2	6.2194729339E-3
1.9677779867E+0	6.8610525293E+2	6.2128907587E-3
1.9739875431E+0	6.9188605097E+2	6.2062047577E-3
1.9801903616E+0	6.9725765561E+2	6.1994150427E-3
1.9863863386E+0	7.0220150664E+2	6.1925217271E-3
1.9925753706E+0	7.0666218378E+2	6.1855249261E-3
1.9987573540E+0	7.1058773057E+2	6.1784247568E-3
2.0049321857E+0	7.1396742527E+2	6.1712213376E-3
2.0110997623E+0	7.1683411644E+2	6.1639147890E-3
2.0172599809E+0	7.1922946164E+2	6.1565052331E-3
2.0234127385E+0	7.2116263599E+2	6.1489927938E-3
2.0295579322E+0	7.2259829596E+2	6.1413775965E-3
2.0356954595E+0	7.2348381836E+2	6.1336597685E-3
2.0418252176E+0	7.2379188702E+2	6.1258394388E-3
2.0479471042E+0	7.2354167944E+2	6.1179167381E-3
2.0540610170E+0	7.2278083521E+2	6.1098917988E-3
2.0601668538E+0	7.2154422301E+2	6.1017647550E-3
2.0662645125E+0	7.1982498312E+2	6.0935357425E-3
2.0723538913E+0	7.1758218974E+2	6.0852048988E-3
2.0784348884E+0	7.1477798625E+2	6.0767723631E-3
2.0845074022E+0	7.1141230714E+2	6.0682382765E-3
2.0905713312E+0	7.0752600335E+2	6.0596027814E-3
2.0966265740E+0	7.0317039040E+2	6.0508660221E-3
2.1026730295E+0	6.9836941433E+2	6.0420281448E-3
2.1087105966E+0	6.9310613129E+2	6.0330892971E-3
2.1147391745E+0	6.8734415474E+2	6.0240496283E-3
2.1207586623E+0	6.8106545224E+2	6.0149092896E-3
2.1267689596E+0	6.7429284008E+2	6.0056684336E-3
2.1327699657E+0	6.6707900873E+2	5.9963272149E-3
2.1387615806E+0	6.5947196483E+2	5.9868857894E-3
2.1447437040E+0	6.5148580793E+2	5.9773443150E-3
2.1507162359E+0	6.4310049853E+2	5.9677029512E-3
2.1566790766E+0	6.3428993823E+2	5.9579618591E-3
2.1626321265E+0	6.2505474374E+2	5.9481212013E-3
2.1685752859E+0	6.1543306394E+2	5.9381811425E-3
2.1745084557E+0	6.0548139192E+2	5.9281418487E-3
2.1804315366E+0	5.9524172659E+2	5.9180034877E-3
2.1863444297E+0	5.8472176979E+2	5.9077662288E-3
2.1922470361E+0	5.7390344802E+2	5.8974302433E-3
2.1981392573E+0	5.6277197032E+2	5.8869957037E-3
2.2040209947E+0	5.5134167032E+2	5.8764627846E-3
2.2098921501E+0	5.3965834089E+2	5.8658316618E-3
2.2157526254E+0	5.2777708677E+2	5.8551025132E-3
2.2216023226E+0	5.1573395974E+2	5.8442755178E-3
2.2274411439E+0	5.0353370421E+2	5.8333508568E-3
2.2332689918E+0	4.9116243219E+2	5.8223287127E-3
2.2390857689E+0	4.7861435355E+2	5.8112092696E-3
2.2448913779E+0	4.6591132946E+2	5.7999927133E-3
2.2506857220E+0	4.5310050725E+2	5.7886792314E-3
2.2564687042E+0	4.4023279627E+2	5.7772690129E-3
2.2622402278E+0	4.2733944035E+2	5.7657622485E-3
2.2680001965E+0	4.1442451822E+2	5.7541591304E-3
2.2737485140E+0	4.0147824044E+2	5.7424598526E-3
2.2794850843E+0	3.8849999465E+2	5.7306646105E-3
2.2852098113E+0	3.7551335002E+2	5.7187736014E-3
2.2909225996E+0	3.6256219195E+2	5.7067870238E-3
2.2966233536E+0	3.4969182015E+2	5.6947050782E-3
2.3023119780E+0	3.3692978838E+2	5.6825279663E-3
2.3079883779E+0	3.2428059324E+2	5.6702558918E-3
2.3136524582E+0	3.1173730725E+2	5.6578890597E-3
2.3193041245E+0	2.9930067261E+2	5.6454276767E-3
2.3249432821E+0	2.8699130741E+2	5.6328719509E-3
2.3305698370E+0	2.7484655971E+2	5.6202220924E-3
2.3361836950E+0	2.6290519029E+2	5.6074783123E-3
2.3417847624E+0	2.5119162615E+2	5.5946408237E-3
2.3473729455E+0	2.3971104427E+2	5.5817098412E-3
2.3529481510E+0	2.2845805693E+2	5.5686855808E-3
2.3585102856E+0	2.1743193464E+2	5.5555682601E-3
2.3640592565E+0	2.0664717906E+2	5.5423580985E-3
2.3695949710E+0	1.9613232581E+2	5.5290553166E-3
2.3751173364E+0	1.8591863143E+2	5.5156601367E-3
2.3806262605E+0	1.7602723711E+2	5.5021727828E-3
2.3861216513E+0	1.6646379086E+2	5.4885934801E-3
2.3916034169E+0	1.5722364885E+2	5.4749224557E-3
2.3970714657E+0	1.4830326510E+2	5.4611599379E-3
2.4025257064E+0	1.3970950802E+2	5.4473061568E-3
2.4079660477E+0	1.3146073635E+2	5.4333613439E-3
2.4133923988E+0	1.2357958435E+2	5.4193257323E-3
2.4188046690E+0	1.1608301493E+2	5.4051995564E-3
2.4242027678E+0	1.0897653240E+2	5.3909830523E-3
2.4295866050E+0	1.0225602461E+2	5.3766764577E-3
2.4349560907E+0	9.5915309211E+1	5.3622800116E-3
2.4403111352E+0	8.9953874833E+1	5.3477939546E-3
2.4456516489E+0	8.4379717870E+1	5.3332185287E-3
2.4509775425E+0	7.9205907200E+1	5.3185539776E-3
2.4562887272E+0	7.4443758973E+1	5.3038005463E-3
2.4615851141E+0	7.0097405289E+1	5.2889584814E-3
2.4668666147E+0	6.6163104989E+1	5.2740280309E-3
2.4721331408E+0	6.2633206785E+1	5.2590094442E-3
2.4773846043E+0	5.9501703416E+1	5.2439029725E-3
2.4826209175E+0	5.6767661002E+1	5.2287088681E-3
2.4878419929E+0	5.4434612898E+1	5.2134273849E-3
2.4930477432E+0	5.2506821254E+1	5.1980587783E-3
2.4982380815E+0	5.0985191078E+1	5.1826033052E-3
2.5034129210E+0	4.9865467682E+1	5.1670612238E-3
2.5085721752E+0	4.9139532557E+1	5.1514327939E-3
2.5137157579E+0	4.8798537210E+1	5.1357182766E-3
2.5188435831E+0	4.8835638370E+1	5.1199179345E-3
2.5239555652E+0	4.9246682909E+1	5.1040320318E-3
2.5290516187E+0	5.0028748651E+1	5.0880608338E-3
2.5341316585E+0	5.1177844340E+1	5.0720046074E-3
2.5391955997E+0	5.2687414932E+1	5.0558636210E-3
2.5442433576E+0	5.4548503438E+1	5.0396381444E-3
2.5492748479E+0	5.6751180296E+1	5.0233284486E-3
2.5542899865E+0	5.9286059702E+1	5.0069348063E-3
2.5592886896E+0	6.2144842265E+1	4.9904574913E-3
2.5642708737E+0	6.5319651848E+1	4.9738967791E-3
2.5692364555E+0	6.8801829640E+1	4.9572529464E-3
2.5741853520E+0	7.2581188734E+1	4.9405262713E-3
2.5791174805E+0	7.6646319668E+1	4.9237170334E-3
2.5840327586E+0	8.0985711427E+1	4.9068255135E-3
2.5889311042E+0	8.5588829720E+1	4.8898519940E-3
2.5938124354E+0	9.0446314466E+1	4.8727967585E-3
2.5986766706E+0	9.5549084963E+1	4.8556600920E-3
2.6035237285E+0	1.0088692575E+2	4.8384422809E-3
2.6083535282E+0	1.0644753490E+2	4.8211436130E-3
2.6131659889E+0	1.1221677125E+2	4.8037643772E-3
2.6179610302E+0	1.1818008110E+2	4.7863048641E-3
2.6227385719E+0	1.2432429689E+2	4.7687653653E-3
2.6274985343E+0	1.3063869566E+2	4.7511461741E-3
2.6322408378E+0	1.3711459843E+2	4.7334475849E-3
2.6369654032E+0	1.4374365171E+2	4.7156698934E-3
2.6416721513E+0	1.5051573896E+2	4.6978133967E-3
2.6463610038E+0	1.5741773932E+2	4.6798783932E-3
2.6510318821E+0	1.6443391834E+2	4.6618651826E-3
2.6556847082E+0	1.7154783559E+2	4.6437740661E-3
2.6603194043E+0	1.7874478831E+2	4.6256053458E-3
2.6649358931E+0	1.8601347034E+2	4.6073593254E-3
2.6695340973E+0	1.9334591440E+2	4.5890363098E-3
2.6741139402E+0	2.0073569497E+2	4.5706366053E-3
2.6786753451E+0	2.0817530197E+2	4.5521605193E-3
2.6832182358E+0	2.1565404901E+2	4.5336083606E-3
2.6877425365E+0	2.2315762219E+2	4.5149804392E-3
2.6922481716E+0	2.3066954490E+2	4.4962770664E-3
2.6967350656E+0	2.3817386082E+2	4.4774985548E-3
2.7012031437E+0	2.4565771422E+2	4.4586452181E-3
2.7056523312E+0	2.5311254954E+2	4.4397173715E-3
2.7100825537E+0	2.6053333229E+2	4.4207153312E-3
2.7144937373E+0	2.6791616360E+2	4.4016394148E-3
2.7188858081E+0	2.7525543518E+2	4.3824899412E-3
2.7232586927E+0	2.8254188149E+2	4.3632672302E-3
2.7276123182E+0	2.8976244819E+2	4.3439716031E-3
2.7319466117E+0	2.9690203783E+2	4.3246033825E-3
2.7362615009E+0	3.0394632354E+2	4.3051628919E-3
2.7405569135E+0	3.1088434240E+2	4.2856504563E-3
2.7448327779E+0	3.1770969935E+2	4.2660664016E-3
2.7490890226E+0	3.2441985982E+2	4.2464110553E-3
2.7533255764E+0	3.3101387243E+2	4.2266847457E-3
2.7575423685E+0	3.3748954694E+2	4.2068878026E-3
2.7617393285E+0	3.4384132265E+2	4.1870205567E-3
2.7659163863E+0	3.5005973030E+2	4.1670833400E-3
2.7700734720E+0	3.5613264563E+2	4.1470764858E-3
2.7742105162E+0	3.6204777055E+2	4.1270003283E-3
2.7783274497E+0	3.6779528165E+2	4.1068552032E-3
2.7824242037E+0	3.7336954907E+2	4.0866414469E-3
2.7865007098E+0	3.7876924712E+2	4.0663593974E-3
2.7905568999E+0	3.8399585611E+2	4.0460093936E-3
2.7945927061E+0	3.8905120202E+2	4.0255917754E-3
2.7986080610E+0	3.9393503717E+2	4.0051068843E-3
2.8026028975E+0	3.9864360655E+2	3.9845550624E-3
2.8065771489E+0	4.0316972103E+2	3.9639366533E-3
2.8105307487E+0	4.0750425676E+2	3.9432520014E-3
2.8144636309E+0	4.1163846093E+2	3.9225014525E-3
2.8183757298E+0	4.1556616804E+2	3.9016853533E-3
2.8222669799E+0	4.1928510464E+2	3.8808040517E-3
2.8261373163E+0	4.2279683675E+2	3.8598578967E-3
2.8299866742E+0	4.2610543261E+2	3.8388472382E-3
2.8338149894E+0	4.2921537421E+2	3.8177724274E-3
2.8376221978E+0	4.3212949153E+2	3.7966338166E-3
2.8414082359E+0	4.3484764227E+2	3.7754317588E-3
2.8451730403E+0	4.3736655984E+2	3.7541666086E-3
2.8489165482E+0	4.3968086523E+2	3.7328387211E-3
2.8526386969E+0	4.4178484198E+2	3.7114484529E-3
2.8563394244E+0	4.4367433889E+2	3.6899961614E-3
2.8600186687E+0	4.4534815914E+2	3.6684822051E-3
2.8636763684E+0	4.4680850289E+2	3.6469069436E-3
2.8673124623E+0	4.4806036606E+2	3.6252707373E-3
2.8709268897E+0	4.4911014189E+2	3.6035739479E-3
2.8745195901E+0	4.4996391060E+2	3.5818169379E-3
2.8780905036E+0	4.5062596841E+2	3.5600000709E-3
2.8816395704E+0	4.5109803552E+2	3.5381237115E-3
2.8851667313E+0	4.5137934345E+2	3.5161882254E-3
2.8886719273E+0	4.5146752198E+2	3.4941939790E-3
2.8921550998E+0	4.5135997105E+2	3.4721413399E-3
2.8956161906E+0	4.5105528172E+2	3.4500306767E-3
2.8990551419E+0	4.5055428673E+2	3.4278623588E-3
2.9024718962E+0	4.4986045871E+2	3.4056367567E-3
2.9058663965E+0	4.4897958214E+2	3.3833542419E-3
2.9092385859E+0	4.4791883593E+2	3.3610151867E-3
2.9125884081E+0	4.4668557832E+2	3.3386199643E-3
2.9159158072E+0	4.4528618429E+2	3.3161689492E-3
2.9192207275E+0	4.4372524399E+2	3.2936625164E-3
2.9225031139E+0	4.4200530854E+2	3.2711010421E-3
2.9257629114E+0	4.4012720971E+2	3.2484849032E-3
2.9290000656E+0	4.3809082805E+2	3.2258144779E-3
2.9322145224E+0	4.3589607889E+2	3.2030901448E-3
2.9354062280E+0	4.3354384976E+2	3.1803122838E-3
2.9385751292E+0	4.3103665714E+2	3.1574812755E-3
2.9417211730E+0	4.2837888040E+2	3.1345975014E-3
2.9448443068E+0	4.2557654655E+2	3.1116613440E-3
2.9479444784E+0	4.2263675046E+2	3.0886731866E-3
2.9510216360E+0	4.1956687467E+2	3.0656334132E-3
2.9540757281E+0	4.1637380482E+2	3.0425424091E-3
2.9571067038E+0	4.1306331954E+2	3.0194005599E-3
2.9601145124E+0	4.0963977695E+2	2.9962082525E-3
2.9630991036E+0	4.0610614172E+2	2.9729658744E-3
2.9660604276E+0	4.0246431698E+2	2.9496738141E-3
2.9689984348E+0	3.9871568256E+2	2.9263324607E-3
2.9719130762E+0	3.9486170622E+2	2.9029422044E-3
2.9748043031E+0	3.9090449224E+2	2.8795034361E-3
2.9776720671E+0	3.8684715857E+2	2.8560165473E-3
2.9805163203E+0	3.8269397968E+2	2.8324819307E-3
2.9833370151E+0	3.7845028681E+2	2.8088999795E-3
2.9861341046E+0	3.7412216643E+2	2.7852710878E-3
2.9889075418E+0	3.6971603357E+2	2.7615956505E-3
2.9916572805E+0	3.6523817282E+2	2.7378740632E-3
2.9943832747E+0	3.6069433570E+2	2.7141067224E-3
2.9970854788E+0	3.5608946318E+2	2.6902940251E-3
2.9997638477E+0	3.5142757098E+2	2.6664363695E-3
3.0024183367E+0	3.4671180179E+2	2.6425341541E-3
3.0050489013E+0	3.4194461790E+2	2.6185877784E-3
3.0076554977E+0	3.3712808644E+2	2.5945976426E-3
3.0102380822E+0	3.3226419856E+2	2.5705641475E-3
3.0127966116E+0	3.2735516512E+2	2.5464876949E-3
3.0153310434E+0	3.2240364208E+2	2.5223686871E-3
3.0178413350E+0	3.1741285597E+2	2.4982075270E-3
3.0203274445E+0	3.1238661956E+2	2.4740046186E-3
3.0227893304E+0	3.0732924687E+2	2.4497603662E-3
3.0252269516E+0	3.0224539121E+2	2.4254751751E-3
3.0276402673E+0	2.9713983923E+2	2.4011494510E-3
3.0300292371E+0	2.9201729618E+2	2.3767836004E-3
3.0323938212E+0	2.8688219497E+2	2.3523780306E-3
3.0347339801E+0	2.8173855328E+2	2.3279331494E-3
3.0370496746E+0	2.7658989346E+2	2.3034493653E-3
3.0393408660E+0	2.7143922870E+2	2.2789270875E-3
3.0416075160E+0	2.6628910955E+2	2.2543667257E-3
3.0438495869E+0	2.6114171715E+2	2.2297686905E-3
3.0460670410E+0	2.5599898546E+2	2.2051333928E-3
3.0482598414E+0	2.5086273290E+2	2.1804612443E-3
3.0504279513E+0	2.4573478590E+2	2.1557526574E-3
3.0525713347E+0	2.4061707970E+2	2.1310080450E-3
3.0546899556E+0	2.3551172716E+2	2.1062278206E-3
3.0567837786E+0	2.3042105135E+2	2.0814123983E-3
3.0588527688E+0	2.2534758268E+2	2.0565621928E-3
3.0608968915E+0	2.2029402568E+2	2.0316776194E-3
3.0629161127E+0	2.1526320297E+2	2.0067590939E-3
3.0649103985E+0	2.1025798598E+2	1.9818070327E-3
3.0668797157E+0	2.0528122152E+2	1.9568218529E-3
3.0688240313E+0	2.0033566287E+2	1.9318039720E-3
3.0707433129E+0	1.9542391195E+2	1.9067538080E-3
3.0726375283E+0	1.9054837697E+2	1.8816717796E-3
3.0745066460E+0	1.8571124786E+2	1.8565583060E-3
3.0763506346E+0	1.8091448933E+2	1.8314138067E-3
3.0781694634E+0	1.7615984983E+2	1.8062387021E-3
3.0799631019E+0	1.7144888331E+2	1.7810334128E-3
3.0817315203E+0	1.6678298005E+2	1.7557983600E-3
3.0834746889E+0	1.6216340240E+2	1.7305339655E-3
3.0851925786E+0	1.5759132170E+2	1.7052406515E-3
3.0868851607E+0	1.5306785304E+2	1.6799188405E-3
3.0885524069E+0	1.4859408520E+2	1.6545689559E-3
3.0901942894E+0	1.4417110435E+2	1.6291914212E-3
3.0918107807E+0	1.3980001031E+2	1.6037866605E-3
3.0934018538E+0	1.3548192553E+2	1.5783550984E-3
3.0949674821E+0	1.3121799725E+2	1.5528971598E-3
3.0965076394E+0	1.2700939382E+2	1.5274132703E-3
3.0980223001E+0	1.2285729660E+2	1.5019038556E-3
3.0995114388E+0	1.1876288868E+2	1.4763693421E-3
3.1009750306E+0	1.1472734205E+2	1.4508101565E-3
3.1024130510E+0	1.1075180435E+2	1.4252267258E-3
3.1038254761E+0	1.0683738635E+2	1.3996194778E-3
3.1052122822E+0	1.0298515094E+2	1.3739888402E-3
3.1065734461E+0	9.9196104314E+1	1.3483352414E-3
3.1079089451E+0	9.5471189498E+1	1.3226591101E-3
3.1092187570E+0	9.1811282393E+1	1.2969608754E-3
3.1105028597E+0	8.8217190240E+1	1.2712409668E-3
3.1117612318E+0	8.4689652210E+1	1.2454998140E-3
3.1129938524E+0	8.1229341810E+1	1.2197378472E-3
3.1142007007E+0	7.7836870704E+1	1.1939554970E-3
3.1153817567E+0	7.4512793526E+1	1.1681531941E-3
3.1165370006E+0	7.1257613325E+1	1.1423313699E-3
3.1176664131E+0	6.8071787251E+1	1.1164904558E-3
3.1187699753E+0	6.4955732219E+1	1.0906308836E-3
3.1198476688E+0	6.1909830283E+1	1.0647530855E-3
3.1208994755E+0	5.8934433567E+1	1.0388574939E-3
3.1219253780E+0	5.6029868621E+1	1.0129445417E-3
3.1229253590E+0	5.3196440163E+1	9.8701466182E-4
3.1238994018E+0	5.0434434157E+1	9.6106828758E-4
3.1248474902E+0	4.7744120294E+1	9.3510585261E-4
3.1257696083E+0	4.5125753881E+1	9.0912779076E-4
3.1266657407E+0	4.2579577242E+1	8.8313453619E-4
3.1275358724E+0	4.0105820681E+1	8.5712652325E-4
3.1283799890E+0	3.7704703113E+1	8.3110418659E-4
3.1291980762E+0	3.5376432421E+1	8.0506796108E-4
3.1299901204E+0	3.3121205635E+1	7.7901828182E-4
3.1307561084E+0	3.0939208988E+1	7.5295558414E-4
3.1314960274E+0	2.8830617903E+1	7.2688030358E-4
3.1322098650E+0	2.6795596968E+1	7.0079287589E-4
3.1328976092E+0	2.4834299935E+1	6.7469373705E-4
3.1335592487E+0	2.2946869748E+1	6.4858332323E-4
3.1341947723E+0	2.1133438651E+1	6.2246207073E-4
3.1348041694E+0	1.9394128355E+1	5.9633041614E-4
3.1353874298E+0	1.7729050287E+1	5.7018879612E-4
3.1359445438E+0	1.6138305903E+1	5.4403764760E-4
3.1364755020E+0	1.4621987079E+1	5.1787740760E-4
3.1369802957E+0	1.3180176547E+1	4.9170851331E-4
3.1374589163E+0	1.1812948388E+1	4.6553140213E-4
3.1379113559E+0	1.0520368558E+1	4.3934651156E-4
3.1383376069E+0	9.3024954409E+0	4.1315427928E-4
3.1387376622E+0	8.1593804118E+0	3.8695514312E-4
3.1391115150E+0	7.0910684114E+0	3.6074954110E-4
3.1394591592E+0	6.0975985092E+0	3.3453791144E-4
3.1397805890E+0	5.1790044562E+0	3.0832069259E-4
3.1400757989E+0	4.3353152171E+0	2.8209832342E-4
3.1403447841E+0	3.5665554753E+0	2.5587124334E-4
3.1405875400E+0	2.8727461064E+0	2.2963989267E-4
3.1408040626E+0	2.2539046149E+0	2.0340471372E-4
3.1409943483E+0	1.7100455292E+0	1.7716615272E-4
3.1411583939E+0	1.2411807462E+0	1.5092466531E-4
3.1412961968E+0	8.4731980652E-1	1.2468073282E-4
3.1414077547E+0	5.2847003516E-1	9.8434919423E-5
3.1414930663E+0	2.8463626034E-1	7.2188137769E-5
3.1415521316E+0	1.1581823843E-1	4.5943520243E-5
3.1415849628E+0	2.1981391734E-2	1.9736940383E-5