# Differential cross section		
# Author: P. Swaczyna	Princeton University	(swaczyna@princeton.edu)
# Date: 	Tue 3 Nov 2020 16:25:26	
# 		
# Elastic collision: H^+ + He^0 -> H^+ + He^0		
# 		
# Red. mass: 	7.4962491838E+8	 eV/c^2
# CM energy: 	1.3182567386E-3	 eV
# Rel speed: 	5.6222958327E+4	 cm/s
# Tot sigma: 	2.1919388816E+3	 a.u.
# Int sigma: 	2.1919388816E+3	 a.u.
# 		
# Columns:		
# the <- scattering angle (rad)		
# dcs <- dsigma/dOmega*2*pi*sin(the) (a.u. = 2.8002852056E-17 cm^2)		
# wei <- weight for cross section integration (approx. width of angle bin)		
# 		
# the	dcs	wei
7.6907532846E-6	5.7927413779E-1	1.9736940383E-5
4.0521979771E-5	3.0521478156E+0	4.5943520243E-5
9.9587300392E-5	7.5009630093E+0	7.2188137769E-5
1.8489884726E-4	1.3926496112E+1	9.8434919423E-5
2.9645680168E-4	2.2328375069E+1	1.2468073282E-4
4.3425968311E-4	3.2705650394E+1	1.5092466531E-4
5.9830531657E-4	4.5056602049E+1	1.7716615272E-4
7.8859101285E-4	5.9378426139E+1	2.0340471372E-4
1.0051136166E-3	7.5666852738E+1	2.2963989267E-4
1.2478695220E-3	9.3915705665E+1	2.5587124334E-4
1.5168546797E-3	1.1411641084E+2	2.8209832342E-4
1.8120645986E-3	1.3625746083E+2	3.0832069259E-4
2.1334943481E-3	1.6032384552E+2	3.3453791144E-4
2.4811385584E-3	1.8629646197E+2	3.6074954110E-4
2.8549914211E-3	2.1415151983E+2	3.8695514312E-4
3.2550466893E-3	2.4385996291E+2	4.1315427928E-4
3.6812976783E-3	2.7538693109E+2	4.3934651156E-4
4.1337372652E-3	3.0869129095E+2	4.6553140213E-4
4.6123578895E-3	3.4372526661E+2	4.9170851331E-4
5.1171515529E-3	3.8043420512E+2	5.1787740760E-4
5.6481098199E-3	4.1875651155E+2	5.4403764760E-4
6.2052238176E-3	4.5862378836E+2	5.7018879612E-4
6.7884842360E-3	4.9996121039E+2	5.9633041614E-4
7.3978813281E-3	5.4268816046E+2	6.2246207073E-4
8.0334049101E-3	5.8671914103E+2	6.4858332323E-4
8.6950443616E-3	6.3196496411E+2	6.7469373705E-4
9.3827886258E-3	6.7833420469E+2	7.0079287589E-4
1.0096626210E-2	7.2573488293E+2	7.2688030358E-4
1.0836545184E-2	7.7407631807E+2	7.5295558414E-4
1.1602533184E-2	8.2327107314E+2	7.7901828182E-4
1.2394577408E-2	8.7323688738E+2	8.0506796108E-4
1.3212664621E-2	9.2389847263E+2	8.3110418659E-4
1.4056781152E-2	9.7518903605E+2	8.5712652325E-4
1.4926912893E-2	1.0270513846E+3	8.8313453619E-4
1.5823045305E-2	1.0794384706E+3	9.0912779076E-4
1.6745163410E-2	1.1323132550E+3	9.3510585261E-4
1.7693251801E-2	1.1856477944E+3	9.6106828758E-4
1.8667294632E-2	1.2394215043E+3	9.8701466182E-4
1.9667275626E-2	1.2936186111E+3	1.0129445417E-3
2.0693178073E-2	1.3482248752E+3	1.0388574939E-3
2.1744984827E-2	1.4032237479E+3	1.0647530855E-3
2.2822678313E-2	1.4585922102E+3	1.0906308836E-3
2.3926240519E-2	1.5142966149E+3	1.1164904558E-3
2.5055653005E-2	1.5702889227E+3	1.1423313699E-3
2.6210896896E-2	1.6265037598E+3	1.1681531941E-3
2.7391952886E-2	1.6828567275E+3	1.1939554970E-3
2.8598801239E-2	1.7392443523E+3	1.2197378472E-3
2.9831421786E-2	1.7955459588E+3	1.2454998140E-3
3.1089793929E-2	1.8516275875E+3	1.2712409668E-3
3.2373896638E-2	1.9073478609E+3	1.2969608754E-3
3.3683708455E-2	1.9625654407E+3	1.3226591101E-3
3.5019207490E-2	2.0171474470E+3	1.3483352414E-3
3.6380371427E-2	2.0709779691E+3	1.3739888402E-3
3.7767177517E-2	2.1239656223E+3	1.3996194778E-3
3.9179602586E-2	2.1760490563E+3	1.4252267258E-3
4.0617623030E-2	2.2271994245E+3	1.4508101565E-3
4.2081214817E-2	2.2774190979E+3	1.4763693421E-3
4.3570353490E-2	2.3267363441E+3	1.5019038556E-3
4.5085014162E-2	2.3751962440E+3	1.5274132703E-3
4.6625171522E-2	2.4228487217E+3	1.5528971598E-3
4.8190799831E-2	2.4697351231E+3	1.5783550984E-3
4.9781872927E-2	2.5158752008E+3	1.6037866605E-3
5.1398364219E-2	2.5612565545E+3	1.6291914212E-3
5.3040246694E-2	2.6058284689E+3	1.6545689559E-3
5.4707492914E-2	2.6495016378E+3	1.6799188405E-3
5.6400075017E-2	2.6921544796E+3	1.7052406515E-3
5.8117964718E-2	2.7336457000E+3	1.7305339655E-3
5.9861133308E-2	2.7738315804E+3	1.7557983600E-3
6.1629551657E-2	2.8125853741E+3	1.7810334128E-3
6.3423190212E-2	2.8498154230E+3	1.8062387021E-3
6.5242019000E-2	2.8854784067E+3	1.8314138067E-3
6.7086007624E-2	2.9195846657E+3	1.8565583060E-3
6.8955125270E-2	2.9521938183E+3	1.8816717796E-3
7.0849340702E-2	2.9834007398E+3	1.9067538080E-3
7.2768622264E-2	3.0133140550E+3	1.9318039720E-3
7.4712937885E-2	3.0420311399E+3	1.9568218529E-3
7.6682255070E-2	3.0696147908E+3	1.9818070327E-3
7.8676540910E-2	3.0960768334E+3	2.0067590939E-3
8.0695762079E-2	3.1213728656E+3	2.0316776194E-3
8.2739884832E-2	3.1454101417E+3	2.0565621928E-3
8.4808875009E-2	3.1680676796E+3	2.0814123983E-3
8.6902698034E-2	3.1892245918E+3	2.1062278206E-3
8.9021318917E-2	3.2087901780E+3	2.1310080450E-3
9.1164702253E-2	3.2267282300E+3	2.1557526574E-3
9.3332812224E-2	3.2430688330E+3	2.1804612443E-3
9.5525612596E-2	3.2579037580E+3	2.2051333928E-3
9.7743066726E-2	3.2713657850E+3	2.2297686905E-3
9.9985137556E-2	3.2835968545E+3	2.2543667257E-3
1.0225178762E-1	3.2947134729E+3	2.2789270875E-3
1.0454297904E-1	3.3047791185E+3	2.3034493653E-3
1.0685867352E-1	3.3137919340E+3	2.3279331494E-3
1.0919883237E-1	3.3216919413E+3	2.3523780306E-3
1.1156341648E-1	3.3283863703E+3	2.3767836004E-3
1.1395238633E-1	3.3337859967E+3	2.4011494510E-3
1.1636570200E-1	3.3378414412E+3	2.4254751751E-3
1.1880332317E-1	3.3405676948E+3	2.4497603662E-3
1.2126520909E-1	3.3420483733E+3	2.4740046186E-3
1.2375131862E-1	3.3424176696E+3	2.4982075270E-3
1.2626161023E-1	3.3418256325E+3	2.5223686871E-3
1.2879604195E-1	3.3403984948E+3	2.5464876949E-3
1.3135457143E-1	3.3382079144E+3	2.5705641475E-3
1.3393715592E-1	3.3352601654E+3	2.5945976426E-3
1.3654375226E-1	3.3315093462E+3	2.6185877784E-3
1.3917431689E-1	3.3268898977E+3	2.6425341541E-3
1.4182880585E-1	3.3213563092E+3	2.6664363695E-3
1.4450717478E-1	3.3149147560E+3	2.6902940251E-3
1.4720937892E-1	3.3076341776E+3	2.7141067224E-3
1.4993537310E-1	3.2996323569E+3	2.7378740632E-3
1.5268511179E-1	3.2910428432E+3	2.7615956505E-3
1.5545854902E-1	3.2819766584E+3	2.7852710878E-3
1.5825563845E-1	3.2724949205E+3	2.8088999795E-3
1.6107633333E-1	3.2626036872E+3	2.8324819307E-3
1.6392058653E-1	3.2522725491E+3	2.8560165473E-3
1.6678835052E-1	3.2414680398E+3	2.8795034361E-3
1.6967957737E-1	3.2301863865E+3	2.9029422044E-3
1.7259421876E-1	3.2184705883E+3	2.9263324607E-3
1.7553222599E-1	3.2064044067E+3	2.9496738141E-3
1.7849354996E-1	3.1940872041E+3	2.9729658744E-3
1.8147814117E-1	3.1816029764E+3	2.9962082525E-3
1.8448594977E-1	3.1689993334E+3	3.0194005599E-3
1.8751692548E-1	3.1562862772E+3	3.0425424091E-3
1.9057101764E-1	3.1434537604E+3	3.0656334132E-3
1.9364817522E-1	3.1304971246E+3	3.0886731866E-3
1.9674834681E-1	3.1174358737E+3	3.1116613440E-3
1.9987148058E-1	3.1043157291E+3	3.1345975014E-3
2.0301752435E-1	3.0911941602E+3	3.1574812755E-3
2.0618642554E-1	3.0781196738E+3	3.1803122838E-3
2.0937813120E-1	3.0651186791E+3	3.2030901448E-3
2.1259258799E-1	3.0521981195E+3	3.2258144779E-3
2.1582974219E-1	3.0393609182E+3	3.2484849032E-3
2.1908953970E-1	3.0266222739E+3	3.2711010421E-3
2.2237192605E-1	3.0140142177E+3	3.2936625164E-3
2.2567684639E-1	3.0015742009E+3	3.3161689492E-3
2.2900424548E-1	2.9893255004E+3	3.3386199643E-3
2.3235406772E-1	2.9772646603E+3	3.3610151867E-3
2.3572625713E-1	2.9653677914E+3	3.3833542419E-3
2.3912075735E-1	2.9536141153E+3	3.4056367567E-3
2.4253751167E-1	2.9420107050E+3	3.4278623588E-3
2.4597646298E-1	2.9305984844E+3	3.4500306767E-3
2.4943755380E-1	2.9194309352E+3	3.4721413399E-3
2.5292072631E-1	2.9085369045E+3	3.4941939790E-3
2.5642592230E-1	2.8978934123E+3	3.5161882254E-3
2.5995308318E-1	2.8874314989E+3	3.5381237115E-3
2.6350215001E-1	2.8770767785E+3	3.5600000709E-3
2.6707306349E-1	2.8667994792E+3	3.5818169379E-3
2.7066576394E-1	2.8566368110E+3	3.6035739479E-3
2.7428019131E-1	2.8466660058E+3	3.6252707373E-3
2.7791628522E-1	2.8369414821E+3	3.6469069436E-3
2.8157398488E-1	2.8274394777E+3	3.6684822051E-3
2.8525322919E-1	2.8180540549E+3	3.6899961614E-3
2.8895395665E-1	2.8086546557E+3	3.7114484529E-3
2.9267610542E-1	2.7991683083E+3	3.7328387211E-3
2.9641961330E-1	2.7896248019E+3	3.7541666086E-3
3.0018441773E-1	2.7801246411E+3	3.7754317588E-3
3.0397045579E-1	2.7707466275E+3	3.7966338166E-3
3.0777766421E-1	2.7614624736E+3	3.8177724274E-3
3.1160597938E-1	2.7521279058E+3	3.8388472382E-3
3.1545533730E-1	2.7425654532E+3	3.8598578967E-3
3.1932567367E-1	2.7326806140E+3	3.8808040517E-3
3.2321692379E-1	2.7225189919E+3	3.9016853533E-3
3.2712902264E-1	2.7122116104E+3	3.9225014525E-3
3.3106190484E-1	2.7018443596E+3	3.9432520014E-3
3.3501550468E-1	2.6913549403E+3	3.9639366533E-3
3.3898975607E-1	2.6805468259E+3	3.9845550624E-3
3.4298459261E-1	2.6692179038E+3	4.0051068843E-3
3.4699994753E-1	2.6573022871E+3	4.0255917754E-3
3.5103575373E-1	2.6449033522E+3	4.0460093936E-3
3.5509194378E-1	2.6321813752E+3	4.0663593974E-3
3.5916844988E-1	2.6191847531E+3	4.0866414469E-3
3.6326520391E-1	2.6057706693E+3	4.1068552032E-3
3.6738213741E-1	2.5916919251E+3	4.1270003283E-3
3.7151918157E-1	2.5767825441E+3	4.1470764858E-3
3.7567626728E-1	2.5610799455E+3	4.1670833400E-3
3.7985332504E-1	2.5447682761E+3	4.1870205567E-3
3.8405028507E-1	2.5279851880E+3	4.2068878026E-3
3.8826707721E-1	2.5106640541E+3	4.2266847457E-3
3.9250363101E-1	2.4925609276E+3	4.2464110553E-3
3.9675987567E-1	2.4734504421E+3	4.2660664016E-3
4.0103574005E-1	2.4533133176E+3	4.2856504563E-3
4.0533115271E-1	2.4323358458E+3	4.3051628919E-3
4.0964604185E-1	2.4107134954E+3	4.3246033825E-3
4.1398033538E-1	2.3884408432E+3	4.3439716031E-3
4.1833396086E-1	2.3652924200E+3	4.3632672302E-3
4.2270684554E-1	2.3410210429E+3	4.3824899412E-3
4.2709891633E-1	2.3155856999E+3	4.4016394148E-3
4.3151009985E-1	2.2891826437E+3	4.4207153312E-3
4.3594032237E-1	2.2620416747E+3	4.4397173715E-3
4.4038950986E-1	2.2341862304E+3	4.4586452181E-3
4.4485758797E-1	2.2054005664E+3	4.4774985548E-3
4.4934448203E-1	2.1754439364E+3	4.4962770664E-3
4.5385011706E-1	2.1442977401E+3	4.5149804392E-3
4.5837441776E-1	2.1121894321E+3	4.5336083606E-3
4.6291730852E-1	2.0793626228E+3	4.5521605193E-3
4.6747871344E-1	2.0458299360E+3	4.5706366053E-3
4.7205855627E-1	2.0113703515E+3	4.5890363098E-3
4.7665676049E-1	1.9757788425E+3	4.6073593254E-3
4.8127324926E-1	1.9391048634E+3	4.6256053458E-3
4.8590794542E-1	1.9016214034E+3	4.6437740661E-3
4.9056077152E-1	1.8635541875E+3	4.6618651826E-3
4.9523164982E-1	1.8248644578E+3	4.6798783932E-3
4.9992050224E-1	1.7853252466E+3	4.6978133967E-3
5.0462725044E-1	1.7448096989E+3	4.7156698934E-3
5.0935181576E-1	1.7034716384E+3	4.7334475849E-3
5.1409411924E-1	1.6616146842E+3	4.7511461741E-3
5.1885408164E-1	1.6193960323E+3	4.7687653653E-3
5.2363162341E-1	1.5767006948E+3	4.7863048641E-3
5.2842666471E-1	1.5333300916E+3	4.8037643772E-3
5.3323912540E-1	1.4892884666E+3	4.8211436130E-3
5.3806892508E-1	1.4448357549E+3	4.8384422809E-3
5.4291598301E-1	1.4002459289E+3	4.8556600920E-3
5.4778021821E-1	1.3555547084E+3	4.8727967585E-3
5.5266154939E-1	1.3105930123E+3	4.8898519940E-3
5.5755989496E-1	1.2652641037E+3	4.9068255135E-3
5.6247517308E-1	1.2197325127E+3	4.9237170334E-3
5.6740730160E-1	1.1742997566E+3	4.9405262713E-3
5.7235619810E-1	1.1291204227E+3	4.9572529464E-3
5.7732177988E-1	1.0841037547E+3	4.9738967791E-3
5.8230396395E-1	1.0391165034E+3	4.9904574913E-3
5.8730266706E-1	9.9423346055E+2	5.0069348063E-3
5.9231780568E-1	9.4972717789E+2	5.0233284486E-3
5.9734929598E-1	9.0581567985E+2	5.0396381444E-3
6.0239705389E-1	8.6248681182E+2	5.0558636210E-3
6.0746099506E-1	8.1961506247E+2	5.0720046074E-3
6.1254103485E-1	7.7721543673E+2	5.0880608338E-3
6.1763708838E-1	7.3551069420E+2	5.1040320318E-3
6.2274907048E-1	6.9473366995E+2	5.1199179345E-3
6.2787689573E-1	6.5492544829E+2	5.1357182766E-3
6.3302047843E-1	6.1598597403E+2	5.1514327939E-3
6.3817973262E-1	5.7790066214E+2	5.1670612238E-3
6.4335457209E-1	5.4084339797E+2	5.1826033052E-3
6.4854491036E-1	5.0502923601E+2	5.1980587783E-3
6.5375066070E-1	4.7052113136E+2	5.2134273849E-3
6.5897173609E-1	4.3724412721E+2	5.2287088681E-3
6.6420804930E-1	4.0517504688E+2	5.2439029725E-3
6.6945951283E-1	3.7444733899E+2	5.2590094442E-3
6.7472603890E-1	3.4523906104E+2	5.2740280309E-3
6.8000753951E-1	3.1760823017E+2	5.2889584814E-3
6.8530392640E-1	2.9149743155E+2	5.3038005463E-3
6.9061511106E-1	2.6688638041E+2	5.3185539776E-3
6.9594100473E-1	2.4387510169E+2	5.3332185287E-3
7.0128151841E-1	2.2259319445E+2	5.3477939546E-3
7.0663656285E-1	2.0307558039E+2	5.3622800116E-3
7.1200604856E-1	1.8527561114E+2	5.3766764577E-3
7.1738988581E-1	1.6918035567E+2	5.3909830523E-3
7.2278798463E-1	1.5485784463E+2	5.4051995564E-3
7.2820025482E-1	1.4238168804E+2	5.4193257323E-3
7.3362660591E-1	1.3175564642E+2	5.4333613439E-3
7.3906694724E-1	1.2294177404E+2	5.4473061568E-3
7.4452118788E-1	1.1593339365E+2	5.4611599379E-3
7.4998923669E-1	1.1076130896E+2	5.4749224557E-3
7.5547100229E-1	1.0743917337E+2	5.4885934801E-3
7.6096639308E-1	1.0594247072E+2	5.5021727828E-3
7.6647531721E-1	1.0624452015E+2	5.5156601367E-3
7.7199768263E-1	1.0833752257E+2	5.5290553166E-3
7.7753339704E-1	1.1220466480E+2	5.5423580985E-3
7.8308236795E-1	1.1780236383E+2	5.5555682601E-3
7.8864450262E-1	1.2509162009E+2	5.5686855808E-3
7.9421970809E-1	1.3406007155E+2	5.5817098412E-3
7.9980789121E-1	1.4468338872E+2	5.5946408237E-3
8.0540895857E-1	1.5688652617E+2	5.6074783123E-3
8.1102281659E-1	1.7058321528E+2	5.6202220924E-3
8.1664937145E-1	1.8574143770E+2	5.6328719509E-3
8.2228852912E-1	2.0235914970E+2	5.6454276767E-3
8.2794019536E-1	2.2037254389E+2	5.6578890597E-3
8.3360427572E-1	2.3964668854E+2	5.6702558918E-3
8.3928067556E-1	2.6008247981E+2	5.6825279663E-3
8.4496930000E-1	2.8167487188E+2	5.6947050782E-3
8.5067005399E-1	3.0441328226E+2	5.7067870238E-3
8.5638284226E-1	3.2817113147E+2	5.7187736014E-3
8.6210756934E-1	3.5277237782E+2	5.7306646105E-3
8.6784413956E-1	3.7814606471E+2	5.7424598526E-3
8.7359245705E-1	4.0431766751E+2	5.7541591304E-3
8.7935242576E-1	4.3123323503E+2	5.7657622485E-3
8.8512394943E-1	4.5869597485E+2	5.7772690129E-3
8.9090693161E-1	4.8653437237E+2	5.7886792314E-3
8.9670127565E-1	5.1474081509E+2	5.7999927133E-3
9.0250688473E-1	5.4334454839E+2	5.8112092696E-3
9.0832366182E-1	5.7221131812E+2	5.8223287127E-3
9.1415150972E-1	6.0110228880E+2	5.8333508568E-3
9.1999033104E-1	6.2991283874E+2	5.8442755178E-3
9.2584002820E-1	6.5870121931E+2	5.8551025132E-3
9.3170050345E-1	6.8744511104E+2	5.8658316618E-3
9.3757165885E-1	7.1592115018E+2	5.8764627846E-3
9.4345339628E-1	7.4391907438E+2	5.8869957037E-3
9.4934561746E-1	7.7144692512E+2	5.8974302433E-3
9.5524822392E-1	7.9857915049E+2	5.9077662288E-3
9.6116111701E-1	8.2518838561E+2	5.9180034877E-3
9.6708419793E-1	8.5101196268E+2	5.9281418487E-3
9.7301736769E-1	8.7595510455E+2	5.9381811425E-3
9.7896052713E-1	9.0012404918E+2	5.9481212013E-3
9.8491357695E-1	9.2352251088E+2	5.9579618591E-3
9.9087641766E-1	9.4591869739E+2	5.9677029512E-3
9.9684894961E-1	9.6711667877E+2	5.9773443150E-3
1.0028310730E+0	9.8717995539E+2	5.9868857894E-3
1.0088226878E+0	1.0062221718E+3	5.9963272149E-3
1.0148236940E+0	1.0241135613E+3	6.0056684336E-3
1.0208339913E+0	1.0406068539E+3	6.0149092896E-3
1.0268534791E+0	1.0556754052E+3	6.0240496283E-3
1.0328820570E+0	1.0694840734E+3	6.0330892971E-3
1.0389196241E+0	1.0820364842E+3	6.0420281448E-3
1.0449660796E+0	1.0931045189E+3	6.0508660221E-3
1.0510213224E+0	1.1025667997E+3	6.0596027814E-3
1.0570852514E+0	1.1105735885E+3	6.0682382765E-3
1.0631577652E+0	1.1172491612E+3	6.0767723631E-3
1.0692387623E+0	1.1224459668E+3	6.0852048988E-3
1.0753281411E+0	1.1259800262E+3	6.0935357425E-3
1.0814257998E+0	1.1279392320E+3	6.1017647550E-3
1.0875316366E+0	1.1285252036E+3	6.1098917988E-3
1.0936455494E+0	1.1277044996E+3	6.1179167381E-3
1.0997674360E+0	1.1252809491E+3	6.1258394388E-3
1.1058971941E+0	1.1212617051E+3	6.1336597685E-3
1.1120347214E+0	1.1158721138E+3	6.1413775965E-3
1.1181799151E+0	1.1091943182E+3	6.1489927938E-3
1.1243326727E+0	1.1010689759E+3	6.1565052331E-3
1.1304928913E+0	1.0914315838E+3	6.1639147890E-3
1.1366604679E+0	1.0804846622E+3	6.1712213376E-3
1.1428352996E+0	1.0684022640E+3	6.1784247568E-3
1.1490172830E+0	1.0550958765E+3	6.1855249261E-3
1.1552063150E+0	1.0404559332E+3	6.1925217271E-3
1.1614022920E+0	1.0246323929E+3	6.1994150427E-3
1.1676051105E+0	1.0078542929E+3	6.2062047577E-3
1.1738146669E+0	9.9011763317E+2	6.2128907587E-3
1.1800308574E+0	9.7129999818E+2	6.2194729339E-3
1.1862535782E+0	9.5148781199E+2	6.2259511734E-3
1.1924827251E+0	9.3092648158E+2	6.2323253688E-3
1.1987181942E+0	9.0969151402E+2	6.2385954138E-3
1.2049598812E+0	8.8767586595E+2	6.2447612034E-3
1.2112076818E+0	8.6490670308E+2	6.2508226346E-3
1.2174614916E+0	8.4161366505E+2	6.2567796062E-3
1.2237212062E+0	8.1793367801E+2	6.2626320186E-3
1.2299867208E+0	7.9379377361E+2	6.2683797740E-3
1.2362579308E+0	7.6917545584E+2	6.2740227763E-3
1.2425347314E+0	7.4427093879E+2	6.2795609313E-3
1.2488170177E+0	7.1925414229E+2	6.2849941464E-3
1.2551046847E+0	6.9409383658E+2	6.2903223308E-3
1.2613976273E+0	6.6874285723E+2	6.2955453954E-3
1.2676957404E+0	6.4334529606E+2	6.3006632530E-3
1.2739989187E+0	6.1808719009E+2	6.3056758180E-3
1.2803070569E+0	5.9297702721E+2	6.3105830068E-3
1.2866200496E+0	5.6795484050E+2	6.3153847371E-3
1.2929377912E+0	5.4311510393E+2	6.3200809290E-3
1.2992601762E+0	5.1863475155E+2	6.3246715037E-3
1.3055870990E+0	4.9455317757E+2	6.3291563847E-3
1.3119184537E+0	4.7080970489E+2	6.3335354970E-3
1.3182541347E+0	4.4745414972E+2	6.3378087674E-3
1.3245940360E+0	4.2463896089E+2	6.3419761245E-3
1.3309380516E+0	4.0242210623E+2	6.3460374987E-3
1.3372860756E+0	3.8074956083E+2	6.3499928220E-3
1.3436380019E+0	3.5963508228E+2	6.3538420284E-3
1.3499937243E+0	3.3919766743E+2	6.3575850535E-3
1.3563531366E+0	3.1950089994E+2	6.3612218349E-3
1.3627161325E+0	3.0050032136E+2	6.3647523117E-3
1.3690826057E+0	2.8218353274E+2	6.3681764249E-3
1.3754524499E+0	2.6463301182E+2	6.3714941173E-3
1.3818255585E+0	2.4790652625E+2	6.3747053335E-3
1.3882018250E+0	2.3196863569E+2	6.3778100198E-3
1.3945811430E+0	2.1679032476E+2	6.3808081243E-3
1.4009634057E+0	2.0241924775E+2	6.3836995970E-3
1.4073485066E+0	1.8889876190E+2	6.3864843894E-3
1.4137363389E+0	1.7619968289E+2	6.3891624551E-3
1.4201267959E+0	1.6428455885E+2	6.3917337493E-3
1.4265197708E+0	1.5317131582E+2	6.3941982290E-3
1.4329151568E+0	1.4288371470E+2	6.3965558531E-3
1.4393128469E+0	1.3339505915E+2	6.3988065821E-3
1.4457127343E+0	1.2466582057E+2	6.4009503785E-3
1.4521147120E+0	1.1669134618E+2	6.4029872063E-3
1.4585186731E+0	1.0947401051E+2	6.4049170317E-3
1.4649245104E+0	1.0298581490E+2	6.4067398222E-3
1.4713321170E+0	9.7189609458E+1	6.4084555476E-3
1.4777413858E+0	9.2066185306E+1	6.4100641790E-3
1.4841522097E+0	8.7597731609E+1	6.4115656896E-3
1.4905644815E+0	8.3751833552E+1	6.4129600544E-3
1.4969780940E+0	8.0496420139E+1	6.4142472499E-3
1.5033929402E+0	7.7805666221E+1	6.4154272548E-3
1.5098089128E+0	7.5645130111E+1	6.4165000493E-3
1.5162259046E+0	7.3975952062E+1	6.4174656154E-3
1.5226438083E+0	7.2772349291E+1	6.4183239370E-3
1.5290625167E+0	7.2009013388E+1	6.4190749998E-3
1.5354819225E+0	7.1640040094E+1	6.4197187912E-3
1.5419019185E+0	7.1619346075E+1	6.4202553005E-3
1.5483223974E+0	7.1927464321E+1	6.4206845187E-3
1.5547432518E+0	7.2545423859E+1	6.4210064386E-3
1.5611643745E+0	7.3421890196E+1	6.4212210549E-3
1.5675856581E+0	7.4504004394E+1	6.4213283639E-3
1.5740069954E+0	7.5777770385E+1	6.4213283639E-3
1.5804282791E+0	7.7234747942E+1	6.4212210549E-3
1.5868494018E+0	7.8824370215E+1	6.4210064386E-3
1.5932702562E+0	8.0488526164E+1	6.4206845187E-3
1.5996907351E+0	8.2217268947E+1	6.4202553005E-3
1.6061107310E+0	8.4015107096E+1	6.4197187912E-3
1.6125301369E+0	8.5837994141E+1	6.4190749998E-3
1.6189488453E+0	8.7624933919E+1	6.4183239370E-3
1.6253667490E+0	8.9368304680E+1	6.4174656154E-3
1.6317837408E+0	9.1086201659E+1	6.4165000493E-3
1.6381997134E+0	9.2745902963E+1	6.4154272548E-3
1.6446145595E+0	9.4286463702E+1	6.4142472499E-3
1.6510281721E+0	9.5700820176E+1	6.4129600544E-3
1.6574404439E+0	9.7019639457E+1	6.4115656896E-3
1.6638512678E+0	9.8224996632E+1	6.4100641790E-3
1.6702605366E+0	9.9259209871E+1	6.4084555476E-3
1.6766681432E+0	1.0011420354E+2	6.4067398222E-3
1.6830739805E+0	1.0083079003E+2	6.4049170317E-3
1.6894779416E+0	1.0140772000E+2	6.4029872063E-3
1.6958799193E+0	1.0179375868E+2	6.4009503785E-3
1.7022798067E+0	1.0197866177E+2	6.3988065821E-3
1.7086774968E+0	1.0200989806E+2	6.3965558531E-3
1.7150728827E+0	1.0190305026E+2	6.3941982290E-3
1.7214658576E+0	1.0161618467E+2	6.3917337493E-3
1.7278563146E+0	1.0113632167E+2	6.3891624551E-3
1.7342441470E+0	1.0051347262E+2	6.3864843894E-3
1.7406292478E+0	9.9778492923E+1	6.3836995970E-3
1.7470115106E+0	9.8900970333E+1	6.3808081243E-3
1.7533908286E+0	9.7865321510E+1	6.3778100198E-3
1.7597670951E+0	9.6719864477E+1	6.3747053335E-3
1.7661402037E+0	9.5507607978E+1	6.3714941173E-3
1.7725100479E+0	9.4210960624E+1	6.3681764249E-3
1.7788765211E+0	9.2812580060E+1	6.3647523117E-3
1.7852395170E+0	9.1355266769E+1	6.3612218349E-3
1.7915989293E+0	8.9889817677E+1	6.3575850535E-3
1.7979546517E+0	8.8411585675E+1	6.3538420284E-3
1.8043065780E+0	8.6902910026E+1	6.3499928220E-3
1.8106546020E+0	8.5398166489E+1	6.3460374987E-3
1.8169986176E+0	8.3950802924E+1	6.3419761245E-3
1.8233385189E+0	8.2567883835E+1	6.3378087674E-3
1.8296741999E+0	8.1233202536E+1	6.3335354970E-3
1.8360055546E+0	7.9971130763E+1	6.3291563847E-3
1.8423324774E+0	7.8832483788E+1	6.3246715037E-3
1.8486548624E+0	7.7833401880E+1	6.3200809290E-3
1.8549726040E+0	7.6960825412E+1	6.3153847371E-3
1.8612855967E+0	7.6229094219E+1	6.3105830068E-3
1.8675937349E+0	7.5681690599E+1	6.3056758180E-3
1.8738969132E+0	7.5339943889E+1	6.3006632530E-3
1.8801950263E+0	7.5195040359E+1	6.2955453954E-3
1.8864879689E+0	7.5252762410E+1	6.2903223308E-3
1.8927756359E+0	7.5545894768E+1	6.2849941464E-3
1.8990579222E+0	7.6096240743E+1	6.2795609313E-3
1.9053347228E+0	7.6899218545E+1	6.2740227763E-3
1.9116059328E+0	7.7954640288E+1	6.2683797740E-3
1.9178714474E+0	7.9283197719E+1	6.2626320186E-3
1.9241311620E+0	8.0902343740E+1	6.2567796062E-3
1.9303849718E+0	8.2810229704E+1	6.2508226346E-3
1.9366327724E+0	8.5003657135E+1	6.2447612034E-3
1.9428744594E+0	8.7492128908E+1	6.2385954138E-3
1.9491099285E+0	9.0284789786E+1	6.2323253688E-3
1.9553390754E+0	9.3379513468E+1	6.2259511734E-3
1.9615617961E+0	9.6772429427E+1	6.2194729339E-3
1.9677779867E+0	1.0046488338E+2	6.2128907587E-3
1.9739875431E+0	1.0445569110E+2	6.2062047577E-3
1.9801903616E+0	1.0873842418E+2	6.1994150427E-3
1.9863863386E+0	1.1330923988E+2	6.1925217271E-3
1.9925753706E+0	1.1816566559E+2	6.1855249261E-3
1.9987573540E+0	1.2329696762E+2	6.1784247568E-3
2.0049321857E+0	1.2868848752E+2	6.1712213376E-3
2.0110997623E+0	1.3433480462E+2	6.1639147890E-3
2.0172599809E+0	1.4023382085E+2	6.1565052331E-3
2.0234127385E+0	1.4636907747E+2	6.1489927938E-3
2.0295579322E+0	1.5271544529E+2	6.1413775965E-3
2.0356954595E+0	1.5926213822E+2	6.1336597685E-3
2.0418252176E+0	1.6600967908E+2	6.1258394388E-3
2.0479471042E+0	1.7294197103E+2	6.1179167381E-3
2.0540610170E+0	1.8002448994E+2	6.1098917988E-3
2.0601668538E+0	1.8723637085E+2	6.1017647550E-3
2.0662645125E+0	1.9457953358E+2	6.0935357425E-3
2.0723538913E+0	2.0204460175E+2	6.0852048988E-3
2.0784348884E+0	2.0959295890E+2	6.0767723631E-3
2.0845074022E+0	2.1719038418E+2	6.0682382765E-3
2.0905713312E+0	2.2483512233E+2	6.0596027814E-3
2.0966265740E+0	2.3252826916E+2	6.0508660221E-3
2.1026730295E+0	2.4023595972E+2	6.0420281448E-3
2.1087105966E+0	2.4791159299E+2	6.0330892971E-3
2.1147391745E+0	2.5554238685E+2	6.0240496283E-3
2.1207586623E+0	2.6313831971E+2	6.0149092896E-3
2.1267689596E+0	2.7067983861E+2	6.0056684336E-3
2.1327699657E+0	2.7811510079E+2	5.9963272149E-3
2.1387615806E+0	2.8541433787E+2	5.9868857894E-3
2.1447437040E+0	2.9258851054E+2	5.9773443150E-3
2.1507162359E+0	2.9963809800E+2	5.9677029512E-3
2.1566790766E+0	3.0651861672E+2	5.9579618591E-3
2.1626321265E+0	3.1318343549E+2	5.9481212013E-3
2.1685752859E+0	3.1963264864E+2	5.9381811425E-3
2.1745084557E+0	3.2588418869E+2	5.9281418487E-3
2.1804315366E+0	3.3191459890E+2	5.9180034877E-3
2.1863444297E+0	3.3766979398E+2	5.9077662288E-3
2.1922470361E+0	3.4312920191E+2	5.8974302433E-3
2.1981392573E+0	3.4831595518E+2	5.8869957037E-3
2.2040209947E+0	3.5323509126E+2	5.8764627846E-3
2.2098921501E+0	3.5784238555E+2	5.8658316618E-3
2.2157526254E+0	3.6209630365E+2	5.8551025132E-3
2.2216023226E+0	3.6600763121E+2	5.8442755178E-3
2.2274411439E+0	3.6960459269E+2	5.8333508568E-3
2.2332689918E+0	3.7287050292E+2	5.8223287127E-3
2.2390857689E+0	3.7575625771E+2	5.8112092696E-3
2.2448913779E+0	3.7824745632E+2	5.7999927133E-3
2.2506857220E+0	3.8037687284E+2	5.7886792314E-3
2.2564687042E+0	3.8216212561E+2	5.7772690129E-3
2.2622402278E+0	3.8356948835E+2	5.7657622485E-3
2.2680001965E+0	3.8456191959E+2	5.7541591304E-3
2.2737485140E+0	3.8515383388E+2	5.7424598526E-3
2.2794850843E+0	3.8538516538E+2	5.7306646105E-3
2.2852098113E+0	3.8525673183E+2	5.7187736014E-3
2.2909225996E+0	3.8472956176E+2	5.7067870238E-3
2.2966233536E+0	3.8378837471E+2	5.6947050782E-3
2.3023119780E+0	3.8246869342E+2	5.6825279663E-3
2.3079883779E+0	3.8080580881E+2	5.6702558918E-3
2.3136524582E+0	3.7878633341E+2	5.6578890597E-3
2.3193041245E+0	3.7637722704E+2	5.6454276767E-3
2.3249432821E+0	3.7358590193E+2	5.6328719509E-3
2.3305698370E+0	3.7045843367E+2	5.6202220924E-3
2.3361836950E+0	3.6702005795E+2	5.6074783123E-3
2.3417847624E+0	3.6324987103E+2	5.5946408237E-3
2.3473729455E+0	3.5912703595E+2	5.5817098412E-3
2.3529481510E+0	3.5467678417E+2	5.5686855808E-3
2.3585102856E+0	3.4994714567E+2	5.5555682601E-3
2.3640592565E+0	3.4495329146E+2	5.5423580985E-3
2.3695949710E+0	3.3967320552E+2	5.5290553166E-3
2.3751173364E+0	3.3409924920E+2	5.5156601367E-3
2.3806262605E+0	3.2826764529E+2	5.5021727828E-3
2.3861216513E+0	3.2222343450E+2	5.4885934801E-3
2.3916034169E+0	3.1597446879E+2	5.4749224557E-3
2.3970714657E+0	3.0950156405E+2	5.4611599379E-3
2.4025257064E+0	3.0280773467E+2	5.4473061568E-3
2.4079660477E+0	2.9593401147E+2	5.4333613439E-3
2.4133923988E+0	2.8892066025E+2	5.4193257323E-3
2.4188046690E+0	2.8177146212E+2	5.4051995564E-3
2.4242027678E+0	2.7447138297E+2	5.3909830523E-3
2.4295866050E+0	2.6703004799E+2	5.3766764577E-3
2.4349560907E+0	2.5948873921E+2	5.3622800116E-3
2.4403111352E+0	2.5188303087E+2	5.3477939546E-3
2.4456516489E+0	2.4421523262E+2	5.3332185287E-3
2.4509775425E+0	2.3647401363E+2	5.3185539776E-3
2.4562887272E+0	2.2867151965E+2	5.3038005463E-3
2.4615851141E+0	2.2084625556E+2	5.2889584814E-3
2.4668666147E+0	2.1302987166E+2	5.2740280309E-3
2.4721331408E+0	2.0522490910E+2	5.2590094442E-3
2.4773846043E+0	1.9742258823E+2	5.2439029725E-3
2.4826209175E+0	1.8963419549E+2	5.2287088681E-3
2.4878419929E+0	1.8189345188E+2	5.2134273849E-3
2.4930477432E+0	1.7422875273E+2	5.1980587783E-3
2.4982380815E+0	1.6664385446E+2	5.1826033052E-3
2.5034129210E+0	1.5913150417E+2	5.1670612238E-3
2.5085721752E+0	1.5169978136E+2	5.1514327939E-3
2.5137157579E+0	1.4437617559E+2	5.1357182766E-3
2.5188435831E+0	1.3718596732E+2	5.1199179345E-3
2.5239555652E+0	1.3013458269E+2	5.1040320318E-3
2.5290516187E+0	1.2321586302E+2	5.0880608338E-3
2.5341316585E+0	1.1643351953E+2	5.0720046074E-3
2.5391955997E+0	1.0980773987E+2	5.0558636210E-3
2.5442433576E+0	1.0336013319E+2	5.0396381444E-3
2.5492748479E+0	9.7097712537E+1	5.0233284486E-3
2.5542899865E+0	9.1015625041E+1	5.0069348063E-3
2.5592886896E+0	8.5113329517E+1	4.9904574913E-3
2.5642708737E+0	7.9403193247E+1	4.9738967791E-3
2.5692364555E+0	7.3902010963E+1	4.9572529464E-3
2.5741853520E+0	6.8617566895E+1	4.9405262713E-3
2.5791174805E+0	6.3546777867E+1	4.9237170334E-3
2.5840327586E+0	5.8686145785E+1	4.9068255135E-3
2.5889311042E+0	5.4040689719E+1	4.8898519940E-3
2.5938124354E+0	4.9621170982E+1	4.8727967585E-3
2.5986766706E+0	4.5434484974E+1	4.8556600920E-3
2.6035237285E+0	4.1479286610E+1	4.8384422809E-3
2.6083535282E+0	3.7751032295E+1	4.8211436130E-3
2.6131659889E+0	3.4249194147E+1	4.8037643772E-3
2.6179610302E+0	3.0978131487E+1	4.7863048641E-3
2.6227385719E+0	2.7941783915E+1	4.7687653653E-3
2.6274985343E+0	2.5139344200E+1	4.7511461741E-3
2.6322408378E+0	2.2566585443E+1	4.7334475849E-3
2.6369654032E+0	2.0220164949E+1	4.7156698934E-3
2.6416721513E+0	1.8099393338E+1	4.6978133967E-3
2.6463610038E+0	1.6204040549E+1	4.6798783932E-3
2.6510318821E+0	1.4531713579E+1	4.6618651826E-3
2.6556847082E+0	1.3078106214E+1	4.6437740661E-3
2.6603194043E+0	1.1839174084E+1	4.6256053458E-3
2.6649358931E+0	1.0811977014E+1	4.6073593254E-3
2.6695340973E+0	9.9931666625E+0	4.5890363098E-3
2.6741139402E+0	9.3774750612E+0	4.5706366053E-3
2.6786753451E+0	8.9585743030E+0	4.5521605193E-3
2.6832182358E+0	8.7313843788E+0	4.5336083606E-3
2.6877425365E+0	8.6927203359E+0	4.5149804392E-3
2.6922481716E+0	8.8390654733E+0	4.4962770664E-3
2.6967350656E+0	9.1639353364E+0	4.4774985548E-3
2.7012031437E+0	9.6581844673E+0	4.4586452181E-3
2.7056523312E+0	1.0313395409E+1	4.4397173715E-3
2.7100825537E+0	1.1124745192E+1	4.4207153312E-3
2.7144937373E+0	1.2089933462E+1	4.4016394148E-3
2.7188858081E+0	1.3204952711E+1	4.3824899412E-3
2.7232586927E+0	1.4461108811E+1	4.3632672302E-3
2.7276123182E+0	1.5846690872E+1	4.3439716031E-3
2.7319466117E+0	1.7351919624E+1	4.3246033825E-3
2.7362615009E+0	1.8972209326E+1	4.3051628919E-3
2.7405569135E+0	2.0706246037E+1	4.2856504563E-3
2.7448327779E+0	2.2550562931E+1	4.2660664016E-3
2.7490890226E+0	2.4495922427E+1	4.2464110553E-3
2.7533255764E+0	2.6529205849E+1	4.2266847457E-3
2.7575423685E+0	2.8639200124E+1	4.2068878026E-3
2.7617393285E+0	3.0820816671E+1	4.1870205567E-3
2.7659163863E+0	3.3073654639E+1	4.1670833400E-3
2.7700734720E+0	3.5396138068E+1	4.1470764858E-3
2.7742105162E+0	3.7780633202E+1	4.1270003283E-3
2.7783274497E+0	4.0214087548E+1	4.1068552032E-3
2.7824242037E+0	4.2683698615E+1	4.0866414469E-3
2.7865007098E+0	4.5182553915E+1	4.0663593974E-3
2.7905568999E+0	4.7710202576E+1	4.0460093936E-3
2.7945927061E+0	5.0267640171E+1	4.0255917754E-3
2.7986080610E+0	5.2851097860E+1	4.0051068843E-3
2.8026028975E+0	5.5450012164E+1	3.9845550624E-3
2.8065771489E+0	5.8050898403E+1	3.9639366533E-3
2.8105307487E+0	6.0643822906E+1	3.9432520014E-3
2.8144636309E+0	6.3226040952E+1	3.9225014525E-3
2.8183757298E+0	6.5799825034E+1	3.9016853533E-3
2.8222669799E+0	6.8366349528E+1	3.8808040517E-3
2.8261373163E+0	7.0920649711E+1	3.8598578967E-3
2.8299866742E+0	7.3451668175E+1	3.8388472382E-3
2.8338149894E+0	7.5947251794E+1	3.8177724274E-3
2.8376221978E+0	7.8400085116E+1	3.7966338166E-3
2.8414082359E+0	8.0809946259E+1	3.7754317588E-3
2.8451730403E+0	8.3180654928E+1	3.7541666086E-3
2.8489165482E+0	8.5514174845E+1	3.7328387211E-3
2.8526386969E+0	8.7806367883E+1	3.7114484529E-3
2.8563394244E+0	9.0047483984E+1	3.6899961614E-3
2.8600186687E+0	9.2226872396E+1	3.6684822051E-3
2.8636763684E+0	9.4338366313E+1	3.6469069436E-3
2.8673124623E+0	9.6382468758E+1	3.6252707373E-3
2.8709268897E+0	9.8363915813E+1	3.6035739479E-3
2.8745195901E+0	1.0028650198E+2	3.5818169379E-3
2.8780905036E+0	1.0214884766E+2	3.5600000709E-3
2.8816395704E+0	1.0394394702E+2	3.5381237115E-3
2.8851667313E+0	1.0566263139E+2	3.5161882254E-3
2.8886719273E+0	1.0729846781E+2	3.4941939790E-3
2.8921550998E+0	1.0885080594E+2	3.4721413399E-3
2.8956161906E+0	1.1032408195E+2	3.4500306767E-3
2.8990551419E+0	1.1172401063E+2	3.4278623588E-3
2.9024718962E+0	1.1305323505E+2	3.4056367567E-3
2.9058663965E+0	1.1430917719E+2	3.3833542419E-3
2.9092385859E+0	1.1548529209E+2	3.3610151867E-3
2.9125884081E+0	1.1657477150E+2	3.3386199643E-3
2.9159158072E+0	1.1757433020E+2	3.3161689492E-3
2.9192207275E+0	1.1848581901E+2	3.2936625164E-3
2.9225031139E+0	1.1931484418E+2	3.2711010421E-3
2.9257629114E+0	1.2006737150E+2	3.2484849032E-3
2.9290000656E+0	1.2074637589E+2	3.2258144779E-3
2.9322145224E+0	1.2135041524E+2	3.2030901448E-3
2.9354062280E+0	1.2187479193E+2	3.1803122838E-3
2.9385751292E+0	1.2231449362E+2	3.1574812755E-3
2.9417211730E+0	1.2266720374E+2	3.1345975014E-3
2.9448443068E+0	1.2293476998E+2	3.1116613440E-3
2.9479444784E+0	1.2312246280E+2	3.0886731866E-3
2.9510216360E+0	1.2323656255E+2	3.0656334132E-3
2.9540757281E+0	1.2328162647E+2	3.0425424091E-3
2.9571067038E+0	1.2325883142E+2	3.0194005599E-3
2.9601145124E+0	1.2316613002E+2	2.9962082525E-3
2.9630991036E+0	1.2300000340E+2	2.9729658744E-3
2.9660604276E+0	1.2275784207E+2	2.9496738141E-3
2.9689984348E+0	1.2243977418E+2	2.9263324607E-3
2.9719130762E+0	1.2204912792E+2	2.9029422044E-3
2.9748043031E+0	1.2159142342E+2	2.8795034361E-3
2.9776720671E+0	1.2107247058E+2	2.8560165473E-3
2.9805163203E+0	1.2049649484E+2	2.8324819307E-3
2.9833370151E+0	1.1986510948E+2	2.8088999795E-3
2.9861341046E+0	1.1917750281E+2	2.7852710878E-3
2.9889075418E+0	1.1843165246E+2	2.7615956505E-3
2.9916572805E+0	1.1762596614E+2	2.7378740632E-3
2.9943832747E+0	1.1676063347E+2	2.7141067224E-3
2.9970854788E+0	1.1583816538E+2	2.6902940251E-3
2.9997638477E+0	1.1486297968E+2	2.6664363695E-3
3.0024183367E+0	1.1384028356E+2	2.6425341541E-3
3.0050489013E+0	1.1277474992E+2	2.6185877784E-3
3.0076554977E+0	1.1166950769E+2	2.5945976426E-3
3.0102380822E+0	1.1052578936E+2	2.5705641475E-3
3.0127966116E+0	1.0934329795E+2	2.5464876949E-3
3.0153310434E+0	1.0812108771E+2	2.5223686871E-3
3.0178413350E+0	1.0685859468E+2	2.4982075270E-3
3.0203274445E+0	1.0555644323E+2	2.4740046186E-3
3.0227893304E+0	1.0421677618E+2	2.4497603662E-3
3.0252269516E+0	1.0284304777E+2	2.4254751751E-3
3.0276402673E+0	1.0143940462E+2	2.4011494510E-3
3.0300292371E+0	1.0000989887E+2	2.3767836004E-3
3.0323938212E+0	9.8557800486E+1	2.3523780306E-3
3.0347339801E+0	9.7085210162E+1	2.3279331494E-3
3.0370496746E+0	9.5593055789E+1	2.3034493653E-3
3.0393408660E+0	9.4081428533E+1	2.2789270875E-3
3.0416075160E+0	9.2550120232E+1	2.2543667257E-3
3.0438495869E+0	9.0999183792E+1	2.2297686905E-3
3.0460670410E+0	8.9429355802E+1	2.2051333928E-3
3.0482598414E+0	8.7842241068E+1	2.1804612443E-3
3.0504279513E+0	8.6240238010E+1	2.1557526574E-3
3.0525713347E+0	8.4626256667E+1	2.1310080450E-3
3.0546899556E+0	8.3003328501E+1	2.1062278206E-3
3.0567837786E+0	8.1374220885E+1	2.0814123983E-3
3.0588527688E+0	7.9741151386E+1	2.0565621928E-3
3.0608968915E+0	7.8105658062E+1	2.0316776194E-3
3.0629161127E+0	7.6468635711E+1	2.0067590939E-3
3.0649103985E+0	7.4830507139E+1	1.9818070327E-3
3.0668797157E+0	7.3191471917E+1	1.9568218529E-3
3.0688240313E+0	7.1551766459E+1	1.9318039720E-3
3.0707433129E+0	6.9911877048E+1	1.9067538080E-3
3.0726375283E+0	6.8272666955E+1	1.8816717796E-3
3.0745066460E+0	6.6635403372E+1	1.8565583060E-3
3.0763506346E+0	6.5001693159E+1	1.8314138067E-3
3.0781694634E+0	6.3373353662E+1	1.8062387021E-3
3.0799631019E+0	6.1752253508E+1	1.7810334128E-3
3.0817315203E+0	6.0140158318E+1	1.7557983600E-3
3.0834746889E+0	5.8538609346E+1	1.7305339655E-3
3.0851925786E+0	5.6948852025E+1	1.7052406515E-3
3.0868851607E+0	5.5371819310E+1	1.6799188405E-3
3.0885524069E+0	5.3808164034E+1	1.6545689559E-3
3.0901942894E+0	5.2258326988E+1	1.6291914212E-3
3.0918107807E+0	5.0722623779E+1	1.6037866605E-3
3.0934018538E+0	4.9201333459E+1	1.5783550984E-3
3.0949674821E+0	4.7694774832E+1	1.5528971598E-3
3.0965076394E+0	4.6203360876E+1	1.5274132703E-3
3.0980223001E+0	4.4727626975E+1	1.5019038556E-3
3.0995114388E+0	4.3268233439E+1	1.4763693421E-3
3.1009750306E+0	4.1825946536E+1	1.4508101565E-3
3.1024130510E+0	4.0401604576E+1	1.4252267258E-3
3.1038254761E+0	3.8996076426E+1	1.3996194778E-3
3.1052122822E+0	3.7610219417E+1	1.3739888402E-3
3.1065734461E+0	3.6244842297E+1	1.3483352414E-3
3.1079089451E+0	3.4900677044E+1	1.3226591101E-3
3.1092187570E+0	3.3578361428E+1	1.2969608754E-3
3.1105028597E+0	3.2278432452E+1	1.2712409668E-3
3.1117612318E+0	3.1001329421E+1	1.2454998140E-3
3.1129938524E+0	2.9747404508E+1	1.2197378472E-3
3.1142007007E+0	2.8516938241E+1	1.1939554970E-3
3.1153817567E+0	2.7310157336E+1	1.1681531941E-3
3.1165370006E+0	2.6127252617E+1	1.1423313699E-3
3.1176664131E+0	2.4968395216E+1	1.1164904558E-3
3.1187699753E+0	2.3833749868E+1	1.0906308836E-3
3.1198476688E+0	2.2723484670E+1	1.0647530855E-3
3.1208994755E+0	2.1637777177E+1	1.0388574939E-3
3.1219253780E+0	2.0576817110E+1	1.0129445417E-3
3.1229253590E+0	1.9540806213E+1	9.8701466182E-4
3.1238994018E+0	1.8529955946E+1	9.6106828758E-4
3.1248474902E+0	1.7544483749E+1	9.3510585261E-4
3.1257696083E+0	1.6584608561E+1	9.0912779076E-4
3.1266657407E+0	1.5650546181E+1	8.8313453619E-4
3.1275358724E+0	1.4742504946E+1	8.5712652325E-4
3.1283799890E+0	1.3860682027E+1	8.3110418659E-4
3.1291980762E+0	1.3005260562E+1	8.0506796108E-4
3.1299901204E+0	1.2176407671E+1	7.7901828182E-4
3.1307561084E+0	1.1374273360E+1	7.5295558414E-4
3.1314960274E+0	1.0598990216E+1	7.2688030358E-4
3.1322098650E+0	9.8506737665E+0	7.0079287589E-4
3.1328976092E+0	9.1294233722E+0	6.7469373705E-4
3.1335592487E+0	8.4353234828E+0	6.4858332323E-4
3.1341947723E+0	7.7684451319E+0	6.2246207073E-4
3.1348041694E+0	7.1288475413E+0	5.9633041614E-4
3.1353874298E+0	6.5165797370E+0	5.7018879612E-4
3.1359445438E+0	5.9316821004E+0	5.4403764760E-4
3.1364755020E+0	5.3741878003E+0	5.1787740760E-4
3.1369802957E+0	4.8441240747E+0	4.9170851331E-4
3.1374589163E+0	4.3415133439E+0	4.6553140213E-4
3.1379113559E+0	3.8663741545E+0	4.3934651156E-4
3.1383376069E+0	3.4187219594E+0	4.1315427928E-4
3.1387376622E+0	2.9985697496E+0	3.8695514312E-4
3.1391115150E+0	2.6059285542E+0	3.6074954110E-4
3.1394591592E+0	2.2408078289E+0	3.3453791144E-4
3.1397805890E+0	1.9032157516E+0	3.0832069259E-4
3.1400757989E+0	1.5931594436E+0	2.8209832342E-4
3.1403447841E+0	1.3106451329E+0	2.5587124334E-4
3.1405875400E+0	1.0556782723E+0	2.2963989267E-4
3.1408040626E+0	8.2826362462E-1	2.0340471372E-4
3.1409943483E+0	6.2840532228E-1	1.7716615272E-4
3.1411583939E+0	4.5610690650E-1	1.5092466531E-4
3.1412961968E+0	3.1137134447E-1	1.2468073282E-4
3.1414077547E+0	1.9420100457E-1	9.8434919423E-5
3.1414930663E+0	1.0459748657E-1	7.2188137769E-5
3.1415521316E+0	4.2560620548E-2	4.5943520243E-5
3.1415849628E+0	8.0776713065E-3	1.9736940383E-5