# Differential cross section		
# Author: P. Swaczyna	Princeton University	(swaczyna@princeton.edu)
# Date: 	Tue 3 Nov 2020 16:25:06	
# 		
# Elastic collision: H^+ + He^0 -> H^+ + He^0		
# 		
# Red. mass: 	7.4962491838E+8	 eV/c^2
# CM energy: 	1.0471285481E-3	 eV
# Rel speed: 	5.0108764353E+4	 cm/s
# Tot sigma: 	2.3637589580E+3	 a.u.
# Int sigma: 	2.3637589580E+3	 a.u.
# 		
# Columns:		
# the <- scattering angle (rad)		
# dcs <- dsigma/dOmega*2*pi*sin(the) (a.u. = 2.8002852056E-17 cm^2)		
# wei <- weight for cross section integration (approx. width of angle bin)		
# 		
# the	dcs	wei
7.6907532846E-6	4.8011570002E-1	1.9736940383E-5
4.0521979771E-5	2.5296904051E+0	4.5943520243E-5
9.9587300392E-5	6.2169740769E+0	7.2188137769E-5
1.8489884726E-4	1.1542623918E+1	9.8434919423E-5
2.9645680168E-4	1.8506370040E+1	1.2468073282E-4
4.3425968311E-4	2.7107509057E+1	1.5092466531E-4
5.9830531657E-4	3.7344770461E+1	1.7716615272E-4
7.8859101285E-4	4.9216089297E+1	2.0340471372E-4
1.0051136166E-3	6.2718327282E+1	2.2963989267E-4
1.2478695220E-3	7.7846950728E+1	2.5587124334E-4
1.5168546797E-3	9.4595669809E+1	2.8209832342E-4
1.8120645986E-3	1.1295604414E+2	3.0832069259E-4
2.1334943481E-3	1.3291706106E+2	3.3453791144E-4
2.4811385584E-3	1.5446469500E+2	3.6074954110E-4
2.8549914211E-3	1.7758145853E+2	3.8695514312E-4
3.2550466893E-3	2.0224595839E+2	4.1315427928E-4
3.6812976783E-3	2.2843247235E+2	4.3934651156E-4
4.1337372652E-3	2.5611056547E+2	4.6553140213E-4
4.6123578895E-3	2.8524476696E+2	4.9170851331E-4
5.1171515529E-3	3.1579433072E+2	5.1787740760E-4
5.6481098199E-3	3.4771310412E+2	5.4403764760E-4
6.2052238176E-3	3.8094952982E+2	5.7018879612E-4
6.7884842360E-3	4.1544680445E+2	5.9633041614E-4
7.3978813281E-3	4.5114321483E+2	6.2246207073E-4
8.0334049101E-3	4.8797266792E+2	6.4858332323E-4
8.6950443616E-3	5.2586542318E+2	6.7469373705E-4
9.3827886258E-3	5.6474902654E+2	7.0079287589E-4
1.0096626210E-2	6.0454943346E+2	7.2688030358E-4
1.0836545184E-2	6.4519229441E+2	7.5295558414E-4
1.1602533184E-2	6.8660436104E+2	7.7901828182E-4
1.2394577408E-2	7.2871495534E+2	8.0506796108E-4
1.3212664621E-2	7.7145742896E+2	8.3110418659E-4
1.4056781152E-2	8.1477052628E+2	8.5712652325E-4
1.4926912893E-2	8.5859955564E+2	8.8313453619E-4
1.5823045305E-2	9.0289726793E+2	9.0912779076E-4
1.6745163410E-2	9.4762434441E+2	9.3510585261E-4
1.7693251801E-2	9.9274940568E+2	9.6106828758E-4
1.8667294632E-2	1.0382484728E+3	9.8701466182E-4
1.9667275626E-2	1.0841038399E+3	1.0129445417E-3
2.0693178073E-2	1.1303023565E+3	1.0388574939E-3
2.1744984827E-2	1.1768331604E+3	1.0647530855E-3
2.2822678313E-2	1.2236849572E+3	1.0906308836E-3
2.3926240519E-2	1.2708429946E+3	1.1164904558E-3
2.5055653005E-2	1.3182859320E+3	1.1423313699E-3
2.6210896896E-2	1.3659828570E+3	1.1681531941E-3
2.7391952886E-2	1.4138907298E+3	1.1939554970E-3
2.8598801239E-2	1.4619525566E+3	1.2197378472E-3
2.9831421786E-2	1.5100965775E+3	1.2454998140E-3
3.1089793929E-2	1.5582367122E+3	1.2712409668E-3
3.2373896638E-2	1.6062744240E+3	1.2969608754E-3
3.3683708455E-2	1.6541020401E+3	1.3226591101E-3
3.5019207490E-2	1.7016074145E+3	1.3483352414E-3
3.6380371427E-2	1.7486796408E+3	1.3739888402E-3
3.7767177517E-2	1.7952153460E+3	1.3996194778E-3
3.9179602586E-2	1.8411249394E+3	1.4252267258E-3
4.0617623030E-2	1.8863380896E+3	1.4508101565E-3
4.2081214817E-2	1.9308076804E+3	1.4763693421E-3
4.3570353490E-2	1.9745115743E+3	1.5019038556E-3
4.5085014162E-2	2.0174517046E+3	1.5274132703E-3
4.6625171522E-2	2.0596503040E+3	1.5528971598E-3
4.8190799831E-2	2.1011434465E+3	1.5783550984E-3
4.9781872927E-2	2.1419724698E+3	1.6037866605E-3
5.1398364219E-2	2.1821742208E+3	1.6291914212E-3
5.3040246694E-2	2.2217713508E+3	1.6545689559E-3
5.4707492914E-2	2.2607640418E+3	1.6799188405E-3
5.6400075017E-2	2.2991245068E+3	1.7052406515E-3
5.8117964718E-2	2.3367953702E+3	1.7305339655E-3
5.9861133308E-2	2.3736925783E+3	1.7557983600E-3
6.1629551657E-2	2.4097128565E+3	1.7810334128E-3
6.3423190212E-2	2.4447449860E+3	1.8062387021E-3
6.5242019000E-2	2.4786834255E+3	1.8314138067E-3
6.7086007624E-2	2.5114421925E+3	1.8565583060E-3
6.8955125270E-2	2.5429666081E+3	1.8816717796E-3
7.0849340702E-2	2.5732406025E+3	1.9067538080E-3
7.2768622264E-2	2.6022878607E+3	1.9318039720E-3
7.4712937885E-2	2.6301660909E+3	1.9568218529E-3
7.6682255070E-2	2.6569549878E+3	1.9818070327E-3
7.8676540910E-2	2.6827397792E+3	2.0067590939E-3
8.0695762079E-2	2.7075933130E+3	2.0316776194E-3
8.2739884832E-2	2.7315601953E+3	2.0565621928E-3
8.4808875009E-2	2.7546463630E+3	2.0814123983E-3
8.6902698034E-2	2.7768166145E+3	2.1062278206E-3
8.9021318917E-2	2.7980011274E+3	2.1310080450E-3
9.1164702253E-2	2.8181101060E+3	2.1557526574E-3
9.3332812224E-2	2.8370537861E+3	2.1804612443E-3
9.5525612596E-2	2.8547635248E+3	2.2051333928E-3
9.7743066726E-2	2.8712090603E+3	2.2297686905E-3
9.9985137556E-2	2.8864075504E+3	2.2543667257E-3
1.0225178762E-1	2.9004217165E+3	2.2789270875E-3
1.0454297904E-1	2.9133470391E+3	2.3034493653E-3
1.0685867352E-1	2.9252908096E+3	2.3279331494E-3
1.0919883237E-1	2.9363481757E+3	2.3523780306E-3
1.1156341648E-1	2.9465813892E+3	2.3767836004E-3
1.1395238633E-1	2.9560079052E+3	2.4011494510E-3
1.1636570200E-1	2.9646008237E+3	2.4254751751E-3
1.1880332317E-1	2.9723019013E+3	2.4497603662E-3
1.2126520909E-1	2.9790438023E+3	2.4740046186E-3
1.2375131862E-1	2.9847754019E+3	2.4982075270E-3
1.2626161023E-1	2.9894827087E+3	2.5223686871E-3
1.2879604195E-1	2.9931989377E+3	2.5464876949E-3
1.3135457143E-1	2.9960003765E+3	2.5705641475E-3
1.3393715592E-1	2.9979891231E+3	2.5945976426E-3
1.3654375226E-1	2.9992681034E+3	2.6185877784E-3
1.3917431689E-1	2.9999164551E+3	2.6425341541E-3
1.4182880585E-1	2.9999733709E+3	2.6664363695E-3
1.4450717478E-1	2.9994357286E+3	2.6902940251E-3
1.4720937892E-1	2.9982701882E+3	2.7141067224E-3
1.4993537310E-1	2.9964354379E+3	2.7378740632E-3
1.5268511179E-1	2.9939066321E+3	2.7615956505E-3
1.5545854902E-1	2.9906931559E+3	2.7852710878E-3
1.5825563845E-1	2.9868432223E+3	2.8088999795E-3
1.6107633333E-1	2.9824337937E+3	2.8324819307E-3
1.6392058653E-1	2.9775500866E+3	2.8560165473E-3
1.6678835052E-1	2.9722630432E+3	2.8795034361E-3
1.6967957737E-1	2.9666138153E+3	2.9029422044E-3
1.7259421876E-1	2.9606111592E+3	2.9263324607E-3
1.7553222599E-1	2.9542420801E+3	2.9496738141E-3
1.7849354996E-1	2.9474904775E+3	2.9729658744E-3
1.8147814117E-1	2.9403552869E+3	2.9962082525E-3
1.8448594977E-1	2.9328600943E+3	3.0194005599E-3
1.8751692548E-1	2.9250503243E+3	3.0425424091E-3
1.9057101764E-1	2.9169801304E+3	3.0656334132E-3
1.9364817522E-1	2.9086961445E+3	3.0886731866E-3
1.9674834681E-1	2.9002265849E+3	3.1116613440E-3
1.9987148058E-1	2.8915810115E+3	3.1345975014E-3
2.0301752435E-1	2.8827599885E+3	3.1574812755E-3
2.0618642554E-1	2.8737684288E+3	3.1803122838E-3
2.0937813120E-1	2.8646244747E+3	3.2030901448E-3
2.1259258799E-1	2.8553584723E+3	3.2258144779E-3
2.1582974219E-1	2.8460025596E+3	3.2484849032E-3
2.1908953970E-1	2.8365774194E+3	3.2711010421E-3
2.2237192605E-1	2.8270852159E+3	3.2936625164E-3
2.2567684639E-1	2.8175145337E+3	3.3161689492E-3
2.2900424548E-1	2.8078555506E+3	3.3386199643E-3
2.3235406772E-1	2.7981162677E+3	3.3610151867E-3
2.3572625713E-1	2.7883285064E+3	3.3833542419E-3
2.3912075735E-1	2.7785376286E+3	3.4056367567E-3
2.4253751167E-1	2.7687799578E+3	3.4278623588E-3
2.4597646298E-1	2.7590608224E+3	3.4500306767E-3
2.4943755380E-1	2.7493480982E+3	3.4721413399E-3
2.5292072631E-1	2.7395885421E+3	3.4941939790E-3
2.5642592230E-1	2.7297401871E+3	3.5161882254E-3
2.5995308318E-1	2.7198019561E+3	3.5381237115E-3
2.6350215001E-1	2.7098202787E+3	3.5600000709E-3
2.6707306349E-1	2.6998647243E+3	3.5818169379E-3
2.7066576394E-1	2.6899841765E+3	3.6035739479E-3
2.7428019131E-1	2.6801697509E+3	3.6252707373E-3
2.7791628522E-1	2.6703500455E+3	3.6469069436E-3
2.8157398488E-1	2.6604264214E+3	3.6684822051E-3
2.8525322919E-1	2.6503300300E+3	3.6899961614E-3
2.8895395665E-1	2.6400648005E+3	3.7114484529E-3
2.9267610542E-1	2.6297054095E+3	3.7328387211E-3
2.9641961330E-1	2.6193464147E+3	3.7541666086E-3
3.0018441773E-1	2.6090320614E+3	3.7754317588E-3
3.0397045579E-1	2.5987130919E+3	3.7966338166E-3
3.0777766421E-1	2.5882634274E+3	3.8177724274E-3
3.1160597938E-1	2.5775513313E+3	3.8388472382E-3
3.1545533730E-1	2.5665203708E+3	3.8598578967E-3
3.1932567367E-1	2.5552234951E+3	3.8808040517E-3
3.2321692379E-1	2.5437814732E+3	3.9016853533E-3
3.2712902264E-1	2.5322890512E+3	3.9225014525E-3
3.3106190484E-1	2.5207325500E+3	3.9432520014E-3
3.3501550468E-1	2.5089801286E+3	3.9639366533E-3
3.3898975607E-1	2.4968579071E+3	3.9845550624E-3
3.4298459261E-1	2.4842623203E+3	4.0051068843E-3
3.4699994753E-1	2.4712272613E+3	4.0255917754E-3
3.5103575373E-1	2.4578918869E+3	4.0460093936E-3
3.5509194378E-1	2.4443866091E+3	4.0663593974E-3
3.5916844988E-1	2.4307191727E+3	4.0866414469E-3
3.6326520391E-1	2.4167488343E+3	4.1068552032E-3
3.6738213741E-1	2.4022745640E+3	4.1270003283E-3
3.7151918157E-1	2.3871754342E+3	4.1470764858E-3
3.7567626728E-1	2.3714953152E+3	4.1670833400E-3
3.7985332504E-1	2.3554009654E+3	4.1870205567E-3
3.8405028507E-1	2.3390400882E+3	4.2068878026E-3
3.8826707721E-1	2.3224088798E+3	4.2266847457E-3
3.9250363101E-1	2.3053375865E+3	4.2464110553E-3
3.9675987567E-1	2.2876121324E+3	4.2660664016E-3
4.0103574005E-1	2.2691380783E+3	4.2856504563E-3
4.0533115271E-1	2.2500120882E+3	4.3051628919E-3
4.0964604185E-1	2.2304364476E+3	4.3246033825E-3
4.1398033538E-1	2.2105421717E+3	4.3439716031E-3
4.1833396086E-1	2.1902677767E+3	4.3632672302E-3
4.2270684554E-1	2.1694001716E+3	4.3824899412E-3
4.2709891633E-1	2.1477488906E+3	4.4016394148E-3
4.3151009985E-1	2.1253069576E+3	4.4207153312E-3
4.3594032237E-1	2.1022564755E+3	4.4397173715E-3
4.4038950986E-1	2.0788085439E+3	4.4586452181E-3
4.4485758797E-1	2.0550147179E+3	4.4774985548E-3
4.4934448203E-1	2.0307182130E+3	4.4962770664E-3
4.5385011706E-1	2.0056932242E+3	4.5149804392E-3
4.5837441776E-1	1.9798512698E+3	4.5336083606E-3
4.6291730852E-1	1.9533273596E+3	4.5521605193E-3
4.6747871344E-1	1.9263632783E+3	4.5706366053E-3
4.7205855627E-1	1.8990914896E+3	4.5890363098E-3
4.7665676049E-1	1.8714193618E+3	4.6073593254E-3
4.8127324926E-1	1.8431247290E+3	4.6256053458E-3
4.8590794542E-1	1.8140766721E+3	4.6437740661E-3
4.9056077152E-1	1.7843734178E+3	4.6618651826E-3
4.9523164982E-1	1.7542634647E+3	4.6798783932E-3
4.9992050224E-1	1.7239227574E+3	4.6978133967E-3
5.0462725044E-1	1.6933024247E+3	4.7156698934E-3
5.0935181576E-1	1.6621967307E+3	4.7334475849E-3
5.1409411924E-1	1.6304669161E+3	4.7511461741E-3
5.1885408164E-1	1.5982008774E+3	4.7687653653E-3
5.2363162341E-1	1.5656489298E+3	4.7863048641E-3
5.2842666471E-1	1.5329985515E+3	4.8037643772E-3
5.3323912540E-1	1.5002143833E+3	4.8211436130E-3
5.3806892508E-1	1.4671057932E+3	4.8384422809E-3
5.4291598301E-1	1.4335535640E+3	4.8556600920E-3
5.4778021821E-1	1.3996632093E+3	4.8727967585E-3
5.5266154939E-1	1.3656866168E+3	4.8898519940E-3
5.5755989496E-1	1.3317939952E+3	4.9068255135E-3
5.6247517308E-1	1.2979347555E+3	4.9237170334E-3
5.6740730160E-1	1.2639325523E+3	4.9405262713E-3
5.7235619810E-1	1.2297123650E+3	4.9572529464E-3
5.7732177988E-1	1.1954173995E+3	4.9738967791E-3
5.8230396395E-1	1.1612921989E+3	4.9904574913E-3
5.8730266706E-1	1.1274604063E+3	5.0069348063E-3
5.9231780568E-1	1.0938381986E+3	5.0233284486E-3
5.9734929598E-1	1.0602746543E+3	5.0396381444E-3
6.0239705389E-1	1.0267619114E+3	5.0558636210E-3
6.0746099506E-1	9.9348352495E+2	5.0720046074E-3
6.1254103485E-1	9.6065141064E+2	5.0880608338E-3
6.1763708838E-1	9.2831693894E+2	5.1040320318E-3
6.2274907048E-1	8.9636648461E+2	5.1199179345E-3
6.2787689573E-1	8.6470076877E+2	5.1357182766E-3
6.3302047843E-1	8.3339103494E+2	5.1514327939E-3
6.3817973262E-1	8.0263675351E+2	5.1670612238E-3
6.4335457209E-1	7.7257999074E+2	5.1826033052E-3
6.4854491036E-1	7.4319306065E+2	5.1980587783E-3
6.5375066070E-1	7.1436434928E+2	5.2134273849E-3
6.5897173609E-1	6.8607487431E+2	5.2287088681E-3
6.6420804930E-1	6.5845780864E+2	5.2439029725E-3
6.6945951283E-1	6.3167800096E+2	5.2590094442E-3
6.7472603890E-1	6.0578127364E+2	5.2740280309E-3
6.8000753951E-1	5.8069076664E+2	5.2889584814E-3
6.8530392640E-1	5.5634527243E+2	5.3038005463E-3
6.9061511106E-1	5.3280760213E+2	5.3185539776E-3
6.9594100473E-1	5.1021710927E+2	5.3332185287E-3
7.0128151841E-1	4.8865425994E+2	5.3477939546E-3
7.0663656285E-1	4.6808518984E+2	5.3622800116E-3
7.1200604856E-1	4.4844531904E+2	5.3766764577E-3
7.1738988581E-1	4.2974921885E+2	5.3909830523E-3
7.2278798463E-1	4.1209206157E+2	5.4051995564E-3
7.2820025482E-1	3.9555211855E+2	5.4193257323E-3
7.3362660591E-1	3.8012345514E+2	5.4333613439E-3
7.3906694724E-1	3.6575683226E+2	5.4473061568E-3
7.4452118788E-1	3.5244483172E+2	5.4611599379E-3
7.4998923669E-1	3.4024059843E+2	5.4749224557E-3
7.5547100229E-1	3.2919695193E+2	5.4885934801E-3
7.6096639308E-1	3.1931452410E+2	5.5021727828E-3
7.6647531721E-1	3.1056222290E+2	5.5156601367E-3
7.7199768263E-1	3.0293017870E+2	5.5290553166E-3
7.7753339704E-1	2.9644030699E+2	5.5423580985E-3
7.8308236795E-1	2.9110980533E+2	5.5555682601E-3
7.8864450262E-1	2.8692827904E+2	5.5686855808E-3
7.9421970809E-1	2.8387820337E+2	5.5817098412E-3
7.9980789121E-1	2.8195833133E+2	5.5946408237E-3
8.0540895857E-1	2.8117029082E+2	5.6074783123E-3
8.1102281659E-1	2.8149357465E+2	5.6202220924E-3
8.1664937145E-1	2.8289636269E+2	5.6328719509E-3
8.2228852912E-1	2.8536958952E+2	5.6454276767E-3
8.2794019536E-1	2.8892553351E+2	5.6578890597E-3
8.3360427572E-1	2.9355265204E+2	5.6702558918E-3
8.3928067556E-1	2.9919402035E+2	5.6825279663E-3
8.4496930000E-1	3.0579307367E+2	5.6947050782E-3
8.5067005399E-1	3.1334727892E+2	5.7067870238E-3
8.5638284226E-1	3.2188382333E+2	5.7187736014E-3
8.6210756934E-1	3.3138023290E+2	5.7306646105E-3
8.6784413956E-1	3.4174512276E+2	5.7424598526E-3
8.7359245705E-1	3.5289986897E+2	5.7541591304E-3
8.7935242576E-1	3.6485080949E+2	5.7657622485E-3
8.8512394943E-1	3.7763928445E+2	5.7772690129E-3
8.9090693161E-1	3.9122954245E+2	5.7886792314E-3
8.9670127565E-1	4.0549779457E+2	5.7999927133E-3
9.0250688473E-1	4.2035124044E+2	5.8112092696E-3
9.0832366182E-1	4.3581095985E+2	5.8223287127E-3
9.1415150972E-1	4.5192940463E+2	5.8333508568E-3
9.1999033104E-1	4.6865151926E+2	5.8442755178E-3
9.2584002820E-1	4.8582437050E+2	5.8551025132E-3
9.3170050345E-1	5.0335360137E+2	5.8658316618E-3
9.3757165885E-1	5.2128235497E+2	5.8764627846E-3
9.4345339628E-1	5.3966771830E+2	5.8869957037E-3
9.4934561746E-1	5.5842721586E+2	5.8974302433E-3
9.5524822392E-1	5.7738543209E+2	5.9077662288E-3
9.6116111701E-1	5.9646305482E+2	5.9180034877E-3
9.6708419793E-1	6.1573084332E+2	5.9281418487E-3
9.7301736769E-1	6.3523940534E+2	5.9381811425E-3
9.7896052713E-1	6.5487132568E+2	5.9481212013E-3
9.8491357695E-1	6.7444121638E+2	5.9579618591E-3
9.9087641766E-1	6.9390337824E+2	5.9677029512E-3
9.9684894961E-1	7.1335603125E+2	5.9773443150E-3
1.0028310730E+0	7.3282760351E+2	5.9868857894E-3
1.0088226878E+0	7.5216283266E+2	5.9963272149E-3
1.0148236940E+0	7.7118615672E+2	6.0056684336E-3
1.0208339913E+0	7.8990198075E+2	6.0149092896E-3
1.0268534791E+0	8.0842651709E+2	6.0240496283E-3
1.0328820570E+0	8.2674830836E+2	6.0330892971E-3
1.0389196241E+0	8.4468064330E+2	6.0420281448E-3
1.0449660796E+0	8.6208363939E+2	6.0508660221E-3
1.0510213224E+0	8.7902022959E+2	6.0596027814E-3
1.0570852514E+0	8.9560446122E+2	6.0682382765E-3
1.0631577652E+0	9.1177103291E+2	6.0767723631E-3
1.0692387623E+0	9.2732102421E+2	6.0852048988E-3
1.0753281411E+0	9.4217689980E+2	6.0935357425E-3
1.0814257998E+0	9.5645420047E+2	6.1017647550E-3
1.0875316366E+0	9.7023699831E+2	6.1098917988E-3
1.0936455494E+0	9.8340381152E+2	6.1179167381E-3
1.0997674360E+0	9.9577508616E+2	6.1258394388E-3
1.1058971941E+0	1.0073539541E+3	6.1336597685E-3
1.1120347214E+0	1.0182850102E+3	6.1413775965E-3
1.1181799151E+0	1.0285954426E+3	6.1489927938E-3
1.1243326727E+0	1.0381236107E+3	6.1565052331E-3
1.1304928913E+0	1.0467462841E+3	6.1639147890E-3
1.1366604679E+0	1.0545470044E+3	6.1712213376E-3
1.1428352996E+0	1.0616617517E+3	6.1784247568E-3
1.1490172830E+0	1.0680471604E+3	6.1855249261E-3
1.1552063150E+0	1.0735365510E+3	6.1925217271E-3
1.1614022920E+0	1.0780921211E+3	6.1994150427E-3
1.1676051105E+0	1.0818531207E+3	6.2062047577E-3
1.1738146669E+0	1.0849071376E+3	6.2128907587E-3
1.1800308574E+0	1.0871505089E+3	6.2194729339E-3
1.1862535782E+0	1.0884567060E+3	6.2259511734E-3
1.1924827251E+0	1.0888798148E+3	6.2323253688E-3
1.1987181942E+0	1.0885699677E+3	6.2385954138E-3
1.2049598812E+0	1.0875418549E+3	6.2447612034E-3
1.2112076818E+0	1.0856673487E+3	6.2508226346E-3
1.2174614916E+0	1.0828974750E+3	6.2567796062E-3
1.2237212062E+0	1.0793540418E+3	6.2626320186E-3
1.2299867208E+0	1.0751493406E+3	6.2683797740E-3
1.2362579308E+0	1.0702300821E+3	6.2740227763E-3
1.2425347314E+0	1.0644929645E+3	6.2795609313E-3
1.2488170177E+0	1.0579772469E+3	6.2849941464E-3
1.2551046847E+0	1.0508241528E+3	6.2903223308E-3
1.2613976273E+0	1.0430777458E+3	6.2955453954E-3
1.2676957404E+0	1.0346519604E+3	6.3006632530E-3
1.2739989187E+0	1.0255083407E+3	6.3056758180E-3
1.2803070569E+0	1.0157501536E+3	6.3105830068E-3
1.2866200496E+0	1.0054868206E+3	6.3153847371E-3
1.2929377912E+0	9.9469773871E+2	6.3200809290E-3
1.2992601762E+0	9.8331285847E+2	6.3246715037E-3
1.3055870990E+0	9.7136807918E+2	6.3291563847E-3
1.3119184537E+0	9.5898232649E+2	6.3335354970E-3
1.3182541347E+0	9.4620465498E+2	6.3378087674E-3
1.3245940360E+0	9.3298451565E+2	6.3419761245E-3
1.3309380516E+0	9.1930350470E+2	6.3460374987E-3
1.3372860756E+0	9.0524580530E+2	6.3499928220E-3
1.3436380019E+0	8.9089965743E+2	6.3538420284E-3
1.3499937243E+0	8.7626118793E+2	6.3575850535E-3
1.3563531366E+0	8.6129354717E+2	6.3612218349E-3
1.3627161325E+0	8.4603258654E+2	6.3647523117E-3
1.3690826057E+0	8.3056613460E+2	6.3681764249E-3
1.3754524499E+0	8.1493275965E+2	6.3714941173E-3
1.3818255585E+0	7.9910957288E+2	6.3747053335E-3
1.3882018250E+0	7.8309807458E+2	6.3778100198E-3
1.3945811430E+0	7.6695992064E+2	6.3808081243E-3
1.4009634057E+0	7.5075227991E+2	6.3836995970E-3
1.4073485066E+0	7.3447874529E+2	6.3864843894E-3
1.4137363389E+0	7.1813095221E+2	6.3891624551E-3
1.4201267959E+0	7.0174104075E+2	6.3917337493E-3
1.4265197708E+0	6.8536038918E+2	6.3941982290E-3
1.4329151568E+0	6.6901131546E+2	6.3965558531E-3
1.4393128469E+0	6.5269297210E+2	6.3988065821E-3
1.4457127343E+0	6.3642065629E+2	6.4009503785E-3
1.4521147120E+0	6.2022875729E+2	6.4029872063E-3
1.4585186731E+0	6.0414165171E+2	6.4049170317E-3
1.4649245104E+0	5.8816810863E+2	6.4067398222E-3
1.4713321170E+0	5.7232157920E+2	6.4084555476E-3
1.4777413858E+0	5.5662362790E+2	6.4100641790E-3
1.4841522097E+0	5.4108870839E+2	6.4115656896E-3
1.4905644815E+0	5.2572548561E+2	6.4129600544E-3
1.4969780940E+0	5.1055159006E+2	6.4142472499E-3
1.5033929402E+0	4.9558751202E+2	6.4154272548E-3
1.5098089128E+0	4.8083790499E+2	6.4165000493E-3
1.5162259046E+0	4.6630015010E+2	6.4174656154E-3
1.5226438083E+0	4.5199029843E+2	6.4183239370E-3
1.5290625167E+0	4.3793610009E+2	6.4190749998E-3
1.5354819225E+0	4.2414274858E+2	6.4197187912E-3
1.5419019185E+0	4.1059341442E+2	6.4202553005E-3
1.5483223974E+0	3.9729081590E+2	6.4206845187E-3
1.5547432518E+0	3.8426783456E+2	6.4210064386E-3
1.5611643745E+0	3.7154219360E+2	6.4212210549E-3
1.5675856581E+0	3.5909140976E+2	6.4213283639E-3
1.5740069954E+0	3.4689677819E+2	6.4213283639E-3
1.5804282791E+0	3.3498443249E+2	6.4212210549E-3
1.5868494018E+0	3.2338897799E+2	6.4210064386E-3
1.5932702562E+0	3.1209771415E+2	6.4206845187E-3
1.5996907351E+0	3.0107333273E+2	6.4202553005E-3
1.6061107310E+0	2.9032102269E+2	6.4197187912E-3
1.6125301369E+0	2.7988465959E+2	6.4190749998E-3
1.6189488453E+0	2.6977437784E+2	6.4183239370E-3
1.6253667490E+0	2.5994849985E+2	6.4174656154E-3
1.6317837408E+0	2.5038417155E+2	6.4165000493E-3
1.6381997134E+0	2.4111806117E+2	6.4154272548E-3
1.6446145595E+0	2.3218545212E+2	6.4142472499E-3
1.6510281721E+0	2.2355942059E+2	6.4129600544E-3
1.6574404439E+0	2.1519486230E+2	6.4115656896E-3
1.6638512678E+0	2.0710463439E+2	6.4100641790E-3
1.6702605366E+0	1.9933816510E+2	6.4084555476E-3
1.6766681432E+0	1.9189736387E+2	6.4067398222E-3
1.6830739805E+0	1.8473224554E+2	6.4049170317E-3
1.6894779416E+0	1.7782459843E+2	6.4029872063E-3
1.6958799193E+0	1.7121850333E+2	6.4009503785E-3
1.7022798067E+0	1.6494591020E+2	6.3988065821E-3
1.7086774968E+0	1.5897293721E+2	6.3965558531E-3
1.7150728827E+0	1.5325724311E+2	6.3941982290E-3
1.7214658576E+0	1.4781939526E+2	6.3917337493E-3
1.7278563146E+0	1.4270845294E+2	6.3891624551E-3
1.7342441470E+0	1.3792077247E+2	6.3864843894E-3
1.7406292478E+0	1.3340829448E+2	6.3836995970E-3
1.7470115106E+0	1.2916074725E+2	6.3808081243E-3
1.7533908286E+0	1.2522350774E+2	6.3778100198E-3
1.7597670951E+0	1.2162319763E+2	6.3747053335E-3
1.7661402037E+0	1.1832680261E+2	6.3714941173E-3
1.7725100479E+0	1.1530059901E+2	6.3681764249E-3
1.7788765211E+0	1.1256826599E+2	6.3647523117E-3
1.7852395170E+0	1.1017275348E+2	6.3612218349E-3
1.7915989293E+0	1.0810856010E+2	6.3575850535E-3
1.7979546517E+0	1.0633641235E+2	6.3538420284E-3
1.8043065780E+0	1.0485217184E+2	6.3499928220E-3
1.8106546020E+0	1.0369494129E+2	6.3460374987E-3
1.8169986176E+0	1.0288478321E+2	6.3419761245E-3
1.8233385189E+0	1.0239519178E+2	6.3378087674E-3
1.8296741999E+0	1.0220224981E+2	6.3335354970E-3
1.8360055546E+0	1.0232582914E+2	6.3291563847E-3
1.8423324774E+0	1.0279734155E+2	6.3246715037E-3
1.8486548624E+0	1.0361167458E+2	6.3200809290E-3
1.8549726040E+0	1.0474121848E+2	6.3153847371E-3
1.8612855967E+0	1.0618372899E+2	6.3105830068E-3
1.8675937349E+0	1.0796475584E+2	6.3056758180E-3
1.8738969132E+0	1.1009571690E+2	6.3006632530E-3
1.8801950263E+0	1.1255871629E+2	6.2955453954E-3
1.8864879689E+0	1.1533843445E+2	6.2903223308E-3
1.8927756359E+0	1.1844484374E+2	6.2849941464E-3
1.8990579222E+0	1.2189265665E+2	6.2795609313E-3
1.9053347228E+0	1.2567627120E+2	6.2740227763E-3
1.9116059328E+0	1.2977974203E+2	6.2683797740E-3
1.9178714474E+0	1.3419970871E+2	6.2626320186E-3
1.9241311620E+0	1.3894308492E+2	6.2567796062E-3
1.9303849718E+0	1.4400871054E+2	6.2508226346E-3
1.9366327724E+0	1.4938564904E+2	6.2447612034E-3
1.9428744594E+0	1.5506641117E+2	6.2385954138E-3
1.9491099285E+0	1.6104909169E+2	6.2323253688E-3
1.9553390754E+0	1.6732754914E+2	6.2259511734E-3
1.9615617961E+0	1.7389106216E+2	6.2194729339E-3
1.9677779867E+0	1.8073356012E+2	6.2128907587E-3
1.9739875431E+0	1.8785184964E+2	6.2062047577E-3
1.9801903616E+0	1.9523386321E+2	6.1994150427E-3
1.9863863386E+0	2.0286063535E+2	6.1925217271E-3
1.9925753706E+0	2.1072261950E+2	6.1855249261E-3
1.9987573540E+0	2.1882097319E+2	6.1784247568E-3
2.0049321857E+0	2.2714679569E+2	6.1712213376E-3
2.0110997623E+0	2.3567253660E+2	6.1639147890E-3
2.0172599809E+0	2.4437457828E+2	6.1565052331E-3
2.0234127385E+0	2.5325228731E+2	6.1489927938E-3
2.0295579322E+0	2.6230868136E+2	6.1413775965E-3
2.0356954595E+0	2.7152030494E+2	6.1336597685E-3
2.0418252176E+0	2.8084708428E+2	6.1258394388E-3
2.0479471042E+0	2.9027098614E+2	6.1179167381E-3
2.0540610170E+0	2.9980151597E+2	6.1098917988E-3
2.0601668538E+0	3.0943487044E+2	6.1017647550E-3
2.0662645125E+0	3.1912990913E+2	6.0935357425E-3
2.0723538913E+0	3.2884252707E+2	6.0852048988E-3
2.0784348884E+0	3.3856750387E+2	6.0767723631E-3
2.0845074022E+0	3.4832015784E+2	6.0682382765E-3
2.0905713312E+0	3.5808277707E+2	6.0596027814E-3
2.0966265740E+0	3.6779966489E+2	6.0508660221E-3
2.1026730295E+0	3.7743225279E+2	6.0420281448E-3
2.1087105966E+0	3.8699036249E+2	6.0330892971E-3
2.1147391745E+0	3.9648860235E+2	6.0240496283E-3
2.1207586623E+0	4.0589261927E+2	6.0149092896E-3
2.1267689596E+0	4.1513920116E+2	6.0056684336E-3
2.1327699657E+0	4.2420251203E+2	5.9963272149E-3
2.1387615806E+0	4.3310552160E+2	5.9868857894E-3
2.1447437040E+0	4.4185668238E+2	5.9773443150E-3
2.1507162359E+0	4.5040672431E+2	5.9677029512E-3
2.1566790766E+0	4.5869272114E+2	5.9579618591E-3
2.1626321265E+0	4.6670504451E+2	5.9481212013E-3
2.1685752859E+0	4.7447600970E+2	5.9381811425E-3
2.1745084557E+0	4.8200532620E+2	5.9281418487E-3
2.1804315366E+0	4.8923338789E+2	5.9180034877E-3
2.1863444297E+0	4.9610373587E+2	5.9077662288E-3
2.1922470361E+0	5.0262311166E+2	5.8974302433E-3
2.1981392573E+0	5.0882955001E+2	5.8869957037E-3
2.2040209947E+0	5.1471446110E+2	5.8764627846E-3
2.2098921501E+0	5.2021333282E+2	5.8658316618E-3
2.2157526254E+0	5.2527966091E+2	5.8551025132E-3
2.2216023226E+0	5.2993460651E+2	5.8442755178E-3
2.2274411439E+0	5.3421966029E+2	5.8333508568E-3
2.2332689918E+0	5.3812058647E+2	5.8223287127E-3
2.2390857689E+0	5.4157272998E+2	5.8112092696E-3
2.2448913779E+0	5.4454034385E+2	5.7999927133E-3
2.2506857220E+0	5.4705611017E+2	5.7886792314E-3
2.2564687042E+0	5.4916431521E+2	5.7772690129E-3
2.2622402278E+0	5.5084886299E+2	5.7657622485E-3
2.2680001965E+0	5.5204834069E+2	5.7541591304E-3
2.2737485140E+0	5.5273645555E+2	5.7424598526E-3
2.2794850843E+0	5.5295425509E+2	5.7306646105E-3
2.2852098113E+0	5.5274935274E+2	5.7187736014E-3
2.2909225996E+0	5.5210784551E+2	5.7067870238E-3
2.2966233536E+0	5.5097357654E+2	5.6947050782E-3
2.3023119780E+0	5.4932703711E+2	5.6825279663E-3
2.3079883779E+0	5.4721441290E+2	5.6702558918E-3
2.3136524582E+0	5.4468766149E+2	5.6578890597E-3
2.3193041245E+0	5.4173889607E+2	5.6454276767E-3
2.3249432821E+0	5.3831833714E+2	5.6328719509E-3
2.3305698370E+0	5.3440992731E+2	5.6202220924E-3
2.3361836950E+0	5.3006153230E+2	5.6074783123E-3
2.3417847624E+0	5.2533016372E+2	5.5946408237E-3
2.3473729455E+0	5.2021730191E+2	5.5817098412E-3
2.3529481510E+0	5.1468046842E+2	5.5686855808E-3
2.3585102856E+0	5.0870374614E+2	5.5555682601E-3
2.3640592565E+0	5.0233275910E+2	5.5423580985E-3
2.3695949710E+0	4.9562920770E+2	5.5290553166E-3
2.3751173364E+0	4.8860661196E+2	5.5156601367E-3
2.3806262605E+0	4.8123120758E+2	5.5021727828E-3
2.3861216513E+0	4.7348469455E+2	5.4885934801E-3
2.3916034169E+0	4.6540604432E+2	5.4749224557E-3
2.3970714657E+0	4.5705952060E+2	5.4611599379E-3
2.4025257064E+0	4.4847224167E+2	5.4473061568E-3
2.4079660477E+0	4.3962147143E+2	5.4333613439E-3
2.4133923988E+0	4.3048568548E+2	5.4193257323E-3
2.4188046690E+0	4.2109277285E+2	5.4051995564E-3
2.4242027678E+0	4.1150525541E+2	5.3909830523E-3
2.4295866050E+0	4.0176349043E+2	5.3766764577E-3
2.4349560907E+0	3.9185880194E+2	5.3622800116E-3
2.4403111352E+0	3.8176814664E+2	5.3477939546E-3
2.4456516489E+0	3.7150504548E+2	5.3332185287E-3
2.4509775425E+0	3.6112400497E+2	5.3185539776E-3
2.4562887272E+0	3.5067529152E+2	5.3038005463E-3
2.4615851141E+0	3.4016692167E+2	5.2889584814E-3
2.4668666147E+0	3.2957891282E+2	5.2740280309E-3
2.4721331408E+0	3.1891002137E+2	5.2590094442E-3
2.4773846043E+0	3.0819983963E+2	5.2439029725E-3
2.4826209175E+0	2.9750155369E+2	5.2287088681E-3
2.4878419929E+0	2.8684002918E+2	5.2134273849E-3
2.4930477432E+0	2.7620481240E+2	5.1980587783E-3
2.4982380815E+0	2.6558399811E+2	5.1826033052E-3
2.5034129210E+0	2.5499745483E+2	5.1670612238E-3
2.5085721752E+0	2.4449139347E+2	5.1514327939E-3
2.5137157579E+0	2.3410291423E+2	5.1357182766E-3
2.5188435831E+0	2.2383656647E+2	5.1199179345E-3
2.5239555652E+0	2.1367840012E+2	5.1040320318E-3
2.5290516187E+0	2.0362918771E+2	5.0880608338E-3
2.5341316585E+0	1.9371854681E+2	5.0720046074E-3
2.5391955997E+0	1.8398573265E+2	5.0558636210E-3
2.5442433576E+0	1.7445063305E+2	5.0396381444E-3
2.5492748479E+0	1.6510729660E+2	5.0233284486E-3
2.5542899865E+0	1.5594521202E+2	5.0069348063E-3
2.5592886896E+0	1.4697321061E+2	4.9904574913E-3
2.5642708737E+0	1.3822019872E+2	4.9738967791E-3
2.5692364555E+0	1.2971387453E+2	4.9572529464E-3
2.5741853520E+0	1.2146178956E+2	4.9405262713E-3
2.5791174805E+0	1.1345438704E+2	4.9237170334E-3
2.5840327586E+0	1.0568485091E+2	4.9068255135E-3
2.5889311042E+0	9.8163667134E+1	4.8898519940E-3
2.5938124354E+0	9.0913424541E+1	4.8727967585E-3
2.5986766706E+0	8.3951102148E+1	4.8556600920E-3
2.6035237285E+0	7.7277071796E+1	4.8384422809E-3
2.6083535282E+0	7.0881188320E+1	4.8211436130E-3
2.6131659889E+0	6.4758062452E+1	4.8037643772E-3
2.6179610302E+0	5.8915349944E+1	4.7863048641E-3
2.6227385719E+0	5.3367666652E+1	4.7687653653E-3
2.6274985343E+0	4.8123777450E+1	4.7511461741E-3
2.6322408378E+0	4.3180347683E+1	4.7334475849E-3
2.6369654032E+0	3.8527484727E+1	4.7156698934E-3
2.6416721513E+0	3.4159255377E+1	4.6978133967E-3
2.6463610038E+0	3.0078508619E+1	4.6798783932E-3
2.6510318821E+0	2.6292223651E+1	4.6618651826E-3
2.6556847082E+0	2.2803131583E+1	4.6437740661E-3
2.6603194043E+0	1.9606023616E+1	4.6256053458E-3
2.6649358931E+0	1.6691469611E+1	4.6073593254E-3
2.6695340973E+0	1.4052337490E+1	4.5890363098E-3
2.6741139402E+0	1.1686660043E+1	4.5706366053E-3
2.6786753451E+0	9.5948643946E+0	4.5521605193E-3
2.6832182358E+0	7.7749509735E+0	4.5336083606E-3
2.6877425365E+0	6.2204569453E+0	4.5149804392E-3
2.6922481716E+0	4.9225373425E+0	4.4962770664E-3
2.6967350656E+0	3.8734098538E+0	4.4774985548E-3
2.7012031437E+0	3.0676829805E+0	4.4586452181E-3
2.7056523312E+0	2.5007891198E+0	4.4397173715E-3
2.7100825537E+0	2.1667027536E+0	4.4207153312E-3
2.7144937373E+0	2.0574190266E+0	4.4016394148E-3
2.7188858081E+0	2.1644218368E+0	4.3824899412E-3
2.7232586927E+0	2.4802351307E+0	4.3632672302E-3
2.7276123182E+0	2.9982909295E+0	4.3439716031E-3
2.7319466117E+0	3.7113482640E+0	4.3246033825E-3
2.7362615009E+0	4.6103316919E+0	4.3051628919E-3
2.7405569135E+0	5.6850428204E+0	4.2856504563E-3
2.7448327779E+0	6.9261968178E+0	4.2660664016E-3
2.7490890226E+0	8.3267351164E+0	4.2464110553E-3
2.7533255764E+0	9.8809330721E+0	4.2266847457E-3
2.7575423685E+0	1.1581929222E+1	4.2068878026E-3
2.7617393285E+0	1.3419921383E+1	4.1870205567E-3
2.7659163863E+0	1.5382848819E+1	4.1670833400E-3
2.7700734720E+0	1.7459223217E+1	4.1470764858E-3
2.7742105162E+0	1.9640780974E+1	4.1270003283E-3
2.7783274497E+0	2.1922615939E+1	4.1068552032E-3
2.7824242037E+0	2.4300500280E+1	4.0866414469E-3
2.7865007098E+0	2.6767479536E+1	4.0663593974E-3
2.7905568999E+0	2.9312527897E+1	4.0460093936E-3
2.7945927061E+0	3.1922478546E+1	4.0255917754E-3
2.7986080610E+0	3.4585850490E+1	4.0051068843E-3
2.8026028975E+0	3.7295642045E+1	3.9845550624E-3
2.8065771489E+0	4.0048895143E+1	3.9639366533E-3
2.8105307487E+0	4.2843284147E+1	3.9432520014E-3
2.8144636309E+0	4.5673242168E+1	3.9225014525E-3
2.8183757298E+0	4.8528499436E+1	3.9016853533E-3
2.8222669799E+0	5.1396144689E+1	3.8808040517E-3
2.8261373163E+0	5.4264763738E+1	3.8598578967E-3
2.8299866742E+0	5.7127719781E+1	3.8388472382E-3
2.8338149894E+0	5.9983263730E+1	3.8177724274E-3
2.8376221978E+0	6.2831406342E+1	3.7966338166E-3
2.8414082359E+0	6.5669721526E+1	3.7754317588E-3
2.8451730403E+0	6.8490936981E+1	3.7541666086E-3
2.8489165482E+0	7.1283907652E+1	3.7328387211E-3
2.8526386969E+0	7.4037288276E+1	3.7114484529E-3
2.8563394244E+0	7.6743468046E+1	3.6899961614E-3
2.8600186687E+0	7.9400224192E+1	3.6684822051E-3
2.8636763684E+0	8.2009088070E+1	3.6469069436E-3
2.8673124623E+0	8.4571531039E+1	3.6252707373E-3
2.8709268897E+0	8.7085397396E+1	3.6035739479E-3
2.8745195901E+0	8.9543764116E+1	3.5818169379E-3
2.8780905036E+0	9.1936844408E+1	3.5600000709E-3
2.8816395704E+0	9.4255700361E+1	3.5381237115E-3
2.8851667313E+0	9.6495509774E+1	3.5161882254E-3
2.8886719273E+0	9.8656494185E+1	3.4941939790E-3
2.8921550998E+0	1.0074205975E+2	3.4721413399E-3
2.8956161906E+0	1.0275531916E+2	3.4500306767E-3
2.8990551419E+0	1.0469601383E+2	3.4278623588E-3
2.9024718962E+0	1.0655952098E+2	3.4056367567E-3
2.9058663965E+0	1.0833839195E+2	3.3833542419E-3
2.9092385859E+0	1.1002547170E+2	3.3610151867E-3
2.9125884081E+0	1.1161685935E+2	3.3386199643E-3
2.9159158072E+0	1.1311315699E+2	3.3161689492E-3
2.9192207275E+0	1.1451844355E+2	3.2936625164E-3
2.9225031139E+0	1.1583761840E+2	3.2711010421E-3
2.9257629114E+0	1.1707354459E+2	3.2484849032E-3
2.9290000656E+0	1.1822542293E+2	3.2258144779E-3
2.9322145224E+0	1.1928912064E+2	3.2030901448E-3
2.9354062280E+0	1.2025917618E+2	3.1803122838E-3
2.9385751292E+0	1.2113141805E+2	3.1574812755E-3
2.9417211730E+0	1.2190492202E+2	3.1345975014E-3
2.9448443068E+0	1.2258243531E+2	3.1116613440E-3
2.9479444784E+0	1.2316917030E+2	3.0886731866E-3
2.9510216360E+0	1.2367061943E+2	3.0656334132E-3
2.9540757281E+0	1.2409042874E+2	3.0425424091E-3
2.9571067038E+0	1.2442925544E+2	3.0194005599E-3
2.9601145124E+0	1.2468502967E+2	2.9962082525E-3
2.9630991036E+0	1.2485440453E+2	2.9729658744E-3
2.9660604276E+0	1.2493469616E+2	2.9496738141E-3
2.9689984348E+0	1.2492547303E+2	2.9263324607E-3
2.9719130762E+0	1.2482917117E+2	2.9029422044E-3
2.9748043031E+0	1.2465056185E+2	2.8795034361E-3
2.9776720671E+0	1.2439537086E+2	2.8560165473E-3
2.9805163203E+0	1.2406865301E+2	2.8324819307E-3
2.9833370151E+0	1.2367356119E+2	2.8088999795E-3
2.9861341046E+0	1.2321093780E+2	2.7852710878E-3
2.9889075418E+0	1.2267980724E+2	2.7615956505E-3
2.9916572805E+0	1.2207851022E+2	2.7378740632E-3
2.9943832747E+0	1.2140601558E+2	2.7141067224E-3
2.9970854788E+0	1.2066292908E+2	2.6902940251E-3
2.9997638477E+0	1.1985187492E+2	2.6664363695E-3
3.0024183367E+0	1.1897717529E+2	2.6425341541E-3
3.0050489013E+0	1.1804399969E+2	2.6185877784E-3
3.0076554977E+0	1.1705731369E+2	2.5945976426E-3
3.0102380822E+0	1.1602098555E+2	2.5705641475E-3
3.0127966116E+0	1.1493731843E+2	2.5464876949E-3
3.0153310434E+0	1.1380711036E+2	2.5223686871E-3
3.0178413350E+0	1.1263016934E+2	2.4982075270E-3
3.0203274445E+0	1.1140608067E+2	2.4740046186E-3
3.0227893304E+0	1.1013497194E+2	2.4497603662E-3
3.0252269516E+0	1.0881805234E+2	2.4254751751E-3
3.0276402673E+0	1.0745779496E+2	2.4011494510E-3
3.0300292371E+0	1.0605774841E+2	2.3767836004E-3
3.0323938212E+0	1.0462206943E+2	2.3523780306E-3
3.0347339801E+0	1.0315493326E+2	2.3279331494E-3
3.0370496746E+0	1.0165999108E+2	2.3034493653E-3
3.0393408660E+0	1.0014000980E+2	2.2789270875E-3
3.0416075160E+0	9.8596764021E+1	2.2543667257E-3
3.0438495869E+0	9.7031177022E+1	2.2297686905E-3
3.0460670410E+0	9.5443646278E+1	2.2051333928E-3
3.0482598414E+0	9.3834452607E+1	2.1804612443E-3
3.0504279513E+0	9.2204146205E+1	2.1557526574E-3
3.0525713347E+0	9.0553822928E+1	2.1310080450E-3
3.0546899556E+0	8.8885241696E+1	2.1062278206E-3
3.0567837786E+0	8.7200776766E+1	2.0814123983E-3
3.0588527688E+0	8.5503236177E+1	2.0565621928E-3
3.0608968915E+0	8.3795602182E+1	2.0316776194E-3
3.0629161127E+0	8.2080757835E+1	2.0067590939E-3
3.0649103985E+0	8.0361257129E+1	1.9818070327E-3
3.0668797157E+0	7.8639178452E+1	1.9568218529E-3
3.0688240313E+0	7.6916078338E+1	1.9318039720E-3
3.0707433129E+0	7.5193040278E+1	1.9067538080E-3
3.0726375283E+0	7.3470796054E+1	1.8816717796E-3
3.0745066460E+0	7.1749887107E+1	1.8565583060E-3
3.0763506346E+0	7.0030831377E+1	1.8314138067E-3
3.0781694634E+0	6.8314265735E+1	1.8062387021E-3
3.0799631019E+0	6.6601043302E+1	1.7810334128E-3
3.0817315203E+0	6.4892276174E+1	1.7557983600E-3
3.0834746889E+0	6.3189324868E+1	1.7305339655E-3
3.0851925786E+0	6.1493744362E+1	1.7052406515E-3
3.0868851607E+0	5.9807201936E+1	1.6799188405E-3
3.0885524069E+0	5.8131383824E+1	1.6545689559E-3
3.0901942894E+0	5.6467906420E+1	1.6291914212E-3
3.0918107807E+0	5.4818244276E+1	1.6037866605E-3
3.0934018538E+0	5.3183682434E+1	1.5783550984E-3
3.0949674821E+0	5.1565295751E+1	1.5528971598E-3
3.0965076394E+0	4.9963953556E+1	1.5274132703E-3
3.0980223001E+0	4.8380344836E+1	1.5019038556E-3
3.0995114388E+0	4.6815017256E+1	1.4763693421E-3
3.1009750306E+0	4.5268422820E+1	1.4508101565E-3
3.1024130510E+0	4.3740963504E+1	1.4252267258E-3
3.1038254761E+0	4.2233031478E+1	1.3996194778E-3
3.1052122822E+0	4.0745040298E+1	1.3739888402E-3
3.1065734461E+0	3.9277445229E+1	1.3483352414E-3
3.1079089451E+0	3.7830752515E+1	1.3226591101E-3
3.1092187570E+0	3.6405518732E+1	1.2969608754E-3
3.1105028597E+0	3.5002342240E+1	1.2712409668E-3
3.1117612318E+0	3.3621849213E+1	1.2454998140E-3
3.1129938524E+0	3.2264676795E+1	1.2197378472E-3
3.1142007007E+0	3.0931455697E+1	1.1939554970E-3
3.1153817567E+0	2.9622794123E+1	1.1681531941E-3
3.1165370006E+0	2.8339264370E+1	1.1423313699E-3
3.1176664131E+0	2.7081392879E+1	1.1164904558E-3
3.1187699753E+0	2.5849654040E+1	1.0906308836E-3
3.1198476688E+0	2.4644467599E+1	1.0647530855E-3
3.1208994755E+0	2.3466199224E+1	1.0388574939E-3
3.1219253780E+0	2.2315163616E+1	1.0129445417E-3
3.1229253590E+0	2.1191629431E+1	9.8701466182E-4
3.1238994018E+0	2.0095825317E+1	9.6106828758E-4
3.1248474902E+0	1.9027946416E+1	9.3510585261E-4
3.1257696083E+0	1.7988160803E+1	9.0912779076E-4
3.1266657407E+0	1.6976615449E+1	8.8313453619E-4
3.1275358724E+0	1.5993441437E+1	8.5712652325E-4
3.1283799890E+0	1.5038758281E+1	8.3110418659E-4
3.1291980762E+0	1.4112677292E+1	8.0506796108E-4
3.1299901204E+0	1.3215304032E+1	7.7901828182E-4
3.1307561084E+0	1.2346739941E+1	7.5295558414E-4
3.1314960274E+0	1.1507083253E+1	7.2688030358E-4
3.1322098650E+0	1.0696429375E+1	7.0079287589E-4
3.1328976092E+0	9.9148708292E+0	6.7469373705E-4
3.1335592487E+0	9.1624969419E+0	6.4858332323E-4
3.1341947723E+0	8.4393933586E+0	6.2246207073E-4
3.1348041694E+0	7.7456415086E+0	5.9633041614E-4
3.1353874298E+0	7.0813180840E+0	5.7018879612E-4
3.1359445438E+0	6.4464945911E+0	5.4403764760E-4
3.1364755020E+0	5.8412370078E+0	5.1787740760E-4
3.1369802957E+0	5.2656055658E+0	4.9170851331E-4
3.1374589163E+0	4.7196546625E+0	4.6553140213E-4
3.1379113559E+0	4.2034328968E+0	4.3934651156E-4
3.1383376069E+0	3.7169832176E+0	4.1315427928E-4
3.1387376622E+0	3.2603431658E+0	3.8695514312E-4
3.1391115150E+0	2.8335451939E+0	3.6074954110E-4
3.1394591592E+0	2.4366170408E+0	3.3453791144E-4
3.1397805890E+0	2.0695821449E+0	3.0832069259E-4
3.1400757989E+0	1.7324600768E+0	2.8209832342E-4
3.1403447841E+0	1.4252669776E+0	2.5587124334E-4
3.1405875400E+0	1.1480159893E+0	2.2963989267E-4
3.1408040626E+0	9.0071766623E-1	2.0340471372E-4
3.1409943483E+0	6.8338035846E-1	1.7716615272E-4
3.1411583939E+0	4.9601055922E-1	1.5092466531E-4
3.1412961968E+0	3.3861320362E-1	1.2468073282E-4
3.1414077547E+0	2.1119189063E-1	9.8434919423E-5
3.1414930663E+0	1.1374891151E-1	7.2188137769E-5
3.1415521316E+0	4.6284335423E-2	4.5943520243E-5
3.1415849628E+0	8.7844034357E-3	1.9736940383E-5