# Differential cross section		
# Author: P. Swaczyna	Princeton University	(swaczyna@princeton.edu)
# Date: 	Tue 3 Nov 2020 16:29:52	
# 		
# Elastic collision: H^+ + He^0 -> H^+ + He^0		
# 		
# Red. mass: 	7.4962491838E+8	 eV/c^2
# CM energy: 	1.6218100974E-2	 eV
# Rel speed: 	1.9720307992E+5	 cm/s
# Tot sigma: 	1.1278610711E+3	 a.u.
# Int sigma: 	1.1278610710E+3	 a.u.
# 		
# Columns:		
# the <- scattering angle (rad)		
# dcs <- dsigma/dOmega*2*pi*sin(the) (a.u. = 2.8002852056E-17 cm^2)		
# wei <- weight for cross section integration (approx. width of angle bin)		
# 		
# the	dcs	wei
7.6907532846E-6	2.0880142660E+0	1.9736940383E-5
4.0521979771E-5	1.1001546533E+1	4.5943520243E-5
9.9587300392E-5	2.7037044526E+1	7.2188137769E-5
1.8489884726E-4	5.0195699074E+1	9.8434919423E-5
2.9645680168E-4	8.0471659796E+1	1.2468073282E-4
4.3425968311E-4	1.1785172517E+2	1.5092466531E-4
5.9830531657E-4	1.6231159677E+2	1.7716615272E-4
7.8859101285E-4	2.1381109339E+2	2.0340471372E-4
1.0051136166E-3	2.7228864369E+2	2.2963989267E-4
1.2478695220E-3	3.3765531189E+2	2.5587124334E-4
1.5168546797E-3	4.0978869916E+2	2.8209832342E-4
1.8120645986E-3	4.8852718620E+2	3.0832069259E-4
2.1334943481E-3	5.7366511306E+2	3.3453791144E-4
2.4811385584E-3	6.6494960878E+2	3.6074954110E-4
2.8549914211E-3	7.6207985474E+2	3.8695514312E-4
3.2550466893E-3	8.6470955517E+2	4.1315427928E-4
3.6812976783E-3	9.7245325558E+2	4.3934651156E-4
4.1337372652E-3	1.0848968578E+3	4.6553140213E-4
4.6123578895E-3	1.2016122088E+3	4.9170851331E-4
5.1171515529E-3	1.3221749949E+3	5.1787740760E-4
5.6481098199E-3	1.4461844090E+3	5.4403764760E-4
6.2052238176E-3	1.5732822656E+3	5.7018879612E-4
6.7884842360E-3	1.7031685898E+3	5.9633041614E-4
7.3978813281E-3	1.8356103663E+3	6.2246207073E-4
8.0334049101E-3	1.9704403307E+3	6.4858332323E-4
8.6950443616E-3	2.1075435634E+3	6.7469373705E-4
9.3827886258E-3	2.2468313056E+3	7.0079287589E-4
1.0096626210E-2	2.3882037934E+3	7.2688030358E-4
1.0836545184E-2	2.5315067617E+3	7.5295558414E-4
1.1602533184E-2	2.6764891212E+3	7.7901828182E-4
1.2394577408E-2	2.8227714483E+3	8.0506796108E-4
1.3212664621E-2	2.9698354312E+3	8.3110418659E-4
1.4056781152E-2	3.1170423941E+3	8.5712652325E-4
1.4926912893E-2	3.2636838916E+3	8.8313453619E-4
1.5823045305E-2	3.4090593715E+3	9.0912779076E-4
1.6745163410E-2	3.5525665147E+3	9.3510585261E-4
1.7693251801E-2	3.6937818264E+3	9.6106828758E-4
1.8667294632E-2	3.8325058644E+3	9.8701466182E-4
1.9667275626E-2	3.9687521333E+3	1.0129445417E-3
2.0693178073E-2	4.1026720554E+3	1.0388574939E-3
2.1744984827E-2	4.2344283066E+3	1.0647530855E-3
2.2822678313E-2	4.3640496299E+3	1.0906308836E-3
2.3926240519E-2	4.4913144352E+3	1.1164904558E-3
2.5055653005E-2	4.6157105917E+3	1.1423313699E-3
2.6210896896E-2	4.7365003335E+3	1.1681531941E-3
2.7391952886E-2	4.8528836726E+3	1.1939554970E-3
2.8598801239E-2	4.9642110353E+3	1.2197378472E-3
2.9831421786E-2	5.0701636083E+3	1.2454998140E-3
3.1089793929E-2	5.1708174739E+3	1.2712409668E-3
3.2373896638E-2	5.2665453813E+3	1.2969608754E-3
3.3683708455E-2	5.3577794203E+3	1.3226591101E-3
3.5019207490E-2	5.4447303173E+3	1.3483352414E-3
3.6380371427E-2	5.5271969383E+3	1.3739888402E-3
3.7767177517E-2	5.6045748087E+3	1.3996194778E-3
3.9179602586E-2	5.6760839061E+3	1.4252267258E-3
4.0617623030E-2	5.7411178634E+3	1.4508101565E-3
4.2081214817E-2	5.7995312273E+3	1.4763693421E-3
4.3570353490E-2	5.8516899593E+3	1.5019038556E-3
4.5085014162E-2	5.8982301673E+3	1.5274132703E-3
4.6625171522E-2	5.9396460731E+3	1.5528971598E-3
4.8190799831E-2	5.9759531456E+3	1.5783550984E-3
4.9781872927E-2	6.0066523906E+3	1.6037866605E-3
5.1398364219E-2	6.0310452439E+3	1.6291914212E-3
5.3040246694E-2	6.0487105636E+3	1.6545689559E-3
5.4707492914E-2	6.0598170085E+3	1.6799188405E-3
5.6400075017E-2	6.0650297695E+3	1.7052406515E-3
5.8117964718E-2	6.0650541788E+3	1.7305339655E-3
5.9861133308E-2	6.0601445820E+3	1.7557983600E-3
6.1629551657E-2	6.0499623643E+3	1.7810334128E-3
6.3423190212E-2	6.0339157546E+3	1.8062387021E-3
6.5242019000E-2	6.0117247862E+3	1.8314138067E-3
6.7086007624E-2	5.9837422276E+3	1.8565583060E-3
6.8955125270E-2	5.9507403297E+3	1.8816717796E-3
7.0849340702E-2	5.9133335778E+3	1.9067538080E-3
7.2768622264E-2	5.8715506497E+3	1.9318039720E-3
7.4712937885E-2	5.8249557790E+3	1.9568218529E-3
7.6682255070E-2	5.7732162018E+3	1.9818070327E-3
7.8676540910E-2	5.7165729589E+3	2.0067590939E-3
8.0695762079E-2	5.6557453668E+3	2.0316776194E-3
8.2739884832E-2	5.5913610492E+3	2.0565621928E-3
8.4808875009E-2	5.5234995751E+3	2.0814123983E-3
8.6902698034E-2	5.4518287079E+3	2.1062278206E-3
8.9021318917E-2	5.3761812478E+3	2.1310080450E-3
9.1164702253E-2	5.2969340877E+3	2.1557526574E-3
9.3332812224E-2	5.2147684407E+3	2.1804612443E-3
9.5525612596E-2	5.1301004285E+3	2.2051333928E-3
9.7743066726E-2	5.0428524206E+3	2.2297686905E-3
9.9985137556E-2	4.9528193372E+3	2.2543667257E-3
1.0225178762E-1	4.8601620432E+3	2.2789270875E-3
1.0454297904E-1	4.7654174681E+3	2.3034493653E-3
1.0685867352E-1	4.6690429969E+3	2.3279331494E-3
1.0919883237E-1	4.5711048809E+3	2.3523780306E-3
1.1156341648E-1	4.4714967443E+3	2.3767836004E-3
1.1395238633E-1	4.3703527356E+3	2.4011494510E-3
1.1636570200E-1	4.2680868866E+3	2.4254751751E-3
1.1880332317E-1	4.1650497529E+3	2.4497603662E-3
1.2126520909E-1	4.0613244268E+3	2.4740046186E-3
1.2375131862E-1	3.9569231482E+3	2.4982075270E-3
1.2626161023E-1	3.8520368511E+3	2.5223686871E-3
1.2879604195E-1	3.7469658443E+3	2.5464876949E-3
1.3135457143E-1	3.6419023565E+3	2.5705641475E-3
1.3393715592E-1	3.5369345997E+3	2.5945976426E-3
1.3654375226E-1	3.4322090183E+3	2.6185877784E-3
1.3917431689E-1	3.3279294102E+3	2.6425341541E-3
1.4182880585E-1	3.2242253877E+3	2.6664363695E-3
1.4450717478E-1	3.1211874858E+3	2.6902940251E-3
1.4720937892E-1	3.0190080330E+3	2.7141067224E-3
1.4993537310E-1	2.9179021910E+3	2.7378740632E-3
1.5268511179E-1	2.8179177178E+3	2.7615956505E-3
1.5545854902E-1	2.7190462496E+3	2.7852710878E-3
1.5825563845E-1	2.6214916671E+3	2.8088999795E-3
1.6107633333E-1	2.5255426962E+3	2.8324819307E-3
1.6392058653E-1	2.4312119631E+3	2.8560165473E-3
1.6678835052E-1	2.3383636440E+3	2.8795034361E-3
1.6967957737E-1	2.2471731354E+3	2.9029422044E-3
1.7259421876E-1	2.1580032813E+3	2.9263324607E-3
1.7553222599E-1	2.0708474379E+3	2.9496738141E-3
1.7849354996E-1	1.9854558739E+3	2.9729658744E-3
1.8147814117E-1	1.9019865456E+3	2.9962082525E-3
1.8448594977E-1	1.8208548577E+3	3.0194005599E-3
1.8751692548E-1	1.7419976318E+3	3.0425424091E-3
1.9057101764E-1	1.6650801743E+3	3.0656334132E-3
1.9364817522E-1	1.5903033662E+3	3.0886731866E-3
1.9674834681E-1	1.5180955293E+3	3.1116613440E-3
1.9987148058E-1	1.4482629904E+3	3.1345975014E-3
2.0301752435E-1	1.3804484398E+3	3.1574812755E-3
2.0618642554E-1	1.3149752621E+3	3.1803122838E-3
2.0937813120E-1	1.2521929893E+3	3.2030901448E-3
2.1259258799E-1	1.1917142891E+3	3.2258144779E-3
2.1582974219E-1	1.1332922094E+3	3.2484849032E-3
2.1908953970E-1	1.0773995408E+3	3.2711010421E-3
2.2237192605E-1	1.0241416863E+3	3.2936625164E-3
2.2567684639E-1	9.7298370688E+2	3.3161689492E-3
2.2900424548E-1	9.2397249033E+2	3.3386199643E-3
2.3235406772E-1	8.7758994017E+2	3.3610151867E-3
2.3572625713E-1	8.3354804790E+2	3.3833542419E-3
2.3912075735E-1	7.9141796133E+2	3.4056367567E-3
2.4253751167E-1	7.5159770752E+2	3.4278623588E-3
2.4597646298E-1	7.1424600241E+2	3.4500306767E-3
2.4943755380E-1	6.7879712225E+2	3.4721413399E-3
2.5292072631E-1	6.4527048507E+2	3.4941939790E-3
2.5642592230E-1	6.1409471301E+2	3.5161882254E-3
2.5995308318E-1	5.8489383319E+2	3.5381237115E-3
2.6350215001E-1	5.5732847020E+2	3.5600000709E-3
2.6707306349E-1	5.3181772528E+2	3.5818169379E-3
2.7066576394E-1	5.0828576458E+2	3.6035739479E-3
2.7428019131E-1	4.8622072580E+2	3.6252707373E-3
2.7791628522E-1	4.6585979308E+2	3.6469069436E-3
2.8157398488E-1	4.4736160943E+2	3.6684822051E-3
2.8525322919E-1	4.3021846229E+2	3.6899961614E-3
2.8895395665E-1	4.1445639039E+2	3.7114484529E-3
2.9267610542E-1	4.0034625766E+2	3.7328387211E-3
2.9641961330E-1	3.8747606367E+2	3.7541666086E-3
3.0018441773E-1	3.7571599720E+2	3.7754317588E-3
3.0397045579E-1	3.6535113578E+2	3.7966338166E-3
3.0777766421E-1	3.5608020047E+2	3.8177724274E-3
3.1160597938E-1	3.4769354955E+2	3.8388472382E-3
3.1545533730E-1	3.4043888077E+2	3.8598578967E-3
3.1932567367E-1	3.3410089687E+2	3.8808040517E-3
3.2321692379E-1	3.2845286279E+2	3.9016853533E-3
3.2712902264E-1	3.2368876351E+2	3.9225014525E-3
3.3106190484E-1	3.1964567647E+2	3.9432520014E-3
3.3501550468E-1	3.1612106349E+2	3.9639366533E-3
3.3898975607E-1	3.1325520381E+2	3.9845550624E-3
3.4298459261E-1	3.1091196591E+2	4.0051068843E-3
3.4699994753E-1	3.0893604099E+2	4.0255917754E-3
3.5103575373E-1	3.0741628250E+2	4.0460093936E-3
3.5509194378E-1	3.0623261101E+2	4.0663593974E-3
3.5916844988E-1	3.0528543440E+2	4.0866414469E-3
3.6326520391E-1	3.0461104969E+2	4.1068552032E-3
3.6738213741E-1	3.0411092179E+2	4.1270003283E-3
3.7151918157E-1	3.0373490733E+2	4.1470764858E-3
3.7567626728E-1	3.0346517459E+2	4.1670833400E-3
3.7985332504E-1	3.0324315370E+2	4.1870205567E-3
3.8405028507E-1	3.0304428564E+2	4.2068878026E-3
3.8826707721E-1	3.0280508443E+2	4.2266847457E-3
3.9250363101E-1	3.0252742055E+2	4.2464110553E-3
3.9675987567E-1	3.0217199342E+2	4.2660664016E-3
4.0103574005E-1	3.0166114890E+2	4.2856504563E-3
4.0533115271E-1	3.0105925679E+2	4.3051628919E-3
4.0964604185E-1	3.0027045871E+2	4.3246033825E-3
4.1398033538E-1	2.9926023986E+2	4.3439716031E-3
4.1833396086E-1	2.9811635375E+2	4.3632672302E-3
4.2270684554E-1	2.9667642326E+2	4.3824899412E-3
4.2709891633E-1	2.9500752515E+2	4.4016394148E-3
4.3151009985E-1	2.9313878630E+2	4.4207153312E-3
4.3594032237E-1	2.9089837959E+2	4.4397173715E-3
4.4038950986E-1	2.8845900076E+2	4.4586452181E-3
4.4485758797E-1	2.8571406857E+2	4.4774985548E-3
4.4934448203E-1	2.8259850996E+2	4.4962770664E-3
4.5385011706E-1	2.7929294002E+2	4.5149804392E-3
4.5837441776E-1	2.7557274448E+2	4.5336083606E-3
4.6291730852E-1	2.7156446819E+2	4.5521605193E-3
4.6747871344E-1	2.6729711099E+2	4.5706366053E-3
4.7205855627E-1	2.6258650963E+2	4.5890363098E-3
4.7665676049E-1	2.5767751734E+2	4.6073593254E-3
4.8127324926E-1	2.5238449200E+2	4.6256053458E-3
4.8590794542E-1	2.4674975211E+2	4.6437740661E-3
4.9056077152E-1	2.4090514954E+2	4.6618651826E-3
4.9523164982E-1	2.3462063487E+2	4.6798783932E-3
4.9992050224E-1	2.2814467628E+2	4.6978133967E-3
5.0462725044E-1	2.2134386946E+2	4.7156698934E-3
5.0935181576E-1	2.1421772160E+2	4.7334475849E-3
5.1409411924E-1	2.0693733096E+2	4.7511461741E-3
5.1885408164E-1	1.9927959388E+2	4.7687653653E-3
5.2363162341E-1	1.9148790973E+2	4.7863048641E-3
5.2842666471E-1	1.8344933290E+2	4.8037643772E-3
5.3323912540E-1	1.7518124233E+2	4.8211436130E-3
5.3806892508E-1	1.6683911514E+2	4.8384422809E-3
5.4291598301E-1	1.5823995146E+2	4.8556600920E-3
5.4778021821E-1	1.4962564605E+2	4.8727967585E-3
5.5266154939E-1	1.4087395361E+2	4.8898519940E-3
5.5755989496E-1	1.3206654593E+2	4.9068255135E-3
5.6247517308E-1	1.2329736099E+2	4.9237170334E-3
5.6740730160E-1	1.1445945077E+2	4.9405262713E-3
5.7235619810E-1	1.0577067281E+2	4.9572529464E-3
5.7732177988E-1	9.7104170046E+1	4.9738967791E-3
5.8230396395E-1	8.8612293292E+1	4.9904574913E-3
5.8730266706E-1	8.0301292722E+1	5.0069348063E-3
5.9231780568E-1	7.2173416259E+1	5.0233284486E-3
5.9734929598E-1	6.4369511617E+1	5.0396381444E-3
6.0239705389E-1	5.6806377404E+1	5.0558636210E-3
6.0746099506E-1	4.9650956682E+1	5.0720046074E-3
6.1254103485E-1	4.2848862014E+1	5.0880608338E-3
6.1763708838E-1	3.6495201020E+1	5.1040320318E-3
6.2274907048E-1	3.0621454046E+1	5.1199179345E-3
6.2787689573E-1	2.5233467000E+1	5.1357182766E-3
6.3302047843E-1	2.0424435306E+1	5.1514327939E-3
6.3817973262E-1	1.6156759464E+1	5.1670612238E-3
6.4335457209E-1	1.2525580858E+1	5.1826033052E-3
6.4854491036E-1	9.5020252354E+0	5.1980587783E-3
6.5375066070E-1	7.1410665296E+0	5.2134273849E-3
6.5897173609E-1	5.4425214705E+0	5.2287088681E-3
6.6420804930E-1	4.4161716191E+0	5.2439029725E-3
6.6945951283E-1	4.0778563735E+0	5.2590094442E-3
6.7472603890E-1	4.4105595682E+0	5.2740280309E-3
6.8000753951E-1	5.4227362370E+0	5.2889584814E-3
6.8530392640E-1	7.0891102482E+0	5.3038005463E-3
6.9061511106E-1	9.3966190200E+0	5.3185539776E-3
6.9594100473E-1	1.2317189965E+1	5.3332185287E-3
7.0128151841E-1	1.5817189476E+1	5.3477939546E-3
7.0663656285E-1	1.9859404268E+1	5.3622800116E-3
7.1200604856E-1	2.4399491479E+1	5.3766764577E-3
7.1738988581E-1	2.9381963123E+1	5.3909830523E-3
7.2278798463E-1	3.4761153516E+1	5.4051995564E-3
7.2820025482E-1	4.0459514093E+1	5.4193257323E-3
7.3362660591E-1	4.6433309618E+1	5.4333613439E-3
7.3906694724E-1	5.2587247595E+1	5.4473061568E-3
7.4452118788E-1	5.8876604422E+1	5.4611599379E-3
7.4998923669E-1	6.5198500210E+1	5.4749224557E-3
7.5547100229E-1	7.1501719310E+1	5.4885934801E-3
7.6096639308E-1	7.7687393036E+1	5.5021727828E-3
7.6647531721E-1	8.3693839302E+1	5.5156601367E-3
7.7199768263E-1	8.9435503593E+1	5.5290553166E-3
7.7753339704E-1	9.4840282860E+1	5.5423580985E-3
7.8308236795E-1	9.9841238188E+1	5.5555682601E-3
7.8864450262E-1	1.0436019637E+2	5.5686855808E-3
7.9421970809E-1	1.0835039107E+2	5.5817098412E-3
7.9980789121E-1	1.1173488883E+2	5.5946408237E-3
8.0540895857E-1	1.1448627772E+2	5.6074783123E-3
8.1102281659E-1	1.1653714342E+2	5.6202220924E-3
8.1664937145E-1	1.1787777848E+2	5.6328719509E-3
8.2228852912E-1	1.1845773672E+2	5.6454276767E-3
8.2794019536E-1	1.1828363049E+2	5.6578890597E-3
8.3360427572E-1	1.1732742782E+2	5.6702558918E-3
8.3928067556E-1	1.1561138180E+2	5.6825279663E-3
8.4496930000E-1	1.1313283902E+2	5.6947050782E-3
8.5067005399E-1	1.0992959588E+2	5.7067870238E-3
8.5638284226E-1	1.0602491717E+2	5.7187736014E-3
8.6210756934E-1	1.0147217380E+2	5.7306646105E-3
8.6784413956E-1	9.6319026275E+1	5.7424598526E-3
8.7359245705E-1	9.0634040423E+1	5.7541591304E-3
8.7935242576E-1	8.4486157766E+1	5.7657622485E-3
8.8512394943E-1	7.7957900744E+1	5.7772690129E-3
8.9090693161E-1	7.1135236391E+1	5.7886792314E-3
8.9670127565E-1	6.4112284645E+1	5.7999927133E-3
9.0250688473E-1	5.6987021844E+1	5.8112092696E-3
9.0832366182E-1	4.9861632198E+1	5.8223287127E-3
9.1415150972E-1	4.2840630592E+1	5.8333508568E-3
9.1999033104E-1	3.6029691251E+1	5.8442755178E-3
9.2584002820E-1	2.9534196192E+1	5.8551025132E-3
9.3170050345E-1	2.3457969613E+1	5.8658316618E-3
9.3757165885E-1	1.7901615816E+1	5.8764627846E-3
9.4345339628E-1	1.2961371880E+1	5.8869957037E-3
9.4934561746E-1	8.7276642041E+0	5.8974302433E-3
9.5524822392E-1	5.2834267190E+0	5.9077662288E-3
9.6116111701E-1	2.7039663689E+0	5.9180034877E-3
9.6708419793E-1	1.0536503800E+0	5.9281418487E-3
9.7301736769E-1	3.8838653056E-1	5.9381811425E-3
9.7896052713E-1	7.4958034570E-1	5.9481212013E-3
9.8491357695E-1	2.1703005077E+0	5.9579618591E-3
9.9087641766E-1	4.6658420689E+0	5.9677029512E-3
9.9684894961E-1	8.2439699473E+0	5.9773443150E-3
1.0028310730E+0	1.2892285301E+1	5.9868857894E-3
1.0088226878E+0	1.8591838138E+1	5.9963272149E-3
1.0148236940E+0	2.5302758762E+1	6.0056684336E-3
1.0208339913E+0	3.2979037846E+1	6.0149092896E-3
1.0268534791E+0	4.1555506899E+1	6.0240496283E-3
1.0328820570E+0	5.0959770114E+1	6.0330892971E-3
1.0389196241E+0	6.1105503013E+1	6.0420281448E-3
1.0449660796E+0	7.1895515998E+1	6.0508660221E-3
1.0510213224E+0	8.3228319776E+1	6.0596027814E-3
1.0570852514E+0	9.4984324269E+1	6.0682382765E-3
1.0631577652E+0	1.0705442675E+2	6.0767723631E-3
1.0692387623E+0	1.1929972403E+2	6.0852048988E-3
1.0753281411E+0	1.3161214219E+2	6.0935357425E-3
1.0814257998E+0	1.4383718816E+2	6.1017647550E-3
1.0875316366E+0	1.5587689764E+2	6.1098917988E-3
1.0936455494E+0	1.6756556422E+2	6.1179167381E-3
1.0997674360E+0	1.7882403859E+2	6.1258394388E-3
1.1058971941E+0	1.8948053129E+2	6.1336597685E-3
1.1120347214E+0	1.9948211609E+2	6.1413775965E-3
1.1181799151E+0	2.0865696356E+2	6.1489927938E-3
1.1243326727E+0	2.1698354513E+2	6.1565052331E-3
1.1304928913E+0	2.2429710234E+2	6.1639147890E-3
1.1366604679E+0	2.3060962642E+2	6.1712213376E-3
1.1428352996E+0	2.3577166002E+2	6.1784247568E-3
1.1490172830E+0	2.3982724222E+2	6.1855249261E-3
1.1552063150E+0	2.4265139125E+2	6.1925217271E-3
1.1614022920E+0	2.4431502704E+2	6.1994150427E-3
1.1676051105E+0	2.4472724560E+2	6.2062047577E-3
1.1738146669E+0	2.4397745265E+2	6.2128907587E-3
1.1800308574E+0	2.4201792639E+2	6.2194729339E-3
1.1862535782E+0	2.3894601532E+2	6.2259511734E-3
1.1924827251E+0	2.3476447667E+2	6.2323253688E-3
1.1987181942E+0	2.2956752303E+2	6.2385954138E-3
1.2049598812E+0	2.2341233835E+2	6.2447612034E-3
1.2112076818E+0	2.1638029748E+2	6.2508226346E-3
1.2174614916E+0	2.0858212486E+2	6.2567796062E-3
1.2237212062E+0	2.0007987623E+2	6.2626320186E-3
1.2299867208E+0	1.9103105744E+2	6.2683797740E-3
1.2362579308E+0	1.8147647291E+2	6.2740227763E-3
1.2425347314E+0	1.7160759255E+2	6.2795609313E-3
1.2488170177E+0	1.6144698313E+2	6.2849941464E-3
1.2551046847E+0	1.5120217444E+2	6.2903223308E-3
1.2613976273E+0	1.4088466635E+2	6.2955453954E-3
1.2676957404E+0	1.3069725445E+2	6.3006632530E-3
1.2739989187E+0	1.2064975841E+2	6.3056758180E-3
1.2803070569E+0	1.1091971720E+2	6.3105830068E-3
1.2866200496E+0	1.0152416221E+2	6.3153847371E-3
1.2929377912E+0	9.2598649377E+1	6.3200809290E-3
1.2992601762E+0	8.4173031206E+1	6.3246715037E-3
1.3055870990E+0	7.6330997440E+1	6.3291563847E-3
1.3119184537E+0	6.9115525882E+1	6.3335354970E-3
1.3182541347E+0	6.2557109757E+1	6.3378087674E-3
1.3245940360E+0	5.6706329286E+1	6.3419761245E-3
1.3309380516E+0	5.1547474862E+1	6.3460374987E-3
1.3372860756E+0	4.7128711388E+1	6.3499928220E-3
1.3436380019E+0	4.3401189339E+1	6.3538420284E-3
1.3499937243E+0	4.0399104077E+1	6.3575850535E-3
1.3563531366E+0	3.8055863956E+1	6.3612218349E-3
1.3627161325E+0	3.6382358708E+1	6.3647523117E-3
1.3690826057E+0	3.5307861127E+1	6.3681764249E-3
1.3754524499E+0	3.4816162210E+1	6.3714941173E-3
1.3818255585E+0	3.4841011754E+1	6.3747053335E-3
1.3882018250E+0	3.5342523859E+1	6.3778100198E-3
1.3945811430E+0	3.6261351638E+1	6.3808081243E-3
1.4009634057E+0	3.7543835059E+1	6.3836995970E-3
1.4073485066E+0	3.9135010608E+1	6.3864843894E-3
1.4137363389E+0	4.0980759612E+1	6.3891624551E-3
1.4201267959E+0	4.3026228388E+1	6.3917337493E-3
1.4265197708E+0	4.5229136310E+1	6.3941982290E-3
1.4329151568E+0	4.7532574898E+1	6.3965558531E-3
1.4393128469E+0	4.9913172436E+1	6.3988065821E-3
1.4457127343E+0	5.2314797972E+1	6.4009503785E-3
1.4521147120E+0	5.4732483434E+1	6.4029872063E-3
1.4585186731E+0	5.7119256945E+1	6.4049170317E-3
1.4649245104E+0	5.9480997244E+1	6.4067398222E-3
1.4713321170E+0	6.1791556865E+1	6.4084555476E-3
1.4777413858E+0	6.4056383769E+1	6.4100641790E-3
1.4841522097E+0	6.6280702783E+1	6.4115656896E-3
1.4905644815E+0	6.8459453775E+1	6.4129600544E-3
1.4969780940E+0	7.0633788098E+1	6.4142472499E-3
1.5033929402E+0	7.2783828020E+1	6.4154272548E-3
1.5098089128E+0	7.4981881253E+1	6.4165000493E-3
1.5162259046E+0	7.7197014611E+1	6.4174656154E-3
1.5226438083E+0	7.9518368925E+1	6.4183239370E-3
1.5290625167E+0	8.1914752474E+1	6.4190749998E-3
1.5354819225E+0	8.4471544646E+1	6.4197187912E-3
1.5419019185E+0	8.7170998129E+1	6.4202553005E-3
1.5483223974E+0	9.0073679284E+1	6.4206845187E-3
1.5547432518E+0	9.3186204512E+1	6.4210064386E-3
1.5611643745E+0	9.6529135377E+1	6.4212210549E-3
1.5675856581E+0	1.0013656417E+2	6.4213283639E-3
1.5740069954E+0	1.0398423909E+2	6.4213283639E-3
1.5804282791E+0	1.0812670503E+2	6.4212210549E-3
1.5868494018E+0	1.1250155325E+2	6.4210064386E-3
1.5932702562E+0	1.1716799271E+2	6.4206845187E-3
1.5996907351E+0	1.2204087470E+2	6.4202553005E-3
1.6061107310E+0	1.2716415890E+2	6.4197187912E-3
1.6125301369E+0	1.3244872244E+2	6.4190749998E-3
1.6189488453E+0	1.3790547026E+2	6.4183239370E-3
1.6253667490E+0	1.4345734763E+2	6.4174656154E-3
1.6317837408E+0	1.4907208920E+2	6.4165000493E-3
1.6381997134E+0	1.5469347798E+2	6.4154272548E-3
1.6446145595E+0	1.6024666171E+2	6.4142472499E-3
1.6510281721E+0	1.6569620828E+2	6.4129600544E-3
1.6574404439E+0	1.7093550934E+2	6.4115656896E-3
1.6638512678E+0	1.7594274886E+2	6.4100641790E-3
1.6702605366E+0	1.8059713718E+2	6.4084555476E-3
1.6766681432E+0	1.8488019423E+2	6.4067398222E-3
1.6830739805E+0	1.8867615529E+2	6.4049170317E-3
1.6894779416E+0	1.9196109237E+2	6.4029872063E-3
1.6958799193E+0	1.9464022329E+2	6.4009503785E-3
1.7022798067E+0	1.9668037619E+2	6.3988065821E-3
1.7086774968E+0	1.9801733434E+2	6.3965558531E-3
1.7150728827E+0	1.9861114822E+2	6.3941982290E-3
1.7214658576E+0	1.9843069537E+2	6.3917337493E-3
1.7278563146E+0	1.9743687479E+2	6.3891624551E-3
1.7342441470E+0	1.9562863805E+2	6.3864843894E-3
1.7406292478E+0	1.9297774668E+2	6.3836995970E-3
1.7470115106E+0	1.8950737960E+2	6.3808081243E-3
1.7533908286E+0	1.8520930387E+2	6.3778100198E-3
1.7597670951E+0	1.8012499246E+2	6.3747053335E-3
1.7661402037E+0	1.7427190043E+2	6.3714941173E-3
1.7725100479E+0	1.6770557528E+2	6.3681764249E-3
1.7788765211E+0	1.6047018336E+2	6.3647523117E-3
1.7852395170E+0	1.5263328676E+2	6.3612218349E-3
1.7915989293E+0	1.4426243473E+2	6.3575850535E-3
1.7979546517E+0	1.3543656267E+2	6.3538420284E-3
1.8043065780E+0	1.2624032545E+2	6.3499928220E-3
1.8106546020E+0	1.1676345108E+2	6.3460374987E-3
1.8169986176E+0	1.0710028943E+2	6.3419761245E-3
1.8233385189E+0	9.7349545535E+1	6.3378087674E-3
1.8296741999E+0	8.7608291134E+1	6.3335354970E-3
1.8360055546E+0	7.7980445815E+1	6.3291563847E-3
1.8423324774E+0	6.8560182245E+1	6.3246715037E-3
1.8486548624E+0	5.9451006506E+1	6.3200809290E-3
1.8549726040E+0	5.0740099074E+1	6.3153847371E-3
1.8612855967E+0	4.2523823166E+1	6.3105830068E-3
1.8675937349E+0	3.4879432417E+1	6.3056758180E-3
1.8738969132E+0	2.7889439782E+1	6.3006632530E-3
1.8801950263E+0	2.1618814317E+1	6.2955453954E-3
1.8864879689E+0	1.6130633225E+1	6.2903223308E-3
1.8927756359E+0	1.1475327238E+1	6.2849941464E-3
1.8990579222E+0	7.6928483496E+0	6.2795609313E-3
1.9053347228E+0	4.8167743742E+0	6.2740227763E-3
1.9116059328E+0	2.8624424670E+0	6.2683797740E-3
1.9178714474E+0	1.8443832885E+0	6.2626320186E-3
1.9241311620E+0	1.7538834017E+0	6.2567796062E-3
1.9303849718E+0	2.5847803200E+0	6.2508226346E-3
1.9366327724E+0	4.3064709468E+0	6.2447612034E-3
1.9428744594E+0	6.8915034445E+0	6.2385954138E-3
1.9491099285E+0	1.0290559247E+1	6.2323253688E-3
1.9553390754E+0	1.4455750995E+1	6.2259511734E-3
1.9615617961E+0	1.9322688118E+1	6.2194729339E-3
1.9677779867E+0	2.4825527912E+1	6.2128907587E-3
1.9739875431E+0	3.0888520905E+1	6.2062047577E-3
1.9801903616E+0	3.7431882773E+1	6.1994150427E-3
1.9863863386E+0	4.4372065015E+1	6.1925217271E-3
1.9925753706E+0	5.1620555396E+1	6.1855249261E-3
1.9987573540E+0	5.9089339900E+1	6.1784247568E-3
2.0049321857E+0	6.6687096591E+1	6.1712213376E-3
2.0110997623E+0	7.4324469261E+1	6.1639147890E-3
2.0172599809E+0	8.1913390697E+1	6.1565052331E-3
2.0234127385E+0	8.9366114899E+1	6.1489927938E-3
2.0295579322E+0	9.6603511245E+1	6.1413775965E-3
2.0356954595E+0	1.0354223654E+2	6.1336597685E-3
2.0418252176E+0	1.1011696461E+2	6.1258394388E-3
2.0479471042E+0	1.1625134475E+2	6.1179167381E-3
2.0540610170E+0	1.2189761148E+2	6.1098917988E-3
2.0601668538E+0	1.2698869561E+2	6.1017647550E-3
2.0662645125E+0	1.3149688094E+2	6.0935357425E-3
2.0723538913E+0	1.3536623453E+2	6.0852048988E-3
2.0784348884E+0	1.3859028207E+2	6.0767723631E-3
2.0845074022E+0	1.4112550692E+2	6.0682382765E-3
2.0905713312E+0	1.4298664679E+2	6.0596027814E-3
2.0966265740E+0	1.4414318893E+2	6.0508660221E-3
2.1026730295E+0	1.4462997637E+2	6.0420281448E-3
2.1087105966E+0	1.4442932376E+2	6.0330892971E-3
2.1147391745E+0	1.4359418552E+2	6.0240496283E-3
2.1207586623E+0	1.4211875196E+2	6.0149092896E-3
2.1267689596E+0	1.4007141850E+2	6.0056684336E-3
2.1327699657E+0	1.3745657676E+2	5.9963272149E-3
2.1387615806E+0	1.3435493084E+2	5.9868857894E-3
2.1447437040E+0	1.3077878868E+2	5.9773443150E-3
2.1507162359E+0	1.2681777472E+2	5.9677029512E-3
2.1566790766E+0	1.2248937710E+2	5.9579618591E-3
2.1626321265E+0	1.1788868464E+2	5.9481212013E-3
2.1685752859E+0	1.1303537076E+2	5.9381811425E-3
2.1745084557E+0	1.0802662936E+2	5.9281418487E-3
2.1804315366E+0	1.0288127459E+2	5.9180034877E-3
2.1863444297E+0	9.7695477782E+1	5.9077662288E-3
2.1922470361E+0	9.2484310741E+1	5.8974302433E-3
2.1981392573E+0	8.7340127799E+1	5.8869957037E-3
2.2040209947E+0	8.2271737066E+1	5.8764627846E-3
2.2098921501E+0	7.7365280225E+1	5.8658316618E-3
2.2157526254E+0	7.2621320299E+1	5.8551025132E-3
2.2216023226E+0	6.8117817969E+1	5.8442755178E-3
2.2274411439E+0	6.3845797208E+1	5.8333508568E-3
2.2332689918E+0	5.9873490229E+1	5.8223287127E-3
2.2390857689E+0	5.6181883766E+1	5.8112092696E-3
2.2448913779E+0	5.2828319831E+1	5.7999927133E-3
2.2506857220E+0	4.9784106697E+1	5.7886792314E-3
2.2564687042E+0	4.7094867195E+1	5.7772690129E-3
2.2622402278E+0	4.4723451842E+1	5.7657622485E-3
2.2680001965E+0	4.2703213099E+1	5.7541591304E-3
2.2737485140E+0	4.0990564804E+1	5.7424598526E-3
2.2794850843E+0	3.9606278305E+1	5.7306646105E-3
2.2852098113E+0	3.8503013784E+1	5.7187736014E-3
2.2909225996E+0	3.7688892101E+1	5.7067870238E-3
2.2966233536E+0	3.7115942111E+1	5.6947050782E-3
2.3023119780E+0	3.6779862383E+1	5.6825279663E-3
2.3079883779E+0	3.6635305892E+1	5.6702558918E-3
2.3136524582E+0	3.6666192470E+1	5.6578890597E-3
2.3193041245E+0	3.6832813898E+1	5.6454276767E-3
2.3249432821E+0	3.7108536851E+1	5.6328719509E-3
2.3305698370E+0	3.7461662209E+1	5.6202220924E-3
2.3361836950E+0	3.7856988016E+1	5.6074783123E-3
2.3417847624E+0	3.8272181248E+1	5.5946408237E-3
2.3473729455E+0	3.8666335646E+1	5.5817098412E-3
2.3529481510E+0	3.9026581490E+1	5.5686855808E-3
2.3585102856E+0	3.9310031426E+1	5.5555682601E-3
2.3640592565E+0	3.9512088136E+1	5.5423580985E-3
2.3695949710E+0	3.9592220164E+1	5.5290553166E-3
2.3751173364E+0	3.9551886443E+1	5.5156601367E-3
2.3806262605E+0	3.9357350644E+1	5.5021727828E-3
2.3861216513E+0	3.9013449364E+1	5.4885934801E-3
2.3916034169E+0	3.8497046075E+1	5.4749224557E-3
2.3970714657E+0	3.7813980949E+1	5.4611599379E-3
2.4025257064E+0	3.6954080573E+1	5.4473061568E-3
2.4079660477E+0	3.5922876098E+1	5.4333613439E-3
2.4133923988E+0	3.4723462452E+1	5.4193257323E-3
2.4188046690E+0	3.3361264272E+1	5.4051995564E-3
2.4242027678E+0	3.1850757828E+1	5.3909830523E-3
2.4295866050E+0	3.0198863461E+1	5.3766764577E-3
2.4349560907E+0	2.8427896729E+1	5.3622800116E-3
2.4403111352E+0	2.6548508169E+1	5.3477939546E-3
2.4456516489E+0	2.4586794205E+1	5.3332185287E-3
2.4509775425E+0	2.2558813629E+1	5.3185539776E-3
2.4562887272E+0	2.0491202107E+1	5.3038005463E-3
2.4615851141E+0	1.8405482064E+1	5.2889584814E-3
2.4668666147E+0	1.6327291216E+1	5.2740280309E-3
2.4721331408E+0	1.4281743003E+1	5.2590094442E-3
2.4773846043E+0	1.2293539686E+1	5.2439029725E-3
2.4826209175E+0	1.0388371210E+1	5.2287088681E-3
2.4878419929E+0	8.5905400369E+0	5.2134273849E-3
2.4930477432E+0	6.9236880611E+0	5.1980587783E-3
2.4982380815E+0	5.4112890699E+0	5.1826033052E-3
2.5034129210E+0	4.0739676717E+0	5.1670612238E-3
2.5085721752E+0	2.9323760166E+0	5.1514327939E-3
2.5137157579E+0	2.0047325665E+0	5.1357182766E-3
2.5188435831E+0	1.3062869597E+0	5.1199179345E-3
2.5239555652E+0	8.5345380120E-1	5.1040320318E-3
2.5290516187E+0	6.5491979202E-1	5.0880608338E-3
2.5341316585E+0	7.2404714207E-1	5.0720046074E-3
2.5391955997E+0	1.0644577040E+0	5.0558636210E-3
2.5442433576E+0	1.6832427597E+0	5.0396381444E-3
2.5492748479E+0	2.5819327165E+0	5.0233284486E-3
2.5542899865E+0	3.7585653528E+0	5.0069348063E-3
2.5592886896E+0	5.2138786344E+0	4.9904574913E-3
2.5642708737E+0	6.9376006735E+0	4.9738967791E-3
2.5692364555E+0	8.9271631519E+0	4.9572529464E-3
2.5741853520E+0	1.1168578319E+1	4.9405262713E-3
2.5791174805E+0	1.3651481335E+1	4.9237170334E-3
2.5840327586E+0	1.6362729487E+1	4.9068255135E-3
2.5889311042E+0	1.9282654237E+1	4.8898519940E-3
2.5938124354E+0	2.2398737434E+1	4.8727967585E-3
2.5986766706E+0	2.5686354558E+1	4.8556600920E-3
2.6035237285E+0	2.9128692537E+1	4.8384422809E-3
2.6083535282E+0	3.2702837812E+1	4.8211436130E-3
2.6131659889E+0	3.6384164874E+1	4.8037643772E-3
2.6179610302E+0	4.0153444512E+1	4.7863048641E-3
2.6227385719E+0	4.3981559455E+1	4.7687653653E-3
2.6274985343E+0	4.7848358480E+1	4.7511461741E-3
2.6322408378E+0	5.1727569410E+1	4.7334475849E-3
2.6369654032E+0	5.5593696786E+1	4.7156698934E-3
2.6416721513E+0	5.9426095040E+1	4.6978133967E-3
2.6463610038E+0	6.3196745386E+1	4.6798783932E-3
2.6510318821E+0	6.6886105295E+1	4.6618651826E-3
2.6556847082E+0	7.0470678191E+1	4.6437740661E-3
2.6603194043E+0	7.3927908935E+1	4.6256053458E-3
2.6649358931E+0	7.7240693594E+1	4.6073593254E-3
2.6695340973E+0	8.0386731290E+1	4.5890363098E-3
2.6741139402E+0	8.3350550991E+1	4.5706366053E-3
2.6786753451E+0	8.6115902940E+1	4.5521605193E-3
2.6832182358E+0	8.8666431634E+1	4.5336083606E-3
2.6877425365E+0	9.0991589504E+1	4.5149804392E-3
2.6922481716E+0	9.3078082895E+1	4.4962770664E-3
2.6967350656E+0	9.4916774653E+1	4.4774985548E-3
2.7012031437E+0	9.6500587437E+1	4.4586452181E-3
2.7056523312E+0	9.7821791493E+1	4.4397173715E-3
2.7100825537E+0	9.8877179671E+1	4.4207153312E-3
2.7144937373E+0	9.9663598539E+1	4.4016394148E-3
2.7188858081E+0	1.0017962550E+2	4.3824899412E-3
2.7232586927E+0	1.0042655118E+2	4.3632672302E-3
2.7276123182E+0	1.0040609879E+2	4.3439716031E-3
2.7319466117E+0	1.0012220812E+2	4.3246033825E-3
2.7362615009E+0	9.9580076046E+1	4.3051628919E-3
2.7405569135E+0	9.8786451599E+1	4.2856504563E-3
2.7448327779E+0	9.7749185507E+1	4.2660664016E-3
2.7490890226E+0	9.6477244806E+1	4.2464110553E-3
2.7533255764E+0	9.4981575966E+1	4.2266847457E-3
2.7575423685E+0	9.3272730388E+1	4.2068878026E-3
2.7617393285E+0	9.1363147332E+1	4.1870205567E-3
2.7659163863E+0	8.9266642259E+1	4.1670833400E-3
2.7700734720E+0	8.6995588988E+1	4.1470764858E-3
2.7742105162E+0	8.4565200880E+1	4.1270003283E-3
2.7783274497E+0	8.1990813294E+1	4.1068552032E-3
2.7824242037E+0	7.9285884996E+1	4.0866414469E-3
2.7865007098E+0	7.6467411640E+1	4.0663593974E-3
2.7905568999E+0	7.3551116418E+1	4.0460093936E-3
2.7945927061E+0	7.0550788581E+1	4.0255917754E-3
2.7986080610E+0	6.7484134438E+1	4.0051068843E-3
2.8026028975E+0	6.4366401473E+1	3.9845550624E-3
2.8065771489E+0	6.1210902898E+1	3.9639366533E-3
2.8105307487E+0	5.8035065662E+1	3.9432520014E-3
2.8144636309E+0	5.4853050866E+1	3.9225014525E-3
2.8183757298E+0	5.1676888513E+1	3.9016853533E-3
2.8222669799E+0	4.8522882318E+1	3.8808040517E-3
2.8261373163E+0	4.5403733924E+1	3.8598578967E-3
2.8299866742E+0	4.2329470604E+1	3.8388472382E-3
2.8338149894E+0	3.9314558632E+1	3.8177724274E-3
2.8376221978E+0	3.6370095496E+1	3.7966338166E-3
2.8414082359E+0	3.3503579511E+1	3.7754317588E-3
2.8451730403E+0	3.0726993376E+1	3.7541666086E-3
2.8489165482E+0	2.8049876747E+1	3.7328387211E-3
2.8526386969E+0	2.5476990535E+1	3.7114484529E-3
2.8563394244E+0	2.3017200720E+1	3.6899961614E-3
2.8600186687E+0	2.0678610865E+1	3.6684822051E-3
2.8636763684E+0	1.8463483048E+1	3.6469069436E-3
2.8673124623E+0	1.6376976933E+1	3.6252707373E-3
2.8709268897E+0	1.4425733818E+1	3.6035739479E-3
2.8745195901E+0	1.2610259283E+1	3.5818169379E-3
2.8780905036E+0	1.0931669986E+1	3.5600000709E-3
2.8816395704E+0	9.3947001998E+0	3.5381237115E-3
2.8851667313E+0	7.9991690247E+0	3.5161882254E-3
2.8886719273E+0	6.7424713228E+0	3.4941939790E-3
2.8921550998E+0	5.6264813175E+0	3.4721413399E-3
2.8956161906E+0	4.6511696006E+0	3.4500306767E-3
2.8990551419E+0	3.8115588017E+0	3.4278623588E-3
2.9024718962E+0	3.1056441319E+0	3.4056367567E-3
2.9058663965E+0	2.5333470758E+0	3.3833542419E-3
2.9092385859E+0	2.0894766593E+0	3.3610151867E-3
2.9125884081E+0	1.7681400727E+0	3.3386199643E-3
2.9159158072E+0	1.5676373652E+0	3.3161689492E-3
2.9192207275E+0	1.4842491509E+0	3.2936625164E-3
2.9225031139E+0	1.5101373591E+0	3.2711010421E-3
2.9257629114E+0	1.6401667807E+0	3.2484849032E-3
2.9290000656E+0	1.8715828359E+0	3.2258144779E-3
2.9322145224E+0	2.1977164000E+0	3.2030901448E-3
2.9354062280E+0	2.6103136337E+0	3.1803122838E-3
2.9385751292E+0	3.1049277529E+0	3.1574812755E-3
2.9417211730E+0	3.6773860692E+0	3.1345975014E-3
2.9448443068E+0	4.3196157282E+0	3.1116613440E-3
2.9479444784E+0	5.0239381981E+0	3.0886731866E-3
2.9510216360E+0	5.7862521509E+0	3.0656334132E-3
2.9540757281E+0	6.6015298557E+0	3.0425424091E-3
2.9571067038E+0	7.4615402437E+0	3.0194005599E-3
2.9601145124E+0	8.3593909274E+0	2.9962082525E-3
2.9630991036E+0	9.2912749493E+0	2.9729658744E-3
2.9660604276E+0	1.0252151928E+1	2.9496738141E-3
2.9689984348E+0	1.1234375645E+1	2.9263324607E-3
2.9719130762E+0	1.2231780579E+1	2.9029422044E-3
2.9748043031E+0	1.3240988799E+1	2.8795034361E-3
2.9776720671E+0	1.4257680757E+1	2.8560165473E-3
2.9805163203E+0	1.5275241779E+1	2.8324819307E-3
2.9833370151E+0	1.6288132320E+1	2.8088999795E-3
2.9861341046E+0	1.7293475459E+1	2.7852710878E-3
2.9889075418E+0	1.8288154062E+1	2.7615956505E-3
2.9916572805E+0	1.9266957013E+1	2.7378740632E-3
2.9943832747E+0	2.0224943675E+1	2.7141067224E-3
2.9970854788E+0	2.1159599886E+1	2.6902940251E-3
2.9997638477E+0	2.2069134892E+1	2.6664363695E-3
3.0024183367E+0	2.2950115628E+1	2.6425341541E-3
3.0050489013E+0	2.3798402442E+1	2.6185877784E-3
3.0076554977E+0	2.4611567911E+1	2.5945976426E-3
3.0102380822E+0	2.5388784597E+1	2.5705641475E-3
3.0127966116E+0	2.6128588215E+1	2.5464876949E-3
3.0153310434E+0	2.6828182858E+1	2.5223686871E-3
3.0178413350E+0	2.7485191503E+1	2.4982075270E-3
3.0203274445E+0	2.8098978654E+1	2.4740046186E-3
3.0227893304E+0	2.8669620461E+1	2.4497603662E-3
3.0252269516E+0	2.9196246899E+1	2.4254751751E-3
3.0276402673E+0	2.9677175270E+1	2.4011494510E-3
3.0300292371E+0	3.0111450821E+1	2.3767836004E-3
3.0323938212E+0	3.0499511780E+1	2.3523780306E-3
3.0347339801E+0	3.0842156536E+1	2.3279331494E-3
3.0370496746E+0	3.1139361553E+1	2.3034493653E-3
3.0393408660E+0	3.1390496459E+1	2.2789270875E-3
3.0416075160E+0	3.1595492993E+1	2.2543667257E-3
3.0438495869E+0	3.1755378499E+1	2.2297686905E-3
3.0460670410E+0	3.1871574177E+1	2.2051333928E-3
3.0482598414E+0	3.1944942205E+1	2.1804612443E-3
3.0504279513E+0	3.1975730124E+1	2.1557526574E-3
3.0525713347E+0	3.1964357805E+1	2.1310080450E-3
3.0546899556E+0	3.1912038877E+1	2.1062278206E-3
3.0567837786E+0	3.1820551050E+1	2.0814123983E-3
3.0588527688E+0	3.1691504049E+1	2.0565621928E-3
3.0608968915E+0	3.1525944613E+1	2.0316776194E-3
3.0629161127E+0	3.1324658186E+1	2.0067590939E-3
3.0649103985E+0	3.1088759764E+1	1.9818070327E-3
3.0668797157E+0	3.0819935805E+1	1.9568218529E-3
3.0688240313E+0	3.0520138283E+1	1.9318039720E-3
3.0707433129E+0	3.0191093302E+1	1.9067538080E-3
3.0726375283E+0	2.9834103725E+1	1.8816717796E-3
3.0745066460E+0	2.9450277493E+1	1.8565583060E-3
3.0763506346E+0	2.9040912528E+1	1.8314138067E-3
3.0781694634E+0	2.8607675623E+1	1.8062387021E-3
3.0799631019E+0	2.8152447944E+1	1.7810334128E-3
3.0817315203E+0	2.7677011442E+1	1.7557983600E-3
3.0834746889E+0	2.7182850484E+1	1.7305339655E-3
3.0851925786E+0	2.6671202655E+1	1.7052406515E-3
3.0868851607E+0	2.6143277633E+1	1.6799188405E-3
3.0885524069E+0	2.5600452132E+1	1.6545689559E-3
3.0901942894E+0	2.5044300314E+1	1.6291914212E-3
3.0918107807E+0	2.4476462509E+1	1.6037866605E-3
3.0934018538E+0	2.3898468167E+1	1.5783550984E-3
3.0949674821E+0	2.3311637678E+1	1.5528971598E-3
3.0965076394E+0	2.2717111213E+1	1.5274132703E-3
3.0980223001E+0	2.2115962968E+1	1.5019038556E-3
3.0995114388E+0	2.1509315273E+1	1.4763693421E-3
3.1009750306E+0	2.0898384003E+1	1.4508101565E-3
3.1024130510E+0	2.0284440718E+1	1.4252267258E-3
3.1038254761E+0	1.9668727771E+1	1.3996194778E-3
3.1052122822E+0	1.9052381233E+1	1.3739888402E-3
3.1065734461E+0	1.8436400202E+1	1.3483352414E-3
3.1079089451E+0	1.7821668547E+1	1.3226591101E-3
3.1092187570E+0	1.7209007905E+1	1.2969608754E-3
3.1105028597E+0	1.6599230712E+1	1.2712409668E-3
3.1117612318E+0	1.5993169077E+1	1.2454998140E-3
3.1129938524E+0	1.5391671756E+1	1.2197378472E-3
3.1142007007E+0	1.4795577440E+1	1.1939554970E-3
3.1153817567E+0	1.4205680905E+1	1.1681531941E-3
3.1165370006E+0	1.3622707520E+1	1.1423313699E-3
3.1176664131E+0	1.3047304335E+1	1.1164904558E-3
3.1187699753E+0	1.2480047520E+1	1.0906308836E-3
3.1198476688E+0	1.1921459983E+1	1.0647530855E-3
3.1208994755E+0	1.1372031122E+1	1.0388574939E-3
3.1219253780E+0	1.0832232017E+1	1.0129445417E-3
3.1229253590E+0	1.0302522703E+1	9.8701466182E-4
3.1238994018E+0	9.7833515375E+0	9.6106828758E-4
3.1248474902E+0	9.2751491991E+0	9.3510585261E-4
3.1257696083E+0	8.7783207597E+0	9.0912779076E-4
3.1266657407E+0	8.2932389071E+0	8.8313453619E-4
3.1275358724E+0	7.8202401572E+0	8.5712652325E-4
3.1283799890E+0	7.3596245390E+0	8.3110418659E-4
3.1291980762E+0	6.9116581721E+0	8.0506796108E-4
3.1299901204E+0	6.4765776095E+0	7.7901828182E-4
3.1307561084E+0	6.0545947405E+0	7.5295558414E-4
3.1314960274E+0	5.6459012976E+0	7.2688030358E-4
3.1322098650E+0	5.2506723944E+0	7.0079287589E-4
3.1328976092E+0	4.8690689071E+0	6.7469373705E-4
3.1335592487E+0	4.5012388031E+0	6.4858332323E-4
3.1341947723E+0	4.1473176960E+0	6.2246207073E-4
3.1348041694E+0	3.8074289586E+0	5.9633041614E-4
3.1353874298E+0	3.4816836964E+0	5.7018879612E-4
3.1359445438E+0	3.1701808035E+0	5.4403764760E-4
3.1364755020E+0	2.8730072262E+0	5.1787740760E-4
3.1369802957E+0	2.5902384757E+0	4.9170851331E-4
3.1374589163E+0	2.3219393677E+0	4.6553140213E-4
3.1379113559E+0	2.0681649292E+0	4.3934651156E-4
3.1383376069E+0	1.8289614029E+0	4.1315427928E-4
3.1387376622E+0	1.6043672811E+0	3.8695514312E-4
3.1391115150E+0	1.3944143141E+0	3.6074954110E-4
3.1394591592E+0	1.1991284566E+0	3.3453791144E-4
3.1397805890E+0	1.0185307298E+0	3.0832069259E-4
3.1400757989E+0	8.5263798957E-1	2.8209832342E-4
3.1403447841E+0	7.0146360286E-1	2.5587124334E-4
3.1405875400E+0	5.6501803658E-1	2.2963989267E-4
3.1408040626E+0	4.4330936779E-1	2.0340471372E-4
3.1409943483E+0	3.3634372373E-1	1.7716615272E-4
3.1411583939E+0	2.4412565822E-1	1.5092466531E-4
3.1412961968E+0	1.6665846780E-1	1.2468073282E-4
3.1414077547E+0	1.0394443959E-1	9.8434919423E-5
3.1414930663E+0	5.5984978011E-2	7.2188137769E-5
3.1415521316E+0	2.2780244238E-2	4.5943520243E-5
3.1415849628E+0	4.3235116391E-3	1.9736940383E-5