# Differential cross section		
# Author: P. Swaczyna	Princeton University	(swaczyna@princeton.edu)
# Date: 	Tue 3 Nov 2020 16:22:59	
# 		
# Elastic collision: H^+ + He^0 -> H^+ + He^0		
# 		
# Red. mass: 	7.4962491838E+8	 eV/c^2
# CM energy: 	2.1134890398E-4	 eV
# Rel speed: 	2.2511979960E+4	 cm/s
# Tot sigma: 	3.3352801187E+3	 a.u.
# Int sigma: 	3.3352801187E+3	 a.u.
# 		
# Columns:		
# the <- scattering angle (rad)		
# dcs <- dsigma/dOmega*2*pi*sin(the) (a.u. = 2.8002852056E-17 cm^2)		
# wei <- weight for cross section integration (approx. width of angle bin)		
# 		
# the	dcs	wei
7.6907532846E-6	3.4237511077E-1	1.9736940383E-5
4.0521979771E-5	1.8039473099E+0	4.5943520243E-5
9.9587300392E-5	4.4333963691E+0	7.2188137769E-5
1.8489884726E-4	8.2312363218E+0	9.8434919423E-5
2.9645680168E-4	1.3197402076E+1	1.2468073282E-4
4.3425968311E-4	1.9331668737E+1	1.5092466531E-4
5.9830531657E-4	2.6633644079E+1	1.7716615272E-4
7.8859101285E-4	3.5102714213E+1	2.0340471372E-4
1.0051136166E-3	4.4737971686E+1	2.2963989267E-4
1.2478695220E-3	5.5538130723E+1	2.5587124334E-4
1.5168546797E-3	6.7501430897E+1	2.8209832342E-4
1.8120645986E-3	8.0625529963E+1	3.0832069259E-4
2.1334943481E-3	9.4907386562E+1	3.3453791144E-4
2.4811385584E-3	1.1034313367E+2	3.6074954110E-4
2.8549914211E-3	1.2692794388E+2	3.8695514312E-4
3.2550466893E-3	1.4465588788E+2	4.1315427928E-4
3.6812976783E-3	1.6351978783E+2	4.3934651156E-4
4.1337372652E-3	1.8351106768E+2	4.6553140213E-4
4.6123578895E-3	2.0461960287E+2	4.9170851331E-4
5.1171515529E-3	2.2683357230E+2	5.1787740760E-4
5.6481098199E-3	2.5013931580E+2	5.4403764760E-4
6.2052238176E-3	2.7452120081E+2	5.7018879612E-4
6.7884842360E-3	2.9996150248E+2	5.9633041614E-4
7.3978813281E-3	3.2644030147E+2	6.2246207073E-4
8.0334049101E-3	3.5393540445E+2	6.4858332323E-4
8.6950443616E-3	3.8242229210E+2	6.7469373705E-4
9.3827886258E-3	4.1187409971E+2	7.0079287589E-4
1.0096626210E-2	4.4226163538E+2	7.2688030358E-4
1.0836545184E-2	4.7355344045E+2	7.5295558414E-4
1.1602533184E-2	5.0571589646E+2	7.7901828182E-4
1.2394577408E-2	5.3871338185E+2	8.0506796108E-4
1.3212664621E-2	5.7250848110E+2	8.3110418659E-4
1.4056781152E-2	6.0706224711E+2	8.5712652325E-4
1.4926912893E-2	6.4233451647E+2	8.8313453619E-4
1.5823045305E-2	6.7828427504E+2	9.0912779076E-4
1.6745163410E-2	7.1487006935E+2	9.3510585261E-4
1.7693251801E-2	7.5205045670E+2	9.6106828758E-4
1.8667294632E-2	7.8978448460E+2	9.8701466182E-4
1.9667275626E-2	8.2803218743E+2	1.0129445417E-3
2.0693178073E-2	8.6675508584E+2	1.0388574939E-3
2.1744984827E-2	9.0591667201E+2	1.0647530855E-3
2.2822678313E-2	9.4548286209E+2	1.0906308836E-3
2.3926240519E-2	9.8542239551E+2	1.1164904558E-3
2.5055653005E-2	1.0257071603E+3	1.1423313699E-3
2.6210896896E-2	1.0663124232E+3	1.1681531941E-3
2.7391952886E-2	1.1072169455E+3	1.1939554970E-3
2.8598801239E-2	1.1484029655E+3	1.2197378472E-3
2.9831421786E-2	1.1898560344E+3	1.2454998140E-3
3.1089793929E-2	1.2315646950E+3	1.2712409668E-3
3.2373896638E-2	1.2735199997E+3	1.2969608754E-3
3.3683708455E-2	1.3157148693E+3	1.3226591101E-3
3.5019207490E-2	1.3581433056E+3	1.3483352414E-3
3.6380371427E-2	1.4007994744E+3	1.3739888402E-3
3.7767177517E-2	1.4436766898E+3	1.3996194778E-3
3.9179602586E-2	1.4867663370E+3	1.4252267258E-3
4.0617623030E-2	1.5300567791E+3	1.4508101565E-3
4.2081214817E-2	1.5735323034E+3	1.4763693421E-3
4.3570353490E-2	1.6171721678E+3	1.5019038556E-3
4.5085014162E-2	1.6609498091E+3	1.5274132703E-3
4.6625171522E-2	1.7048322800E+3	1.5528971598E-3
4.8190799831E-2	1.7487799723E+3	1.5783550984E-3
4.9781872927E-2	1.7927466814E+3	1.6037866605E-3
5.1398364219E-2	1.8366800488E+3	1.6291914212E-3
5.3040246694E-2	1.8805224044E+3	1.6545689559E-3
5.4707492914E-2	1.9242120065E+3	1.6799188405E-3
5.6400075017E-2	1.9676846505E+3	1.7052406515E-3
5.8117964718E-2	2.0108755871E+3	1.7305339655E-3
5.9861133308E-2	2.0537216627E+3	1.7557983600E-3
6.1629551657E-2	2.0961635646E+3	1.7810334128E-3
6.3423190212E-2	2.1381480303E+3	1.8062387021E-3
6.5242019000E-2	2.1796298663E+3	1.8314138067E-3
6.7086007624E-2	2.2205736127E+3	1.8565583060E-3
6.8955125270E-2	2.2609546988E+3	1.8816717796E-3
7.0849340702E-2	2.3007599557E+3	1.9067538080E-3
7.2768622264E-2	2.3399873852E+3	1.9318039720E-3
7.4712937885E-2	2.3786451330E+3	1.9568218529E-3
7.6682255070E-2	2.4167496734E+3	1.9818070327E-3
7.8676540910E-2	2.4543232772E+3	2.0067590939E-3
8.0695762079E-2	2.4913909014E+3	2.0316776194E-3
8.2739884832E-2	2.5279767048E+3	2.0565621928E-3
8.4808875009E-2	2.5641004435E+3	2.0814123983E-3
8.6902698034E-2	2.5997740428E+3	2.1062278206E-3
8.9021318917E-2	2.6349986519E+3	2.1310080450E-3
9.1164702253E-2	2.6697624835E+3	2.1557526574E-3
9.3332812224E-2	2.7040396968E+3	2.1804612443E-3
9.5525612596E-2	2.7377905167E+3	2.2051333928E-3
9.7743066726E-2	2.7709626841E+3	2.2297686905E-3
9.9985137556E-2	2.8034942148E+3	2.2543667257E-3
1.0225178762E-1	2.8353173127E+3	2.2789270875E-3
1.0454297904E-1	2.8663631463E+3	2.3034493653E-3
1.0685867352E-1	2.8965670820E+3	2.3279331494E-3
1.0919883237E-1	2.9258738709E+3	2.3523780306E-3
1.1156341648E-1	2.9542422443E+3	2.3767836004E-3
1.1395238633E-1	2.9816483794E+3	2.4011494510E-3
1.1636570200E-1	3.0080877760E+3	2.4254751751E-3
1.1880332317E-1	3.0335752206E+3	2.4497603662E-3
1.2126520909E-1	3.0581427083E+3	2.4740046186E-3
1.2375131862E-1	3.0818354216E+3	2.4982075270E-3
1.2626161023E-1	3.1047061033E+3	2.5223686871E-3
1.2879604195E-1	3.1268083821E+3	2.5464876949E-3
1.3135457143E-1	3.1481897801E+3	2.5705641475E-3
1.3393715592E-1	3.1688852264E+3	2.5945976426E-3
1.3654375226E-1	3.1889119055E+3	2.6185877784E-3
1.3917431689E-1	3.2082661614E+3	2.6425341541E-3
1.4182880585E-1	3.2269229742E+3	2.6664363695E-3
1.4450717478E-1	3.2448382325E+3	2.6902940251E-3
1.4720937892E-1	3.2619536724E+3	2.7141067224E-3
1.4993537310E-1	3.2782039831E+3	2.7378740632E-3
1.5268511179E-1	3.2935252425E+3	2.7615956505E-3
1.5545854902E-1	3.3078635913E+3	2.7852710878E-3
1.5825563845E-1	3.3211829348E+3	2.8088999795E-3
1.6107633333E-1	3.3334705124E+3	2.8324819307E-3
1.6392058653E-1	3.3447394042E+3	2.8560165473E-3
1.6678835052E-1	3.3550274419E+3	2.8795034361E-3
1.6967957737E-1	3.3643925050E+3	2.9029422044E-3
1.7259421876E-1	3.3729047398E+3	2.9263324607E-3
1.7553222599E-1	3.3806367563E+3	2.9496738141E-3
1.7849354996E-1	3.3876532373E+3	2.9729658744E-3
1.8147814117E-1	3.3940015715E+3	2.9962082525E-3
1.8448594977E-1	3.3997050523E+3	3.0194005599E-3
1.8751692548E-1	3.4047598499E+3	3.0425424091E-3
1.9057101764E-1	3.4091364155E+3	3.0656334132E-3
1.9364817522E-1	3.4127852720E+3	3.0886731866E-3
1.9674834681E-1	3.4156463974E+3	3.1116613440E-3
1.9987148058E-1	3.4176607388E+3	3.1345975014E-3
2.0301752435E-1	3.4187819312E+3	3.1574812755E-3
2.0618642554E-1	3.4189861463E+3	3.1803122838E-3
2.0937813120E-1	3.4182782156E+3	3.2030901448E-3
2.1259258799E-1	3.4166927613E+3	3.2258144779E-3
2.1582974219E-1	3.4142899386E+3	3.2484849032E-3
2.1908953970E-1	3.4111463973E+3	3.2711010421E-3
2.2237192605E-1	3.4073430160E+3	3.2936625164E-3
2.2567684639E-1	3.4029516569E+3	3.3161689492E-3
2.2900424548E-1	3.3980234754E+3	3.3386199643E-3
2.3235406772E-1	3.3925811171E+3	3.3610151867E-3
2.3572625713E-1	3.3866164594E+3	3.3833542419E-3
2.3912075735E-1	3.3800945117E+3	3.4056367567E-3
2.4253751167E-1	3.3729628598E+3	3.4278623588E-3
2.4597646298E-1	3.3651648719E+3	3.4500306767E-3
2.4943755380E-1	3.3566540121E+3	3.4721413399E-3
2.5292072631E-1	3.3474062561E+3	3.4941939790E-3
2.5642592230E-1	3.3374278825E+3	3.5161882254E-3
2.5995308318E-1	3.3267568162E+3	3.5381237115E-3
2.6350215001E-1	3.3154570634E+3	3.5600000709E-3
2.6707306349E-1	3.3036073171E+3	3.5818169379E-3
2.7066576394E-1	3.2912861702E+3	3.6035739479E-3
2.7428019131E-1	3.2785572245E+3	3.6252707373E-3
2.7791628522E-1	3.2654575049E+3	3.6469069436E-3
2.8157398488E-1	3.2519919163E+3	3.6684822051E-3
2.8525322919E-1	3.2381351459E+3	3.6899961614E-3
2.8895395665E-1	3.2238406981E+3	3.7114484529E-3
2.9267610542E-1	3.2090550290E+3	3.7328387211E-3
2.9641961330E-1	3.1937334487E+3	3.7541666086E-3
3.0018441773E-1	3.1778539171E+3	3.7754317588E-3
3.0397045579E-1	3.1614252607E+3	3.7966338166E-3
3.0777766421E-1	3.1444876501E+3	3.8177724274E-3
3.1160597938E-1	3.1271051024E+3	3.8388472382E-3
3.1545533730E-1	3.1093518298E+3	3.8598578967E-3
3.1932567367E-1	3.0912959042E+3	3.8808040517E-3
3.2321692379E-1	3.0729844753E+3	3.9016853533E-3
3.2712902264E-1	3.0544344464E+3	3.9225014525E-3
3.3106190484E-1	3.0356311287E+3	3.9432520014E-3
3.3501550468E-1	3.0165353055E+3	3.9639366533E-3
3.3898975607E-1	2.9970968697E+3	3.9845550624E-3
3.4298459261E-1	2.9772713618E+3	4.0051068843E-3
3.4699994753E-1	2.9570348492E+3	4.0255917754E-3
3.5103575373E-1	2.9363929564E+3	4.0460093936E-3
3.5509194378E-1	2.9153814388E+3	4.0663593974E-3
3.5916844988E-1	2.8940580853E+3	4.0866414469E-3
3.6326520391E-1	2.8724882553E+3	4.1068552032E-3
3.6738213741E-1	2.8507282484E+3	4.1270003283E-3
3.7151918157E-1	2.8288113813E+3	4.1470764858E-3
3.7567626728E-1	2.8067408869E+3	4.1670833400E-3
3.7985332504E-1	2.7844917540E+3	4.1870205567E-3
3.8405028507E-1	2.7620209662E+3	4.2068878026E-3
3.8826707721E-1	2.7392830543E+3	4.2266847457E-3
3.9250363101E-1	2.7162462080E+3	4.2464110553E-3
3.9675987567E-1	2.6929039575E+3	4.2660664016E-3
4.0103574005E-1	2.6692787615E+3	4.2856504563E-3
4.0533115271E-1	2.6454163749E+3	4.3051628919E-3
4.0964604185E-1	2.6213728162E+3	4.3246033825E-3
4.1398033538E-1	2.5971981542E+3	4.3439716031E-3
4.1833396086E-1	2.5729223741E+3	4.3632672302E-3
4.2270684554E-1	2.5485479055E+3	4.3824899412E-3
4.2709891633E-1	2.5240512224E+3	4.4016394148E-3
4.3151009985E-1	2.4993929437E+3	4.4207153312E-3
4.3594032237E-1	2.4745330429E+3	4.4397173715E-3
4.4038950986E-1	2.4494460408E+3	4.4586452181E-3
4.4485758797E-1	2.4241310257E+3	4.4774985548E-3
4.4934448203E-1	2.3986130920E+3	4.4962770664E-3
4.5385011706E-1	2.3729357561E+3	4.5149804392E-3
4.5837441776E-1	2.3471470731E+3	4.5336083606E-3
4.6291730852E-1	2.3212843867E+3	4.5521605193E-3
4.6747871344E-1	2.2953631048E+3	4.5706366053E-3
4.7205855627E-1	2.2693734346E+3	4.5890363098E-3
4.7665676049E-1	2.2432861667E+3	4.6073593254E-3
4.8127324926E-1	2.2170653546E+3	4.6256053458E-3
4.8590794542E-1	2.1906832493E+3	4.6437740661E-3
4.9056077152E-1	2.1641320110E+3	4.6618651826E-3
4.9523164982E-1	2.1374278981E+3	4.6798783932E-3
4.9992050224E-1	2.1106064438E+3	4.6978133967E-3
5.0462725044E-1	2.0837105313E+3	4.7156698934E-3
5.0935181576E-1	2.0567759631E+3	4.7334475849E-3
5.1409411924E-1	2.0298200301E+3	4.7511461741E-3
5.1885408164E-1	2.0028373974E+3	4.7687653653E-3
5.2363162341E-1	1.9758047953E+3	4.7863048641E-3
5.2842666471E-1	1.9486926188E+3	4.8037643772E-3
5.3323912540E-1	1.9214788712E+3	4.8211436130E-3
5.3806892508E-1	1.8941599618E+3	4.8384422809E-3
5.4291598301E-1	1.8667541085E+3	4.8556600920E-3
5.4778021821E-1	1.8392960546E+3	4.8727967585E-3
5.5266154939E-1	1.8118253244E+3	4.8898519940E-3
5.5755989496E-1	1.7843728415E+3	4.9068255135E-3
5.6247517308E-1	1.7569513559E+3	4.9237170334E-3
5.6740730160E-1	1.7295535304E+3	4.9405262713E-3
5.7235619810E-1	1.7021583907E+3	4.9572529464E-3
5.7732177988E-1	1.6747434187E+3	4.9738967791E-3
5.8230396395E-1	1.6472972292E+3	4.9904574913E-3
5.8730266706E-1	1.6198275081E+3	5.0069348063E-3
5.9231780568E-1	1.5923608729E+3	5.0233284486E-3
5.9734929598E-1	1.5649347679E+3	5.0396381444E-3
6.0239705389E-1	1.5375849277E+3	5.0558636210E-3
6.0746099506E-1	1.5103338371E+3	5.0720046074E-3
6.1254103485E-1	1.4831851526E+3	5.0880608338E-3
6.1763708838E-1	1.4561264632E+3	5.1040320318E-3
6.2274907048E-1	1.4291391572E+3	5.1199179345E-3
6.2787689573E-1	1.4022110512E+3	5.1357182766E-3
6.3302047843E-1	1.3753461769E+3	5.1514327939E-3
6.3817973262E-1	1.3485673310E+3	5.1670612238E-3
6.4335457209E-1	1.3219102280E+3	5.1826033052E-3
6.4854491036E-1	1.2954119061E+3	5.1980587783E-3
6.5375066070E-1	1.2690986627E+3	5.2134273849E-3
6.5897173609E-1	1.2429790164E+3	5.2287088681E-3
6.6420804930E-1	1.2170449210E+3	5.2439029725E-3
6.6945951283E-1	1.1912807015E+3	5.2590094442E-3
6.7472603890E-1	1.1656756147E+3	5.2740280309E-3
6.8000753951E-1	1.1402341649E+3	5.2889584814E-3
6.8530392640E-1	1.1149792615E+3	5.3038005463E-3
6.9061511106E-1	1.0899466322E+3	5.3185539776E-3
6.9594100473E-1	1.0651730893E+3	5.3332185287E-3
7.0128151841E-1	1.0406842283E+3	5.3477939546E-3
7.0663656285E-1	1.0164874719E+3	5.3622800116E-3
7.1200604856E-1	9.9257387257E+2	5.3766764577E-3
7.1738988581E-1	9.6892790918E+2	5.3909830523E-3
7.2278798463E-1	9.4554059016E+2	5.4051995564E-3
7.2820025482E-1	9.2241941765E+2	5.4193257323E-3
7.3362660591E-1	8.9959016078E+2	5.4333613439E-3
7.3906694724E-1	8.7708938955E+2	5.4473061568E-3
7.4452118788E-1	8.5495137520E+2	5.4611599379E-3
7.4998923669E-1	8.3319588595E+2	5.4749224557E-3
7.5547100229E-1	8.1182307817E+2	5.4885934801E-3
7.6096639308E-1	7.9081821671E+2	5.5021727828E-3
7.6647531721E-1	7.7016400945E+2	5.5156601367E-3
7.7199768263E-1	7.4985434239E+2	5.5290553166E-3
7.7753339704E-1	7.2990226421E+2	5.5423580985E-3
7.8308236795E-1	7.1033786660E+2	5.5555682601E-3
7.8864450262E-1	6.9119693366E+2	5.5686855808E-3
7.9421970809E-1	6.7250615869E+2	5.5817098412E-3
7.9980789121E-1	6.5427269241E+2	5.5946408237E-3
8.0540895857E-1	6.3648368395E+2	5.6074783123E-3
8.1102281659E-1	6.1911630875E+2	5.6202220924E-3
8.1664937145E-1	6.0215315544E+2	5.6328719509E-3
8.2228852912E-1	5.8559475077E+2	5.6454276767E-3
8.2794019536E-1	5.6946227557E+2	5.6578890597E-3
8.3360427572E-1	5.5378870505E+2	5.6702558918E-3
8.3928067556E-1	5.3860295985E+2	5.6825279663E-3
8.4496930000E-1	5.2391565052E+2	5.6947050782E-3
8.5067005399E-1	5.0971435041E+2	5.7067870238E-3
8.5638284226E-1	4.9597127655E+2	5.7187736014E-3
8.6210756934E-1	4.8265942618E+2	5.7306646105E-3
8.6784413956E-1	4.6976831780E+2	5.7424598526E-3
8.7359245705E-1	4.5731039471E+2	5.7541591304E-3
8.7935242576E-1	4.4531418410E+2	5.7657622485E-3
8.8512394943E-1	4.3380778066E+2	5.7772690129E-3
8.9090693161E-1	4.2280187507E+2	5.7886792314E-3
8.9670127565E-1	4.1228205390E+2	5.7999927133E-3
9.0250688473E-1	4.0221503920E+2	5.8112092696E-3
9.0832366182E-1	3.9256563075E+2	5.8223287127E-3
9.1415150972E-1	3.8331478813E+2	5.8333508568E-3
9.1999033104E-1	3.7446830764E+2	5.8442755178E-3
9.2584002820E-1	3.6605076382E+2	5.8551025132E-3
9.3170050345E-1	3.5808794870E+2	5.8658316618E-3
9.3757165885E-1	3.5058793028E+2	5.8764627846E-3
9.4345339628E-1	3.4353190919E+2	5.8869957037E-3
9.4934561746E-1	3.3688052071E+2	5.8974302433E-3
9.5524822392E-1	3.3059219519E+2	5.9077662288E-3
9.6116111701E-1	3.2464288319E+2	5.9180034877E-3
9.6708419793E-1	3.1903532744E+2	5.9281418487E-3
9.7301736769E-1	3.1379207795E+2	5.9381811425E-3
9.7896052713E-1	3.0893618095E+2	5.9481212013E-3
9.8491357695E-1	3.0447104297E+2	5.9579618591E-3
9.9087641766E-1	3.0037169310E+2	5.9677029512E-3
9.9684894961E-1	2.9659297537E+2	5.9773443150E-3
1.0028310730E+0	2.9308999223E+2	5.9868857894E-3
1.0088226878E+0	2.8983850197E+2	5.9963272149E-3
1.0148236940E+0	2.8684272636E+2	6.0056684336E-3
1.0208339913E+0	2.8412557107E+2	6.0149092896E-3
1.0268534791E+0	2.8170709996E+2	6.0240496283E-3
1.0328820570E+0	2.7958448885E+2	6.0330892971E-3
1.0389196241E+0	2.7772594004E+2	6.0420281448E-3
1.0449660796E+0	2.7608252593E+2	6.0508660221E-3
1.0510213224E+0	2.7461080449E+2	6.0596027814E-3
1.0570852514E+0	2.7329218412E+2	6.0682382765E-3
1.0631577652E+0	2.7213685101E+2	6.0767723631E-3
1.0692387623E+0	2.7116967910E+2	6.0852048988E-3
1.0753281411E+0	2.7040693274E+2	6.0935357425E-3
1.0814257998E+0	2.6983846739E+2	6.1017647550E-3
1.0875316366E+0	2.6942673912E+2	6.1098917988E-3
1.0936455494E+0	2.6912334721E+2	6.1179167381E-3
1.0997674360E+0	2.6889268595E+2	6.1258394388E-3
1.1058971941E+0	2.6872765635E+2	6.1336597685E-3
1.1120347214E+0	2.6864738408E+2	6.1413775965E-3
1.1181799151E+0	2.6867843360E+2	6.1489927938E-3
1.1243326727E+0	2.6883164365E+2	6.1565052331E-3
1.1304928913E+0	2.6908950973E+2	6.1639147890E-3
1.1366604679E+0	2.6941221074E+2	6.1712213376E-3
1.1428352996E+0	2.6975833696E+2	6.1784247568E-3
1.1490172830E+0	2.7010686713E+2	6.1855249261E-3
1.1552063150E+0	2.7046614721E+2	6.1925217271E-3
1.1614022920E+0	2.7086414722E+2	6.1994150427E-3
1.1676051105E+0	2.7132654502E+2	6.2062047577E-3
1.1738146669E+0	2.7185707973E+2	6.2128907587E-3
1.1800308574E+0	2.7243296583E+2	6.2194729339E-3
1.1862535782E+0	2.7301816516E+2	6.2259511734E-3
1.1924827251E+0	2.7358559408E+2	6.2323253688E-3
1.1987181942E+0	2.7413357382E+2	6.2385954138E-3
1.2049598812E+0	2.7468580800E+2	6.2447612034E-3
1.2112076818E+0	2.7527522619E+2	6.2508226346E-3
1.2174614916E+0	2.7592270462E+2	6.2567796062E-3
1.2237212062E+0	2.7662482128E+2	6.2626320186E-3
1.2299867208E+0	2.7735849453E+2	6.2683797740E-3
1.2362579308E+0	2.7809900169E+2	6.2740227763E-3
1.2425347314E+0	2.7883908668E+2	6.2795609313E-3
1.2488170177E+0	2.7959643595E+2	6.2849941464E-3
1.2551046847E+0	2.8040490361E+2	6.2903223308E-3
1.2613976273E+0	2.8129587895E+2	6.2955453954E-3
1.2676957404E+0	2.8228256486E+2	6.3006632530E-3
1.2739989187E+0	2.8335750919E+2	6.3056758180E-3
1.2803070569E+0	2.8450447587E+2	6.3105830068E-3
1.2866200496E+0	2.8571610997E+2	6.3153847371E-3
1.2929377912E+0	2.8700530066E+2	6.3200809290E-3
1.2992601762E+0	2.8840289107E+2	6.3246715037E-3
1.3055870990E+0	2.8994394461E+2	6.3291563847E-3
1.3119184537E+0	2.9165240971E+2	6.3335354970E-3
1.3182541347E+0	2.9353456419E+2	6.3378087674E-3
1.3245940360E+0	2.9558508267E+2	6.3419761245E-3
1.3309380516E+0	2.9780081105E+2	6.3460374987E-3
1.3372860756E+0	3.0019240770E+2	6.3499928220E-3
1.3436380019E+0	3.0278607683E+2	6.3538420284E-3
1.3499937243E+0	3.0561491603E+2	6.3575850535E-3
1.3563531366E+0	3.0870657025E+2	6.3612218349E-3
1.3627161325E+0	3.1207589533E+2	6.3647523117E-3
1.3690826057E+0	3.1572714661E+2	6.3681764249E-3
1.3754524499E+0	3.1966324912E+2	6.3714941173E-3
1.3818255585E+0	3.2389503413E+2	6.3747053335E-3
1.3882018250E+0	3.2844401111E+2	6.3778100198E-3
1.3945811430E+0	3.3333741090E+2	6.3808081243E-3
1.4009634057E+0	3.3859986100E+2	6.3836995970E-3
1.4073485066E+0	3.4424798738E+2	6.3864843894E-3
1.4137363389E+0	3.5029137117E+2	6.3891624551E-3
1.4201267959E+0	3.5673822449E+2	6.3917337493E-3
1.4265197708E+0	3.6360086729E+2	6.3941982290E-3
1.4329151568E+0	3.7089684470E+2	6.3965558531E-3
1.4393128469E+0	3.7864539346E+2	6.3988065821E-3
1.4457127343E+0	3.8686272364E+2	6.4009503785E-3
1.4521147120E+0	3.9556021613E+2	6.4029872063E-3
1.4585186731E+0	4.0474678093E+2	6.4049170317E-3
1.4649245104E+0	4.1443286008E+2	6.4067398222E-3
1.4713321170E+0	4.2463214592E+2	6.4084555476E-3
1.4777413858E+0	4.3535916444E+2	6.4100641790E-3
1.4841522097E+0	4.4662465312E+2	6.4115656896E-3
1.4905644815E+0	4.5843293089E+2	6.4129600544E-3
1.4969780940E+0	4.7078412152E+2	6.4142472499E-3
1.5033929402E+0	4.8367999171E+2	6.4154272548E-3
1.5098089128E+0	4.9712866396E+2	6.4165000493E-3
1.5162259046E+0	5.1114373478E+2	6.4174656154E-3
1.5226438083E+0	5.2573752616E+2	6.4183239370E-3
1.5290625167E+0	5.4091315916E+2	6.4190749998E-3
1.5354819225E+0	5.5666182767E+2	6.4197187912E-3
1.5419019185E+0	5.7296830689E+2	6.4202553005E-3
1.5483223974E+0	5.8982144957E+2	6.4206845187E-3
1.5547432518E+0	6.0722195023E+2	6.4210064386E-3
1.5611643745E+0	6.2518085567E+2	6.4212210549E-3
1.5675856581E+0	6.4370883138E+2	6.4213283639E-3
1.5740069954E+0	6.6280340310E+2	6.4213283639E-3
1.5804282791E+0	6.8244372661E+2	6.4212210549E-3
1.5868494018E+0	7.0259766338E+2	6.4210064386E-3
1.5932702562E+0	7.2323703792E+2	6.4206845187E-3
1.5996907351E+0	7.4435033717E+2	6.4202553005E-3
1.6061107310E+0	7.6594307109E+2	6.4197187912E-3
1.6125301369E+0	7.8802447562E+2	6.4190749998E-3
1.6189488453E+0	8.1058935193E+2	6.4183239370E-3
1.6253667490E+0	8.3360811709E+2	6.4174656154E-3
1.6317837408E+0	8.5703302432E+2	6.4165000493E-3
1.6381997134E+0	8.8081715049E+2	6.4154272548E-3
1.6446145595E+0	9.0493310844E+2	6.4142472499E-3
1.6510281721E+0	9.2937778268E+2	6.4129600544E-3
1.6574404439E+0	9.5415879273E+2	6.4115656896E-3
1.6638512678E+0	9.7927149329E+2	6.4100641790E-3
1.6702605366E+0	1.0046826884E+3	6.4084555476E-3
1.6766681432E+0	1.0303332245E+3	6.4067398222E-3
1.6830739805E+0	1.0561586024E+3	6.4049170317E-3
1.6894779416E+0	1.0821136928E+3	6.4029872063E-3
1.6958799193E+0	1.1081840020E+3	6.4009503785E-3
1.7022798067E+0	1.1343748301E+3	6.3988065821E-3
1.7086774968E+0	1.1606851867E+3	6.3965558531E-3
1.7150728827E+0	1.1870845217E+3	6.3941982290E-3
1.7214658576E+0	1.2135090050E+3	6.3917337493E-3
1.7278563146E+0	1.2398807839E+3	6.3891624551E-3
1.7342441470E+0	1.2661374217E+3	6.3864843894E-3
1.7406292478E+0	1.2922510372E+3	6.3836995970E-3
1.7470115106E+0	1.3182233006E+3	6.3808081243E-3
1.7533908286E+0	1.3440591320E+3	6.3778100198E-3
1.7597670951E+0	1.3697370834E+3	6.3747053335E-3
1.7661402037E+0	1.3951972003E+3	6.3714941173E-3
1.7725100479E+0	1.4203554009E+3	6.3681764249E-3
1.7788765211E+0	1.4451350246E+3	6.3647523117E-3
1.7852395170E+0	1.4694939363E+3	6.3612218349E-3
1.7915989293E+0	1.4934281919E+3	6.3575850535E-3
1.7979546517E+0	1.5169492681E+3	6.3538420284E-3
1.8043065780E+0	1.5400502513E+3	6.3499928220E-3
1.8106546020E+0	1.5626843233E+3	6.3460374987E-3
1.8169986176E+0	1.5847707221E+3	6.3419761245E-3
1.8233385189E+0	1.6062245558E+3	6.3378087674E-3
1.8296741999E+0	1.6269902955E+3	6.3335354970E-3
1.8360055546E+0	1.6470559467E+3	6.3291563847E-3
1.8423324774E+0	1.6664379453E+3	6.3246715037E-3
1.8486548624E+0	1.6851468797E+3	6.3200809290E-3
1.8549726040E+0	1.7031573969E+3	6.3153847371E-3
1.8612855967E+0	1.7204029636E+3	6.3105830068E-3
1.8675937349E+0	1.7367993118E+3	6.3056758180E-3
1.8738969132E+0	1.7522808548E+3	6.3006632530E-3
1.8801950263E+0	1.7668254283E+3	6.2955453954E-3
1.8864879689E+0	1.7804505309E+3	6.2903223308E-3
1.8927756359E+0	1.7931835388E+3	6.2849941464E-3
1.8990579222E+0	1.8050260017E+3	6.2795609313E-3
1.9053347228E+0	1.8159361288E+3	6.2740227763E-3
1.9116059328E+0	1.8258413066E+3	6.2683797740E-3
1.9178714474E+0	1.8346722877E+3	6.2626320186E-3
1.9241311620E+0	1.8423961560E+3	6.2567796062E-3
1.9303849718E+0	1.8490260390E+3	6.2508226346E-3
1.9366327724E+0	1.8546011646E+3	6.2447612034E-3
1.9428744594E+0	1.8591506843E+3	6.2385954138E-3
1.9491099285E+0	1.8626653972E+3	6.2323253688E-3
1.9553390754E+0	1.8650960879E+3	6.2259511734E-3
1.9615617961E+0	1.8663794293E+3	6.2194729339E-3
1.9677779867E+0	1.8664741880E+3	6.2128907587E-3
1.9739875431E+0	1.8653838279E+3	6.2062047577E-3
1.9801903616E+0	1.8631507893E+3	6.1994150427E-3
1.9863863386E+0	1.8598264803E+3	6.1925217271E-3
1.9925753706E+0	1.8554368648E+3	6.1855249261E-3
1.9987573540E+0	1.8499661284E+3	6.1784247568E-3
2.0049321857E+0	1.8433688066E+3	6.1712213376E-3
2.0110997623E+0	1.8356021336E+3	6.1639147890E-3
2.0172599809E+0	1.8266573986E+3	6.1565052331E-3
2.0234127385E+0	1.8165700783E+3	6.1489927938E-3
2.0295579322E+0	1.8054025517E+3	6.1413775965E-3
2.0356954595E+0	1.7932109506E+3	6.1336597685E-3
2.0418252176E+0	1.7800176360E+3	6.1258394388E-3
2.0479471042E+0	1.7658067395E+3	6.1179167381E-3
2.0540610170E+0	1.7505451335E+3	6.1098917988E-3
2.0601668538E+0	1.7342149853E+3	6.1017647550E-3
2.0662645125E+0	1.7168370195E+3	6.0935357425E-3
2.0723538913E+0	1.6984699767E+3	6.0852048988E-3
2.0784348884E+0	1.6791871322E+3	6.0767723631E-3
2.0845074022E+0	1.6590451434E+3	6.0682382765E-3
2.0905713312E+0	1.6380648781E+3	6.0596027814E-3
2.0966265740E+0	1.6162358383E+3	6.0508660221E-3
2.1026730295E+0	1.5935407653E+3	6.0420281448E-3
2.1087105966E+0	1.5699845870E+3	6.0330892971E-3
2.1147391745E+0	1.5456096474E+3	6.0240496283E-3
2.1207586623E+0	1.5204881901E+3	6.0149092896E-3
2.1267689596E+0	1.4946973657E+3	6.0056684336E-3
2.1327699657E+0	1.4682925820E+3	5.9963272149E-3
2.1387615806E+0	1.4412954762E+3	5.9868857894E-3
2.1447437040E+0	1.4137032975E+3	5.9773443150E-3
2.1507162359E+0	1.3855132471E+3	5.9677029512E-3
2.1566790766E+0	1.3567465053E+3	5.9579618591E-3
2.1626321265E+0	1.3274574334E+3	5.9481212013E-3
2.1685752859E+0	1.2977229234E+3	5.9381811425E-3
2.1745084557E+0	1.2676189777E+3	5.9281418487E-3
2.1804315366E+0	1.2371989417E+3	5.9180034877E-3
2.1863444297E+0	1.2064862117E+3	5.9077662288E-3
2.1922470361E+0	1.1754850959E+3	5.8974302433E-3
2.1981392573E+0	1.1442026268E+3	5.8869957037E-3
2.2040209947E+0	1.1126679923E+3	5.8764627846E-3
2.2098921501E+0	1.0809382624E+3	5.8658316618E-3
2.2157526254E+0	1.0490876371E+3	5.8551025132E-3
2.2216023226E+0	1.0171871905E+3	5.8442755178E-3
2.2274411439E+0	9.8528725755E+2	5.8333508568E-3
2.2332689918E+0	9.5341245740E+2	5.8223287127E-3
2.2390857689E+0	9.2157154706E+2	5.8112092696E-3
2.2448913779E+0	8.8977567894E+2	5.7999927133E-3
2.2506857220E+0	8.5805417665E+2	5.7886792314E-3
2.2564687042E+0	8.2645895275E+2	5.7772690129E-3
2.2622402278E+0	7.9505564242E+2	5.7657622485E-3
2.2680001965E+0	7.6390715900E+2	5.7541591304E-3
2.2737485140E+0	7.3305930926E+2	5.7424598526E-3
2.2794850843E+0	7.0253636174E+2	5.7306646105E-3
2.2852098113E+0	6.7234841316E+2	5.7187736014E-3
2.2909225996E+0	6.4250572389E+2	5.7067870238E-3
2.2966233536E+0	6.1303164314E+2	5.6947050782E-3
2.3023119780E+0	5.8396706895E+2	5.6825279663E-3
2.3079883779E+0	5.5536451765E+2	5.6702558918E-3
2.3136524582E+0	5.2727570996E+2	5.6578890597E-3
2.3193041245E+0	4.9973984617E+2	5.6454276767E-3
2.3249432821E+0	4.7277884776E+2	5.6328719509E-3
2.3305698370E+0	4.4640161075E+2	5.6202220924E-3
2.3361836950E+0	4.2061431378E+2	5.6074783123E-3
2.3417847624E+0	3.9543080567E+2	5.5946408237E-3
2.3473729455E+0	3.7087752053E+2	5.5817098412E-3
2.3529481510E+0	3.4699072585E+2	5.5686855808E-3
2.3585102856E+0	3.2380816205E+2	5.5555682601E-3
2.3640592565E+0	3.0135992643E+2	5.5423580985E-3
2.3695949710E+0	2.7966343062E+2	5.5290553166E-3
2.3751173364E+0	2.5872469551E+2	5.5156601367E-3
2.3806262605E+0	2.3854473831E+2	5.5021727828E-3
2.3861216513E+0	2.1912727978E+2	5.4885934801E-3
2.3916034169E+0	2.0048367320E+2	5.4749224557E-3
2.3970714657E+0	1.8263278743E+2	5.4611599379E-3
2.4025257064E+0	1.6559640402E+2	5.4473061568E-3
2.4079660477E+0	1.4939293996E+2	5.4333613439E-3
2.4133923988E+0	1.3403286924E+2	5.4193257323E-3
2.4188046690E+0	1.1951798034E+2	5.4051995564E-3
2.4242027678E+0	1.0584441536E+2	5.3909830523E-3
2.4295866050E+0	9.3007525995E+1	5.3766764577E-3
2.4349560907E+0	8.1005892632E+1	5.3622800116E-3
2.4403111352E+0	6.9842593848E+1	5.3477939546E-3
2.4456516489E+0	5.9523442959E+1	5.3332185287E-3
2.4509775425E+0	5.0053487685E+1	5.3185539776E-3
2.4562887272E+0	4.1433788196E+1	5.3038005463E-3
2.4615851141E+0	3.3660077660E+1	5.2889584814E-3
2.4668666147E+0	2.6723724820E+1	5.2740280309E-3
2.4721331408E+0	2.0614176845E+1	5.2590094442E-3
2.4773846043E+0	1.5321413280E+1	5.2439029725E-3
2.4826209175E+0	1.0837144894E+1	5.2287088681E-3
2.4878419929E+0	7.1543313443E+0	5.2134273849E-3
2.4930477432E+0	4.2655521067E+0	5.1980587783E-3
2.4982380815E+0	2.1613214973E+0	5.1826033052E-3
2.5034129210E+0	8.2933228454E-1	5.1670612238E-3
2.5085721752E+0	2.5496932431E-1	5.1514327939E-3
2.5137157579E+0	4.2266496760E-1	5.1357182766E-3
2.5188435831E+0	1.3172134980E+0	5.1199179345E-3
2.5239555652E+0	2.9242483449E+0	5.1040320318E-3
2.5290516187E+0	5.2296231168E+0	5.0880608338E-3
2.5341316585E+0	8.2180997702E+0	5.0720046074E-3
2.5391955997E+0	1.1872163022E+1	5.0558636210E-3
2.5442433576E+0	1.6171725795E+1	5.0396381444E-3
2.5492748479E+0	2.1094999908E+1	5.0233284486E-3
2.5542899865E+0	2.6620148911E+1	5.0069348063E-3
2.5592886896E+0	3.2726875883E+1	4.9904574913E-3
2.5642708737E+0	3.9397083024E+1	4.9738967791E-3
2.5692364555E+0	4.6614185820E+1	4.9572529464E-3
2.5741853520E+0	5.4361344295E+1	4.9405262713E-3
2.5791174805E+0	6.2619443501E+1	4.9237170334E-3
2.5840327586E+0	7.1365829773E+1	4.9068255135E-3
2.5889311042E+0	8.0574496035E+1	4.8898519940E-3
2.5938124354E+0	9.0217748389E+1	4.8727967585E-3
2.5986766706E+0	1.0026868359E+2	4.8556600920E-3
2.6035237285E+0	1.1070339461E+2	4.8384422809E-3
2.6083535282E+0	1.2150189949E+2	4.8211436130E-3
2.6131659889E+0	1.3264733004E+2	4.8037643772E-3
2.6179610302E+0	1.4412367884E+2	4.7863048641E-3
2.6227385719E+0	1.5591304601E+2	4.7687653653E-3
2.6274985343E+0	1.6799356744E+2	4.7511461741E-3
2.6322408378E+0	1.8033894215E+2	4.7334475849E-3
2.6369654032E+0	1.9291981910E+2	4.7156698934E-3
2.6416721513E+0	2.0570653108E+2	4.6978133967E-3
2.6463610038E+0	2.1867209646E+2	4.6798783932E-3
2.6510318821E+0	2.3179428492E+2	4.6618651826E-3
2.6556847082E+0	2.4505591038E+2	4.6437740661E-3
2.6603194043E+0	2.5844322072E+2	4.6256053458E-3
2.6649358931E+0	2.7194300794E+2	4.6073593254E-3
2.6695340973E+0	2.8553956429E+2	4.5890363098E-3
2.6741139402E+0	2.9921266628E+2	4.5706366053E-3
2.6786753451E+0	3.1293736974E+2	4.5521605193E-3
2.6832182358E+0	3.2668570657E+2	4.5336083606E-3
2.6877425365E+0	3.4042965774E+2	4.5149804392E-3
2.6922481716E+0	3.5414430569E+2	4.4962770664E-3
2.6967350656E+0	3.6781001348E+2	4.4774985548E-3
2.7012031437E+0	3.8141284850E+2	4.4586452181E-3
2.7056523312E+0	3.9494311680E+2	4.4397173715E-3
2.7100825537E+0	4.0839255517E+2	4.4207153312E-3
2.7144937373E+0	4.2175119394E+2	4.4016394148E-3
2.7188858081E+0	4.3500499727E+2	4.3824899412E-3
2.7232586927E+0	4.4813509158E+2	4.3632672302E-3
2.7276123182E+0	4.6111882567E+2	4.3439716031E-3
2.7319466117E+0	4.7393227482E+2	4.3246033825E-3
2.7362615009E+0	4.8655332188E+2	4.3051628919E-3
2.7405569135E+0	4.9896427823E+2	4.2856504563E-3
2.7448327779E+0	5.1115318932E+2	4.2660664016E-3
2.7490890226E+0	5.2311342890E+2	4.2464110553E-3
2.7533255764E+0	5.3484175661E+2	4.2266847457E-3
2.7575423685E+0	5.4633550397E+2	4.2068878026E-3
2.7617393285E+0	5.5758980792E+2	4.1870205567E-3
2.7659163863E+0	5.6859576151E+2	4.1670833400E-3
2.7700734720E+0	5.7934003082E+2	4.1470764858E-3
2.7742105162E+0	5.8980601110E+2	4.1270003283E-3
2.7783274497E+0	5.9997612032E+2	4.1068552032E-3
2.7824242037E+0	6.0983449859E+2	4.0866414469E-3
2.7865007098E+0	6.1936929035E+2	4.0663593974E-3
2.7905568999E+0	6.2857384560E+2	4.0460093936E-3
2.7945927061E+0	6.3744652523E+2	4.0255917754E-3
2.7986080610E+0	6.4598921823E+2	4.0051068843E-3
2.8026028975E+0	6.5420504591E+2	3.9845550624E-3
2.8065771489E+0	6.6209593771E+2	3.9639366533E-3
2.8105307487E+0	6.6966076452E+2	3.9432520014E-3
2.8144636309E+0	6.7689452396E+2	3.9225014525E-3
2.8183757298E+0	6.8378875444E+2	3.9016853533E-3
2.8222669799E+0	6.9033300885E+2	3.8808040517E-3
2.8261373163E+0	6.9651694010E+2	3.8598578967E-3
2.8299866742E+0	7.0233241093E+2	3.8388472382E-3
2.8338149894E+0	7.0777506639E+2	3.8177724274E-3
2.8376221978E+0	7.1284498057E+2	3.7966338166E-3
2.8414082359E+0	7.1754625275E+2	3.7754317588E-3
2.8451730403E+0	7.2188570623E+2	3.7541666086E-3
2.8489165482E+0	7.2587106235E+2	3.7328387211E-3
2.8526386969E+0	7.2950907129E+2	3.7114484529E-3
2.8563394244E+0	7.3280406112E+2	3.6899961614E-3
2.8600186687E+0	7.3575723423E+2	3.6684822051E-3
2.8636763684E+0	7.3836683681E+2	3.6469069436E-3
2.8673124623E+0	7.4062910904E+2	3.6252707373E-3
2.8709268897E+0	7.4253974438E+2	3.6035739479E-3
2.8745195901E+0	7.4409548492E+2	3.5818169379E-3
2.8780905036E+0	7.4529547366E+2	3.5600000709E-3
2.8816395704E+0	7.4614206661E+2	3.5381237115E-3
2.8851667313E+0	7.4664095130E+2	3.5161882254E-3
2.8886719273E+0	7.4680058518E+2	3.4941939790E-3
2.8921550998E+0	7.4663111732E+2	3.4721413399E-3
2.8956161906E+0	7.4614305833E+2	3.4500306767E-3
2.8990551419E+0	7.4534599760E+2	3.4278623588E-3
2.9024718962E+0	7.4424763422E+2	3.4056367567E-3
2.9058663965E+0	7.4285330078E+2	3.3833542419E-3
2.9092385859E+0	7.4116604259E+2	3.3610151867E-3
2.9125884081E+0	7.3918719564E+2	3.3386199643E-3
2.9159158072E+0	7.3691730981E+2	3.3161689492E-3
2.9192207275E+0	7.3435720702E+2	3.2936625164E-3
2.9225031139E+0	7.3150895438E+2	3.2711010421E-3
2.9257629114E+0	7.2837656756E+2	3.2484849032E-3
2.9290000656E+0	7.2496632675E+2	3.2258144779E-3
2.9322145224E+0	7.2128667216E+2	3.2030901448E-3
2.9354062280E+0	7.1734772802E+2	3.1803122838E-3
2.9385751292E+0	7.1316056887E+2	3.1574812755E-3
2.9417211730E+0	7.0873637952E+2	3.1345975014E-3
2.9448443068E+0	7.0408566555E+2	3.1116613440E-3
2.9479444784E+0	6.9921764791E+2	3.0886731866E-3
2.9510216360E+0	6.9413993067E+2	3.0656334132E-3
2.9540757281E+0	6.8885847499E+2	3.0425424091E-3
2.9571067038E+0	6.8337785706E+2	3.0194005599E-3
2.9601145124E+0	6.7770174189E+2	2.9962082525E-3
2.9630991036E+0	6.7183347544E+2	2.9729658744E-3
2.9660604276E+0	6.6577668766E+2	2.9496738141E-3
2.9689984348E+0	6.5953580769E+2	2.9263324607E-3
2.9719130762E+0	6.5311641636E+2	2.9029422044E-3
2.9748043031E+0	6.4652539432E+2	2.8795034361E-3
2.9776720671E+0	6.3977086003E+2	2.8560165473E-3
2.9805163203E+0	6.3286192491E+2	2.8324819307E-3
2.9833370151E+0	6.2580831765E+2	2.8088999795E-3
2.9861341046E+0	6.1861994389E+2	2.7852710878E-3
2.9889075418E+0	6.1130644991E+2	2.7615956505E-3
2.9916572805E+0	6.0387685107E+2	2.7378740632E-3
2.9943832747E+0	5.9633927002E+2	2.7141067224E-3
2.9970854788E+0	5.8870080921E+2	2.6902940251E-3
2.9997638477E+0	5.8096756138E+2	2.6664363695E-3
3.0024183367E+0	5.7314474214E+2	2.6425341541E-3
3.0050489013E+0	5.6523691469E+2	2.6185877784E-3
3.0076554977E+0	5.5724826767E+2	2.5945976426E-3
3.0102380822E+0	5.4918290508E+2	2.5705641475E-3
3.0127966116E+0	5.4104511024E+2	2.5464876949E-3
3.0153310434E+0	5.3283955350E+2	2.5223686871E-3
3.0178413350E+0	5.2457142431E+2	2.4982075270E-3
3.0203274445E+0	5.1624647925E+2	2.4740046186E-3
3.0227893304E+0	5.0787100937E+2	2.4497603662E-3
3.0252269516E+0	4.9945173897E+2	2.4254751751E-3
3.0276402673E+0	4.9099567459E+2	2.4011494510E-3
3.0300292371E+0	4.8250992632E+2	2.3767836004E-3
3.0323938212E+0	4.7400152411E+2	2.3523780306E-3
3.0347339801E+0	4.6547724905E+2	2.3279331494E-3
3.0370496746E+0	4.5694349582E+2	2.3034493653E-3
3.0393408660E+0	4.4840617682E+2	2.2789270875E-3
3.0416075160E+0	4.3987067276E+2	2.2543667257E-3
3.0438495869E+0	4.3134182923E+2	2.2297686905E-3
3.0460670410E+0	4.2282399378E+2	2.2051333928E-3
3.0482598414E+0	4.1432108534E+2	2.1804612443E-3
3.0504279513E+0	4.0583668501E+2	2.1557526574E-3
3.0525713347E+0	3.9737413737E+2	2.1310080450E-3
3.0546899556E+0	3.8893665160E+2	2.1062278206E-3
3.0567837786E+0	3.8052739325E+2	2.0814123983E-3
3.0588527688E+0	3.7214955987E+2	2.0565621928E-3
3.0608968915E+0	3.6380643592E+2	2.0316776194E-3
3.0629161127E+0	3.5550142502E+2	2.0067590939E-3
3.0649103985E+0	3.4723805989E+2	1.9818070327E-3
3.0668797157E+0	3.3901999211E+2	1.9568218529E-3
3.0688240313E+0	3.3085096535E+2	1.9318039720E-3
3.0707433129E+0	3.2273477652E+2	1.9067538080E-3
3.0726375283E+0	3.1467522959E+2	1.8816717796E-3
3.0745066460E+0	3.0667608678E+2	1.8565583060E-3
3.0763506346E+0	2.9874102123E+2	1.8314138067E-3
3.0781694634E+0	2.9087357462E+2	1.8062387021E-3
3.0799631019E+0	2.8307712217E+2	1.7810334128E-3
3.0817315203E+0	2.7535484666E+2	1.7557983600E-3
3.0834746889E+0	2.6770972203E+2	1.7305339655E-3
3.0851925786E+0	2.6014450647E+2	1.7052406515E-3
3.0868851607E+0	2.5266174417E+2	1.6799188405E-3
3.0885524069E+0	2.4526377448E+2	1.6545689559E-3
3.0901942894E+0	2.3795274680E+2	1.6291914212E-3
3.0918107807E+0	2.3073063971E+2	1.6037866605E-3
3.0934018538E+0	2.2359928237E+2	1.5783550984E-3
3.0949674821E+0	2.1656037683E+2	1.5528971598E-3
3.0965076394E+0	2.0961551976E+2	1.5274132703E-3
3.0980223001E+0	2.0276622268E+2	1.5019038556E-3
3.0995114388E+0	1.9601392962E+2	1.4763693421E-3
3.1009750306E+0	1.8936003200E+2	1.4508101565E-3
3.1024130510E+0	1.8280588019E+2	1.4252267258E-3
3.1038254761E+0	1.7635279201E+2	1.3996194778E-3
3.1052122822E+0	1.7000205809E+2	1.3739888402E-3
3.1065734461E+0	1.6375494461E+2	1.3483352414E-3
3.1079089451E+0	1.5761269366E+2	1.3226591101E-3
3.1092187570E+0	1.5157652189E+2	1.2969608754E-3
3.1105028597E+0	1.4564761767E+2	1.2712409668E-3
3.1117612318E+0	1.3982713748E+2	1.2454998140E-3
3.1129938524E+0	1.3411620178E+2	1.2197378472E-3
3.1142007007E+0	1.2851589086E+2	1.1939554970E-3
3.1153817567E+0	1.2302724079E+2	1.1681531941E-3
3.1165370006E+0	1.1765123998E+2	1.1423313699E-3
3.1176664131E+0	1.1238882623E+2	1.1164904558E-3
3.1187699753E+0	1.0724088463E+2	1.0906308836E-3
3.1198476688E+0	1.0220824609E+2	1.0647530855E-3
3.1208994755E+0	9.7291686823E+1	1.0388574939E-3
3.1219253780E+0	9.2491928425E+1	1.0129445417E-3
3.1229253590E+0	8.7809638706E+1	9.8701466182E-4
3.1238994018E+0	8.3245433092E+1	9.6106828758E-4
3.1248474902E+0	7.8799876526E+1	9.3510585261E-4
3.1257696083E+0	7.4473485754E+1	9.0912779076E-4
3.1266657407E+0	7.0266731918E+1	8.8313453619E-4
3.1275358724E+0	6.6180043337E+1	8.5712652325E-4
3.1283799890E+0	6.2213808409E+1	8.3110418659E-4
3.1291980762E+0	5.8368378553E+1	8.0506796108E-4
3.1299901204E+0	5.4644071116E+1	7.7901828182E-4
3.1307561084E+0	5.1041172218E+1	7.5295558414E-4
3.1314960274E+0	4.7559939471E+1	7.2688030358E-4
3.1322098650E+0	4.4200604556E+1	7.0079287589E-4
3.1328976092E+0	4.0963375637E+1	6.7469373705E-4
3.1335592487E+0	3.7848439594E+1	6.4858332323E-4
3.1341947723E+0	3.4855964083E+1	6.2246207073E-4
3.1348041694E+0	3.1986099408E+1	5.9633041614E-4
3.1353874298E+0	2.9238980232E+1	5.7018879612E-4
3.1359445438E+0	2.6614727112E+1	5.4403764760E-4
3.1364755020E+0	2.4113447892E+1	5.1787740760E-4
3.1369802957E+0	2.1735238945E+1	4.9170851331E-4
3.1374589163E+0	1.9480186297E+1	4.6553140213E-4
3.1379113559E+0	1.7348366629E+1	4.3934651156E-4
3.1383376069E+0	1.5339848180E+1	4.1315427928E-4
3.1387376622E+0	1.3454691555E+1	3.8695514312E-4
3.1391115150E+0	1.1692950455E+1	3.6074954110E-4
3.1394591592E+0	1.0054672331E+1	3.3453791144E-4
3.1397805890E+0	8.5398989730E+0	3.0832069259E-4
3.1400757989E+0	7.1486670467E+0	2.8209832342E-4
3.1403447841E+0	5.8810085685E+0	2.5587124334E-4
3.1405875400E+0	4.7369513358E+0	2.2963989267E-4
3.1408040626E+0	3.7165193083E+0	2.0340471372E-4
3.1409943483E+0	2.8197329409E+0	1.7716615272E-4
3.1411583939E+0	2.0466094601E+0	1.5092466531E-4
3.1412961968E+0	1.3971630554E+0	1.2468073282E-4
3.1414077547E+0	8.7140488243E-1	9.8434919423E-5
3.1414930663E+0	4.6934240586E-1	7.2188137769E-5
3.1415521316E+0	1.9097499531E-1	4.5943520243E-5
3.1415849628E+0	3.6245553445E-2	1.9736940383E-5