# Differential cross section		
# Author: P. Swaczyna	Princeton University	(swaczyna@princeton.edu)
# Date: 	Tue 3 Nov 2020 16:23:04	
# 		
# Elastic collision: H^+ + He^0 -> H^+ + He^0		
# 		
# Red. mass: 	7.4962491838E+8	 eV/c^2
# CM energy: 	2.2387211386E-4	 eV
# Rel speed: 	2.3169341643E+4	 cm/s
# Tot sigma: 	2.9643097547E+3	 a.u.
# Int sigma: 	2.9643097547E+3	 a.u.
# 		
# Columns:		
# the <- scattering angle (rad)		
# dcs <- dsigma/dOmega*2*pi*sin(the) (a.u. = 2.8002852056E-17 cm^2)		
# wei <- weight for cross section integration (approx. width of angle bin)		
# 		
# the	dcs	wei
7.6907532846E-6	3.5563091888E-1	1.9736940383E-5
4.0521979771E-5	1.8737910853E+0	4.5943520243E-5
9.9587300392E-5	4.6050446916E+0	7.2188137769E-5
1.8489884726E-4	8.5499242123E+0	9.8434919423E-5
2.9645680168E-4	1.3708357934E+1	1.2468073282E-4
4.3425968311E-4	2.0080103342E+1	1.5092466531E-4
5.9830531657E-4	2.7664736470E+1	1.7716615272E-4
7.8859101285E-4	3.6461591966E+1	2.0340471372E-4
1.0051136166E-3	4.6469684276E+1	2.2963989267E-4
1.2478695220E-3	5.7687614835E+1	2.5587124334E-4
1.5168546797E-3	7.0113466631E+1	2.8209832342E-4
1.8120645986E-3	8.3744686952E+1	3.0832069259E-4
2.1334943481E-3	9.8577959098E+1	3.3453791144E-4
2.4811385584E-3	1.1460906403E+2	3.6074954110E-4
2.8549914211E-3	1.3183273317E+2	3.8695514312E-4
3.2550466893E-3	1.5024249391E+2	4.1315427928E-4
3.6812976783E-3	1.6983050970E+2	4.3934651156E-4
4.1337372652E-3	1.9058741705E+2	4.6553140213E-4
4.6123578895E-3	2.1250216210E+2	4.9170851331E-4
5.1171515529E-3	2.3556184008E+2	5.1787740760E-4
5.6481098199E-3	2.5975154122E+2	5.4403764760E-4
6.2052238176E-3	2.8505420732E+2	5.7018879612E-4
6.7884842360E-3	3.1145050346E+2	5.9633041614E-4
7.3978813281E-3	3.3891871000E+2	6.2246207073E-4
8.0334049101E-3	3.6743464000E+2	6.4858332323E-4
8.6950443616E-3	3.9697158765E+2	6.7469373705E-4
9.3827886258E-3	4.2750031324E+2	7.0079287589E-4
1.0096626210E-2	4.5898907012E+2	7.2688030358E-4
1.0836545184E-2	4.9140367881E+2	7.5295558414E-4
1.1602533184E-2	5.2470765258E+2	7.7901828182E-4
1.2394577408E-2	5.5886237833E+2	8.0506796108E-4
1.3212664621E-2	5.9382735502E+2	8.3110418659E-4
1.4056781152E-2	6.2956049057E+2	8.5712652325E-4
1.4926912893E-2	6.6601845620E+2	8.8313453619E-4
1.5823045305E-2	7.0315709514E+2	9.0912779076E-4
1.6745163410E-2	7.4093187994E+2	9.3510585261E-4
1.7693251801E-2	7.7929841019E+2	9.6106828758E-4
1.8667294632E-2	8.1821293952E+2	9.8701466182E-4
1.9667275626E-2	8.5763291788E+2	1.0129445417E-3
2.0693178073E-2	8.9751753244E+2	1.0388574939E-3
2.1744984827E-2	9.3782822798E+2	1.0647530855E-3
2.2822678313E-2	9.7852918555E+2	1.0906308836E-3
2.3926240519E-2	1.0195877366E+3	1.1164904558E-3
2.5055653005E-2	1.0609746898E+3	1.1423313699E-3
2.6210896896E-2	1.1026645465E+3	1.1681531941E-3
2.7391952886E-2	1.1446355849E+3	1.1939554970E-3
2.8598801239E-2	1.1868697930E+3	1.2197378472E-3
2.9831421786E-2	1.2293526359E+3	1.2454998140E-3
3.1089793929E-2	1.2720726484E+3	1.2712409668E-3
3.2373896638E-2	1.3150208514E+3	1.2969608754E-3
3.3683708455E-2	1.3581899958E+3	1.3226591101E-3
3.5019207490E-2	1.4015736519E+3	1.3483352414E-3
3.6380371427E-2	1.4451651665E+3	1.3739888402E-3
3.7767177517E-2	1.4889565242E+3	1.3996194778E-3
3.9179602586E-2	1.5329371593E+3	1.4252267258E-3
4.0617623030E-2	1.5770927715E+3	1.4508101565E-3
4.2081214817E-2	1.6214042100E+3	1.4763693421E-3
4.3570353490E-2	1.6658464935E+3	1.5019038556E-3
4.5085014162E-2	1.7103880386E+3	1.5274132703E-3
4.6625171522E-2	1.7549901662E+3	1.5528971598E-3
4.8190799831E-2	1.7996069498E+3	1.5783550984E-3
4.9781872927E-2	1.8441854579E+3	1.6037866605E-3
5.1398364219E-2	1.8886664268E+3	1.6291914212E-3
5.3040246694E-2	1.9329853758E+3	1.6545689559E-3
5.4707492914E-2	1.9770741500E+3	1.6799188405E-3
5.6400075017E-2	2.0208628436E+3	1.7052406515E-3
5.8117964718E-2	2.0642820245E+3	1.7305339655E-3
5.9861133308E-2	2.1072651464E+3	1.7557983600E-3
6.1629551657E-2	2.1497510058E+3	1.7810334128E-3
6.3423190212E-2	2.1916860795E+3	1.8062387021E-3
6.5242019000E-2	2.2330265626E+3	1.8314138067E-3
6.7086007624E-2	2.2737399312E+3	1.8565583060E-3
6.8955125270E-2	2.3138058645E+3	1.8816717796E-3
7.0849340702E-2	2.3532163957E+3	1.9067538080E-3
7.2768622264E-2	2.3919752060E+3	1.9318039720E-3
7.4712937885E-2	2.4300960356E+3	1.9568218529E-3
7.6682255070E-2	2.4676002581E+3	1.9818070327E-3
7.8676540910E-2	2.5045137366E+3	2.0067590939E-3
8.0695762079E-2	2.5408631578E+3	2.0316776194E-3
8.2739884832E-2	2.5766721020E+3	2.0565621928E-3
8.4808875009E-2	2.6119571624E+3	2.0814123983E-3
8.6902698034E-2	2.6467244524E+3	2.1062278206E-3
8.9021318917E-2	2.6809668451E+3	2.1310080450E-3
9.1164702253E-2	2.7146622551E+3	2.1557526574E-3
9.3332812224E-2	2.7477732149E+3	2.1804612443E-3
9.5525612596E-2	2.7802478957E+3	2.2051333928E-3
9.7743066726E-2	2.8120226039E+3	2.2297686905E-3
9.9985137556E-2	2.8430256369E+3	2.2543667257E-3
1.0225178762E-1	2.8731822314E+3	2.2789270875E-3
1.0454297904E-1	2.9024201944E+3	2.3034493653E-3
1.0685867352E-1	2.9306756897E+3	2.3279331494E-3
1.0919883237E-1	2.9578985814E+3	2.3523780306E-3
1.1156341648E-1	2.9840567227E+3	2.3767836004E-3
1.1395238633E-1	3.0091386399E+3	2.4011494510E-3
1.1636570200E-1	3.0331541915E+3	2.4254751751E-3
1.1880332317E-1	3.0561329833E+3	2.4497603662E-3
1.2126520909E-1	3.0781205659E+3	2.4740046186E-3
1.2375131862E-1	3.0991727101E+3	2.4982075270E-3
1.2626161023E-1	3.1193483146E+3	2.5223686871E-3
1.2879604195E-1	3.1387017133E+3	2.5464876949E-3
1.3135457143E-1	3.1572752849E+3	2.5705641475E-3
1.3393715592E-1	3.1750933025E+3	2.5945976426E-3
1.3654375226E-1	3.1921578753E+3	2.6185877784E-3
1.3917431689E-1	3.2084476328E+3	2.6425341541E-3
1.4182880585E-1	3.2239194906E+3	2.6664363695E-3
1.4450717478E-1	3.2385134566E+3	2.6902940251E-3
1.4720937892E-1	3.2521600103E+3	2.7141067224E-3
1.4993537310E-1	3.2647891997E+3	2.7378740632E-3
1.5268511179E-1	3.2763402798E+3	2.7615956505E-3
1.5545854902E-1	3.2867705495E+3	2.7852710878E-3
1.5825563845E-1	3.2960620542E+3	2.8088999795E-3
1.6107633333E-1	3.3042250450E+3	2.8324819307E-3
1.6392058653E-1	3.3112974982E+3	2.8560165473E-3
1.6678835052E-1	3.3173405629E+3	2.8795034361E-3
1.6967957737E-1	3.3224304336E+3	2.9029422044E-3
1.7259421876E-1	3.3266477436E+3	2.9263324607E-3
1.7553222599E-1	3.3300660402E+3	2.9496738141E-3
1.7849354996E-1	3.3327411436E+3	2.9729658744E-3
1.8147814117E-1	3.3347031533E+3	2.9962082525E-3
1.8448594977E-1	3.3359525300E+3	3.0194005599E-3
1.8751692548E-1	3.3364610861E+3	3.0425424091E-3
1.9057101764E-1	3.3361779292E+3	3.0656334132E-3
1.9364817522E-1	3.3350395564E+3	3.0886731866E-3
1.9674834681E-1	3.3329825137E+3	3.1116613440E-3
1.9987148058E-1	3.3299564853E+3	3.1345975014E-3
2.0301752435E-1	3.3259354663E+3	3.1574812755E-3
2.0618642554E-1	3.3209248904E+3	3.1803122838E-3
2.0937813120E-1	3.3149632255E+3	3.2030901448E-3
2.1259258799E-1	3.3081175233E+3	3.2258144779E-3
2.1582974219E-1	3.3004735485E+3	3.2484849032E-3
2.1908953970E-1	3.2921222024E+3	3.2711010421E-3
2.2237192605E-1	3.2831447618E+3	3.2936625164E-3
2.2567684639E-1	3.2735997985E+3	3.3161689492E-3
2.2900424548E-1	3.2635144339E+3	3.3386199643E-3
2.3235406772E-1	3.2528818178E+3	3.3610151867E-3
2.3572625713E-1	3.2416655334E+3	3.3833542419E-3
2.3912075735E-1	3.2298102249E+3	3.4056367567E-3
2.4253751167E-1	3.2172564087E+3	3.4278623588E-3
2.4597646298E-1	3.2039564417E+3	3.4500306767E-3
2.4943755380E-1	3.1898882336E+3	3.4721413399E-3
2.5292072631E-1	3.1750636339E+3	3.4941939790E-3
2.5642592230E-1	3.1595294864E+3	3.5161882254E-3
2.5995308318E-1	3.1433609212E+3	3.5381237115E-3
2.6350215001E-1	3.1266482162E+3	3.5600000709E-3
2.6707306349E-1	3.1094800908E+3	3.5818169379E-3
2.7066576394E-1	3.0919272137E+3	3.6035739479E-3
2.7428019131E-1	3.0740297737E+3	3.6252707373E-3
2.7791628522E-1	3.0557921158E+3	3.6469069436E-3
2.8157398488E-1	3.0371858486E+3	3.6684822051E-3
2.8525322919E-1	3.0181608373E+3	3.6899961614E-3
2.8895395665E-1	2.9986615498E+3	3.7114484529E-3
2.9267610542E-1	2.9786448214E+3	3.7328387211E-3
2.9641961330E-1	2.9580946146E+3	3.7541666086E-3
3.0018441773E-1	2.9370299774E+3	3.7754317588E-3
3.0397045579E-1	2.9155040412E+3	3.7966338166E-3
3.0777766421E-1	2.8935941835E+3	3.8177724274E-3
3.1160597938E-1	2.8713858076E+3	3.8388472382E-3
3.1545533730E-1	2.8489539463E+3	3.8598578967E-3
3.1932567367E-1	2.8263475575E+3	3.8808040517E-3
3.2321692379E-1	2.8035807466E+3	3.9016853533E-3
3.2712902264E-1	2.7806333531E+3	3.9225014525E-3
3.3106190484E-1	2.7574608270E+3	3.9432520014E-3
3.3501550468E-1	2.7340107535E+3	3.9639366533E-3
3.3898975607E-1	2.7102414724E+3	3.9845550624E-3
3.4298459261E-1	2.6861375406E+3	4.0051068843E-3
3.4699994753E-1	2.6617175826E+3	4.0255917754E-3
3.5103575373E-1	2.6370321975E+3	4.0460093936E-3
3.5509194378E-1	2.6121524776E+3	4.0663593974E-3
3.5916844988E-1	2.5871524849E+3	4.0866414469E-3
3.6326520391E-1	2.5620908742E+3	4.1068552032E-3
3.6738213741E-1	2.5369971557E+3	4.1270003283E-3
3.7151918157E-1	2.5118667377E+3	4.1470764858E-3
3.7567626728E-1	2.4866662593E+3	4.1670833400E-3
3.7985332504E-1	2.4613475912E+3	4.1870205567E-3
3.8405028507E-1	2.4358661829E+3	4.2068878026E-3
3.8826707721E-1	2.4101980204E+3	4.2266847457E-3
3.9250363101E-1	2.3843498232E+3	4.2464110553E-3
3.9675987567E-1	2.3583592228E+3	4.2660664016E-3
4.0103574005E-1	2.3322848812E+3	4.2856504563E-3
4.0533115271E-1	2.3061898061E+3	4.3051628919E-3
4.0964604185E-1	2.2801233684E+3	4.3246033825E-3
4.1398033538E-1	2.2541079574E+3	4.3439716031E-3
4.1833396086E-1	2.2281346710E+3	4.3632672302E-3
4.2270684554E-1	2.2021694207E+3	4.3824899412E-3
4.2709891633E-1	2.1761673339E+3	4.4016394148E-3
4.3151009985E-1	2.1500905124E+3	4.4207153312E-3
4.3594032237E-1	2.1239230297E+3	4.4397173715E-3
4.4038950986E-1	2.0976779796E+3	4.4586452181E-3
4.4485758797E-1	2.0713941649E+3	4.4774985548E-3
4.4934448203E-1	2.0451236967E+3	4.4962770664E-3
4.5385011706E-1	2.0189150218E+3	4.5149804392E-3
4.5837441776E-1	1.9927975117E+3	4.5336083606E-3
4.6291730852E-1	1.9667731378E+3	4.5521605193E-3
4.6747871344E-1	1.9408181525E+3	4.5706366053E-3
4.7205855627E-1	1.9148940430E+3	4.5890363098E-3
4.7665676049E-1	1.8889636336E+3	4.6073593254E-3
4.8127324926E-1	1.8630063145E+3	4.6256053458E-3
4.8590794542E-1	1.8370267080E+3	4.6437740661E-3
4.9056077152E-1	1.8110535816E+3	4.6618651826E-3
4.9523164982E-1	1.7851295621E+3	4.6798783932E-3
4.9992050224E-1	1.7592957485E+3	4.6978133967E-3
5.0462725044E-1	1.7335772463E+3	4.7156698934E-3
5.0935181576E-1	1.7079752061E+3	4.7334475849E-3
5.1409411924E-1	1.6824683506E+3	4.7511461741E-3
5.1885408164E-1	1.6570232372E+3	4.7687653653E-3
5.2363162341E-1	1.6316090814E+3	4.7863048641E-3
5.2842666471E-1	1.6062111833E+3	4.8037643772E-3
5.3323912540E-1	1.5808375849E+3	4.8211436130E-3
5.3806892508E-1	1.5555163717E+3	4.8384422809E-3
5.4291598301E-1	1.5302848843E+3	4.8556600920E-3
5.4778021821E-1	1.5051754289E+3	4.8727967585E-3
5.5266154939E-1	1.4802034490E+3	4.8898519940E-3
5.5755989496E-1	1.4553629979E+3	4.9068255135E-3
5.6247517308E-1	1.4306312529E+3	4.9237170334E-3
5.6740730160E-1	1.4059800309E+3	4.9405262713E-3
5.7235619810E-1	1.3813893487E+3	4.9572529464E-3
5.7732177988E-1	1.3568572346E+3	4.9738967791E-3
5.8230396395E-1	1.3324016397E+3	4.9904574913E-3
5.8730266706E-1	1.3080537520E+3	5.0069348063E-3
5.9231780568E-1	1.2838457799E+3	5.0233284486E-3
5.9734929598E-1	1.2597986454E+3	5.0396381444E-3
6.0239705389E-1	1.2359149742E+3	5.0558636210E-3
6.0746099506E-1	1.2121803621E+3	5.0720046074E-3
6.1254103485E-1	1.1885722258E+3	5.0880608338E-3
6.1763708838E-1	1.1650722004E+3	5.1040320318E-3
6.2274907048E-1	1.1416764797E+3	5.1199179345E-3
6.2787689573E-1	1.1183994352E+3	5.1357182766E-3
6.3302047843E-1	1.0952689406E+3	5.1514327939E-3
6.3817973262E-1	1.0723156630E+3	5.1670612238E-3
6.4335457209E-1	1.0495613400E+3	5.1826033052E-3
6.4854491036E-1	1.0270114693E+3	5.1980587783E-3
6.5375066070E-1	1.0046557317E+3	5.2134273849E-3
6.5897173609E-1	9.8247586901E+2	5.2287088681E-3
6.6420804930E-1	9.6045726830E+2	5.2439029725E-3
6.6945951283E-1	9.3859874777E+2	5.2590094442E-3
6.7472603890E-1	9.1691586751E+2	5.2740280309E-3
6.8000753951E-1	8.9543619459E+2	5.2889584814E-3
6.8530392640E-1	8.7418885698E+2	5.3038005463E-3
6.9061511106E-1	8.5319348960E+2	5.3185539776E-3
6.9594100473E-1	8.3245394555E+2	5.3332185287E-3
7.0128151841E-1	8.1195981595E+2	5.3477939546E-3
7.0663656285E-1	7.9169500619E+2	5.3622800116E-3
7.1200604856E-1	7.7164914215E+2	5.3766764577E-3
7.1738988581E-1	7.5182611365E+2	5.3909830523E-3
7.2278798463E-1	7.3224541837E+2	5.4051995564E-3
7.2820025482E-1	7.1293557718E+2	5.4193257323E-3
7.3362660591E-1	6.9392293781E+2	5.4333613439E-3
7.3906694724E-1	6.7522156098E+2	5.4473061568E-3
7.4452118788E-1	6.5682936361E+2	5.4611599379E-3
7.4998923669E-1	6.3873254532E+2	5.4749224557E-3
7.5547100229E-1	6.2091609791E+2	5.4885934801E-3
7.6096639308E-1	6.0337498695E+2	5.5021727828E-3
7.6647531721E-1	5.8612010558E+2	5.5156601367E-3
7.7199768263E-1	5.6917574092E+2	5.5290553166E-3
7.7753339704E-1	5.5256977459E+2	5.5423580985E-3
7.8308236795E-1	5.3632175936E+2	5.5555682601E-3
7.8864450262E-1	5.2043523070E+2	5.5686855808E-3
7.9421970809E-1	5.0489845118E+2	5.5817098412E-3
7.9980789121E-1	4.8969333951E+2	5.5946408237E-3
8.0540895857E-1	4.7480788467E+2	5.6074783123E-3
8.1102281659E-1	4.6024528038E+2	5.6202220924E-3
8.1664937145E-1	4.4602462233E+2	5.6328719509E-3
8.2228852912E-1	4.3217258410E+2	5.6454276767E-3
8.2794019536E-1	4.1871053589E+2	5.6578890597E-3
8.3360427572E-1	4.0564422421E+2	5.6702558918E-3
8.3928067556E-1	3.9296185759E+2	5.6825279663E-3
8.4496930000E-1	3.8064187396E+2	5.6947050782E-3
8.5067005399E-1	3.6866622626E+2	5.7067870238E-3
8.5638284226E-1	3.5703172148E+2	5.7187736014E-3
8.6210756934E-1	3.4575280967E+2	5.7306646105E-3
8.6784413956E-1	3.3485397994E+2	5.7424598526E-3
8.7359245705E-1	3.2435593169E+2	5.7541591304E-3
8.7935242576E-1	3.1426342584E+2	5.7657622485E-3
8.8512394943E-1	3.0456194027E+2	5.7772690129E-3
8.9090693161E-1	2.9522531161E+2	5.7886792314E-3
8.9670127565E-1	2.8623016202E+2	5.7999927133E-3
9.0250688473E-1	2.7756874251E+2	5.8112092696E-3
9.0832366182E-1	2.6925247913E+2	5.8223287127E-3
9.1415150972E-1	2.6130385525E+2	5.8333508568E-3
9.1999033104E-1	2.5374123271E+2	5.8442755178E-3
9.2584002820E-1	2.4656558801E+2	5.8551025132E-3
9.3170050345E-1	2.3975720565E+2	5.8658316618E-3
9.3757165885E-1	2.3328457553E+2	5.8764627846E-3
9.4345339628E-1	2.2712040439E+2	5.8869957037E-3
9.4934561746E-1	2.2125513911E+2	5.8974302433E-3
9.5524822392E-1	2.1569962957E+2	5.9077662288E-3
9.6116111701E-1	2.1047504515E+2	5.9180034877E-3
9.6708419793E-1	2.0559602199E+2	5.9281418487E-3
9.7301736769E-1	2.0105734601E+2	5.9381811425E-3
9.7896052713E-1	1.9683250525E+2	5.9481212013E-3
9.8491357695E-1	1.9288526919E+2	5.9579618591E-3
9.9087641766E-1	1.8918735661E+2	5.9677029512E-3
9.9684894961E-1	1.8573124145E+2	5.9773443150E-3
1.0028310730E+0	1.8252993620E+2	5.9868857894E-3
1.0088226878E+0	1.7960367308E+2	5.9963272149E-3
1.0148236940E+0	1.7696172811E+2	6.0056684336E-3
1.0208339913E+0	1.7459085148E+2	6.0149092896E-3
1.0268534791E+0	1.7245775968E+2	6.0240496283E-3
1.0328820570E+0	1.7052433477E+2	6.0330892971E-3
1.0389196241E+0	1.6876602930E+2	6.0420281448E-3
1.0449660796E+0	1.6718172166E+2	6.0508660221E-3
1.0510213224E+0	1.6578857577E+2	6.0596027814E-3
1.0570852514E+0	1.6460508455E+2	6.0682382765E-3
1.0631577652E+0	1.6363317407E+2	6.0767723631E-3
1.0692387623E+0	1.6285095479E+2	6.0852048988E-3
1.0753281411E+0	1.6222091866E+2	6.0935357425E-3
1.0814257998E+0	1.6170840368E+2	6.1017647550E-3
1.0875316366E+0	1.6129838254E+2	6.1098917988E-3
1.0936455494E+0	1.6099958792E+2	6.1179167381E-3
1.0997674360E+0	1.6083322757E+2	6.1258394388E-3
1.1058971941E+0	1.6081369639E+2	6.1336597685E-3
1.1120347214E+0	1.6093398759E+2	6.1413775965E-3
1.1181799151E+0	1.6116542068E+2	6.1489927938E-3
1.1243326727E+0	1.6147188016E+2	6.1565052331E-3
1.1304928913E+0	1.6182916278E+2	6.1639147890E-3
1.1366604679E+0	1.6223660305E+2	6.1712213376E-3
1.1428352996E+0	1.6271327669E+2	6.1784247568E-3
1.1490172830E+0	1.6328141860E+2	6.1855249261E-3
1.1552063150E+0	1.6394823993E+2	6.1925217271E-3
1.1614022920E+0	1.6469830728E+2	6.1994150427E-3
1.1676051105E+0	1.6550147851E+2	6.2062047577E-3
1.1738146669E+0	1.6633093669E+2	6.2128907587E-3
1.1800308574E+0	1.6717911622E+2	6.2194729339E-3
1.1862535782E+0	1.6806083144E+2	6.2259511734E-3
1.1924827251E+0	1.6900170073E+2	6.2323253688E-3
1.1987181942E+0	1.7001996323E+2	6.2385954138E-3
1.2049598812E+0	1.7111411294E+2	6.2447612034E-3
1.2112076818E+0	1.7226457942E+2	6.2508226346E-3
1.2174614916E+0	1.7344800572E+2	6.2567796062E-3
1.2237212062E+0	1.7465415493E+2	6.2626320186E-3
1.2299867208E+0	1.7589388314E+2	6.2683797740E-3
1.2362579308E+0	1.7719298584E+2	6.2740227763E-3
1.2425347314E+0	1.7857655355E+2	6.2795609313E-3
1.2488170177E+0	1.8005483794E+2	6.2849941464E-3
1.2551046847E+0	1.8162021226E+2	6.2903223308E-3
1.2613976273E+0	1.8325687354E+2	6.2955453954E-3
1.2676957404E+0	1.8495614802E+2	6.3006632530E-3
1.2739989187E+0	1.8672666376E+2	6.3056758180E-3
1.2803070569E+0	1.8859260141E+2	6.3105830068E-3
1.2866200496E+0	1.9058178229E+2	6.3153847371E-3
1.2929377912E+0	1.9271232296E+2	6.3200809290E-3
1.2992601762E+0	1.9498711830E+2	6.3246715037E-3
1.3055870990E+0	1.9739947790E+2	6.3291563847E-3
1.3119184537E+0	1.9994533136E+2	6.3335354970E-3
1.3182541347E+0	2.0263311947E+2	6.3378087674E-3
1.3245940360E+0	2.0548462649E+2	6.3419761245E-3
1.3309380516E+0	2.0852679673E+2	6.3460374987E-3
1.3372860756E+0	2.1178093058E+2	6.3499928220E-3
1.3436380019E+0	2.1525700679E+2	6.3538420284E-3
1.3499937243E+0	2.1895661670E+2	6.3575850535E-3
1.3563531366E+0	2.2288162043E+2	6.3612218349E-3
1.3627161325E+0	2.2704183979E+2	6.3647523117E-3
1.3690826057E+0	2.3145639155E+2	6.3681764249E-3
1.3754524499E+0	2.3614836442E+2	6.3714941173E-3
1.3818255585E+0	2.4113743168E+2	6.3747053335E-3
1.3882018250E+0	2.4643600258E+2	6.3778100198E-3
1.3945811430E+0	2.5205122394E+2	6.3808081243E-3
1.4009634057E+0	2.5799048254E+2	6.3836995970E-3
1.4073485066E+0	2.6426570003E+2	6.3864843894E-3
1.4137363389E+0	2.7089321704E+2	6.3891624551E-3
1.4201267959E+0	2.7788994964E+2	6.3917337493E-3
1.4265197708E+0	2.8526950483E+2	6.3941982290E-3
1.4329151568E+0	2.9304161302E+2	6.3965558531E-3
1.4393128469E+0	3.0121501856E+2	6.3988065821E-3
1.4457127343E+0	3.0980081003E+2	6.4009503785E-3
1.4521147120E+0	3.1881283529E+2	6.4029872063E-3
1.4585186731E+0	3.2826455702E+2	6.4049170317E-3
1.4649245104E+0	3.3816509962E+2	6.4067398222E-3
1.4713321170E+0	3.4851832902E+2	6.4084555476E-3
1.4777413858E+0	3.5932640644E+2	6.4100641790E-3
1.4841522097E+0	3.7059519792E+2	6.4115656896E-3
1.4905644815E+0	3.8233675790E+2	6.4129600544E-3
1.4969780940E+0	3.9456601664E+2	6.4142472499E-3
1.5033929402E+0	4.0729351602E+2	6.4154272548E-3
1.5098089128E+0	4.2051977295E+2	6.4165000493E-3
1.5162259046E+0	4.3423632867E+2	6.4174656154E-3
1.5226438083E+0	4.4843366058E+2	6.4183239370E-3
1.5290625167E+0	4.6311040453E+2	6.4190749998E-3
1.5354819225E+0	4.7827647348E+2	6.4197187912E-3
1.5419019185E+0	4.9394670321E+2	6.4202553005E-3
1.5483223974E+0	5.1012891232E+2	6.4206845187E-3
1.5547432518E+0	5.2681517173E+2	6.4210064386E-3
1.5611643745E+0	5.4398351199E+2	6.4212210549E-3
1.5675856581E+0	5.6160985890E+2	6.4213283639E-3
1.5740069954E+0	5.7968193670E+2	6.4213283639E-3
1.5804282791E+0	5.9820451861E+2	6.4212210549E-3
1.5868494018E+0	6.1719115692E+2	6.4210064386E-3
1.5932702562E+0	6.3664756342E+2	6.4206845187E-3
1.5996907351E+0	6.5655864718E+2	6.4202553005E-3
1.6061107310E+0	6.7688936986E+2	6.4197187912E-3
1.6125301369E+0	6.9759984320E+2	6.4190749998E-3
1.6189488453E+0	7.1866429772E+2	6.4183239370E-3
1.6253667490E+0	7.4007986187E+2	6.4174656154E-3
1.6317837408E+0	7.6185785535E+2	6.4165000493E-3
1.6381997134E+0	7.8400303759E+2	6.4154272548E-3
1.6446145595E+0	8.0649563058E+2	6.4142472499E-3
1.6510281721E+0	8.2928971408E+2	6.4129600544E-3
1.6574404439E+0	8.5233013924E+2	6.4115656896E-3
1.6638512678E+0	8.7557641907E+2	6.4100641790E-3
1.6702605366E+0	8.9901623627E+2	6.4084555476E-3
1.6766681432E+0	9.2265805604E+2	6.4067398222E-3
1.6830739805E+0	9.4650734877E+2	6.4049170317E-3
1.6894779416E+0	9.7054325534E+2	6.4029872063E-3
1.6958799193E+0	9.9471291652E+2	6.4009503785E-3
1.7022798067E+0	1.0189484075E+3	6.3988065821E-3
1.7086774968E+0	1.0431948118E+3	6.3965558531E-3
1.7150728827E+0	1.0674293349E+3	6.3941982290E-3
1.7214658576E+0	1.0916571773E+3	6.3917337493E-3
1.7278563146E+0	1.1158864124E+3	6.3891624551E-3
1.7342441470E+0	1.1400995195E+3	6.3864843894E-3
1.7406292478E+0	1.1642422005E+3	6.3836995970E-3
1.7470115106E+0	1.1882381629E+3	6.3808081243E-3
1.7533908286E+0	1.2120199692E+3	6.3778100198E-3
1.7597670951E+0	1.2355541283E+3	6.3747053335E-3
1.7661402037E+0	1.2588421854E+3	6.3714941173E-3
1.7725100479E+0	1.2818964781E+3	6.3681764249E-3
1.7788765211E+0	1.3047074722E+3	6.3647523117E-3
1.7852395170E+0	1.3272260031E+3	6.3612218349E-3
1.7915989293E+0	1.3493735140E+3	6.3575850535E-3
1.7979546517E+0	1.3710735766E+3	6.3538420284E-3
1.8043065780E+0	1.3922826212E+3	6.3499928220E-3
1.8106546020E+0	1.4129979713E+3	6.3460374987E-3
1.8169986176E+0	1.4332371343E+3	6.3419761245E-3
1.8233385189E+0	1.4530026961E+3	6.3378087674E-3
1.8296741999E+0	1.4722575789E+3	6.3335354970E-3
1.8360055546E+0	1.4909283618E+3	6.3291563847E-3
1.8423324774E+0	1.5089347039E+3	6.3246715037E-3
1.8486548624E+0	1.5262244519E+3	6.3200809290E-3
1.8549726040E+0	1.5427897949E+3	6.3153847371E-3
1.8612855967E+0	1.5586529770E+3	6.3105830068E-3
1.8675937349E+0	1.5738314063E+3	6.3056758180E-3
1.8738969132E+0	1.5883065063E+3	6.3006632530E-3
1.8801950263E+0	1.6020181312E+3	6.2955453954E-3
1.8864879689E+0	1.6148886033E+3	6.2903223308E-3
1.8927756359E+0	1.6268598074E+3	6.2849941464E-3
1.8990579222E+0	1.6379176441E+3	6.2795609313E-3
1.9053347228E+0	1.6480868888E+3	6.2740227763E-3
1.9116059328E+0	1.6574000197E+3	6.2683797740E-3
1.9178714474E+0	1.6658615748E+3	6.2626320186E-3
1.9241311620E+0	1.6734326212E+3	6.2567796062E-3
1.9303849718E+0	1.6800459947E+3	6.2508226346E-3
1.9366327724E+0	1.6856418096E+3	6.2447612034E-3
1.9428744594E+0	1.6901988915E+3	6.2385954138E-3
1.9491099285E+0	1.6937406971E+3	6.2323253688E-3
1.9553390754E+0	1.6963118402E+3	6.2259511734E-3
1.9615617961E+0	1.6979413935E+3	6.2194729339E-3
1.9677779867E+0	1.6986179670E+3	6.2128907587E-3
1.9739875431E+0	1.6982933314E+3	6.2062047577E-3
1.9801903616E+0	1.6969119012E+3	6.1994150427E-3
1.9863863386E+0	1.6944459881E+3	6.1925217271E-3
1.9925753706E+0	1.6909130818E+3	6.1855249261E-3
1.9987573540E+0	1.6863637761E+3	6.1784247568E-3
2.0049321857E+0	1.6808487808E+3	6.1712213376E-3
2.0110997623E+0	1.6743872955E+3	6.1639147890E-3
2.0172599809E+0	1.6669577490E+3	6.1565052331E-3
2.0234127385E+0	1.6585167051E+3	6.1489927938E-3
2.0295579322E+0	1.6490329851E+3	6.1413775965E-3
2.0356954595E+0	1.6385142319E+3	6.1336597685E-3
2.0418252176E+0	1.6270085442E+3	6.1258394388E-3
2.0479471042E+0	1.6145805455E+3	6.1179167381E-3
2.0540610170E+0	1.6012780326E+3	6.1098917988E-3
2.0601668538E+0	1.5871111426E+3	6.1017647550E-3
2.0662645125E+0	1.5720573051E+3	6.0935357425E-3
2.0723538913E+0	1.5560881901E+3	6.0852048988E-3
2.0784348884E+0	1.5392007010E+3	6.0767723631E-3
2.0845074022E+0	1.5214318903E+3	6.0682382765E-3
2.0905713312E+0	1.5028485585E+3	6.0596027814E-3
2.0966265740E+0	1.4835188190E+3	6.0508660221E-3
2.1026730295E+0	1.4634842625E+3	6.0420281448E-3
2.1087105966E+0	1.4427504155E+3	6.0330892971E-3
2.1147391745E+0	1.4213010115E+3	6.0240496283E-3
2.1207586623E+0	1.3991263236E+3	6.0149092896E-3
2.1267689596E+0	1.3762472154E+3	6.0056684336E-3
2.1327699657E+0	1.3527198529E+3	5.9963272149E-3
2.1387615806E+0	1.3286186854E+3	5.9868857894E-3
2.1447437040E+0	1.3040090145E+3	5.9773443150E-3
2.1507162359E+0	1.2789265696E+3	5.9677029512E-3
2.1566790766E+0	1.2533765014E+3	5.9579618591E-3
2.1626321265E+0	1.2273516987E+3	5.9481212013E-3
2.1685752859E+0	1.2008583948E+3	5.9381811425E-3
2.1745084557E+0	1.1739330022E+3	5.9281418487E-3
2.1804315366E+0	1.1466401330E+3	5.9180034877E-3
2.1863444297E+0	1.1190537060E+3	5.9077662288E-3
2.1922470361E+0	1.0912332817E+3	5.8974302433E-3
2.1981392573E+0	1.0632101416E+3	5.8869957037E-3
2.2040209947E+0	1.0349910762E+3	5.8764627846E-3
2.2098921501E+0	1.0065768094E+3	5.8658316618E-3
2.2157526254E+0	9.7798333026E+2	5.8551025132E-3
2.2216023226E+0	9.4925320765E+2	5.8442755178E-3
2.2274411439E+0	9.2045055905E+2	5.8333508568E-3
2.2332689918E+0	8.9164338928E+2	5.8223287127E-3
2.2390857689E+0	8.6288431696E+2	5.8112092696E-3
2.2448913779E+0	8.3420108327E+2	5.7999927133E-3
2.2506857220E+0	8.0560188256E+2	5.7886792314E-3
2.2564687042E+0	7.7709160959E+2	5.7772690129E-3
2.2622402278E+0	7.4868896722E+2	5.7657622485E-3
2.2680001965E+0	7.2043443470E+2	5.7541591304E-3
2.2737485140E+0	6.9238495794E+2	5.7424598526E-3
2.2794850843E+0	6.6459913210E+2	5.7306646105E-3
2.2852098113E+0	6.3712188713E+2	5.7187736014E-3
2.2909225996E+0	6.0997741485E+2	5.7067870238E-3
2.2966233536E+0	5.8317383255E+2	5.6947050782E-3
2.3023119780E+0	5.5671620362E+2	5.6825279663E-3
2.3079883779E+0	5.3062003730E+2	5.6702558918E-3
2.3136524582E+0	5.0491763720E+2	5.6578890597E-3
2.3193041245E+0	4.7965419234E+2	5.6454276767E-3
2.3249432821E+0	4.5487645393E+2	5.6328719509E-3
2.3305698370E+0	4.3062076678E+2	5.6202220924E-3
2.3361836950E+0	4.0690708714E+2	5.6074783123E-3
2.3417847624E+0	3.8374182447E+2	5.5946408237E-3
2.3473729455E+0	3.6112729231E+2	5.5817098412E-3
2.3529481510E+0	3.3907211708E+2	5.5686855808E-3
2.3585102856E+0	3.1759687435E+2	5.5555682601E-3
2.3640592565E+0	2.9673226946E+2	5.5423580985E-3
2.3695949710E+0	2.7651143256E+2	5.5290553166E-3
2.3751173364E+0	2.5696093746E+2	5.5156601367E-3
2.3806262605E+0	2.3809543605E+2	5.5021727828E-3
2.3861216513E+0	2.1991843368E+2	5.4885934801E-3
2.3916034169E+0	2.0242824307E+2	5.4749224557E-3
2.3970714657E+0	1.8562550915E+2	5.4611599379E-3
2.4025257064E+0	1.6951821168E+2	5.4473061568E-3
2.4079660477E+0	1.5412177228E+2	5.4333613439E-3
2.4133923988E+0	1.3945469493E+2	5.4193257323E-3
2.4188046690E+0	1.2553246255E+2	5.4051995564E-3
2.4242027678E+0	1.1236303394E+2	5.3909830523E-3
2.4295866050E+0	9.9946089665E+1	5.3766764577E-3
2.4349560907E+0	8.8275997841E+1	5.3622800116E-3
2.4403111352E+0	7.7346559919E+1	5.3477939546E-3
2.4456516489E+0	6.7154909223E+1	5.3332185287E-3
2.4509775425E+0	5.7702683039E+1	5.3185539776E-3
2.4562887272E+0	4.8994220596E+1	5.3038005463E-3
2.4615851141E+0	4.1033104215E+1	5.2889584814E-3
2.4668666147E+0	3.3819046913E+1	5.2740280309E-3
2.4721331408E+0	2.7346683076E+1	5.2590094442E-3
2.4773846043E+0	2.1606619605E+1	5.2439029725E-3
2.4826209175E+0	1.6587883036E+1	5.2287088681E-3
2.4878419929E+0	1.2280295227E+1	5.2134273849E-3
2.4930477432E+0	8.6755577181E+0	5.1980587783E-3
2.4982380815E+0	5.7666836900E+0	5.1826033052E-3
2.5034129210E+0	3.5463576872E+0	5.1670612238E-3
2.5085721752E+0	2.0053120194E+0	5.1514327939E-3
2.5137157579E+0	1.1316548472E+0	5.1357182766E-3
2.5188435831E+0	9.1142541047E-1	5.1199179345E-3
2.5239555652E+0	1.3299099965E+0	5.1040320318E-3
2.5290516187E+0	2.3728537326E+0	5.0880608338E-3
2.5341316585E+0	4.0268382960E+0	5.0720046074E-3
2.5391955997E+0	6.2786420017E+0	5.0558636210E-3
2.5442433576E+0	9.1140218108E+0	5.0396381444E-3
2.5492748479E+0	1.2516704105E+1	5.0233284486E-3
2.5542899865E+0	1.6468256172E+1	5.0069348063E-3
2.5592886896E+0	2.0949004446E+1	4.9904574913E-3
2.5642708737E+0	2.5939555027E+1	4.9738967791E-3
2.5692364555E+0	3.1422099707E+1	4.9572529464E-3
2.5741853520E+0	3.7380764683E+1	4.9405262713E-3
2.5791174805E+0	4.3800741862E+1	4.9237170334E-3
2.5840327586E+0	5.0666579528E+1	4.9068255135E-3
2.5889311042E+0	5.7960471367E+1	4.8898519940E-3
2.5938124354E+0	6.5661433860E+1	4.8727967585E-3
2.5986766706E+0	7.3745868941E+1	4.8556600920E-3
2.6035237285E+0	8.2189353913E+1	4.8384422809E-3
2.6083535282E+0	9.0968896126E+1	4.8211436130E-3
2.6131659889E+0	1.0006462985E+2	4.8037643772E-3
2.6179610302E+0	1.0946014973E+2	4.7863048641E-3
2.6227385719E+0	1.1914127437E+2	4.7687653653E-3
2.6274985343E+0	1.2909374005E+2	4.7511461741E-3
2.6322408378E+0	1.3930081754E+2	4.7334475849E-3
2.6369654032E+0	1.4974190459E+2	4.7156698934E-3
2.6416721513E+0	1.6039274761E+2	4.6978133967E-3
2.6463610038E+0	1.7122726043E+2	4.6798783932E-3
2.6510318821E+0	1.8222022809E+2	4.6618651826E-3
2.6556847082E+0	1.9334979873E+2	4.6437740661E-3
2.6603194043E+0	2.0459873959E+2	4.6256053458E-3
2.6649358931E+0	2.1595393203E+2	4.6073593254E-3
2.6695340973E+0	2.2740429419E+2	4.5890363098E-3
2.6741139402E+0	2.3893795285E+2	4.5706366053E-3
2.6786753451E+0	2.5053978367E+2	4.5521605193E-3
2.6832182358E+0	2.6219029127E+2	4.5336083606E-3
2.6877425365E+0	2.7386627590E+2	4.5149804392E-3
2.6922481716E+0	2.8554304312E+2	4.4962770664E-3
2.6967350656E+0	2.9719732573E+2	4.4774985548E-3
2.7012031437E+0	3.0880982435E+2	4.4586452181E-3
2.7056523312E+0	3.2036642702E+2	4.4397173715E-3
2.7100825537E+0	3.3185767056E+2	4.4207153312E-3
2.7144937373E+0	3.4327665956E+2	4.4016394148E-3
2.7188858081E+0	3.5461621527E+2	4.3824899412E-3
2.7232586927E+0	3.6586628746E+2	4.3632672302E-3
2.7276123182E+0	3.7701254581E+2	4.3439716031E-3
2.7319466117E+0	3.8803663016E+2	4.3246033825E-3
2.7362615009E+0	3.9891794908E+2	4.3051628919E-3
2.7405569135E+0	4.0963638367E+2	4.2856504563E-3
2.7448327779E+0	4.2017496023E+2	4.2660664016E-3
2.7490890226E+0	4.3052159148E+2	4.2464110553E-3
2.7533255764E+0	4.4066932564E+2	4.2266847457E-3
2.7575423685E+0	4.5061505722E+2	4.2068878026E-3
2.7617393285E+0	4.6035716222E+2	4.1870205567E-3
2.7659163863E+0	4.6989285461E+2	4.1670833400E-3
2.7700734720E+0	4.7921612119E+2	4.1470764858E-3
2.7742105162E+0	4.8831687420E+2	4.1270003283E-3
2.7783274497E+0	4.9718155114E+2	4.1068552032E-3
2.7824242037E+0	5.0579492919E+2	4.0866414469E-3
2.7865007098E+0	5.1414255487E+2	4.0663593974E-3
2.7905568999E+0	5.2221302509E+2	4.0460093936E-3
2.7945927061E+0	5.2999943361E+2	4.0255917754E-3
2.7986080610E+0	5.3749957841E+2	4.0051068843E-3
2.8026028975E+0	5.4471491323E+2	3.9845550624E-3
2.8065771489E+0	5.5164859832E+2	3.9639366533E-3
2.8105307487E+0	5.5830325042E+2	3.9432520014E-3
2.8144636309E+0	5.6467904840E+2	3.9225014525E-3
2.8183757298E+0	5.7077271563E+2	3.9016853533E-3
2.8222669799E+0	5.7657762457E+2	3.8808040517E-3
2.8261373163E+0	5.8208494332E+2	3.8598578967E-3
2.8299866742E+0	5.8728545962E+2	3.8388472382E-3
2.8338149894E+0	5.9217155294E+2	3.8177724274E-3
2.8376221978E+0	5.9673877413E+2	3.7966338166E-3
2.8414082359E+0	6.0098662810E+2	3.7754317588E-3
2.8451730403E+0	6.0491838980E+2	3.7541666086E-3
2.8489165482E+0	6.0854004751E+2	3.7328387211E-3
2.8526386969E+0	6.1185868816E+2	3.7114484529E-3
2.8563394244E+0	6.1488076283E+2	3.6899961614E-3
2.8600186687E+0	6.1761067287E+2	3.6684822051E-3
2.8636763684E+0	6.2005000822E+2	3.6469069436E-3
2.8673124623E+0	6.2219758636E+2	3.6252707373E-3
2.8709268897E+0	6.2405023458E+2	3.6035739479E-3
2.8745195901E+0	6.2560408271E+2	3.5818169379E-3
2.8780905036E+0	6.2685602695E+2	3.5600000709E-3
2.8816395704E+0	6.2780500839E+2	3.5381237115E-3
2.8851667313E+0	6.2845281804E+2	3.5161882254E-3
2.8886719273E+0	6.2880426965E+2	3.4941939790E-3
2.8921550998E+0	6.2886673801E+2	3.4721413399E-3
2.8956161906E+0	6.2864920353E+2	3.4500306767E-3
2.8990551419E+0	6.2816104379E+2	3.4278623588E-3
2.9024718962E+0	6.2741085003E+2	3.4056367567E-3
2.9058663965E+0	6.2640551961E+2	3.3833542419E-3
2.9092385859E+0	6.2514979677E+2	3.3610151867E-3
2.9125884081E+0	6.2364632524E+2	3.3386199643E-3
2.9159158072E+0	6.2189616425E+2	3.3161689492E-3
2.9192207275E+0	6.1989962784E+2	3.2936625164E-3
2.9225031139E+0	6.1765725293E+2	3.2711010421E-3
2.9257629114E+0	6.1517069148E+2	3.2484849032E-3
2.9290000656E+0	6.1244335462E+2	3.2258144779E-3
2.9322145224E+0	6.0948069948E+2	3.2030901448E-3
2.9354062280E+0	6.0629012851E+2	3.1803122838E-3
2.9385751292E+0	6.0288054780E+2	3.1574812755E-3
2.9417211730E+0	5.9926169139E+2	3.1345975014E-3
2.9448443068E+0	5.9544335274E+2	3.1116613440E-3
2.9479444784E+0	5.9143466873E+2	3.0886731866E-3
2.9510216360E+0	5.8724357876E+2	3.0656334132E-3
2.9540757281E+0	5.8287653879E+2	3.0425424091E-3
2.9571067038E+0	5.7833851790E+2	3.0194005599E-3
2.9601145124E+0	5.7363325297E+2	2.9962082525E-3
2.9630991036E+0	5.6876369574E+2	2.9729658744E-3
2.9660604276E+0	5.6373255994E+2	2.9496738141E-3
2.9689984348E+0	5.5854286892E+2	2.9263324607E-3
2.9719130762E+0	5.5319841367E+2	2.9029422044E-3
2.9748043031E+0	5.4770405481E+2	2.8795034361E-3
2.9776720671E+0	5.4206583386E+2	2.8560165473E-3
2.9805163203E+0	5.3629089242E+2	2.8324819307E-3
2.9833370151E+0	5.3038722839E+2	2.8088999795E-3
2.9861341046E+0	5.2436333990E+2	2.7852710878E-3
2.9889075418E+0	5.1822781955E+2	2.7615956505E-3
2.9916572805E+0	5.1198896216E+2	2.7378740632E-3
2.9943832747E+0	5.0565444036E+2	2.7141067224E-3
2.9970854788E+0	4.9923108672E+2	2.6902940251E-3
2.9997638477E+0	4.9272480187E+2	2.6664363695E-3
3.0024183367E+0	4.8614058793E+2	2.6425341541E-3
3.0050489013E+0	4.7948268999E+2	2.6185877784E-3
3.0076554977E+0	4.7275481525E+2	2.5945976426E-3
3.0102380822E+0	4.6596039306E+2	2.5705641475E-3
3.0127966116E+0	4.5910283759E+2	2.5464876949E-3
3.0153310434E+0	4.5218577955E+2	2.5223686871E-3
3.0178413350E+0	4.4521324064E+2	2.4982075270E-3
3.0203274445E+0	4.3818973553E+2	2.4740046186E-3
3.0227893304E+0	4.3112029619E+2	2.4497603662E-3
3.0252269516E+0	4.2401042410E+2	2.4254751751E-3
3.0276402673E+0	4.1686598351E+2	2.4011494510E-3
3.0300292371E+0	4.0969305425E+2	2.3767836004E-3
3.0323938212E+0	4.0249776519E+2	2.3523780306E-3
3.0347339801E+0	3.9528612866E+2	2.3279331494E-3
3.0370496746E+0	3.8806389381E+2	2.3034493653E-3
3.0393408660E+0	3.8083643210E+2	2.2789270875E-3
3.0416075160E+0	3.7360866317E+2	2.2543667257E-3
3.0438495869E+0	3.6638502393E+2	2.2297686905E-3
3.0460670410E+0	3.5916947860E+2	2.2051333928E-3
3.0482598414E+0	3.5196556394E+2	2.1804612443E-3
3.0504279513E+0	3.4477646071E+2	2.1557526574E-3
3.0525713347E+0	3.3760508140E+2	2.1310080450E-3
3.0546899556E+0	3.3045416381E+2	2.1062278206E-3
3.0567837786E+0	3.2332636119E+2	2.0814123983E-3
3.0588527688E+0	3.1622432115E+2	2.0565621928E-3
3.0608968915E+0	3.0915074773E+2	2.0316776194E-3
3.0629161127E+0	3.0210844349E+2	2.0067590939E-3
3.0649103985E+0	2.9510033055E+2	1.9818070327E-3
3.0668797157E+0	2.8812945173E+2	1.9568218529E-3
3.0688240313E+0	2.8119895436E+2	1.9318039720E-3
3.0707433129E+0	2.7431206054E+2	1.9067538080E-3
3.0726375283E+0	2.6747202815E+2	1.8816717796E-3
3.0745066460E+0	2.6068210700E+2	1.8565583060E-3
3.0763506346E+0	2.5394549441E+2	1.8314138067E-3
3.0781694634E+0	2.4726529361E+2	1.8062387021E-3
3.0799631019E+0	2.4064447786E+2	1.7810334128E-3
3.0817315203E+0	2.3408586223E+2	1.7557983600E-3
3.0834746889E+0	2.2759208394E+2	1.7305339655E-3
3.0851925786E+0	2.2116559162E+2	1.7052406515E-3
3.0868851607E+0	2.1480864299E+2	1.6799188405E-3
3.0885524069E+0	2.0852330992E+2	1.6545689559E-3
3.0901942894E+0	2.0231148968E+2	1.6291914212E-3
3.0918107807E+0	1.9617492056E+2	1.6037866605E-3
3.0934018538E+0	1.9011520062E+2	1.5783550984E-3
3.0949674821E+0	1.8413380771E+2	1.5528971598E-3
3.0965076394E+0	1.7823211967E+2	1.5274132703E-3
3.0980223001E+0	1.7241143340E+2	1.5019038556E-3
3.0995114388E+0	1.6667298202E+2	1.4763693421E-3
3.1009750306E+0	1.6101794949E+2	1.4508101565E-3
3.1024130510E+0	1.5544748243E+2	1.4252267258E-3
3.1038254761E+0	1.4996269893E+2	1.3996194778E-3
3.1052122822E+0	1.4456469447E+2	1.3739888402E-3
3.1065734461E+0	1.3925454527E+2	1.3483352414E-3
3.1079089451E+0	1.3403330937E+2	1.3226591101E-3
3.1092187570E+0	1.2890202577E+2	1.2969608754E-3
3.1105028597E+0	1.2386171227E+2	1.2712409668E-3
3.1117612318E+0	1.1891336225E+2	1.2454998140E-3
3.1129938524E+0	1.1405794093E+2	1.2197378472E-3
3.1142007007E+0	1.0929638144E+2	1.1939554970E-3
3.1153817567E+0	1.0462958097E+2	1.1681531941E-3
3.1165370006E+0	1.0005839732E+2	1.1423313699E-3
3.1176664131E+0	9.5583645910E+1	1.1164904558E-3
3.1187699753E+0	9.1206097487E+1	1.0906308836E-3
3.1198476688E+0	8.6926476549E+1	1.0647530855E-3
3.1208994755E+0	8.2745460451E+1	1.0388574939E-3
3.1219253780E+0	7.8663679231E+1	1.0129445417E-3
3.1229253590E+0	7.4681716081E+1	9.8701466182E-4
3.1238994018E+0	7.0800108380E+1	9.6106828758E-4
3.1248474902E+0	6.7019349218E+1	9.3510585261E-4
3.1257696083E+0	6.3339889303E+1	9.0912779076E-4
3.1266657407E+0	5.9762139173E+1	8.8313453619E-4
3.1275358724E+0	5.6286471607E+1	8.5712652325E-4
3.1283799890E+0	5.2913224172E+1	8.3110418659E-4
3.1291980762E+0	4.9642701815E+1	8.0506796108E-4
3.1299901204E+0	4.6475179453E+1	7.7901828182E-4
3.1307561084E+0	4.3410904506E+1	7.5295558414E-4
3.1314960274E+0	4.0450099330E+1	7.2688030358E-4
3.1322098650E+0	3.7592963523E+1	7.0079287589E-4
3.1328976092E+0	3.4839676085E+1	6.7469373705E-4
3.1335592487E+0	3.2190397427E+1	6.4858332323E-4
3.1341947723E+0	2.9645271205E+1	6.2246207073E-4
3.1348041694E+0	2.7204426002E+1	5.9633041614E-4
3.1353874298E+0	2.4867976843E+1	5.7018879612E-4
3.1359445438E+0	2.2636026569E+1	5.4403764760E-4
3.1364755020E+0	2.0508667066E+1	5.1787740760E-4
3.1369802957E+0	1.8485980364E+1	4.9170851331E-4
3.1374589163E+0	1.6568039623E+1	4.6553140213E-4
3.1379113559E+0	1.4754910010E+1	4.3934651156E-4
3.1383376069E+0	1.3046649491E+1	4.1315427928E-4
3.1387376622E+0	1.1443309523E+1	3.8695514312E-4
3.1391115150E+0	9.9449356940E+0	3.6074954110E-4
3.1394591592E+0	8.5515682780E+0	3.3453791144E-4
3.1397805890E+0	7.2632427463E+0	3.0832069259E-4
3.1400757989E+0	6.0799902198E+0	2.8209832342E-4
3.1403447841E+0	5.0018378776E+0	2.5587124334E-4
3.1405875400E+0	4.0288093211E+0	2.2963989267E-4
3.1408040626E+0	3.1609248974E+0	2.0340471372E-4
3.1409943483E+0	2.3982019815E+0	1.7716615272E-4
3.1411583939E+0	1.7406552090E+0	1.5092466531E-4
3.1412961968E+0	1.1882966381E+0	1.2468073282E-4
3.1414077547E+0	7.4113575087E-1	9.8434919423E-5
3.1414930663E+0	3.9917889270E-1	7.2188137769E-5
3.1415521316E+0	1.6242552598E-1	4.5943520243E-5
3.1415849628E+0	3.0827088504E-2	1.9736940383E-5