# Differential cross section		
# Author: P. Swaczyna	Princeton University	(swaczyna@princeton.edu)
# Date: 	Tue 3 Nov 2020 16:25:55	
# 		
# Elastic collision: H^+ + He^0 -> H^+ + He^0		
# 		
# Red. mass: 	7.4962491838E+8	 eV/c^2
# CM energy: 	1.8836490895E-3	 eV
# Rel speed: 	6.7206873689E+4	 cm/s
# Tot sigma: 	2.5448973814E+3	 a.u.
# Int sigma: 	2.5448973814E+3	 a.u.
# 		
# Columns:		
# the <- scattering angle (rad)		
# dcs <- dsigma/dOmega*2*pi*sin(the) (a.u. = 2.8002852056E-17 cm^2)		
# wei <- weight for cross section integration (approx. width of angle bin)		
# 		
# the	dcs	wei
7.6907532846E-6	9.9894511903E-1	1.9736940383E-5
4.0521979771E-5	5.2633597675E+0	4.5943520243E-5
9.9587300392E-5	1.2935241416E+1	7.2188137769E-5
1.8489884726E-4	2.4015931644E+1	9.8434919423E-5
2.9645680168E-4	3.8504796471E+1	1.2468073282E-4
4.3425968311E-4	5.6400215195E+1	1.5092466531E-4
5.9830531657E-4	7.7699252990E+1	1.7716615272E-4
7.8859101285E-4	1.0239712812E+2	2.0340471372E-4
1.0051136166E-3	1.3048656290E+2	2.2963989267E-4
1.2478695220E-3	1.6195703823E+2	2.5587124334E-4
1.5168546797E-3	1.9679396463E+2	2.8209832342E-4
1.8120645986E-3	2.3497778549E+2	3.0832069259E-4
2.1334943481E-3	2.7648303260E+2	3.3453791144E-4
2.4811385584E-3	3.2127736061E+2	3.6074954110E-4
2.8549914211E-3	3.6932059382E+2	3.8695514312E-4
3.2550466893E-3	4.2056382614E+2	4.1315427928E-4
3.6812976783E-3	4.7494862262E+2	4.3934651156E-4
4.1337372652E-3	5.3240637733E+2	4.6553140213E-4
4.6123578895E-3	5.9285788800E+2	4.9170851331E-4
5.1171515529E-3	6.5621321011E+2	5.1787740760E-4
5.6481098199E-3	7.2237185251E+2	5.4403764760E-4
6.2052238176E-3	7.9122337084E+2	5.7018879612E-4
6.7884842360E-3	8.6264840337E+2	5.9633041614E-4
7.3978813281E-3	9.3652017582E+2	6.2246207073E-4
8.0334049101E-3	1.0127064757E+3	6.4858332323E-4
8.6950443616E-3	1.0910720647E+3	6.7469373705E-4
9.3827886258E-3	1.1714814572E+3	7.0079287589E-4
1.0096626210E-2	1.2538019517E+3	7.2688030358E-4
1.0836545184E-2	1.3379067550E+3	7.5295558414E-4
1.1602533184E-2	1.4236779978E+3	7.7901828182E-4
1.2394577408E-2	1.5110094049E+3	8.0506796108E-4
1.3212664621E-2	1.5998083612E+3	8.3110418659E-4
1.4056781152E-2	1.6899971112E+3	8.5712652325E-4
1.4926912893E-2	1.7815128498E+3	8.8313453619E-4
1.5823045305E-2	1.8743065121E+3	9.0912779076E-4
1.6745163410E-2	1.9683401453E+3	9.3510585261E-4
1.7693251801E-2	2.0635828603E+3	9.6106828758E-4
1.8667294632E-2	2.1600054923E+3	9.8701466182E-4
1.9667275626E-2	2.2575742579E+3	1.0129445417E-3
2.0693178073E-2	2.3562438603E+3	1.0388574939E-3
2.1744984827E-2	2.4559506484E+3	1.0647530855E-3
2.2822678313E-2	2.5566065627E+3	1.0906308836E-3
2.3926240519E-2	2.6580946704E+3	1.1164904558E-3
2.5055653005E-2	2.7602670823E+3	1.1423313699E-3
2.6210896896E-2	2.8629459296E+3	1.1681531941E-3
2.7391952886E-2	2.9659278355E+3	1.1939554970E-3
2.8598801239E-2	3.0689919569E+3	1.2197378472E-3
2.9831421786E-2	3.1719112000E+3	1.2454998140E-3
3.1089793929E-2	3.2744656827E+3	1.2712409668E-3
3.2373896638E-2	3.3764570077E+3	1.2969608754E-3
3.3683708455E-2	3.4777214990E+3	1.3226591101E-3
3.5019207490E-2	3.5781403655E+3	1.3483352414E-3
3.6380371427E-2	3.6776448603E+3	1.3739888402E-3
3.7767177517E-2	3.7762149595E+3	1.3996194778E-3
3.9179602586E-2	3.8738708878E+3	1.4252267258E-3
4.0617623030E-2	3.9706578889E+3	1.4508101565E-3
4.2081214817E-2	4.0666258372E+3	1.4763693421E-3
4.3570353490E-2	4.1618064186E+3	1.5019038556E-3
4.5085014162E-2	4.2561914564E+3	1.5274132703E-3
4.6625171522E-2	4.3497163064E+3	1.5528971598E-3
4.8190799831E-2	4.4422519280E+3	1.5783550984E-3
4.9781872927E-2	4.5336081754E+3	1.6037866605E-3
5.1398364219E-2	4.6235490817E+3	1.6291914212E-3
5.3040246694E-2	4.7118186341E+3	1.6545689559E-3
5.4707492914E-2	4.7981731426E+3	1.6799188405E-3
5.6400075017E-2	4.8824143010E+3	1.7052406515E-3
5.8117964718E-2	4.9644160118E+3	1.7305339655E-3
5.9861133308E-2	5.0441384620E+3	1.7557983600E-3
6.1629551657E-2	5.1216249896E+3	1.7810334128E-3
6.3423190212E-2	5.1969807579E+3	1.8062387021E-3
6.5242019000E-2	5.2703364972E+3	1.8314138067E-3
6.7086007624E-2	5.3418045978E+3	1.8565583060E-3
6.8955125270E-2	5.4114375628E+3	1.8816717796E-3
7.0849340702E-2	5.4791993592E+3	1.9067538080E-3
7.2768622264E-2	5.5449580676E+3	1.9318039720E-3
7.4712937885E-2	5.6085035819E+3	1.9568218529E-3
7.6682255070E-2	5.6695877822E+3	1.9818070327E-3
7.8676540910E-2	5.7279780907E+3	2.0067590939E-3
8.0695762079E-2	5.7835104734E+3	2.0316776194E-3
8.2739884832E-2	5.8361265855E+3	2.0565621928E-3
8.4808875009E-2	5.8858829037E+3	2.0814123983E-3
8.6902698034E-2	5.9329270795E+3	2.1062278206E-3
8.9021318917E-2	5.9774465611E+3	2.1310080450E-3
9.1164702253E-2	6.0196037866E+3	2.1557526574E-3
9.3332812224E-2	6.0594777719E+3	2.1804612443E-3
9.5525612596E-2	6.0970314172E+3	2.2051333928E-3
9.7743066726E-2	6.1321168382E+3	2.2297686905E-3
9.9985137556E-2	6.1645191112E+3	2.2543667257E-3
1.0225178762E-1	6.1940255198E+3	2.2789270875E-3
1.0454297904E-1	6.2204972652E+3	2.3034493653E-3
1.0685867352E-1	6.2439178542E+3	2.3279331494E-3
1.0919883237E-1	6.2643991149E+3	2.3523780306E-3
1.1156341648E-1	6.2821405846E+3	2.3767836004E-3
1.1395238633E-1	6.2973558216E+3	2.4011494510E-3
1.1636570200E-1	6.3101930120E+3	2.4254751751E-3
1.1880332317E-1	6.3206810241E+3	2.4497603662E-3
1.2126520909E-1	6.3287234362E+3	2.4740046186E-3
1.2375131862E-1	6.3341445712E+3	2.4982075270E-3
1.2626161023E-1	6.3367700526E+3	2.5223686871E-3
1.2879604195E-1	6.3365086969E+3	2.5464876949E-3
1.3135457143E-1	6.3334002024E+3	2.5705641475E-3
1.3393715592E-1	6.3276065881E+3	2.5945976426E-3
1.3654375226E-1	6.3193499475E+3	2.6185877784E-3
1.3917431689E-1	6.3088239893E+3	2.6425341541E-3
1.4182880585E-1	6.2961199903E+3	2.6664363695E-3
1.4450717478E-1	6.2812021081E+3	2.6902940251E-3
1.4720937892E-1	6.2639442938E+3	2.7141067224E-3
1.4993537310E-1	6.2442114040E+3	2.7378740632E-3
1.5268511179E-1	6.2219447290E+3	2.7615956505E-3
1.5545854902E-1	6.1972088330E+3	2.7852710878E-3
1.5825563845E-1	6.1701755583E+3	2.8088999795E-3
1.6107633333E-1	6.1410536738E+3	2.8324819307E-3
1.6392058653E-1	6.1100017617E+3	2.8560165473E-3
1.6678835052E-1	6.0770711442E+3	2.8795034361E-3
1.6967957737E-1	6.0422092514E+3	2.9029422044E-3
1.7259421876E-1	6.0053204336E+3	2.9263324607E-3
1.7553222599E-1	5.9663490761E+3	2.9496738141E-3
1.7849354996E-1	5.9253372292E+3	2.9729658744E-3
1.8147814117E-1	5.8824240082E+3	2.9962082525E-3
1.8448594977E-1	5.8377889188E+3	3.0194005599E-3
1.8751692548E-1	5.7915750689E+3	3.0425424091E-3
1.9057101764E-1	5.7438395316E+3	3.0656334132E-3
1.9364817522E-1	5.6945597572E+3	3.0886731866E-3
1.9674834681E-1	5.6436889215E+3	3.1116613440E-3
1.9987148058E-1	5.5912224798E+3	3.1345975014E-3
2.0301752435E-1	5.5372325101E+3	3.1574812755E-3
2.0618642554E-1	5.4818495273E+3	3.1803122838E-3
2.0937813120E-1	5.4252078810E+3	3.2030901448E-3
2.1259258799E-1	5.3673948920E+3	3.2258144779E-3
2.1582974219E-1	5.3084383315E+3	3.2484849032E-3
2.1908953970E-1	5.2483368785E+3	3.2711010421E-3
2.2237192605E-1	5.1871069327E+3	3.2936625164E-3
2.2567684639E-1	5.1248095149E+3	3.3161689492E-3
2.2900424548E-1	5.0615392381E+3	3.3386199643E-3
2.3235406772E-1	4.9973887880E+3	3.3610151867E-3
2.3572625713E-1	4.9324212623E+3	3.3833542419E-3
2.3912075735E-1	4.8666730398E+3	3.4056367567E-3
2.4253751167E-1	4.8001807432E+3	3.4278623588E-3
2.4597646298E-1	4.7330041316E+3	3.4500306767E-3
2.4943755380E-1	4.6652219169E+3	3.4721413399E-3
2.5292072631E-1	4.5969046807E+3	3.4941939790E-3
2.5642592230E-1	4.5280933723E+3	3.5161882254E-3
2.5995308318E-1	4.4588089245E+3	3.5381237115E-3
2.6350215001E-1	4.3890877880E+3	3.5600000709E-3
2.6707306349E-1	4.3190084190E+3	3.5818169379E-3
2.7066576394E-1	4.2486771081E+3	3.6035739479E-3
2.7428019131E-1	4.1781792669E+3	3.6252707373E-3
2.7791628522E-1	4.1075402921E+3	3.6469069436E-3
2.8157398488E-1	4.0367393416E+3	3.6684822051E-3
2.8525322919E-1	3.9657729710E+3	3.6899961614E-3
2.8895395665E-1	3.8947126545E+3	3.7114484529E-3
2.9267610542E-1	3.8236957390E+3	3.7328387211E-3
2.9641961330E-1	3.7528474173E+3	3.7541666086E-3
3.0018441773E-1	3.6822017328E+3	3.7754317588E-3
3.0397045579E-1	3.6117017223E+3	3.7966338166E-3
3.0777766421E-1	3.5412905630E+3	3.8177724274E-3
3.1160597938E-1	3.4710136557E+3	3.8388472382E-3
3.1545533730E-1	3.4010282785E+3	3.8598578967E-3
3.1932567367E-1	3.3314990680E+3	3.8808040517E-3
3.2321692379E-1	3.2624733679E+3	3.9016853533E-3
3.2712902264E-1	3.1938630693E+3	3.9225014525E-3
3.3106190484E-1	3.1255636986E+3	3.9432520014E-3
3.3501550468E-1	3.0576007243E+3	3.9639366533E-3
3.3898975607E-1	2.9901514989E+3	3.9845550624E-3
3.4298459261E-1	2.9234075721E+3	4.0051068843E-3
3.4699994753E-1	2.8574095631E+3	4.0255917754E-3
3.5103575373E-1	2.7920290641E+3	4.0460093936E-3
3.5509194378E-1	2.7271295531E+3	4.0663593974E-3
3.5916844988E-1	2.6627461397E+3	4.0866414469E-3
3.6326520391E-1	2.5990887794E+3	4.1068552032E-3
3.6738213741E-1	2.5363523575E+3	4.1270003283E-3
3.7151918157E-1	2.4745306007E+3	4.1470764858E-3
3.7567626728E-1	2.4134415388E+3	4.1670833400E-3
3.7985332504E-1	2.3529497647E+3	4.1870205567E-3
3.8405028507E-1	2.2931463950E+3	4.2068878026E-3
3.8826707721E-1	2.2342789902E+3	4.2266847457E-3
3.9250363101E-1	2.1764977383E+3	4.2464110553E-3
3.9675987567E-1	2.1197010897E+3	4.2660664016E-3
4.0103574005E-1	2.0636653111E+3	4.2856504563E-3
4.0533115271E-1	2.0083205315E+3	4.3051628919E-3
4.0964604185E-1	1.9538547618E+3	4.3246033825E-3
4.1398033538E-1	1.9005146352E+3	4.3439716031E-3
4.1833396086E-1	1.8483282704E+3	4.3632672302E-3
4.2270684554E-1	1.7970803337E+3	4.3824899412E-3
4.2709891633E-1	1.7465791238E+3	4.4016394148E-3
4.3151009985E-1	1.6969008379E+3	4.4207153312E-3
4.3594032237E-1	1.6483103729E+3	4.4397173715E-3
4.4038950986E-1	1.6009463259E+3	4.4586452181E-3
4.4485758797E-1	1.5546548261E+3	4.4774985548E-3
4.4934448203E-1	1.5091840948E+3	4.4962770664E-3
4.5385011706E-1	1.4645042725E+3	4.5149804392E-3
4.5837441776E-1	1.4208501517E+3	4.5336083606E-3
4.6291730852E-1	1.3784262921E+3	4.5521605193E-3
4.6747871344E-1	1.3371464396E+3	4.5706366053E-3
4.7205855627E-1	1.2967441827E+3	4.5890363098E-3
4.7665676049E-1	1.2571171621E+3	4.6073593254E-3
4.8127324926E-1	1.2184582615E+3	4.6256053458E-3
4.8590794542E-1	1.1809986403E+3	4.6437740661E-3
4.9056077152E-1	1.1446988799E+3	4.6618651826E-3
4.9523164982E-1	1.1092987162E+3	4.6798783932E-3
4.9992050224E-1	1.0746610906E+3	4.6978133967E-3
5.0462725044E-1	1.0409487009E+3	4.7156698934E-3
5.0935181576E-1	1.0083935626E+3	4.7334475849E-3
5.1409411924E-1	9.7697354557E+2	4.7511461741E-3
5.1885408164E-1	9.4643891852E+2	4.7687653653E-3
5.2363162341E-1	9.1665103415E+2	4.7863048641E-3
5.2842666471E-1	8.8776253472E+2	4.8037643772E-3
5.3323912540E-1	8.5998946339E+2	4.8211436130E-3
5.3806892508E-1	8.3329862043E+2	4.8384422809E-3
5.4291598301E-1	8.0745096031E+2	4.8556600920E-3
5.4778021821E-1	7.8233447141E+2	4.8727967585E-3
5.5266154939E-1	7.5810861153E+2	4.8898519940E-3
5.5755989496E-1	7.3495757441E+2	4.9068255135E-3
5.6247517308E-1	7.1281533522E+2	4.9237170334E-3
5.6740730160E-1	6.9145969734E+2	4.9405262713E-3
5.7235619810E-1	6.7082919253E+2	4.9572529464E-3
5.7732177988E-1	6.5109478999E+2	4.9738967791E-3
5.8230396395E-1	6.3238936677E+2	4.9904574913E-3
5.8730266706E-1	6.1460473999E+2	5.0069348063E-3
5.9231780568E-1	5.9755320146E+2	5.0233284486E-3
5.9734929598E-1	5.8123915426E+2	5.0396381444E-3
6.0239705389E-1	5.6583140631E+2	5.0558636210E-3
6.0746099506E-1	5.5139186294E+2	5.0720046074E-3
6.1254103485E-1	5.3778054486E+2	5.0880608338E-3
6.1763708838E-1	5.2487027006E+2	5.1040320318E-3
6.2274907048E-1	5.1272796017E+2	5.1199179345E-3
6.2787689573E-1	5.0148914733E+2	5.1357182766E-3
6.3302047843E-1	4.9113785081E+2	5.1514327939E-3
6.3817973262E-1	4.8153534785E+2	5.1670612238E-3
6.4335457209E-1	4.7263427611E+2	5.1826033052E-3
6.4854491036E-1	4.6453293394E+2	5.1980587783E-3
6.5375066070E-1	4.5730003759E+2	5.2134273849E-3
6.5897173609E-1	4.5086352728E+2	5.2287088681E-3
6.6420804930E-1	4.4512939100E+2	5.2439029725E-3
6.6945951283E-1	4.4011985398E+2	5.2590094442E-3
6.7472603890E-1	4.3591260968E+2	5.2740280309E-3
6.8000753951E-1	4.3250203703E+2	5.2889584814E-3
6.8530392640E-1	4.2981120539E+2	5.3038005463E-3
6.9061511106E-1	4.2781253330E+2	5.3185539776E-3
6.9594100473E-1	4.2654836967E+2	5.3332185287E-3
7.0128151841E-1	4.2603704236E+2	5.3477939546E-3
7.0663656285E-1	4.2623715212E+2	5.3622800116E-3
7.1200604856E-1	4.2711431418E+2	5.3766764577E-3
7.1738988581E-1	4.2867679114E+2	5.3909830523E-3
7.2278798463E-1	4.3092900346E+2	5.4051995564E-3
7.2820025482E-1	4.3384623489E+2	5.4193257323E-3
7.3362660591E-1	4.3741089994E+2	5.4333613439E-3
7.3906694724E-1	4.4162258811E+2	5.4473061568E-3
7.4452118788E-1	4.4646037730E+2	5.4611599379E-3
7.4998923669E-1	4.5188714564E+2	5.4749224557E-3
7.5547100229E-1	4.5789886499E+2	5.4885934801E-3
7.6096639308E-1	4.6451043864E+2	5.5021727828E-3
7.6647531721E-1	4.7168704039E+2	5.5156601367E-3
7.7199768263E-1	4.7936020302E+2	5.5290553166E-3
7.7753339704E-1	4.8752034783E+2	5.5423580985E-3
7.8308236795E-1	4.9620729765E+2	5.5555682601E-3
7.8864450262E-1	5.0539270998E+2	5.5686855808E-3
7.9421970809E-1	5.1497397394E+2	5.5817098412E-3
7.9980789121E-1	5.2491518076E+2	5.5946408237E-3
8.0540895857E-1	5.3527645116E+2	5.6074783123E-3
8.1102281659E-1	5.4605342102E+2	5.6202220924E-3
8.1664937145E-1	5.5711856675E+2	5.6328719509E-3
8.2228852912E-1	5.6839605188E+2	5.6454276767E-3
8.2794019536E-1	5.7995409830E+2	5.6578890597E-3
8.3360427572E-1	5.9182169149E+2	5.6702558918E-3
8.3928067556E-1	6.0386038966E+2	5.6825279663E-3
8.4496930000E-1	6.1595028469E+2	5.6947050782E-3
8.5067005399E-1	6.2815497496E+2	5.7067870238E-3
8.5638284226E-1	6.4053833226E+2	5.7187736014E-3
8.6210756934E-1	6.5296389426E+2	5.7306646105E-3
8.6784413956E-1	6.6527109268E+2	5.7424598526E-3
8.7359245705E-1	6.7751015999E+2	5.7541591304E-3
8.7935242576E-1	6.8977644871E+2	5.7657622485E-3
8.8512394943E-1	7.0194425704E+2	5.7772690129E-3
8.9090693161E-1	7.1382006859E+2	5.7886792314E-3
8.9670127565E-1	7.2543764645E+2	5.7999927133E-3
9.0250688473E-1	7.3691857303E+2	5.8112092696E-3
9.0832366182E-1	7.4815192206E+2	5.8223287127E-3
9.1415150972E-1	7.5892042808E+2	5.8333508568E-3
9.1999033104E-1	7.6924361770E+2	5.8442755178E-3
9.2584002820E-1	7.7926430932E+2	5.8551025132E-3
9.3170050345E-1	7.8888627737E+2	5.8658316618E-3
9.3757165885E-1	7.9787750098E+2	5.8764627846E-3
9.4345339628E-1	8.0624960481E+2	5.8869957037E-3
9.4934561746E-1	8.1416275388E+2	5.8974302433E-3
9.5524822392E-1	8.2153237814E+2	5.9077662288E-3
9.6116111701E-1	8.2811988018E+2	5.9180034877E-3
9.6708419793E-1	8.3393794170E+2	5.9281418487E-3
9.7301736769E-1	8.3916111951E+2	5.9381811425E-3
9.7896052713E-1	8.4371157879E+2	5.9481212013E-3
9.8491357695E-1	8.4735166510E+2	5.9579618591E-3
9.9087641766E-1	8.5010529467E+2	5.9677029512E-3
9.9684894961E-1	8.5215860933E+2	5.9773443150E-3
1.0028310730E+0	8.5343466495E+2	5.9868857894E-3
1.0088226878E+0	8.5370415675E+2	5.9963272149E-3
1.0148236940E+0	8.5301232615E+2	6.0056684336E-3
1.0208339913E+0	8.5155321863E+2	6.0149092896E-3
1.0268534791E+0	8.4924488708E+2	6.0240496283E-3
1.0328820570E+0	8.4587427385E+2	6.0330892971E-3
1.0389196241E+0	8.4151666532E+2	6.0420281448E-3
1.0449660796E+0	8.3636854594E+2	6.0508660221E-3
1.0510213224E+0	8.3033795811E+2	6.0596027814E-3
1.0570852514E+0	8.2323686813E+2	6.0682382765E-3
1.0631577652E+0	8.1517663116E+2	6.0767723631E-3
1.0692387623E+0	8.0634842778E+2	6.0852048988E-3
1.0753281411E+0	7.9664722184E+2	6.0935357425E-3
1.0814257998E+0	7.8591958040E+2	6.1017647550E-3
1.0875316366E+0	7.7431491460E+2	6.1098917988E-3
1.0936455494E+0	7.6200924591E+2	6.1179167381E-3
1.0997674360E+0	7.4888442293E+2	6.1258394388E-3
1.1058971941E+0	7.3483126248E+2	6.1336597685E-3
1.1120347214E+0	7.2003402727E+2	6.1413775965E-3
1.1181799151E+0	7.0464261099E+2	6.1489927938E-3
1.1243326727E+0	6.8852963159E+2	6.1565052331E-3
1.1304928913E+0	6.7163843778E+2	6.1639147890E-3
1.1366604679E+0	6.5417912003E+2	6.1712213376E-3
1.1428352996E+0	6.3626517489E+2	6.1784247568E-3
1.1490172830E+0	6.1776808790E+2	6.1855249261E-3
1.1552063150E+0	5.9868863688E+2	6.1925217271E-3
1.1614022920E+0	5.7924821545E+2	6.1994150427E-3
1.1676051105E+0	5.5951670860E+2	6.2062047577E-3
1.1738146669E+0	5.3937607318E+2	6.2128907587E-3
1.1800308574E+0	5.1888386069E+2	6.2194729339E-3
1.1862535782E+0	4.9825436042E+2	6.2259511734E-3
1.1924827251E+0	4.7751201343E+2	6.2323253688E-3
1.1987181942E+0	4.5656240210E+2	6.2385954138E-3
1.2049598812E+0	4.3551200832E+2	6.2447612034E-3
1.2112076818E+0	4.1454869389E+2	6.2508226346E-3
1.2174614916E+0	3.9365649485E+2	6.2567796062E-3
1.2237212062E+0	3.7277625146E+2	6.2626320186E-3
1.2299867208E+0	3.5204805241E+2	6.2683797740E-3
1.2362579308E+0	3.3161699765E+2	6.2740227763E-3
1.2425347314E+0	3.1143848400E+2	6.2795609313E-3
1.2488170177E+0	2.9149518501E+2	6.2849941464E-3
1.2551046847E+0	2.7193968122E+2	6.2903223308E-3
1.2613976273E+0	2.5286485708E+2	6.2955453954E-3
1.2676957404E+0	2.3421372626E+2	6.3006632530E-3
1.2739989187E+0	2.1600942487E+2	6.3056758180E-3
1.2803070569E+0	1.9839387959E+2	6.3105830068E-3
1.2866200496E+0	1.8140777084E+2	6.3153847371E-3
1.2929377912E+0	1.6499838958E+2	6.3200809290E-3
1.2992601762E+0	1.4921904406E+2	6.3246715037E-3
1.3055870990E+0	1.3418095332E+2	6.3291563847E-3
1.3119184537E+0	1.1988215666E+2	6.3335354970E-3
1.3182541347E+0	1.0628644413E+2	6.3378087674E-3
1.3245940360E+0	9.3459909062E+1	6.3419761245E-3
1.3309380516E+0	8.1471076804E+1	6.3460374987E-3
1.3372860756E+0	7.0291531725E+1	6.3499928220E-3
1.3436380019E+0	5.9905463770E+1	6.3538420284E-3
1.3499937243E+0	5.0371833337E+1	6.3575850535E-3
1.3563531366E+0	4.1715523969E+1	6.3612218349E-3
1.3627161325E+0	3.3899156036E+1	6.3647523117E-3
1.3690826057E+0	2.6921712883E+1	6.3681764249E-3
1.3754524499E+0	2.0818625527E+1	6.3714941173E-3
1.3818255585E+0	1.5580742281E+1	6.3747053335E-3
1.3882018250E+0	1.1174583086E+1	6.3778100198E-3
1.3945811430E+0	7.6012333375E+0	6.3808081243E-3
1.4009634057E+0	4.8650645527E+0	6.3836995970E-3
1.4073485066E+0	2.9388729467E+0	6.3864843894E-3
1.4137363389E+0	1.7971348404E+0	6.3891624551E-3
1.4201267959E+0	1.4287500492E+0	6.3917337493E-3
1.4265197708E+0	1.8107159984E+0	6.3941982290E-3
1.4329151568E+0	2.9136127458E+0	6.3965558531E-3
1.4393128469E+0	4.7146288917E+0	6.3988065821E-3
1.4457127343E+0	7.1811078633E+0	6.4009503785E-3
1.4521147120E+0	1.0275632980E+1	6.4029872063E-3
1.4585186731E+0	1.3975965902E+1	6.4049170317E-3
1.4649245104E+0	1.8251132492E+1	6.4067398222E-3
1.4713321170E+0	2.3047205534E+1	6.4084555476E-3
1.4777413858E+0	2.8328862706E+1	6.4100641790E-3
1.4841522097E+0	3.4080690575E+1	6.4115656896E-3
1.4905644815E+0	4.0253457593E+1	6.4129600544E-3
1.4969780940E+0	4.6782592653E+1	6.4142472499E-3
1.5033929402E+0	5.3647711647E+1	6.4154272548E-3
1.5098089128E+0	6.0831350187E+1	6.4165000493E-3
1.5162259046E+0	6.8263011427E+1	6.4174656154E-3
1.5226438083E+0	7.5884506470E+1	6.4183239370E-3
1.5290625167E+0	8.3694022532E+1	6.4190749998E-3
1.5354819225E+0	9.1659965950E+1	6.4197187912E-3
1.5419019185E+0	9.9697871093E+1	6.4202553005E-3
1.5483223974E+0	1.0777236432E+2	6.4206845187E-3
1.5547432518E+0	1.1589326766E+2	6.4210064386E-3
1.5611643745E+0	1.2400654982E+2	6.4212210549E-3
1.5675856581E+0	1.3202985511E+2	6.4213283639E-3
1.5740069954E+0	1.3995949839E+2	6.4213283639E-3
1.5804282791E+0	1.4780288367E+2	6.4212210549E-3
1.5868494018E+0	1.5548437061E+2	6.4210064386E-3
1.5932702562E+0	1.6294287082E+2	6.4206845187E-3
1.5996907351E+0	1.7020388238E+2	6.4202553005E-3
1.6061107310E+0	1.7725787016E+2	6.4197187912E-3
1.6125301369E+0	1.8401879405E+2	6.4190749998E-3
1.6189488453E+0	1.9046170791E+2	6.4183239370E-3
1.6253667490E+0	1.9662838869E+2	6.4174656154E-3
1.6317837408E+0	2.0248414963E+2	6.4165000493E-3
1.6381997134E+0	2.0795070853E+2	6.4154272548E-3
1.6446145595E+0	2.1304409325E+2	6.4142472499E-3
1.6510281721E+0	2.1780426066E+2	6.4129600544E-3
1.6574404439E+0	2.2217337206E+2	6.4115656896E-3
1.6638512678E+0	2.2609951522E+2	6.4100641790E-3
1.6702605366E+0	2.2963272965E+2	6.4084555476E-3
1.6766681432E+0	2.3279485960E+2	6.4067398222E-3
1.6830739805E+0	2.3551662104E+2	6.4049170317E-3
1.6894779416E+0	2.3778487932E+2	6.4029872063E-3
1.6958799193E+0	2.3966768298E+2	6.4009503785E-3
1.7022798067E+0	2.4116005923E+2	6.3988065821E-3
1.7086774968E+0	2.4219831087E+2	6.3965558531E-3
1.7150728827E+0	2.4281020616E+2	6.3941982290E-3
1.7214658576E+0	2.4306254537E+2	6.3917337493E-3
1.7278563146E+0	2.4292480141E+2	6.3891624551E-3
1.7342441470E+0	2.4235509948E+2	6.3864843894E-3
1.7406292478E+0	2.4141382149E+2	6.3836995970E-3
1.7470115106E+0	2.4015026459E+2	6.3808081243E-3
1.7533908286E+0	2.3851806268E+2	6.3778100198E-3
1.7597670951E+0	2.3650733000E+2	6.3747053335E-3
1.7661402037E+0	2.3419574895E+2	6.3714941173E-3
1.7725100479E+0	2.3160621567E+2	6.3681764249E-3
1.7788765211E+0	2.2869044491E+2	6.3647523117E-3
1.7852395170E+0	2.2547207146E+2	6.3612218349E-3
1.7915989293E+0	2.2202890364E+2	6.3575850535E-3
1.7979546517E+0	2.1835712153E+2	6.3538420284E-3
1.8043065780E+0	2.1441968454E+2	6.3499928220E-3
1.8106546020E+0	2.1026725626E+2	6.3460374987E-3
1.8169986176E+0	2.0596356580E+2	6.3419761245E-3
1.8233385189E+0	2.0148464526E+2	6.3378087674E-3
1.8296741999E+0	1.9681332222E+2	6.3335354970E-3
1.8360055546E+0	1.9201574675E+2	6.3291563847E-3
1.8423324774E+0	1.8713329709E+2	6.3246715037E-3
1.8486548624E+0	1.8213191475E+2	6.3200809290E-3
1.8549726040E+0	1.7701679505E+2	6.3153847371E-3
1.8612855967E+0	1.7185682005E+2	6.3105830068E-3
1.8675937349E+0	1.6666926842E+2	6.3056758180E-3
1.8738969132E+0	1.6141997552E+2	6.3006632530E-3
1.8801950263E+0	1.5613348140E+2	6.2955453954E-3
1.8864879689E+0	1.5087071682E+2	6.2903223308E-3
1.8927756359E+0	1.4562829665E+2	6.2849941464E-3
1.8990579222E+0	1.4037930012E+2	6.2795609313E-3
1.9053347228E+0	1.3516108616E+2	6.2740227763E-3
1.9116059328E+0	1.3001990499E+2	6.2683797740E-3
1.9178714474E+0	1.2493801776E+2	6.2626320186E-3
1.9241311620E+0	1.1989938696E+2	6.2567796062E-3
1.9303849718E+0	1.1494657996E+2	6.2508226346E-3
1.9366327724E+0	1.1010873691E+2	6.2447612034E-3
1.9428744594E+0	1.0536064092E+2	6.2385954138E-3
1.9491099285E+0	1.0069732422E+2	6.2323253688E-3
1.9553390754E+0	9.6159859442E+1	6.2259511734E-3
1.9615617961E+0	9.1761347276E+1	6.2194729339E-3
1.9677779867E+0	8.7474872627E+1	6.2128907587E-3
1.9739875431E+0	8.3304339036E+1	6.2062047577E-3
1.9801903616E+0	7.9284673406E+1	6.1994150427E-3
1.9863863386E+0	7.5416164865E+1	6.1925217271E-3
1.9925753706E+0	7.1674087615E+1	6.1855249261E-3
1.9987573540E+0	6.8067925580E+1	6.1784247568E-3
2.0049321857E+0	6.4624143873E+1	6.1712213376E-3
2.0110997623E+0	6.1334263526E+1	6.1639147890E-3
2.0172599809E+0	5.8177695116E+1	6.1565052331E-3
2.0234127385E+0	5.5166204967E+1	6.1489927938E-3
2.0295579322E+0	5.2317475700E+1	6.1413775965E-3
2.0356954595E+0	4.9618111812E+1	6.1336597685E-3
2.0418252176E+0	4.7052080485E+1	6.1258394388E-3
2.0479471042E+0	4.4630799184E+1	6.1179167381E-3
2.0540610170E+0	4.2364199406E+1	6.1098917988E-3
2.0601668538E+0	4.0237062604E+1	6.1017647550E-3
2.0662645125E+0	3.8237386679E+1	6.0935357425E-3
2.0723538913E+0	3.6374533981E+1	6.0852048988E-3
2.0784348884E+0	3.4652393774E+1	6.0767723631E-3
2.0845074022E+0	3.3056081075E+1	6.0682382765E-3
2.0905713312E+0	3.1576688334E+1	6.0596027814E-3
2.0966265740E+0	3.0220694398E+1	6.0508660221E-3
2.1026730295E+0	2.8987790573E+1	6.0420281448E-3
2.1087105966E+0	2.7864722315E+1	6.0330892971E-3
2.1147391745E+0	2.6844715604E+1	6.0240496283E-3
2.1207586623E+0	2.5931205788E+1	6.0149092896E-3
2.1267689596E+0	2.5121315884E+1	6.0056684336E-3
2.1327699657E+0	2.4404057340E+1	5.9963272149E-3
2.1387615806E+0	2.3774022159E+1	5.9868857894E-3
2.1447437040E+0	2.3231860950E+1	5.9773443150E-3
2.1507162359E+0	2.2773372754E+1	5.9677029512E-3
2.1566790766E+0	2.2390026840E+1	5.9579618591E-3
2.1626321265E+0	2.2077290494E+1	5.9481212013E-3
2.1685752859E+0	2.1833494328E+1	5.9381811425E-3
2.1745084557E+0	2.1653933319E+1	5.9281418487E-3
2.1804315366E+0	2.1532460859E+1	5.9180034877E-3
2.1863444297E+0	2.1465201760E+1	5.9077662288E-3
2.1922470361E+0	2.1448695856E+1	5.8974302433E-3
2.1981392573E+0	2.1478171158E+1	5.8869957037E-3
2.2040209947E+0	2.1549642956E+1	5.8764627846E-3
2.2098921501E+0	2.1659899175E+1	5.8658316618E-3
2.2157526254E+0	2.1804214940E+1	5.8551025132E-3
2.2216023226E+0	2.1977888216E+1	5.8442755178E-3
2.2274411439E+0	2.2178783340E+1	5.8333508568E-3
2.2332689918E+0	2.2404509827E+1	5.8223287127E-3
2.2390857689E+0	2.2649591443E+1	5.8112092696E-3
2.2448913779E+0	2.2909334270E+1	5.7999927133E-3
2.2506857220E+0	2.3183063111E+1	5.7886792314E-3
2.2564687042E+0	2.3469438811E+1	5.7772690129E-3
2.2622402278E+0	2.3762757376E+1	5.7657622485E-3
2.2680001965E+0	2.4058183945E+1	5.7541591304E-3
2.2737485140E+0	2.4356035099E+1	5.7424598526E-3
2.2794850843E+0	2.4656231447E+1	5.7306646105E-3
2.2852098113E+0	2.4953400155E+1	5.7187736014E-3
2.2909225996E+0	2.5242447791E+1	5.7067870238E-3
2.2966233536E+0	2.5524139234E+1	5.6947050782E-3
2.3023119780E+0	2.5799740184E+1	5.6825279663E-3
2.3079883779E+0	2.6064797675E+1	5.6702558918E-3
2.3136524582E+0	2.6313990757E+1	5.6578890597E-3
2.3193041245E+0	2.6547959590E+1	5.6454276767E-3
2.3249432821E+0	2.6769180287E+1	5.6328719509E-3
2.3305698370E+0	2.6974673214E+1	5.6202220924E-3
2.3361836950E+0	2.7159159879E+1	5.6074783123E-3
2.3417847624E+0	2.7322660512E+1	5.5946408237E-3
2.3473729455E+0	2.7468451560E+1	5.5817098412E-3
2.3529481510E+0	2.7595409792E+1	5.5686855808E-3
2.3585102856E+0	2.7698824112E+1	5.5555682601E-3
2.3640592565E+0	2.7777841408E+1	5.5423580985E-3
2.3695949710E+0	2.7835895234E+1	5.5290553166E-3
2.3751173364E+0	2.7873756446E+1	5.5156601367E-3
2.3806262605E+0	2.7887946131E+1	5.5021727828E-3
2.3861216513E+0	2.7876888697E+1	5.4885934801E-3
2.3916034169E+0	2.7843487683E+1	5.4749224557E-3
2.3970714657E+0	2.7789977283E+1	5.4611599379E-3
2.4025257064E+0	2.7714645549E+1	5.4473061568E-3
2.4079660477E+0	2.7615790333E+1	5.4333613439E-3
2.4133923988E+0	2.7495375695E+1	5.4193257323E-3
2.4188046690E+0	2.7356269904E+1	5.4051995564E-3
2.4242027678E+0	2.7198586109E+1	5.3909830523E-3
2.4295866050E+0	2.7021316480E+1	5.3766764577E-3
2.4349560907E+0	2.6825659842E+1	5.3622800116E-3
2.4403111352E+0	2.6614259662E+1	5.3477939546E-3
2.4456516489E+0	2.6388438910E+1	5.3332185287E-3
2.4509775425E+0	2.6148419442E+1	5.3185539776E-3
2.4562887272E+0	2.5895398319E+1	5.3038005463E-3
2.4615851141E+0	2.5631483589E+1	5.2889584814E-3
2.4668666147E+0	2.5358175738E+1	5.2740280309E-3
2.4721331408E+0	2.5076628892E+1	5.2590094442E-3
2.4773846043E+0	2.4788843744E+1	5.2439029725E-3
2.4826209175E+0	2.4496998106E+1	5.2287088681E-3
2.4878419929E+0	2.4202127759E+1	5.2134273849E-3
2.4930477432E+0	2.3905169282E+1	5.1980587783E-3
2.4982380815E+0	2.3608827714E+1	5.1826033052E-3
2.5034129210E+0	2.3316425422E+1	5.1670612238E-3
2.5085721752E+0	2.3029145521E+1	5.1514327939E-3
2.5137157579E+0	2.2746691319E+1	5.1357182766E-3
2.5188435831E+0	2.2470977642E+1	5.1199179345E-3
2.5239555652E+0	2.2206610232E+1	5.1040320318E-3
2.5290516187E+0	2.1956605257E+1	5.0880608338E-3
2.5341316585E+0	2.1720110087E+1	5.0720046074E-3
2.5391955997E+0	2.1496450886E+1	5.0558636210E-3
2.5442433576E+0	2.1289482949E+1	5.0396381444E-3
2.5492748479E+0	2.1104853408E+1	5.0233284486E-3
2.5542899865E+0	2.0943865867E+1	5.0069348063E-3
2.5592886896E+0	2.0803700883E+1	4.9904574913E-3
2.5642708737E+0	2.0684320079E+1	4.9738967791E-3
2.5692364555E+0	2.0591521219E+1	4.9572529464E-3
2.5741853520E+0	2.0530866900E+1	4.9405262713E-3
2.5791174805E+0	2.0501346058E+1	4.9237170334E-3
2.5840327586E+0	2.0498697876E+1	4.9068255135E-3
2.5889311042E+0	2.0523939983E+1	4.8898519940E-3
2.5938124354E+0	2.0584271945E+1	4.8727967585E-3
2.5986766706E+0	2.0684474825E+1	4.8556600920E-3
2.6035237285E+0	2.0821292483E+1	4.8384422809E-3
2.6083535282E+0	2.0989398404E+1	4.8211436130E-3
2.6131659889E+0	2.1190646865E+1	4.8037643772E-3
2.6179610302E+0	2.1433058096E+1	4.7863048641E-3
2.6227385719E+0	2.1720574458E+1	4.7687653653E-3
2.6274985343E+0	2.2048123235E+1	4.7511461741E-3
2.6322408378E+0	2.2409304310E+1	4.7334475849E-3
2.6369654032E+0	2.2806135784E+1	4.7156698934E-3
2.6416721513E+0	2.3247059552E+1	4.6978133967E-3
2.6463610038E+0	2.3735682127E+1	4.6798783932E-3
2.6510318821E+0	2.4265753532E+1	4.6618651826E-3
2.6556847082E+0	2.4829492349E+1	4.6437740661E-3
2.6603194043E+0	2.5428095666E+1	4.6256053458E-3
2.6649358931E+0	2.6070113540E+1	4.6073593254E-3
2.6695340973E+0	2.6759689505E+1	4.5890363098E-3
2.6741139402E+0	2.7490325727E+1	4.5706366053E-3
2.6786753451E+0	2.8252549406E+1	4.5521605193E-3
2.6832182358E+0	2.9045503660E+1	4.5336083606E-3
2.6877425365E+0	2.9877285316E+1	4.5149804392E-3
2.6922481716E+0	3.0753515480E+1	4.4962770664E-3
2.6967350656E+0	3.1668847176E+1	4.4774985548E-3
2.7012031437E+0	3.2612287897E+1	4.4586452181E-3
2.7056523312E+0	3.3579612546E+1	4.4397173715E-3
2.7100825537E+0	3.4577233069E+1	4.4207153312E-3
2.7144937373E+0	3.5612704866E+1	4.4016394148E-3
2.7188858081E+0	3.6683690008E+1	4.3824899412E-3
2.7232586927E+0	3.7778941302E+1	4.3632672302E-3
2.7276123182E+0	3.8890039072E+1	4.3439716031E-3
2.7319466117E+0	4.0019628128E+1	4.3246033825E-3
2.7362615009E+0	4.1176318394E+1	4.3051628919E-3
2.7405569135E+0	4.2362462067E+1	4.2856504563E-3
2.7448327779E+0	4.3569290012E+1	4.2660664016E-3
2.7490890226E+0	4.4784983683E+1	4.2464110553E-3
2.7533255764E+0	4.6006164191E+1	4.2266847457E-3
2.7575423685E+0	4.7239567428E+1	4.2068878026E-3
2.7617393285E+0	4.8492178275E+1	4.1870205567E-3
2.7659163863E+0	4.9761170743E+1	4.1670833400E-3
2.7700734720E+0	5.1034888589E+1	4.1470764858E-3
2.7742105162E+0	5.2303551415E+1	4.1270003283E-3
2.7783274497E+0	5.3567738000E+1	4.1068552032E-3
2.7824242037E+0	5.4835482538E+1	4.0866414469E-3
2.7865007098E+0	5.6111405316E+1	4.0663593974E-3
2.7905568999E+0	5.7389686073E+1	4.0460093936E-3
2.7945927061E+0	5.8658194107E+1	4.0255917754E-3
2.7986080610E+0	5.9909142786E+1	4.0051068843E-3
2.8026028975E+0	6.1145037790E+1	3.9845550624E-3
2.8065771489E+0	6.2373958731E+1	3.9639366533E-3
2.8105307487E+0	6.3599323756E+1	3.9432520014E-3
2.8144636309E+0	6.4814627934E+1	3.9225014525E-3
2.8183757298E+0	6.6008225752E+1	3.9016853533E-3
2.8222669799E+0	6.7173089890E+1	3.8808040517E-3
2.8261373163E+0	6.8311834718E+1	3.8598578967E-3
2.8299866742E+0	6.9432324158E+1	3.8388472382E-3
2.8338149894E+0	7.0538442277E+1	3.8177724274E-3
2.8376221978E+0	7.1624967012E+1	3.7966338166E-3
2.8414082359E+0	7.2681181580E+1	3.7754317588E-3
2.8451730403E+0	7.3699510769E+1	3.7541666086E-3
2.8489165482E+0	7.4681040882E+1	3.7328387211E-3
2.8526386969E+0	7.5633045223E+1	3.7114484529E-3
2.8563394244E+0	7.6561105906E+1	3.6899961614E-3
2.8600186687E+0	7.7463089271E+1	3.6684822051E-3
2.8636763684E+0	7.8330179455E+1	3.6469069436E-3
2.8673124623E+0	7.9153730657E+1	3.6252707373E-3
2.8709268897E+0	7.9931762671E+1	3.6035739479E-3
2.8745195901E+0	8.0669592919E+1	3.5818169379E-3
2.8780905036E+0	8.1374376764E+1	3.5600000709E-3
2.8816395704E+0	8.2048419079E+1	3.5381237115E-3
2.8851667313E+0	8.2686815601E+1	3.5161882254E-3
2.8886719273E+0	8.3281098552E+1	3.4941939790E-3
2.8921550998E+0	8.3825628871E+1	3.4721413399E-3
2.8956161906E+0	8.4321510770E+1	3.4500306767E-3
2.8990551419E+0	8.4775101733E+1	3.4278623588E-3
2.9024718962E+0	8.5192591532E+1	3.4056367567E-3
2.9058663965E+0	8.5575033656E+1	3.3833542419E-3
2.9092385859E+0	8.5917550628E+1	3.3610151867E-3
2.9125884081E+0	8.6213044161E+1	3.3386199643E-3
2.9159158072E+0	8.6457394436E+1	3.3161689492E-3
2.9192207275E+0	8.6652270177E+1	3.2936625164E-3
2.9225031139E+0	8.6803684274E+1	3.2711010421E-3
2.9257629114E+0	8.6917601744E+1	3.2484849032E-3
2.9290000656E+0	8.6995872999E+1	3.2258144779E-3
2.9322145224E+0	8.7035275020E+1	3.2030901448E-3
2.9354062280E+0	8.7030094619E+1	3.1803122838E-3
2.9385751292E+0	8.6976267488E+1	3.1574812755E-3
2.9417211730E+0	8.6874215523E+1	3.1345975014E-3
2.9448443068E+0	8.6728617594E+1	3.1116613440E-3
2.9479444784E+0	8.6545487184E+1	3.0886731866E-3
2.9510216360E+0	8.6328619432E+1	3.0656334132E-3
2.9540757281E+0	8.6077683125E+1	3.0425424091E-3
2.9571067038E+0	8.5789007421E+1	3.0194005599E-3
2.9601145124E+0	8.5458371513E+1	2.9962082525E-3
2.9630991036E+0	8.5083961868E+1	2.9729658744E-3
2.9660604276E+0	8.4667730291E+1	2.9496738141E-3
2.9689984348E+0	8.4214488386E+1	2.9263324607E-3
2.9719130762E+0	8.3729446109E+1	2.9029422044E-3
2.9748043031E+0	8.3215719107E+1	2.8795034361E-3
2.9776720671E+0	8.2673195751E+1	2.8560165473E-3
2.9805163203E+0	8.2099266071E+1	2.8324819307E-3
2.9833370151E+0	8.1490854705E+1	2.8088999795E-3
2.9861341046E+0	8.0846560130E+1	2.7852710878E-3
2.9889075418E+0	8.0167768474E+1	2.7615956505E-3
2.9916572805E+0	7.9458258976E+1	2.7378740632E-3
2.9943832747E+0	7.8722639681E+1	2.7141067224E-3
2.9970854788E+0	7.7964503577E+1	2.6902940251E-3
2.9997638477E+0	7.7185235855E+1	2.6664363695E-3
3.0024183367E+0	7.6383983650E+1	2.6425341541E-3
3.0050489013E+0	7.5558688304E+1	2.6185877784E-3
3.0076554977E+0	7.4707593577E+1	2.5945976426E-3
3.0102380822E+0	7.3830490155E+1	2.5705641475E-3
3.0127966116E+0	7.2929160835E+1	2.5464876949E-3
3.0153310434E+0	7.2006909819E+1	2.5223686871E-3
3.0178413350E+0	7.1067475628E+1	2.4982075270E-3
3.0203274445E+0	7.0113857079E+1	2.4740046186E-3
3.0227893304E+0	6.9147553753E+1	2.4497603662E-3
3.0252269516E+0	6.8168488100E+1	2.4254751751E-3
3.0276402673E+0	6.7175565391E+1	2.4011494510E-3
3.0300292371E+0	6.6167578486E+1	2.3767836004E-3
3.0323938212E+0	6.5144066173E+1	2.3523780306E-3
3.0347339801E+0	6.4105801704E+1	2.3279331494E-3
3.0370496746E+0	6.3054770019E+1	2.3034493653E-3
3.0393408660E+0	6.1993701076E+1	2.2789270875E-3
3.0416075160E+0	6.0925379866E+1	2.2543667257E-3
3.0438495869E+0	5.9852003678E+1	2.2297686905E-3
3.0460670410E+0	5.8774803204E+1	2.2051333928E-3
3.0482598414E+0	5.7694023216E+1	2.1804612443E-3
3.0504279513E+0	5.6609224241E+1	2.1557526574E-3
3.0525713347E+0	5.5519766595E+1	2.1310080450E-3
3.0546899556E+0	5.4425299199E+1	2.1062278206E-3
3.0567837786E+0	5.3326099772E+1	2.0814123983E-3
3.0588527688E+0	5.2223181449E+1	2.0565621928E-3
3.0608968915E+0	5.1118164523E+1	2.0316776194E-3
3.0629161127E+0	5.0012982233E+1	2.0067590939E-3
3.0649103985E+0	4.8909527443E+1	1.9818070327E-3
3.0668797157E+0	4.7809347385E+1	1.9568218529E-3
3.0688240313E+0	4.6713463257E+1	1.9318039720E-3
3.0707433129E+0	4.5622345235E+1	1.9067538080E-3
3.0726375283E+0	4.4536027095E+1	1.8816717796E-3
3.0745066460E+0	4.3454310972E+1	1.8565583060E-3
3.0763506346E+0	4.2376997958E+1	1.8314138067E-3
3.0781694634E+0	4.1304084521E+1	1.8062387021E-3
3.0799631019E+0	4.0235883036E+1	1.7810334128E-3
3.0817315203E+0	3.9173049885E+1	1.7557983600E-3
3.0834746889E+0	3.8116528949E+1	1.7305339655E-3
3.0851925786E+0	3.7067436257E+1	1.7052406515E-3
3.0868851607E+0	3.6026920173E+1	1.6799188405E-3
3.0885524069E+0	3.4996030642E+1	1.6545689559E-3
3.0901942894E+0	3.3975623011E+1	1.6291914212E-3
3.0918107807E+0	3.2966310105E+1	1.6037866605E-3
3.0934018538E+0	3.1968463872E+1	1.5783550984E-3
3.0949674821E+0	3.0982257981E+1	1.5528971598E-3
3.0965076394E+0	3.0007736461E+1	1.5274132703E-3
3.0980223001E+0	2.9044891533E+1	1.5019038556E-3
3.0995114388E+0	2.8093735326E+1	1.4763693421E-3
3.1009750306E+0	2.7154354294E+1	1.4508101565E-3
3.1024130510E+0	2.6226940372E+1	1.4252267258E-3
3.1038254761E+0	2.5311798033E+1	1.3996194778E-3
3.1052122822E+0	2.4409330643E+1	1.3739888402E-3
3.1065734461E+0	2.3520012125E+1	1.3483352414E-3
3.1079089451E+0	2.2644351067E+1	1.3226591101E-3
3.1092187570E+0	2.1782854075E+1	1.2969608754E-3
3.1105028597E+0	2.0935993845E+1	1.2712409668E-3
3.1117612318E+0	2.0104185548E+1	1.2454998140E-3
3.1129938524E+0	1.9287773141E+1	1.2197378472E-3
3.1142007007E+0	1.8487025491E+1	1.1939554970E-3
3.1153817567E+0	1.7702140848E+1	1.1681531941E-3
3.1165370006E+0	1.6933257448E+1	1.1423313699E-3
3.1176664131E+0	1.6180467722E+1	1.1164904558E-3
3.1187699753E+0	1.5443833708E+1	1.0906308836E-3
3.1198476688E+0	1.4723401681E+1	1.0647530855E-3
3.1208994755E+0	1.4019214559E+1	1.0388574939E-3
3.1219253780E+0	1.3331321251E+1	1.0129445417E-3
3.1229253590E+0	1.2659782659E+1	9.8701466182E-4
3.1238994018E+0	1.2004674494E+1	9.6106828758E-4
3.1248474902E+0	1.1366087367E+1	9.3510585261E-4
3.1257696083E+0	1.0744124793E+1	9.0912779076E-4
3.1266657407E+0	1.0138899828E+1	8.8313453619E-4
3.1275358724E+0	9.5505309920E+0	8.5712652325E-4
3.1283799890E+0	8.9791380542E+0	8.3110418659E-4
3.1291980762E+0	8.4248381294E+0	8.0506796108E-4
3.1299901204E+0	7.8877423764E+0	7.7901828182E-4
3.1307561084E+0	7.3679534695E+0	7.5295558414E-4
3.1314960274E+0	6.8655638934E+0	7.2688030358E-4
3.1322098650E+0	6.3806550276E+0	7.0079287589E-4
3.1328976092E+0	5.9132969228E+0	6.7469373705E-4
3.1335592487E+0	5.4635486398E+0	6.4858332323E-4
3.1341947723E+0	5.0314590071E+0	6.2246207073E-4
3.1348041694E+0	4.6170676556E+0	5.9633041614E-4
3.1353874298E+0	4.2204062065E+0	5.7018879612E-4
3.1359445438E+0	3.8414995048E+0	5.4403764760E-4
3.1364755020E+0	3.4803668205E+0	5.1787740760E-4
3.1369802957E+0	3.1370229583E+0	4.9170851331E-4
3.1374589163E+0	2.8114792398E+0	4.6553140213E-4
3.1379113559E+0	2.5037443417E+0	4.3934651156E-4
3.1383376069E+0	2.2138249857E+0	4.1315427928E-4
3.1387376622E+0	1.9417264859E+0	3.8695514312E-4
3.1391115150E+0	1.6874531685E+0	3.6074954110E-4
3.1394591592E+0	1.4510086807E+0	3.3453791144E-4
3.1397805890E+0	1.2323962065E+0	3.0832069259E-4
3.1400757989E+0	1.0316186098E+0	2.8209832342E-4
3.1403447841E+0	8.4867852020E-1	2.5587124334E-4
3.1405875400E+0	6.8357837746E-1	2.2963989267E-4
3.1408040626E+0	5.3632044628E-1	2.0340471372E-4
3.1409943483E+0	4.0690681153E-1	1.7716615272E-4
3.1411583939E+0	2.9533935983E-1	1.5092466531E-4
3.1412961968E+0	2.0161974905E-1	1.2468073282E-4
3.1414077547E+0	1.2574935472E-1	9.8434919423E-5
3.1414930663E+0	6.7729127478E-2	7.2188137769E-5
3.1415521316E+0	2.7558918011E-2	4.5943520243E-5
3.1415849628E+0	5.2304660117E-3	1.9736940383E-5