# Differential cross section		
# Author: P. Swaczyna	Princeton University	(swaczyna@princeton.edu)
# Date: 	Tue 3 Nov 2020 16:23:51	
# 		
# Elastic collision: H^+ + He^0 -> H^+ + He^0		
# 		
# Red. mass: 	7.4962491838E+8	 eV/c^2
# CM energy: 	4.0738027780E-4	 eV
# Rel speed: 	3.1254581890E+4	 cm/s
# Tot sigma: 	1.4836277780E+3	 a.u.
# Int sigma: 	1.4836277780E+3	 a.u.
# 		
# Columns:		
# the <- scattering angle (rad)		
# dcs <- dsigma/dOmega*2*pi*sin(the) (a.u. = 2.8002852056E-17 cm^2)		
# wei <- weight for cross section integration (approx. width of angle bin)		
# 		
# the	dcs	wei
7.6907532846E-6	4.7168473695E-1	1.9736940383E-5
4.0521979771E-5	2.4852690876E+0	4.5943520243E-5
9.9587300392E-5	6.1078136108E+0	7.2188137769E-5
1.8489884726E-4	1.1340004909E+1	9.8434919423E-5
2.9645680168E-4	1.8181692747E+1	1.2468073282E-4
4.3425968311E-4	2.6632435706E+1	1.5092466531E-4
5.9830531657E-4	3.6691449014E+1	1.7716615272E-4
7.8859101285E-4	4.8357478228E+1	2.0340471372E-4
1.0051136166E-3	6.1628639320E+1	2.2963989267E-4
1.2478695220E-3	7.6502231990E+1	2.5587124334E-4
1.5168546797E-3	9.2974528552E+1	2.8209832342E-4
1.8120645986E-3	1.1104054022E+2	3.0832069259E-4
2.1334943481E-3	1.3069376288E+2	3.3453791144E-4
2.4811385584E-3	1.5192590507E+2	3.6074954110E-4
2.8549914211E-3	1.7472660158E+2	3.8695514312E-4
3.2550466893E-3	1.9908311693E+2	4.1315427928E-4
3.6812976783E-3	2.2498004416E+2	4.3934651156E-4
4.1337372652E-3	2.5239900513E+2	4.6553140213E-4
4.6123578895E-3	2.8131836003E+2	4.9170851331E-4
5.1171515529E-3	3.1171293456E+2	5.1787740760E-4
5.6481098199E-3	3.4355377459E+2	5.4403764760E-4
6.2052238176E-3	3.7680793916E+2	5.7018879612E-4
6.7884842360E-3	4.1143834315E+2	5.9633041614E-4
7.3978813281E-3	4.4740366201E+2	6.2246207073E-4
8.0334049101E-3	4.8465831050E+2	6.4858332323E-4
8.6950443616E-3	5.2315250767E+2	6.7469373705E-4
9.3827886258E-3	5.6283243886E+2	7.0079287589E-4
1.0096626210E-2	6.0364052426E+2	7.2688030358E-4
1.0836545184E-2	6.4551580091E+2	7.5295558414E-4
1.1602533184E-2	6.8839442186E+2	7.7901828182E-4
1.2394577408E-2	7.3221027212E+2	8.0506796108E-4
1.3212664621E-2	7.7689569573E+2	8.3110418659E-4
1.4056781152E-2	8.2238232296E+2	8.5712652325E-4
1.4926912893E-2	8.6860197974E+2	8.8313453619E-4
1.5823045305E-2	9.1548765476E+2	9.0912779076E-4
1.6745163410E-2	9.6297449303E+2	9.3510585261E-4
1.7693251801E-2	1.0110007775E+3	9.6106828758E-4
1.8667294632E-2	1.0595088552E+3	9.8701466182E-4
1.9667275626E-2	1.1084459584E+3	1.0129445417E-3
2.0693178073E-2	1.1577648708E+3	1.0388574939E-3
2.1744984827E-2	1.2074243859E+3	1.0647530855E-3
2.2822678313E-2	1.2573895082E+3	1.0906308836E-3
2.3926240519E-2	1.3076313544E+3	1.1164904558E-3
2.5055653005E-2	1.3581267194E+3	1.1423313699E-3
2.6210896896E-2	1.4088572876E+3	1.1681531941E-3
2.7391952886E-2	1.4598084839E+3	1.1939554970E-3
2.8598801239E-2	1.5109679824E+3	1.2197378472E-3
2.9831421786E-2	1.5623239115E+3	1.2454998140E-3
3.1089793929E-2	1.6138628211E+3	1.2712409668E-3
3.2373896638E-2	1.6655675024E+3	1.2969608754E-3
3.3683708455E-2	1.7174147756E+3	1.3226591101E-3
3.5019207490E-2	1.7693733821E+3	1.3483352414E-3
3.6380371427E-2	1.8214021348E+3	1.3739888402E-3
3.7767177517E-2	1.8734484865E+3	1.3996194778E-3
3.9179602586E-2	1.9254476746E+3	1.4252267258E-3
4.0617623030E-2	1.9773225839E+3	1.4508101565E-3
4.2081214817E-2	2.0289844408E+3	1.4763693421E-3
4.3570353490E-2	2.0803344019E+3	1.5019038556E-3
4.5085014162E-2	2.1312660440E+3	1.5274132703E-3
4.6625171522E-2	2.1816686859E+3	1.5528971598E-3
4.8190799831E-2	2.2314313916E+3	1.5783550984E-3
4.9781872927E-2	2.2804474221E+3	1.6037866605E-3
5.1398364219E-2	2.3286188277E+3	1.6291914212E-3
5.3040246694E-2	2.3758608098E+3	1.6545689559E-3
5.4707492914E-2	2.4221054536E+3	1.6799188405E-3
5.6400075017E-2	2.4673044272E+3	1.7052406515E-3
5.8117964718E-2	2.5114302927E+3	1.7305339655E-3
5.9861133308E-2	2.5544761545E+3	1.7557983600E-3
6.1629551657E-2	2.5964535032E+3	1.7810334128E-3
6.3423190212E-2	2.6373882718E+3	1.8062387021E-3
6.5242019000E-2	2.6773153066E+3	1.8314138067E-3
6.7086007624E-2	2.7162716442E+3	1.8565583060E-3
6.8955125270E-2	2.7542891563E+3	1.8816717796E-3
7.0849340702E-2	2.7913872641E+3	1.9067538080E-3
7.2768622264E-2	2.8275664980E+3	1.9318039720E-3
7.4712937885E-2	2.8628036836E+3	1.9568218529E-3
7.6682255070E-2	2.8970494451E+3	1.9818070327E-3
7.8676540910E-2	2.9302285386E+3	2.0067590939E-3
8.0695762079E-2	2.9622432553E+3	2.0316776194E-3
8.2739884832E-2	2.9929797975E+3	2.0565621928E-3
8.4808875009E-2	3.0223171478E+3	2.0814123983E-3
8.6902698034E-2	3.0501375816E+3	2.1062278206E-3
8.9021318917E-2	3.0763376542E+3	2.1310080450E-3
9.1164702253E-2	3.1008382976E+3	2.1557526574E-3
9.3332812224E-2	3.1235926255E+3	2.1804612443E-3
9.5525612596E-2	3.1445902060E+3	2.2051333928E-3
9.7743066726E-2	3.1638569300E+3	2.2297686905E-3
9.9985137556E-2	3.1814501393E+3	2.2543667257E-3
1.0225178762E-1	3.1974493379E+3	2.2789270875E-3
1.0454297904E-1	3.2119434885E+3	2.3034493653E-3
1.0685867352E-1	3.2250165006E+3	2.3279331494E-3
1.0919883237E-1	3.2367329380E+3	2.3523780306E-3
1.1156341648E-1	3.2471261236E+3	2.3767836004E-3
1.1395238633E-1	3.2561906411E+3	2.4011494510E-3
1.1636570200E-1	3.2638807226E+3	2.4254751751E-3
1.1880332317E-1	3.2701151929E+3	2.4497603662E-3
1.2126520909E-1	3.2747886289E+3	2.4740046186E-3
1.2375131862E-1	3.2777873139E+3	2.4982075270E-3
1.2626161023E-1	3.2790076186E+3	2.5223686871E-3
1.2879604195E-1	3.2783737968E+3	2.5464876949E-3
1.3135457143E-1	3.2758520280E+3	2.5705641475E-3
1.3393715592E-1	3.2714579492E+3	2.5945976426E-3
1.3654375226E-1	3.2652559021E+3	2.6185877784E-3
1.3917431689E-1	3.2573495426E+3	2.6425341541E-3
1.4182880585E-1	3.2478650890E+3	2.6664363695E-3
1.4450717478E-1	3.2369299979E+3	2.6902940251E-3
1.4720937892E-1	3.2246509549E+3	2.7141067224E-3
1.4993537310E-1	3.2110954638E+3	2.7378740632E-3
1.5268511179E-1	3.1962808864E+3	2.7615956505E-3
1.5545854902E-1	3.1801735300E+3	2.7852710878E-3
1.5825563845E-1	3.1626984738E+3	2.8088999795E-3
1.6107633333E-1	3.1437586184E+3	2.8324819307E-3
1.6392058653E-1	3.1232593593E+3	2.8560165473E-3
1.6678835052E-1	3.1011338110E+3	2.8795034361E-3
1.6967957737E-1	3.0773630429E+3	2.9029422044E-3
1.7259421876E-1	3.0519865540E+3	2.9263324607E-3
1.7553222599E-1	3.0251001629E+3	2.9496738141E-3
1.7849354996E-1	2.9968412596E+3	2.9729658744E-3
1.8147814117E-1	2.9673643588E+3	2.9962082525E-3
1.8448594977E-1	2.9368123694E+3	3.0194005599E-3
1.8751692548E-1	2.9052903128E+3	3.0425424091E-3
1.9057101764E-1	2.8728479562E+3	3.0656334132E-3
1.9364817522E-1	2.8394759418E+3	3.0886731866E-3
1.9674834681E-1	2.8051168404E+3	3.1116613440E-3
1.9987148058E-1	2.7696888365E+3	3.1345975014E-3
2.0301752435E-1	2.7331163730E+3	3.1574812755E-3
2.0618642554E-1	2.6953599709E+3	3.1803122838E-3
2.0937813120E-1	2.6564372664E+3	3.2030901448E-3
2.1259258799E-1	2.6164293145E+3	3.2258144779E-3
2.1582974219E-1	2.5754699952E+3	3.2484849032E-3
2.1908953970E-1	2.5337209848E+3	3.2711010421E-3
2.2237192605E-1	2.4913389250E+3	3.2936625164E-3
2.2567684639E-1	2.4484438829E+3	3.3161689492E-3
2.2900424548E-1	2.4050981399E+3	3.3386199643E-3
2.3235406772E-1	2.3613016471E+3	3.3610151867E-3
2.3572625713E-1	2.3170058124E+3	3.3833542419E-3
2.3912075735E-1	2.2721418901E+3	3.4056367567E-3
2.4253751167E-1	2.2266557138E+3	3.4278623588E-3
2.4597646298E-1	2.1805382787E+3	3.4500306767E-3
2.4943755380E-1	2.1338426164E+3	3.4721413399E-3
2.5292072631E-1	2.0866814206E+3	3.4941939790E-3
2.5642592230E-1	2.0392058802E+3	3.5161882254E-3
2.5995308318E-1	1.9915722618E+3	3.5381237115E-3
2.6350215001E-1	1.9439069286E+3	3.5600000709E-3
2.6707306349E-1	1.8962812121E+3	3.5818169379E-3
2.7066576394E-1	1.8487044964E+3	3.6035739479E-3
2.7428019131E-1	1.8011379392E+3	3.6252707373E-3
2.7791628522E-1	1.7535243170E+3	3.6469069436E-3
2.8157398488E-1	1.7058238688E+3	3.6684822051E-3
2.8525322919E-1	1.6580437235E+3	3.6899961614E-3
2.8895395665E-1	1.6102505228E+3	3.7114484529E-3
2.9267610542E-1	1.5625616848E+3	3.7328387211E-3
2.9641961330E-1	1.5151184243E+3	3.7541666086E-3
3.0018441773E-1	1.4680503406E+3	3.7754317588E-3
3.0397045579E-1	1.4214445571E+3	3.7966338166E-3
3.0777766421E-1	1.3753307569E+3	3.8177724274E-3
3.1160597938E-1	1.3296875610E+3	3.8388472382E-3
3.1545533730E-1	1.2844676716E+3	3.8598578967E-3
3.1932567367E-1	1.2396320461E+3	3.8808040517E-3
3.2321692379E-1	1.1951798410E+3	3.9016853533E-3
3.2712902264E-1	1.1511624655E+3	3.9225014525E-3
3.3106190484E-1	1.1076763662E+3	3.9432520014E-3
3.3501550468E-1	1.0648377138E+3	3.9639366533E-3
3.3898975607E-1	1.0227494750E+3	3.9845550624E-3
3.4298459261E-1	9.8147435676E+2	4.0051068843E-3
3.4699994753E-1	9.4102452674E+2	4.0255917754E-3
3.5103575373E-1	9.0137192839E+2	4.0460093936E-3
3.5509194378E-1	8.6247438844E+2	4.0663593974E-3
3.5916844988E-1	8.2430614012E+2	4.0866414469E-3
3.6326520391E-1	7.8687965544E+2	4.1068552032E-3
3.6738213741E-1	7.5024962048E+2	4.1270003283E-3
3.7151918157E-1	7.1449786287E+2	4.1470764858E-3
3.7567626728E-1	6.7970649791E+2	4.1670833400E-3
3.7985332504E-1	6.4593161868E+2	4.1870205567E-3
3.8405028507E-1	6.1318921692E+2	4.2068878026E-3
3.8826707721E-1	5.8145909709E+2	4.2266847457E-3
3.9250363101E-1	5.5070418092E+2	4.2464110553E-3
3.9675987567E-1	5.2089565782E+2	4.2660664016E-3
4.0103574005E-1	4.9203207122E+2	4.2856504563E-3
4.0533115271E-1	4.6414371118E+2	4.3051628919E-3
4.0964604185E-1	4.3728102913E+2	4.3246033825E-3
4.1398033538E-1	4.1149356744E+2	4.3439716031E-3
4.1833396086E-1	3.8681018705E+2	4.3632672302E-3
4.2270684554E-1	3.6323010703E+2	4.3824899412E-3
4.2709891633E-1	3.4072833226E+2	4.4016394148E-3
4.3151009985E-1	3.1927167712E+2	4.4207153312E-3
4.3594032237E-1	2.9883654789E+2	4.4397173715E-3
4.4038950986E-1	2.7941934253E+2	4.4586452181E-3
4.4485758797E-1	2.6103475701E+2	4.4774985548E-3
4.4934448203E-1	2.4370400059E+2	4.4962770664E-3
4.5385011706E-1	2.2744019081E+2	4.5149804392E-3
4.5837441776E-1	2.1223910640E+2	4.5336083606E-3
4.6291730852E-1	1.9807973467E+2	4.5521605193E-3
4.6747871344E-1	1.8493313505E+2	4.5706366053E-3
4.7205855627E-1	1.7277360107E+2	4.5890363098E-3
4.7665676049E-1	1.6158539826E+2	4.6073593254E-3
4.8127324926E-1	1.5136162498E+2	4.6256053458E-3
4.8590794542E-1	1.4209688746E+2	4.6437740661E-3
4.9056077152E-1	1.3377928873E+2	4.6618651826E-3
4.9523164982E-1	1.2638725338E+2	4.6798783932E-3
4.9992050224E-1	1.1989298049E+2	4.6978133967E-3
5.0462725044E-1	1.1426950732E+2	4.7156698934E-3
5.0935181576E-1	1.0949587308E+2	4.7334475849E-3
5.1409411924E-1	1.0555635934E+2	4.7511461741E-3
5.1885408164E-1	1.0243416177E+2	4.7687653653E-3
5.2363162341E-1	1.0010413955E+2	4.7863048641E-3
5.2842666471E-1	9.8530466767E+1	4.8037643772E-3
5.3323912540E-1	9.7671899732E+1	4.8211436130E-3
5.3806892508E-1	9.7491780016E+1	4.8384422809E-3
5.4291598301E-1	9.7965797053E+1	4.8556600920E-3
5.4778021821E-1	9.9081263716E+1	4.8727967585E-3
5.5266154939E-1	1.0082715620E+2	4.8898519940E-3
5.5755989496E-1	1.0318084637E+2	4.9068255135E-3
5.6247517308E-1	1.0610066676E+2	4.9237170334E-3
5.6740730160E-1	1.0953055088E+2	4.9405262713E-3
5.7235619810E-1	1.1341520998E+2	4.9572529464E-3
5.7732177988E-1	1.1771651503E+2	4.9738967791E-3
5.8230396395E-1	1.2241966549E+2	4.9904574913E-3
5.8730266706E-1	1.2752365292E+2	5.0069348063E-3
5.9231780568E-1	1.3302104616E+2	5.0233284486E-3
5.9734929598E-1	1.3888013822E+2	5.0396381444E-3
6.0239705389E-1	1.4504215796E+2	5.0558636210E-3
6.0746099506E-1	1.5143700380E+2	5.0720046074E-3
6.1254103485E-1	1.5800829665E+2	5.0880608338E-3
6.1763708838E-1	1.6473106119E+2	5.1040320318E-3
6.2274907048E-1	1.7160904044E+2	5.1199179345E-3
6.2787689573E-1	1.7865200296E+2	5.1357182766E-3
6.3302047843E-1	1.8584757721E+2	5.1514327939E-3
6.3817973262E-1	1.9314705911E+2	5.1670612238E-3
6.4335457209E-1	2.0047617214E+2	5.1826033052E-3
6.4854491036E-1	2.0776487511E+2	5.1980587783E-3
6.5375066070E-1	2.1497630046E+2	5.2134273849E-3
6.5897173609E-1	2.2211415057E+2	5.2287088681E-3
6.6420804930E-1	2.2920208570E+2	5.2439029725E-3
6.6945951283E-1	2.3624846631E+2	5.2590094442E-3
6.7472603890E-1	2.4322108043E+2	5.2740280309E-3
6.8000753951E-1	2.5005055374E+2	5.2889584814E-3
6.8530392640E-1	2.5666135941E+2	5.3038005463E-3
6.9061511106E-1	2.6300919658E+2	5.3185539776E-3
6.9594100473E-1	2.6909774242E+2	5.3332185287E-3
7.0128151841E-1	2.7496168623E+2	5.3477939546E-3
7.0663656285E-1	2.8062730535E+2	5.3622800116E-3
7.1200604856E-1	2.8607888526E+2	5.3766764577E-3
7.1738988581E-1	2.9125599717E+2	5.3909830523E-3
7.2278798463E-1	2.9608466806E+2	5.4051995564E-3
7.2820025482E-1	3.0052030846E+2	5.4193257323E-3
7.3362660591E-1	3.0457060557E+2	5.4333613439E-3
7.3906694724E-1	3.0828061266E+2	5.4473061568E-3
7.4452118788E-1	3.1169037239E+2	5.4611599379E-3
7.4998923669E-1	3.1479653524E+2	5.4749224557E-3
7.5547100229E-1	3.1754716951E+2	5.4885934801E-3
7.6096639308E-1	3.1987439299E+2	5.5021727828E-3
7.6647531721E-1	3.2174062673E+2	5.5156601367E-3
7.7199768263E-1	3.2316316406E+2	5.5290553166E-3
7.7753339704E-1	3.2419771806E+2	5.5423580985E-3
7.8308236795E-1	3.2489311800E+2	5.5555682601E-3
7.8864450262E-1	3.2525198473E+2	5.5686855808E-3
7.9421970809E-1	3.2522804042E+2	5.5817098412E-3
7.9980789121E-1	3.2476250891E+2	5.5946408237E-3
8.0540895857E-1	3.2383141257E+2	5.6074783123E-3
8.1102281659E-1	3.2246654654E+2	5.6202220924E-3
8.1664937145E-1	3.2073332760E+2	5.6328719509E-3
8.2228852912E-1	3.1868291131E+2	5.6454276767E-3
8.2794019536E-1	3.1631660638E+2	5.6578890597E-3
8.3360427572E-1	3.1359095638E+2	5.6702558918E-3
8.3928067556E-1	3.1045942206E+2	5.6825279663E-3
8.4496930000E-1	3.0691713399E+2	5.6947050782E-3
8.5067005399E-1	3.0301252723E+2	5.7067870238E-3
8.5638284226E-1	2.9881648411E+2	5.7187736014E-3
8.6210756934E-1	2.9437425906E+2	5.7306646105E-3
8.6784413956E-1	2.8967942329E+2	5.7424598526E-3
8.7359245705E-1	2.8469088244E+2	5.7541591304E-3
8.7935242576E-1	2.7937863522E+2	5.7657622485E-3
8.8512394943E-1	2.7376033227E+2	5.7772690129E-3
8.9090693161E-1	2.6789847114E+2	5.7886792314E-3
8.9670127565E-1	2.6186099161E+2	5.7999927133E-3
9.0250688473E-1	2.5567849449E+2	5.8112092696E-3
9.0832366182E-1	2.4933368713E+2	5.8223287127E-3
9.1415150972E-1	2.4279127191E+2	5.8333508568E-3
9.1999033104E-1	2.3604252756E+2	5.8442755178E-3
9.2584002820E-1	2.2912679413E+2	5.8551025132E-3
9.3170050345E-1	2.2211212839E+2	5.8658316618E-3
9.3757165885E-1	2.1505234109E+2	5.8764627846E-3
9.4345339628E-1	2.0795733556E+2	5.8869957037E-3
9.4934561746E-1	2.0080153068E+2	5.8974302433E-3
9.5524822392E-1	1.9356218060E+2	5.9077662288E-3
9.6116111701E-1	1.8625404285E+2	5.9180034877E-3
9.6708419793E-1	1.7893071593E+2	5.9281418487E-3
9.7301736769E-1	1.7165242969E+2	5.9381811425E-3
9.7896052713E-1	1.6444906802E+2	5.9481212013E-3
9.8491357695E-1	1.5731042841E+2	5.9579618591E-3
9.9087641766E-1	1.5021114426E+2	5.9677029512E-3
9.9684894961E-1	1.4314742632E+2	5.9773443150E-3
1.0028310730E+0	1.3615319851E+2	5.9868857894E-3
1.0088226878E+0	1.2928227533E+2	5.9963272149E-3
1.0148236940E+0	1.2257350528E+2	6.0056684336E-3
1.0208339913E+0	1.1603008837E+2	6.0149092896E-3
1.0268534791E+0	1.0963052535E+2	6.0240496283E-3
1.0328820570E+0	1.0336014398E+2	6.0330892971E-3
1.0389196241E+0	9.7234468330E+1	6.0420281448E-3
1.0449660796E+0	9.1294113277E+1	6.0508660221E-3
1.0510213224E+0	8.5577114033E+1	6.0596027814E-3
1.0570852514E+0	8.0094407042E+1	6.0682382765E-3
1.0631577652E+0	7.4830026985E+1	6.0767723631E-3
1.0692387623E+0	6.9764457958E+1	6.0852048988E-3
1.0753281411E+0	6.4899029137E+1	6.0935357425E-3
1.0814257998E+0	6.0259459947E+1	6.1017647550E-3
1.0875316366E+0	5.5876608209E+1	6.1098917988E-3
1.0936455494E+0	5.1763147175E+1	6.1179167381E-3
1.0997674360E+0	4.7907371374E+1	6.1258394388E-3
1.1058971941E+0	4.4288531728E+1	6.1336597685E-3
1.1120347214E+0	4.0898445119E+1	6.1413775965E-3
1.1181799151E+0	3.7749435254E+1	6.1489927938E-3
1.1243326727E+0	3.4862390303E+1	6.1565052331E-3
1.1304928913E+0	3.2247286623E+1	6.1639147890E-3
1.1366604679E+0	2.9894445897E+1	6.1712213376E-3
1.1428352996E+0	2.7783580436E+1	6.1784247568E-3
1.1490172830E+0	2.5900982855E+1	6.1855249261E-3
1.1552063150E+0	2.4248564470E+1	6.1925217271E-3
1.1614022920E+0	2.2837199570E+1	6.1994150427E-3
1.1676051105E+0	2.1671903305E+1	6.2062047577E-3
1.1738146669E+0	2.0743194115E+1	6.2128907587E-3
1.1800308574E+0	2.0031936348E+1	6.2194729339E-3
1.1862535782E+0	1.9521942050E+1	6.2259511734E-3
1.1924827251E+0	1.9208065934E+1	6.2323253688E-3
1.1987181942E+0	1.9092843537E+1	6.2385954138E-3
1.2049598812E+0	1.9176031032E+1	6.2447612034E-3
1.2112076818E+0	1.9447511635E+1	6.2508226346E-3
1.2174614916E+0	1.9889705252E+1	6.2567796062E-3
1.2237212062E+0	2.0486180314E+1	6.2626320186E-3
1.2299867208E+0	2.1227874893E+1	6.2683797740E-3
1.2362579308E+0	2.2111520988E+1	6.2740227763E-3
1.2425347314E+0	2.3132760186E+1	6.2795609313E-3
1.2488170177E+0	2.4281065478E+1	6.2849941464E-3
1.2551046847E+0	2.5540907540E+1	6.2903223308E-3
1.2613976273E+0	2.6897244190E+1	6.2955453954E-3
1.2676957404E+0	2.8339750710E+1	6.3006632530E-3
1.2739989187E+0	2.9862124967E+1	6.3056758180E-3
1.2803070569E+0	3.1457880559E+1	6.3105830068E-3
1.2866200496E+0	3.3117094596E+1	6.3153847371E-3
1.2929377912E+0	3.4826939216E+1	6.3200809290E-3
1.2992601762E+0	3.6574917059E+1	6.3246715037E-3
1.3055870990E+0	3.8351508838E+1	6.3291563847E-3
1.3119184537E+0	4.0149982120E+1	6.3335354970E-3
1.3182541347E+0	4.1964024750E+1	6.3378087674E-3
1.3245940360E+0	4.3785723251E+1	6.3419761245E-3
1.3309380516E+0	4.5605611986E+1	6.3460374987E-3
1.3372860756E+0	4.7414430750E+1	6.3499928220E-3
1.3436380019E+0	4.9204906654E+1	6.3538420284E-3
1.3499937243E+0	5.0972068085E+1	6.3575850535E-3
1.3563531366E+0	5.2711979585E+1	6.3612218349E-3
1.3627161325E+0	5.4420130389E+1	6.3647523117E-3
1.3690826057E+0	5.6090861206E+1	6.3681764249E-3
1.3754524499E+0	5.7718334570E+1	6.3714941173E-3
1.3818255585E+0	5.9298328435E+1	6.3747053335E-3
1.3882018250E+0	6.0829270509E+1	6.3778100198E-3
1.3945811430E+0	6.2311401590E+1	6.3808081243E-3
1.4009634057E+0	6.3744652053E+1	6.3836995970E-3
1.4073485066E+0	6.5127174812E+1	6.3864843894E-3
1.4137363389E+0	6.6456183372E+1	6.3891624551E-3
1.4201267959E+0	6.7730693247E+1	6.3917337493E-3
1.4265197708E+0	6.8953556631E+1	6.3941982290E-3
1.4329151568E+0	7.0130394571E+1	6.3965558531E-3
1.4393128469E+0	7.1266025182E+1	6.3988065821E-3
1.4457127343E+0	7.2361834341E+1	6.4009503785E-3
1.4521147120E+0	7.3417149222E+1	6.4029872063E-3
1.4585186731E+0	7.4433844672E+1	6.4049170317E-3
1.4649245104E+0	7.5419606327E+1	6.4067398222E-3
1.4713321170E+0	7.6385948779E+1	6.4084555476E-3
1.4777413858E+0	7.7342317649E+1	6.4100641790E-3
1.4841522097E+0	7.8292130766E+1	6.4115656896E-3
1.4905644815E+0	7.9235390069E+1	6.4129600544E-3
1.4969780940E+0	8.0175982988E+1	6.4142472499E-3
1.5033929402E+0	8.1126272116E+1	6.4154272548E-3
1.5098089128E+0	8.2103487616E+1	6.4165000493E-3
1.5162259046E+0	8.3120746868E+1	6.4174656154E-3
1.5226438083E+0	8.4181755224E+1	6.4183239370E-3
1.5290625167E+0	8.5285381629E+1	6.4190749998E-3
1.5354819225E+0	8.6436339782E+1	6.4197187912E-3
1.5419019185E+0	8.7651040921E+1	6.4202553005E-3
1.5483223974E+0	8.8951650359E+1	6.4206845187E-3
1.5547432518E+0	9.0353441501E+1	6.4210064386E-3
1.5611643745E+0	9.1858308185E+1	6.4212210549E-3
1.5675856581E+0	9.3462003024E+1	6.4213283639E-3
1.5740069954E+0	9.5168691871E+1	6.4213283639E-3
1.5804282791E+0	9.6997858854E+1	6.4212210549E-3
1.5868494018E+0	9.8975378772E+1	6.4210064386E-3
1.5932702562E+0	1.0111683046E+2	6.4206845187E-3
1.5996907351E+0	1.0342010015E+2	6.4202553005E-3
1.6061107310E+0	1.0587588630E+2	6.4197187912E-3
1.6125301369E+0	1.0848640737E+2	6.4190749998E-3
1.6189488453E+0	1.1127305460E+2	6.4183239370E-3
1.6253667490E+0	1.1426396480E+2	6.4174656154E-3
1.6317837408E+0	1.1747313015E+2	6.4165000493E-3
1.6381997134E+0	1.2089242398E+2	6.4154272548E-3
1.6446145595E+0	1.2450580534E+2	6.4142472499E-3
1.6510281721E+0	1.2831225602E+2	6.4129600544E-3
1.6574404439E+0	1.3233387250E+2	6.4115656896E-3
1.6638512678E+0	1.3659963099E+2	6.4100641790E-3
1.6702605366E+0	1.4112031985E+2	6.4084555476E-3
1.6766681432E+0	1.4588027286E+2	6.4067398222E-3
1.6830739805E+0	1.5085546502E+2	6.4049170317E-3
1.6894779416E+0	1.5604058231E+2	6.4029872063E-3
1.6958799193E+0	1.6145733746E+2	6.4009503785E-3
1.7022798067E+0	1.6713438302E+2	6.3988065821E-3
1.7086774968E+0	1.7307823695E+2	6.3965558531E-3
1.7150728827E+0	1.7926486433E+2	6.3941982290E-3
1.7214658576E+0	1.8566157033E+2	6.3917337493E-3
1.7278563146E+0	1.9225799015E+2	6.3891624551E-3
1.7342441470E+0	1.9907460201E+2	6.3864843894E-3
1.7406292478E+0	2.0613904147E+2	6.3836995970E-3
1.7470115106E+0	2.1345327222E+2	6.3808081243E-3
1.7533908286E+0	2.2098492042E+2	6.3778100198E-3
1.7597670951E+0	2.2869255549E+2	6.3747053335E-3
1.7661402037E+0	2.3656032651E+2	6.3714941173E-3
1.7725100479E+0	2.4460691229E+2	6.3681764249E-3
1.7788765211E+0	2.5285881127E+2	6.3647523117E-3
1.7852395170E+0	2.6131404822E+2	6.3612218349E-3
1.7915989293E+0	2.6993287431E+2	6.3575850535E-3
1.7979546517E+0	2.7866569840E+2	6.3538420284E-3
1.8043065780E+0	2.8749106583E+2	6.3499928220E-3
1.8106546020E+0	2.9642558260E+2	6.3460374987E-3
1.8169986176E+0	3.0549507612E+2	6.3419761245E-3
1.8233385189E+0	3.1469514732E+2	6.3378087674E-3
1.8296741999E+0	3.2398054496E+2	6.3335354970E-3
1.8360055546E+0	3.3329468457E+2	6.3291563847E-3
1.8423324774E+0	3.4261063879E+2	6.3246715037E-3
1.8486548624E+0	3.5194286713E+2	6.3200809290E-3
1.8549726040E+0	3.6131746999E+2	6.3153847371E-3
1.8612855967E+0	3.7072994147E+2	6.3105830068E-3
1.8675937349E+0	3.8013225075E+2	6.3056758180E-3
1.8738969132E+0	3.8946254920E+2	6.3006632530E-3
1.8801950263E+0	3.9868875012E+2	6.2955453954E-3
1.8864879689E+0	4.0782312435E+2	6.2903223308E-3
1.8927756359E+0	4.1689320529E+2	6.2849941464E-3
1.8990579222E+0	4.2589724018E+2	6.2795609313E-3
1.9053347228E+0	4.3478784144E+2	6.2740227763E-3
1.9116059328E+0	4.4350015070E+2	6.2683797740E-3
1.9178714474E+0	4.5199737808E+2	6.2626320186E-3
1.9241311620E+0	4.6028941826E+2	6.2567796062E-3
1.9303849718E+0	4.6840628622E+2	6.2508226346E-3
1.9366327724E+0	4.7635204560E+2	6.2447612034E-3
1.9428744594E+0	4.8408388529E+2	6.2385954138E-3
1.9491099285E+0	4.9153669708E+2	6.2323253688E-3
1.9553390754E+0	4.9866957282E+2	6.2259511734E-3
1.9615617961E+0	5.0548949015E+2	6.2194729339E-3
1.9677779867E+0	5.1202944898E+2	6.2128907587E-3
1.9739875431E+0	5.1830212873E+2	6.2062047577E-3
1.9801903616E+0	5.2427349176E+2	6.1994150427E-3
1.9863863386E+0	5.2988149144E+2	6.1925217271E-3
1.9925753706E+0	5.3508195454E+2	6.1855249261E-3
1.9987573540E+0	5.3987797360E+2	6.1784247568E-3
2.0049321857E+0	5.4430507214E+2	6.1712213376E-3
2.0110997623E+0	5.4838649697E+2	6.1639147890E-3
2.0172599809E+0	5.5210104420E+2	6.1565052331E-3
2.0234127385E+0	5.5539357717E+2	6.1489927938E-3
2.0295579322E+0	5.5821801150E+2	6.1413775965E-3
2.0356954595E+0	5.6057226621E+2	6.1336597685E-3
2.0418252176E+0	5.6249267059E+2	6.1258394388E-3
2.0479471042E+0	5.6401354074E+2	6.1179167381E-3
2.0540610170E+0	5.6512991235E+2	6.1098917988E-3
2.0601668538E+0	5.6579786900E+2	6.1017647550E-3
2.0662645125E+0	5.6597162427E+2	6.0935357425E-3
2.0723538913E+0	5.6564269082E+2	6.0852048988E-3
2.0784348884E+0	5.6484516071E+2	6.0767723631E-3
2.0845074022E+0	5.6362285719E+2	6.0682382765E-3
2.0905713312E+0	5.6198903952E+2	6.0596027814E-3
2.0966265740E+0	5.5991544606E+2	6.0508660221E-3
2.1026730295E+0	5.5736001267E+2	6.0420281448E-3
2.1087105966E+0	5.5430740695E+2	6.0330892971E-3
2.1147391745E+0	5.5078555243E+2	6.0240496283E-3
2.1207586623E+0	5.4684382183E+2	6.0149092896E-3
2.1267689596E+0	5.4251334545E+2	6.0056684336E-3
2.1327699657E+0	5.3778530774E+2	5.9963272149E-3
2.1387615806E+0	5.3262606411E+2	5.9868857894E-3
2.1447437040E+0	5.2701468555E+2	5.9773443150E-3
2.1507162359E+0	5.2096910176E+2	5.9677029512E-3
2.1566790766E+0	5.1453808629E+2	5.9579618591E-3
2.1626321265E+0	5.0776710712E+2	5.9481212013E-3
2.1685752859E+0	5.0066872035E+2	5.9381811425E-3
2.1745084557E+0	4.9322316433E+2	5.9281418487E-3
2.1804315366E+0	4.8540764186E+2	5.9180034877E-3
2.1863444297E+0	4.7722795064E+2	5.9077662288E-3
2.1922470361E+0	4.6872502802E+2	5.8974302433E-3
2.1981392573E+0	4.5995161884E+2	5.8869957037E-3
2.2040209947E+0	4.5094013041E+2	5.8764627846E-3
2.2098921501E+0	4.4168943097E+2	5.8658316618E-3
2.2157526254E+0	4.3218106778E+2	5.8551025132E-3
2.2216023226E+0	4.2240997980E+2	5.8442755178E-3
2.2274411439E+0	4.1240314179E+2	5.8333508568E-3
2.2332689918E+0	4.0221089245E+2	5.8223287127E-3
2.2390857689E+0	3.9187933850E+2	5.8112092696E-3
2.2448913779E+0	3.8142767884E+2	5.7999927133E-3
2.2506857220E+0	3.7084905534E+2	5.7886792314E-3
2.2564687042E+0	3.6013312206E+2	5.7772690129E-3
2.2622402278E+0	3.4929066574E+2	5.7657622485E-3
2.2680001965E+0	3.3835989145E+2	5.7541591304E-3
2.2737485140E+0	3.2739007551E+2	5.7424598526E-3
2.2794850843E+0	3.1641702503E+2	5.7306646105E-3
2.2852098113E+0	3.0545066440E+2	5.7187736014E-3
2.2909225996E+0	2.9448411229E+2	5.7067870238E-3
2.2966233536E+0	2.8351575844E+2	5.6947050782E-3
2.3023119780E+0	2.7256589089E+2	5.6825279663E-3
2.3079883779E+0	2.6167485465E+2	5.6702558918E-3
2.3136524582E+0	2.5088523381E+2	5.6578890597E-3
2.3193041245E+0	2.4022308550E+2	5.6454276767E-3
2.3249432821E+0	2.2969304408E+2	5.6328719509E-3
2.3305698370E+0	2.1929024953E+2	5.6202220924E-3
2.3361836950E+0	2.0901869928E+2	5.6074783123E-3
2.3417847624E+0	1.9890130696E+2	5.5946408237E-3
2.3473729455E+0	1.8897438980E+2	5.5817098412E-3
2.3529481510E+0	1.7927186573E+2	5.5686855808E-3
2.3585102856E+0	1.6981198368E+2	5.5555682601E-3
2.3640592565E+0	1.6059651401E+2	5.5423580985E-3
2.3695949710E+0	1.5162208449E+2	5.5290553166E-3
2.3751173364E+0	1.4289416837E+2	5.5156601367E-3
2.3806262605E+0	1.3443296801E+2	5.5021727828E-3
2.3861216513E+0	1.2626739259E+2	5.4885934801E-3
2.3916034169E+0	1.1842256732E+2	5.4749224557E-3
2.3970714657E+0	1.1091067232E+2	5.4611599379E-3
2.4025257064E+0	1.0373157897E+2	5.4473061568E-3
2.4079660477E+0	9.6881950462E+1	5.4333613439E-3
2.4133923988E+0	9.0365388998E+1	5.4193257323E-3
2.4188046690E+0	8.4196132488E+1	5.4051995564E-3
2.4242027678E+0	7.8394214213E+1	5.3909830523E-3
2.4295866050E+0	7.2976403619E+1	5.3766764577E-3
2.4349560907E+0	6.7949855535E+1	5.3622800116E-3
2.4403111352E+0	6.3312718131E+1	5.3477939546E-3
2.4456516489E+0	5.9060522066E+1	5.3332185287E-3
2.4509775425E+0	5.5193196231E+1	5.3185539776E-3
2.4562887272E+0	5.1717690073E+1	5.3038005463E-3
2.4615851141E+0	4.8644868390E+1	5.2889584814E-3
2.4668666147E+0	4.5983549676E+1	5.2740280309E-3
2.4721331408E+0	4.3736213254E+1	5.2590094442E-3
2.4773846043E+0	4.1899143087E+1	5.2439029725E-3
2.4826209175E+0	4.0466310288E+1	5.2287088681E-3
2.4878419929E+0	3.9433793518E+1	5.2134273849E-3
2.4930477432E+0	3.8801611159E+1	5.1980587783E-3
2.4982380815E+0	3.8572091439E+1	5.1826033052E-3
2.5034129210E+0	3.8746461713E+1	5.1670612238E-3
2.5085721752E+0	3.9322334010E+1	5.1514327939E-3
2.5137157579E+0	4.0293703416E+1	5.1357182766E-3
2.5188435831E+0	4.1653027748E+1	5.1199179345E-3
2.5239555652E+0	4.3393544262E+1	5.1040320318E-3
2.5290516187E+0	4.5510114655E+1	5.0880608338E-3
2.5341316585E+0	4.7998248309E+1	5.0720046074E-3
2.5391955997E+0	5.0852381671E+1	5.0558636210E-3
2.5442433576E+0	5.4064915084E+1	5.0396381444E-3
2.5492748479E+0	5.7626712745E+1	5.0233284486E-3
2.5542899865E+0	6.1528500845E+1	5.0069348063E-3
2.5592886896E+0	6.5761898241E+1	4.9904574913E-3
2.5642708737E+0	7.0319184461E+1	4.9738967791E-3
2.5692364555E+0	7.5191986876E+1	4.9572529464E-3
2.5741853520E+0	8.0369984382E+1	4.9405262713E-3
2.5791174805E+0	8.5840772486E+1	4.9237170334E-3
2.5840327586E+0	9.1591167428E+1	4.9068255135E-3
2.5889311042E+0	9.7609092256E+1	4.8898519940E-3
2.5938124354E+0	1.0388465369E+2	4.8727967585E-3
2.5986766706E+0	1.1040951329E+2	4.8556600920E-3
2.6035237285E+0	1.1717484299E+2	4.8384422809E-3
2.6083535282E+0	1.2416919655E+2	4.8211436130E-3
2.6131659889E+0	1.3137779266E+2	4.8037643772E-3
2.6179610302E+0	1.3878384885E+2	4.7863048641E-3
2.6227385719E+0	1.4637126473E+2	4.7687653653E-3
2.6274985343E+0	1.5412700597E+2	4.7511461741E-3
2.6322408378E+0	1.6204163631E+2	4.7334475849E-3
2.6369654032E+0	1.7010755657E+2	4.7156698934E-3
2.6416721513E+0	1.7831594051E+2	4.6978133967E-3
2.6463610038E+0	1.8665420759E+2	4.6798783932E-3
2.6510318821E+0	1.9510561049E+2	4.6618651826E-3
2.6556847082E+0	2.0365129045E+2	4.6437740661E-3
2.6603194043E+0	2.1227368844E+2	4.6256053458E-3
2.6649358931E+0	2.2095936456E+2	4.6073593254E-3
2.6695340973E+0	2.2969957825E+2	4.5890363098E-3
2.6741139402E+0	2.3848824857E+2	4.5706366053E-3
2.6786753451E+0	2.4731840791E+2	4.5521605193E-3
2.6832182358E+0	2.5617912367E+2	4.5336083606E-3
2.6877425365E+0	2.6505461484E+2	4.5149804392E-3
2.6922481716E+0	2.7392608847E+2	4.4962770664E-3
2.6967350656E+0	2.8277533695E+2	4.4774985548E-3
2.7012031437E+0	2.9158817986E+2	4.4586452181E-3
2.7056523312E+0	3.0035591758E+2	4.4397173715E-3
2.7100825537E+0	3.0907402843E+2	4.4207153312E-3
2.7144937373E+0	3.1773879795E+2	4.4016394148E-3
2.7188858081E+0	3.2634363832E+2	4.3824899412E-3
2.7232586927E+0	3.3487699174E+2	4.3632672302E-3
2.7276123182E+0	3.4332287803E+2	4.3439716031E-3
2.7319466117E+0	3.5166379745E+2	4.3246033825E-3
2.7362615009E+0	3.5988452758E+2	4.3051628919E-3
2.7405569135E+0	3.6797493513E+2	4.2856504563E-3
2.7448327779E+0	3.7593044369E+2	4.2660664016E-3
2.7490890226E+0	3.8374996939E+2	4.2464110553E-3
2.7533255764E+0	3.9143236015E+2	4.2266847457E-3
2.7575423685E+0	3.9897305826E+2	4.2068878026E-3
2.7617393285E+0	4.0636255018E+2	4.1870205567E-3
2.7659163863E+0	4.1358728717E+2	4.1670833400E-3
2.7700734720E+0	4.2063259980E+2	4.1470764858E-3
2.7742105162E+0	4.2748623235E+2	4.1270003283E-3
2.7783274497E+0	4.3414088705E+2	4.1068552032E-3
2.7824242037E+0	4.4059466696E+2	4.0866414469E-3
2.7865007098E+0	4.4684928172E+2	4.0663593974E-3
2.7905568999E+0	4.5290686994E+2	4.0460093936E-3
2.7945927061E+0	4.5876685944E+2	4.0255917754E-3
2.7986080610E+0	4.6442420976E+2	4.0051068843E-3
2.8026028975E+0	4.6986973487E+2	3.9845550624E-3
2.8065771489E+0	4.7509229742E+2	3.9639366533E-3
2.8105307487E+0	4.8008189483E+2	3.9432520014E-3
2.8144636309E+0	4.8483233333E+2	3.9225014525E-3
2.8183757298E+0	4.8934241426E+2	3.9016853533E-3
2.8222669799E+0	4.9361521143E+2	3.8808040517E-3
2.8261373163E+0	4.9765580449E+2	3.8598578967E-3
2.8299866742E+0	5.0146842644E+2	3.8388472382E-3
2.8338149894E+0	5.0505416135E+2	3.8177724274E-3
2.8376221978E+0	5.0841005331E+2	3.7966338166E-3
2.8414082359E+0	5.1152989968E+2	3.7754317588E-3
2.8451730403E+0	5.1440634897E+2	3.7541666086E-3
2.8489165482E+0	5.1703345690E+2	3.7328387211E-3
2.8526386969E+0	5.1940873239E+2	3.7114484529E-3
2.8563394244E+0	5.2153394865E+2	3.6899961614E-3
2.8600186687E+0	5.2341448642E+2	3.6684822051E-3
2.8636763684E+0	5.2505751750E+2	3.6469069436E-3
2.8673124623E+0	5.2646972880E+2	3.6252707373E-3
2.8709268897E+0	5.2765540248E+2	3.6035739479E-3
2.8745195901E+0	5.2861549067E+2	3.5818169379E-3
2.8780905036E+0	5.2934794049E+2	3.5600000709E-3
2.8816395704E+0	5.2984908601E+2	3.5381237115E-3
2.8851667313E+0	5.3011558023E+2	3.5161882254E-3
2.8886719273E+0	5.3014619814E+2	3.4941939790E-3
2.8921550998E+0	5.2994293053E+2	3.4721413399E-3
2.8956161906E+0	5.2951105799E+2	3.4500306767E-3
2.8990551419E+0	5.2885824242E+2	3.4278623588E-3
2.9024718962E+0	5.2799298004E+2	3.4056367567E-3
2.9058663965E+0	5.2692293248E+2	3.3833542419E-3
2.9092385859E+0	5.2565365020E+2	3.3610151867E-3
2.9125884081E+0	5.2418804329E+2	3.3386199643E-3
2.9159158072E+0	5.2252670390E+2	3.3161689492E-3
2.9192207275E+0	5.2066892489E+2	3.2936625164E-3
2.9225031139E+0	5.1861406964E+2	3.2711010421E-3
2.9257629114E+0	5.1636287476E+2	3.2484849032E-3
2.9290000656E+0	5.1391832069E+2	3.2258144779E-3
2.9322145224E+0	5.1128585660E+2	3.2030901448E-3
2.9354062280E+0	5.0847296302E+2	3.1803122838E-3
2.9385751292E+0	5.0548821805E+2	3.1574812755E-3
2.9417211730E+0	5.0234015227E+2	3.1345975014E-3
2.9448443068E+0	4.9903620851E+2	3.1116613440E-3
2.9479444784E+0	4.9558206646E+2	3.0886731866E-3
2.9510216360E+0	4.9198147437E+2	3.0656334132E-3
2.9540757281E+0	4.8823658785E+2	3.0425424091E-3
2.9571067038E+0	4.8434868902E+2	3.0194005599E-3
2.9601145124E+0	4.8031907698E+2	2.9962082525E-3
2.9630991036E+0	4.7614989858E+2	2.9729658744E-3
2.9660604276E+0	4.7184472496E+2	2.9496738141E-3
2.9689984348E+0	4.6740875840E+2	2.9263324607E-3
2.9719130762E+0	4.6284865185E+2	2.9029422044E-3
2.9748043031E+0	4.5817201486E+2	2.8795034361E-3
2.9776720671E+0	4.5338674326E+2	2.8560165473E-3
2.9805163203E+0	4.4850033582E+2	2.8324819307E-3
2.9833370151E+0	4.4351934654E+2	2.8088999795E-3
2.9861341046E+0	4.3844907651E+2	2.7852710878E-3
2.9889075418E+0	4.3329354709E+2	2.7615956505E-3
2.9916572805E+0	4.2805573250E+2	2.7378740632E-3
2.9943832747E+0	4.2273797894E+2	2.7141067224E-3
2.9970854788E+0	4.1734250716E+2	2.6902940251E-3
2.9997638477E+0	4.1187189029E+2	2.6664363695E-3
3.0024183367E+0	4.0632941546E+2	2.6425341541E-3
3.0050489013E+0	4.0071927077E+2	2.6185877784E-3
3.0076554977E+0	3.9504653915E+2	2.5945976426E-3
3.0102380822E+0	3.8931701930E+2	2.5705641475E-3
3.0127966116E+0	3.8353692377E+2	2.5464876949E-3
3.0153310434E+0	3.7771252057E+2	2.5223686871E-3
3.0178413350E+0	3.7184978708E+2	2.4982075270E-3
3.0203274445E+0	3.6595413463E+2	2.4740046186E-3
3.0227893304E+0	3.6003024234E+2	2.4497603662E-3
3.0252269516E+0	3.5408201599E+2	2.4254751751E-3
3.0276402673E+0	3.4811266426E+2	2.4011494510E-3
3.0300292371E+0	3.4212486690E+2	2.3767836004E-3
3.0323938212E+0	3.3612099735E+2	2.3523780306E-3
3.0347339801E+0	3.3010335893E+2	2.3279331494E-3
3.0370496746E+0	3.2407439666E+2	2.3034493653E-3
3.0393408660E+0	3.1803685558E+2	2.2789270875E-3
3.0416075160E+0	3.1199386839E+2	2.2543667257E-3
3.0438495869E+0	3.0594896802E+2	2.2297686905E-3
3.0460670410E+0	2.9990603229E+2	2.2051333928E-3
3.0482598414E+0	2.9386917657E+2	2.1804612443E-3
3.0504279513E+0	2.8784261564E+2	2.1557526574E-3
3.0525713347E+0	2.8183051699E+2	2.1310080450E-3
3.0546899556E+0	2.7583686618E+2	2.1062278206E-3
3.0567837786E+0	2.6986535995E+2	2.0814123983E-3
3.0588527688E+0	2.6391933723E+2	2.0565621928E-3
3.0608968915E+0	2.5800175150E+2	2.0316776194E-3
3.0629161127E+0	2.5211518266E+2	2.0067590939E-3
3.0649103985E+0	2.4626188156E+2	1.9818070327E-3
3.0668797157E+0	2.4044383772E+2	1.9568218529E-3
3.0688240313E+0	2.3466285937E+2	1.9318039720E-3
3.0707433129E+0	2.2892065509E+2	1.9067538080E-3
3.0726375283E+0	2.2321890810E+2	1.8816717796E-3
3.0745066460E+0	2.1755933599E+2	1.8565583060E-3
3.0763506346E+0	2.1194373199E+2	1.8314138067E-3
3.0781694634E+0	2.0637398610E+2	1.8062387021E-3
3.0799631019E+0	2.0085208693E+2	1.7810334128E-3
3.0817315203E+0	1.9538010712E+2	1.7557983600E-3
3.0834746889E+0	1.8996017611E+2	1.7305339655E-3
3.0851925786E+0	1.8459444518E+2	1.7052406515E-3
3.0868851607E+0	1.7928504900E+2	1.6799188405E-3
3.0885524069E+0	1.7403406819E+2	1.6545689559E-3
3.0901942894E+0	1.6884349600E+2	1.6291914212E-3
3.0918107807E+0	1.6371521172E+2	1.6037866605E-3
3.0934018538E+0	1.5865096204E+2	1.5783550984E-3
3.0949674821E+0	1.5365235085E+2	1.5528971598E-3
3.0965076394E+0	1.4872083712E+2	1.5274132703E-3
3.0980223001E+0	1.4385773972E+2	1.5019038556E-3
3.0995114388E+0	1.3906424793E+2	1.4763693421E-3
3.1009750306E+0	1.3434143579E+2	1.4508101565E-3
3.1024130510E+0	1.2969027889E+2	1.4252267258E-3
3.1038254761E+0	1.2511167180E+2	1.3996194778E-3
3.1052122822E+0	1.2060644501E+2	1.3739888402E-3
3.1065734461E+0	1.1617538040E+2	1.3483352414E-3
3.1079089451E+0	1.1181922427E+2	1.3226591101E-3
3.1092187570E+0	1.0753869785E+2	1.2969608754E-3
3.1105028597E+0	1.0333450487E+2	1.2712409668E-3
3.1117612318E+0	9.9207336502E+1	1.2454998140E-3
3.1129938524E+0	9.5157873806E+1	1.2197378472E-3
3.1142007007E+0	9.1186788057E+1	1.1939554970E-3
3.1153817567E+0	8.7294739494E+1	1.1681531941E-3
3.1165370006E+0	8.3482374866E+1	1.1423313699E-3
3.1176664131E+0	7.9750324265E+1	1.1164904558E-3
3.1187699753E+0	7.6099197633E+1	1.0906308836E-3
3.1198476688E+0	7.2529581294E+1	1.0647530855E-3
3.1208994755E+0	6.9042034769E+1	1.0388574939E-3
3.1219253780E+0	6.5637088079E+1	1.0129445417E-3
3.1229253590E+0	6.2315239656E+1	9.8701466182E-4
3.1238994018E+0	5.9076954917E+1	9.6106828758E-4
3.1248474902E+0	5.5922665524E+1	9.3510585261E-4
3.1257696083E+0	5.2852769289E+1	9.0912779076E-4
3.1266657407E+0	4.9867630655E+1	8.8313453619E-4
3.1275358724E+0	4.6967581678E+1	8.5712652325E-4
3.1283799890E+0	4.4152923423E+1	8.3110418659E-4
3.1291980762E+0	4.1423927655E+1	8.0506796108E-4
3.1299901204E+0	3.8780838749E+1	7.7901828182E-4
3.1307561084E+0	3.6223875739E+1	7.5295558414E-4
3.1314960274E+0	3.3753234404E+1	7.2688030358E-4
3.1322098650E+0	3.1369089360E+1	7.0079287589E-4
3.1328976092E+0	2.9071596082E+1	6.7469373705E-4
3.1335592487E+0	2.6860892839E+1	6.4858332323E-4
3.1341947723E+0	2.4737102492E+1	6.2246207073E-4
3.1348041694E+0	2.2700334165E+1	5.9633041614E-4
3.1353874298E+0	2.0750684758E+1	5.7018879612E-4
3.1359445438E+0	1.8888240312E+1	5.4403764760E-4
3.1364755020E+0	1.7113077229E+1	5.1787740760E-4
3.1369802957E+0	1.5425263356E+1	4.9170851331E-4
3.1374589163E+0	1.3824858934E+1	4.6553140213E-4
3.1379113559E+0	1.2311917439E+1	4.3934651156E-4
3.1383376069E+0	1.0886486311E+1	4.1315427928E-4
3.1387376622E+0	9.5486076027E+0	3.8695514312E-4
3.1391115150E+0	8.2983185340E+0	3.6074954110E-4
3.1394591592E+0	7.1356519890E+0	3.3453791144E-4
3.1397805890E+0	6.0606369471E+0	3.0832069259E-4
3.1400757989E+0	5.0732988636E+0	2.8209832342E-4
3.1403447841E+0	4.1736600051E+0	2.5587124334E-4
3.1405875400E+0	3.3617397445E+0	2.2963989267E-4
3.1408040626E+0	2.6375548192E+0	2.0340471372E-4
3.1409943483E+0	2.0011195534E+0	1.7716615272E-4
3.1411583939E+0	1.4524460398E+0	1.5092466531E-4
3.1412961968E+0	9.9154426285E-1	1.2468073282E-4
3.1414077547E+0	6.1842208802E-1	9.8434919423E-5
3.1414930663E+0	3.3308478502E-1	7.2188137769E-5
3.1415521316E+0	1.3553189369E-1	4.5943520243E-5
3.1415849628E+0	2.5722888409E-2	1.9736940383E-5