# Differential cross section		
# Author: P. Swaczyna	Princeton University	(swaczyna@princeton.edu)
# Date: 	Tue 3 Nov 2020 16:30:49	
# 		
# Elastic collision: H^+ + He^0 -> H^+ + He^0		
# 		
# Red. mass: 	7.4962491838E+8	 eV/c^2
# CM energy: 	2.4547089157E-2	 eV
# Rel speed: 	2.4261279074E+5	 cm/s
# Tot sigma: 	8.1341476208E+2	 a.u.
# Int sigma: 	8.1341476206E+2	 a.u.
# 		
# Columns:		
# the <- scattering angle (rad)		
# dcs <- dsigma/dOmega*2*pi*sin(the) (a.u. = 2.8002852056E-17 cm^2)		
# wei <- weight for cross section integration (approx. width of angle bin)		
# 		
# the	dcs	wei
7.6907532846E-6	2.4757955597E+0	1.9736940383E-5
4.0521979771E-5	1.3044711296E+1	4.5943520243E-5
9.9587300392E-5	3.2058033837E+1	7.2188137769E-5
1.8489884726E-4	5.9516199107E+1	9.8434919423E-5
2.9645680168E-4	9.5409534316E+1	1.2468073282E-4
4.3425968311E-4	1.3971646150E+2	1.5092466531E-4
5.9830531657E-4	1.9239723472E+2	1.7716615272E-4
7.8859101285E-4	2.5338612591E+2	2.0340471372E-4
1.0051136166E-3	3.2258256978E+2	2.2963989267E-4
1.2478695220E-3	3.9984177967E+2	2.5587124334E-4
1.5168546797E-3	4.8496554393E+2	2.8209832342E-4
1.8120645986E-3	5.7769415448E+2	3.0832069259E-4
2.1334943481E-3	6.7770065320E+2	3.3453791144E-4
2.4811385584E-3	7.8458875029E+2	3.6074954110E-4
2.8549914211E-3	8.9789579572E+2	3.8695514312E-4
3.2550466893E-3	1.0171019848E+3	4.1315427928E-4
3.6812976783E-3	1.1416464696E+3	4.3934651156E-4
4.1337372652E-3	1.2709501803E+3	4.6553140213E-4
4.6123578895E-3	1.4044439391E+3	4.9170851331E-4
5.1171515529E-3	1.5415989963E+3	5.1787740760E-4
5.6481098199E-3	1.6819556376E+3	5.4403764760E-4
6.2052238176E-3	1.8251443723E+3	5.7018879612E-4
6.7884842360E-3	1.9708938196E+3	5.9633041614E-4
7.3978813281E-3	2.1190202034E+3	6.2246207073E-4
8.0334049101E-3	2.2693956690E+3	6.4858332323E-4
8.6950443616E-3	2.4218965151E+3	6.7469373705E-4
9.3827886258E-3	2.5763375900E+3	7.0079287589E-4
1.0096626210E-2	2.7324046980E+3	7.2688030358E-4
1.0836545184E-2	2.8896014888E+3	7.5295558414E-4
1.1602533184E-2	3.0472290568E+3	7.7901828182E-4
1.2394577408E-2	3.2044133306E+3	8.0506796108E-4
1.3212664621E-2	3.3601859152E+3	8.3110418659E-4
1.4056781152E-2	3.5136088067E+3	8.5712652325E-4
1.4926912893E-2	3.6639155309E+3	8.8313453619E-4
1.5823045305E-2	3.8106269300E+3	9.0912779076E-4
1.6745163410E-2	3.9535965509E+3	9.3510585261E-4
1.7693251801E-2	4.0929541482E+3	9.6106828758E-4
1.8667294632E-2	4.2289464793E+3	9.8701466182E-4
1.9667275626E-2	4.3617149273E+3	1.0129445417E-3
2.0693178073E-2	4.4910851610E+3	1.0388574939E-3
2.1744984827E-2	4.6164577088E+3	1.0647530855E-3
2.2822678313E-2	4.7368662640E+3	1.0906308836E-3
2.3926240519E-2	4.8512105604E+3	1.1164904558E-3
2.5055653005E-2	4.9585890834E+3	1.1423313699E-3
2.6210896896E-2	5.0585894343E+3	1.1681531941E-3
2.7391952886E-2	5.1513837782E+3	1.1939554970E-3
2.8598801239E-2	5.2375484316E+3	1.2197378472E-3
2.9831421786E-2	5.3176623685E+3	1.2454998140E-3
3.1089793929E-2	5.3918750285E+3	1.2712409668E-3
3.2373896638E-2	5.4596867522E+3	1.2969608754E-3
3.3683708455E-2	5.5201016681E+3	1.3226591101E-3
3.5019207490E-2	5.5721101720E+3	1.3483352414E-3
3.6380371427E-2	5.6152378131E+3	1.3739888402E-3
3.7767177517E-2	5.6498074322E+3	1.3996194778E-3
3.9179602586E-2	5.6767019776E+3	1.4252267258E-3
4.0617623030E-2	5.6967385490E+3	1.4508101565E-3
4.2081214817E-2	5.7100641189E+3	1.4763693421E-3
4.3570353490E-2	5.7160232954E+3	1.5019038556E-3
4.5085014162E-2	5.7136452973E+3	1.5274132703E-3
4.6625171522E-2	5.7024250223E+3	1.5528971598E-3
4.8190799831E-2	5.6827895299E+3	1.5783550984E-3
4.9781872927E-2	5.6558320261E+3	1.6037866605E-3
5.1398364219E-2	5.6224840575E+3	1.6291914212E-3
5.3040246694E-2	5.5828146286E+3	1.6545689559E-3
5.4707492914E-2	5.5360982050E+3	1.6799188405E-3
5.6400075017E-2	5.4816384213E+3	1.7052406515E-3
5.8117964718E-2	5.4196081709E+3	1.7305339655E-3
5.9861133308E-2	5.3510825459E+3	1.7557983600E-3
6.1629551657E-2	5.2771881871E+3	1.7810334128E-3
6.3423190212E-2	5.1982017058E+3	1.8062387021E-3
6.5242019000E-2	5.1135419354E+3	1.8314138067E-3
6.7086007624E-2	5.0226978747E+3	1.8565583060E-3
6.8955125270E-2	4.9261013899E+3	1.8816717796E-3
7.0849340702E-2	4.8249560722E+3	1.9067538080E-3
7.2768622264E-2	4.7201919947E+3	1.9318039720E-3
7.4712937885E-2	4.6117593744E+3	1.9568218529E-3
7.6682255070E-2	4.4991138698E+3	1.9818070327E-3
7.8676540910E-2	4.3823102588E+3	2.0067590939E-3
8.0695762079E-2	4.2623353535E+3	2.0316776194E-3
8.2739884832E-2	4.1402502430E+3	2.0565621928E-3
8.4808875009E-2	4.0162646839E+3	2.0814123983E-3
8.6902698034E-2	3.8899726614E+3	2.1062278206E-3
8.9021318917E-2	3.7614126618E+3	2.1310080450E-3
9.1164702253E-2	3.6314722660E+3	2.1557526574E-3
9.3332812224E-2	3.5010819104E+3	2.1804612443E-3
9.5525612596E-2	3.3703873463E+3	2.2051333928E-3
9.7743066726E-2	3.2391028655E+3	2.2297686905E-3
9.9985137556E-2	3.1074707512E+3	2.2543667257E-3
1.0225178762E-1	2.9763526205E+3	2.2789270875E-3
1.0454297904E-1	2.8463602920E+3	2.3034493653E-3
1.0685867352E-1	2.7174355054E+3	2.3279331494E-3
1.0919883237E-1	2.5895051925E+3	2.3523780306E-3
1.1156341648E-1	2.4630776128E+3	2.3767836004E-3
1.1395238633E-1	2.3388166585E+3	2.4011494510E-3
1.1636570200E-1	2.2168954889E+3	2.4254751751E-3
1.1880332317E-1	2.0972277922E+3	2.4497603662E-3
1.2126520909E-1	1.9800767275E+3	2.4740046186E-3
1.2375131862E-1	1.8659499267E+3	2.4982075270E-3
1.2626161023E-1	1.7550703761E+3	2.5223686871E-3
1.2879604195E-1	1.6474182003E+3	2.5464876949E-3
1.3135457143E-1	1.5431584356E+3	2.5705641475E-3
1.3393715592E-1	1.4426077543E+3	2.5945976426E-3
1.3654375226E-1	1.3459116920E+3	2.6185877784E-3
1.3917431689E-1	1.2531045167E+3	2.6425341541E-3
1.4182880585E-1	1.1643196713E+3	2.6664363695E-3
1.4450717478E-1	1.0796862984E+3	2.6902940251E-3
1.4720937892E-1	9.9923909452E+2	2.7141067224E-3
1.4993537310E-1	9.2306114185E+2	2.7378740632E-3
1.5268511179E-1	8.5123867738E+2	2.7615956505E-3
1.5545854902E-1	7.8370739343E+2	2.7852710878E-3
1.5825563845E-1	7.2044455147E+2	2.8088999795E-3
1.6107633333E-1	6.6158122477E+2	2.8324819307E-3
1.6392058653E-1	6.0706830165E+2	2.8560165473E-3
1.6678835052E-1	5.5668078217E+2	2.8795034361E-3
1.6967957737E-1	5.1045610488E+2	2.9029422044E-3
1.7259421876E-1	4.6849518988E+2	2.9263324607E-3
1.7553222599E-1	4.3051301299E+2	2.9496738141E-3
1.7849354996E-1	3.9628598078E+2	2.9729658744E-3
1.8147814117E-1	3.6597054897E+2	2.9962082525E-3
1.8448594977E-1	3.3943043997E+2	3.0194005599E-3
1.8751692548E-1	3.1622130068E+2	3.0425424091E-3
1.9057101764E-1	2.9635585058E+2	3.0656334132E-3
1.9364817522E-1	2.7989807638E+2	3.0886731866E-3
1.9674834681E-1	2.6636277769E+2	3.1116613440E-3
1.9987148058E-1	2.5551801026E+2	3.1345975014E-3
2.0301752435E-1	2.4753166625E+2	3.1574812755E-3
2.0618642554E-1	2.4202719615E+2	3.1803122838E-3
2.0937813120E-1	2.3856397962E+2	3.2030901448E-3
2.1259258799E-1	2.3729409036E+2	3.2258144779E-3
2.1582974219E-1	2.3799830673E+2	3.2484849032E-3
2.1908953970E-1	2.4012507833E+2	3.2711010421E-3
2.2237192605E-1	2.4374774383E+2	3.2936625164E-3
2.2567684639E-1	2.4877959048E+2	3.3161689492E-3
2.2900424548E-1	2.5464572703E+2	3.3386199643E-3
2.3235406772E-1	2.6134122139E+2	3.3610151867E-3
2.3572625713E-1	2.6886302241E+2	3.3833542419E-3
2.3912075735E-1	2.7666459370E+2	3.4056367567E-3
2.4253751167E-1	2.8469954011E+2	3.4278623588E-3
2.4597646298E-1	2.9300456989E+2	3.4500306767E-3
2.4943755380E-1	3.0108424764E+2	3.4721413399E-3
2.5292072631E-1	3.0889696770E+2	3.4941939790E-3
2.5642592230E-1	3.1648659575E+2	3.5161882254E-3
2.5995308318E-1	3.2341972429E+2	3.5381237115E-3
2.6350215001E-1	3.2969797960E+2	3.5600000709E-3
2.6707306349E-1	3.3534778460E+2	3.5818169379E-3
2.7066576394E-1	3.4001133808E+2	3.6035739479E-3
2.7428019131E-1	3.4375323091E+2	3.6252707373E-3
2.7791628522E-1	3.4656479107E+2	3.6469069436E-3
2.8157398488E-1	3.4818610607E+2	3.6684822051E-3
2.8525322919E-1	3.4873810966E+2	3.6899961614E-3
2.8895395665E-1	3.4817329842E+2	3.7114484529E-3
2.9267610542E-1	3.4635403155E+2	3.7328387211E-3
2.9641961330E-1	3.4342416113E+2	3.7541666086E-3
3.0018441773E-1	3.3931912488E+2	3.7754317588E-3
3.0397045579E-1	3.3402953917E+2	3.7966338166E-3
3.0777766421E-1	3.2767852515E+2	3.8177724274E-3
3.1160597938E-1	3.2023253872E+2	3.8388472382E-3
3.1545533730E-1	3.1177532613E+2	3.8598578967E-3
3.1932567367E-1	3.0239120133E+2	3.8808040517E-3
3.2321692379E-1	2.9212260090E+2	3.9016853533E-3
3.2712902264E-1	2.8107567871E+2	3.9225014525E-3
3.3106190484E-1	2.6933129404E+2	3.9432520014E-3
3.3501550468E-1	2.5699750560E+2	3.9639366533E-3
3.3898975607E-1	2.4415349131E+2	3.9845550624E-3
3.4298459261E-1	2.3093343194E+2	4.0051068843E-3
3.4699994753E-1	2.1743341761E+2	4.0255917754E-3
3.5103575373E-1	2.0374057187E+2	4.0460093936E-3
3.5509194378E-1	1.9002707335E+2	4.0663593974E-3
3.5916844988E-1	1.7632420115E+2	4.0866414469E-3
3.6326520391E-1	1.6279989417E+2	4.1068552032E-3
3.6738213741E-1	1.4955115649E+2	4.1270003283E-3
3.7151918157E-1	1.3662326901E+2	4.1470764858E-3
3.7567626728E-1	1.2421666337E+2	4.1670833400E-3
3.7985332504E-1	1.1230641761E+2	4.1870205567E-3
3.8405028507E-1	1.0105825281E+2	4.2068878026E-3
3.8826707721E-1	9.0531338107E+1	4.2266847457E-3
3.9250363101E-1	8.0736363420E+1	4.2464110553E-3
3.9675987567E-1	7.1846471653E+1	4.2660664016E-3
4.0103574005E-1	6.3776950046E+1	4.2856504563E-3
4.0533115271E-1	5.6682838363E+1	4.3051628919E-3
4.0964604185E-1	5.0534006560E+1	4.3246033825E-3
4.1398033538E-1	4.5344171515E+1	4.3439716031E-3
4.1833396086E-1	4.1195861759E+1	4.3632672302E-3
4.2270684554E-1	3.7977929806E+1	4.3824899412E-3
4.2709891633E-1	3.5807829080E+1	4.4016394148E-3
4.3151009985E-1	3.4561897729E+1	4.4207153312E-3
4.3594032237E-1	3.4283168664E+1	4.4397173715E-3
4.4038950986E-1	3.4919523037E+1	4.4586452181E-3
4.4485758797E-1	3.6403842035E+1	4.4774985548E-3
4.4934448203E-1	3.8750130615E+1	4.4962770664E-3
4.5385011706E-1	4.1827857208E+1	4.5149804392E-3
4.5837441776E-1	4.5657237322E+1	4.5336083606E-3
4.6291730852E-1	5.0111912055E+1	4.5521605193E-3
4.6747871344E-1	5.5170872946E+1	4.5706366053E-3
4.7205855627E-1	6.0744617929E+1	4.5890363098E-3
4.7665676049E-1	6.6769138945E+1	4.6073593254E-3
4.8127324926E-1	7.3180983155E+1	4.6256053458E-3
4.8590794542E-1	7.9903714633E+1	4.6437740661E-3
4.9056077152E-1	8.6872473866E+1	4.6618651826E-3
4.9523164982E-1	9.4028813927E+1	4.6798783932E-3
4.9992050224E-1	1.0129189630E+2	4.6978133967E-3
5.0462725044E-1	1.0862953804E+2	4.7156698934E-3
5.0935181576E-1	1.1595433368E+2	4.7334475849E-3
5.1409411924E-1	1.2324550345E+2	4.7511461741E-3
5.1885408164E-1	1.3043466301E+2	4.7687653653E-3
5.2363162341E-1	1.3748747560E+2	4.7863048641E-3
5.2842666471E-1	1.4438082308E+2	4.8037643772E-3
5.3323912540E-1	1.5104653985E+2	4.8211436130E-3
5.3806892508E-1	1.5752142356E+2	4.8384422809E-3
5.4291598301E-1	1.6369627425E+2	4.8556600920E-3
5.4778021821E-1	1.6966667351E+2	4.8727967585E-3
5.5266154939E-1	1.7528863786E+2	4.8898519940E-3
5.5755989496E-1	1.8070249364E+2	4.9068255135E-3
5.6247517308E-1	1.8574433176E+2	4.9237170334E-3
5.6740730160E-1	1.9057856736E+2	4.9405262713E-3
5.7235619810E-1	1.9503853393E+2	4.9572529464E-3
5.7732177988E-1	1.9929173547E+2	4.9738967791E-3
5.8230396395E-1	2.0318320379E+2	4.9904574913E-3
5.8730266706E-1	2.0686652234E+2	5.0069348063E-3
5.9231780568E-1	2.1020749605E+2	5.0233284486E-3
5.9734929598E-1	2.1333475803E+2	5.0396381444E-3
6.0239705389E-1	2.1613809614E+2	5.0558636210E-3
6.0746099506E-1	2.1871629103E+2	5.0720046074E-3
6.1254103485E-1	2.2098140697E+2	5.0880608338E-3
6.1763708838E-1	2.2300269401E+2	5.1040320318E-3
6.2274907048E-1	2.2470944690E+2	5.1199179345E-3
6.2787689573E-1	2.2614565105E+2	5.1357182766E-3
6.3302047843E-1	2.2725106490E+2	5.1514327939E-3
6.3817973262E-1	2.2805137347E+2	5.1670612238E-3
6.4335457209E-1	2.2848966486E+2	5.1826033052E-3
6.4854491036E-1	2.2858192831E+2	5.1980587783E-3
6.5375066070E-1	2.2826809082E+2	5.2134273849E-3
6.5897173609E-1	2.2756380015E+2	5.2287088681E-3
6.6420804930E-1	2.2640070222E+2	5.2439029725E-3
6.6945951283E-1	2.2480338061E+2	5.2590094442E-3
6.7472603890E-1	2.2269200922E+2	5.2740280309E-3
6.8000753951E-1	2.2010843792E+2	5.2889584814E-3
6.8530392640E-1	2.1696059331E+2	5.3038005463E-3
6.9061511106E-1	2.1331401299E+2	5.3185539776E-3
6.9594100473E-1	2.0906645989E+2	5.3332185287E-3
7.0128151841E-1	2.0431066949E+2	5.3477939546E-3
7.0663656285E-1	1.9893950765E+2	5.3622800116E-3
7.1200604856E-1	1.9307264284E+2	5.3766764577E-3
7.1738988581E-1	1.8660650418E+2	5.3909830523E-3
7.2278798463E-1	1.7968322449E+2	5.4051995564E-3
7.2820025482E-1	1.7221386696E+2	5.4193257323E-3
7.3362660591E-1	1.6435471329E+2	5.4333613439E-3
7.3906694724E-1	1.5604368926E+2	5.4473061568E-3
7.4452118788E-1	1.4744047650E+2	5.4611599379E-3
7.4998923669E-1	1.3852082304E+2	5.4749224557E-3
7.5547100229E-1	1.2943709174E+2	5.4885934801E-3
7.6096639308E-1	1.2020941323E+2	5.5021727828E-3
7.6647531721E-1	1.1097517698E+2	5.5156601367E-3
7.7199768263E-1	1.0179802078E+2	5.5290553166E-3
7.7753339704E-1	9.2798340926E+1	5.5423580985E-3
7.8308236795E-1	8.4073308919E+1	5.5555682601E-3
7.8864450262E-1	7.5730662939E+1	5.5686855808E-3
7.9421970809E-1	6.7883125124E+1	5.5817098412E-3
7.9980789121E-1	6.0634170279E+1	5.5946408237E-3
8.0540895857E-1	5.4090637294E+1	5.6074783123E-3
8.1102281659E-1	4.8358803984E+1	5.6202220924E-3
8.1664937145E-1	4.3521957806E+1	5.6328719509E-3
8.2228852912E-1	3.9688195307E+1	5.6454276767E-3
8.2794019536E-1	3.6910429490E+1	5.6578890597E-3
8.3360427572E-1	3.5285051992E+1	5.6702558918E-3
8.3928067556E-1	3.4841452248E+1	5.6825279663E-3
8.4496930000E-1	3.5639993773E+1	5.6947050782E-3
8.5067005399E-1	3.7702306100E+1	5.7067870238E-3
8.5638284226E-1	4.1027354625E+1	5.7187736014E-3
8.6210756934E-1	4.5641638672E+1	5.7306646105E-3
8.6784413956E-1	5.1471035122E+1	5.7424598526E-3
8.7359245705E-1	5.8542810946E+1	5.7541591304E-3
8.7935242576E-1	6.6723234265E+1	5.7657622485E-3
8.8512394943E-1	7.6013947391E+1	5.7772690129E-3
8.9090693161E-1	8.6258882351E+1	5.7886792314E-3
8.9670127565E-1	9.7395550212E+1	5.7999927133E-3
9.0250688473E-1	1.0928844143E+2	5.8112092696E-3
9.0832366182E-1	1.2178466751E+2	5.8223287127E-3
9.1415150972E-1	1.3479068053E+2	5.8333508568E-3
9.1999033104E-1	1.4807376637E+2	5.8442755178E-3
9.2584002820E-1	1.6156453940E+2	5.8551025132E-3
9.3170050345E-1	1.7500294570E+2	5.8658316618E-3
9.3757165885E-1	1.8829576288E+2	5.8764627846E-3
9.4345339628E-1	2.0122497440E+2	5.8869957037E-3
9.4934561746E-1	2.1363136050E+2	5.8974302433E-3
9.5524822392E-1	2.2538202126E+2	5.9077662288E-3
9.6116111701E-1	2.3625505539E+2	5.9180034877E-3
9.6708419793E-1	2.4618974969E+2	5.9281418487E-3
9.7301736769E-1	2.5495990438E+2	5.9381811425E-3
9.7896052713E-1	2.6252004470E+2	5.9481212013E-3
9.8491357695E-1	2.6871756950E+2	5.9579618591E-3
9.9087641766E-1	2.7347168307E+2	5.9677029512E-3
9.9684894961E-1	2.7674357157E+2	5.9773443150E-3
1.0028310730E+0	2.7842164799E+2	5.9868857894E-3
1.0088226878E+0	2.7855329025E+2	5.9963272149E-3
1.0148236940E+0	2.7705692190E+2	6.0056684336E-3
1.0208339913E+0	2.7399860608E+2	6.0149092896E-3
1.0268534791E+0	2.6939139134E+2	6.0240496283E-3
1.0328820570E+0	2.6327620380E+2	6.0330892971E-3
1.0389196241E+0	2.5577003026E+2	6.0420281448E-3
1.0449660796E+0	2.4690722583E+2	6.0508660221E-3
1.0510213224E+0	2.3685531694E+2	6.0596027814E-3
1.0570852514E+0	2.2569736878E+2	6.0682382765E-3
1.0631577652E+0	2.1358793652E+2	6.0767723631E-3
1.0692387623E+0	2.0068740589E+2	6.0852048988E-3
1.0753281411E+0	1.8712116099E+2	6.0935357425E-3
1.0814257998E+0	1.7309578091E+2	6.1017647550E-3
1.0875316366E+0	1.5874017471E+2	6.1098917988E-3
1.0936455494E+0	1.4424785468E+2	6.1179167381E-3
1.0997674360E+0	1.2978137106E+2	6.1258394388E-3
1.1058971941E+0	1.1549073328E+2	6.1336597685E-3
1.1120347214E+0	1.0155800043E+2	6.1413775965E-3
1.1181799151E+0	8.8104591977E+1	6.1489927938E-3
1.1243326727E+0	7.5288458642E+1	6.1565052331E-3
1.1304928913E+0	6.3226320232E+1	6.1639147890E-3
1.1366604679E+0	5.2025081892E+1	6.1712213376E-3
1.1428352996E+0	4.1792451151E+1	6.1784247568E-3
1.1490172830E+0	3.2592037555E+1	6.1855249261E-3
1.1552063150E+0	2.4497050603E+1	6.1925217271E-3
1.1614022920E+0	1.7545055031E+1	6.1994150427E-3
1.1676051105E+0	1.1760769505E+1	6.2062047577E-3
1.1738146669E+0	7.1564461535E+0	6.2128907587E-3
1.1800308574E+0	3.7164488688E+0	6.2194729339E-3
1.1862535782E+0	1.4185399062E+0	6.2259511734E-3
1.1924827251E+0	2.1859340646E-1	6.2323253688E-3
1.1987181942E+0	6.0411460285E-2	6.2385954138E-3
1.2049598812E+0	8.7441867975E-1	6.2447612034E-3
1.2112076818E+0	2.5805189500E+0	6.2508226346E-3
1.2174614916E+0	5.0871077044E+0	6.2567796062E-3
1.2237212062E+0	8.2966625951E+0	6.2626320186E-3
1.2299867208E+0	1.2106595758E+1	6.2683797740E-3
1.2362579308E+0	1.6405635057E+1	6.2740227763E-3
1.2425347314E+0	2.1089009233E+1	6.2795609313E-3
1.2488170177E+0	2.6043132903E+1	6.2849941464E-3
1.2551046847E+0	3.1161283098E+1	6.2903223308E-3
1.2613976273E+0	3.6342193752E+1	6.2955453954E-3
1.2676957404E+0	4.1480732956E+1	6.3006632530E-3
1.2739989187E+0	4.6490923314E+1	6.3056758180E-3
1.2803070569E+0	5.1283794878E+1	6.3105830068E-3
1.2866200496E+0	5.5782963786E+1	6.3153847371E-3
1.2929377912E+0	5.9926744051E+1	6.3200809290E-3
1.2992601762E+0	6.3651889989E+1	6.3246715037E-3
1.3055870990E+0	6.6918789815E+1	6.3291563847E-3
1.3119184537E+0	6.9690317897E+1	6.3335354970E-3
1.3182541347E+0	7.1940107162E+1	6.3378087674E-3
1.3245940360E+0	7.3660161242E+1	6.3419761245E-3
1.3309380516E+0	7.4841170013E+1	6.3460374987E-3
1.3372860756E+0	7.5492974543E+1	6.3499928220E-3
1.3436380019E+0	7.5630758496E+1	6.3538420284E-3
1.3499937243E+0	7.5274585213E+1	6.3575850535E-3
1.3563531366E+0	7.4459020248E+1	6.3612218349E-3
1.3627161325E+0	7.3217395163E+1	6.3647523117E-3
1.3690826057E+0	7.1592343748E+1	6.3681764249E-3
1.3754524499E+0	6.9630394314E+1	6.3714941173E-3
1.3818255585E+0	6.7378644021E+1	6.3747053335E-3
1.3882018250E+0	6.4888793835E+1	6.3778100198E-3
1.3945811430E+0	6.2211764948E+1	6.3808081243E-3
1.4009634057E+0	5.9399509925E+1	6.3836995970E-3
1.4073485066E+0	5.6501110207E+1	6.3864843894E-3
1.4137363389E+0	5.3567225420E+1	6.3891624551E-3
1.4201267959E+0	5.0642524640E+1	6.3917337493E-3
1.4265197708E+0	4.7769233766E+1	6.3941982290E-3
1.4329151568E+0	4.4990542874E+1	6.3965558531E-3
1.4393128469E+0	4.2335946508E+1	6.3988065821E-3
1.4457127343E+0	3.9841030689E+1	6.4009503785E-3
1.4521147120E+0	3.7531732660E+1	6.4029872063E-3
1.4585186731E+0	3.5423979935E+1	6.4049170317E-3
1.4649245104E+0	3.3544118068E+1	6.4067398222E-3
1.4713321170E+0	3.1895312300E+1	6.4084555476E-3
1.4777413858E+0	3.0487525889E+1	6.4100641790E-3
1.4841522097E+0	2.9330004776E+1	6.4115656896E-3
1.4905644815E+0	2.8408305241E+1	6.4129600544E-3
1.4969780940E+0	2.7730503265E+1	6.4142472499E-3
1.5033929402E+0	2.7281827340E+1	6.4154272548E-3
1.5098089128E+0	2.7043998448E+1	6.4165000493E-3
1.5162259046E+0	2.7017745597E+1	6.4174656154E-3
1.5226438083E+0	2.7167404700E+1	6.4183239370E-3
1.5290625167E+0	2.7482636123E+1	6.4190749998E-3
1.5354819225E+0	2.7946181213E+1	6.4197187912E-3
1.5419019185E+0	2.8516777892E+1	6.4202553005E-3
1.5483223974E+0	2.9191607228E+1	6.4206845187E-3
1.5547432518E+0	2.9931312585E+1	6.4210064386E-3
1.5611643745E+0	3.0707490730E+1	6.4212210549E-3
1.5675856581E+0	3.1512433500E+1	6.4213283639E-3
1.5740069954E+0	3.2295322828E+1	6.4213283639E-3
1.5804282791E+0	3.3048595159E+1	6.4212210549E-3
1.5868494018E+0	3.3747139055E+1	6.4210064386E-3
1.5932702562E+0	3.4349888960E+1	6.4206845187E-3
1.5996907351E+0	3.4861506395E+1	6.4202553005E-3
1.6061107310E+0	3.5240681678E+1	6.4197187912E-3
1.6125301369E+0	3.5473284314E+1	6.4190749998E-3
1.6189488453E+0	3.5559099073E+1	6.4183239370E-3
1.6253667490E+0	3.5458467999E+1	6.4174656154E-3
1.6317837408E+0	3.5184532974E+1	6.4165000493E-3
1.6381997134E+0	3.4722996275E+1	6.4154272548E-3
1.6446145595E+0	3.4058321483E+1	6.4142472499E-3
1.6510281721E+0	3.3215376888E+1	6.4129600544E-3
1.6574404439E+0	3.2174580602E+1	6.4115656896E-3
1.6638512678E+0	3.0954290703E+1	6.4100641790E-3
1.6702605366E+0	2.9574461081E+1	6.4084555476E-3
1.6766681432E+0	2.8030708805E+1	6.4067398222E-3
1.6830739805E+0	2.6365367842E+1	6.4049170317E-3
1.6894779416E+0	2.4590962635E+1	6.4029872063E-3
1.6958799193E+0	2.2732503820E+1	6.4009503785E-3
1.7022798067E+0	2.0836851186E+1	6.3988065821E-3
1.7086774968E+0	1.8921342629E+1	6.3965558531E-3
1.7150728827E+0	1.7035411413E+1	6.3941982290E-3
1.7214658576E+0	1.5218908959E+1	6.3917337493E-3
1.7278563146E+0	1.3505734062E+1	6.3891624551E-3
1.7342441470E+0	1.1950711601E+1	6.3864843894E-3
1.7406292478E+0	1.0589700994E+1	6.3836995970E-3
1.7470115106E+0	9.4689459948E+0	6.3808081243E-3
1.7533908286E+0	8.6333698586E+0	6.3778100198E-3
1.7597670951E+0	8.1208624309E+0	6.3747053335E-3
1.7661402037E+0	7.9717336224E+0	6.3714941173E-3
1.7725100479E+0	8.2200191688E+0	6.3681764249E-3
1.7788765211E+0	8.8985534681E+0	6.3647523117E-3
1.7852395170E+0	1.0027762674E+1	6.3612218349E-3
1.7915989293E+0	1.1634487406E+1	6.3575850535E-3
1.7979546517E+0	1.3727268285E+1	6.3538420284E-3
1.8043065780E+0	1.6310114959E+1	6.3499928220E-3
1.8106546020E+0	1.9393159830E+1	6.3460374987E-3
1.8169986176E+0	2.2950365029E+1	6.3419761245E-3
1.8233385189E+0	2.6979222298E+1	6.3378087674E-3
1.8296741999E+0	3.1451085465E+1	6.3335354970E-3
1.8360055546E+0	3.6320176979E+1	6.3291563847E-3
1.8423324774E+0	4.1570137301E+1	6.3246715037E-3
1.8486548624E+0	4.7125547896E+1	6.3200809290E-3
1.8549726040E+0	5.2945778216E+1	6.3153847371E-3
1.8612855967E+0	5.8974631471E+1	6.3105830068E-3
1.8675937349E+0	6.5117965305E+1	6.3056758180E-3
1.8738969132E+0	7.1340644704E+1	6.3006632530E-3
1.8801950263E+0	7.7536556529E+1	6.2955453954E-3
1.8864879689E+0	8.3636897177E+1	6.2903223308E-3
1.8927756359E+0	8.9581137689E+1	6.2849941464E-3
1.8990579222E+0	9.5250784300E+1	6.2795609313E-3
1.9053347228E+0	1.0061271523E+2	6.2740227763E-3
1.9116059328E+0	1.0556312526E+2	6.2683797740E-3
1.9178714474E+0	1.1003209882E+2	6.2626320186E-3
1.9241311620E+0	1.1398423490E+2	6.2567796062E-3
1.9303849718E+0	1.1731270127E+2	6.2508226346E-3
1.9366327724E+0	1.2001350649E+2	6.2447612034E-3
1.9428744594E+0	1.2201843360E+2	6.2385954138E-3
1.9491099285E+0	1.2328839252E+2	6.2323253688E-3
1.9553390754E+0	1.2383674251E+2	6.2259511734E-3
1.9615617961E+0	1.2359960271E+2	6.2194729339E-3
1.9677779867E+0	1.2262255238E+2	6.2128907587E-3
1.9739875431E+0	1.2089169914E+2	6.2062047577E-3
1.9801903616E+0	1.1841964998E+2	6.1994150427E-3
1.9863863386E+0	1.1527426118E+2	6.1925217271E-3
1.9925753706E+0	1.1144702308E+2	6.1855249261E-3
1.9987573540E+0	1.0703453559E+2	6.1784247568E-3
2.0049321857E+0	1.0207270767E+2	6.1712213376E-3
2.0110997623E+0	9.6624804194E+1	6.1639147890E-3
2.0172599809E+0	9.0795466092E+1	6.1565052331E-3
2.0234127385E+0	8.4620542741E+1	6.1489927938E-3
2.0295579322E+0	7.8225782716E+1	6.1413775965E-3
2.0356954595E+0	7.1671326682E+1	6.1336597685E-3
2.0418252176E+0	6.5047817048E+1	6.1258394388E-3
2.0479471042E+0	5.8460975158E+1	6.1179167381E-3
2.0540610170E+0	5.1963309254E+1	6.1098917988E-3
2.0601668538E+0	4.5671458339E+1	6.1017647550E-3
2.0662645125E+0	3.9636043904E+1	6.0935357425E-3
2.0723538913E+0	3.3939209342E+1	6.0852048988E-3
2.0784348884E+0	2.8649851278E+1	6.0767723631E-3
2.0845074022E+0	2.3806206474E+1	6.0682382765E-3
2.0905713312E+0	1.9477326692E+1	6.0596027814E-3
2.0966265740E+0	1.5679339591E+1	6.0508660221E-3
2.1026730295E+0	1.2452123167E+1	6.0420281448E-3
2.1087105966E+0	9.8070401464E+0	6.0330892971E-3
2.1147391745E+0	7.7460172513E+0	6.0240496283E-3
2.1207586623E+0	6.2712041757E+0	6.0149092896E-3
2.1267689596E+0	5.3585550030E+0	6.0056684336E-3
2.1327699657E+0	4.9888082535E+0	5.9963272149E-3
2.1387615806E+0	5.1238928102E+0	5.9868857894E-3
2.1447437040E+0	5.7220971706E+0	5.9773443150E-3
2.1507162359E+0	6.7321240635E+0	5.9677029512E-3
2.1566790766E+0	8.1000937994E+0	5.9579618591E-3
2.1626321265E+0	9.7594309341E+0	5.9481212013E-3
2.1685752859E+0	1.1652310838E+1	5.9381811425E-3
2.1745084557E+0	1.3703757512E+1	5.9281418487E-3
2.1804315366E+0	1.5850937870E+1	5.9180034877E-3
2.1863444297E+0	1.8025351890E+1	5.9077662288E-3
2.1922470361E+0	2.0155630067E+1	5.8974302433E-3
2.1981392573E+0	2.2190994627E+1	5.8869957037E-3
2.2040209947E+0	2.4056476209E+1	5.8764627846E-3
2.2098921501E+0	2.5718248602E+1	5.8658316618E-3
2.2157526254E+0	2.7113070086E+1	5.8551025132E-3
2.2216023226E+0	2.8214719629E+1	5.8442755178E-3
2.2274411439E+0	2.8988364060E+1	5.8333508568E-3
2.2332689918E+0	2.9408338056E+1	5.8223287127E-3
2.2390857689E+0	2.9475225552E+1	5.8112092696E-3
2.2448913779E+0	2.9166848744E+1	5.7999927133E-3
2.2506857220E+0	2.8512993534E+1	5.7886792314E-3
2.2564687042E+0	2.7506311140E+1	5.7772690129E-3
2.2622402278E+0	2.6191963669E+1	5.7657622485E-3
2.2680001965E+0	2.4588905972E+1	5.7541591304E-3
2.2737485140E+0	2.2745366293E+1	5.7424598526E-3
2.2794850843E+0	2.0710330311E+1	5.7306646105E-3
2.2852098113E+0	1.8530071010E+1	5.7187736014E-3
2.2909225996E+0	1.6277328297E+1	5.7067870238E-3
2.2966233536E+0	1.3998264512E+1	5.6947050782E-3
2.3023119780E+0	1.1776684364E+1	5.6825279663E-3
2.3079883779E+0	9.6626759166E+0	5.6702558918E-3
2.3136524582E+0	7.7379797781E+0	5.6578890597E-3
2.3193041245E+0	6.0579271891E+0	5.6454276767E-3
2.3249432821E+0	4.6931320152E+0	5.6328719509E-3
2.3305698370E+0	3.7005802811E+0	5.6202220924E-3
2.3361836950E+0	3.1359682120E+0	5.6074783123E-3
2.3417847624E+0	3.0505026987E+0	5.5946408237E-3
2.3473729455E+0	3.4848722774E+0	5.5817098412E-3
2.3529481510E+0	4.4761609414E+0	5.5686855808E-3
2.3585102856E+0	6.0510695096E+0	5.5555682601E-3
2.3640592565E+0	8.2262397749E+0	5.5423580985E-3
2.3695949710E+0	1.1014533446E+1	5.5290553166E-3
2.3751173364E+0	1.4409527047E+1	5.5156601367E-3
2.3806262605E+0	1.8408894387E+1	5.5021727828E-3
2.3861216513E+0	2.2984349414E+1	5.4885934801E-3
2.3916034169E+0	2.8116110891E+1	5.4749224557E-3
2.3970714657E+0	3.3758094260E+1	5.4611599379E-3
2.4025257064E+0	3.9871032199E+1	5.4473061568E-3
2.4079660477E+0	4.6396605894E+1	5.4333613439E-3
2.4133923988E+0	5.3275346288E+1	5.4193257323E-3
2.4188046690E+0	6.0442570525E+1	5.4051995564E-3
2.4242027678E+0	6.7819812497E+1	5.3909830523E-3
2.4295866050E+0	7.5341445600E+1	5.3766764577E-3
2.4349560907E+0	8.2913166928E+1	5.3622800116E-3
2.4403111352E+0	9.0473065776E+1	5.3477939546E-3
2.4456516489E+0	9.7915704593E+1	5.3332185287E-3
2.4509775425E+0	1.0518678017E+2	5.3185539776E-3
2.4562887272E+0	1.1217531183E+2	5.3038005463E-3
2.4615851141E+0	1.1883784822E+2	5.2889584814E-3
2.4668666147E+0	1.2506365479E+2	5.2740280309E-3
2.4721331408E+0	1.3082284298E+2	5.2590094442E-3
2.4773846043E+0	1.3601031968E+2	5.2439029725E-3
2.4826209175E+0	1.4061197237E+2	5.2287088681E-3
2.4878419929E+0	1.4453292951E+2	5.2134273849E-3
2.4930477432E+0	1.4777651315E+2	5.1980587783E-3
2.4982380815E+0	1.5026160445E+2	5.1826033052E-3
2.5034129210E+0	1.5200993445E+2	5.1670612238E-3
2.5085721752E+0	1.5295655729E+2	5.1514327939E-3
2.5137157579E+0	1.5314173659E+2	5.1357182766E-3
2.5188435831E+0	1.5251808802E+2	5.1199179345E-3
2.5239555652E+0	1.5114351414E+2	5.1040320318E-3
2.5290516187E+0	1.4898873003E+2	5.0880608338E-3
2.5341316585E+0	1.4612723628E+2	5.0720046074E-3
2.5391955997E+0	1.4254777222E+2	5.0558636210E-3
2.5442433576E+0	1.3833619208E+2	5.0396381444E-3
2.5492748479E+0	1.3349880965E+2	5.0233284486E-3
2.5542899865E+0	1.2812944600E+2	5.0069348063E-3
2.5592886896E+0	1.2225133654E+2	4.9904574913E-3
2.5642708737E+0	1.1596096909E+2	4.9738967791E-3
2.5692364555E+0	1.0929767399E+2	4.9572529464E-3
2.5741853520E+0	1.0235483834E+2	4.9405262713E-3
2.5791174805E+0	9.5186710315E+1	4.9237170334E-3
2.5840327586E+0	8.7878024786E+1	4.9068255135E-3
2.5889311042E+0	8.0496021617E+1	4.8898519940E-3
2.5938124354E+0	7.3112319802E+1	4.8727967585E-3
2.5986766706E+0	6.5803935099E+1	4.8556600920E-3
2.6035237285E+0	5.8626888611E+1	4.8384422809E-3
2.6083535282E+0	5.1663001035E+1	4.8211436130E-3
2.6131659889E+0	4.4952806533E+1	4.8037643772E-3
2.6179610302E+0	3.8576157918E+1	4.7863048641E-3
2.6227385719E+0	3.2560748130E+1	4.7687653653E-3
2.6274985343E+0	2.6976619716E+1	4.7511461741E-3
2.6322408378E+0	2.1842781729E+1	4.7334475849E-3
2.6369654032E+0	1.7212206943E+1	4.7156698934E-3
2.6416721513E+0	1.3098978145E+1	4.6978133967E-3
2.6463610038E+0	9.5345246870E+0	4.6798783932E-3
2.6510318821E+0	6.5292602715E+0	4.6618651826E-3
2.6556847082E+0	4.0931181527E+0	4.6437740661E-3
2.6603194043E+0	2.2305762653E+0	4.6256053458E-3
2.6649358931E+0	9.3455900857E-1	4.6073593254E-3
2.6695340973E+0	1.9907586779E-1	4.5890363098E-3
2.6741139402E+0	6.3260151917E-3	4.5706366053E-3
2.6786753451E+0	3.3658817587E-1	4.5521605193E-3
2.6832182358E+0	1.1652309461E+0	4.5336083606E-3
2.6877425365E+0	2.4605140629E+0	4.5149804392E-3
2.6922481716E+0	4.1898303478E+0	4.4962770664E-3
2.6967350656E+0	6.3164179669E+0	4.4774985548E-3
2.7012031437E+0	8.7956971573E+0	4.4586452181E-3
2.7056523312E+0	1.1593039496E+1	4.4397173715E-3
2.7100825537E+0	1.4651907438E+1	4.4207153312E-3
2.7144937373E+0	1.7939632808E+1	4.4016394148E-3
2.7188858081E+0	2.1397271452E+1	4.3824899412E-3
2.7232586927E+0	2.4984853505E+1	4.3632672302E-3
2.7276123182E+0	2.8656058690E+1	4.3439716031E-3
2.7319466117E+0	3.2355010644E+1	4.3246033825E-3
2.7362615009E+0	3.6054346824E+1	4.3051628919E-3
2.7405569135E+0	3.9688979884E+1	4.2856504563E-3
2.7448327779E+0	4.3237635951E+1	4.2660664016E-3
2.7490890226E+0	4.6649240140E+1	4.2464110553E-3
2.7533255764E+0	4.9887231061E+1	4.2266847457E-3
2.7575423685E+0	5.2932246892E+1	4.2068878026E-3
2.7617393285E+0	5.5730430303E+1	4.1870205567E-3
2.7659163863E+0	5.8281598980E+1	4.1670833400E-3
2.7700734720E+0	6.0543090426E+1	4.1470764858E-3
2.7742105162E+0	6.2500962143E+1	4.1270003283E-3
2.7783274497E+0	6.4151329462E+1	4.1068552032E-3
2.7824242037E+0	6.5457619928E+1	4.0866414469E-3
2.7865007098E+0	6.6440088417E+1	4.0663593974E-3
2.7905568999E+0	6.7074446262E+1	4.0460093936E-3
2.7945927061E+0	6.7362829723E+1	4.0255917754E-3
2.7986080610E+0	6.7323875134E+1	4.0051068843E-3
2.8026028975E+0	6.6936374801E+1	3.9845550624E-3
2.8065771489E+0	6.6235523452E+1	3.9639366533E-3
2.8105307487E+0	6.5221934434E+1	3.9432520014E-3
2.8144636309E+0	6.3902301095E+1	3.9225014525E-3
2.8183757298E+0	6.2317928421E+1	3.9016853533E-3
2.8222669799E+0	6.0462480780E+1	3.8808040517E-3
2.8261373163E+0	5.8371750793E+1	3.8598578967E-3
2.8299866742E+0	5.6075021836E+1	3.8388472382E-3
2.8338149894E+0	5.3575740738E+1	3.8177724274E-3
2.8376221978E+0	5.0923745522E+1	3.7966338166E-3
2.8414082359E+0	4.8134885382E+1	3.7754317588E-3
2.8451730403E+0	4.5228933977E+1	3.7541666086E-3
2.8489165482E+0	4.2254602883E+1	3.7328387211E-3
2.8526386969E+0	3.9220976687E+1	3.7114484529E-3
2.8563394244E+0	3.6160317875E+1	3.6899961614E-3
2.8600186687E+0	3.3112439301E+1	3.6684822051E-3
2.8636763684E+0	3.0085442021E+1	3.6469069436E-3
2.8673124623E+0	2.7116332084E+1	3.6252707373E-3
2.8709268897E+0	2.4234636723E+1	3.6035739479E-3
2.8745195901E+0	2.1449344149E+1	3.5818169379E-3
2.8780905036E+0	1.8795495694E+1	3.5600000709E-3
2.8816395704E+0	1.6293802271E+1	3.5381237115E-3
2.8851667313E+0	1.3953147624E+1	3.5161882254E-3
2.8886719273E+0	1.1802503008E+1	3.4941939790E-3
2.8921550998E+0	9.8556337106E+0	3.4721413399E-3
2.8956161906E+0	8.1194290157E+0	3.4500306767E-3
2.8990551419E+0	6.6148804247E+0	3.4278623588E-3
2.9024718962E+0	5.3501655037E+0	3.4056367567E-3
2.9058663965E+0	4.3287440456E+0	3.3833542419E-3
2.9092385859E+0	3.5630703634E+0	3.3610151867E-3
2.9125884081E+0	3.0564670320E+0	3.3386199643E-3
2.9159158072E+0	2.8085318663E+0	3.3161689492E-3
2.9192207275E+0	2.8234492364E+0	3.2936625164E-3
2.9225031139E+0	3.0998468646E+0	3.2711010421E-3
2.9257629114E+0	3.6339678814E+0	3.2484849032E-3
2.9290000656E+0	4.4227746336E+0	3.2258144779E-3
2.9322145224E+0	5.4598502505E+0	3.2030901448E-3
2.9354062280E+0	6.7389564709E+0	3.1803122838E-3
2.9385751292E+0	8.2519173983E+0	3.1574812755E-3
2.9417211730E+0	9.9867710867E+0	3.1345975014E-3
2.9448443068E+0	1.1935029252E+1	3.1116613440E-3
2.9479444784E+0	1.4086480755E+1	3.0886731866E-3
2.9510216360E+0	1.6424041322E+1	3.0656334132E-3
2.9540757281E+0	1.8935664407E+1	3.0425424091E-3
2.9571067038E+0	2.1612040385E+1	3.0194005599E-3
2.9601145124E+0	2.4433851947E+1	2.9962082525E-3
2.9630991036E+0	2.7383263632E+1	2.9729658744E-3
2.9660604276E+0	3.0452013671E+1	2.9496738141E-3
2.9689984348E+0	3.3624009401E+1	2.9263324607E-3
2.9719130762E+0	3.6875833713E+1	2.9029422044E-3
2.9748043031E+0	4.0195880576E+1	2.8795034361E-3
2.9776720671E+0	4.3575241369E+1	2.8560165473E-3
2.9805163203E+0	4.6991351047E+1	2.8324819307E-3
2.9833370151E+0	5.0424283166E+1	2.8088999795E-3
2.9861341046E+0	5.3868187865E+1	2.7852710878E-3
2.9889075418E+0	5.7310776955E+1	2.7615956505E-3
2.9916572805E+0	6.0727847264E+1	2.7378740632E-3
2.9943832747E+0	6.4105856711E+1	2.7141067224E-3
2.9970854788E+0	6.7442236506E+1	2.6902940251E-3
2.9997638477E+0	7.0722689026E+1	2.6664363695E-3
3.0024183367E+0	7.3925016842E+1	2.6425341541E-3
3.0050489013E+0	7.7041243332E+1	2.6185877784E-3
3.0076554977E+0	8.0071259963E+1	2.5945976426E-3
3.0102380822E+0	8.3001667519E+1	2.5705641475E-3
3.0127966116E+0	8.5813322143E+1	2.5464876949E-3
3.0153310434E+0	8.8501768189E+1	2.5223686871E-3
3.0178413350E+0	9.1069886712E+1	2.4982075270E-3
3.0203274445E+0	9.3507970329E+1	2.4740046186E-3
3.0227893304E+0	9.5799697095E+1	2.4497603662E-3
3.0252269516E+0	9.7941717867E+1	2.4254751751E-3
3.0276402673E+0	9.9940144845E+1	2.4011494510E-3
3.0300292371E+0	1.0179142467E+2	2.3767836004E-3
3.0323938212E+0	1.0348240223E+2	2.3523780306E-3
3.0347339801E+0	1.0500834030E+2	2.3279331494E-3
3.0370496746E+0	1.0637688811E+2	2.3034493653E-3
3.0393408660E+0	1.0759218166E+2	2.2789270875E-3
3.0416075160E+0	1.0864663218E+2	2.2543667257E-3
3.0438495869E+0	1.0953311899E+2	2.2297686905E-3
3.0460670410E+0	1.1025665419E+2	2.2051333928E-3
3.0482598414E+0	1.1082732928E+2	2.1804612443E-3
3.0504279513E+0	1.1124678423E+2	2.1557526574E-3
3.0525713347E+0	1.1150896056E+2	2.1310080450E-3
3.0546899556E+0	1.1161274622E+2	2.1062278206E-3
3.0567837786E+0	1.1156721691E+2	2.0814123983E-3
3.0588527688E+0	1.1138273437E+2	2.0565621928E-3
3.0608968915E+0	1.1106148828E+2	2.0316776194E-3
3.0629161127E+0	1.1060025107E+2	2.0067590939E-3
3.0649103985E+0	1.1000041994E+2	1.9818070327E-3
3.0668797157E+0	1.0927157562E+2	1.9568218529E-3
3.0688240313E+0	1.0842472767E+2	1.9318039720E-3
3.0707433129E+0	1.0746469206E+2	1.9067538080E-3
3.0726375283E+0	1.0639085102E+2	1.8816717796E-3
3.0745066460E+0	1.0520438326E+2	1.8565583060E-3
3.0763506346E+0	1.0391284521E+2	1.8314138067E-3
3.0781694634E+0	1.0252726148E+2	1.8062387021E-3
3.0799631019E+0	1.0105583103E+2	1.7810334128E-3
3.0817315203E+0	9.9501379997E+1	1.7557983600E-3
3.0834746889E+0	9.7864688480E+1	1.7305339655E-3
3.0851925786E+0	9.6149500256E+1	1.7052406515E-3
3.0868851607E+0	9.4364015879E+1	1.6799188405E-3
3.0885524069E+0	9.2517916558E+1	1.6545689559E-3
3.0901942894E+0	9.0618338894E+1	1.6291914212E-3
3.0918107807E+0	8.8668604942E+1	1.6037866605E-3
3.0934018538E+0	8.6670398185E+1	1.5783550984E-3
3.0949674821E+0	8.4626968277E+1	1.5528971598E-3
3.0965076394E+0	8.2544515107E+1	1.5274132703E-3
3.0980223001E+0	8.0430916313E+1	1.5019038556E-3
3.0995114388E+0	7.8293233307E+1	1.4763693421E-3
3.1009750306E+0	7.6136100609E+1	1.4508101565E-3
3.1024130510E+0	7.3962031862E+1	1.4252267258E-3
3.1038254761E+0	7.1773080354E+1	1.3996194778E-3
3.1052122822E+0	6.9572453787E+1	1.3739888402E-3
3.1065734461E+0	6.7365003299E+1	1.3483352414E-3
3.1079089451E+0	6.5156477623E+1	1.3226591101E-3
3.1092187570E+0	6.2952247044E+1	1.2969608754E-3
3.1105028597E+0	6.0756376142E+1	1.2712409668E-3
3.1117612318E+0	5.8571519757E+1	1.2454998140E-3
3.1129938524E+0	5.6399533380E+1	1.2197378472E-3
3.1142007007E+0	5.4242316080E+1	1.1939554970E-3
3.1153817567E+0	5.2102392589E+1	1.1681531941E-3
3.1165370006E+0	4.9982995491E+1	1.1423313699E-3
3.1176664131E+0	4.7887718430E+1	1.1164904558E-3
3.1187699753E+0	4.5820002037E+1	1.0906308836E-3
3.1198476688E+0	4.3782726292E+1	1.0647530855E-3
3.1208994755E+0	4.1778064328E+1	1.0388574939E-3
3.1219253780E+0	3.9807598344E+1	1.0129445417E-3
3.1229253590E+0	3.7872588618E+1	9.8701466182E-4
3.1238994018E+0	3.5974254788E+1	9.6106828758E-4
3.1248474902E+0	3.4113962938E+1	9.3510585261E-4
3.1257696083E+0	3.2293277257E+1	9.0912779076E-4
3.1266657407E+0	3.0513895614E+1	8.8313453619E-4
3.1275358724E+0	2.8777523034E+1	8.5712652325E-4
3.1283799890E+0	2.7085741804E+1	8.3110418659E-4
3.1291980762E+0	2.5439920346E+1	8.0506796108E-4
3.1299901204E+0	2.3841178068E+1	7.7901828182E-4
3.1307561084E+0	2.2290401432E+1	7.5295558414E-4
3.1314960274E+0	2.0788293256E+1	7.2688030358E-4
3.1322098650E+0	1.9335433925E+1	7.0079287589E-4
3.1328976092E+0	1.7932336908E+1	6.7469373705E-4
3.1335592487E+0	1.6579488232E+1	6.4858332323E-4
3.1341947723E+0	1.5277366914E+1	6.2246207073E-4
3.1348041694E+0	1.4026448878E+1	5.9633041614E-4
3.1353874298E+0	1.2827199714E+1	5.7018879612E-4
3.1359445438E+0	1.1680062261E+1	5.4403764760E-4
3.1364755020E+0	1.0585443925E+1	5.1787740760E-4
3.1369802957E+0	9.5437069501E+0	4.9170851331E-4
3.1374589163E+0	8.5551630932E+0	4.6553140213E-4
3.1379113559E+0	7.6200727429E+0	4.3934651156E-4
3.1383376069E+0	6.7386476709E+0	4.1315427928E-4
3.1387376622E+0	5.9110562154E+0	3.8695514312E-4
3.1391115150E+0	5.1374296981E+0	3.6074954110E-4
3.1394591592E+0	4.4178690842E+0	3.3453791144E-4
3.1397805890E+0	3.7524512049E+0	3.0832069259E-4
3.1400757989E+0	3.1412341526E+0	2.8209832342E-4
3.1403447841E+0	2.5842617072E+0	2.5587124334E-4
3.1405875400E+0	2.0815668153E+0	2.2963989267E-4
3.1408040626E+0	1.6331742409E+0	2.0340471372E-4
3.1409943483E+0	1.2391025445E+0	1.7716615272E-4
3.1411583939E+0	8.9936554354E-1	1.5092466531E-4
3.1412961968E+0	6.1397337763E-1	1.2468073282E-4
3.1414077547E+0	3.8293323660E-1	9.8434919423E-5
3.1414930663E+0	2.0624961731E-1	7.2188137769E-5
3.1415521316E+0	8.3922799094E-2	4.5943520243E-5
3.1415849628E+0	1.5927888485E-2	1.9736940383E-5