# Differential cross section		
# Author: P. Swaczyna	Princeton University	(swaczyna@princeton.edu)
# Date: 	Tue 3 Nov 2020 16:42:29	
# 		
# Elastic collision: H^+ + He^0 -> H^+ + He^0		
# 		
# Red. mass: 	7.4962491838E+8	 eV/c^2
# CM energy: 	7.9432823472E+2	 eV
# Rel speed: 	4.3642909290E+7	 cm/s
# Tot sigma: 	2.3668649325E+1	 a.u.
# Int sigma: 	2.3669005330E+1	 a.u.
# 		
# Columns:		
# the <- scattering angle (rad)		
# dcs <- dsigma/dOmega*2*pi*sin(the) (a.u. = 2.8002852056E-17 cm^2)		
# wei <- weight for cross section integration (approx. width of angle bin)		
# 		
# the	dcs	wei
7.6907532846E-6	1.0634805945E+2	1.9736940383E-5
4.0521979771E-5	5.5792035035E+2	4.5943520243E-5
9.9587300392E-5	1.3424530303E+3	7.2188137769E-5
1.8489884726E-4	2.3704427113E+3	9.8434919423E-5
2.9645680168E-4	3.5356459055E+3	1.2468073282E-4
4.3425968311E-4	4.7599969494E+3	1.5092466531E-4
5.9830531657E-4	5.8802118842E+3	1.7716615272E-4
7.8859101285E-4	6.8038860536E+3	2.0340471372E-4
1.0051136166E-3	7.3952446012E+3	2.2963989267E-4
1.2478695220E-3	7.5900195668E+3	2.5587124334E-4
1.5168546797E-3	7.3468552280E+3	2.8209832342E-4
1.8120645986E-3	6.6801815454E+3	3.0832069259E-4
2.1334943481E-3	5.6710560083E+3	3.3453791144E-4
2.4811385584E-3	4.4555750789E+3	3.6074954110E-4
2.8549914211E-3	3.2027226573E+3	3.8695514312E-4
3.2550466893E-3	2.0804580807E+3	4.1315427928E-4
3.6812976783E-3	1.2168477129E+3	4.3934651156E-4
4.1337372652E-3	6.7027221565E+2	4.6553140213E-4
4.6123578895E-3	4.2409221045E+2	4.9170851331E-4
5.1171515529E-3	4.0115858726E+2	5.1787740760E-4
5.6481098199E-3	4.9727614853E+2	5.4403764760E-4
6.2052238176E-3	6.1353503930E+2	5.7018879612E-4
6.7884842360E-3	6.8161667381E+2	5.9633041614E-4
7.3978813281E-3	6.7247542739E+2	6.2246207073E-4
8.0334049101E-3	5.9039687412E+2	6.4858332323E-4
8.6950443616E-3	4.6117822120E+2	6.7469373705E-4
9.3827886258E-3	3.1834870866E+2	7.0079287589E-4
1.0096626210E-2	1.9168658616E+2	7.2688030358E-4
1.0836545184E-2	1.0009971917E+2	7.5295558414E-4
1.1602533184E-2	4.9314047899E+1	7.7901828182E-4
1.2394577408E-2	3.3954911615E+1	8.0506796108E-4
1.3212664621E-2	4.1911913371E+1	8.3110418659E-4
1.4056781152E-2	5.9435278285E+1	8.5712652325E-4
1.4926912893E-2	7.5635526141E+1	8.8313453619E-4
1.5823045305E-2	8.4449569102E+1	9.0912779076E-4
1.6745163410E-2	8.4727317322E+1	9.3510585261E-4
1.7693251801E-2	7.8641253881E+1	9.6106828758E-4
1.8667294632E-2	6.9653480137E+1	9.8701466182E-4
1.9667275626E-2	6.0824806539E+1	1.0129445417E-3
2.0693178073E-2	5.3919945805E+1	1.0388574939E-3
2.1744984827E-2	4.9339019908E+1	1.0647530855E-3
2.2822678313E-2	4.6586999469E+1	1.0906308836E-3
2.3926240519E-2	4.4839442629E+1	1.1164904558E-3
2.5055653005E-2	4.3319506892E+1	1.1423313699E-3
2.6210896896E-2	4.1671387399E+1	1.1681531941E-3
2.7391952886E-2	3.9772551726E+1	1.1939554970E-3
2.8598801239E-2	3.7735132028E+1	1.2197378472E-3
2.9831421786E-2	3.5684613371E+1	1.2454998140E-3
3.1089793929E-2	3.3742234634E+1	1.2712409668E-3
3.2373896638E-2	3.1952584872E+1	1.2969608754E-3
3.3683708455E-2	3.0313916346E+1	1.3226591101E-3
3.5019207490E-2	2.8802593725E+1	1.3483352414E-3
3.6380371427E-2	2.7389844815E+1	1.3739888402E-3
3.7767177517E-2	2.6051484359E+1	1.3996194778E-3
3.9179602586E-2	2.4780661613E+1	1.4252267258E-3
4.0617623030E-2	2.3587534927E+1	1.4508101565E-3
4.2081214817E-2	2.2449835907E+1	1.4763693421E-3
4.3570353490E-2	2.1375942164E+1	1.5019038556E-3
4.5085014162E-2	2.0360951777E+1	1.5274132703E-3
4.6625171522E-2	1.9403128303E+1	1.5528971598E-3
4.8190799831E-2	1.8496836384E+1	1.5783550984E-3
4.9781872927E-2	1.7640705945E+1	1.6037866605E-3
5.1398364219E-2	1.6829276566E+1	1.6291914212E-3
5.3040246694E-2	1.6060533434E+1	1.6545689559E-3
5.4707492914E-2	1.5332847040E+1	1.6799188405E-3
5.6400075017E-2	1.4643207857E+1	1.7052406515E-3
5.8117964718E-2	1.3987066003E+1	1.7305339655E-3
5.9861133308E-2	1.3363596560E+1	1.7557983600E-3
6.1629551657E-2	1.2777089542E+1	1.7810334128E-3
6.3423190212E-2	1.2217684013E+1	1.8062387021E-3
6.5242019000E-2	1.1686452306E+1	1.8314138067E-3
6.7086007624E-2	1.1182182705E+1	1.8565583060E-3
6.8955125270E-2	1.0702407287E+1	1.8816717796E-3
7.0849340702E-2	1.0247568075E+1	1.9067538080E-3
7.2768622264E-2	9.8147232069E+0	1.9318039720E-3
7.4712937885E-2	9.4018019555E+0	1.9568218529E-3
7.6682255070E-2	9.0088408014E+0	1.9818070327E-3
7.8676540910E-2	8.6352612850E+0	2.0067590939E-3
8.0695762079E-2	8.2798340963E+0	2.0316776194E-3
8.2739884832E-2	7.9405221765E+0	2.0565621928E-3
8.4808875009E-2	7.6158261380E+0	2.0814123983E-3
8.6902698034E-2	7.3075640676E+0	2.1062278206E-3
8.9021318917E-2	7.0139954782E+0	2.1310080450E-3
9.1164702253E-2	6.7332111296E+0	2.1557526574E-3
9.3332812224E-2	6.4650198571E+0	2.1804612443E-3
9.5525612596E-2	6.2097501928E+0	2.2051333928E-3
9.7743066726E-2	5.9659243899E+0	2.2297686905E-3
9.9985137556E-2	5.7316582398E+0	2.2543667257E-3
1.0225178762E-1	5.5082280640E+0	2.2789270875E-3
1.0454297904E-1	5.2951490325E+0	2.3034493653E-3
1.0685867352E-1	5.0914020261E+0	2.3279331494E-3
1.0919883237E-1	4.8965016286E+0	2.3523780306E-3
1.1156341648E-1	4.7103196391E+0	2.3767836004E-3
1.1395238633E-1	4.5323054920E+0	2.4011494510E-3
1.1636570200E-1	4.3612946282E+0	2.4254751751E-3
1.1880332317E-1	4.1976371428E+0	2.4497603662E-3
1.2126520909E-1	4.0407014437E+0	2.4740046186E-3
1.2375131862E-1	3.8910732501E+0	2.4982075270E-3
1.2626161023E-1	3.7464890359E+0	2.5223686871E-3
1.2879604195E-1	3.6091383200E+0	2.5464876949E-3
1.3135457143E-1	3.4773022051E+0	2.5705641475E-3
1.3393715592E-1	3.3500313567E+0	2.5945976426E-3
1.3654375226E-1	3.2281303156E+0	2.6185877784E-3
1.3917431689E-1	3.1114707255E+0	2.6425341541E-3
1.4182880585E-1	2.9996447980E+0	2.6664363695E-3
1.4450717478E-1	2.8924077756E+0	2.6902940251E-3
1.4720937892E-1	2.7894705854E+0	2.7141067224E-3
1.4993537310E-1	2.6904304213E+0	2.7378740632E-3
1.5268511179E-1	2.5954050159E+0	2.7615956505E-3
1.5545854902E-1	2.5040242043E+0	2.7852710878E-3
1.5825563845E-1	2.4162203372E+0	2.8088999795E-3
1.6107633333E-1	2.3320315950E+0	2.8324819307E-3
1.6392058653E-1	2.2510892334E+0	2.8560165473E-3
1.6678835052E-1	2.1727541261E+0	2.8795034361E-3
1.6967957737E-1	2.0982822729E+0	2.9029422044E-3
1.7259421876E-1	2.0265046442E+0	2.9263324607E-3
1.7553222599E-1	1.9571704685E+0	2.9496738141E-3
1.7849354996E-1	1.8904769447E+0	2.9729658744E-3
1.8147814117E-1	1.8263800567E+0	2.9962082525E-3
1.8448594977E-1	1.7647073957E+0	3.0194005599E-3
1.8751692548E-1	1.7053100276E+0	3.0425424091E-3
1.9057101764E-1	1.6482136021E+0	3.0656334132E-3
1.9364817522E-1	1.5932810531E+0	3.0886731866E-3
1.9674834681E-1	1.5401137555E+0	3.1116613440E-3
1.9987148058E-1	1.4894471845E+0	3.1345975014E-3
2.0301752435E-1	1.4400137095E+0	3.1574812755E-3
2.0618642554E-1	1.3931193519E+0	3.1803122838E-3
2.0937813120E-1	1.3472175448E+0	3.2030901448E-3
2.1259258799E-1	1.3033392558E+0	3.2258144779E-3
2.1582974219E-1	1.2612688019E+0	3.2484849032E-3
2.1908953970E-1	1.2205189249E+0	3.2711010421E-3
2.2237192605E-1	1.1811609569E+0	3.2936625164E-3
2.2567684639E-1	1.1432381358E+0	3.3161689492E-3
2.2900424548E-1	1.1066835357E+0	3.3386199643E-3
2.3235406772E-1	1.0714197976E+0	3.3610151867E-3
2.3572625713E-1	1.0374482057E+0	3.3833542419E-3
2.3912075735E-1	1.0047550703E+0	3.4056367567E-3
2.4253751167E-1	9.7302477433E-1	3.4278623588E-3
2.4597646298E-1	9.4252091753E-1	3.4500306767E-3
2.4943755380E-1	9.1319640055E-1	3.4721413399E-3
2.5292072631E-1	8.8465609775E-1	3.4941939790E-3
2.5642592230E-1	8.5728441755E-1	3.5161882254E-3
2.5995308318E-1	8.3094642831E-1	3.5381237115E-3
2.6350215001E-1	8.0520973642E-1	3.5600000709E-3
2.6707306349E-1	7.8051975203E-1	3.5818169379E-3
2.7066576394E-1	7.5676628971E-1	3.6035739479E-3
2.7428019131E-1	7.3378805193E-1	3.6252707373E-3
2.7791628522E-1	7.1155888120E-1	3.6469069436E-3
2.8157398488E-1	6.9007950836E-1	3.6684822051E-3
2.8525322919E-1	6.6934893592E-1	3.6899961614E-3
2.8895395665E-1	6.4933624957E-1	3.7114484529E-3
2.9267610542E-1	6.2992547304E-1	3.7328387211E-3
2.9641961330E-1	6.1115647429E-1	3.7541666086E-3
3.0018441773E-1	5.9319949240E-1	3.7754317588E-3
3.0397045579E-1	5.7556267262E-1	3.7966338166E-3
3.0777766421E-1	5.5879423066E-1	3.8177724274E-3
3.1160597938E-1	5.4228719407E-1	3.8388472382E-3
3.1545533730E-1	5.2663553973E-1	3.8598578967E-3
3.1932567367E-1	5.1128854678E-1	3.8808040517E-3
3.2321692379E-1	4.9641657998E-1	3.9016853533E-3
3.2712902264E-1	4.8213968992E-1	3.9225014525E-3
3.3106190484E-1	4.6833427071E-1	3.9432520014E-3
3.3501550468E-1	4.5494884412E-1	3.9639366533E-3
3.3898975607E-1	4.4198329734E-1	3.9845550624E-3
3.4298459261E-1	4.2943914463E-1	4.0051068843E-3
3.4699994753E-1	4.1731474971E-1	4.0255917754E-3
3.5103575373E-1	4.0557952777E-1	4.0460093936E-3
3.5509194378E-1	3.9416190789E-1	4.0663593974E-3
3.5916844988E-1	3.8313556603E-1	4.0866414469E-3
3.6326520391E-1	3.7254966235E-1	4.1068552032E-3
3.6738213741E-1	3.6211467676E-1	4.1270003283E-3
3.7151918157E-1	3.5222392269E-1	4.1470764858E-3
3.7567626728E-1	3.4242055435E-1	4.1670833400E-3
3.7985332504E-1	3.3313238220E-1	4.1870205567E-3
3.8405028507E-1	3.2402056552E-1	4.2068878026E-3
3.8826707721E-1	3.1514526743E-1	4.2266847457E-3
3.9250363101E-1	3.0662934173E-1	4.2464110553E-3
3.9675987567E-1	2.9838805331E-1	4.2660664016E-3
4.0103574005E-1	2.9037852676E-1	4.2856504563E-3
4.0533115271E-1	2.8260246766E-1	4.3051628919E-3
4.0964604185E-1	2.7505970556E-1	4.3246033825E-3
4.1398033538E-1	2.6774768782E-1	4.3439716031E-3
4.1833396086E-1	2.6066823308E-1	4.3632672302E-3
4.2270684554E-1	2.5380382364E-1	4.3824899412E-3
4.2709891633E-1	2.4711132742E-1	4.4016394148E-3
4.3151009985E-1	2.4065143972E-1	4.4207153312E-3
4.3594032237E-1	2.3442502777E-1	4.4397173715E-3
4.4038950986E-1	2.2827708359E-1	4.4586452181E-3
4.4485758797E-1	2.2245151154E-1	4.4774985548E-3
4.4934448203E-1	2.1665206299E-1	4.4962770664E-3
4.5385011706E-1	2.1115060647E-1	4.5149804392E-3
4.5837441776E-1	2.0575853486E-1	4.5336083606E-3
4.6291730852E-1	2.0047324756E-1	4.5521605193E-3
4.6747871344E-1	1.9540731436E-1	4.5706366053E-3
4.7205855627E-1	1.9050269548E-1	4.5890363098E-3
4.7665676049E-1	1.8572024106E-1	4.6073593254E-3
4.8127324926E-1	1.8106484444E-1	4.6256053458E-3
4.8590794542E-1	1.7654216258E-1	4.6437740661E-3
4.9056077152E-1	1.7214978623E-1	4.6618651826E-3
4.9523164982E-1	1.6788462584E-1	4.6798783932E-3
4.9992050224E-1	1.6374861633E-1	4.6978133967E-3
5.0462725044E-1	1.5973477366E-1	4.7156698934E-3
5.0935181576E-1	1.5581491711E-1	4.7334475849E-3
5.1409411924E-1	1.5201622195E-1	4.7511461741E-3
5.1885408164E-1	1.4835319557E-1	4.7687653653E-3
5.2363162341E-1	1.4472716359E-1	4.7863048641E-3
5.2842666471E-1	1.4128681955E-1	4.8037643772E-3
5.3323912540E-1	1.3785210105E-1	4.8211436130E-3
5.3806892508E-1	1.3460594954E-1	4.8384422809E-3
5.4291598301E-1	1.3137942927E-1	4.8556600920E-3
5.4778021821E-1	1.2824676389E-1	4.8727967585E-3
5.5266154939E-1	1.2525219941E-1	4.8898519940E-3
5.5755989496E-1	1.2231850223E-1	4.9068255135E-3
5.6247517308E-1	1.1944238026E-1	4.9237170334E-3
5.6740730160E-1	1.1664580324E-1	4.9405262713E-3
5.7235619810E-1	1.1393224635E-1	4.9572529464E-3
5.7732177988E-1	1.1129669808E-1	4.9738967791E-3
5.8230396395E-1	1.0873466427E-1	4.9904574913E-3
5.8730266706E-1	1.0624169305E-1	5.0069348063E-3
5.9231780568E-1	1.0381230465E-1	5.0233284486E-3
5.9734929598E-1	1.0144608700E-1	5.0396381444E-3
6.0239705389E-1	9.9148999350E-2	5.0558636210E-3
6.0746099506E-1	9.6906477381E-2	5.0720046074E-3
6.1254103485E-1	9.4714627431E-2	5.0880608338E-3
6.1763708838E-1	9.2608564343E-2	5.1040320318E-3
6.2274907048E-1	9.0519957724E-2	5.1199179345E-3
6.2787689573E-1	8.8528491807E-2	5.1357182766E-3
6.3302047843E-1	8.6543367148E-2	5.1514327939E-3
6.3817973262E-1	8.4663690199E-2	5.1670612238E-3
6.4335457209E-1	8.2777277555E-2	5.1826033052E-3
6.4854491036E-1	8.0966840585E-2	5.1980587783E-3
6.5375066070E-1	7.9223980952E-2	5.2134273849E-3
6.5897173609E-1	7.7494954586E-2	5.2287088681E-3
6.6420804930E-1	7.5801836419E-2	5.2439029725E-3
6.6945951283E-1	7.4163382978E-2	5.2590094442E-3
6.7472603890E-1	7.2573894084E-2	5.2740280309E-3
6.8000753951E-1	7.1025204152E-2	5.2889584814E-3
6.8530392640E-1	6.9514105613E-2	5.3038005463E-3
6.9061511106E-1	6.8040105190E-2	5.3185539776E-3
6.9594100473E-1	6.6603918671E-2	5.3332185287E-3
7.0128151841E-1	6.5205922433E-2	5.3477939546E-3
7.0663656285E-1	6.3842549221E-2	5.3622800116E-3
7.1200604856E-1	6.2508082765E-2	5.3766764577E-3
7.1738988581E-1	6.1206191252E-2	5.3909830523E-3
7.2278798463E-1	5.9939470165E-2	5.4051995564E-3
7.2820025482E-1	5.8697414077E-2	5.4193257323E-3
7.3362660591E-1	5.7499038794E-2	5.4333613439E-3
7.3906694724E-1	5.6317330185E-2	5.4473061568E-3
7.4452118788E-1	5.5170619526E-2	5.4611599379E-3
7.4998923669E-1	5.4046798584E-2	5.4749224557E-3
7.5547100229E-1	5.2959840840E-2	5.4885934801E-3
7.6096639308E-1	5.1877764326E-2	5.5021727828E-3
7.6647531721E-1	5.0855065384E-2	5.5156601367E-3
7.7199768263E-1	4.9830682725E-2	5.5290553166E-3
7.7753339704E-1	4.8825932969E-2	5.5423580985E-3
7.8308236795E-1	4.7867152958E-2	5.5555682601E-3
7.8864450262E-1	4.6930902136E-2	5.5686855808E-3
7.9421970809E-1	4.6005437199E-2	5.5817098412E-3
7.9980789121E-1	4.5097323193E-2	5.5946408237E-3
8.0540895857E-1	4.4212075561E-2	5.6074783123E-3
8.1102281659E-1	4.3349982273E-2	5.6202220924E-3
8.1664937145E-1	4.2509826827E-2	5.6328719509E-3
8.2228852912E-1	4.1690843315E-2	5.6454276767E-3
8.2794019536E-1	4.0892087651E-2	5.6578890597E-3
8.3360427572E-1	4.0111398917E-2	5.6702558918E-3
8.3928067556E-1	3.9345771377E-2	5.6825279663E-3
8.4496930000E-1	3.8594332640E-2	5.6947050782E-3
8.5067005399E-1	3.7860826079E-2	5.7067870238E-3
8.5638284226E-1	3.7147122264E-2	5.7187736014E-3
8.6210756934E-1	3.6448806227E-2	5.7306646105E-3
8.6784413956E-1	3.5768849481E-2	5.7424598526E-3
8.7359245705E-1	3.5103010623E-2	5.7541591304E-3
8.7935242576E-1	3.4446654243E-2	5.7657622485E-3
8.8512394943E-1	3.3815547315E-2	5.7772690129E-3
8.9090693161E-1	3.3183065690E-2	5.7886792314E-3
8.9670127565E-1	3.2583775189E-2	5.7999927133E-3
9.0250688473E-1	3.1976975473E-2	5.8112092696E-3
9.0832366182E-1	3.1405425775E-2	5.8223287127E-3
9.1415150972E-1	3.0828572429E-2	5.8333508568E-3
9.1999033104E-1	3.0268931730E-2	5.8442755178E-3
9.2584002820E-1	2.9733815544E-2	5.8551025132E-3
9.3170050345E-1	2.9191847763E-2	5.8658316618E-3
9.3757165885E-1	2.8664917267E-2	5.8764627846E-3
9.4345339628E-1	2.8162443909E-2	5.8869957037E-3
9.4934561746E-1	2.7668205831E-2	5.8974302433E-3
9.5524822392E-1	2.7176327350E-2	5.9077662288E-3
9.6116111701E-1	2.6692475898E-2	5.9180034877E-3
9.6708419793E-1	2.6221003707E-2	5.9281418487E-3
9.7301736769E-1	2.5761876782E-2	5.9381811425E-3
9.7896052713E-1	2.5313397046E-2	5.9481212013E-3
9.8491357695E-1	2.4874430097E-2	5.9579618591E-3
9.9087641766E-1	2.4444846454E-2	5.9677029512E-3
9.9684894961E-1	2.4024886415E-2	5.9773443150E-3
1.0028310730E+0	2.3614513649E-2	5.9868857894E-3
1.0088226878E+0	2.3213162225E-2	5.9963272149E-3
1.0148236940E+0	2.2819644848E-2	6.0056684336E-3
1.0208339913E+0	2.2432651246E-2	6.0149092896E-3
1.0268534791E+0	2.2052365340E-2	6.0240496283E-3
1.0328820570E+0	2.1680824118E-2	6.0330892971E-3
1.0389196241E+0	2.1318061982E-2	6.0420281448E-3
1.0449660796E+0	2.0961192061E-2	6.0508660221E-3
1.0510213224E+0	2.0612325909E-2	6.0596027814E-3
1.0570852514E+0	2.0272610768E-2	6.0682382765E-3
1.0631577652E+0	1.9933855827E-2	6.0767723631E-3
1.0692387623E+0	1.9606185808E-2	6.0852048988E-3
1.0753281411E+0	1.9288337209E-2	6.0935357425E-3
1.0814257998E+0	1.8968003982E-2	6.1017647550E-3
1.0875316366E+0	1.8666532710E-2	6.1098917988E-3
1.0936455494E+0	1.8356262758E-2	6.1179167381E-3
1.0997674360E+0	1.8066742093E-2	6.1258394388E-3
1.1058971941E+0	1.7767800650E-2	6.1336597685E-3
1.1120347214E+0	1.7491329697E-2	6.1413775965E-3
1.1181799151E+0	1.7203530561E-2	6.1489927938E-3
1.1243326727E+0	1.6936768539E-2	6.1565052331E-3
1.1304928913E+0	1.6665399244E-2	6.1639147890E-3
1.1366604679E+0	1.6398409757E-2	6.1712213376E-3
1.1428352996E+0	1.6147767664E-2	6.1784247568E-3
1.1490172830E+0	1.5889334842E-2	6.1855249261E-3
1.1552063150E+0	1.5638293712E-2	6.1925217271E-3
1.1614022920E+0	1.5400698994E-2	6.1994150427E-3
1.1676051105E+0	1.5161287473E-2	6.2062047577E-3
1.1738146669E+0	1.4921735465E-2	6.2128907587E-3
1.1800308574E+0	1.4691617375E-2	6.2194729339E-3
1.1862535782E+0	1.4469694796E-2	6.2259511734E-3
1.1924827251E+0	1.4250034720E-2	6.2323253688E-3
1.1987181942E+0	1.4031393871E-2	6.2385954138E-3
1.2049598812E+0	1.3816234379E-2	6.2447612034E-3
1.2112076818E+0	1.3606349274E-2	6.2508226346E-3
1.2174614916E+0	1.3401609918E-2	6.2567796062E-3
1.2237212062E+0	1.3201018730E-2	6.2626320186E-3
1.2299867208E+0	1.3003695447E-2	6.2683797740E-3
1.2362579308E+0	1.2809420540E-2	6.2740227763E-3
1.2425347314E+0	1.2618652513E-2	6.2795609313E-3
1.2488170177E+0	1.2431780081E-2	6.2849941464E-3
1.2551046847E+0	1.2248534051E-2	6.2903223308E-3
1.2613976273E+0	1.2068391111E-2	6.2955453954E-3
1.2676957404E+0	1.1891208760E-2	6.3006632530E-3
1.2739989187E+0	1.1717262356E-2	6.3056758180E-3
1.2803070569E+0	1.1546915644E-2	6.3105830068E-3
1.2866200496E+0	1.1380245135E-2	6.3153847371E-3
1.2929377912E+0	1.1216737799E-2	6.3200809290E-3
1.2992601762E+0	1.1055426942E-2	6.3246715037E-3
1.3055870990E+0	1.0895616864E-2	6.3291563847E-3
1.3119184537E+0	1.0737637823E-2	6.3335354970E-3
1.3182541347E+0	1.0582916353E-2	6.3378087674E-3
1.3245940360E+0	1.0433007574E-2	6.3419761245E-3
1.3309380516E+0	1.0287856432E-2	6.3460374987E-3
1.3372860756E+0	1.0144898517E-2	6.3499928220E-3
1.3436380019E+0	1.0001199425E-2	6.3538420284E-3
1.3499937243E+0	9.8575562825E-3	6.3575850535E-3
1.3563531366E+0	9.7186766344E-3	6.3612218349E-3
1.3627161325E+0	9.5865439972E-3	6.3647523117E-3
1.3690826057E+0	9.4559182326E-3	6.3681764249E-3
1.3754524499E+0	9.3222811938E-3	6.3714941173E-3
1.3818255585E+0	9.1910074214E-3	6.3747053335E-3
1.3882018250E+0	9.0677659605E-3	6.3778100198E-3
1.3945811430E+0	8.9458508036E-3	6.3808081243E-3
1.4009634057E+0	8.8200468128E-3	6.3836995970E-3
1.4073485066E+0	8.6993370862E-3	6.3864843894E-3
1.4137363389E+0	8.5855384276E-3	6.3891624551E-3
1.4201267959E+0	8.4680505015E-3	6.3917337493E-3
1.4265197708E+0	8.3513185813E-3	6.3941982290E-3
1.4329151568E+0	8.2429054927E-3	6.3965558531E-3
1.4393128469E+0	8.1323058301E-3	6.3988065821E-3
1.4457127343E+0	8.0206548068E-3	6.4009503785E-3
1.4521147120E+0	7.9167561058E-3	6.4029872063E-3
1.4585186731E+0	7.8113004398E-3	6.4049170317E-3
1.4649245104E+0	7.7061585936E-3	6.4067398222E-3
1.4713321170E+0	7.6075865031E-3	6.4084555476E-3
1.4777413858E+0	7.5065389602E-3	6.4100641790E-3
1.4841522097E+0	7.4075558835E-3	6.4115656896E-3
1.4905644815E+0	7.3126150405E-3	6.4129600544E-3
1.4969780940E+0	7.2160551736E-3	6.4142472499E-3
1.5033929402E+0	7.1235808873E-3	6.4154272548E-3
1.5098089128E+0	7.0322840311E-3	6.4165000493E-3
1.5162259046E+0	6.9409284564E-3	6.4174656154E-3
1.5226438083E+0	6.8521033710E-3	6.4183239370E-3
1.5290625167E+0	6.7637805938E-3	6.4190749998E-3
1.5354819225E+0	6.6774585379E-3	6.4197187912E-3
1.5419019185E+0	6.5926574112E-3	6.4202553005E-3
1.5483223974E+0	6.5097558215E-3	6.4206845187E-3
1.5547432518E+0	6.4269688222E-3	6.4210064386E-3
1.5611643745E+0	6.3461153196E-3	6.4212210549E-3
1.5675856581E+0	6.2663730726E-3	6.4213283639E-3
1.5740069954E+0	6.1870526539E-3	6.4213283639E-3
1.5804282791E+0	6.1116862782E-3	6.4212210549E-3
1.5868494018E+0	6.0344874632E-3	6.4210064386E-3
1.5932702562E+0	5.9603536603E-3	6.4206845187E-3
1.5996907351E+0	5.8867594467E-3	6.4202553005E-3
1.6061107310E+0	5.8121060884E-3	6.4197187912E-3
1.6125301369E+0	5.7429536781E-3	6.4190749998E-3
1.6189488453E+0	5.6708129469E-3	6.4183239370E-3
1.6253667490E+0	5.6022209351E-3	6.4174656154E-3
1.6317837408E+0	5.5352768055E-3	6.4165000493E-3
1.6381997134E+0	5.4651639959E-3	6.4154272548E-3
1.6446145595E+0	5.4013318675E-3	6.4142472499E-3
1.6510281721E+0	5.3349863403E-3	6.4129600544E-3
1.6574404439E+0	5.2697157158E-3	6.4115656896E-3
1.6638512678E+0	5.2094219355E-3	6.4100641790E-3
1.6702605366E+0	5.1443079339E-3	6.4084555476E-3
1.6766681432E+0	5.0831883177E-3	6.4067398222E-3
1.6830739805E+0	5.0246080294E-3	6.4049170317E-3
1.6894779416E+0	4.9618921256E-3	6.4029872063E-3
1.6958799193E+0	4.9045536813E-3	6.4009503785E-3
1.7022798067E+0	4.8483741525E-3	6.3988065821E-3
1.7086774968E+0	4.7883417847E-3	6.3965558531E-3
1.7150728827E+0	4.7330941410E-3	6.3941982290E-3
1.7214658576E+0	4.6794905091E-3	6.3917337493E-3
1.7278563146E+0	4.6222515547E-3	6.3891624551E-3
1.7342441470E+0	4.5681744393E-3	6.3864843894E-3
1.7406292478E+0	4.5175128837E-3	6.3836995970E-3
1.7470115106E+0	4.4640764496E-3	6.3808081243E-3
1.7533908286E+0	4.4104949735E-3	6.3778100198E-3
1.7597670951E+0	4.3610867107E-3	6.3747053335E-3
1.7661402037E+0	4.3125155813E-3	6.3714941173E-3
1.7725100479E+0	4.2617247947E-3	6.3681764249E-3
1.7788765211E+0	4.2114814657E-3	6.3647523117E-3
1.7852395170E+0	4.1643046351E-3	6.3612218349E-3
1.7915989293E+0	4.1185225470E-3	6.3575850535E-3
1.7979546517E+0	4.0718128300E-3	6.3538420284E-3
1.8043065780E+0	4.0244106994E-3	6.3499928220E-3
1.8106546020E+0	3.9779428187E-3	6.3460374987E-3
1.8169986176E+0	3.9331969651E-3	6.3419761245E-3
1.8233385189E+0	3.8897315573E-3	6.3378087674E-3
1.8296741999E+0	3.8467678472E-3	6.3335354970E-3
1.8360055546E+0	3.8038923377E-3	6.3291563847E-3
1.8423324774E+0	3.7611224388E-3	6.3246715037E-3
1.8486548624E+0	3.7186887769E-3	6.3200809290E-3
1.8549726040E+0	3.6768765602E-3	6.3153847371E-3
1.8612855967E+0	3.6359190242E-3	6.3105830068E-3
1.8675937349E+0	3.5958522087E-3	6.3056758180E-3
1.8738969132E+0	3.5564613638E-3	6.3006632530E-3
1.8801950263E+0	3.5174588365E-3	6.2955453954E-3
1.8864879689E+0	3.4787176218E-3	6.2903223308E-3
1.8927756359E+0	3.4403222456E-3	6.2849941464E-3
1.8990579222E+0	3.4024835421E-3	6.2795609313E-3
1.9053347228E+0	3.3653905377E-3	6.2740227763E-3
1.9116059328E+0	3.3290041268E-3	6.2683797740E-3
1.9178714474E+0	3.2930453621E-3	6.2626320186E-3
1.9241311620E+0	3.2573109806E-3	6.2567796062E-3
1.9303849718E+0	3.2218827406E-3	6.2508226346E-3
1.9366327724E+0	3.1869609233E-3	6.2447612034E-3
1.9428744594E+0	3.1526857811E-3	6.2385954138E-3
1.9491099285E+0	3.1190963768E-3	6.2323253688E-3
1.9553390754E+0	3.0859699094E-3	6.2259511734E-3
1.9615617961E+0	3.0528133882E-3	6.2194729339E-3
1.9677779867E+0	3.0195366509E-3	6.2128907587E-3
1.9739875431E+0	2.9869724286E-3	6.2062047577E-3
1.9801903616E+0	2.9556150753E-3	6.1994150427E-3
1.9863863386E+0	2.9243130202E-3	6.1925217271E-3
1.9925753706E+0	2.8927819422E-3	6.1855249261E-3
1.9987573540E+0	2.8626682086E-3	6.1784247568E-3
2.0049321857E+0	2.8324640289E-3	6.1712213376E-3
2.0110997623E+0	2.8014874551E-3	6.1639147890E-3
2.0172599809E+0	2.7729222932E-3	6.1565052331E-3
2.0234127385E+0	2.7432632625E-3	6.1489927938E-3
2.0295579322E+0	2.7148800487E-3	6.1413775965E-3
2.0356954595E+0	2.6867003441E-3	6.1336597685E-3
2.0418252176E+0	2.6579236777E-3	6.1258394388E-3
2.0479471042E+0	2.6304473334E-3	6.1179167381E-3
2.0540610170E+0	2.6024740326E-3	6.1098917988E-3
2.0601668538E+0	2.5754119736E-3	6.1017647550E-3
2.0662645125E+0	2.5493733744E-3	6.0935357425E-3
2.0723538913E+0	2.5217128449E-3	6.0852048988E-3
2.0784348884E+0	2.4969705782E-3	6.0767723631E-3
2.0845074022E+0	2.4702124941E-3	6.0682382765E-3
2.0905713312E+0	2.4437918559E-3	6.0596027814E-3
2.0966265740E+0	2.4199246623E-3	6.0508660221E-3
2.1026730295E+0	2.3951264864E-3	6.0420281448E-3
2.1087105966E+0	2.3693560954E-3	6.0330892971E-3
2.1147391745E+0	2.3447855522E-3	6.0240496283E-3
2.1207586623E+0	2.3214320318E-3	6.0149092896E-3
2.1267689596E+0	2.2981887291E-3	6.0056684336E-3
2.1327699657E+0	2.2746593947E-3	5.9963272149E-3
2.1387615806E+0	2.2510994028E-3	5.9868857894E-3
2.1447437040E+0	2.2277905690E-3	5.9773443150E-3
2.1507162359E+0	2.2048262182E-3	5.9677029512E-3
2.1566790766E+0	2.1821991005E-3	5.9579618591E-3
2.1626321265E+0	2.1599340703E-3	5.9481212013E-3
2.1685752859E+0	2.1381216215E-3	5.9381811425E-3
2.1745084557E+0	2.1167801416E-3	5.9281418487E-3
2.1804315366E+0	2.0956536253E-3	5.9180034877E-3
2.1863444297E+0	2.0742293536E-3	5.9077662288E-3
2.1922470361E+0	2.0522604555E-3	5.8974302433E-3
2.1981392573E+0	2.0305864705E-3	5.8869957037E-3
2.2040209947E+0	2.0106161169E-3	5.8764627846E-3
2.2098921501E+0	1.9914260353E-3	5.8658316618E-3
2.2157526254E+0	1.9703146297E-3	5.8551025132E-3
2.2216023226E+0	1.9497531889E-3	5.8442755178E-3
2.2274411439E+0	1.9317409297E-3	5.8333508568E-3
2.2332689918E+0	1.9108332653E-3	5.8223287127E-3
2.2390857689E+0	1.8921957403E-3	5.8112092696E-3
2.2448913779E+0	1.8730194879E-3	5.7999927133E-3
2.2506857220E+0	1.8539680188E-3	5.7886792314E-3
2.2564687042E+0	1.8352739230E-3	5.7772690129E-3
2.2622402278E+0	1.8172256958E-3	5.7657622485E-3
2.2680001965E+0	1.7977063084E-3	5.7541591304E-3
2.2737485140E+0	1.7811287501E-3	5.7424598526E-3
2.2794850843E+0	1.7623359789E-3	5.7306646105E-3
2.2852098113E+0	1.7439418759E-3	5.7187736014E-3
2.2909225996E+0	1.7275192180E-3	5.7067870238E-3
2.2966233536E+0	1.7106028551E-3	5.6947050782E-3
2.3023119780E+0	1.6927744869E-3	5.6825279663E-3
2.3079883779E+0	1.6751210023E-3	5.6702558918E-3
2.3136524582E+0	1.6581064601E-3	5.6578890597E-3
2.3193041245E+0	1.6415396435E-3	5.6454276767E-3
2.3249432821E+0	1.6251409423E-3	5.6328719509E-3
2.3305698370E+0	1.6087714444E-3	5.6202220924E-3
2.3361836950E+0	1.5924519799E-3	5.6074783123E-3
2.3417847624E+0	1.5763535536E-3	5.5946408237E-3
2.3473729455E+0	1.5607421300E-3	5.5817098412E-3
2.3529481510E+0	1.5456957685E-3	5.5686855808E-3
2.3585102856E+0	1.5306084985E-3	5.5555682601E-3
2.3640592565E+0	1.5146154922E-3	5.5423580985E-3
2.3695949710E+0	1.4986996645E-3	5.5290553166E-3
2.3751173364E+0	1.4845193036E-3	5.5156601367E-3
2.3806262605E+0	1.4694573991E-3	5.5021727828E-3
2.3861216513E+0	1.4540027703E-3	5.4885934801E-3
2.3916034169E+0	1.4405032128E-3	5.4749224557E-3
2.3970714657E+0	1.4249551284E-3	5.4611599379E-3
2.4025257064E+0	1.4117049025E-3	5.4473061568E-3
2.4079660477E+0	1.3964476130E-3	5.4333613439E-3
2.4133923988E+0	1.3827926365E-3	5.4193257323E-3
2.4188046690E+0	1.3689042225E-3	5.4051995564E-3
2.4242027678E+0	1.3542184301E-3	5.3909830523E-3
2.4295866050E+0	1.3408853548E-3	5.3766764577E-3
2.4349560907E+0	1.3279068691E-3	5.3622800116E-3
2.4403111352E+0	1.3144061761E-3	5.3477939546E-3
2.4456516489E+0	1.3007078322E-3	5.3332185287E-3
2.4509775425E+0	1.2871975119E-3	5.3185539776E-3
2.4562887272E+0	1.2739802585E-3	5.3038005463E-3
2.4615851141E+0	1.2610457713E-3	5.2889584814E-3
2.4668666147E+0	1.2483857897E-3	5.2740280309E-3
2.4721331408E+0	1.2359924744E-3	5.2590094442E-3
2.4773846043E+0	1.2237412295E-3	5.2439029725E-3
2.4826209175E+0	1.2112699930E-3	5.2287088681E-3
2.4878419929E+0	1.1983546740E-3	5.2134273849E-3
2.4930477432E+0	1.1857605069E-3	5.1980587783E-3
2.4982380815E+0	1.1740524801E-3	5.1826033052E-3
2.5034129210E+0	1.1617005173E-3	5.1670612238E-3
2.5085721752E+0	1.1496974311E-3	5.1514327939E-3
2.5137157579E+0	1.1382065865E-3	5.1357182766E-3
2.5188435831E+0	1.1261208581E-3	5.1199179345E-3
2.5239555652E+0	1.1146572305E-3	5.1040320318E-3
2.5290516187E+0	1.1030581515E-3	5.0880608338E-3
2.5341316585E+0	1.0912188949E-3	5.0720046074E-3
2.5391955997E+0	1.0802446833E-3	5.0558636210E-3
2.5442433576E+0	1.0691887404E-3	5.0396381444E-3
2.5492748479E+0	1.0579562945E-3	5.0233284486E-3
2.5542899865E+0	1.0468709359E-3	5.0069348063E-3
2.5592886896E+0	1.0359222339E-3	4.9904574913E-3
2.5642708737E+0	1.0250130359E-3	4.9738967791E-3
2.5692364555E+0	1.0141395185E-3	4.9572529464E-3
2.5741853520E+0	1.0033630692E-3	4.9405262713E-3
2.5791174805E+0	9.9276830884E-4	4.9237170334E-3
2.5840327586E+0	9.8242058285E-4	4.9068255135E-3
2.5889311042E+0	9.7222531972E-4	4.8898519940E-3
2.5938124354E+0	9.6187153954E-4	4.8727967585E-3
2.5986766706E+0	9.5141702303E-4	4.8556600920E-3
2.6035237285E+0	9.4135329339E-4	4.8384422809E-3
2.6083535282E+0	9.3112539568E-4	4.8211436130E-3
2.6131659889E+0	9.2106652688E-4	4.8037643772E-3
2.6179610302E+0	9.1123987910E-4	4.7863048641E-3
2.6227385719E+0	9.0153290561E-4	4.7687653653E-3
2.6274985343E+0	8.9183468144E-4	4.7511461741E-3
2.6322408378E+0	8.8239259662E-4	4.7334475849E-3
2.6369654032E+0	8.7278812054E-4	4.7156698934E-3
2.6416721513E+0	8.6314832397E-4	4.6978133967E-3
2.6463610038E+0	8.5362527286E-4	4.6798783932E-3
2.6510318821E+0	8.4422684460E-4	4.6618651826E-3
2.6556847082E+0	8.3494978146E-4	4.6437740661E-3
2.6603194043E+0	8.2578668063E-4	4.6256053458E-3
2.6649358931E+0	8.1671045214E-4	4.6073593254E-3
2.6695340973E+0	8.0768881750E-4	4.5890363098E-3
2.6741139402E+0	7.9870232872E-4	4.5706366053E-3
2.6786753451E+0	7.8973892731E-4	4.5521605193E-3
2.6832182358E+0	7.8079707804E-4	4.5336083606E-3
2.6877425365E+0	7.7193923942E-4	4.5149804392E-3
2.6922481716E+0	7.6320795695E-4	4.4962770664E-3
2.6967350656E+0	7.5463392262E-4	4.4774985548E-3
2.7012031437E+0	7.4617861726E-4	4.4586452181E-3
2.7056523312E+0	7.3780193578E-4	4.4397173715E-3
2.7100825537E+0	7.2940190954E-4	4.4207153312E-3
2.7144937373E+0	7.2108604174E-4	4.4016394148E-3
2.7188858081E+0	7.1273201432E-4	4.3824899412E-3
2.7232586927E+0	7.0438231252E-4	4.3632672302E-3
2.7276123182E+0	6.9613706709E-4	4.3439716031E-3
2.7319466117E+0	6.8801387366E-4	4.3246033825E-3
2.7362615009E+0	6.7999928534E-4	4.3051628919E-3
2.7405569135E+0	6.7207141793E-4	4.2856504563E-3
2.7448327779E+0	6.6419954963E-4	4.2660664016E-3
2.7490890226E+0	6.5637337978E-4	4.2464110553E-3
2.7533255764E+0	6.4861119395E-4	4.2266847457E-3
2.7575423685E+0	6.4083367360E-4	4.2068878026E-3
2.7617393285E+0	6.3294584037E-4	4.1870205567E-3
2.7659163863E+0	6.2532659074E-4	4.1670833400E-3
2.7700734720E+0	6.1777754784E-4	4.1470764858E-3
2.7742105162E+0	6.1027908302E-4	4.1270003283E-3
2.7783274497E+0	6.0292537145E-4	4.1068552032E-3
2.7824242037E+0	5.9570353557E-4	4.0866414469E-3
2.7865007098E+0	5.8829560716E-4	4.0663593974E-3
2.7905568999E+0	5.8108723833E-4	4.0460093936E-3
2.7945927061E+0	5.7395621165E-4	4.0255917754E-3
2.7986080610E+0	5.6677392590E-4	4.0051068843E-3
2.8026028975E+0	5.5959908727E-4	3.9845550624E-3
2.8065771489E+0	5.5250860513E-4	3.9639366533E-3
2.8105307487E+0	5.4552629892E-4	3.9432520014E-3
2.8144636309E+0	5.3860678854E-4	3.9225014525E-3
2.8183757298E+0	5.3167082373E-4	3.9016853533E-3
2.8222669799E+0	5.2480192496E-4	3.8808040517E-3
2.8261373163E+0	5.1819764734E-4	3.8598578967E-3
2.8299866742E+0	5.1140992945E-4	3.8388472382E-3
2.8338149894E+0	5.0458167823E-4	3.8177724274E-3
2.8376221978E+0	4.9802433139E-4	3.7966338166E-3
2.8414082359E+0	4.9128829343E-4	3.7754317588E-3
2.8451730403E+0	4.8469981927E-4	3.7541666086E-3
2.8489165482E+0	4.7840513654E-4	3.7328387211E-3
2.8526386969E+0	4.7193012484E-4	3.7114484529E-3
2.8563394244E+0	4.6550355533E-4	3.6899961614E-3
2.8600186687E+0	4.5922601847E-4	3.6684822051E-3
2.8636763684E+0	4.5301227365E-4	3.6469069436E-3
2.8673124623E+0	4.4680291261E-4	3.6252707373E-3
2.8709268897E+0	4.4061076503E-4	3.6035739479E-3
2.8745195901E+0	4.3451589853E-4	3.5818169379E-3
2.8780905036E+0	4.2854453592E-4	3.5600000709E-3
2.8816395704E+0	4.2244046010E-4	3.5381237115E-3
2.8851667313E+0	4.1626079772E-4	3.5161882254E-3
2.8886719273E+0	4.1058181022E-4	3.4941939790E-3
2.8921550998E+0	4.0451027310E-4	3.4721413399E-3
2.8956161906E+0	3.9894555123E-4	3.4500306767E-3
2.8990551419E+0	3.9295083518E-4	3.4278623588E-3
2.9024718962E+0	3.8735154451E-4	3.4056367567E-3
2.9058663965E+0	3.8176319610E-4	3.3833542419E-3
2.9092385859E+0	3.7598290427E-4	3.3610151867E-3
2.9125884081E+0	3.7022702683E-4	3.3386199643E-3
2.9159158072E+0	3.6457437964E-4	3.3161689492E-3
2.9192207275E+0	3.5902205657E-4	3.2936625164E-3
2.9225031139E+0	3.5358785427E-4	3.2711010421E-3
2.9257629114E+0	3.4827435877E-4	3.2484849032E-3
2.9290000656E+0	3.4292601724E-4	3.2258144779E-3
2.9322145224E+0	3.3742316695E-4	3.2030901448E-3
2.9354062280E+0	3.3227800332E-4	3.1803122838E-3
2.9385751292E+0	3.2713764587E-4	3.1574812755E-3
2.9417211730E+0	3.2184550850E-4	3.1345975014E-3
2.9448443068E+0	3.1677293106E-4	3.1116613440E-3
2.9479444784E+0	3.1172694439E-4	3.0886731866E-3
2.9510216360E+0	3.0642469179E-4	3.0656334132E-3
2.9540757281E+0	3.0140401091E-4	3.0425424091E-3
2.9571067038E+0	2.9651117877E-4	3.0194005599E-3
2.9601145124E+0	2.9160962811E-4	2.9962082525E-3
2.9630991036E+0	2.8672128491E-4	2.9729658744E-3
2.9660604276E+0	2.8185690376E-4	2.9496738141E-3
2.9689984348E+0	2.7698285747E-4	2.9263324607E-3
2.9719130762E+0	2.7214055076E-4	2.9029422044E-3
2.9748043031E+0	2.6755358061E-4	2.8795034361E-3
2.9776720671E+0	2.6302445340E-4	2.8560165473E-3
2.9805163203E+0	2.5815366314E-4	2.8324819307E-3
2.9833370151E+0	2.5379469018E-4	2.8088999795E-3
2.9861341046E+0	2.4897805162E-4	2.7852710878E-3
2.9889075418E+0	2.4465006103E-4	2.7615956505E-3
2.9916572805E+0	2.4010880007E-4	2.7378740632E-3
2.9943832747E+0	2.3548822734E-4	2.7141067224E-3
2.9970854788E+0	2.3107104912E-4	2.6902940251E-3
2.9997638477E+0	2.2675529274E-4	2.6664363695E-3
3.0024183367E+0	2.2245933120E-4	2.6425341541E-3
3.0050489013E+0	2.1817301261E-4	2.6185877784E-3
3.0076554977E+0	2.1393491299E-4	2.5945976426E-3
3.0102380822E+0	2.0986058590E-4	2.5705641475E-3
3.0127966116E+0	2.0591669528E-4	2.5464876949E-3
3.0153310434E+0	2.0170127534E-4	2.5223686871E-3
3.0178413350E+0	1.9768267245E-4	2.4982075270E-3
3.0203274445E+0	1.9373460884E-4	2.4740046186E-3
3.0227893304E+0	1.8974790721E-4	2.4497603662E-3
3.0252269516E+0	1.8570130711E-4	2.4254751751E-3
3.0276402673E+0	1.8197732956E-4	2.4011494510E-3
3.0300292371E+0	1.7812127321E-4	2.3767836004E-3
3.0323938212E+0	1.7421637697E-4	2.3523780306E-3
3.0347339801E+0	1.7039555673E-4	2.3279331494E-3
3.0370496746E+0	1.6667093552E-4	2.3034493653E-3
3.0393408660E+0	1.6304247550E-4	2.2789270875E-3
3.0416075160E+0	1.5948943897E-4	2.2543667257E-3
3.0438495869E+0	1.5587034325E-4	2.2297686905E-3
3.0460670410E+0	1.5216608584E-4	2.2051333928E-3
3.0482598414E+0	1.4881442869E-4	2.1804612443E-3
3.0504279513E+0	1.4529355751E-4	2.1557526574E-3
3.0525713347E+0	1.4192591239E-4	2.1310080450E-3
3.0546899556E+0	1.3843361574E-4	2.1062278206E-3
3.0567837786E+0	1.3526086706E-4	2.0814123983E-3
3.0588527688E+0	1.3190980014E-4	2.0565621928E-3
3.0608968915E+0	1.2853472460E-4	2.0316776194E-3
3.0629161127E+0	1.2526178450E-4	2.0067590939E-3
3.0649103985E+0	1.2205644465E-4	1.9818070327E-3
3.0668797157E+0	1.1890144435E-4	1.9568218529E-3
3.0688240313E+0	1.1583141122E-4	1.9318039720E-3
3.0707433129E+0	1.1284928008E-4	1.9067538080E-3
3.0726375283E+0	1.0976867485E-4	1.8816717796E-3
3.0745066460E+0	1.0664745740E-4	1.8565583060E-3
3.0763506346E+0	1.0386860373E-4	1.8314138067E-3
3.0781694634E+0	1.0079044772E-4	1.8062387021E-3
3.0799631019E+0	9.8096171182E-5	1.7810334128E-3
3.0817315203E+0	9.5177981709E-5	1.7557983600E-3
3.0834746889E+0	9.2347876073E-5	1.7305339655E-3
3.0851925786E+0	8.9694256584E-5	1.7052406515E-3
3.0868851607E+0	8.7060366804E-5	1.6799188405E-3
3.0885524069E+0	8.4425977280E-5	1.6545689559E-3
3.0901942894E+0	8.1804715331E-5	1.6291914212E-3
3.0918107807E+0	7.9183976610E-5	1.6037866605E-3
3.0934018538E+0	7.6589005067E-5	1.5783550984E-3
3.0949674821E+0	7.4162529904E-5	1.5528971598E-3
3.0965076394E+0	7.1790640545E-5	1.5274132703E-3
3.0980223001E+0	6.9240884767E-5	1.5019038556E-3
3.0995114388E+0	6.7013604658E-5	1.4763693421E-3
3.1009750306E+0	6.4547572655E-5	1.4508101565E-3
3.1024130510E+0	6.2324161786E-5	1.4252267258E-3
3.1038254761E+0	6.0130735385E-5	1.3996194778E-3
3.1052122822E+0	5.7863180678E-5	1.3739888402E-3
3.1065734461E+0	5.5646946565E-5	1.3483352414E-3
3.1079089451E+0	5.3505846250E-5	1.3226591101E-3
3.1092187570E+0	5.1431323986E-5	1.2969608754E-3
3.1105028597E+0	4.9429793912E-5	1.2712409668E-3
3.1117612318E+0	4.7467459154E-5	1.2454998140E-3
3.1129938524E+0	4.5436042448E-5	1.2197378472E-3
3.1142007007E+0	4.3480630074E-5	1.1939554970E-3
3.1153817567E+0	4.1695912410E-5	1.1681531941E-3
3.1165370006E+0	3.9754867411E-5	1.1423313699E-3
3.1176664131E+0	3.8041335706E-5	1.1164904558E-3
3.1187699753E+0	3.6280435216E-5	1.0906308836E-3
3.1198476688E+0	3.4499401117E-5	1.0647530855E-3
3.1208994755E+0	3.2839340774E-5	1.0388574939E-3
3.1219253780E+0	3.1238397222E-5	1.0129445417E-3
3.1229253590E+0	2.9658838684E-5	9.8701466182E-4
3.1238994018E+0	2.8098266754E-5	9.6106828758E-4
3.1248474902E+0	2.6572035667E-5	9.3510585261E-4
3.1257696083E+0	2.5133718553E-5	9.0912779076E-4
3.1266657407E+0	2.3774628798E-5	8.8313453619E-4
3.1275358724E+0	2.2330268901E-5	8.5712652325E-4
3.1283799890E+0	2.1023115313E-5	8.3110418659E-4
3.1291980762E+0	1.9698918867E-5	8.0506796108E-4
3.1299901204E+0	1.8491697750E-5	7.7901828182E-4
3.1307561084E+0	1.7213821867E-5	7.5295558414E-4
3.1314960274E+0	1.6041570595E-5	7.2688030358E-4
3.1322098650E+0	1.4939065902E-5	7.0079287589E-4
3.1328976092E+0	1.3860292313E-5	6.7469373705E-4
3.1335592487E+0	1.2807589065E-5	6.4858332323E-4
3.1341947723E+0	1.1782546276E-5	6.2246207073E-4
3.1348041694E+0	1.0786976532E-5	5.9633041614E-4
3.1353874298E+0	9.8603924286E-6	5.7018879612E-4
3.1359445438E+0	9.0185015126E-6	5.4403764760E-4
3.1364755020E+0	8.1365361139E-6	5.1787740760E-4
3.1369802957E+0	7.3541621609E-6	4.9170851331E-4
3.1374589163E+0	6.5690485587E-6	4.6553140213E-4
3.1379113559E+0	5.8847234524E-6	4.3934651156E-4
3.1383376069E+0	5.1793751655E-6	4.1315427928E-4
3.1387376622E+0	4.5288526127E-6	3.8695514312E-4
3.1391115150E+0	3.9402134991E-6	3.6074954110E-4
3.1394591592E+0	3.3915969677E-6	3.3453791144E-4
3.1397805890E+0	2.8778445930E-6	3.0832069259E-4
3.1400757989E+0	2.4031784549E-6	2.8209832342E-4
3.1403447841E+0	1.9801687693E-6	2.5587124334E-4
3.1405875400E+0	1.6105975405E-6	2.2963989267E-4
3.1408040626E+0	1.2558428609E-6	2.0340471372E-4
3.1409943483E+0	9.4948415369E-7	1.7716615272E-4
3.1411583939E+0	6.9471333935E-7	1.5092466531E-4
3.1412961968E+0	4.7290124703E-7	1.2468073282E-4
3.1414077547E+0	2.9033486948E-7	9.8434919423E-5
3.1414930663E+0	1.6040033745E-7	7.2188137769E-5
3.1415521316E+0	6.6737622867E-8	4.5943520243E-5
3.1415849628E+0	1.2735433309E-8	1.9736940383E-5