# Differential cross section		
# Author: P. Swaczyna	Princeton University	(swaczyna@princeton.edu)
# Date: 	Fri 4 Dec 2020 01:14:38	
# 		
# Elastic collision: H^0 + He^0 -> H^0 + He^0		
# 		
# Red. mass: 	7.5005505498E+8	 eV/c^2
# CM energy: 	3.4673685045E-4	 eV
# Rel speed: 	2.8826315101E+4	 cm/s
# Tot sigma: 	1.9330603204E+2	 a.u.
# Int sigma: 	1.9330603204E+2	 a.u.
# 		
# Columns:		
# the <- scattering angle (rad)		
# dcs <- dsigma/dOmega*2*pi*sin(the) (a.u. = 2.8002852056E-17 cm^2)		
# wei <- weight for cross section integration (approx. width of angle bin)		
# 		
# the	dcs	wei
7.6907532846E-6	1.0814581553E-3	1.9736940383E-5
4.0521979771E-5	5.6981187470E-3	4.5943520243E-5
9.9587300392E-5	1.4003764496E-2	7.2188137769E-5
1.8489884726E-4	2.6000101216E-2	9.8434919423E-5
2.9645680168E-4	4.1687153895E-2	1.2468073282E-4
4.3425968311E-4	6.1064713243E-2	1.5092466531E-4
5.9830531657E-4	8.4132471375E-2	1.7716615272E-4
7.8859101285E-4	1.1089004672E-1	2.0340471372E-4
1.0051136166E-3	1.4133699027E-1	2.2963989267E-4
1.2478695220E-3	1.7547278720E-1	2.5587124334E-4
1.5168546797E-3	2.1329685709E-1	2.8209832342E-4
1.8120645986E-3	2.5480855357E-1	3.0832069259E-4
2.1334943481E-3	3.0000716364E-1	3.3453791144E-4
2.4811385584E-3	3.4889190685E-1	3.6074954110E-4
2.8549914211E-3	4.0146193439E-1	3.8695514312E-4
3.2550466893E-3	4.5771632804E-1	4.1315427928E-4
3.6812976783E-3	5.1765409902E-1	4.3934651156E-4
4.1337372652E-3	5.8127418677E-1	4.6553140213E-4
4.6123578895E-3	6.4857545766E-1	4.9170851331E-4
5.1171515529E-3	7.1955670361E-1	5.1787740760E-4
5.6481098199E-3	7.9421664062E-1	5.4403764760E-4
6.2052238176E-3	8.7255390722E-1	5.7018879612E-4
6.7884842360E-3	9.5456706287E-1	5.9633041614E-4
7.3978813281E-3	1.0402545862E+0	6.2246207073E-4
8.0334049101E-3	1.1296148734E+0	6.4858332323E-4
8.6950443616E-3	1.2226462361E+0	6.7469373705E-4
9.3827886258E-3	1.3193468998E+0	7.0079287589E-4
1.0096626210E-2	1.4197150014E+0	7.2688030358E-4
1.0836545184E-2	1.5237485875E+0	7.5295558414E-4
1.1602533184E-2	1.6314456122E+0	7.7901828182E-4
1.2394577408E-2	1.7428039349E+0	8.0506796108E-4
1.3212664621E-2	1.8578213175E+0	8.3110418659E-4
1.4056781152E-2	1.9764954229E+0	8.5712652325E-4
1.4926912893E-2	2.0988238118E+0	8.8313453619E-4
1.5823045305E-2	2.2248039405E+0	9.0912779076E-4
1.6745163410E-2	2.3544331585E+0	9.3510585261E-4
1.7693251801E-2	2.4877087054E+0	9.6106828758E-4
1.8667294632E-2	2.6246277086E+0	9.8701466182E-4
1.9667275626E-2	2.7651871801E+0	1.0129445417E-3
2.0693178073E-2	2.9093840139E+0	1.0388574939E-3
2.1744984827E-2	3.0572149833E+0	1.0647530855E-3
2.2822678313E-2	3.2086767373E+0	1.0906308836E-3
2.3926240519E-2	3.3637657981E+0	1.1164904558E-3
2.5055653005E-2	3.5224785575E+0	1.1423313699E-3
2.6210896896E-2	3.6848112743E+0	1.1681531941E-3
2.7391952886E-2	3.8507600704E+0	1.1939554970E-3
2.8598801239E-2	4.0203209281E+0	1.2197378472E-3
2.9831421786E-2	4.1934896862E+0	1.2454998140E-3
3.1089793929E-2	4.3702620369E+0	1.2712409668E-3
3.2373896638E-2	4.5506335222E+0	1.2969608754E-3
3.3683708455E-2	4.7345995304E+0	1.3226591101E-3
3.5019207490E-2	4.9221552924E+0	1.3483352414E-3
3.6380371427E-2	5.1132958782E+0	1.3739888402E-3
3.7767177517E-2	5.3080161931E+0	1.3996194778E-3
3.9179602586E-2	5.5063109739E+0	1.4252267258E-3
4.0617623030E-2	5.7081747850E+0	1.4508101565E-3
4.2081214817E-2	5.9136020149E+0	1.4763693421E-3
4.3570353490E-2	6.1225868718E+0	1.5019038556E-3
4.5085014162E-2	6.3351233801E+0	1.5274132703E-3
4.6625171522E-2	6.5512053759E+0	1.5528971598E-3
4.8190799831E-2	6.7708265036E+0	1.5783550984E-3
4.9781872927E-2	6.9939802110E+0	1.6037866605E-3
5.1398364219E-2	7.2206597458E+0	1.6291914212E-3
5.3040246694E-2	7.4508581512E+0	1.6545689559E-3
5.4707492914E-2	7.6845682616E+0	1.6799188405E-3
5.6400075017E-2	7.9217826985E+0	1.7052406515E-3
5.8117964718E-2	8.1624938660E+0	1.7305339655E-3
5.9861133308E-2	8.4066939468E+0	1.7557983600E-3
6.1629551657E-2	8.6543748975E+0	1.7810334128E-3
6.3423190212E-2	8.9055284443E+0	1.8062387021E-3
6.5242019000E-2	9.1601460788E+0	1.8314138067E-3
6.7086007624E-2	9.4182190531E+0	1.8565583060E-3
6.8955125270E-2	9.6797383760E+0	1.8816717796E-3
7.0849340702E-2	9.9446948078E+0	1.9067538080E-3
7.2768622264E-2	1.0213078856E+1	1.9318039720E-3
7.4712937885E-2	1.0484880771E+1	1.9568218529E-3
7.6682255070E-2	1.0760090542E+1	1.9818070327E-3
7.8676540910E-2	1.1038697891E+1	2.0067590939E-3
8.0695762079E-2	1.1320692269E+1	2.0316776194E-3
8.2739884832E-2	1.1606062851E+1	2.0565621928E-3
8.4808875009E-2	1.1894798533E+1	2.0814123983E-3
8.6902698034E-2	1.2186887926E+1	2.1062278206E-3
8.9021318917E-2	1.2482319350E+1	2.1310080450E-3
9.1164702253E-2	1.2781080833E+1	2.1557526574E-3
9.3332812224E-2	1.3083160103E+1	2.1804612443E-3
9.5525612596E-2	1.3388544585E+1	2.2051333928E-3
9.7743066726E-2	1.3697221396E+1	2.2297686905E-3
9.9985137556E-2	1.4009177339E+1	2.2543667257E-3
1.0225178762E-1	1.4324398903E+1	2.2789270875E-3
1.0454297904E-1	1.4642872252E+1	2.3034493653E-3
1.0685867352E-1	1.4964583225E+1	2.3279331494E-3
1.0919883237E-1	1.5289517330E+1	2.3523780306E-3
1.1156341648E-1	1.5617659738E+1	2.3767836004E-3
1.1395238633E-1	1.5948995281E+1	2.4011494510E-3
1.1636570200E-1	1.6283508446E+1	2.4254751751E-3
1.1880332317E-1	1.6621183371E+1	2.4497603662E-3
1.2126520909E-1	1.6962003841E+1	2.4740046186E-3
1.2375131862E-1	1.7305953280E+1	2.4982075270E-3
1.2626161023E-1	1.7653014752E+1	2.5223686871E-3
1.2879604195E-1	1.8003170954E+1	2.5464876949E-3
1.3135457143E-1	1.8356404211E+1	2.5705641475E-3
1.3393715592E-1	1.8712696471E+1	2.5945976426E-3
1.3654375226E-1	1.9072029305E+1	2.6185877784E-3
1.3917431689E-1	1.9434383896E+1	2.6425341541E-3
1.4182880585E-1	1.9799741043E+1	2.6664363695E-3
1.4450717478E-1	2.0168081150E+1	2.6902940251E-3
1.4720937892E-1	2.0539384224E+1	2.7141067224E-3
1.4993537310E-1	2.0913629872E+1	2.7378740632E-3
1.5268511179E-1	2.1290797298E+1	2.7615956505E-3
1.5545854902E-1	2.1670865295E+1	2.7852710878E-3
1.5825563845E-1	2.2053812246E+1	2.8088999795E-3
1.6107633333E-1	2.2439616117E+1	2.8324819307E-3
1.6392058653E-1	2.2828254453E+1	2.8560165473E-3
1.6678835052E-1	2.3219704378E+1	2.8795034361E-3
1.6967957737E-1	2.3613942588E+1	2.9029422044E-3
1.7259421876E-1	2.4010945347E+1	2.9263324607E-3
1.7553222599E-1	2.4410688488E+1	2.9496738141E-3
1.7849354996E-1	2.4813147406E+1	2.9729658744E-3
1.8147814117E-1	2.5218297054E+1	2.9962082525E-3
1.8448594977E-1	2.5626111943E+1	3.0194005599E-3
1.8751692548E-1	2.6036566138E+1	3.0425424091E-3
1.9057101764E-1	2.6449633254E+1	3.0656334132E-3
1.9364817522E-1	2.6865286453E+1	3.0886731866E-3
1.9674834681E-1	2.7283498443E+1	3.1116613440E-3
1.9987148058E-1	2.7704241473E+1	3.1345975014E-3
2.0301752435E-1	2.8127487335E+1	3.1574812755E-3
2.0618642554E-1	2.8553207354E+1	3.1803122838E-3
2.0937813120E-1	2.8981372393E+1	3.2030901448E-3
2.1259258799E-1	2.9411952847E+1	3.2258144779E-3
2.1582974219E-1	2.9844918644E+1	3.2484849032E-3
2.1908953970E-1	3.0280239237E+1	3.2711010421E-3
2.2237192605E-1	3.0717883609E+1	3.2936625164E-3
2.2567684639E-1	3.1157820268E+1	3.3161689492E-3
2.2900424548E-1	3.1600017245E+1	3.3386199643E-3
2.3235406772E-1	3.2044442095E+1	3.3610151867E-3
2.3572625713E-1	3.2491061892E+1	3.3833542419E-3
2.3912075735E-1	3.2939843233E+1	3.4056367567E-3
2.4253751167E-1	3.3390752231E+1	3.4278623588E-3
2.4597646298E-1	3.3843754519E+1	3.4500306767E-3
2.4943755380E-1	3.4298815247E+1	3.4721413399E-3
2.5292072631E-1	3.4755899083E+1	3.4941939790E-3
2.5642592230E-1	3.5214970211E+1	3.5161882254E-3
2.5995308318E-1	3.5675992329E+1	3.5381237115E-3
2.6350215001E-1	3.6138928656E+1	3.5600000709E-3
2.6707306349E-1	3.6603741923E+1	3.5818169379E-3
2.7066576394E-1	3.7070394380E+1	3.6035739479E-3
2.7428019131E-1	3.7538847793E+1	3.6252707373E-3
2.7791628522E-1	3.8009063447E+1	3.6469069436E-3
2.8157398488E-1	3.8481002143E+1	3.6684822051E-3
2.8525322919E-1	3.8954624204E+1	3.6899961614E-3
2.8895395665E-1	3.9429889472E+1	3.7114484529E-3
2.9267610542E-1	3.9906757310E+1	3.7328387211E-3
2.9641961330E-1	4.0385186606E+1	3.7541666086E-3
3.0018441773E-1	4.0865135771E+1	3.7754317588E-3
3.0397045579E-1	4.1346562745E+1	3.7966338166E-3
3.0777766421E-1	4.1829424994E+1	3.8177724274E-3
3.1160597938E-1	4.2313679517E+1	3.8388472382E-3
3.1545533730E-1	4.2799282846E+1	3.8598578967E-3
3.1932567367E-1	4.3286191049E+1	3.8808040517E-3
3.2321692379E-1	4.3774359731E+1	3.9016853533E-3
3.2712902264E-1	4.4263744042E+1	3.9225014525E-3
3.3106190484E-1	4.4754298674E+1	3.9432520014E-3
3.3501550468E-1	4.5245977869E+1	3.9639366533E-3
3.3898975607E-1	4.5738735421E+1	3.9845550624E-3
3.4298459261E-1	4.6232524679E+1	4.0051068843E-3
3.4699994753E-1	4.6727298552E+1	4.0255917754E-3
3.5103575373E-1	4.7223009514E+1	4.0460093936E-3
3.5509194378E-1	4.7719609605E+1	4.0663593974E-3
3.5916844988E-1	4.8217050442E+1	4.0866414469E-3
3.6326520391E-1	4.8715283215E+1	4.1068552032E-3
3.6738213741E-1	4.9214258702E+1	4.1270003283E-3
3.7151918157E-1	4.9713927265E+1	4.1470764858E-3
3.7567626728E-1	5.0214238862E+1	4.1670833400E-3
3.7985332504E-1	5.0715143049E+1	4.1870205567E-3
3.8405028507E-1	5.1216588990E+1	4.2068878026E-3
3.8826707721E-1	5.1718525456E+1	4.2266847457E-3
3.9250363101E-1	5.2220900839E+1	4.2464110553E-3
3.9675987567E-1	5.2723663154E+1	4.2660664016E-3
4.0103574005E-1	5.3226760047E+1	4.2856504563E-3
4.0533115271E-1	5.3730138802E+1	4.3051628919E-3
4.0964604185E-1	5.4233746349E+1	4.3246033825E-3
4.1398033538E-1	5.4737529269E+1	4.3439716031E-3
4.1833396086E-1	5.5241433802E+1	4.3632672302E-3
4.2270684554E-1	5.5745405860E+1	4.3824899412E-3
4.2709891633E-1	5.6249391026E+1	4.4016394148E-3
4.3151009985E-1	5.6753334570E+1	4.4207153312E-3
4.3594032237E-1	5.7257181454E+1	4.4397173715E-3
4.4038950986E-1	5.7760876341E+1	4.4586452181E-3
4.4485758797E-1	5.8264363604E+1	4.4774985548E-3
4.4934448203E-1	5.8767587334E+1	4.4962770664E-3
4.5385011706E-1	5.9270491352E+1	4.5149804392E-3
4.5837441776E-1	5.9773019215E+1	4.5336083606E-3
4.6291730852E-1	6.0275114230E+1	4.5521605193E-3
4.6747871344E-1	6.0776719458E+1	4.5706366053E-3
4.7205855627E-1	6.1277777729E+1	4.5890363098E-3
4.7665676049E-1	6.1778231651E+1	4.6073593254E-3
4.8127324926E-1	6.2278023619E+1	4.6256053458E-3
4.8590794542E-1	6.2777095828E+1	4.6437740661E-3
4.9056077152E-1	6.3275390279E+1	4.6618651826E-3
4.9523164982E-1	6.3772848798E+1	4.6798783932E-3
4.9992050224E-1	6.4269413040E+1	4.6978133967E-3
5.0462725044E-1	6.4765024502E+1	4.7156698934E-3
5.0935181576E-1	6.5259624538E+1	4.7334475849E-3
5.1409411924E-1	6.5753154366E+1	4.7511461741E-3
5.1885408164E-1	6.6245555084E+1	4.7687653653E-3
5.2363162341E-1	6.6736767678E+1	4.7863048641E-3
5.2842666471E-1	6.7226733039E+1	4.8037643772E-3
5.3323912540E-1	6.7715391970E+1	4.8211436130E-3
5.3806892508E-1	6.8202685202E+1	4.8384422809E-3
5.4291598301E-1	6.8688553407E+1	4.8556600920E-3
5.4778021821E-1	6.9172937209E+1	4.8727967585E-3
5.5266154939E-1	6.9655777196E+1	4.8898519940E-3
5.5755989496E-1	7.0137013937E+1	4.9068255135E-3
5.6247517308E-1	7.0616587992E+1	4.9237170334E-3
5.6740730160E-1	7.1094439926E+1	4.9405262713E-3
5.7235619810E-1	7.1570510325E+1	4.9572529464E-3
5.7732177988E-1	7.2044739803E+1	4.9738967791E-3
5.8230396395E-1	7.2517069025E+1	4.9904574913E-3
5.8730266706E-1	7.2987438712E+1	5.0069348063E-3
5.9231780568E-1	7.3455789661E+1	5.0233284486E-3
5.9734929598E-1	7.3922062756E+1	5.0396381444E-3
6.0239705389E-1	7.4386198985E+1	5.0558636210E-3
6.0746099506E-1	7.4848139449E+1	5.0720046074E-3
6.1254103485E-1	7.5307825381E+1	5.0880608338E-3
6.1763708838E-1	7.5765198161E+1	5.1040320318E-3
6.2274907048E-1	7.6220199325E+1	5.1199179345E-3
6.2787689573E-1	7.6672770584E+1	5.1357182766E-3
6.3302047843E-1	7.7122853838E+1	5.1514327939E-3
6.3817973262E-1	7.7570391191E+1	5.1670612238E-3
6.4335457209E-1	7.8015324961E+1	5.1826033052E-3
6.4854491036E-1	7.8457597703E+1	5.1980587783E-3
6.5375066070E-1	7.8897152215E+1	5.2134273849E-3
6.5897173609E-1	7.9333931560E+1	5.2287088681E-3
6.6420804930E-1	7.9767879076E+1	5.2439029725E-3
6.6945951283E-1	8.0198938393E+1	5.2590094442E-3
6.7472603890E-1	8.0627053447E+1	5.2740280309E-3
6.8000753951E-1	8.1052168495E+1	5.2889584814E-3
6.8530392640E-1	8.1474228132E+1	5.3038005463E-3
6.9061511106E-1	8.1893177299E+1	5.3185539776E-3
6.9594100473E-1	8.2308961307E+1	5.3332185287E-3
7.0128151841E-1	8.2721525846E+1	5.3477939546E-3
7.0663656285E-1	8.3130816999E+1	5.3622800116E-3
7.1200604856E-1	8.3536781260E+1	5.3766764577E-3
7.1738988581E-1	8.3939365547E+1	5.3909830523E-3
7.2278798463E-1	8.4338517218E+1	5.4051995564E-3
7.2820025482E-1	8.4734184082E+1	5.4193257323E-3
7.3362660591E-1	8.5126314417E+1	5.4333613439E-3
7.3906694724E-1	8.5514856982E+1	5.4473061568E-3
7.4452118788E-1	8.5899761033E+1	5.4611599379E-3
7.4998923669E-1	8.6280976337E+1	5.4749224557E-3
7.5547100229E-1	8.6658453185E+1	5.4885934801E-3
7.6096639308E-1	8.7032142406E+1	5.5021727828E-3
7.6647531721E-1	8.7401995381E+1	5.5156601367E-3
7.7199768263E-1	8.7767964058E+1	5.5290553166E-3
7.7753339704E-1	8.8130000966E+1	5.5423580985E-3
7.8308236795E-1	8.8488059224E+1	5.5555682601E-3
7.8864450262E-1	8.8842092559E+1	5.5686855808E-3
7.9421970809E-1	8.9192055319E+1	5.5817098412E-3
7.9980789121E-1	8.9537902484E+1	5.5946408237E-3
8.0540895857E-1	8.9879589677E+1	5.6074783123E-3
8.1102281659E-1	9.0217073183E+1	5.6202220924E-3
8.1664937145E-1	9.0550309956E+1	5.6328719509E-3
8.2228852912E-1	9.0879257633E+1	5.6454276767E-3
8.2794019536E-1	9.1203874548E+1	5.6578890597E-3
8.3360427572E-1	9.1524119738E+1	5.6702558918E-3
8.3928067556E-1	9.1839952965E+1	5.6825279663E-3
8.4496930000E-1	9.2151334716E+1	5.6947050782E-3
8.5067005399E-1	9.2458226224E+1	5.7067870238E-3
8.5638284226E-1	9.2760589472E+1	5.7187736014E-3
8.6210756934E-1	9.3058387207E+1	5.7306646105E-3
8.6784413956E-1	9.3351582953E+1	5.7424598526E-3
8.7359245705E-1	9.3640141017E+1	5.7541591304E-3
8.7935242576E-1	9.3924026499E+1	5.7657622485E-3
8.8512394943E-1	9.4203205308E+1	5.7772690129E-3
8.9090693161E-1	9.4477644164E+1	5.7886792314E-3
8.9670127565E-1	9.4747310613E+1	5.7999927133E-3
9.0250688473E-1	9.5012173032E+1	5.8112092696E-3
9.0832366182E-1	9.5272200641E+1	5.8223287127E-3
9.1415150972E-1	9.5527363510E+1	5.8333508568E-3
9.1999033104E-1	9.5777632568E+1	5.8442755178E-3
9.2584002820E-1	9.6022979608E+1	5.8551025132E-3
9.3170050345E-1	9.6263377301E+1	5.8658316618E-3
9.3757165885E-1	9.6498799197E+1	5.8764627846E-3
9.4345339628E-1	9.6729219734E+1	5.8869957037E-3
9.4934561746E-1	9.6954614247E+1	5.8974302433E-3
9.5524822392E-1	9.7174958972E+1	5.9077662288E-3
9.6116111701E-1	9.7390231053E+1	5.9180034877E-3
9.6708419793E-1	9.7600408547E+1	5.9281418487E-3
9.7301736769E-1	9.7805470431E+1	5.9381811425E-3
9.7896052713E-1	9.8005396605E+1	5.9481212013E-3
9.8491357695E-1	9.8200167899E+1	5.9579618591E-3
9.9087641766E-1	9.8389766078E+1	5.9677029512E-3
9.9684894961E-1	9.8574173841E+1	5.9773443150E-3
1.0028310730E+0	9.8753374832E+1	5.9868857894E-3
1.0088226878E+0	9.8927353638E+1	5.9963272149E-3
1.0148236940E+0	9.9096095795E+1	6.0056684336E-3
1.0208339913E+0	9.9259587790E+1	6.0149092896E-3
1.0268534791E+0	9.9417817062E+1	6.0240496283E-3
1.0328820570E+0	9.9570772007E+1	6.0330892971E-3
1.0389196241E+0	9.9718441976E+1	6.0420281448E-3
1.0449660796E+0	9.9860817281E+1	6.0508660221E-3
1.0510213224E+0	9.9997889192E+1	6.0596027814E-3
1.0570852514E+0	1.0012964994E+2	6.0682382765E-3
1.0631577652E+0	1.0025609272E+2	6.0767723631E-3
1.0692387623E+0	1.0037721167E+2	6.0852048988E-3
1.0753281411E+0	1.0049300191E+2	6.0935357425E-3
1.0814257998E+0	1.0060345952E+2	6.1017647550E-3
1.0875316366E+0	1.0070858151E+2	6.1098917988E-3
1.0936455494E+0	1.0080836589E+2	6.1179167381E-3
1.0997674360E+0	1.0090281157E+2	6.1258394388E-3
1.1058971941E+0	1.0099191847E+2	6.1336597685E-3
1.1120347214E+0	1.0107568743E+2	6.1413775965E-3
1.1181799151E+0	1.0115412022E+2	6.1489927938E-3
1.1243326727E+0	1.0122721960E+2	6.1565052331E-3
1.1304928913E+0	1.0129498924E+2	6.1639147890E-3
1.1366604679E+0	1.0135743374E+2	6.1712213376E-3
1.1428352996E+0	1.0141455866E+2	6.1784247568E-3
1.1490172830E+0	1.0146637047E+2	6.1855249261E-3
1.1552063150E+0	1.0151287656E+2	6.1925217271E-3
1.1614022920E+0	1.0155408526E+2	6.1994150427E-3
1.1676051105E+0	1.0159000578E+2	6.2062047577E-3
1.1738146669E+0	1.0162064826E+2	6.2128907587E-3
1.1800308574E+0	1.0164602373E+2	6.2194729339E-3
1.1862535782E+0	1.0166614413E+2	6.2259511734E-3
1.1924827251E+0	1.0168102225E+2	6.2323253688E-3
1.1987181942E+0	1.0169067181E+2	6.2385954138E-3
1.2049598812E+0	1.0169510735E+2	6.2447612034E-3
1.2112076818E+0	1.0169434432E+2	6.2508226346E-3
1.2174614916E+0	1.0168839899E+2	6.2567796062E-3
1.2237212062E+0	1.0167728850E+2	6.2626320186E-3
1.2299867208E+0	1.0166103083E+2	6.2683797740E-3
1.2362579308E+0	1.0163964478E+2	6.2740227763E-3
1.2425347314E+0	1.0161314997E+2	6.2795609313E-3
1.2488170177E+0	1.0158156683E+2	6.2849941464E-3
1.2551046847E+0	1.0154491662E+2	6.2903223308E-3
1.2613976273E+0	1.0150322135E+2	6.2955453954E-3
1.2676957404E+0	1.0145650384E+2	6.3006632530E-3
1.2739989187E+0	1.0140478767E+2	6.3056758180E-3
1.2803070569E+0	1.0134809718E+2	6.3105830068E-3
1.2866200496E+0	1.0128645747E+2	6.3153847371E-3
1.2929377912E+0	1.0121989437E+2	6.3200809290E-3
1.2992601762E+0	1.0114843443E+2	6.3246715037E-3
1.3055870990E+0	1.0107210493E+2	6.3291563847E-3
1.3119184537E+0	1.0099093384E+2	6.3335354970E-3
1.3182541347E+0	1.0090494982E+2	6.3378087674E-3
1.3245940360E+0	1.0081418223E+2	6.3419761245E-3
1.3309380516E+0	1.0071866108E+2	6.3460374987E-3
1.3372860756E+0	1.0061841702E+2	6.3499928220E-3
1.3436380019E+0	1.0051348137E+2	6.3538420284E-3
1.3499937243E+0	1.0040388606E+2	6.3575850535E-3
1.3563531366E+0	1.0028966365E+2	6.3612218349E-3
1.3627161325E+0	1.0017084727E+2	6.3647523117E-3
1.3690826057E+0	1.0004747068E+2	6.3681764249E-3
1.3754524499E+0	9.9919568177E+1	6.3714941173E-3
1.3818255585E+0	9.9787174645E+1	6.3747053335E-3
1.3882018250E+0	9.9650325504E+1	6.3778100198E-3
1.3945811430E+0	9.9509056709E+1	6.3808081243E-3
1.4009634057E+0	9.9363404733E+1	6.3836995970E-3
1.4073485066E+0	9.9213406558E+1	6.3864843894E-3
1.4137363389E+0	9.9059099652E+1	6.3891624551E-3
1.4201267959E+0	9.8900521963E+1	6.3917337493E-3
1.4265197708E+0	9.8737711901E+1	6.3941982290E-3
1.4329151568E+0	9.8570708322E+1	6.3965558531E-3
1.4393128469E+0	9.8399550517E+1	6.3988065821E-3
1.4457127343E+0	9.8224278197E+1	6.4009503785E-3
1.4521147120E+0	9.8044931475E+1	6.4029872063E-3
1.4585186731E+0	9.7861550854E+1	6.4049170317E-3
1.4649245104E+0	9.7674177215E+1	6.4067398222E-3
1.4713321170E+0	9.7482851796E+1	6.4084555476E-3
1.4777413858E+0	9.7287616183E+1	6.4100641790E-3
1.4841522097E+0	9.7088512292E+1	6.4115656896E-3
1.4905644815E+0	9.6885582358E+1	6.4129600544E-3
1.4969780940E+0	9.6678868916E+1	6.4142472499E-3
1.5033929402E+0	9.6468414788E+1	6.4154272548E-3
1.5098089128E+0	9.6254263071E+1	6.4165000493E-3
1.5162259046E+0	9.6036457119E+1	6.4174656154E-3
1.5226438083E+0	9.5815040529E+1	6.4183239370E-3
1.5290625167E+0	9.5590057130E+1	6.4190749998E-3
1.5354819225E+0	9.5361550963E+1	6.4197187912E-3
1.5419019185E+0	9.5129566273E+1	6.4202553005E-3
1.5483223974E+0	9.4894147488E+1	6.4206845187E-3
1.5547432518E+0	9.4655339212E+1	6.4210064386E-3
1.5611643745E+0	9.4413186204E+1	6.4212210549E-3
1.5675856581E+0	9.4167733370E+1	6.4213283639E-3
1.5740069954E+0	9.3919025744E+1	6.4213283639E-3
1.5804282791E+0	9.3667108479E+1	6.4212210549E-3
1.5868494018E+0	9.3412026829E+1	6.4210064386E-3
1.5932702562E+0	9.3153826138E+1	6.4206845187E-3
1.5996907351E+0	9.2892551828E+1	6.4202553005E-3
1.6061107310E+0	9.2628249381E+1	6.4197187912E-3
1.6125301369E+0	9.2360964328E+1	6.4190749998E-3
1.6189488453E+0	9.2090742241E+1	6.4183239370E-3
1.6253667490E+0	9.1817628711E+1	6.4174656154E-3
1.6317837408E+0	9.1541669341E+1	6.4165000493E-3
1.6381997134E+0	9.1262909735E+1	6.4154272548E-3
1.6446145595E+0	9.0981395479E+1	6.4142472499E-3
1.6510281721E+0	9.0697172136E+1	6.4129600544E-3
1.6574404439E+0	9.0410285229E+1	6.4115656896E-3
1.6638512678E+0	9.0120780230E+1	6.4100641790E-3
1.6702605366E+0	8.9828702552E+1	6.4084555476E-3
1.6766681432E+0	8.9534097532E+1	6.4067398222E-3
1.6830739805E+0	8.9237010422E+1	6.4049170317E-3
1.6894779416E+0	8.8937486379E+1	6.4029872063E-3
1.6958799193E+0	8.8635570453E+1	6.4009503785E-3
1.7022798067E+0	8.8331307575E+1	6.3988065821E-3
1.7086774968E+0	8.8024742551E+1	6.3965558531E-3
1.7150728827E+0	8.7715920044E+1	6.3941982290E-3
1.7214658576E+0	8.7404884572E+1	6.3917337493E-3
1.7278563146E+0	8.7091680490E+1	6.3891624551E-3
1.7342441470E+0	8.6776351990E+1	6.3864843894E-3
1.7406292478E+0	8.6458943081E+1	6.3836995970E-3
1.7470115106E+0	8.6139497587E+1	6.3808081243E-3
1.7533908286E+0	8.5818059136E+1	6.3778100198E-3
1.7597670951E+0	8.5494671150E+1	6.3747053335E-3
1.7661402037E+0	8.5169376836E+1	6.3714941173E-3
1.7725100479E+0	8.4842219182E+1	6.3681764249E-3
1.7788765211E+0	8.4513240943E+1	6.3647523117E-3
1.7852395170E+0	8.4182484635E+1	6.3612218349E-3
1.7915989293E+0	8.3849992530E+1	6.3575850535E-3
1.7979546517E+0	8.3515806645E+1	6.3538420284E-3
1.8043065780E+0	8.3179968736E+1	6.3499928220E-3
1.8106546020E+0	8.2842520292E+1	6.3460374987E-3
1.8169986176E+0	8.2503502526E+1	6.3419761245E-3
1.8233385189E+0	8.2162956370E+1	6.3378087674E-3
1.8296741999E+0	8.1820922470E+1	6.3335354970E-3
1.8360055546E+0	8.1477441175E+1	6.3291563847E-3
1.8423324774E+0	8.1132552537E+1	6.3246715037E-3
1.8486548624E+0	8.0786296300E+1	6.3200809290E-3
1.8549726040E+0	8.0438711900E+1	6.3153847371E-3
1.8612855967E+0	8.0089838455E+1	6.3105830068E-3
1.8675937349E+0	7.9739714763E+1	6.3056758180E-3
1.8738969132E+0	7.9388379294E+1	6.3006632530E-3
1.8801950263E+0	7.9035870191E+1	6.2955453954E-3
1.8864879689E+0	7.8682225261E+1	6.2903223308E-3
1.8927756359E+0	7.8327481970E+1	6.2849941464E-3
1.8990579222E+0	7.7971677445E+1	6.2795609313E-3
1.9053347228E+0	7.7614848464E+1	6.2740227763E-3
1.9116059328E+0	7.7257031457E+1	6.2683797740E-3
1.9178714474E+0	7.6898262501E+1	6.2626320186E-3
1.9241311620E+0	7.6538577317E+1	6.2567796062E-3
1.9303849718E+0	7.6178011265E+1	6.2508226346E-3
1.9366327724E+0	7.5816599347E+1	6.2447612034E-3
1.9428744594E+0	7.5454376200E+1	6.2385954138E-3
1.9491099285E+0	7.5091376096E+1	6.2323253688E-3
1.9553390754E+0	7.4727632937E+1	6.2259511734E-3
1.9615617961E+0	7.4363180257E+1	6.2194729339E-3
1.9677779867E+0	7.3998051220E+1	6.2128907587E-3
1.9739875431E+0	7.3632278616E+1	6.2062047577E-3
1.9801903616E+0	7.3265894861E+1	6.1994150427E-3
1.9863863386E+0	7.2898931996E+1	6.1925217271E-3
1.9925753706E+0	7.2531421690E+1	6.1855249261E-3
1.9987573540E+0	7.2163395230E+1	6.1784247568E-3
2.0049321857E+0	7.1794883531E+1	6.1712213376E-3
2.0110997623E+0	7.1425917130E+1	6.1639147890E-3
2.0172599809E+0	7.1056526186E+1	6.1565052331E-3
2.0234127385E+0	7.0686740481E+1	6.1489927938E-3
2.0295579322E+0	7.0316589421E+1	6.1413775965E-3
2.0356954595E+0	6.9946102035E+1	6.1336597685E-3
2.0418252176E+0	6.9575306976E+1	6.1258394388E-3
2.0479471042E+0	6.9204232523E+1	6.1179167381E-3
2.0540610170E+0	6.8832906579E+1	6.1098917988E-3
2.0601668538E+0	6.8461356675E+1	6.1017647550E-3
2.0662645125E+0	6.8089609969E+1	6.0935357425E-3
2.0723538913E+0	6.7717693247E+1	6.0852048988E-3
2.0784348884E+0	6.7345632928E+1	6.0767723631E-3
2.0845074022E+0	6.6973455060E+1	6.0682382765E-3
2.0905713312E+0	6.6601185325E+1	6.0596027814E-3
2.0966265740E+0	6.6228849044E+1	6.0508660221E-3
2.1026730295E+0	6.5856471170E+1	6.0420281448E-3
2.1087105966E+0	6.5484076299E+1	6.0330892971E-3
2.1147391745E+0	6.5111688666E+1	6.0240496283E-3
2.1207586623E+0	6.4739332151E+1	6.0149092896E-3
2.1267689596E+0	6.4367030280E+1	6.0056684336E-3
2.1327699657E+0	6.3994806227E+1	5.9963272149E-3
2.1387615806E+0	6.3622682816E+1	5.9868857894E-3
2.1447437040E+0	6.3250682527E+1	5.9773443150E-3
2.1507162359E+0	6.2878827493E+1	5.9677029512E-3
2.1566790766E+0	6.2507139509E+1	5.9579618591E-3
2.1626321265E+0	6.2135640031E+1	5.9481212013E-3
2.1685752859E+0	6.1764350178E+1	5.9381811425E-3
2.1745084557E+0	6.1393290741E+1	5.9281418487E-3
2.1804315366E+0	6.1022482179E+1	5.9180034877E-3
2.1863444297E+0	6.0651944626E+1	5.9077662288E-3
2.1922470361E+0	6.0281697893E+1	5.8974302433E-3
2.1981392573E+0	5.9911761474E+1	5.8869957037E-3
2.2040209947E+0	5.9542154546E+1	5.8764627846E-3
2.2098921501E+0	5.9172895972E+1	5.8658316618E-3
2.2157526254E+0	5.8804004308E+1	5.8551025132E-3
2.2216023226E+0	5.8435497804E+1	5.8442755178E-3
2.2274411439E+0	5.8067394410E+1	5.8333508568E-3
2.2332689918E+0	5.7699711775E+1	5.8223287127E-3
2.2390857689E+0	5.7332467254E+1	5.8112092696E-3
2.2448913779E+0	5.6965677913E+1	5.7999927133E-3
2.2506857220E+0	5.6599360529E+1	5.7886792314E-3
2.2564687042E+0	5.6233531596E+1	5.7772690129E-3
2.2622402278E+0	5.5868207330E+1	5.7657622485E-3
2.2680001965E+0	5.5503403667E+1	5.7541591304E-3
2.2737485140E+0	5.5139136276E+1	5.7424598526E-3
2.2794850843E+0	5.4775420554E+1	5.7306646105E-3
2.2852098113E+0	5.4412271635E+1	5.7187736014E-3
2.2909225996E+0	5.4049704393E+1	5.7067870238E-3
2.2966233536E+0	5.3687733444E+1	5.6947050782E-3
2.3023119780E+0	5.3326373151E+1	5.6825279663E-3
2.3079883779E+0	5.2965637630E+1	5.6702558918E-3
2.3136524582E+0	5.2605540750E+1	5.6578890597E-3
2.3193041245E+0	5.2246096139E+1	5.6454276767E-3
2.3249432821E+0	5.1887317188E+1	5.6328719509E-3
2.3305698370E+0	5.1529217054E+1	5.6202220924E-3
2.3361836950E+0	5.1171808666E+1	5.6074783123E-3
2.3417847624E+0	5.0815104725E+1	5.5946408237E-3
2.3473729455E+0	5.0459117710E+1	5.5817098412E-3
2.3529481510E+0	5.0103859884E+1	5.5686855808E-3
2.3585102856E+0	4.9749343292E+1	5.5555682601E-3
2.3640592565E+0	4.9395579773E+1	5.5423580985E-3
2.3695949710E+0	4.9042580955E+1	5.5290553166E-3
2.3751173364E+0	4.8690358264E+1	5.5156601367E-3
2.3806262605E+0	4.8338922929E+1	5.5021727828E-3
2.3861216513E+0	4.7988285979E+1	5.4885934801E-3
2.3916034169E+0	4.7638458255E+1	5.4749224557E-3
2.3970714657E+0	4.7289450407E+1	5.4611599379E-3
2.4025257064E+0	4.6941272900E+1	5.4473061568E-3
2.4079660477E+0	4.6593936021E+1	5.4333613439E-3
2.4133923988E+0	4.6247449874E+1	5.4193257323E-3
2.4188046690E+0	4.5901824395E+1	5.4051995564E-3
2.4242027678E+0	4.5557069344E+1	5.3909830523E-3
2.4295866050E+0	4.5213194316E+1	5.3766764577E-3
2.4349560907E+0	4.4870208743E+1	5.3622800116E-3
2.4403111352E+0	4.4528121896E+1	5.3477939546E-3
2.4456516489E+0	4.4186942886E+1	5.3332185287E-3
2.4509775425E+0	4.3846680675E+1	5.3185539776E-3
2.4562887272E+0	4.3507344071E+1	5.3038005463E-3
2.4615851141E+0	4.3168941736E+1	5.2889584814E-3
2.4668666147E+0	4.2831482188E+1	5.2740280309E-3
2.4721331408E+0	4.2494973802E+1	5.2590094442E-3
2.4773846043E+0	4.2159424817E+1	5.2439029725E-3
2.4826209175E+0	4.1824843338E+1	5.2287088681E-3
2.4878419929E+0	4.1491237335E+1	5.2134273849E-3
2.4930477432E+0	4.1158614652E+1	5.1980587783E-3
2.4982380815E+0	4.0826983005E+1	5.1826033052E-3
2.5034129210E+0	4.0496349987E+1	5.1670612238E-3
2.5085721752E+0	4.0166723073E+1	5.1514327939E-3
2.5137157579E+0	3.9838109618E+1	5.1357182766E-3
2.5188435831E+0	3.9510516863E+1	5.1199179345E-3
2.5239555652E+0	3.9183951936E+1	5.1040320318E-3
2.5290516187E+0	3.8858421858E+1	5.0880608338E-3
2.5341316585E+0	3.8533933541E+1	5.0720046074E-3
2.5391955997E+0	3.8210493793E+1	5.0558636210E-3
2.5442433576E+0	3.7888109320E+1	5.0396381444E-3
2.5492748479E+0	3.7566786731E+1	5.0233284486E-3
2.5542899865E+0	3.7246532535E+1	5.0069348063E-3
2.5592886896E+0	3.6927353148E+1	4.9904574913E-3
2.5642708737E+0	3.6609254894E+1	4.9738967791E-3
2.5692364555E+0	3.6292244006E+1	4.9572529464E-3
2.5741853520E+0	3.5976326631E+1	4.9405262713E-3
2.5791174805E+0	3.5661508828E+1	4.9237170334E-3
2.5840327586E+0	3.5347796576E+1	4.9068255135E-3
2.5889311042E+0	3.5035195769E+1	4.8898519940E-3
2.5938124354E+0	3.4723712225E+1	4.8727967585E-3
2.5986766706E+0	3.4413351683E+1	4.8556600920E-3
2.6035237285E+0	3.4104119807E+1	4.8384422809E-3
2.6083535282E+0	3.3796022188E+1	4.8211436130E-3
2.6131659889E+0	3.3489064347E+1	4.8037643772E-3
2.6179610302E+0	3.3183251732E+1	4.7863048641E-3
2.6227385719E+0	3.2878589726E+1	4.7687653653E-3
2.6274985343E+0	3.2575083645E+1	4.7511461741E-3
2.6322408378E+0	3.2272738741E+1	4.7334475849E-3
2.6369654032E+0	3.1971560204E+1	4.7156698934E-3
2.6416721513E+0	3.1671553160E+1	4.6978133967E-3
2.6463610038E+0	3.1372722679E+1	4.6798783932E-3
2.6510318821E+0	3.1075073772E+1	4.6618651826E-3
2.6556847082E+0	3.0778611393E+1	4.6437740661E-3
2.6603194043E+0	3.0483340441E+1	4.6256053458E-3
2.6649358931E+0	3.0189265762E+1	4.6073593254E-3
2.6695340973E+0	2.9896392150E+1	4.5890363098E-3
2.6741139402E+0	2.9604724349E+1	4.5706366053E-3
2.6786753451E+0	2.9314267051E+1	4.5521605193E-3
2.6832182358E+0	2.9025024902E+1	4.5336083606E-3
2.6877425365E+0	2.8737002502E+1	4.5149804392E-3
2.6922481716E+0	2.8450204402E+1	4.4962770664E-3
2.6967350656E+0	2.8164635111E+1	4.4774985548E-3
2.7012031437E+0	2.7880299094E+1	4.4586452181E-3
2.7056523312E+0	2.7597200774E+1	4.4397173715E-3
2.7100825537E+0	2.7315344531E+1	4.4207153312E-3
2.7144937373E+0	2.7034734708E+1	4.4016394148E-3
2.7188858081E+0	2.6755375607E+1	4.3824899412E-3
2.7232586927E+0	2.6477271491E+1	4.3632672302E-3
2.7276123182E+0	2.6200426588E+1	4.3439716031E-3
2.7319466117E+0	2.5924845087E+1	4.3246033825E-3
2.7362615009E+0	2.5650531144E+1	4.3051628919E-3
2.7405569135E+0	2.5377488879E+1	4.2856504563E-3
2.7448327779E+0	2.5105722379E+1	4.2660664016E-3
2.7490890226E+0	2.4835235697E+1	4.2464110553E-3
2.7533255764E+0	2.4566032856E+1	4.2266847457E-3
2.7575423685E+0	2.4298117845E+1	4.2068878026E-3
2.7617393285E+0	2.4031494625E+1	4.1870205567E-3
2.7659163863E+0	2.3766167123E+1	4.1670833400E-3
2.7700734720E+0	2.3502139242E+1	4.1470764858E-3
2.7742105162E+0	2.3239414852E+1	4.1270003283E-3
2.7783274497E+0	2.2977997796E+1	4.1068552032E-3
2.7824242037E+0	2.2717891892E+1	4.0866414469E-3
2.7865007098E+0	2.2459100927E+1	4.0663593974E-3
2.7905568999E+0	2.2201628665E+1	4.0460093936E-3
2.7945927061E+0	2.1945478843E+1	4.0255917754E-3
2.7986080610E+0	2.1690655172E+1	4.0051068843E-3
2.8026028975E+0	2.1437161340E+1	3.9845550624E-3
2.8065771489E+0	2.1185001009E+1	3.9639366533E-3
2.8105307487E+0	2.0934177818E+1	3.9432520014E-3
2.8144636309E+0	2.0684695382E+1	3.9225014525E-3
2.8183757298E+0	2.0436557293E+1	3.9016853533E-3
2.8222669799E+0	2.0189767121E+1	3.8808040517E-3
2.8261373163E+0	1.9944328414E+1	3.8598578967E-3
2.8299866742E+0	1.9700244697E+1	3.8388472382E-3
2.8338149894E+0	1.9457519473E+1	3.8177724274E-3
2.8376221978E+0	1.9216156225E+1	3.7966338166E-3
2.8414082359E+0	1.8976158416E+1	3.7754317588E-3
2.8451730403E+0	1.8737529485E+1	3.7541666086E-3
2.8489165482E+0	1.8500272854E+1	3.7328387211E-3
2.8526386969E+0	1.8264391922E+1	3.7114484529E-3
2.8563394244E+0	1.8029890072E+1	3.6899961614E-3
2.8600186687E+0	1.7796770663E+1	3.6684822051E-3
2.8636763684E+0	1.7565037036E+1	3.6469069436E-3
2.8673124623E+0	1.7334692516E+1	3.6252707373E-3
2.8709268897E+0	1.7105740404E+1	3.6035739479E-3
2.8745195901E+0	1.6878183985E+1	3.5818169379E-3
2.8780905036E+0	1.6652026524E+1	3.5600000709E-3
2.8816395704E+0	1.6427271270E+1	3.5381237115E-3
2.8851667313E+0	1.6203921451E+1	3.5161882254E-3
2.8886719273E+0	1.5981980277E+1	3.4941939790E-3
2.8921550998E+0	1.5761450941E+1	3.4721413399E-3
2.8956161906E+0	1.5542336617E+1	3.4500306767E-3
2.8990551419E+0	1.5324640461E+1	3.4278623588E-3
2.9024718962E+0	1.5108365613E+1	3.4056367567E-3
2.9058663965E+0	1.4893515194E+1	3.3833542419E-3
2.9092385859E+0	1.4680092305E+1	3.3610151867E-3
2.9125884081E+0	1.4468100034E+1	3.3386199643E-3
2.9159158072E+0	1.4257541448E+1	3.3161689492E-3
2.9192207275E+0	1.4048419597E+1	3.2936625164E-3
2.9225031139E+0	1.3840737516E+1	3.2711010421E-3
2.9257629114E+0	1.3634498218E+1	3.2484849032E-3
2.9290000656E+0	1.3429704703E+1	3.2258144779E-3
2.9322145224E+0	1.3226359951E+1	3.2030901448E-3
2.9354062280E+0	1.3024466926E+1	3.1803122838E-3
2.9385751292E+0	1.2824028573E+1	3.1574812755E-3
2.9417211730E+0	1.2625047821E+1	3.1345975014E-3
2.9448443068E+0	1.2427527582E+1	3.1116613440E-3
2.9479444784E+0	1.2231470748E+1	3.0886731866E-3
2.9510216360E+0	1.2036880197E+1	3.0656334132E-3
2.9540757281E+0	1.1843758787E+1	3.0425424091E-3
2.9571067038E+0	1.1652109360E+1	3.0194005599E-3
2.9601145124E+0	1.1461934738E+1	2.9962082525E-3
2.9630991036E+0	1.1273237728E+1	2.9729658744E-3
2.9660604276E+0	1.1086021119E+1	2.9496738141E-3
2.9689984348E+0	1.0900287682E+1	2.9263324607E-3
2.9719130762E+0	1.0716040168E+1	2.9029422044E-3
2.9748043031E+0	1.0533281314E+1	2.8795034361E-3
2.9776720671E+0	1.0352013837E+1	2.8560165473E-3
2.9805163203E+0	1.0172240436E+1	2.8324819307E-3
2.9833370151E+0	9.9939637922E+0	2.8088999795E-3
2.9861341046E+0	9.8171865687E+0	2.7852710878E-3
2.9889075418E+0	9.6419114105E+0	2.7615956505E-3
2.9916572805E+0	9.4681409443E+0	2.7378740632E-3
2.9943832747E+0	9.2958777784E+0	2.7141067224E-3
2.9970854788E+0	9.1251245026E+0	2.6902940251E-3
2.9997638477E+0	8.9558836882E+0	2.6664363695E-3
3.0024183367E+0	8.7881578877E+0	2.6425341541E-3
3.0050489013E+0	8.6219496351E+0	2.6185877784E-3
3.0076554977E+0	8.4572614454E+0	2.5945976426E-3
3.0102380822E+0	8.2940958145E+0	2.5705641475E-3
3.0127966116E+0	8.1324552196E+0	2.5464876949E-3
3.0153310434E+0	7.9723421185E+0	2.5223686871E-3
3.0178413350E+0	7.8137589496E+0	2.4982075270E-3
3.0203274445E+0	7.6567081322E+0	2.4740046186E-3
3.0227893304E+0	7.5011920660E+0	2.4497603662E-3
3.0252269516E+0	7.3472131309E+0	2.4254751751E-3
3.0276402673E+0	7.1947736874E+0	2.4011494510E-3
3.0300292371E+0	7.0438760758E+0	2.3767836004E-3
3.0323938212E+0	6.8945226168E+0	2.3523780306E-3
3.0347339801E+0	6.7467156107E+0	2.3279331494E-3
3.0370496746E+0	6.6004573378E+0	2.3034493653E-3
3.0393408660E+0	6.4557500579E+0	2.2789270875E-3
3.0416075160E+0	6.3125960105E+0	2.2543667257E-3
3.0438495869E+0	6.1709974146E+0	2.2297686905E-3
3.0460670410E+0	6.0309564682E+0	2.2051333928E-3
3.0482598414E+0	5.8924753488E+0	2.1804612443E-3
3.0504279513E+0	5.7555562127E+0	2.1557526574E-3
3.0525713347E+0	5.6202011955E+0	2.1310080450E-3
3.0546899556E+0	5.4864124111E+0	2.1062278206E-3
3.0567837786E+0	5.3541919526E+0	2.0814123983E-3
3.0588527688E+0	5.2235418913E+0	2.0565621928E-3
3.0608968915E+0	5.0944642771E+0	2.0316776194E-3
3.0629161127E+0	4.9669611382E+0	2.0067590939E-3
3.0649103985E+0	4.8410344809E+0	1.9818070327E-3
3.0668797157E+0	4.7166862896E+0	1.9568218529E-3
3.0688240313E+0	4.5939185267E+0	1.9318039720E-3
3.0707433129E+0	4.4727331323E+0	1.9067538080E-3
3.0726375283E+0	4.3531320244E+0	1.8816717796E-3
3.0745066460E+0	4.2351170982E+0	1.8565583060E-3
3.0763506346E+0	4.1186902268E+0	1.8314138067E-3
3.0781694634E+0	4.0038532601E+0	1.8062387021E-3
3.0799631019E+0	3.8906080256E+0	1.7810334128E-3
3.0817315203E+0	3.7789563278E+0	1.7557983600E-3
3.0834746889E+0	3.6688999481E+0	1.7305339655E-3
3.0851925786E+0	3.5604406446E+0	1.7052406515E-3
3.0868851607E+0	3.4535801523E+0	1.6799188405E-3
3.0885524069E+0	3.3483201828E+0	1.6545689559E-3
3.0901942894E+0	3.2446624241E+0	1.6291914212E-3
3.0918107807E+0	3.1426085406E+0	1.6037866605E-3
3.0934018538E+0	3.0421601729E+0	1.5783550984E-3
3.0949674821E+0	2.9433189378E+0	1.5528971598E-3
3.0965076394E+0	2.8460864280E+0	1.5274132703E-3
3.0980223001E+0	2.7504642124E+0	1.5019038556E-3
3.0995114388E+0	2.6564538354E+0	1.4763693421E-3
3.1009750306E+0	2.5640568172E+0	1.4508101565E-3
3.1024130510E+0	2.4732746535E+0	1.4252267258E-3
3.1038254761E+0	2.3841088157E+0	1.3996194778E-3
3.1052122822E+0	2.2965607503E+0	1.3739888402E-3
3.1065734461E+0	2.2106318793E+0	1.3483352414E-3
3.1079089451E+0	2.1263235996E+0	1.3226591101E-3
3.1092187570E+0	2.0436372834E+0	1.2969608754E-3
3.1105028597E+0	1.9625742778E+0	1.2712409668E-3
3.1117612318E+0	1.8831359046E+0	1.2454998140E-3
3.1129938524E+0	1.8053234606E+0	1.2197378472E-3
3.1142007007E+0	1.7291382172E+0	1.1939554970E-3
3.1153817567E+0	1.6545814202E+0	1.1681531941E-3
3.1165370006E+0	1.5816542901E+0	1.1423313699E-3
3.1176664131E+0	1.5103580218E+0	1.1164904558E-3
3.1187699753E+0	1.4406937843E+0	1.0906308836E-3
3.1198476688E+0	1.3726627209E+0	1.0647530855E-3
3.1208994755E+0	1.3062659493E+0	1.0388574939E-3
3.1219253780E+0	1.2415045608E+0	1.0129445417E-3
3.1229253590E+0	1.1783796210E+0	9.8701466182E-4
3.1238994018E+0	1.1168921692E+0	9.6106828758E-4
3.1248474902E+0	1.0570432186E+0	9.3510585261E-4
3.1257696083E+0	9.9883375622E-1	9.0912779076E-4
3.1266657407E+0	9.4226474251E-1	8.8313453619E-4
3.1275358724E+0	8.8733711166E-1	8.5712652325E-4
3.1283799890E+0	8.3405177135E-1	8.3110418659E-4
3.1291980762E+0	7.8240960268E-1	8.0506796108E-4
3.1299901204E+0	7.3241146014E-1	7.7901828182E-4
3.1307561084E+0	6.8405817155E-1	7.5295558414E-4
3.1314960274E+0	6.3735053793E-1	7.2688030358E-4
3.1322098650E+0	5.9228933355E-1	7.0079287589E-4
3.1328976092E+0	5.4887530575E-1	6.7469373705E-4
3.1335592487E+0	5.0710917498E-1	6.4858332323E-4
3.1341947723E+0	4.6699163468E-1	6.2246207073E-4
3.1348041694E+0	4.2852335128E-1	5.9633041614E-4
3.1353874298E+0	3.9170496410E-1	5.7018879612E-4
3.1359445438E+0	3.5653708531E-1	5.4403764760E-4
3.1364755020E+0	3.2302029993E-1	5.1787740760E-4
3.1369802957E+0	2.9115516571E-1	4.9170851331E-4
3.1374589163E+0	2.6094221314E-1	4.6553140213E-4
3.1379113559E+0	2.3238194541E-1	4.3934651156E-4
3.1383376069E+0	2.0547483831E-1	4.1315427928E-4
3.1387376622E+0	1.8022134028E-1	3.8695514312E-4
3.1391115150E+0	1.5662187228E-1	3.6074954110E-4
3.1394591592E+0	1.3467682784E-1	3.3453791144E-4
3.1397805890E+0	1.1438657295E-1	3.0832069259E-4
3.1400757989E+0	9.5751446054E-2	2.8209832342E-4
3.1403447841E+0	7.8771758008E-2	2.5587124334E-4
3.1405875400E+0	6.3447791986E-2	2.2963989267E-4
3.1408040626E+0	4.9779803399E-2	2.0340471372E-4
3.1409943483E+0	3.7768019691E-2	1.7716615272E-4
3.1411583939E+0	2.7412639940E-2	1.5092466531E-4
3.1412961968E+0	1.8713833830E-2	1.2468073282E-4
3.1414077547E+0	1.1671738615E-2	9.8434919423E-5
3.1414930663E+0	6.2864477324E-3	7.2188137769E-5
3.1415521316E+0	2.5579497266E-3	4.5943520243E-5
3.1415849628E+0	4.8547875430E-4	1.9736940383E-5