# Differential cross section		
# Author: P. Swaczyna	Princeton University	(swaczyna@princeton.edu)
# Date: 	Fri 4 Dec 2020 01:21:15	
# 		
# Elastic collision: H^0 + He^0 -> H^0 + He^0		
# 		
# Red. mass: 	7.5005505498E+8	 eV/c^2
# CM energy: 	4.8417236758E-3	 eV
# Rel speed: 	1.0771821041E+5	 cm/s
# Tot sigma: 	2.4149621576E+2	 a.u.
# Int sigma: 	2.4149621576E+2	 a.u.
# 		
# Columns:		
# the <- scattering angle (rad)		
# dcs <- dsigma/dOmega*2*pi*sin(the) (a.u. = 2.8002852056E-17 cm^2)		
# wei <- weight for cross section integration (approx. width of angle bin)		
# 		
# the	dcs	wei
7.6907532846E-6	1.2562305148E-2	1.9736940383E-5
4.0521979771E-5	6.6189806357E-2	4.5943520243E-5
9.9587300392E-5	1.6266884949E-1	7.2188137769E-5
1.8489884726E-4	3.0201921953E-1	9.8434919423E-5
2.9645680168E-4	4.8424112288E-1	1.2468073282E-4
4.3425968311E-4	7.0933194612E-1	1.5092466531E-4
5.9830531657E-4	9.7728777408E-1	1.7716615272E-4
7.8859101285E-4	1.2881036075E+0	2.0340471372E-4
1.0051136166E-3	1.6417733502E+0	2.2963989267E-4
1.2478695220E-3	2.0382897292E+0	2.5587124334E-4
1.5168546797E-3	2.4776441848E+0	2.8209832342E-4
1.8120645986E-3	2.9598267400E+0	3.0832069259E-4
2.1334943481E-3	3.4848258536E+0	3.3453791144E-4
2.4811385584E-3	4.0526282579E+0	3.6074954110E-4
2.8549914211E-3	4.6632187809E+0	3.8695514312E-4
3.2550466893E-3	5.3165801546E+0	4.1315427928E-4
3.6812976783E-3	6.0126928091E+0	4.3934651156E-4
4.1337372652E-3	6.7515346514E+0	4.6553140213E-4
4.6123578895E-3	7.5330808313E+0	4.9170851331E-4
5.1171515529E-3	8.3573034922E+0	5.1787740760E-4
5.6481098199E-3	9.2241715086E+0	5.4403764760E-4
6.2052238176E-3	1.0133650210E+1	5.7018879612E-4
6.7884842360E-3	1.1085701089E+1	5.9633041614E-4
7.3978813281E-3	1.2080281499E+1	6.2246207073E-4
8.0334049101E-3	1.3117344336E+1	6.4858332323E-4
8.6950443616E-3	1.4196837709E+1	6.7469373705E-4
9.3827886258E-3	1.5318704592E+1	7.0079287589E-4
1.0096626210E-2	1.6482882472E+1	7.2688030358E-4
1.0836545184E-2	1.7689302975E+1	7.5295558414E-4
1.1602533184E-2	1.8937891486E+1	7.7901828182E-4
1.2394577408E-2	2.0228566750E+1	8.0506796108E-4
1.3212664621E-2	2.1561240467E+1	8.3110418659E-4
1.4056781152E-2	2.2935816873E+1	8.5712652325E-4
1.4926912893E-2	2.4352192306E+1	8.8313453619E-4
1.5823045305E-2	2.5810254764E+1	9.0912779076E-4
1.6745163410E-2	2.7309883448E+1	9.3510585261E-4
1.7693251801E-2	2.8850948303E+1	9.6106828758E-4
1.8667294632E-2	3.0433309533E+1	9.8701466182E-4
1.9667275626E-2	3.2056817120E+1	1.0129445417E-3
2.0693178073E-2	3.3721310326E+1	1.0388574939E-3
2.1744984827E-2	3.5426617188E+1	1.0647530855E-3
2.2822678313E-2	3.7172553997E+1	1.0906308836E-3
2.3926240519E-2	3.8958924782E+1	1.1164904558E-3
2.5055653005E-2	4.0785520770E+1	1.1423313699E-3
2.6210896896E-2	4.2652119849E+1	1.1681531941E-3
2.7391952886E-2	4.4558486020E+1	1.1939554970E-3
2.8598801239E-2	4.6504368841E+1	1.2197378472E-3
2.9831421786E-2	4.8489502866E+1	1.2454998140E-3
3.1089793929E-2	5.0513607079E+1	1.2712409668E-3
3.2373896638E-2	5.2576384320E+1	1.2969608754E-3
3.3683708455E-2	5.4677520713E+1	1.3226591101E-3
3.5019207490E-2	5.6816685081E+1	1.3483352414E-3
3.6380371427E-2	5.8993528363E+1	1.3739888402E-3
3.7767177517E-2	6.1207683034E+1	1.3996194778E-3
3.9179602586E-2	6.3458762511E+1	1.4252267258E-3
4.0617623030E-2	6.5746360568E+1	1.4508101565E-3
4.2081214817E-2	6.8070050748E+1	1.4763693421E-3
4.3570353490E-2	7.0429385776E+1	1.5019038556E-3
4.5085014162E-2	7.2823896975E+1	1.5274132703E-3
4.6625171522E-2	7.5253093679E+1	1.5528971598E-3
4.8190799831E-2	7.7716462659E+1	1.5783550984E-3
4.9781872927E-2	8.0213467550E+1	1.6037866605E-3
5.1398364219E-2	8.2743548276E+1	1.6291914212E-3
5.3040246694E-2	8.5306120494E+1	1.6545689559E-3
5.4707492914E-2	8.7900575043E+1	1.6799188405E-3
5.6400075017E-2	9.0526277390E+1	1.7052406515E-3
5.8117964718E-2	9.3182567107E+1	1.7305339655E-3
5.9861133308E-2	9.5868757342E+1	1.7557983600E-3
6.1629551657E-2	9.8584134308E+1	1.7810334128E-3
6.3423190212E-2	1.0132795679E+2	1.8062387021E-3
6.5242019000E-2	1.0409945568E+2	1.8314138067E-3
6.7086007624E-2	1.0689783346E+2	1.8565583060E-3
6.8955125270E-2	1.0972226383E+2	1.8816717796E-3
7.0849340702E-2	1.1257189123E+2	1.9067538080E-3
7.2768622264E-2	1.1544583044E+2	1.9318039720E-3
7.4712937885E-2	1.1834316623E+2	1.9568218529E-3
7.6682255070E-2	1.2126295296E+2	1.9818070327E-3
7.8676540910E-2	1.2420421425E+2	2.0067590939E-3
8.0695762079E-2	1.2716594271E+2	2.0316776194E-3
8.2739884832E-2	1.3014709962E+2	2.0565621928E-3
8.4808875009E-2	1.3314661470E+2	2.0814123983E-3
8.6902698034E-2	1.3616338588E+2	2.1062278206E-3
8.9021318917E-2	1.3919627914E+2	2.1310080450E-3
9.1164702253E-2	1.4224412833E+2	2.1557526574E-3
9.3332812224E-2	1.4530573508E+2	2.1804612443E-3
9.5525612596E-2	1.4837986871E+2	2.2051333928E-3
9.7743066726E-2	1.5146526619E+2	2.2297686905E-3
9.9985137556E-2	1.5456063216E+2	2.2543667257E-3
1.0225178762E-1	1.5766463899E+2	2.2789270875E-3
1.0454297904E-1	1.6077592682E+2	2.3034493653E-3
1.0685867352E-1	1.6389310375E+2	2.3279331494E-3
1.0919883237E-1	1.6701474602E+2	2.3523780306E-3
1.1156341648E-1	1.7013939820E+2	2.3767836004E-3
1.1395238633E-1	1.7326557355E+2	2.4011494510E-3
1.1636570200E-1	1.7639175428E+2	2.4254751751E-3
1.1880332317E-1	1.7951639199E+2	2.4497603662E-3
1.2126520909E-1	1.8263790813E+2	2.4740046186E-3
1.2375131862E-1	1.8575469443E+2	2.4982075270E-3
1.2626161023E-1	1.8886511355E+2	2.5223686871E-3
1.2879604195E-1	1.9196749966E+2	2.5464876949E-3
1.3135457143E-1	1.9506015909E+2	2.5705641475E-3
1.3393715592E-1	1.9814137113E+2	2.5945976426E-3
1.3654375226E-1	2.0120938881E+2	2.6185877784E-3
1.3917431689E-1	2.0426243977E+2	2.6425341541E-3
1.4182880585E-1	2.0729872717E+2	2.6664363695E-3
1.4450717478E-1	2.1031643074E+2	2.6902940251E-3
1.4720937892E-1	2.1331370782E+2	2.7141067224E-3
1.4993537310E-1	2.1628869448E+2	2.7378740632E-3
1.5268511179E-1	2.1923950675E+2	2.7615956505E-3
1.5545854902E-1	2.2216424186E+2	2.7852710878E-3
1.5825563845E-1	2.2506097961E+2	2.8088999795E-3
1.6107633333E-1	2.2792778377E+2	2.8324819307E-3
1.6392058653E-1	2.3076270352E+2	2.8560165473E-3
1.6678835052E-1	2.3356377506E+2	2.8795034361E-3
1.6967957737E-1	2.3632902318E+2	2.9029422044E-3
1.7259421876E-1	2.3905646294E+2	2.9263324607E-3
1.7553222599E-1	2.4174410147E+2	2.9496738141E-3
1.7849354996E-1	2.4438993974E+2	2.9729658744E-3
1.8147814117E-1	2.4699197447E+2	2.9962082525E-3
1.8448594977E-1	2.4954820008E+2	3.0194005599E-3
1.8751692548E-1	2.5205661072E+2	3.0425424091E-3
1.9057101764E-1	2.5451520233E+2	3.0656334132E-3
1.9364817522E-1	2.5692197482E+2	3.0886731866E-3
1.9674834681E-1	2.5927493425E+2	3.1116613440E-3
1.9987148058E-1	2.6157209509E+2	3.1345975014E-3
2.0301752435E-1	2.6381148257E+2	3.1574812755E-3
2.0618642554E-1	2.6599113505E+2	3.1803122838E-3
2.0937813120E-1	2.6810910644E+2	3.2030901448E-3
2.1259258799E-1	2.7016346870E+2	3.2258144779E-3
2.1582974219E-1	2.7215231436E+2	3.2484849032E-3
2.1908953970E-1	2.7407375910E+2	3.2711010421E-3
2.2237192605E-1	2.7592594435E+2	3.2936625164E-3
2.2567684639E-1	2.7770703998E+2	3.3161689492E-3
2.2900424548E-1	2.7941524695E+2	3.3386199643E-3
2.3235406772E-1	2.8104880007E+2	3.3610151867E-3
2.3572625713E-1	2.8260597071E+2	3.3833542419E-3
2.3912075735E-1	2.8408506962E+2	3.4056367567E-3
2.4253751167E-1	2.8548444966E+2	3.4278623588E-3
2.4597646298E-1	2.8680250865E+2	3.4500306767E-3
2.4943755380E-1	2.8803769219E+2	3.4721413399E-3
2.5292072631E-1	2.8918849643E+2	3.4941939790E-3
2.5642592230E-1	2.9025347095E+2	3.5161882254E-3
2.5995308318E-1	2.9123122154E+2	3.5381237115E-3
2.6350215001E-1	2.9212041299E+2	3.5600000709E-3
2.6707306349E-1	2.9291977192E+2	3.5818169379E-3
2.7066576394E-1	2.9362808951E+2	3.6035739479E-3
2.7428019131E-1	2.9424422426E+2	3.6252707373E-3
2.7791628522E-1	2.9476710467E+2	3.6469069436E-3
2.8157398488E-1	2.9519573193E+2	3.6684822051E-3
2.8525322919E-1	2.9552918251E+2	3.6899961614E-3
2.8895395665E-1	2.9576661076E+2	3.7114484529E-3
2.9267610542E-1	2.9590725138E+2	3.7328387211E-3
2.9641961330E-1	2.9595042190E+2	3.7541666086E-3
3.0018441773E-1	2.9589552501E+2	3.7754317588E-3
3.0397045579E-1	2.9574205088E+2	3.7966338166E-3
3.0777766421E-1	2.9548957936E+2	3.8177724274E-3
3.1160597938E-1	2.9513778211E+2	3.8388472382E-3
3.1545533730E-1	2.9468642459E+2	3.8598578967E-3
3.1932567367E-1	2.9413536800E+2	3.8808040517E-3
3.2321692379E-1	2.9348457104E+2	3.9016853533E-3
3.2712902264E-1	2.9273409168E+2	3.9225014525E-3
3.3106190484E-1	2.9188408863E+2	3.9432520014E-3
3.3501550468E-1	2.9093482282E+2	3.9639366533E-3
3.3898975607E-1	2.8988665870E+2	3.9845550624E-3
3.4298459261E-1	2.8874006535E+2	4.0051068843E-3
3.4699994753E-1	2.8749561755E+2	4.0255917754E-3
3.5103575373E-1	2.8615399657E+2	4.0460093936E-3
3.5509194378E-1	2.8471599089E+2	4.0663593974E-3
3.5916844988E-1	2.8318249673E+2	4.0866414469E-3
3.6326520391E-1	2.8155451840E+2	4.1068552032E-3
3.6738213741E-1	2.7983316846E+2	4.1270003283E-3
3.7151918157E-1	2.7801966778E+2	4.1470764858E-3
3.7567626728E-1	2.7611534529E+2	4.1670833400E-3
3.7985332504E-1	2.7412163766E+2	4.1870205567E-3
3.8405028507E-1	2.7204008875E+2	4.2068878026E-3
3.8826707721E-1	2.6987234879E+2	4.2266847457E-3
3.9250363101E-1	2.6762017352E+2	4.2464110553E-3
3.9675987567E-1	2.6528542296E+2	4.2660664016E-3
4.0103574005E-1	2.6287006014E+2	4.2856504563E-3
4.0533115271E-1	2.6037614947E+2	4.3051628919E-3
4.0964604185E-1	2.5780585504E+2	4.3246033825E-3
4.1398033538E-1	2.5516143863E+2	4.3439716031E-3
4.1833396086E-1	2.5244525756E+2	4.3632672302E-3
4.2270684554E-1	2.4965976231E+2	4.3824899412E-3
4.2709891633E-1	2.4680749397E+2	4.4016394148E-3
4.3151009985E-1	2.4389108143E+2	4.4207153312E-3
4.3594032237E-1	2.4091323842E+2	4.4397173715E-3
4.4038950986E-1	2.3787676036E+2	4.4586452181E-3
4.4485758797E-1	2.3478452096E+2	4.4774985548E-3
4.4934448203E-1	2.3163946868E+2	4.4962770664E-3
4.5385011706E-1	2.2844462298E+2	4.5149804392E-3
4.5837441776E-1	2.2520307040E+2	4.5336083606E-3
4.6291730852E-1	2.2191796044E+2	4.5521605193E-3
4.6747871344E-1	2.1859250132E+2	4.5706366053E-3
4.7205855627E-1	2.1522995547E+2	4.5890363098E-3
4.7665676049E-1	2.1183363503E+2	4.6073593254E-3
4.8127324926E-1	2.0840689701E+2	4.6256053458E-3
4.8590794542E-1	2.0495313845E+2	4.6437740661E-3
4.9056077152E-1	2.0147579137E+2	4.6618651826E-3
4.9523164982E-1	1.9797831766E+2	4.6798783932E-3
4.9992050224E-1	1.9446420376E+2	4.6978133967E-3
5.0462725044E-1	1.9093695532E+2	4.7156698934E-3
5.0935181576E-1	1.8740009172E+2	4.7334475849E-3
5.1409411924E-1	1.8385714055E+2	4.7511461741E-3
5.1885408164E-1	1.8031163193E+2	4.7687653653E-3
5.2363162341E-1	1.7676709289E+2	4.7863048641E-3
5.2842666471E-1	1.7322704157E+2	4.8037643772E-3
5.3323912540E-1	1.6969498151E+2	4.8211436130E-3
5.3806892508E-1	1.6617439582E+2	4.8384422809E-3
5.4291598301E-1	1.6266874137E+2	4.8556600920E-3
5.4778021821E-1	1.5918144300E+2	4.8727967585E-3
5.5266154939E-1	1.5571588775E+2	4.8898519940E-3
5.5755989496E-1	1.5227541906E+2	4.9068255135E-3
5.6247517308E-1	1.4886333107E+2	4.9237170334E-3
5.6740730160E-1	1.4548286298E+2	4.9405262713E-3
5.7235619810E-1	1.4213719345E+2	4.9572529464E-3
5.7732177988E-1	1.3882943507E+2	4.9738967791E-3
5.8230396395E-1	1.3556262901E+2	4.9904574913E-3
5.8730266706E-1	1.3233973965E+2	5.0069348063E-3
5.9231780568E-1	1.2916364951E+2	5.0233284486E-3
5.9734929598E-1	1.2603715413E+2	5.0396381444E-3
6.0239705389E-1	1.2296295725E+2	5.0558636210E-3
6.0746099506E-1	1.1994366609E+2	5.0720046074E-3
6.1254103485E-1	1.1698178683E+2	5.0880608338E-3
6.1763708838E-1	1.1407972023E+2	5.1040320318E-3
6.2274907048E-1	1.1123975754E+2	5.1199179345E-3
6.2787689573E-1	1.0846407658E+2	5.1357182766E-3
6.3302047843E-1	1.0575473801E+2	5.1514327939E-3
6.3817973262E-1	1.0311368191E+2	5.1670612238E-3
6.4335457209E-1	1.0054272455E+2	5.1826033052E-3
6.4854491036E-1	9.8043555434E+1	5.1980587783E-3
6.5375066070E-1	9.5617734631E+1	5.2134273849E-3
6.5897173609E-1	9.3266690352E+1	5.2287088681E-3
6.6420804930E-1	9.0991716815E+1	5.2439029725E-3
6.6945951283E-1	8.8793972406E+1	5.2590094442E-3
6.7472603890E-1	8.6674478128E+1	5.2740280309E-3
6.8000753951E-1	8.4634116352E+1	5.2889584814E-3
6.8530392640E-1	8.2673629872E+1	5.3038005463E-3
6.9061511106E-1	8.0793621269E+1	5.3185539776E-3
6.9594100473E-1	7.8994552585E+1	5.3332185287E-3
7.0128151841E-1	7.7276745307E+1	5.3477939546E-3
7.0663656285E-1	7.5640380672E+1	5.3622800116E-3
7.1200604856E-1	7.4085500277E+1	5.3766764577E-3
7.1738988581E-1	7.2612007010E+1	5.3909830523E-3
7.2278798463E-1	7.1219666290E+1	5.4051995564E-3
7.2820025482E-1	6.9908107614E+1	5.4193257323E-3
7.3362660591E-1	6.8676826411E+1	5.4333613439E-3
7.3906694724E-1	6.7525186202E+1	5.4473061568E-3
7.4452118788E-1	6.6452421047E+1	5.4611599379E-3
7.4998923669E-1	6.5457638288E+1	5.4749224557E-3
7.5547100229E-1	6.4539821574E+1	5.4885934801E-3
7.6096639308E-1	6.3697834163E+1	5.5021727828E-3
7.6647531721E-1	6.2930422482E+1	5.5156601367E-3
7.7199768263E-1	6.2236219951E+1	5.5290553166E-3
7.7753339704E-1	6.1613751056E+1	5.5423580985E-3
7.8308236795E-1	6.1061435645E+1	5.5555682601E-3
7.8864450262E-1	6.0577593459E+1	5.5686855808E-3
7.9421970809E-1	6.0160448869E+1	5.5817098412E-3
7.9980789121E-1	5.9808135809E+1	5.5946408237E-3
8.0540895857E-1	5.9518702898E+1	5.6074783123E-3
8.1102281659E-1	5.9290118725E+1	5.6202220924E-3
8.1664937145E-1	5.9120277294E+1	5.6328719509E-3
8.2228852912E-1	5.9007003604E+1	5.6454276767E-3
8.2794019536E-1	5.8948059358E+1	5.6578890597E-3
8.3360427572E-1	5.8941148771E+1	5.6702558918E-3
8.3928067556E-1	5.8983924478E+1	5.6825279663E-3
8.4496930000E-1	5.9073993509E+1	5.6947050782E-3
8.5067005399E-1	5.9208923328E+1	5.7067870238E-3
8.5638284226E-1	5.9386247904E+1	5.7187736014E-3
8.6210756934E-1	5.9603473814E+1	5.7306646105E-3
8.6784413956E-1	5.9858086345E+1	5.7424598526E-3
8.7359245705E-1	6.0147555589E+1	5.7541591304E-3
8.7935242576E-1	6.0469342510E+1	5.7657622485E-3
8.8512394943E-1	6.0820904960E+1	5.7772690129E-3
8.9090693161E-1	6.1199703644E+1	5.7886792314E-3
8.9670127565E-1	6.1603207994E+1	5.7999927133E-3
9.0250688473E-1	6.2028901963E+1	5.8112092696E-3
9.0832366182E-1	6.2474289693E+1	5.8223287127E-3
9.1415150972E-1	6.2936901073E+1	5.8333508568E-3
9.1999033104E-1	6.3414297148E+1	5.8442755178E-3
9.2584002820E-1	6.3904075374E+1	5.8551025132E-3
9.3170050345E-1	6.4403874708E+1	5.8658316618E-3
9.3757165885E-1	6.4911380517E+1	5.8764627846E-3
9.4345339628E-1	6.5424329288E+1	5.8869957037E-3
9.4934561746E-1	6.5940513141E+1	5.8974302433E-3
9.5524822392E-1	6.6457784118E+1	5.9077662288E-3
9.6116111701E-1	6.6974058252E+1	5.9180034877E-3
9.6708419793E-1	6.7487319391E+1	5.9281418487E-3
9.7301736769E-1	6.7995622792E+1	5.9381811425E-3
9.7896052713E-1	6.8497098449E+1	5.9481212013E-3
9.8491357695E-1	6.8989954167E+1	5.9579618591E-3
9.9087641766E-1	6.9472478378E+1	5.9677029512E-3
9.9684894961E-1	6.9943042673E+1	5.9773443150E-3
1.0028310730E+0	7.0400104078E+1	5.9868857894E-3
1.0088226878E+0	7.0842207035E+1	5.9963272149E-3
1.0148236940E+0	7.1267985121E+1	6.0056684336E-3
1.0208339913E+0	7.1676162471E+1	6.0149092896E-3
1.0268534791E+0	7.2065554937E+1	6.0240496283E-3
1.0328820570E+0	7.2435070950E+1	6.0330892971E-3
1.0389196241E+0	7.2783712119E+1	6.0420281448E-3
1.0449660796E+0	7.3110573545E+1	6.0508660221E-3
1.0510213224E+0	7.3414843866E+1	6.0596027814E-3
1.0570852514E+0	7.3695805030E+1	6.0682382765E-3
1.0631577652E+0	7.3952831817E+1	6.0767723631E-3
1.0692387623E+0	7.4185391083E+1	6.0852048988E-3
1.0753281411E+0	7.4393040774E+1	6.0935357425E-3
1.0814257998E+0	7.4575428688E+1	6.1017647550E-3
1.0875316366E+0	7.4732290996E+1	6.1098917988E-3
1.0936455494E+0	7.4863450550E+1	6.1179167381E-3
1.0997674360E+0	7.4968814962E+1	6.1258394388E-3
1.1058971941E+0	7.5048374483E+1	6.1336597685E-3
1.1120347214E+0	7.5102199687E+1	6.1413775965E-3
1.1181799151E+0	7.5130438962E+1	6.1489927938E-3
1.1243326727E+0	7.5133315833E+1	6.1565052331E-3
1.1304928913E+0	7.5111126126E+1	6.1639147890E-3
1.1366604679E+0	7.5064234974E+1	6.1712213376E-3
1.1428352996E+0	7.4993073691E+1	6.1784247568E-3
1.1490172830E+0	7.4898136525E+1	6.1855249261E-3
1.1552063150E+0	7.4779977291E+1	6.1925217271E-3
1.1614022920E+0	7.4639205914E+1	6.1994150427E-3
1.1676051105E+0	7.4476484884E+1	6.2062047577E-3
1.1738146669E+0	7.4292525637E+1	6.2128907587E-3
1.1800308574E+0	7.4088084882E+1	6.2194729339E-3
1.1862535782E+0	7.3863960880E+1	6.2259511734E-3
1.1924827251E+0	7.3620989693E+1	6.2323253688E-3
1.1987181942E+0	7.3360041413E+1	6.2385954138E-3
1.2049598812E+0	7.3082016380E+1	6.2447612034E-3
1.2112076818E+0	7.2787841420E+1	6.2508226346E-3
1.2174614916E+0	7.2478466083E+1	6.2567796062E-3
1.2237212062E+0	7.2154858927E+1	6.2626320186E-3
1.2299867208E+0	7.1818003836E+1	6.2683797740E-3
1.2362579308E+0	7.1468896391E+1	6.2740227763E-3
1.2425347314E+0	7.1108540312E+1	6.2795609313E-3
1.2488170177E+0	7.0737943961E+1	6.2849941464E-3
1.2551046847E+0	7.0358116944E+1	6.2903223308E-3
1.2613976273E+0	6.9970066797E+1	6.2955453954E-3
1.2676957404E+0	6.9574795771E+1	6.3006632530E-3
1.2739989187E+0	6.9173297737E+1	6.3056758180E-3
1.2803070569E+0	6.8766555203E+1	6.3105830068E-3
1.2866200496E+0	6.8355536451E+1	6.3153847371E-3
1.2929377912E+0	6.7941192810E+1	6.3200809290E-3
1.2992601762E+0	6.7524456069E+1	6.3246715037E-3
1.3055870990E+0	6.7106236020E+1	6.3291563847E-3
1.3119184537E+0	6.6687418161E+1	6.3335354970E-3
1.3182541347E+0	6.6268861532E+1	6.3378087674E-3
1.3245940360E+0	6.5851396724E+1	6.3419761245E-3
1.3309380516E+0	6.5435824023E+1	6.3460374987E-3
1.3372860756E+0	6.5022911728E+1	6.3499928220E-3
1.3436380019E+0	6.4613394613E+1	6.3538420284E-3
1.3499937243E+0	6.4207972563E+1	6.3575850535E-3
1.3563531366E+0	6.3807309357E+1	6.3612218349E-3
1.3627161325E+0	6.3412031614E+1	6.3647523117E-3
1.3690826057E+0	6.3022727899E+1	6.3681764249E-3
1.3754524499E+0	6.2639947985E+1	6.3714941173E-3
1.3818255585E+0	6.2264202260E+1	6.3747053335E-3
1.3882018250E+0	6.1895961301E+1	6.3778100198E-3
1.3945811430E+0	6.1535655581E+1	6.3808081243E-3
1.4009634057E+0	6.1183675329E+1	6.3836995970E-3
1.4073485066E+0	6.0840370531E+1	6.3864843894E-3
1.4137363389E+0	6.0506051059E+1	6.3891624551E-3
1.4201267959E+0	6.0180986946E+1	6.3917337493E-3
1.4265197708E+0	5.9865408769E+1	6.3941982290E-3
1.4329151568E+0	5.9559508170E+1	6.3965558531E-3
1.4393128469E+0	5.9263438481E+1	6.3988065821E-3
1.4457127343E+0	5.8977315464E+1	6.4009503785E-3
1.4521147120E+0	5.8701218153E+1	6.4029872063E-3
1.4585186731E+0	5.8435189789E+1	6.4049170317E-3
1.4649245104E+0	5.8179238854E+1	6.4067398222E-3
1.4713321170E+0	5.7933340177E+1	6.4084555476E-3
1.4777413858E+0	5.7697436132E+1	6.4100641790E-3
1.4841522097E+0	5.7471437888E+1	6.4115656896E-3
1.4905644815E+0	5.7255226740E+1	6.4129600544E-3
1.4969780940E+0	5.7048655486E+1	6.4142472499E-3
1.5033929402E+0	5.6851549857E+1	6.4154272548E-3
1.5098089128E+0	5.6663709990E+1	6.4165000493E-3
1.5162259046E+0	5.6484911935E+1	6.4174656154E-3
1.5226438083E+0	5.6314909197E+1	6.4183239370E-3
1.5290625167E+0	5.6153434299E+1	6.4190749998E-3
1.5354819225E+0	5.6000200354E+1	6.4197187912E-3
1.5419019185E+0	5.5854902664E+1	6.4202553005E-3
1.5483223974E+0	5.5717220307E+1	6.4206845187E-3
1.5547432518E+0	5.5586817736E+1	6.4210064386E-3
1.5611643745E+0	5.5463346361E+1	6.4212210549E-3
1.5675856581E+0	5.5346446125E+1	6.4213283639E-3
1.5740069954E+0	5.5235747062E+1	6.4213283639E-3
1.5804282791E+0	5.5130870831E+1	6.4212210549E-3
1.5868494018E+0	5.5031432223E+1	6.4210064386E-3
1.5932702562E+0	5.4937040642E+1	6.4206845187E-3
1.5996907351E+0	5.4847301542E+1	6.4202553005E-3
1.6061107310E+0	5.4761817830E+1	6.4197187912E-3
1.6125301369E+0	5.4680191230E+1	6.4190749998E-3
1.6189488453E+0	5.4602023592E+1	6.4183239370E-3
1.6253667490E+0	5.4526918161E+1	6.4174656154E-3
1.6317837408E+0	5.4454480790E+1	6.4165000493E-3
1.6381997134E+0	5.4384321098E+1	6.4154272548E-3
1.6446145595E+0	5.4316053578E+1	6.4142472499E-3
1.6510281721E+0	5.4249298642E+1	6.4129600544E-3
1.6574404439E+0	5.4183683607E+1	6.4115656896E-3
1.6638512678E+0	5.4118843627E+1	6.4100641790E-3
1.6702605366E+0	5.4054422556E+1	6.4084555476E-3
1.6766681432E+0	5.3990073751E+1	6.4067398222E-3
1.6830739805E+0	5.3925460820E+1	6.4049170317E-3
1.6894779416E+0	5.3860258295E+1	6.4029872063E-3
1.6958799193E+0	5.3794152256E+1	6.4009503785E-3
1.7022798067E+0	5.3726840880E+1	6.3988065821E-3
1.7086774968E+0	5.3658034941E+1	6.3965558531E-3
1.7150728827E+0	5.3587458239E+1	6.3941982290E-3
1.7214658576E+0	5.3514847974E+1	6.3917337493E-3
1.7278563146E+0	5.3439955062E+1	6.3891624551E-3
1.7342441470E+0	5.3362544393E+1	6.3864843894E-3
1.7406292478E+0	5.3282395029E+1	6.3836995970E-3
1.7470115106E+0	5.3199300353E+1	6.3808081243E-3
1.7533908286E+0	5.3113068164E+1	6.3778100198E-3
1.7597670951E+0	5.3023520718E+1	6.3747053335E-3
1.7661402037E+0	5.2930494725E+1	6.3714941173E-3
1.7725100479E+0	5.2833841297E+1	6.3681764249E-3
1.7788765211E+0	5.2733425847E+1	6.3647523117E-3
1.7852395170E+0	5.2629127956E+1	6.3612218349E-3
1.7915989293E+0	5.2520841192E+1	6.3575850535E-3
1.7979546517E+0	5.2408472888E+1	6.3538420284E-3
1.8043065780E+0	5.2291943897E+1	6.3499928220E-3
1.8106546020E+0	5.2171188303E+1	6.3460374987E-3
1.8169986176E+0	5.2046153103E+1	6.3419761245E-3
1.8233385189E+0	5.1916797869E+1	6.3378087674E-3
1.8296741999E+0	5.1783094370E+1	6.3335354970E-3
1.8360055546E+0	5.1645026188E+1	6.3291563847E-3
1.8423324774E+0	5.1502588295E+1	6.3246715037E-3
1.8486548624E+0	5.1355786626E+1	6.3200809290E-3
1.8549726040E+0	5.1204637627E+1	6.3153847371E-3
1.8612855967E+0	5.1049167794E+1	6.3105830068E-3
1.8675937349E+0	5.0889413195E+1	6.3056758180E-3
1.8738969132E+0	5.0725418990E+1	6.3006632530E-3
1.8801950263E+0	5.0557238933E+1	6.2955453954E-3
1.8864879689E+0	5.0384934877E+1	6.2903223308E-3
1.8927756359E+0	5.0208576274E+1	6.2849941464E-3
1.8990579222E+0	5.0028239669E+1	6.2795609313E-3
1.9053347228E+0	4.9844008200E+1	6.2740227763E-3
1.9116059328E+0	4.9655971091E+1	6.2683797740E-3
1.9178714474E+0	4.9464223161E+1	6.2626320186E-3
1.9241311620E+0	4.9268864326E+1	6.2567796062E-3
1.9303849718E+0	4.9069999114E+1	6.2508226346E-3
1.9366327724E+0	4.8867736184E+1	6.2447612034E-3
1.9428744594E+0	4.8662187861E+1	6.2385954138E-3
1.9491099285E+0	4.8453469667E+1	6.2323253688E-3
1.9553390754E+0	4.8241699882E+1	6.2259511734E-3
1.9615617961E+0	4.8026999099E+1	6.2194729339E-3
1.9677779867E+0	4.7809489805E+1	6.2128907587E-3
1.9739875431E+0	4.7589295970E+1	6.2062047577E-3
1.9801903616E+0	4.7366542651E+1	6.1994150427E-3
1.9863863386E+0	4.7141355612E+1	6.1925217271E-3
1.9925753706E+0	4.6913860957E+1	6.1855249261E-3
1.9987573540E+0	4.6684184787E+1	6.1784247568E-3
2.0049321857E+0	4.6452452862E+1	6.1712213376E-3
2.0110997623E+0	4.6218790291E+1	6.1639147890E-3
2.0172599809E+0	4.5983321230E+1	6.1565052331E-3
2.0234127385E+0	4.5746168601E+1	6.1489927938E-3
2.0295579322E+0	4.5507453831E+1	6.1413775965E-3
2.0356954595E+0	4.5267296603E+1	6.1336597685E-3
2.0418252176E+0	4.5025814627E+1	6.1258394388E-3
2.0479471042E+0	4.4783123429E+1	6.1179167381E-3
2.0540610170E+0	4.4539336153E+1	6.1098917988E-3
2.0601668538E+0	4.4294563385E+1	6.1017647550E-3
2.0662645125E+0	4.4048912991E+1	6.0935357425E-3
2.0723538913E+0	4.3802489966E+1	6.0852048988E-3
2.0784348884E+0	4.3555396310E+1	6.0767723631E-3
2.0845074022E+0	4.3307730910E+1	6.0682382765E-3
2.0905713312E+0	4.3059589440E+1	6.0596027814E-3
2.0966265740E+0	4.2811064278E+1	6.0508660221E-3
2.1026730295E+0	4.2562244431E+1	6.0420281448E-3
2.1087105966E+0	4.2313215481E+1	6.0330892971E-3
2.1147391745E+0	4.2064059537E+1	6.0240496283E-3
2.1207586623E+0	4.1814855207E+1	6.0149092896E-3
2.1267689596E+0	4.1565677575E+1	6.0056684336E-3
2.1327699657E+0	4.1316598192E+1	5.9963272149E-3
2.1387615806E+0	4.1067685080E+1	5.9868857894E-3
2.1447437040E+0	4.0819002746E+1	5.9773443150E-3
2.1507162359E+0	4.0570612198E+1	5.9677029512E-3
2.1566790766E+0	4.0322570982E+1	5.9579618591E-3
2.1626321265E+0	4.0074933220E+1	5.9481212013E-3
2.1685752859E+0	3.9827749657E+1	5.9381811425E-3
2.1745084557E+0	3.9581067717E+1	5.9281418487E-3
2.1804315366E+0	3.9334931564E+1	5.9180034877E-3
2.1863444297E+0	3.9089382169E+1	5.9077662288E-3
2.1922470361E+0	3.8844457387E+1	5.8974302433E-3
2.1981392573E+0	3.8600192033E+1	5.8869957037E-3
2.2040209947E+0	3.8356617965E+1	5.8764627846E-3
2.2098921501E+0	3.8113764176E+1	5.8658316618E-3
2.2157526254E+0	3.7871656879E+1	5.8551025132E-3
2.2216023226E+0	3.7630319606E+1	5.8442755178E-3
2.2274411439E+0	3.7389773301E+1	5.8333508568E-3
2.2332689918E+0	3.7150036424E+1	5.8223287127E-3
2.2390857689E+0	3.6911125047E+1	5.8112092696E-3
2.2448913779E+0	3.6673052960E+1	5.7999927133E-3
2.2506857220E+0	3.6435831771E+1	5.7886792314E-3
2.2564687042E+0	3.6199471012E+1	5.7772690129E-3
2.2622402278E+0	3.5963978244E+1	5.7657622485E-3
2.2680001965E+0	3.5729359156E+1	5.7541591304E-3
2.2737485140E+0	3.5495617676E+1	5.7424598526E-3
2.2794850843E+0	3.5262756067E+1	5.7306646105E-3
2.2852098113E+0	3.5030775033E+1	5.7187736014E-3
2.2909225996E+0	3.4799673817E+1	5.7067870238E-3
2.2966233536E+0	3.4569450303E+1	5.6947050782E-3
2.3023119780E+0	3.4340101111E+1	5.6825279663E-3
2.3079883779E+0	3.4111621694E+1	5.6702558918E-3
2.3136524582E+0	3.3884006431E+1	5.6578890597E-3
2.3193041245E+0	3.3657248718E+1	5.6454276767E-3
2.3249432821E+0	3.3431341057E+1	5.6328719509E-3
2.3305698370E+0	3.3206275143E+1	5.6202220924E-3
2.3361836950E+0	3.2982041948E+1	5.6074783123E-3
2.3417847624E+0	3.2758631798E+1	5.5946408237E-3
2.3473729455E+0	3.2536034459E+1	5.5817098412E-3
2.3529481510E+0	3.2314239204E+1	5.5686855808E-3
2.3585102856E+0	3.2093234891E+1	5.5555682601E-3
2.3640592565E+0	3.1873010028E+1	5.5423580985E-3
2.3695949710E+0	3.1653552843E+1	5.5290553166E-3
2.3751173364E+0	3.1434851347E+1	5.5156601367E-3
2.3806262605E+0	3.1216893390E+1	5.5021727828E-3
2.3861216513E+0	3.0999666723E+1	5.4885934801E-3
2.3916034169E+0	3.0783159050E+1	5.4749224557E-3
2.3970714657E+0	3.0567358077E+1	5.4611599379E-3
2.4025257064E+0	3.0352251565E+1	5.4473061568E-3
2.4079660477E+0	3.0137827371E+1	5.4333613439E-3
2.4133923988E+0	2.9924073490E+1	5.4193257323E-3
2.4188046690E+0	2.9710978097E+1	5.4051995564E-3
2.4242027678E+0	2.9498529582E+1	5.3909830523E-3
2.4295866050E+0	2.9286716583E+1	5.3766764577E-3
2.4349560907E+0	2.9075528017E+1	5.3622800116E-3
2.4403111352E+0	2.8864953110E+1	5.3477939546E-3
2.4456516489E+0	2.8654981421E+1	5.3332185287E-3
2.4509775425E+0	2.8445602866E+1	5.3185539776E-3
2.4562887272E+0	2.8236807740E+1	5.3038005463E-3
2.4615851141E+0	2.8028586734E+1	5.2889584814E-3
2.4668666147E+0	2.7820930950E+1	5.2740280309E-3
2.4721331408E+0	2.7613831920E+1	5.2590094442E-3
2.4773846043E+0	2.7407281613E+1	5.2439029725E-3
2.4826209175E+0	2.7201272449E+1	5.2287088681E-3
2.4878419929E+0	2.6995797305E+1	5.2134273849E-3
2.4930477432E+0	2.6790849523E+1	5.1980587783E-3
2.4982380815E+0	2.6586422914E+1	5.1826033052E-3
2.5034129210E+0	2.6382511760E+1	5.1670612238E-3
2.5085721752E+0	2.6179110820E+1	5.1514327939E-3
2.5137157579E+0	2.5976215325E+1	5.1357182766E-3
2.5188435831E+0	2.5773820980E+1	5.1199179345E-3
2.5239555652E+0	2.5571923961E+1	5.1040320318E-3
2.5290516187E+0	2.5370520913E+1	5.0880608338E-3
2.5341316585E+0	2.5169608940E+1	5.0720046074E-3
2.5391955997E+0	2.4969185608E+1	5.0558636210E-3
2.5442433576E+0	2.4769248929E+1	5.0396381444E-3
2.5492748479E+0	2.4569797361E+1	5.0233284486E-3
2.5542899865E+0	2.4370829796E+1	5.0069348063E-3
2.5592886896E+0	2.4172345551E+1	4.9904574913E-3
2.5642708737E+0	2.3974344361E+1	4.9738967791E-3
2.5692364555E+0	2.3776826364E+1	4.9572529464E-3
2.5741853520E+0	2.3579792096E+1	4.9405262713E-3
2.5791174805E+0	2.3383242476E+1	4.9237170334E-3
2.5840327586E+0	2.3187178794E+1	4.9068255135E-3
2.5889311042E+0	2.2991602702E+1	4.8898519940E-3
2.5938124354E+0	2.2796516198E+1	4.8727967585E-3
2.5986766706E+0	2.2601921618E+1	4.8556600920E-3
2.6035237285E+0	2.2407821618E+1	4.8384422809E-3
2.6083535282E+0	2.2214219167E+1	4.8211436130E-3
2.6131659889E+0	2.2021117528E+1	4.8037643772E-3
2.6179610302E+0	2.1828520248E+1	4.7863048641E-3
2.6227385719E+0	2.1636431147E+1	4.7687653653E-3
2.6274985343E+0	2.1444854301E+1	4.7511461741E-3
2.6322408378E+0	2.1253794030E+1	4.7334475849E-3
2.6369654032E+0	2.1063254887E+1	4.7156698934E-3
2.6416721513E+0	2.0873241643E+1	4.6978133967E-3
2.6463610038E+0	2.0683759277E+1	4.6798783932E-3
2.6510318821E+0	2.0494812959E+1	4.6618651826E-3
2.6556847082E+0	2.0306408041E+1	4.6437740661E-3
2.6603194043E+0	2.0118550046E+1	4.6256053458E-3
2.6649358931E+0	1.9931244651E+1	4.6073593254E-3
2.6695340973E+0	1.9744497681E+1	4.5890363098E-3
2.6741139402E+0	1.9558315093E+1	4.5706366053E-3
2.6786753451E+0	1.9372702969E+1	4.5521605193E-3
2.6832182358E+0	1.9187667502E+1	4.5336083606E-3
2.6877425365E+0	1.9003214984E+1	4.5149804392E-3
2.6922481716E+0	1.8819351802E+1	4.4962770664E-3
2.6967350656E+0	1.8636084421E+1	4.4774985548E-3
2.7012031437E+0	1.8453419379E+1	4.4586452181E-3
2.7056523312E+0	1.8271363275E+1	4.4397173715E-3
2.7100825537E+0	1.8089922761E+1	4.4207153312E-3
2.7144937373E+0	1.7909104535E+1	4.4016394148E-3
2.7188858081E+0	1.7728915328E+1	4.3824899412E-3
2.7232586927E+0	1.7549361901E+1	4.3632672302E-3
2.7276123182E+0	1.7370451034E+1	4.3439716031E-3
2.7319466117E+0	1.7192189521E+1	4.3246033825E-3
2.7362615009E+0	1.7014584161E+1	4.3051628919E-3
2.7405569135E+0	1.6837641752E+1	4.2856504563E-3
2.7448327779E+0	1.6661369085E+1	4.2660664016E-3
2.7490890226E+0	1.6485772937E+1	4.2464110553E-3
2.7533255764E+0	1.6310860066E+1	4.2266847457E-3
2.7575423685E+0	1.6136637206E+1	4.2068878026E-3
2.7617393285E+0	1.5963111060E+1	4.1870205567E-3
2.7659163863E+0	1.5790288298E+1	4.1670833400E-3
2.7700734720E+0	1.5618175550E+1	4.1470764858E-3
2.7742105162E+0	1.5446779402E+1	4.1270003283E-3
2.7783274497E+0	1.5276106393E+1	4.1068552032E-3
2.7824242037E+0	1.5106163012E+1	4.0866414469E-3
2.7865007098E+0	1.4936955692E+1	4.0663593974E-3
2.7905568999E+0	1.4768490808E+1	4.0460093936E-3
2.7945927061E+0	1.4600774677E+1	4.0255917754E-3
2.7986080610E+0	1.4433813549E+1	4.0051068843E-3
2.8026028975E+0	1.4267613610E+1	3.9845550624E-3
2.8065771489E+0	1.4102180978E+1	3.9639366533E-3
2.8105307487E+0	1.3937521701E+1	3.9432520014E-3
2.8144636309E+0	1.3773641754E+1	3.9225014525E-3
2.8183757298E+0	1.3610547040E+1	3.9016853533E-3
2.8222669799E+0	1.3448243385E+1	3.8808040517E-3
2.8261373163E+0	1.3286736540E+1	3.8598578967E-3
2.8299866742E+0	1.3126032180E+1	3.8388472382E-3
2.8338149894E+0	1.2966135899E+1	3.8177724274E-3
2.8376221978E+0	1.2807053214E+1	3.7966338166E-3
2.8414082359E+0	1.2648789563E+1	3.7754317588E-3
2.8451730403E+0	1.2491350301E+1	3.7541666086E-3
2.8489165482E+0	1.2334740706E+1	3.7328387211E-3
2.8526386969E+0	1.2178965975E+1	3.7114484529E-3
2.8563394244E+0	1.2024031223E+1	3.6899961614E-3
2.8600186687E+0	1.1869941486E+1	3.6684822051E-3
2.8636763684E+0	1.1716701719E+1	3.6469069436E-3
2.8673124623E+0	1.1564316797E+1	3.6252707373E-3
2.8709268897E+0	1.1412791517E+1	3.6035739479E-3
2.8745195901E+0	1.1262130594E+1	3.5818169379E-3
2.8780905036E+0	1.1112338666E+1	3.5600000709E-3
2.8816395704E+0	1.0963420294E+1	3.5381237115E-3
2.8851667313E+0	1.0815379960E+1	3.5161882254E-3
2.8886719273E+0	1.0668222069E+1	3.4941939790E-3
2.8921550998E+0	1.0521950953E+1	3.4721413399E-3
2.8956161906E+0	1.0376570866E+1	3.4500306767E-3
2.8990551419E+0	1.0232085990E+1	3.4278623588E-3
2.9024718962E+0	1.0088500433E+1	3.4056367567E-3
2.9058663965E+0	9.9458182311E+0	3.3833542419E-3
2.9092385859E+0	9.8040433492E+0	3.3610151867E-3
2.9125884081E+0	9.6631796827E+0	3.3386199643E-3
2.9159158072E+0	9.5232310578E+0	3.3161689492E-3
2.9192207275E+0	9.3842012329E+0	3.2936625164E-3
2.9225031139E+0	9.2460938999E+0	3.2711010421E-3
2.9257629114E+0	9.1089126849E+0	3.2484849032E-3
2.9290000656E+0	8.9726611500E+0	3.2258144779E-3
2.9322145224E+0	8.8373427937E+0	3.2030901448E-3
2.9354062280E+0	8.7029610527E+0	3.1803122838E-3
2.9385751292E+0	8.5695193030E+0	3.1574812755E-3
2.9417211730E+0	8.4370208604E+0	3.1345975014E-3
2.9448443068E+0	8.3054689827E+0	3.1116613440E-3
2.9479444784E+0	8.1748668702E+0	3.0886731866E-3
2.9510216360E+0	8.0452176668E+0	3.0656334132E-3
2.9540757281E+0	7.9165244618E+0	3.0425424091E-3
2.9571067038E+0	7.7887902902E+0	3.0194005599E-3
2.9601145124E+0	7.6620181345E+0	2.9962082525E-3
2.9630991036E+0	7.5362109255E+0	2.9729658744E-3
2.9660604276E+0	7.4113715437E+0	2.9496738141E-3
2.9689984348E+0	7.2875028198E+0	2.9263324607E-3
2.9719130762E+0	7.1646075365E+0	2.9029422044E-3
2.9748043031E+0	7.0426884291E+0	2.8795034361E-3
2.9776720671E+0	6.9217481867E+0	2.8560165473E-3
2.9805163203E+0	6.8017894530E+0	2.8324819307E-3
2.9833370151E+0	6.6828148277E+0	2.8088999795E-3
2.9861341046E+0	6.5648268671E+0	2.7852710878E-3
2.9889075418E+0	6.4478280853E+0	2.7615956505E-3
2.9916572805E+0	6.3318209551E+0	2.7378740632E-3
2.9943832747E+0	6.2168079086E+0	2.7141067224E-3
2.9970854788E+0	6.1027913386E+0	2.6902940251E-3
2.9997638477E+0	5.9897735991E+0	2.6664363695E-3
3.0024183367E+0	5.8777570063E+0	2.6425341541E-3
3.0050489013E+0	5.7667438392E+0	2.6185877784E-3
3.0076554977E+0	5.6567363407E+0	2.5945976426E-3
3.0102380822E+0	5.5477367182E+0	2.5705641475E-3
3.0127966116E+0	5.4397471444E+0	2.5464876949E-3
3.0153310434E+0	5.3327697578E+0	2.5223686871E-3
3.0178413350E+0	5.2268066639E+0	2.4982075270E-3
3.0203274445E+0	5.1218599353E+0	2.4740046186E-3
3.0227893304E+0	5.0179316128E+0	2.4497603662E-3
3.0252269516E+0	4.9150237056E+0	2.4254751751E-3
3.0276402673E+0	4.8131381924E+0	2.4011494510E-3
3.0300292371E+0	4.7122770216E+0	2.3767836004E-3
3.0323938212E+0	4.6124421121E+0	2.3523780306E-3
3.0347339801E+0	4.5136353536E+0	2.3279331494E-3
3.0370496746E+0	4.4158586074E+0	2.3034493653E-3
3.0393408660E+0	4.3191137067E+0	2.2789270875E-3
3.0416075160E+0	4.2234024570E+0	2.2543667257E-3
3.0438495869E+0	4.1287266370E+0	2.2297686905E-3
3.0460670410E+0	4.0350879984E+0	2.2051333928E-3
3.0482598414E+0	3.9424882669E+0	2.1804612443E-3
3.0504279513E+0	3.8509291422E+0	2.1557526574E-3
3.0525713347E+0	3.7604122988E+0	2.1310080450E-3
3.0546899556E+0	3.6709393858E+0	2.1062278206E-3
3.0567837786E+0	3.5825120277E+0	2.0814123983E-3
3.0588527688E+0	3.4951318247E+0	2.0565621928E-3
3.0608968915E+0	3.4088003528E+0	2.0316776194E-3
3.0629161127E+0	3.3235191642E+0	2.0067590939E-3
3.0649103985E+0	3.2392897877E+0	1.9818070327E-3
3.0668797157E+0	3.1561137289E+0	1.9568218529E-3
3.0688240313E+0	3.0739924703E+0	1.9318039720E-3
3.0707433129E+0	2.9929274719E+0	1.9067538080E-3
3.0726375283E+0	2.9129201711E+0	1.8816717796E-3
3.0745066460E+0	2.8339719832E+0	1.8565583060E-3
3.0763506346E+0	2.7560843012E+0	1.8314138067E-3
3.0781694634E+0	2.6792584966E+0	1.8062387021E-3
3.0799631019E+0	2.6034959190E+0	1.7810334128E-3
3.0817315203E+0	2.5287978966E+0	1.7557983600E-3
3.0834746889E+0	2.4551657365E+0	1.7305339655E-3
3.0851925786E+0	2.3826007245E+0	1.7052406515E-3
3.0868851607E+0	2.3111041255E+0	1.6799188405E-3
3.0885524069E+0	2.2406771833E+0	1.6545689559E-3
3.0901942894E+0	2.1713211215E+0	1.6291914212E-3
3.0918107807E+0	2.1030371426E+0	1.6037866605E-3
3.0934018538E+0	2.0358264291E+0	1.5783550984E-3
3.0949674821E+0	1.9696901429E+0	1.5528971598E-3
3.0965076394E+0	1.9046294257E+0	1.5274132703E-3
3.0980223001E+0	1.8406453991E+0	1.5019038556E-3
3.0995114388E+0	1.7777391648E+0	1.4763693421E-3
3.1009750306E+0	1.7159118043E+0	1.4508101565E-3
3.1024130510E+0	1.6551643793E+0	1.4252267258E-3
3.1038254761E+0	1.5954979320E+0	1.3996194778E-3
3.1052122822E+0	1.5369134844E+0	1.3739888402E-3
3.1065734461E+0	1.4794120393E+0	1.3483352414E-3
3.1079089451E+0	1.4229945797E+0	1.3226591101E-3
3.1092187570E+0	1.3676620691E+0	1.2969608754E-3
3.1105028597E+0	1.3134154516E+0	1.2712409668E-3
3.1117612318E+0	1.2602556519E+0	1.2454998140E-3
3.1129938524E+0	1.2081835753E+0	1.2197378472E-3
3.1142007007E+0	1.1572001077E+0	1.1939554970E-3
3.1153817567E+0	1.1073061161E+0	1.1681531941E-3
3.1165370006E+0	1.0585024478E+0	1.1423313699E-3
3.1176664131E+0	1.0107899314E+0	1.1164904558E-3
3.1187699753E+0	9.6416937592E-1	1.0906308836E-3
3.1198476688E+0	9.1864157163E-1	1.0647530855E-3
3.1208994755E+0	8.7420728956E-1	1.0388574939E-3
3.1219253780E+0	8.3086728174E-1	1.0129445417E-3
3.1229253590E+0	7.8862228120E-1	9.8701466182E-4
3.1238994018E+0	7.4747300199E-1	9.6106828758E-4
3.1248474902E+0	7.0742013921E-1	9.3510585261E-4
3.1257696083E+0	6.6846436903E-1	9.0912779076E-4
3.1266657407E+0	6.3060634874E-1	8.8313453619E-4
3.1275358724E+0	5.9384671674E-1	8.5712652325E-4
3.1283799890E+0	5.5818609257E-1	8.3110418659E-4
3.1291980762E+0	5.2362507696E-1	8.0506796108E-4
3.1299901204E+0	4.9016425181E-1	7.7901828182E-4
3.1307561084E+0	4.5780418021E-1	7.5295558414E-4
3.1314960274E+0	4.2654540651E-1	7.2688030358E-4
3.1322098650E+0	3.9638845628E-1	7.0079287589E-4
3.1328976092E+0	3.6733383634E-1	6.7469373705E-4
3.1335592487E+0	3.3938203479E-1	6.4858332323E-4
3.1341947723E+0	3.1253352103E-1	6.2246207073E-4
3.1348041694E+0	2.8678874574E-1	5.9633041614E-4
3.1353874298E+0	2.6214814093E-1	5.7018879612E-4
3.1359445438E+0	2.3861211993E-1	5.4403764760E-4
3.1364755020E+0	2.1618107740E-1	5.1787740760E-4
3.1369802957E+0	1.9485538937E-1	4.9170851331E-4
3.1374589163E+0	1.7463541323E-1	4.6553140213E-4
3.1379113559E+0	1.5552148771E-1	4.3934651156E-4
3.1383376069E+0	1.3751393296E-1	4.1315427928E-4
3.1387376622E+0	1.2061305050E-1	3.8695514312E-4
3.1391115150E+0	1.0481912324E-1	3.6074954110E-4
3.1394591592E+0	9.0132415483E-2	3.3453791144E-4
3.1397805890E+0	7.6553172959E-2	3.0832069259E-4
3.1400757989E+0	6.4081622777E-2	2.8209832342E-4
3.1403447841E+0	5.2717973443E-2	2.5587124334E-4
3.1405875400E+0	4.2462414833E-2	2.2963989267E-4
3.1408040626E+0	3.3315118142E-2	2.0340471372E-4
3.1409943483E+0	2.5276235775E-2	1.7716615272E-4
3.1411583939E+0	1.8345901093E-2	1.5092466531E-4
3.1412961968E+0	1.2524227738E-2	1.2468073282E-4
3.1414077547E+0	7.8113076170E-3	9.8434919423E-5
3.1414930663E+0	4.2072032890E-3	7.2188137769E-5
3.1415521316E+0	1.7119070998E-3	4.5943520243E-5
3.1415849628E+0	3.2490651309E-4	1.9736940383E-5