# Differential cross section		
# Author: P. Swaczyna	Princeton University	(swaczyna@princeton.edu)
# Date: 	Fri 4 Dec 2020 01:29:10	
# 		
# Elastic collision: H^0 + He^0 -> H^0 + He^0		
# 		
# Red. mass: 	7.5005505498E+8	 eV/c^2
# CM energy: 	1.9952623150E+3	 eV
# Rel speed: 	6.9149513598E+7	 cm/s
# Tot sigma: 	1.6251815437E+1	 a.u.
# Int sigma: 	1.6251810515E+1	 a.u.
# 		
# Columns:		
# the <- scattering angle (rad)		
# dcs <- dsigma/dOmega*2*pi*sin(the) (a.u. = 2.8002852056E-17 cm^2)		
# wei <- weight for cross section integration (approx. width of angle bin)		
# 		
# the	dcs	wei
7.6907532846E-6	7.9214142696E+1	1.9736940383E-5
4.0521979771E-5	4.1704718323E+2	4.5943520243E-5
9.9587300392E-5	1.0207638663E+3	7.2188137769E-5
1.8489884726E-4	1.8726759260E+3	9.8434919423E-5
2.9645680168E-4	2.9244176482E+3	1.2468073282E-4
4.3425968311E-4	4.0785096948E+3	1.5092466531E-4
5.9830531657E-4	5.1787854735E+3	1.7716615272E-4
7.8859101285E-4	6.0255238356E+3	2.0340471372E-4
1.0051136166E-3	6.4267642627E+3	2.2963989267E-4
1.2478695220E-3	6.2757950239E+3	2.5587124334E-4
1.5168546797E-3	5.6135259889E+3	2.8209832342E-4
1.8120645986E-3	4.6246606767E+3	3.0832069259E-4
2.1334943481E-3	3.5561487273E+3	3.3453791144E-4
2.4811385584E-3	2.6100184212E+3	3.6074954110E-4
2.8549914211E-3	1.8820428940E+3	3.8695514312E-4
3.2550466893E-3	1.3708060593E+3	4.1315427928E-4
3.6812976783E-3	1.0257874932E+3	4.3934651156E-4
4.1337372652E-3	7.9083412173E+2	4.6553140213E-4
4.6123578895E-3	6.2374779081E+2	4.9170851331E-4
5.1171515529E-3	4.9849106373E+2	5.1787740760E-4
5.6481098199E-3	4.0088099382E+2	5.4403764760E-4
6.2052238176E-3	3.2314976112E+2	5.7018879612E-4
6.7884842360E-3	2.6097986872E+2	5.9633041614E-4
7.3978813281E-3	2.1154765668E+2	6.2246207073E-4
8.0334049101E-3	1.7240160494E+2	6.4858332323E-4
8.6950443616E-3	1.4167332021E+2	6.7469373705E-4
9.3827886258E-3	1.1753647960E+2	7.0079287589E-4
1.0096626210E-2	9.8609908350E+1	7.2688030358E-4
1.0836545184E-2	8.3672086900E+1	7.5295558414E-4
1.1602533184E-2	7.1820008339E+1	7.7901828182E-4
1.2394577408E-2	6.2305181673E+1	8.0506796108E-4
1.3212664621E-2	5.4587278499E+1	8.3110418659E-4
1.4056781152E-2	4.8230413008E+1	8.5712652325E-4
1.4926912893E-2	4.2921862055E+1	8.8313453619E-4
1.5823045305E-2	3.8424307731E+1	9.0912779076E-4
1.6745163410E-2	3.4560927953E+1	9.3510585261E-4
1.7693251801E-2	3.1201225448E+1	9.6106828758E-4
1.8667294632E-2	2.8259963948E+1	9.8701466182E-4
1.9667275626E-2	2.5655985505E+1	1.0129445417E-3
2.0693178073E-2	2.3340624462E+1	1.0388574939E-3
2.1744984827E-2	2.1280243132E+1	1.0647530855E-3
2.2822678313E-2	1.9433735151E+1	1.0906308836E-3
2.3926240519E-2	1.7773766812E+1	1.1164904558E-3
2.5055653005E-2	1.6283953826E+1	1.1423313699E-3
2.6210896896E-2	1.4944006817E+1	1.1681531941E-3
2.7391952886E-2	1.3733460516E+1	1.1939554970E-3
2.8598801239E-2	1.2637654144E+1	1.2197378472E-3
2.9831421786E-2	1.1645333877E+1	1.2454998140E-3
3.1089793929E-2	1.0745516099E+1	1.2712409668E-3
3.2373896638E-2	9.9276327039E+0	1.2969608754E-3
3.3683708455E-2	9.1825425381E+0	1.3226591101E-3
3.5019207490E-2	8.5026359832E+0	1.3483352414E-3
3.6380371427E-2	7.8813813718E+0	1.3739888402E-3
3.7767177517E-2	7.3129643224E+0	1.3996194778E-3
3.9179602586E-2	6.7921568552E+0	1.4252267258E-3
4.0617623030E-2	6.3142870743E+0	1.4508101565E-3
4.2081214817E-2	5.8752075759E+0	1.4763693421E-3
4.3570353490E-2	5.4712431108E+0	1.5019038556E-3
4.5085014162E-2	5.0991336286E+0	1.5274132703E-3
4.6625171522E-2	4.7559867468E+0	1.5528971598E-3
4.8190799831E-2	4.4392405103E+0	1.5783550984E-3
4.9781872927E-2	4.1466259882E+0	1.6037866605E-3
5.1398364219E-2	3.8761148659E+0	1.6291914212E-3
5.3040246694E-2	3.6258462170E+0	1.6545689559E-3
5.4707492914E-2	3.3940555245E+0	1.6799188405E-3
5.6400075017E-2	3.1790638830E+0	1.7052406515E-3
5.8117964718E-2	2.9793696210E+0	1.7305339655E-3
5.9861133308E-2	2.7937651238E+0	1.7557983600E-3
6.1629551657E-2	2.6212833342E+0	1.7810334128E-3
6.3423190212E-2	2.4609454466E+0	1.8062387021E-3
6.5242019000E-2	2.3116826934E+0	1.8314138067E-3
6.7086007624E-2	2.1726384317E+0	1.8565583060E-3
6.8955125270E-2	2.0431914898E+0	1.8816717796E-3
7.0849340702E-2	1.9224445278E+0	1.9067538080E-3
7.2768622264E-2	1.8095133345E+0	1.9318039720E-3
7.4712937885E-2	1.7042315450E+0	1.9568218529E-3
7.6682255070E-2	1.6060167244E+0	1.9818070327E-3
7.8676540910E-2	1.5137600116E+0	2.0067590939E-3
8.0695762079E-2	1.4276889789E+0	2.0316776194E-3
8.2739884832E-2	1.3473209709E+0	2.0565621928E-3
8.4808875009E-2	1.2716152066E+0	2.0814123983E-3
8.6902698034E-2	1.2011554057E+0	2.1062278206E-3
8.9021318917E-2	1.1348142851E+0	2.1310080450E-3
9.1164702253E-2	1.0726496545E+0	2.1557526574E-3
9.3332812224E-2	1.0144182608E+0	2.1804612443E-3
9.5525612596E-2	9.5956148036E-1	2.2051333928E-3
9.7743066726E-2	9.0827090175E-1	2.2297686905E-3
9.9985137556E-2	8.5988169289E-1	2.2543667257E-3
1.0225178762E-1	8.1454783295E-1	2.2789270875E-3
1.0454297904E-1	7.7178538625E-1	2.3034493653E-3
1.0685867352E-1	7.3159110357E-1	2.3279331494E-3
1.0919883237E-1	6.9373380012E-1	2.3523780306E-3
1.1156341648E-1	6.5809970980E-1	2.3767836004E-3
1.1395238633E-1	6.2452692751E-1	2.4011494510E-3
1.1636570200E-1	5.9294671704E-1	2.4254751751E-3
1.1880332317E-1	5.6311133677E-1	2.4497603662E-3
1.2126520909E-1	5.3495776110E-1	2.4740046186E-3
1.2375131862E-1	5.0846018245E-1	2.4982075270E-3
1.2626161023E-1	4.8333579405E-1	2.5223686871E-3
1.2879604195E-1	4.5962972718E-1	2.5464876949E-3
1.3135457143E-1	4.3735105724E-1	2.5705641475E-3
1.3393715592E-1	4.1623671804E-1	2.5945976426E-3
1.3654375226E-1	3.9620467820E-1	2.6185877784E-3
1.3917431689E-1	3.7731966254E-1	2.6425341541E-3
1.4182880585E-1	3.5950221881E-1	2.6664363695E-3
1.4450717478E-1	3.4259951742E-1	2.6902940251E-3
1.4720937892E-1	3.2654966307E-1	2.7141067224E-3
1.4993537310E-1	3.1135531700E-1	2.7378740632E-3
1.5268511179E-1	2.9699440226E-1	2.7615956505E-3
1.5545854902E-1	2.8340636071E-1	2.7852710878E-3
1.5825563845E-1	2.7052582086E-1	2.8088999795E-3
1.6107633333E-1	2.5830227586E-1	2.8324819307E-3
1.6392058653E-1	2.4669703737E-1	2.8560165473E-3
1.6678835052E-1	2.3567593164E-1	2.8795034361E-3
1.6967957737E-1	2.2520779510E-1	2.9029422044E-3
1.7259421876E-1	2.1526622813E-1	2.9263324607E-3
1.7553222599E-1	2.0582879647E-1	2.9496738141E-3
1.7849354996E-1	1.9687178111E-1	2.9729658744E-3
1.8147814117E-1	1.8836517270E-1	2.9962082525E-3
1.8448594977E-1	1.8027491149E-1	3.0194005599E-3
1.8751692548E-1	1.7257200165E-1	3.0425424091E-3
1.9057101764E-1	1.6523850656E-1	3.0656334132E-3
1.9364817522E-1	1.5826289022E-1	3.0886731866E-3
1.9674834681E-1	1.5163051672E-1	3.1116613440E-3
1.9987148058E-1	1.4532088057E-1	3.1345975014E-3
2.0301752435E-1	1.3931305099E-1	3.1574812755E-3
2.0618642554E-1	1.3358992469E-1	3.1803122838E-3
2.0937813120E-1	1.2813539400E-1	3.2030901448E-3
2.1259258799E-1	1.2293052850E-1	3.2258144779E-3
2.1582974219E-1	1.1795839592E-1	3.2484849032E-3
2.1908953970E-1	1.1321438682E-1	3.2711010421E-3
2.2237192605E-1	1.0870253766E-1	3.2936625164E-3
2.2567684639E-1	1.0441044758E-1	3.3161689492E-3
2.2900424548E-1	1.0030071430E-1	3.3386199643E-3
2.3235406772E-1	9.6354063935E-2	3.3610151867E-3
2.3572625713E-1	9.2597137714E-2	3.3833542419E-3
2.3912075735E-1	8.9035071354E-2	3.4056367567E-3
2.4253751167E-1	8.5613846159E-2	3.4278623588E-3
2.4597646298E-1	8.2324952392E-2	3.4500306767E-3
2.4943755380E-1	7.9209854714E-2	3.4721413399E-3
2.5292072631E-1	7.6228138767E-2	3.4941939790E-3
2.5642592230E-1	7.3352052449E-2	3.5161882254E-3
2.5995308318E-1	7.0624653416E-2	3.5381237115E-3
2.6350215001E-1	6.8005466462E-2	3.5600000709E-3
2.6707306349E-1	6.5491057841E-2	3.5818169379E-3
2.7066576394E-1	6.3099622281E-2	3.6035739479E-3
2.7428019131E-1	6.0791237602E-2	3.6252707373E-3
2.7791628522E-1	5.8592307543E-2	3.6469069436E-3
2.8157398488E-1	5.6481777728E-2	3.6684822051E-3
2.8525322919E-1	5.4463032126E-2	3.6899961614E-3
2.8895395665E-1	5.2526323384E-2	3.7114484529E-3
2.9267610542E-1	5.0666873251E-2	3.7328387211E-3
2.9641961330E-1	4.8882350425E-2	3.7541666086E-3
3.0018441773E-1	4.7172673977E-2	3.7754317588E-3
3.0397045579E-1	4.5535518253E-2	3.7966338166E-3
3.0777766421E-1	4.3960436621E-2	3.8177724274E-3
3.1160597938E-1	4.2451943524E-2	3.8388472382E-3
3.1545533730E-1	4.0992846813E-2	3.8598578967E-3
3.1932567367E-1	3.9607839979E-2	3.8808040517E-3
3.2321692379E-1	3.8267315609E-2	3.9016853533E-3
3.2712902264E-1	3.6981821612E-2	3.9225014525E-3
3.3106190484E-1	3.5750472564E-2	3.9432520014E-3
3.3501550468E-1	3.4553158586E-2	3.9639366533E-3
3.3898975607E-1	3.3416845377E-2	3.9845550624E-3
3.4298459261E-1	3.2326497802E-2	4.0051068843E-3
3.4699994753E-1	3.1262481994E-2	4.0255917754E-3
3.5103575373E-1	3.0246378095E-2	4.0460093936E-3
3.5509194378E-1	2.9276347300E-2	4.0663593974E-3
3.5916844988E-1	2.8333362699E-2	4.0866414469E-3
3.6326520391E-1	2.7423026940E-2	4.1068552032E-3
3.6738213741E-1	2.6554959091E-2	4.1270003283E-3
3.7151918157E-1	2.5721242449E-2	4.1470764858E-3
3.7567626728E-1	2.4912342397E-2	4.1670833400E-3
3.7985332504E-1	2.4129766589E-2	4.1870205567E-3
3.8405028507E-1	2.3378746839E-2	4.2068878026E-3
3.8826707721E-1	2.2659186419E-2	4.2266847457E-3
3.9250363101E-1	2.1965772465E-2	4.2464110553E-3
3.9675987567E-1	2.1294186923E-2	4.2660664016E-3
4.0103574005E-1	2.0644603028E-2	4.2856504563E-3
4.0533115271E-1	2.0018494286E-2	4.3051628919E-3
4.0964604185E-1	1.9415427788E-2	4.3246033825E-3
4.1398033538E-1	1.8834159221E-2	4.3439716031E-3
4.1833396086E-1	1.8274110129E-2	4.3632672302E-3
4.2270684554E-1	1.7734702961E-2	4.3824899412E-3
4.2709891633E-1	1.7213935896E-2	4.4016394148E-3
4.3151009985E-1	1.6709504883E-2	4.4207153312E-3
4.3594032237E-1	1.6221855406E-2	4.4397173715E-3
4.4038950986E-1	1.5752392639E-2	4.4586452181E-3
4.4485758797E-1	1.5299383363E-2	4.4774985548E-3
4.4934448203E-1	1.4860355862E-2	4.4962770664E-3
4.5385011706E-1	1.4435697013E-2	4.5149804392E-3
4.5837441776E-1	1.4026389670E-2	4.5336083606E-3
4.6291730852E-1	1.3631274404E-2	4.5521605193E-3
4.6747871344E-1	1.3248251474E-2	4.5706366053E-3
4.7205855627E-1	1.2877195898E-2	4.5890363098E-3
4.7665676049E-1	1.2519559236E-2	4.6073593254E-3
4.8127324926E-1	1.2174473679E-2	4.6256053458E-3
4.8590794542E-1	1.1839356634E-2	4.6437740661E-3
4.9056077152E-1	1.1514060938E-2	4.6618651826E-3
4.9523164982E-1	1.1200071805E-2	4.6798783932E-3
4.9992050224E-1	1.0897437133E-2	4.6978133967E-3
5.0462725044E-1	1.0604737977E-2	4.7156698934E-3
5.0935181576E-1	1.0320810431E-2	4.7334475849E-3
5.1409411924E-1	1.0045432501E-2	4.7511461741E-3
5.1885408164E-1	9.7781382679E-3	4.7687653653E-3
5.2363162341E-1	9.5188110164E-3	4.7863048641E-3
5.2842666471E-1	9.2689679215E-3	4.8037643772E-3
5.3323912540E-1	9.0284404145E-3	4.8211436130E-3
5.3806892508E-1	8.7937197483E-3	4.8384422809E-3
5.4291598301E-1	8.5639799982E-3	4.8556600920E-3
5.4778021821E-1	8.3433844012E-3	4.8727967585E-3
5.5266154939E-1	8.1320251842E-3	4.8898519940E-3
5.5755989496E-1	7.9240347751E-3	4.9068255135E-3
5.6247517308E-1	7.7206573278E-3	4.9237170334E-3
5.6740730160E-1	7.5272678876E-3	4.9405262713E-3
5.7235619810E-1	7.3386869417E-3	4.9572529464E-3
5.7732177988E-1	7.1529104169E-3	4.9738967791E-3
5.8230396395E-1	6.9767292530E-3	4.9904574913E-3
5.8730266706E-1	6.8044416159E-3	5.0069348063E-3
5.9231780568E-1	6.6345747648E-3	5.0233284486E-3
5.9734929598E-1	6.4742937920E-3	5.0396381444E-3
6.0239705389E-1	6.3148888059E-3	5.0558636210E-3
6.0746099506E-1	6.1605850680E-3	5.0720046074E-3
6.1254103485E-1	6.0138327706E-3	5.0880608338E-3
6.1763708838E-1	5.8670008893E-3	5.1040320318E-3
6.2274907048E-1	5.7289454745E-3	5.1199179345E-3
6.2787689573E-1	5.5910862975E-3	5.1357182766E-3
6.3302047843E-1	5.4588905118E-3	5.1514327939E-3
6.3817973262E-1	5.3297540856E-3	5.1670612238E-3
6.4335457209E-1	5.2040278288E-3	5.1826033052E-3
6.4854491036E-1	5.0828281013E-3	5.1980587783E-3
6.5375066070E-1	4.9638844183E-3	5.2134273849E-3
6.5897173609E-1	4.8502456092E-3	5.2287088681E-3
6.6420804930E-1	4.7377333995E-3	5.2439029725E-3
6.6945951283E-1	4.6291757164E-3	5.2590094442E-3
6.7472603890E-1	4.5229982831E-3	5.2740280309E-3
6.8000753951E-1	4.4203995600E-3	5.2889584814E-3
6.8530392640E-1	4.3203614027E-3	5.3038005463E-3
6.9061511106E-1	4.2227788783E-3	5.3185539776E-3
6.9594100473E-1	4.1293574692E-3	5.3332185287E-3
7.0128151841E-1	4.0365291440E-3	5.3477939546E-3
7.0663656285E-1	3.9469288499E-3	5.3622800116E-3
7.1200604856E-1	3.8593075897E-3	5.3766764577E-3
7.1738988581E-1	3.7745081334E-3	5.3909830523E-3
7.2278798463E-1	3.6917620051E-3	5.4051995564E-3
7.2820025482E-1	3.6111761811E-3	5.4193257323E-3
7.3362660591E-1	3.5333419867E-3	5.4333613439E-3
7.3906694724E-1	3.4568827564E-3	5.4473061568E-3
7.4452118788E-1	3.3821953486E-3	5.4611599379E-3
7.4998923669E-1	3.3096908054E-3	5.4749224557E-3
7.5547100229E-1	3.2393560688E-3	5.4885934801E-3
7.6096639308E-1	3.1706916512E-3	5.5021727828E-3
7.6647531721E-1	3.1034698527E-3	5.5156601367E-3
7.7199768263E-1	3.0384217573E-3	5.5290553166E-3
7.7753339704E-1	2.9750877888E-3	5.5423580985E-3
7.8308236795E-1	2.9126631008E-3	5.5555682601E-3
7.8864450262E-1	2.8519154524E-3	5.5686855808E-3
7.9421970809E-1	2.7933934908E-3	5.5817098412E-3
7.9980789121E-1	2.7360655688E-3	5.5946408237E-3
8.0540895857E-1	2.6797300429E-3	5.6074783123E-3
8.1102281659E-1	2.6249126816E-3	5.6202220924E-3
8.1664937145E-1	2.5716199951E-3	5.6328719509E-3
8.2228852912E-1	2.5200224174E-3	5.6454276767E-3
8.2794019536E-1	2.4696314491E-3	5.6578890597E-3
8.3360427572E-1	2.4195810011E-3	5.6702558918E-3
8.3928067556E-1	2.3706955206E-3	5.6825279663E-3
8.4496930000E-1	2.3242037828E-3	5.6947050782E-3
8.5067005399E-1	2.2789728961E-3	5.7067870238E-3
8.5638284226E-1	2.2339762599E-3	5.7187736014E-3
8.6210756934E-1	2.1899497972E-3	5.7306646105E-3
8.6784413956E-1	2.1469260011E-3	5.7424598526E-3
8.7359245705E-1	2.1047264219E-3	5.7541591304E-3
8.7935242576E-1	2.0641789637E-3	5.7657622485E-3
8.8512394943E-1	2.0251234216E-3	5.7772690129E-3
8.9090693161E-1	1.9865223122E-3	5.7886792314E-3
8.9670127565E-1	1.9485753348E-3	5.7999927133E-3
9.0250688473E-1	1.9114626260E-3	5.8112092696E-3
9.0832366182E-1	1.8747367774E-3	5.8223287127E-3
9.1415150972E-1	1.8388732114E-3	5.8333508568E-3
9.1999033104E-1	1.8043762434E-3	5.8442755178E-3
9.2584002820E-1	1.7707482303E-3	5.8551025132E-3
9.3170050345E-1	1.7378282482E-3	5.8658316618E-3
9.3757165885E-1	1.7057751085E-3	5.8764627846E-3
9.4345339628E-1	1.6743403784E-3	5.8869957037E-3
9.4934561746E-1	1.6435288992E-3	5.8974302433E-3
9.5524822392E-1	1.6136434397E-3	5.9077662288E-3
9.6116111701E-1	1.5844968321E-3	5.9180034877E-3
9.6708419793E-1	1.5558466814E-3	5.9281418487E-3
9.7301736769E-1	1.5277308035E-3	5.9381811425E-3
9.7896052713E-1	1.5001454136E-3	5.9481212013E-3
9.8491357695E-1	1.4731514116E-3	5.9579618591E-3
9.9087641766E-1	1.4468725382E-3	5.9677029512E-3
9.9684894961E-1	1.4212712533E-3	5.9773443150E-3
1.0028310730E+0	1.3961306377E-3	5.9868857894E-3
1.0088226878E+0	1.3714167599E-3	5.9963272149E-3
1.0148236940E+0	1.3471412128E-3	6.0056684336E-3
1.0208339913E+0	1.3234570381E-3	6.0149092896E-3
1.0268534791E+0	1.3003925013E-3	6.0240496283E-3
1.0328820570E+0	1.2778430961E-3	6.0330892971E-3
1.0389196241E+0	1.2557182199E-3	6.0420281448E-3
1.0449660796E+0	1.2340243728E-3	6.0508660221E-3
1.0510213224E+0	1.2126808939E-3	6.0596027814E-3
1.0570852514E+0	1.1918645130E-3	6.0682382765E-3
1.0631577652E+0	1.1717038518E-3	6.0767723631E-3
1.0692387623E+0	1.1519089250E-3	6.0852048988E-3
1.0753281411E+0	1.1325098971E-3	6.0935357425E-3
1.0814257998E+0	1.1136120127E-3	6.1017647550E-3
1.0875316366E+0	1.0949859555E-3	6.1098917988E-3
1.0936455494E+0	1.0767427406E-3	6.1179167381E-3
1.0997674360E+0	1.0590801236E-3	6.1258394388E-3
1.1058971941E+0	1.0415075252E-3	6.1336597685E-3
1.1120347214E+0	1.0241867656E-3	6.1413775965E-3
1.1181799151E+0	1.0073922082E-3	6.1489927938E-3
1.1243326727E+0	9.9082744675E-4	6.1565052331E-3
1.1304928913E+0	9.7467163861E-4	6.1639147890E-3
1.1366604679E+0	9.5915035470E-4	6.1712213376E-3
1.1428352996E+0	9.4363989730E-4	6.1784247568E-3
1.1490172830E+0	9.2833532196E-4	6.1855249261E-3
1.1552063150E+0	9.1351146600E-4	6.1925217271E-3
1.1614022920E+0	8.9877933119E-4	6.1994150427E-3
1.1676051105E+0	8.8440963653E-4	6.2062047577E-3
1.1738146669E+0	8.7060768023E-4	6.2128907587E-3
1.1800308574E+0	8.5681501999E-4	6.2194729339E-3
1.1862535782E+0	8.4327257962E-4	6.2259511734E-3
1.1924827251E+0	8.3020371470E-4	6.2323253688E-3
1.1987181942E+0	8.1719948343E-4	6.2385954138E-3
1.2049598812E+0	8.0449104076E-4	6.2447612034E-3
1.2112076818E+0	7.9215475809E-4	6.2508226346E-3
1.2174614916E+0	7.7980437192E-4	6.2567796062E-3
1.2237212062E+0	7.6773173023E-4	6.2626320186E-3
1.2299867208E+0	7.5614077796E-4	6.2683797740E-3
1.2362579308E+0	7.4462250429E-4	6.2740227763E-3
1.2425347314E+0	7.3327822049E-4	6.2795609313E-3
1.2488170177E+0	7.2221578653E-4	6.2849941464E-3
1.2551046847E+0	7.1127193003E-4	6.2903223308E-3
1.2613976273E+0	7.0062291034E-4	6.2955453954E-3
1.2676957404E+0	6.9032294491E-4	6.3006632530E-3
1.2739989187E+0	6.7993793860E-4	6.3056758180E-3
1.2803070569E+0	6.6969515809E-4	6.3105830068E-3
1.2866200496E+0	6.5991686598E-4	6.3153847371E-3
1.2929377912E+0	6.5024534478E-4	6.3200809290E-3
1.2992601762E+0	6.4056685228E-4	6.3246715037E-3
1.3055870990E+0	6.3117167013E-4	6.3291563847E-3
1.3119184537E+0	6.2194526112E-4	6.3335354970E-3
1.3182541347E+0	6.1299562115E-4	6.3378087674E-3
1.3245940360E+0	6.0420962670E-4	6.3419761245E-3
1.3309380516E+0	5.9527394475E-4	6.3460374987E-3
1.3372860756E+0	5.8670011202E-4	6.3499928220E-3
1.3436380019E+0	5.7859844939E-4	6.3538420284E-3
1.3499937243E+0	5.7018706820E-4	6.3575850535E-3
1.3563531366E+0	5.6187166463E-4	6.3612218349E-3
1.3627161325E+0	5.5413821060E-4	6.3647523117E-3
1.3690826057E+0	5.4642600359E-4	6.3681764249E-3
1.3754524499E+0	5.3861560512E-4	6.3714941173E-3
1.3818255585E+0	5.3099777667E-4	6.3747053335E-3
1.3882018250E+0	5.2363714943E-4	6.3778100198E-3
1.3945811430E+0	5.1652570274E-4	6.3808081243E-3
1.4009634057E+0	5.0926238179E-4	6.3836995970E-3
1.4073485066E+0	5.0206427259E-4	6.3864843894E-3
1.4137363389E+0	4.9537941541E-4	6.3891624551E-3
1.4201267959E+0	4.8855156142E-4	6.3917337493E-3
1.4265197708E+0	4.8156177336E-4	6.3941982290E-3
1.4329151568E+0	4.7524259160E-4	6.3965558531E-3
1.4393128469E+0	4.6901812008E-4	6.3988065821E-3
1.4457127343E+0	4.6237160021E-4	6.4009503785E-3
1.4521147120E+0	4.5608117970E-4	6.4029872063E-3
1.4585186731E+0	4.5019152552E-4	6.4049170317E-3
1.4649245104E+0	4.4409044336E-4	6.4067398222E-3
1.4713321170E+0	4.3805402336E-4	6.4084555476E-3
1.4777413858E+0	4.3238795009E-4	6.4100641790E-3
1.4841522097E+0	4.2665180678E-4	6.4115656896E-3
1.4905644815E+0	4.2074653567E-4	6.4129600544E-3
1.4969780940E+0	4.1522984463E-4	6.4142472499E-3
1.5033929402E+0	4.1004765165E-4	6.4154272548E-3
1.5098089128E+0	4.0462535975E-4	6.4165000493E-3
1.5162259046E+0	3.9919921813E-4	6.4174656154E-3
1.5226438083E+0	3.9416116780E-4	6.4183239370E-3
1.5290625167E+0	3.8905193573E-4	6.4190749998E-3
1.5354819225E+0	3.8384402522E-4	6.4197187912E-3
1.5419019185E+0	3.7910322190E-4	6.4202553005E-3
1.5483223974E+0	3.7439037759E-4	6.4206845187E-3
1.5547432518E+0	3.6927067259E-4	6.4210064386E-3
1.5611643745E+0	3.6449309204E-4	6.4212210549E-3
1.5675856581E+0	3.6011333960E-4	6.4213283639E-3
1.5740069954E+0	3.5545376125E-4	6.4213283639E-3
1.5804282791E+0	3.5092990664E-4	6.4212210549E-3
1.5868494018E+0	3.4676893984E-4	6.4210064386E-3
1.5932702562E+0	3.4230313966E-4	6.4206845187E-3
1.5996907351E+0	3.3780356472E-4	6.4202553005E-3
1.6061107310E+0	3.3382620315E-4	6.4197187912E-3
1.6125301369E+0	3.2979946664E-4	6.4190749998E-3
1.6189488453E+0	3.2549479943E-4	6.4183239370E-3
1.6253667490E+0	3.2144880518E-4	6.4174656154E-3
1.6317837408E+0	3.1755972385E-4	6.4165000493E-3
1.6381997134E+0	3.1349860887E-4	6.4154272548E-3
1.6446145595E+0	3.0965795286E-4	6.4142472499E-3
1.6510281721E+0	3.0612999286E-4	6.4129600544E-3
1.6574404439E+0	3.0237976648E-4	6.4115656896E-3
1.6638512678E+0	2.9850994140E-4	6.4100641790E-3
1.6702605366E+0	2.9501355079E-4	6.4084555476E-3
1.6766681432E+0	2.9159165316E-4	6.4067398222E-3
1.6830739805E+0	2.8796917428E-4	6.4049170317E-3
1.6894779416E+0	2.8451341174E-4	6.4029872063E-3
1.6958799193E+0	2.8120960422E-4	6.4009503785E-3
1.7022798067E+0	2.7770133827E-4	6.3988065821E-3
1.7086774968E+0	2.7426588767E-4	6.3965558531E-3
1.7150728827E+0	2.7119202891E-4	6.3941982290E-3
1.7214658576E+0	2.6810158591E-4	6.3917337493E-3
1.7278563146E+0	2.6479815292E-4	6.3891624551E-3
1.7342441470E+0	2.6166379043E-4	6.3864843894E-3
1.7406292478E+0	2.5873956882E-4	6.3836995970E-3
1.7470115106E+0	2.5569822659E-4	6.3808081243E-3
1.7533908286E+0	2.5262596655E-4	6.3778100198E-3
1.7597670951E+0	2.4977128267E-4	6.3747053335E-3
1.7661402037E+0	2.4691693000E-4	6.3714941173E-3
1.7725100479E+0	2.4389565562E-4	6.3681764249E-3
1.7788765211E+0	2.4100993327E-4	6.3647523117E-3
1.7852395170E+0	2.3838765494E-4	6.3612218349E-3
1.7915989293E+0	2.3571770049E-4	6.3575850535E-3
1.7979546517E+0	2.3292543373E-4	6.3538420284E-3
1.8043065780E+0	2.3024847214E-4	6.3499928220E-3
1.8106546020E+0	2.2773049327E-4	6.3460374987E-3
1.8169986176E+0	2.2520725543E-4	6.3419761245E-3
1.8233385189E+0	2.2259347030E-4	6.3378087674E-3
1.8296741999E+0	2.2001865943E-4	6.3335354970E-3
1.8360055546E+0	2.1759341145E-4	6.3291563847E-3
1.8423324774E+0	2.1514288619E-4	6.3246715037E-3
1.8486548624E+0	2.1260803222E-4	6.3200809290E-3
1.8549726040E+0	2.1022050586E-4	6.3153847371E-3
1.8612855967E+0	2.0795591806E-4	6.3105830068E-3
1.8675937349E+0	2.0566152935E-4	6.3056758180E-3
1.8738969132E+0	2.0335602484E-4	6.3006632530E-3
1.8801950263E+0	2.0106530233E-4	6.2955453954E-3
1.8864879689E+0	1.9886924258E-4	6.2903223308E-3
1.8927756359E+0	1.9680000233E-4	6.2849941464E-3
1.8990579222E+0	1.9463021736E-4	6.2795609313E-3
1.9053347228E+0	1.9238093375E-4	6.2740227763E-3
1.9116059328E+0	1.9024265203E-4	6.2683797740E-3
1.9178714474E+0	1.8818581983E-4	6.2626320186E-3
1.9241311620E+0	1.8617361228E-4	6.2567796062E-3
1.9303849718E+0	1.8419678050E-4	6.2508226346E-3
1.9366327724E+0	1.8213035231E-4	6.2447612034E-3
1.9428744594E+0	1.8009603357E-4	6.2385954138E-3
1.9491099285E+0	1.7820372729E-4	6.2323253688E-3
1.9553390754E+0	1.7634630168E-4	6.2259511734E-3
1.9615617961E+0	1.7447884224E-4	6.2194729339E-3
1.9677779867E+0	1.7261300928E-4	6.2128907587E-3
1.9739875431E+0	1.7067585647E-4	6.2062047577E-3
1.9801903616E+0	1.6877610564E-4	6.1994150427E-3
1.9863863386E+0	1.6699164860E-4	6.1925217271E-3
1.9925753706E+0	1.6524021585E-4	6.1855249261E-3
1.9987573540E+0	1.6348695740E-4	6.1784247568E-3
2.0049321857E+0	1.6176169869E-4	6.1712213376E-3
2.0110997623E+0	1.6001356850E-4	6.1639147890E-3
2.0172599809E+0	1.5828790012E-4	6.1565052331E-3
2.0234127385E+0	1.5665494001E-4	6.1489927938E-3
2.0295579322E+0	1.5504336677E-4	6.1413775965E-3
2.0356954595E+0	1.5340517122E-4	6.1336597685E-3
2.0418252176E+0	1.5179959165E-4	6.1258394388E-3
2.0479471042E+0	1.5020060338E-4	6.1179167381E-3
2.0540610170E+0	1.4859568381E-4	6.1098917988E-3
2.0601668538E+0	1.4707509245E-4	6.1017647550E-3
2.0662645125E+0	1.4556654954E-4	6.0935357425E-3
2.0723538913E+0	1.4400517782E-4	6.0852048988E-3
2.0784348884E+0	1.4248862882E-4	6.0767723631E-3
2.0845074022E+0	1.4101492980E-4	6.0682382765E-3
2.0905713312E+0	1.3952417415E-4	6.0596027814E-3
2.0966265740E+0	1.3812371897E-4	6.0508660221E-3
2.1026730295E+0	1.3674447778E-4	6.0420281448E-3
2.1087105966E+0	1.3528920240E-4	6.0330892971E-3
2.1147391745E+0	1.3386959942E-4	6.0240496283E-3
2.1207586623E+0	1.3249765085E-4	6.0149092896E-3
2.1267689596E+0	1.3109072437E-4	6.0056684336E-3
2.1327699657E+0	1.2975846700E-4	5.9963272149E-3
2.1387615806E+0	1.2846894576E-4	5.9868857894E-3
2.1447437040E+0	1.2710228276E-4	5.9773443150E-3
2.1507162359E+0	1.2577471529E-4	5.9677029512E-3
2.1566790766E+0	1.2451495583E-4	5.9579618591E-3
2.1626321265E+0	1.2322676705E-4	5.9481212013E-3
2.1685752859E+0	1.2198145692E-4	5.9381811425E-3
2.1745084557E+0	1.2079573063E-4	5.9281418487E-3
2.1804315366E+0	1.1953850155E-4	5.9180034877E-3
2.1863444297E+0	1.1828876986E-4	5.9077662288E-3
2.1922470361E+0	1.1710727373E-4	5.8974302433E-3
2.1981392573E+0	1.1591108302E-4	5.8869957037E-3
2.2040209947E+0	1.1472394362E-4	5.8764627846E-3
2.2098921501E+0	1.1359728422E-4	5.8658316618E-3
2.2157526254E+0	1.1243769110E-4	5.8551025132E-3
2.2216023226E+0	1.1125513891E-4	5.8442755178E-3
2.2274411439E+0	1.1014034665E-4	5.8333508568E-3
2.2332689918E+0	1.0904244173E-4	5.8223287127E-3
2.2390857689E+0	1.0793426055E-4	5.8112092696E-3
2.2448913779E+0	1.0686393444E-4	5.7999927133E-3
2.2506857220E+0	1.0580922675E-4	5.7886792314E-3
2.2564687042E+0	1.0471249124E-4	5.7772690129E-3
2.2622402278E+0	1.0363520236E-4	5.7657622485E-3
2.2680001965E+0	1.0259914960E-4	5.7541591304E-3
2.2737485140E+0	1.0155149055E-4	5.7424598526E-3
2.2794850843E+0	1.0050900663E-4	5.7306646105E-3
2.2852098113E+0	9.9515599763E-5	5.7187736014E-3
2.2909225996E+0	9.8523650663E-5	5.7067870238E-3
2.2966233536E+0	9.7501310632E-5	5.6947050782E-3
2.3023119780E+0	9.6518426960E-5	5.6825279663E-3
2.3079883779E+0	9.5559577491E-5	5.6702558918E-3
2.3136524582E+0	9.4586695647E-5	5.6578890597E-3
2.3193041245E+0	9.3648493001E-5	5.6454276767E-3
2.3249432821E+0	9.2739588896E-5	5.6328719509E-3
2.3305698370E+0	9.1774680607E-5	5.6202220924E-3
2.3361836950E+0	9.0814558397E-5	5.6074783123E-3
2.3417847624E+0	8.9950608316E-5	5.5946408237E-3
2.3473729455E+0	8.9068441654E-5	5.5817098412E-3
2.3529481510E+0	8.8123622315E-5	5.5686855808E-3
2.3585102856E+0	8.7239910501E-5	5.5555682601E-3
2.3640592565E+0	8.6408797738E-5	5.5423580985E-3
2.3695949710E+0	8.5509320898E-5	5.5290553166E-3
2.3751173364E+0	8.4617379860E-5	5.5156601367E-3
2.3806262605E+0	8.3820022242E-5	5.5021727828E-3
2.3861216513E+0	8.2976824822E-5	5.4885934801E-3
2.3916034169E+0	8.2085633145E-5	5.4749224557E-3
2.3970714657E+0	8.1296689733E-5	5.4611599379E-3
2.4025257064E+0	8.0498002388E-5	5.4473061568E-3
2.4079660477E+0	7.9615225299E-5	5.4333613439E-3
2.4133923988E+0	7.8840894289E-5	5.4193257323E-3
2.4188046690E+0	7.8071075355E-5	5.4051995564E-3
2.4242027678E+0	7.7227065787E-5	5.3909830523E-3
2.4295866050E+0	7.6469267938E-5	5.3766764577E-3
2.4349560907E+0	7.5687782618E-5	5.3622800116E-3
2.4403111352E+0	7.4928374951E-5	5.3477939546E-3
2.4456516489E+0	7.4148380791E-5	5.3332185287E-3
2.4509775425E+0	7.3382063054E-5	5.3185539776E-3
2.4562887272E+0	7.2687778783E-5	5.3038005463E-3
2.4615851141E+0	7.1886790675E-5	5.2889584814E-3
2.4668666147E+0	7.1190362051E-5	5.2740280309E-3
2.4721331408E+0	7.0447037853E-5	5.2590094442E-3
2.4773846043E+0	6.9766087994E-5	5.2439029725E-3
2.4826209175E+0	6.8996445561E-5	5.2287088681E-3
2.4878419929E+0	6.8332992269E-5	5.2134273849E-3
2.4930477432E+0	6.7611029743E-5	5.1980587783E-3
2.4982380815E+0	6.6949682957E-5	5.1826033052E-3
2.5034129210E+0	6.6208138370E-5	5.1670612238E-3
2.5085721752E+0	6.5586562213E-5	5.1514327939E-3
2.5137157579E+0	6.4877482635E-5	5.1357182766E-3
2.5188435831E+0	6.4227351758E-5	5.1199179345E-3
2.5239555652E+0	6.3539550222E-5	5.1040320318E-3
2.5290516187E+0	6.2893212911E-5	5.0880608338E-3
2.5341316585E+0	6.2270654680E-5	5.0720046074E-3
2.5391955997E+0	6.1567128354E-5	5.0558636210E-3
2.5442433576E+0	6.0967998240E-5	5.0396381444E-3
2.5492748479E+0	6.0332947175E-5	5.0233284486E-3
2.5542899865E+0	5.9675445421E-5	5.0069348063E-3
2.5592886896E+0	5.9072099648E-5	4.9904574913E-3
2.5642708737E+0	5.8430937600E-5	4.9738967791E-3
2.5692364555E+0	5.7822115651E-5	4.9572529464E-3
2.5741853520E+0	5.7238728419E-5	4.9405262713E-3
2.5791174805E+0	5.6596558648E-5	4.9237170334E-3
2.5840327586E+0	5.5986168824E-5	4.9068255135E-3
2.5889311042E+0	5.5432249933E-5	4.8898519940E-3
2.5938124354E+0	5.4830882880E-5	4.8727967585E-3
2.5986766706E+0	5.4203123213E-5	4.8556600920E-3
2.6035237285E+0	5.3637919254E-5	4.8384422809E-3
2.6083535282E+0	5.3102534288E-5	4.8211436130E-3
2.6131659889E+0	5.2524672339E-5	4.8037643772E-3
2.6179610302E+0	5.1932048694E-5	4.7863048641E-3
2.6227385719E+0	5.1374021568E-5	4.7687653653E-3
2.6274985343E+0	5.0829648090E-5	4.7511461741E-3
2.6322408378E+0	5.0282992371E-5	4.7334475849E-3
2.6369654032E+0	4.9753764762E-5	4.7156698934E-3
2.6416721513E+0	4.9226883093E-5	4.6978133967E-3
2.6463610038E+0	4.8669753755E-5	4.6798783932E-3
2.6510318821E+0	4.8103331889E-5	4.6618651826E-3
2.6556847082E+0	4.7575366282E-5	4.6437740661E-3
2.6603194043E+0	4.7079089941E-5	4.6256053458E-3
2.6649358931E+0	4.6568211581E-5	4.6073593254E-3
2.6695340973E+0	4.6044903290E-5	4.5890363098E-3
2.6741139402E+0	4.5546116311E-5	4.5706366053E-3
2.6786753451E+0	4.5061609380E-5	4.5521605193E-3
2.6832182358E+0	4.4555869334E-5	4.5336083606E-3
2.6877425365E+0	4.4037242505E-5	4.5149804392E-3
2.6922481716E+0	4.3538526899E-5	4.4962770664E-3
2.6967350656E+0	4.3058985445E-5	4.4774985548E-3
2.7012031437E+0	4.2570562899E-5	4.4586452181E-3
2.7056523312E+0	4.2071671649E-5	4.4397173715E-3
2.7100825537E+0	4.1589806051E-5	4.4207153312E-3
2.7144937373E+0	4.1126146075E-5	4.4016394148E-3
2.7188858081E+0	4.0651029040E-5	4.3824899412E-3
2.7232586927E+0	4.0157368995E-5	4.3632672302E-3
2.7276123182E+0	3.9668679592E-5	4.3439716031E-3
2.7319466117E+0	3.9199060680E-5	4.3246033825E-3
2.7362615009E+0	3.8739788253E-5	4.3051628919E-3
2.7405569135E+0	3.8283088566E-5	4.2856504563E-3
2.7448327779E+0	3.7839246946E-5	4.2660664016E-3
2.7490890226E+0	3.7415622118E-5	4.2464110553E-3
2.7533255764E+0	3.6989432944E-5	4.2266847457E-3
2.7575423685E+0	3.6532788120E-5	4.2068878026E-3
2.7617393285E+0	3.6061116246E-5	4.1870205567E-3
2.7659163863E+0	3.5621342006E-5	4.1670833400E-3
2.7700734720E+0	3.5224613507E-5	4.1470764858E-3
2.7742105162E+0	3.4820447419E-5	4.1270003283E-3
2.7783274497E+0	3.4371560435E-5	4.1068552032E-3
2.7824242037E+0	3.3928004937E-5	4.0866414469E-3
2.7865007098E+0	3.3540757737E-5	4.0663593974E-3
2.7905568999E+0	3.3147342837E-5	4.0460093936E-3
2.7945927061E+0	3.2703066924E-5	4.0255917754E-3
2.7986080610E+0	3.2291535718E-5	4.0051068843E-3
2.8026028975E+0	3.1906649042E-5	3.9845550624E-3
2.8065771489E+0	3.1475766695E-5	3.9639366533E-3
2.8105307487E+0	3.1095060438E-5	3.9432520014E-3
2.8144636309E+0	3.0729284463E-5	3.9225014525E-3
2.8183757298E+0	3.0290197290E-5	3.9016853533E-3
2.8222669799E+0	2.9925312202E-5	3.8808040517E-3
2.8261373163E+0	2.9534361976E-5	3.8598578967E-3
2.8299866742E+0	2.9147039643E-5	3.8388472382E-3
2.8338149894E+0	2.8789229387E-5	3.8177724274E-3
2.8376221978E+0	2.8362305233E-5	3.7966338166E-3
2.8414082359E+0	2.8023508326E-5	3.7754317588E-3
2.8451730403E+0	2.7621463435E-5	3.7541666086E-3
2.8489165482E+0	2.7304447648E-5	3.7328387211E-3
2.8526386969E+0	2.6897471255E-5	3.7114484529E-3
2.8563394244E+0	2.6563983659E-5	3.6899961614E-3
2.8600186687E+0	2.6158691095E-5	3.6684822051E-3
2.8636763684E+0	2.5841992675E-5	3.6469069436E-3
2.8673124623E+0	2.5464622768E-5	3.6252707373E-3
2.8709268897E+0	2.5119504058E-5	3.6035739479E-3
2.8745195901E+0	2.4763742817E-5	3.5818169379E-3
2.8780905036E+0	2.4386463658E-5	3.5600000709E-3
2.8816395704E+0	2.4088563449E-5	3.5381237115E-3
2.8851667313E+0	2.3735202248E-5	3.5161882254E-3
2.8886719273E+0	2.3395078532E-5	3.4941939790E-3
2.8921550998E+0	2.3080030979E-5	3.4721413399E-3
2.8956161906E+0	2.2713839685E-5	3.4500306767E-3
2.8990551419E+0	2.2378908765E-5	3.4278623588E-3
2.9024718962E+0	2.2088615181E-5	3.4056367567E-3
2.9058663965E+0	2.1758887680E-5	3.3833542419E-3
2.9092385859E+0	2.1404630767E-5	3.3610151867E-3
2.9125884081E+0	2.1086280194E-5	3.3386199643E-3
2.9159158072E+0	2.0793523780E-5	3.3161689492E-3
2.9192207275E+0	2.0487220865E-5	3.2936625164E-3
2.9225031139E+0	2.0164528183E-5	3.2711010421E-3
2.9257629114E+0	1.9845863735E-5	3.2484849032E-3
2.9290000656E+0	1.9541386109E-5	3.2258144779E-3
2.9322145224E+0	1.9246524780E-5	3.2030901448E-3
2.9354062280E+0	1.8953135479E-5	3.1803122838E-3
2.9385751292E+0	1.8655867093E-5	3.1574812755E-3
2.9417211730E+0	1.8352807530E-5	3.1345975014E-3
2.9448443068E+0	1.8045912787E-5	3.1116613440E-3
2.9479444784E+0	1.7741279171E-5	3.0886731866E-3
2.9510216360E+0	1.7446144609E-5	3.0656334132E-3
2.9540757281E+0	1.7163299885E-5	3.0425424091E-3
2.9571067038E+0	1.6888289591E-5	3.0194005599E-3
2.9601145124E+0	1.6613078406E-5	2.9962082525E-3
2.9630991036E+0	1.6333005048E-5	2.9729658744E-3
2.9660604276E+0	1.6050228838E-5	2.9496738141E-3
2.9689984348E+0	1.5770918709E-5	2.9263324607E-3
2.9719130762E+0	1.5499867257E-5	2.9029422044E-3
2.9748043031E+0	1.5237618840E-5	2.8795034361E-3
2.9776720671E+0	1.4981360828E-5	2.8560165473E-3
2.9805163203E+0	1.4727182460E-5	2.8324819307E-3
2.9833370151E+0	1.4471340796E-5	2.8088999795E-3
2.9861341046E+0	1.4210750093E-5	2.7852710878E-3
2.9889075418E+0	1.3944821855E-5	2.7615956505E-3
2.9916572805E+0	1.3679034168E-5	2.7378740632E-3
2.9943832747E+0	1.3424886325E-5	2.7141067224E-3
2.9970854788E+0	1.3188880461E-5	2.6902940251E-3
2.9997638477E+0	1.2957428411E-5	2.6664363695E-3
3.0024183367E+0	1.2705734505E-5	2.6425341541E-3
3.0050489013E+0	1.2437615394E-5	2.6185877784E-3
3.0076554977E+0	1.2192004880E-5	2.5945976426E-3
3.0102380822E+0	1.1973849071E-5	2.5705641475E-3
3.0127966116E+0	1.1735057428E-5	2.5464876949E-3
3.0153310434E+0	1.1483595908E-5	2.5223686871E-3
3.0178413350E+0	1.1270797077E-5	2.4982075270E-3
3.0203274445E+0	1.1047142787E-5	2.4740046186E-3
3.0227893304E+0	1.0796502637E-5	2.4497603662E-3
3.0252269516E+0	1.0591805540E-5	2.4254751751E-3
3.0276402673E+0	1.0364746165E-5	2.4011494510E-3
3.0300292371E+0	1.0136706198E-5	2.3767836004E-3
3.0323938212E+0	9.9442629307E-6	2.3523780306E-3
3.0347339801E+0	9.7070956461E-6	2.3279331494E-3
3.0370496746E+0	9.5186626460E-6	2.3034493653E-3
3.0393408660E+0	9.2857827064E-6	2.2789270875E-3
3.0416075160E+0	9.0922115189E-6	2.2543667257E-3
3.0438495869E+0	8.8669102737E-6	2.2297686905E-3
3.0460670410E+0	8.6792504014E-6	2.2051333928E-3
3.0482598414E+0	8.4604570771E-6	2.1804612443E-3
3.0504279513E+0	8.2862497735E-6	2.1557526574E-3
3.0525713347E+0	8.0707395353E-6	2.1310080450E-3
3.0546899556E+0	7.9003696963E-6	2.1062278206E-3
3.0567837786E+0	7.6976731961E-6	2.0814123983E-3
3.0588527688E+0	7.5074765697E-6	2.0565621928E-3
3.0608968915E+0	7.3344298942E-6	2.0316776194E-3
3.0629161127E+0	7.1294076104E-6	2.0067590939E-3
3.0649103985E+0	6.9559977948E-6	1.9818070327E-3
3.0668797157E+0	6.7875867935E-6	1.9568218529E-3
3.0688240313E+0	6.5955592862E-6	1.9318039720E-3
3.0707433129E+0	6.4241161030E-6	1.9067538080E-3
3.0726375283E+0	6.2682101677E-6	1.8816717796E-3
3.0745066460E+0	6.0938343744E-6	1.8565583060E-3
3.0763506346E+0	5.9116415316E-6	1.8314138067E-3
3.0781694634E+0	5.7452758434E-6	1.8062387021E-3
3.0799631019E+0	5.5907421203E-6	1.7810334128E-3
3.0817315203E+0	5.4324745584E-6	1.7557983600E-3
3.0834746889E+0	5.2673376352E-6	1.7305339655E-3
3.0851925786E+0	5.1032268112E-6	1.7052406515E-3
3.0868851607E+0	4.9469667153E-6	1.6799188405E-3
3.0885524069E+0	4.7992083687E-6	1.6545689559E-3
3.0901942894E+0	4.6567949469E-6	1.6291914212E-3
3.0918107807E+0	4.5164084924E-6	1.6037866605E-3
3.0934018538E+0	4.3762763638E-6	1.5783550984E-3
3.0949674821E+0	4.2361267445E-6	1.5528971598E-3
3.0965076394E+0	4.0965146018E-6	1.5274132703E-3
3.0980223001E+0	3.9582176171E-6	1.5019038556E-3
3.0995114388E+0	3.8218735472E-6	1.4763693421E-3
3.1009750306E+0	3.6878076968E-6	1.4508101565E-3
3.1024130510E+0	3.5559923439E-6	1.4252267258E-3
3.1038254761E+0	3.4261457056E-6	1.3996194778E-3
3.1052122822E+0	3.2980290805E-6	1.3739888402E-3
3.1065734461E+0	3.1719409212E-6	1.3483352414E-3
3.1079089451E+0	3.0491458301E-6	1.3226591101E-3
3.1092187570E+0	2.9315744981E-6	1.2969608754E-3
3.1105028597E+0	2.8201197696E-6	1.2712409668E-3
3.1117612318E+0	2.7121973204E-6	1.2454998140E-3
3.1129938524E+0	2.6018703118E-6	1.2197378472E-3
3.1142007007E+0	2.4859144282E-6	1.1939554970E-3
3.1153817567E+0	2.3709632130E-6	1.1681531941E-3
3.1165370006E+0	2.2676602833E-6	1.1423313699E-3
3.1176664131E+0	2.1724742543E-6	1.1164904558E-3
3.1187699753E+0	2.0696209971E-6	1.0906308836E-3
3.1198476688E+0	1.9632364625E-6	1.0647530855E-3
3.1208994755E+0	1.8729921160E-6	1.0388574939E-3
3.1219253780E+0	1.7859287906E-6	1.0129445417E-3
3.1229253590E+0	1.6868371460E-6	9.8701466182E-4
3.1238994018E+0	1.6026897309E-6	9.6106828758E-4
3.1248474902E+0	1.5225177139E-6	9.3510585261E-4
3.1257696083E+0	1.4307864062E-6	9.0912779076E-4
3.1266657407E+0	1.3586158315E-6	8.8313453619E-4
3.1275358724E+0	1.2757253295E-6	8.5712652325E-4
3.1283799890E+0	1.2002748877E-6	8.3110418659E-4
3.1291980762E+0	1.1288661907E-6	8.0506796108E-4
3.1299901204E+0	1.0527675124E-6	7.7901828182E-4
3.1307561084E+0	9.8842884766E-7	7.5295558414E-4
3.1314960274E+0	9.1593654479E-7	7.2688030358E-4
3.1322098650E+0	8.5543232894E-7	7.0079287589E-4
3.1328976092E+0	7.8959432577E-7	6.7469373705E-4
3.1335592487E+0	7.3018004587E-7	6.4858332323E-4
3.1341947723E+0	6.7397925616E-7	6.2246207073E-4
3.1348041694E+0	6.1386385285E-7	5.9633041614E-4
3.1353874298E+0	5.6653163630E-7	5.7018879612E-4
3.1359445438E+0	5.1110585307E-7	5.4403764760E-4
3.1364755020E+0	4.6341065548E-7	5.1787740760E-4
3.1369802957E+0	4.2096271950E-7	4.9170851331E-4
3.1374589163E+0	3.7326216552E-7	4.6553140213E-4
3.1379113559E+0	3.3241631894E-7	4.3934651156E-4
3.1383376069E+0	2.9708356836E-7	4.1315427928E-4
3.1387376622E+0	2.5913236372E-7	3.8695514312E-4
3.1391115150E+0	2.2284852251E-7	3.6074954110E-4
3.1394591592E+0	1.9263821076E-7	3.3453791144E-4
3.1397805890E+0	1.6551908617E-7	3.0832069259E-4
3.1400757989E+0	1.3850912503E-7	2.8209832342E-4
3.1403447841E+0	1.1261319736E-7	2.5587124334E-4
3.1405875400E+0	8.9809737394E-8	2.2963989267E-4
3.1408040626E+0	7.0517890504E-8	2.0340471372E-4
3.1409943483E+0	5.4051419935E-8	1.7716615272E-4
3.1411583939E+0	3.9760082357E-8	1.5092466531E-4
3.1412961968E+0	2.7452475869E-8	1.2468073282E-4
3.1414077547E+0	1.7246683586E-8	9.8434919423E-5
3.1414930663E+0	9.3224616627E-9	7.2188137769E-5
3.1415521316E+0	3.7981056241E-9	4.5943520243E-5
3.1415849628E+0	7.2102704452E-10	1.9736940383E-5