# Differential cross section		
# Author: P. Swaczyna	Princeton University	(swaczyna@princeton.edu)
# Date: 	Fri 4 Dec 2020 01:22:29	
# 		
# Elastic collision: H^0 + He^0 -> H^0 + He^0		
# 		
# Red. mass: 	7.5005505498E+8	 eV/c^2
# CM energy: 	7.8523563461E-3	 eV
# Rel speed: 	1.3717947284E+5	 cm/s
# Tot sigma: 	2.3787200983E+2	 a.u.
# Int sigma: 	2.3787200983E+2	 a.u.
# 		
# Columns:		
# the <- scattering angle (rad)		
# dcs <- dsigma/dOmega*2*pi*sin(the) (a.u. = 2.8002852056E-17 cm^2)		
# wei <- weight for cross section integration (approx. width of angle bin)		
# 		
# the	dcs	wei
7.6907532846E-6	1.9034927963E-2	1.9736940383E-5
4.0521979771E-5	1.0029355079E-1	4.5943520243E-5
9.9587300392E-5	2.4648260772E-1	7.2188137769E-5
1.8489884726E-4	4.5763204894E-1	9.8434919423E-5
2.9645680168E-4	7.3374210611E-1	1.2468073282E-4
4.3425968311E-4	1.0748086432E+0	1.5092466531E-4
5.9830531657E-4	1.4808254004E+0	1.7716615272E-4
7.8859101285E-4	1.9517842550E+0	2.0340471372E-4
1.0051136166E-3	2.4876751190E+0	2.2963989267E-4
1.2478695220E-3	3.0884857232E+0	2.5587124334E-4
1.5168546797E-3	3.7542013413E+0	2.8209832342E-4
1.8120645986E-3	4.4848044708E+0	3.0832069259E-4
2.1334943481E-3	5.2802744755E+0	3.3453791144E-4
2.4811385584E-3	6.1405871916E+0	3.6074954110E-4
2.8549914211E-3	7.0657144979E+0	3.8695514312E-4
3.2550466893E-3	8.0556238520E+0	4.1315427928E-4
3.6812976783E-3	9.1102777909E+0	4.3934651156E-4
4.1337372652E-3	1.0229633398E+1	4.6553140213E-4
4.6123578895E-3	1.1413641736E+1	4.9170851331E-4
5.1171515529E-3	1.2662247245E+1	5.1787740760E-4
5.6481098199E-3	1.3975387109E+1	5.4403764760E-4
6.2052238176E-3	1.5352990585E+1	5.7018879612E-4
6.7884842360E-3	1.6794978306E+1	5.9633041614E-4
7.3978813281E-3	1.8301261545E+1	6.2246207073E-4
8.0334049101E-3	1.9871741449E+1	6.4858332323E-4
8.6950443616E-3	2.1506308241E+1	6.7469373705E-4
9.3827886258E-3	2.3204840392E+1	7.0079287589E-4
1.0096626210E-2	2.4967203759E+1	7.2688030358E-4
1.0836545184E-2	2.6793250696E+1	7.5295558414E-4
1.1602533184E-2	2.8682819133E+1	7.7901828182E-4
1.2394577408E-2	3.0635731626E+1	8.0506796108E-4
1.3212664621E-2	3.2651794379E+1	8.3110418659E-4
1.4056781152E-2	3.4730796237E+1	8.5712652325E-4
1.4926912893E-2	3.6872507654E+1	8.8313453619E-4
1.5823045305E-2	3.9076679632E+1	9.0912779076E-4
1.6745163410E-2	4.1343042639E+1	9.3510585261E-4
1.7693251801E-2	4.3671305498E+1	9.6106828758E-4
1.8667294632E-2	4.6061154254E+1	9.8701466182E-4
1.9667275626E-2	4.8512251022E+1	1.0129445417E-3
2.0693178073E-2	5.1024232809E+1	1.0388574939E-3
2.1744984827E-2	5.3596710321E+1	1.0647530855E-3
2.2822678313E-2	5.6229266749E+1	1.0906308836E-3
2.3926240519E-2	5.8921456536E+1	1.1164904558E-3
2.5055653005E-2	6.1672804136E+1	1.1423313699E-3
2.6210896896E-2	6.4482802749E+1	1.1681531941E-3
2.7391952886E-2	6.7350913055E+1	1.1939554970E-3
2.8598801239E-2	7.0276561927E+1	1.2197378472E-3
2.9831421786E-2	7.3259141144E+1	1.2454998140E-3
3.1089793929E-2	7.6298006091E+1	1.2712409668E-3
3.2373896638E-2	7.9392474461E+1	1.2969608754E-3
3.3683708455E-2	8.2541824951E+1	1.3226591101E-3
3.5019207490E-2	8.5745295958E+1	1.3483352414E-3
3.6380371427E-2	8.9002084279E+1	1.3739888402E-3
3.7767177517E-2	9.2311343817E+1	1.3996194778E-3
3.9179602586E-2	9.5672184293E+1	1.4252267258E-3
4.0617623030E-2	9.9083669966E+1	1.4508101565E-3
4.2081214817E-2	1.0254481837E+2	1.4763693421E-3
4.3570353490E-2	1.0605459909E+2	1.5019038556E-3
4.5085014162E-2	1.0961193247E+2	1.5274132703E-3
4.6625171522E-2	1.1321568850E+2	1.5528971598E-3
4.8190799831E-2	1.1686468555E+2	1.5783550984E-3
4.9781872927E-2	1.2055768929E+2	1.6037866605E-3
5.1398364219E-2	1.2429341150E+2	1.6291914212E-3
5.3040246694E-2	1.2807050907E+2	1.6545689559E-3
5.4707492914E-2	1.3188758290E+2	1.6799188405E-3
5.6400075017E-2	1.3574317692E+2	1.7052406515E-3
5.8117964718E-2	1.3963577717E+2	1.7305339655E-3
5.9861133308E-2	1.4356381084E+2	1.7557983600E-3
6.1629551657E-2	1.4752564551E+2	1.7810334128E-3
6.3423190212E-2	1.5151958830E+2	1.8062387021E-3
6.5242019000E-2	1.5554388520E+2	1.8314138067E-3
6.7086007624E-2	1.5959672040E+2	1.8565583060E-3
6.8955125270E-2	1.6367621573E+2	1.8816717796E-3
7.0849340702E-2	1.6778043015E+2	1.9067538080E-3
7.2768622264E-2	1.7190735937E+2	1.9318039720E-3
7.4712937885E-2	1.7605493549E+2	1.9568218529E-3
7.6682255070E-2	1.8022102677E+2	1.9818070327E-3
7.8676540910E-2	1.8440343751E+2	2.0067590939E-3
8.0695762079E-2	1.8859990803E+2	2.0316776194E-3
8.2739884832E-2	1.9280811467E+2	2.0565621928E-3
8.4808875009E-2	1.9702567006E+2	2.0814123983E-3
8.6902698034E-2	2.0125012334E+2	2.1062278206E-3
8.9021318917E-2	2.0547896062E+2	2.1310080450E-3
9.1164702253E-2	2.0970960549E+2	2.1557526574E-3
9.3332812224E-2	2.1393941972E+2	2.1804612443E-3
9.5525612596E-2	2.1816570401E+2	2.2051333928E-3
9.7743066726E-2	2.2238569898E+2	2.2297686905E-3
9.9985137556E-2	2.2659658622E+2	2.2543667257E-3
1.0225178762E-1	2.3079548951E+2	2.2789270875E-3
1.0454297904E-1	2.3497947622E+2	2.3034493653E-3
1.0685867352E-1	2.3914555881E+2	2.3279331494E-3
1.0919883237E-1	2.4329069651E+2	2.3523780306E-3
1.1156341648E-1	2.4741179720E+2	2.3767836004E-3
1.1395238633E-1	2.5150571940E+2	2.4011494510E-3
1.1636570200E-1	2.5556927441E+2	2.4254751751E-3
1.1880332317E-1	2.5959922869E+2	2.4497603662E-3
1.2126520909E-1	2.6359230640E+2	2.4740046186E-3
1.2375131862E-1	2.6754519199E+2	2.4982075270E-3
1.2626161023E-1	2.7145453318E+2	2.5223686871E-3
1.2879604195E-1	2.7531694391E+2	2.5464876949E-3
1.3135457143E-1	2.7912900760E+2	2.5705641475E-3
1.3393715592E-1	2.8288728052E+2	2.5945976426E-3
1.3654375226E-1	2.8658829538E+2	2.6185877784E-3
1.3917431689E-1	2.9022856506E+2	2.6425341541E-3
1.4182880585E-1	2.9380458657E+2	2.6664363695E-3
1.4450717478E-1	2.9731284510E+2	2.6902940251E-3
1.4720937892E-1	3.0074981835E+2	2.7141067224E-3
1.4993537310E-1	3.0411198092E+2	2.7378740632E-3
1.5268511179E-1	3.0739580900E+2	2.7615956505E-3
1.5545854902E-1	3.1059778507E+2	2.7852710878E-3
1.5825563845E-1	3.1371440293E+2	2.8088999795E-3
1.6107633333E-1	3.1674217271E+2	2.8324819307E-3
1.6392058653E-1	3.1967762620E+2	2.8560165473E-3
1.6678835052E-1	3.2251732222E+2	2.8795034361E-3
1.6967957737E-1	3.2525785214E+2	2.9029422044E-3
1.7259421876E-1	3.2789584560E+2	2.9263324607E-3
1.7553222599E-1	3.3042797626E+2	2.9496738141E-3
1.7849354996E-1	3.3285096774E+2	2.9729658744E-3
1.8147814117E-1	3.3516159964E+2	2.9962082525E-3
1.8448594977E-1	3.3735671367E+2	3.0194005599E-3
1.8751692548E-1	3.3943321983E+2	3.0425424091E-3
1.9057101764E-1	3.4138810272E+2	3.0656334132E-3
1.9364817522E-1	3.4321842789E+2	3.0886731866E-3
1.9674834681E-1	3.4492134822E+2	3.1116613440E-3
1.9987148058E-1	3.4649411039E+2	3.1345975014E-3
2.0301752435E-1	3.4793406134E+2	3.1574812755E-3
2.0618642554E-1	3.4923865472E+2	3.1803122838E-3
2.0937813120E-1	3.5040545744E+2	3.2030901448E-3
2.1259258799E-1	3.5143215604E+2	3.2258144779E-3
2.1582974219E-1	3.5231656317E+2	3.2484849032E-3
2.1908953970E-1	3.5305662394E+2	3.2711010421E-3
2.2237192605E-1	3.5365042222E+2	3.2936625164E-3
2.2567684639E-1	3.5409618688E+2	3.3161689492E-3
2.2900424548E-1	3.5439229786E+2	3.3386199643E-3
2.3235406772E-1	3.5453729222E+2	3.3610151867E-3
2.3572625713E-1	3.5452986990E+2	3.3833542419E-3
2.3912075735E-1	3.5436889949E+2	3.4056367567E-3
2.4253751167E-1	3.5405342370E+2	3.4278623588E-3
2.4597646298E-1	3.5358266464E+2	3.4500306767E-3
2.4943755380E-1	3.5295602897E+2	3.4721413399E-3
2.5292072631E-1	3.5217311267E+2	3.4941939790E-3
2.5642592230E-1	3.5123370571E+2	3.5161882254E-3
2.5995308318E-1	3.5013779629E+2	3.5381237115E-3
2.6350215001E-1	3.4888557486E+2	3.5600000709E-3
2.6707306349E-1	3.4747743786E+2	3.5818169379E-3
2.7066576394E-1	3.4591399102E+2	3.6035739479E-3
2.7428019131E-1	3.4419605236E+2	3.6252707373E-3
2.7791628522E-1	3.4232465483E+2	3.6469069436E-3
2.8157398488E-1	3.4030104855E+2	3.6684822051E-3
2.8525322919E-1	3.3812670258E+2	3.6899961614E-3
2.8895395665E-1	3.3580330634E+2	3.7114484529E-3
2.9267610542E-1	3.3333277054E+2	3.7328387211E-3
2.9641961330E-1	3.3071722766E+2	3.7541666086E-3
3.0018441773E-1	3.2795903197E+2	3.7754317588E-3
3.0397045579E-1	3.2506075906E+2	3.7966338166E-3
3.0777766421E-1	3.2202520481E+2	3.8177724274E-3
3.1160597938E-1	3.1885538396E+2	3.8388472382E-3
3.1545533730E-1	3.1555452805E+2	3.8598578967E-3
3.1932567367E-1	3.1212608292E+2	3.8808040517E-3
3.2321692379E-1	3.0857370557E+2	3.9016853533E-3
3.2712902264E-1	3.0490126058E+2	3.9225014525E-3
3.3106190484E-1	3.0111281595E+2	3.9432520014E-3
3.3501550468E-1	2.9721263829E+2	3.9639366533E-3
3.3898975607E-1	2.9320518764E+2	3.9845550624E-3
3.4298459261E-1	2.8909511158E+2	4.0051068843E-3
3.4699994753E-1	2.8488723888E+2	4.0255917754E-3
3.5103575373E-1	2.8058657254E+2	4.0460093936E-3
3.5509194378E-1	2.7619828236E+2	4.0663593974E-3
3.5916844988E-1	2.7172769693E+2	4.0866414469E-3
3.6326520391E-1	2.6718029509E+2	4.1068552032E-3
3.6738213741E-1	2.6256169696E+2	4.1270003283E-3
3.7151918157E-1	2.5787765434E+2	4.1470764858E-3
3.7567626728E-1	2.5313404076E+2	4.1670833400E-3
3.7985332504E-1	2.4833684099E+2	4.1870205567E-3
3.8405028507E-1	2.4349214014E+2	4.2068878026E-3
3.8826707721E-1	2.3860611232E+2	4.2266847457E-3
3.9250363101E-1	2.3368500892E+2	4.2464110553E-3
3.9675987567E-1	2.2873514649E+2	4.2660664016E-3
4.0103574005E-1	2.2376289434E+2	4.2856504563E-3
4.0533115271E-1	2.1877466172E+2	4.3051628919E-3
4.0964604185E-1	2.1377688485E+2	4.3246033825E-3
4.1398033538E-1	2.0877601357E+2	4.3439716031E-3
4.1833396086E-1	2.0377849784E+2	4.3632672302E-3
4.2270684554E-1	1.9879077410E+2	4.3824899412E-3
4.2709891633E-1	1.9381925137E+2	4.4016394148E-3
4.3151009985E-1	1.8887029738E+2	4.4207153312E-3
4.3594032237E-1	1.8395022452E+2	4.4397173715E-3
4.4038950986E-1	1.7906527586E+2	4.4586452181E-3
4.4485758797E-1	1.7422161112E+2	4.4774985548E-3
4.4934448203E-1	1.6942529275E+2	4.4962770664E-3
4.5385011706E-1	1.6468227210E+2	4.5149804392E-3
4.5837441776E-1	1.5999837571E+2	4.5336083606E-3
4.6291730852E-1	1.5537929186E+2	4.5521605193E-3
4.6747871344E-1	1.5083055728E+2	4.5706366053E-3
4.7205855627E-1	1.4635754425E+2	4.5890363098E-3
4.7665676049E-1	1.4196544787E+2	4.6073593254E-3
4.8127324926E-1	1.3765927390E+2	4.6256053458E-3
4.8590794542E-1	1.3344382683E+2	4.6437740661E-3
4.9056077152E-1	1.2932369853E+2	4.6618651826E-3
4.9523164982E-1	1.2530325734E+2	4.6798783932E-3
4.9992050224E-1	1.2138663777E+2	4.6978133967E-3
5.0462725044E-1	1.1757773068E+2	4.7156698934E-3
5.0935181576E-1	1.1388017416E+2	4.7334475849E-3
5.1409411924E-1	1.1029734504E+2	4.7511461741E-3
5.1885408164E-1	1.0683235108E+2	4.7687653653E-3
5.2363162341E-1	1.0348802394E+2	4.7863048641E-3
5.2842666471E-1	1.0026691277E+2	4.8037643772E-3
5.3323912540E-1	9.7171278761E+1	4.8211436130E-3
5.3806892508E-1	9.4203090364E+1	4.8384422809E-3
5.4291598301E-1	9.1364019394E+1	4.8556600920E-3
5.4778021821E-1	8.8655437984E+1	4.8727967585E-3
5.5266154939E-1	8.6078416398E+1	4.8898519940E-3
5.5755989496E-1	8.3633721729E+1	4.9068255135E-3
5.6247517308E-1	8.1321817488E+1	4.9237170334E-3
5.6740730160E-1	7.9142864093E+1	4.9405262713E-3
5.7235619810E-1	7.7096720268E+1	4.9572529464E-3
5.7732177988E-1	7.5182945339E+1	4.9738967791E-3
5.8230396395E-1	7.3400802441E+1	4.9904574913E-3
5.8730266706E-1	7.1749262616E+1	5.0069348063E-3
5.9231780568E-1	7.0227009804E+1	5.0233284486E-3
5.9734929598E-1	6.8832446705E+1	5.0396381444E-3
6.0239705389E-1	6.7563701496E+1	5.0558636210E-3
6.0746099506E-1	6.6418635399E+1	5.0720046074E-3
6.1254103485E-1	6.5394851047E+1	5.0880608338E-3
6.1763708838E-1	6.4489701646E+1	5.1040320318E-3
6.2274907048E-1	6.3700300897E+1	5.1199179345E-3
6.2787689573E-1	6.3023533636E+1	5.1357182766E-3
6.3302047843E-1	6.2456067167E+1	5.1514327939E-3
6.3817973262E-1	6.1994363237E+1	5.1670612238E-3
6.4335457209E-1	6.1634690625E+1	5.1826033052E-3
6.4854491036E-1	6.1373138286E+1	5.1980587783E-3
6.5375066070E-1	6.1205629012E+1	5.2134273849E-3
6.5897173609E-1	6.1127933554E+1	5.2287088681E-3
6.6420804930E-1	6.1135685165E+1	5.2439029725E-3
6.6945951283E-1	6.1224394487E+1	5.2590094442E-3
6.7472603890E-1	6.1389464760E+1	5.2740280309E-3
6.8000753951E-1	6.1626207263E+1	5.2889584814E-3
6.8530392640E-1	6.1929856952E+1	5.3038005463E-3
6.9061511106E-1	6.2295588228E+1	5.3185539776E-3
6.9594100473E-1	6.2718530774E+1	5.3332185287E-3
7.0128151841E-1	6.3193785406E+1	5.3477939546E-3
7.0663656285E-1	6.3716439878E+1	5.3622800116E-3
7.1200604856E-1	6.4281584571E+1	5.3766764577E-3
7.1738988581E-1	6.4884328025E+1	5.3909830523E-3
7.2278798463E-1	6.5519812238E+1	5.4051995564E-3
7.2820025482E-1	6.6183227691E+1	5.4193257323E-3
7.3362660591E-1	6.6869828021E+1	5.4333613439E-3
7.3906694724E-1	6.7574944316E+1	5.4473061568E-3
7.4452118788E-1	6.8293998946E+1	5.4611599379E-3
7.4998923669E-1	6.9022518913E+1	5.4749224557E-3
7.5547100229E-1	6.9756148643E+1	5.4885934801E-3
7.6096639308E-1	7.0490662193E+1	5.5021727828E-3
7.6647531721E-1	7.1221974813E+1	5.5156601367E-3
7.7199768263E-1	7.1946153845E+1	5.5290553166E-3
7.7753339704E-1	7.2659428894E+1	5.5423580985E-3
7.8308236795E-1	7.3358201263E+1	5.5555682601E-3
7.8864450262E-1	7.4039052599E+1	5.5686855808E-3
7.9421970809E-1	7.4698752742E+1	5.5817098412E-3
7.9980789121E-1	7.5334266739E+1	5.5946408237E-3
8.0540895857E-1	7.5942761010E+1	5.6074783123E-3
8.1102281659E-1	7.6521608650E+1	5.6202220924E-3
8.1664937145E-1	7.7068393858E+1	5.6328719509E-3
8.2228852912E-1	7.7580915471E+1	5.6454276767E-3
8.2794019536E-1	7.8057189620E+1	5.6578890597E-3
8.3360427572E-1	7.8495451496E+1	5.6702558918E-3
8.3928067556E-1	7.8894156225E+1	5.6825279663E-3
8.4496930000E-1	7.9251978875E+1	5.6947050782E-3
8.5067005399E-1	7.9567813596E+1	5.7067870238E-3
8.5638284226E-1	7.9840771907E+1	5.7187736014E-3
8.6210756934E-1	8.0070180162E+1	5.7306646105E-3
8.6784413956E-1	8.0255576205E+1	5.7424598526E-3
8.7359245705E-1	8.0396705244E+1	5.7541591304E-3
8.7935242576E-1	8.0493514980E+1	5.7657622485E-3
8.8512394943E-1	8.0546150014E+1	5.7772690129E-3
8.9090693161E-1	8.0554945574E+1	5.7886792314E-3
8.9670127565E-1	8.0520420601E+1	5.7999927133E-3
9.0250688473E-1	8.0443270228E+1	5.8112092696E-3
9.0832366182E-1	8.0324357705E+1	5.8223287127E-3
9.1415150972E-1	8.0164705805E+1	5.8333508568E-3
9.1999033104E-1	7.9965487767E+1	5.8442755178E-3
9.2584002820E-1	7.9728017816E+1	5.8551025132E-3
9.3170050345E-1	7.9453741320E+1	5.8658316618E-3
9.3757165885E-1	7.9144224621E+1	5.8764627846E-3
9.4345339628E-1	7.8801144604E+1	5.8869957037E-3
9.4934561746E-1	7.8426278050E+1	5.8974302433E-3
9.5524822392E-1	7.8021490825E+1	5.9077662288E-3
9.6116111701E-1	7.7588726959E+1	5.9180034877E-3
9.6708419793E-1	7.7129997661E+1	5.9281418487E-3
9.7301736769E-1	7.6647370331E+1	5.9381811425E-3
9.7896052713E-1	7.6142957614E+1	5.9481212013E-3
9.8491357695E-1	7.5618906531E+1	5.9579618591E-3
9.9087641766E-1	7.5077387772E+1	5.9677029512E-3
9.9684894961E-1	7.4520585145E+1	5.9773443150E-3
1.0028310730E+0	7.3950685280E+1	5.9868857894E-3
1.0088226878E+0	7.3369867583E+1	5.9963272149E-3
1.0148236940E+0	7.2780294514E+1	6.0056684336E-3
1.0208339913E+0	7.2184102203E+1	6.0149092896E-3
1.0268534791E+0	7.1583391466E+1	6.0240496283E-3
1.0328820570E+0	7.0980219217E+1	6.0330892971E-3
1.0389196241E+0	7.0376590344E+1	6.0420281448E-3
1.0449660796E+0	6.9774450052E+1	6.0508660221E-3
1.0510213224E+0	6.9175676702E+1	6.0596027814E-3
1.0570852514E+0	6.8582075173E+1	6.0682382765E-3
1.0631577652E+0	6.7995370759E+1	6.0767723631E-3
1.0692387623E+0	6.7417203621E+1	6.0852048988E-3
1.0753281411E+0	6.6849123799E+1	6.0935357425E-3
1.0814257998E+0	6.6292586800E+1	6.1017647550E-3
1.0875316366E+0	6.5748949762E+1	6.1098917988E-3
1.0936455494E+0	6.5219468202E+1	6.1179167381E-3
1.0997674360E+0	6.4705293345E+1	6.1258394388E-3
1.1058971941E+0	6.4207470026E+1	6.1336597685E-3
1.1120347214E+0	6.3726935165E+1	6.1413775965E-3
1.1181799151E+0	6.3264516811E+1	6.1489927938E-3
1.1243326727E+0	6.2820933726E+1	6.1565052331E-3
1.1304928913E+0	6.2396795513E+1	6.1639147890E-3
1.1366604679E+0	6.1992603264E+1	6.1712213376E-3
1.1428352996E+0	6.1608750709E+1	6.1784247568E-3
1.1490172830E+0	6.1245525841E+1	6.1855249261E-3
1.1552063150E+0	6.0903113011E+1	6.1925217271E-3
1.1614022920E+0	6.0581595446E+1	6.1994150427E-3
1.1676051105E+0	6.0280958181E+1	6.2062047577E-3
1.1738146669E+0	6.0001091370E+1	6.2128907587E-3
1.1800308574E+0	5.9741793956E+1	6.2194729339E-3
1.1862535782E+0	5.9502777653E+1	6.2259511734E-3
1.1924827251E+0	5.9283671227E+1	6.2323253688E-3
1.1987181942E+0	5.9084025046E+1	6.2385954138E-3
1.2049598812E+0	5.8903315847E+1	6.2447612034E-3
1.2112076818E+0	5.8740951716E+1	6.2508226346E-3
1.2174614916E+0	5.8596277223E+1	6.2567796062E-3
1.2237212062E+0	5.8468578704E+1	6.2626320186E-3
1.2299867208E+0	5.8357089645E+1	6.2683797740E-3
1.2362579308E+0	5.8260996134E+1	6.2740227763E-3
1.2425347314E+0	5.8179442367E+1	6.2795609313E-3
1.2488170177E+0	5.8111536161E+1	6.2849941464E-3
1.2551046847E+0	5.8056354455E+1	6.2903223308E-3
1.2613976273E+0	5.8012948774E+1	6.2955453954E-3
1.2676957404E+0	5.7980350617E+1	6.3006632530E-3
1.2739989187E+0	5.7957576757E+1	6.3056758180E-3
1.2803070569E+0	5.7943634427E+1	6.3105830068E-3
1.2866200496E+0	5.7937526356E+1	6.3153847371E-3
1.2929377912E+0	5.7938255657E+1	6.3200809290E-3
1.2992601762E+0	5.7944830528E+1	6.3246715037E-3
1.3055870990E+0	5.7956268758E+1	6.3291563847E-3
1.3119184537E+0	5.7971602019E+1	6.3335354970E-3
1.3182541347E+0	5.7989879929E+1	6.3378087674E-3
1.3245940360E+0	5.8010173884E+1	6.3419761245E-3
1.3309380516E+0	5.8031580622E+1	6.3460374987E-3
1.3372860756E+0	5.8053225544E+1	6.3499928220E-3
1.3436380019E+0	5.8074265760E+1	6.3538420284E-3
1.3499937243E+0	5.8093892858E+1	6.3575850535E-3
1.3563531366E+0	5.8111335406E+1	6.3612218349E-3
1.3627161325E+0	5.8125861164E+1	6.3647523117E-3
1.3690826057E+0	5.8136779025E+1	6.3681764249E-3
1.3754524499E+0	5.8143440673E+1	6.3714941173E-3
1.3818255585E+0	5.8145241958E+1	6.3747053335E-3
1.3882018250E+0	5.8141624011E+1	6.3778100198E-3
1.3945811430E+0	5.8132074076E+1	6.3808081243E-3
1.4009634057E+0	5.8116126093E+1	6.3836995970E-3
1.4073485066E+0	5.8093361014E+1	6.3864843894E-3
1.4137363389E+0	5.8063406884E+1	6.3891624551E-3
1.4201267959E+0	5.8025938676E+1	6.3917337493E-3
1.4265197708E+0	5.7980677907E+1	6.3941982290E-3
1.4329151568E+0	5.7927392035E+1	6.3965558531E-3
1.4393128469E+0	5.7865893651E+1	6.3988065821E-3
1.4457127343E+0	5.7796039488E+1	6.4009503785E-3
1.4521147120E+0	5.7717729242E+1	6.4029872063E-3
1.4585186731E+0	5.7630904237E+1	6.4049170317E-3
1.4649245104E+0	5.7535545939E+1	6.4067398222E-3
1.4713321170E+0	5.7431674326E+1	6.4084555476E-3
1.4777413858E+0	5.7319346145E+1	6.4100641790E-3
1.4841522097E+0	5.7198653058E+1	6.4115656896E-3
1.4905644815E+0	5.7069719693E+1	6.4129600544E-3
1.4969780940E+0	5.6932701616E+1	6.4142472499E-3
1.5033929402E+0	5.6787783237E+1	6.4154272548E-3
1.5098089128E+0	5.6635175669E+1	6.4165000493E-3
1.5162259046E+0	5.6475114538E+1	6.4174656154E-3
1.5226438083E+0	5.6307857778E+1	6.4183239370E-3
1.5290625167E+0	5.6133683411E+1	6.4190749998E-3
1.5354819225E+0	5.5952887318E+1	6.4197187912E-3
1.5419019185E+0	5.5765781032E+1	6.4202553005E-3
1.5483223974E+0	5.5572689543E+1	6.4206845187E-3
1.5547432518E+0	5.5373949145E+1	6.4210064386E-3
1.5611643745E+0	5.5169905314E+1	6.4212210549E-3
1.5675856581E+0	5.4960910645E+1	6.4213283639E-3
1.5740069954E+0	5.4747322843E+1	6.4213283639E-3
1.5804282791E+0	5.4529502785E+1	6.4212210549E-3
1.5868494018E+0	5.4307812653E+1	6.4210064386E-3
1.5932702562E+0	5.4082614145E+1	6.4206845187E-3
1.5996907351E+0	5.3854266781E+1	6.4202553005E-3
1.6061107310E+0	5.3623126284E+1	6.4197187912E-3
1.6125301369E+0	5.3389543070E+1	6.4190749998E-3
1.6189488453E+0	5.3153860826E+1	6.4183239370E-3
1.6253667490E+0	5.2916415195E+1	6.4174656154E-3
1.6317837408E+0	5.2677532557E+1	6.4165000493E-3
1.6381997134E+0	5.2437528919E+1	6.4154272548E-3
1.6446145595E+0	5.2196708906E+1	6.4142472499E-3
1.6510281721E+0	5.1955364862E+1	6.4129600544E-3
1.6574404439E+0	5.1713776045E+1	6.4115656896E-3
1.6638512678E+0	5.1472207939E+1	6.4100641790E-3
1.6702605366E+0	5.1230911654E+1	6.4084555476E-3
1.6766681432E+0	5.0990123437E+1	6.4067398222E-3
1.6830739805E+0	5.0750064274E+1	6.4049170317E-3
1.6894779416E+0	5.0510939586E+1	6.4029872063E-3
1.6958799193E+0	5.0272939026E+1	6.4009503785E-3
1.7022798067E+0	5.0036236349E+1	6.3988065821E-3
1.7086774968E+0	4.9800989381E+1	6.3965558531E-3
1.7150728827E+0	4.9567340055E+1	6.3941982290E-3
1.7214658576E+0	4.9335414538E+1	6.3917337493E-3
1.7278563146E+0	4.9105323413E+1	6.3891624551E-3
1.7342441470E+0	4.8877161942E+1	6.3864843894E-3
1.7406292478E+0	4.8651010383E+1	6.3836995970E-3
1.7470115106E+0	4.8426934368E+1	6.3808081243E-3
1.7533908286E+0	4.8204985329E+1	6.3778100198E-3
1.7597670951E+0	4.7985200982E+1	6.3747053335E-3
1.7661402037E+0	4.7767605840E+1	6.3714941173E-3
1.7725100479E+0	4.7552211776E+1	6.3681764249E-3
1.7788765211E+0	4.7339018614E+1	6.3647523117E-3
1.7852395170E+0	4.7128014745E+1	6.3612218349E-3
1.7915989293E+0	4.6919177775E+1	6.3575850535E-3
1.7979546517E+0	4.6712475187E+1	6.3538420284E-3
1.8043065780E+0	4.6507865019E+1	6.3499928220E-3
1.8106546020E+0	4.6305296552E+1	6.3460374987E-3
1.8169986176E+0	4.6104711010E+1	6.3419761245E-3
1.8233385189E+0	4.5906042255E+1	6.3378087674E-3
1.8296741999E+0	4.5709217487E+1	6.3335354970E-3
1.8360055546E+0	4.5514157938E+1	6.3291563847E-3
1.8423324774E+0	4.5320779560E+1	6.3246715037E-3
1.8486548624E+0	4.5128993702E+1	6.3200809290E-3
1.8549726040E+0	4.4938707770E+1	6.3153847371E-3
1.8612855967E+0	4.4749825882E+1	6.3105830068E-3
1.8675937349E+0	4.4562249490E+1	6.3056758180E-3
1.8738969132E+0	4.4375877995E+1	6.3006632530E-3
1.8801950263E+0	4.4190609333E+1	6.2955453954E-3
1.8864879689E+0	4.4006340536E+1	6.2903223308E-3
1.8927756359E+0	4.3822968277E+1	6.2849941464E-3
1.8990579222E+0	4.3640389375E+1	6.2795609313E-3
1.9053347228E+0	4.3458501285E+1	6.2740227763E-3
1.9116059328E+0	4.3277202551E+1	6.2683797740E-3
1.9178714474E+0	4.3096393234E+1	6.2626320186E-3
1.9241311620E+0	4.2915975308E+1	6.2567796062E-3
1.9303849718E+0	4.2735853032E+1	6.2508226346E-3
1.9366327724E+0	4.2555933284E+1	6.2447612034E-3
1.9428744594E+0	4.2376125867E+1	6.2385954138E-3
1.9491099285E+0	4.2196343795E+1	6.2323253688E-3
1.9553390754E+0	4.2016503534E+1	6.2259511734E-3
1.9615617961E+0	4.1836525224E+1	6.2194729339E-3
1.9677779867E+0	4.1656332873E+1	6.2128907587E-3
1.9739875431E+0	4.1475854518E+1	6.2062047577E-3
1.9801903616E+0	4.1295022364E+1	6.1994150427E-3
1.9863863386E+0	4.1113772891E+1	6.1925217271E-3
1.9925753706E+0	4.0932046946E+1	6.1855249261E-3
1.9987573540E+0	4.0749789798E+1	6.1784247568E-3
2.0049321857E+0	4.0566951181E+1	6.1712213376E-3
2.0110997623E+0	4.0383485309E+1	6.1639147890E-3
2.0172599809E+0	4.0199350873E+1	6.1565052331E-3
2.0234127385E+0	4.0014511017E+1	6.1489927938E-3
2.0295579322E+0	3.9828933295E+1	6.1413775965E-3
2.0356954595E+0	3.9642589614E+1	6.1336597685E-3
2.0418252176E+0	3.9455456158E+1	6.1258394388E-3
2.0479471042E+0	3.9267513301E+1	6.1179167381E-3
2.0540610170E+0	3.9078745502E+1	6.1098917988E-3
2.0601668538E+0	3.8889141190E+1	6.1017647550E-3
2.0662645125E+0	3.8698692641E+1	6.0935357425E-3
2.0723538913E+0	3.8507395842E+1	6.0852048988E-3
2.0784348884E+0	3.8315250344E+1	6.0767723631E-3
2.0845074022E+0	3.8122259119E+1	6.0682382765E-3
2.0905713312E+0	3.7928428392E+1	6.0596027814E-3
2.0966265740E+0	3.7733767489E+1	6.0508660221E-3
2.1026730295E+0	3.7538288662E+1	6.0420281448E-3
2.1087105966E+0	3.7342006925E+1	6.0330892971E-3
2.1147391745E+0	3.7144939880E+1	6.0240496283E-3
2.1207586623E+0	3.6947107541E+1	6.0149092896E-3
2.1267689596E+0	3.6748532165E+1	6.0056684336E-3
2.1327699657E+0	3.6549238076E+1	5.9963272149E-3
2.1387615806E+0	3.6349251491E+1	5.9868857894E-3
2.1447437040E+0	3.6148600354E+1	5.9773443150E-3
2.1507162359E+0	3.5947314160E+1	5.9677029512E-3
2.1566790766E+0	3.5745423798E+1	5.9579618591E-3
2.1626321265E+0	3.5542961383E+1	5.9481212013E-3
2.1685752859E+0	3.5339960100E+1	5.9381811425E-3
2.1745084557E+0	3.5136454051E+1	5.9281418487E-3
2.1804315366E+0	3.4932478105E+1	5.9180034877E-3
2.1863444297E+0	3.4728067755E+1	5.9077662288E-3
2.1922470361E+0	3.4523258982E+1	5.8974302433E-3
2.1981392573E+0	3.4318088117E+1	5.8869957037E-3
2.2040209947E+0	3.4112591720E+1	5.8764627846E-3
2.2098921501E+0	3.3906806458E+1	5.8658316618E-3
2.2157526254E+0	3.3700768989E+1	5.8551025132E-3
2.2216023226E+0	3.3494515858E+1	5.8442755178E-3
2.2274411439E+0	3.3288083389E+1	5.8333508568E-3
2.2332689918E+0	3.3081507597E+1	5.8223287127E-3
2.2390857689E+0	3.2874824098E+1	5.8112092696E-3
2.2448913779E+0	3.2668068022E+1	5.7999927133E-3
2.2506857220E+0	3.2461273943E+1	5.7886792314E-3
2.2564687042E+0	3.2254475806E+1	5.7772690129E-3
2.2622402278E+0	3.2047706865E+1	5.7657622485E-3
2.2680001965E+0	3.1840999625E+1	5.7541591304E-3
2.2737485140E+0	3.1634385794E+1	5.7424598526E-3
2.2794850843E+0	3.1427896229E+1	5.7306646105E-3
2.2852098113E+0	3.1221560908E+1	5.7187736014E-3
2.2909225996E+0	3.1015408883E+1	5.7067870238E-3
2.2966233536E+0	3.0809468260E+1	5.6947050782E-3
2.3023119780E+0	3.0603766169E+1	5.6825279663E-3
2.3079883779E+0	3.0398328748E+1	5.6702558918E-3
2.3136524582E+0	3.0193181127E+1	5.6578890597E-3
2.3193041245E+0	2.9988347413E+1	5.6454276767E-3
2.3249432821E+0	2.9783850691E+1	5.6328719509E-3
2.3305698370E+0	2.9579713016E+1	5.6202220924E-3
2.3361836950E+0	2.9375955416E+1	5.6074783123E-3
2.3417847624E+0	2.9172597894E+1	5.5946408237E-3
2.3473729455E+0	2.8969659441E+1	5.5817098412E-3
2.3529481510E+0	2.8767158041E+1	5.5686855808E-3
2.3585102856E+0	2.8565110688E+1	5.5555682601E-3
2.3640592565E+0	2.8363533398E+1	5.5423580985E-3
2.3695949710E+0	2.8162441232E+1	5.5290553166E-3
2.3751173364E+0	2.7961848314E+1	5.5156601367E-3
2.3806262605E+0	2.7761767854E+1	5.5021727828E-3
2.3861216513E+0	2.7562212169E+1	5.4885934801E-3
2.3916034169E+0	2.7363192712E+1	5.4749224557E-3
2.3970714657E+0	2.7164720099E+1	5.4611599379E-3
2.4025257064E+0	2.6966804132E+1	5.4473061568E-3
2.4079660477E+0	2.6769453834E+1	5.4333613439E-3
2.4133923988E+0	2.6572677475E+1	5.4193257323E-3
2.4188046690E+0	2.6376482602E+1	5.4051995564E-3
2.4242027678E+0	2.6180876073E+1	5.3909830523E-3
2.4295866050E+0	2.5985864084E+1	5.3766764577E-3
2.4349560907E+0	2.5791452203E+1	5.3622800116E-3
2.4403111352E+0	2.5597645401E+1	5.3477939546E-3
2.4456516489E+0	2.5404448083E+1	5.3332185287E-3
2.4509775425E+0	2.5211864119E+1	5.3185539776E-3
2.4562887272E+0	2.5019896876E+1	5.3038005463E-3
2.4615851141E+0	2.4828549249E+1	5.2889584814E-3
2.4668666147E+0	2.4637823688E+1	5.2740280309E-3
2.4721331408E+0	2.4447722232E+1	5.2590094442E-3
2.4773846043E+0	2.4258246538E+1	5.2439029725E-3
2.4826209175E+0	2.4069397906E+1	5.2287088681E-3
2.4878419929E+0	2.3881177309E+1	5.2134273849E-3
2.4930477432E+0	2.3693585422E+1	5.1980587783E-3
2.4982380815E+0	2.3506622646E+1	5.1826033052E-3
2.5034129210E+0	2.3320289135E+1	5.1670612238E-3
2.5085721752E+0	2.3134584819E+1	5.1514327939E-3
2.5137157579E+0	2.2949509431E+1	5.1357182766E-3
2.5188435831E+0	2.2765062528E+1	5.1199179345E-3
2.5239555652E+0	2.2581243511E+1	5.1040320318E-3
2.5290516187E+0	2.2398051650E+1	5.0880608338E-3
2.5341316585E+0	2.2215486103E+1	5.0720046074E-3
2.5391955997E+0	2.2033545935E+1	5.0558636210E-3
2.5442433576E+0	2.1852230134E+1	5.0396381444E-3
2.5492748479E+0	2.1671537634E+1	5.0233284486E-3
2.5542899865E+0	2.1491467325E+1	5.0069348063E-3
2.5592886896E+0	2.1312018073E+1	4.9904574913E-3
2.5642708737E+0	2.1133188733E+1	4.9738967791E-3
2.5692364555E+0	2.0954978163E+1	4.9572529464E-3
2.5741853520E+0	2.0777385235E+1	4.9405262713E-3
2.5791174805E+0	2.0600408849E+1	4.9237170334E-3
2.5840327586E+0	2.0424047946E+1	4.9068255135E-3
2.5889311042E+0	2.0248301512E+1	4.8898519940E-3
2.5938124354E+0	2.0073168593E+1	4.8727967585E-3
2.5986766706E+0	1.9898648302E+1	4.8556600920E-3
2.6035237285E+0	1.9724739826E+1	4.8384422809E-3
2.6083535282E+0	1.9551442434E+1	4.8211436130E-3
2.6131659889E+0	1.9378755482E+1	4.8037643772E-3
2.6179610302E+0	1.9206678421E+1	4.7863048641E-3
2.6227385719E+0	1.9035210801E+1	4.7687653653E-3
2.6274985343E+0	1.8864352274E+1	4.7511461741E-3
2.6322408378E+0	1.8694102602E+1	4.7334475849E-3
2.6369654032E+0	1.8524461654E+1	4.7156698934E-3
2.6416721513E+0	1.8355429413E+1	4.6978133967E-3
2.6463610038E+0	1.8187005980E+1	4.6798783932E-3
2.6510318821E+0	1.8019191570E+1	4.6618651826E-3
2.6556847082E+0	1.7851986518E+1	4.6437740661E-3
2.6603194043E+0	1.7685391277E+1	4.6256053458E-3
2.6649358931E+0	1.7519406420E+1	4.6073593254E-3
2.6695340973E+0	1.7354032641E+1	4.5890363098E-3
2.6741139402E+0	1.7189270750E+1	4.5706366053E-3
2.6786753451E+0	1.7025121678E+1	4.5521605193E-3
2.6832182358E+0	1.6861586473E+1	4.5336083606E-3
2.6877425365E+0	1.6698666300E+1	4.5149804392E-3
2.6922481716E+0	1.6536362437E+1	4.4962770664E-3
2.6967350656E+0	1.6374676276E+1	4.4774985548E-3
2.7012031437E+0	1.6213609320E+1	4.4586452181E-3
2.7056523312E+0	1.6053163180E+1	4.4397173715E-3
2.7100825537E+0	1.5893339574E+1	4.4207153312E-3
2.7144937373E+0	1.5734140324E+1	4.4016394148E-3
2.7188858081E+0	1.5575567353E+1	4.3824899412E-3
2.7232586927E+0	1.5417622680E+1	4.3632672302E-3
2.7276123182E+0	1.5260308422E+1	4.3439716031E-3
2.7319466117E+0	1.5103626788E+1	4.3246033825E-3
2.7362615009E+0	1.4947580076E+1	4.3051628919E-3
2.7405569135E+0	1.4792170667E+1	4.2856504563E-3
2.7448327779E+0	1.4637401030E+1	4.2660664016E-3
2.7490890226E+0	1.4483273708E+1	4.2464110553E-3
2.7533255764E+0	1.4329791323E+1	4.2266847457E-3
2.7575423685E+0	1.4176956569E+1	4.2068878026E-3
2.7617393285E+0	1.4024772210E+1	4.1870205567E-3
2.7659163863E+0	1.3873241075E+1	4.1670833400E-3
2.7700734720E+0	1.3722366055E+1	4.1470764858E-3
2.7742105162E+0	1.3572150102E+1	4.1270003283E-3
2.7783274497E+0	1.3422596223E+1	4.1068552032E-3
2.7824242037E+0	1.3273707476E+1	4.0866414469E-3
2.7865007098E+0	1.3125486972E+1	4.0663593974E-3
2.7905568999E+0	1.2977937864E+1	4.0460093936E-3
2.7945927061E+0	1.2831063350E+1	4.0255917754E-3
2.7986080610E+0	1.2684866669E+1	4.0051068843E-3
2.8026028975E+0	1.2539351095E+1	3.9845550624E-3
2.8065771489E+0	1.2394519935E+1	3.9639366533E-3
2.8105307487E+0	1.2250376529E+1	3.9432520014E-3
2.8144636309E+0	1.2106924244E+1	3.9225014525E-3
2.8183757298E+0	1.1964166471E+1	3.9016853533E-3
2.8222669799E+0	1.1822106625E+1	3.8808040517E-3
2.8261373163E+0	1.1680748139E+1	3.8598578967E-3
2.8299866742E+0	1.1540094465E+1	3.8388472382E-3
2.8338149894E+0	1.1400149068E+1	3.8177724274E-3
2.8376221978E+0	1.1260915427E+1	3.7966338166E-3
2.8414082359E+0	1.1122397028E+1	3.7754317588E-3
2.8451730403E+0	1.0984597367E+1	3.7541666086E-3
2.8489165482E+0	1.0847519943E+1	3.7328387211E-3
2.8526386969E+0	1.0711168261E+1	3.7114484529E-3
2.8563394244E+0	1.0575545824E+1	3.6899961614E-3
2.8600186687E+0	1.0440656137E+1	3.6684822051E-3
2.8636763684E+0	1.0306502699E+1	3.6469069436E-3
2.8673124623E+0	1.0173089008E+1	3.6252707373E-3
2.8709268897E+0	1.0040418553E+1	3.6035739479E-3
2.8745195901E+0	9.9084948151E+0	3.5818169379E-3
2.8780905036E+0	9.7773212667E+0	3.5600000709E-3
2.8816395704E+0	9.6469013686E+0	3.5381237115E-3
2.8851667313E+0	9.5172385688E+0	3.5161882254E-3
2.8886719273E+0	9.3883363014E+0	3.4941939790E-3
2.8921550998E+0	9.2601979849E+0	3.4721413399E-3
2.8956161906E+0	9.1328270213E+0	3.4500306767E-3
2.8990551419E+0	9.0062267946E+0	3.4278623588E-3
2.9024718962E+0	8.8804006700E+0	3.4056367567E-3
2.9058663965E+0	8.7553519922E+0	3.3833542419E-3
2.9092385859E+0	8.6310840853E+0	3.3610151867E-3
2.9125884081E+0	8.5076002509E+0	3.3386199643E-3
2.9159158072E+0	8.3849037679E+0	3.3161689492E-3
2.9192207275E+0	8.2629978913E+0	3.2936625164E-3
2.9225031139E+0	8.1418858515E+0	3.2711010421E-3
2.9257629114E+0	8.0215708534E+0	3.2484849032E-3
2.9290000656E+0	7.9020560760E+0	3.2258144779E-3
2.9322145224E+0	7.7833446715E+0	3.2030901448E-3
2.9354062280E+0	7.6654397647E+0	3.1803122838E-3
2.9385751292E+0	7.5483444526E+0	3.1574812755E-3
2.9417211730E+0	7.4320618039E+0	3.1345975014E-3
2.9448443068E+0	7.3165948581E+0	3.1116613440E-3
2.9479444784E+0	7.2019466257E+0	3.0886731866E-3
2.9510216360E+0	7.0881200872E+0	3.0656334132E-3
2.9540757281E+0	6.9751181931E+0	3.0425424091E-3
2.9571067038E+0	6.8629438635E+0	3.0194005599E-3
2.9601145124E+0	6.7515999877E+0	2.9962082525E-3
2.9630991036E+0	6.6410894241E+0	2.9729658744E-3
2.9660604276E+0	6.5314149996E+0	2.9496738141E-3
2.9689984348E+0	6.4225795098E+0	2.9263324607E-3
2.9719130762E+0	6.3145857188E+0	2.9029422044E-3
2.9748043031E+0	6.2074363587E+0	2.8795034361E-3
2.9776720671E+0	6.1011341297E+0	2.8560165473E-3
2.9805163203E+0	5.9956817000E+0	2.8324819307E-3
2.9833370151E+0	5.8910817057E+0	2.8088999795E-3
2.9861341046E+0	5.7873367506E+0	2.7852710878E-3
2.9889075418E+0	5.6844494064E+0	2.7615956505E-3
2.9916572805E+0	5.5824222125E+0	2.7378740632E-3
2.9943832747E+0	5.4812576760E+0	2.7141067224E-3
2.9970854788E+0	5.3809582717E+0	2.6902940251E-3
2.9997638477E+0	5.2815264423E+0	2.6664363695E-3
3.0024183367E+0	5.1829645983E+0	2.6425341541E-3
3.0050489013E+0	5.0852751180E+0	2.6185877784E-3
3.0076554977E+0	4.9884603476E+0	2.5945976426E-3
3.0102380822E+0	4.8925226015E+0	2.5705641475E-3
3.0127966116E+0	4.7974641620E+0	2.5464876949E-3
3.0153310434E+0	4.7032872798E+0	2.5223686871E-3
3.0178413350E+0	4.6099941739E+0	2.4982075270E-3
3.0203274445E+0	4.5175870318E+0	2.4740046186E-3
3.0227893304E+0	4.4260680096E+0	2.4497603662E-3
3.0252269516E+0	4.3354392321E+0	2.4254751751E-3
3.0276402673E+0	4.2457027930E+0	2.4011494510E-3
3.0300292371E+0	4.1568607553E+0	2.3767836004E-3
3.0323938212E+0	4.0689151509E+0	2.3523780306E-3
3.0347339801E+0	3.9818679813E+0	2.3279331494E-3
3.0370496746E+0	3.8957212177E+0	2.3034493653E-3
3.0393408660E+0	3.8104768010E+0	2.2789270875E-3
3.0416075160E+0	3.7261366419E+0	2.2543667257E-3
3.0438495869E+0	3.6427026215E+0	2.2297686905E-3
3.0460670410E+0	3.5601765913E+0	2.2051333928E-3
3.0482598414E+0	3.4785603732E+0	2.1804612443E-3
3.0504279513E+0	3.3978557599E+0	2.1557526574E-3
3.0525713347E+0	3.3180645154E+0	2.1310080450E-3
3.0546899556E+0	3.2391883746E+0	2.1062278206E-3
3.0567837786E+0	3.1612290439E+0	2.0814123983E-3
3.0588527688E+0	3.0841882015E+0	2.0565621928E-3
3.0608968915E+0	3.0080674972E+0	2.0316776194E-3
3.0629161127E+0	2.9328685532E+0	2.0067590939E-3
3.0649103985E+0	2.8585929639E+0	1.9818070327E-3
3.0668797157E+0	2.7852422961E+0	1.9568218529E-3
3.0688240313E+0	2.7128180897E+0	1.9318039720E-3
3.0707433129E+0	2.6413218572E+0	1.9067538080E-3
3.0726375283E+0	2.5707550847E+0	1.8816717796E-3
3.0745066460E+0	2.5011192315E+0	1.8565583060E-3
3.0763506346E+0	2.4324157308E+0	1.8314138067E-3
3.0781694634E+0	2.3646459895E+0	1.8062387021E-3
3.0799631019E+0	2.2978113888E+0	1.7810334128E-3
3.0817315203E+0	2.2319132842E+0	1.7557983600E-3
3.0834746889E+0	2.1669530058E+0	1.7305339655E-3
3.0851925786E+0	2.1029318585E+0	1.7052406515E-3
3.0868851607E+0	2.0398511223E+0	1.6799188405E-3
3.0885524069E+0	1.9777120524E+0	1.6545689559E-3
3.0901942894E+0	1.9165158796E+0	1.6291914212E-3
3.0918107807E+0	1.8562638103E+0	1.6037866605E-3
3.0934018538E+0	1.7969570269E+0	1.5783550984E-3
3.0949674821E+0	1.7385966879E+0	1.5528971598E-3
3.0965076394E+0	1.6811839283E+0	1.5274132703E-3
3.0980223001E+0	1.6247198595E+0	1.5019038556E-3
3.0995114388E+0	1.5692055698E+0	1.4763693421E-3
3.1009750306E+0	1.5146421244E+0	1.4508101565E-3
3.1024130510E+0	1.4610305659E+0	1.4252267258E-3
3.1038254761E+0	1.4083719143E+0	1.3996194778E-3
3.1052122822E+0	1.3566671669E+0	1.3739888402E-3
3.1065734461E+0	1.3059172993E+0	1.3483352414E-3
3.1079089451E+0	1.2561232648E+0	1.3226591101E-3
3.1092187570E+0	1.2072859951E+0	1.2969608754E-3
3.1105028597E+0	1.1594064001E+0	1.2712409668E-3
3.1117612318E+0	1.1124853686E+0	1.2454998140E-3
3.1129938524E+0	1.0665237679E+0	1.2197378472E-3
3.1142007007E+0	1.0215224446E+0	1.1939554970E-3
3.1153817567E+0	9.7748222411E-1	1.1681531941E-3
3.1165370006E+0	9.3440391151E-1	1.1423313699E-3
3.1176664131E+0	8.9228829122E-1	1.1164904558E-3
3.1187699753E+0	8.5113612741E-1	1.0906308836E-3
3.1198476688E+0	8.1094816410E-1	1.0647530855E-3
3.1208994755E+0	7.7172512536E-1	1.0388574939E-3
3.1219253780E+0	7.3346771543E-1	1.0129445417E-3
3.1229253590E+0	6.9617661895E-1	9.8701466182E-4
3.1238994018E+0	6.5985250106E-1	9.6106828758E-4
3.1248474902E+0	6.2449600755E-1	9.3510585261E-4
3.1257696083E+0	5.9010776505E-1	9.0912779076E-4
3.1266657407E+0	5.5668838116E-1	8.8313453619E-4
3.1275358724E+0	5.2423844459E-1	8.5712652325E-4
3.1283799890E+0	4.9275852530E-1	8.3110418659E-4
3.1291980762E+0	4.6224917462E-1	8.0506796108E-4
3.1299901204E+0	4.3271092542E-1	7.7901828182E-4
3.1307561084E+0	4.0414429221E-1	7.5295558414E-4
3.1314960274E+0	3.7654977127E-1	7.2688030358E-4
3.1322098650E+0	3.4992784080E-1	7.0079287589E-4
3.1328976092E+0	3.2427896096E-1	6.7469373705E-4
3.1335592487E+0	2.9960357408E-1	6.4858332323E-4
3.1341947723E+0	2.7590210471E-1	6.2246207073E-4
3.1348041694E+0	2.5317495972E-1	5.9633041614E-4
3.1353874298E+0	2.3142252846E-1	5.7018879612E-4
3.1359445438E+0	2.1064518278E-1	5.4403764760E-4
3.1364755020E+0	1.9084327719E-1	5.1787740760E-4
3.1369802957E+0	1.7201714890E-1	4.9170851331E-4
3.1374589163E+0	1.5416711794E-1	4.6553140213E-4
3.1379113559E+0	1.3729348722E-1	4.3934651156E-4
3.1383376069E+0	1.2139654262E-1	4.1315427928E-4
3.1387376622E+0	1.0647655305E-1	3.8695514312E-4
3.1391115150E+0	9.2533770523E-2	3.6074954110E-4
3.1394591592E+0	7.9568430223E-2	3.3453791144E-4
3.1397805890E+0	6.7580750549E-2	3.0832069259E-4
3.1400757989E+0	5.6570933172E-2	2.8209832342E-4
3.1403447841E+0	4.6539163070E-2	2.5587124334E-4
3.1405875400E+0	3.7485608555E-2	2.2963989267E-4
3.1408040626E+0	2.9410421265E-2	2.0340471372E-4
3.1409943483E+0	2.2313736104E-2	1.7716615272E-4
3.1411583939E+0	1.6195671047E-2	1.5092466531E-4
3.1412961968E+0	1.1056326578E-2	1.2468073282E-4
3.1414077547E+0	6.8957839251E-3	9.8434919423E-5
3.1414930663E+0	3.7140983657E-3	7.2188137769E-5
3.1415521316E+0	1.5112631666E-3	4.5943520243E-5
3.1415849628E+0	2.8682587151E-4	1.9736940383E-5