# Differential cross section		
# Author: P. Swaczyna	Princeton University	(swaczyna@princeton.edu)
# Date: 	Fri 4 Dec 2020 01:19:21	
# 		
# Elastic collision: H^0 + He^0 -> H^0 + He^0		
# 		
# Red. mass: 	7.5005505498E+8	 eV/c^2
# CM energy: 	2.1877616239E-3	 eV
# Rel speed: 	7.2408429772E+4	 cm/s
# Tot sigma: 	2.4133087978E+2	 a.u.
# Int sigma: 	2.4133087978E+2	 a.u.
# 		
# Columns:		
# the <- scattering angle (rad)		
# dcs <- dsigma/dOmega*2*pi*sin(the) (a.u. = 2.8002852056E-17 cm^2)		
# wei <- weight for cross section integration (approx. width of angle bin)		
# 		
# the	dcs	wei
7.6907532846E-6	6.2287461019E-3	1.9736940383E-5
4.0521979771E-5	3.2818777719E-2	4.5943520243E-5
9.9587300392E-5	8.0655817558E-2	7.2188137769E-5
1.8489884726E-4	1.4974968422E-1	9.8434919423E-5
2.9645680168E-4	2.4010050428E-1	1.2468073282E-4
4.3425968311E-4	3.5170703468E-1	1.5092466531E-4
5.9830531657E-4	4.8456743210E-1	1.7716615272E-4
7.8859101285E-4	6.3867938175E-1	2.0340471372E-4
1.0051136166E-3	8.1404011556E-1	2.2963989267E-4
1.2478695220E-3	1.0106464013E+0	2.5587124334E-4
1.5168546797E-3	1.2284945204E+0	2.8209832342E-4
1.8120645986E-3	1.4675802399E+0	3.0832069259E-4
2.1334943481E-3	1.7278987799E+0	3.3453791144E-4
2.4811385584E-3	2.0094447771E+0	3.6074954110E-4
2.8549914211E-3	2.3122122449E+0	3.8695514312E-4
3.2550466893E-3	2.6361945306E+0	4.1315427928E-4
3.6812976783E-3	2.9813842688E+0	4.3934651156E-4
4.1337372652E-3	3.3477733313E+0	4.6553140213E-4
4.6123578895E-3	3.7353527749E+0	4.9170851331E-4
5.1171515529E-3	4.1441127848E+0	5.1787740760E-4
5.6481098199E-3	4.5740426156E+0	5.4403764760E-4
6.2052238176E-3	5.0251305286E+0	5.7018879612E-4
6.7884842360E-3	5.4973637268E+0	5.9633041614E-4
7.3978813281E-3	5.9907282856E+0	6.2246207073E-4
8.0334049101E-3	6.5052090818E+0	6.4858332323E-4
8.6950443616E-3	7.0407897180E+0	6.7469373705E-4
9.3827886258E-3	7.5974524456E+0	7.0079287589E-4
1.0096626210E-2	8.1751780835E+0	7.2688030358E-4
1.0836545184E-2	8.7739459344E+0	7.5295558414E-4
1.1602533184E-2	9.3937336982E+0	7.7901828182E-4
1.2394577408E-2	1.0034517382E+1	8.0506796108E-4
1.3212664621E-2	1.0696271208E+1	8.3110418659E-4
1.4056781152E-2	1.1378967518E+1	8.5712652325E-4
1.4926912893E-2	1.2082576674E+1	8.8313453619E-4
1.5823045305E-2	1.2807066959E+1	9.0912779076E-4
1.6745163410E-2	1.3552404474E+1	9.3510585261E-4
1.7693251801E-2	1.4318553028E+1	9.6106828758E-4
1.8667294632E-2	1.5105474033E+1	9.8701466182E-4
1.9667275626E-2	1.5913126387E+1	1.0129445417E-3
2.0693178073E-2	1.6741466368E+1	1.0388574939E-3
2.1744984827E-2	1.7590447510E+1	1.0647530855E-3
2.2822678313E-2	1.8460020488E+1	1.0906308836E-3
2.3926240519E-2	1.9350132993E+1	1.1164904558E-3
2.5055653005E-2	2.0260729614E+1	1.1423313699E-3
2.6210896896E-2	2.1191751704E+1	1.1681531941E-3
2.7391952886E-2	2.2143137262E+1	1.1939554970E-3
2.8598801239E-2	2.3114820793E+1	1.2197378472E-3
2.9831421786E-2	2.4106733181E+1	1.2454998140E-3
3.1089793929E-2	2.5118801555E+1	1.2712409668E-3
3.2373896638E-2	2.6150949151E+1	1.2969608754E-3
3.3683708455E-2	2.7203095176E+1	1.3226591101E-3
3.5019207490E-2	2.8275154666E+1	1.3483352414E-3
3.6380371427E-2	2.9367038347E+1	1.3739888402E-3
3.7767177517E-2	3.0478652494E+1	1.3996194778E-3
3.9179602586E-2	3.1609898784E+1	1.4252267258E-3
4.0617623030E-2	3.2760674151E+1	1.4508101565E-3
4.2081214817E-2	3.3930870644E+1	1.4763693421E-3
4.3570353490E-2	3.5120375272E+1	1.5019038556E-3
4.5085014162E-2	3.6329069863E+1	1.5274132703E-3
4.6625171522E-2	3.7556830912E+1	1.5528971598E-3
4.8190799831E-2	3.8803529432E+1	1.5783550984E-3
4.9781872927E-2	4.0069030799E+1	1.6037866605E-3
5.1398364219E-2	4.1353194611E+1	1.6291914212E-3
5.3040246694E-2	4.2655874526E+1	1.6545689559E-3
5.4707492914E-2	4.3976918118E+1	1.6799188405E-3
5.6400075017E-2	4.5316166726E+1	1.7052406515E-3
5.8117964718E-2	4.6673455299E+1	1.7305339655E-3
5.9861133308E-2	4.8048612246E+1	1.7557983600E-3
6.1629551657E-2	4.9441459291E+1	1.7810334128E-3
6.3423190212E-2	5.0851811317E+1	1.8062387021E-3
6.5242019000E-2	5.2279476222E+1	1.8314138067E-3
6.7086007624E-2	5.3724254770E+1	1.8565583060E-3
6.8955125270E-2	5.5185940443E+1	1.8816717796E-3
7.0849340702E-2	5.6664319300E+1	1.9067538080E-3
7.2768622264E-2	5.8159169828E+1	1.9318039720E-3
7.4712937885E-2	5.9670262806E+1	1.9568218529E-3
7.6682255070E-2	6.1197361162E+1	1.9818070327E-3
7.8676540910E-2	6.2740219839E+1	2.0067590939E-3
8.0695762079E-2	6.4298585655E+1	2.0316776194E-3
8.2739884832E-2	6.5872197173E+1	2.0565621928E-3
8.4808875009E-2	6.7460784573E+1	2.0814123983E-3
8.6902698034E-2	6.9064069525E+1	2.1062278206E-3
8.9021318917E-2	7.0681765062E+1	2.1310080450E-3
9.1164702253E-2	7.2313575467E+1	2.1557526574E-3
9.3332812224E-2	7.3959196149E+1	2.1804612443E-3
9.5525612596E-2	7.5618313540E+1	2.2051333928E-3
9.7743066726E-2	7.7290604977E+1	2.2297686905E-3
9.9985137556E-2	7.8975738610E+1	2.2543667257E-3
1.0225178762E-1	8.0673373292E+1	2.2789270875E-3
1.0454297904E-1	8.2383158495E+1	2.3034493653E-3
1.0685867352E-1	8.4104734216E+1	2.3279331494E-3
1.0919883237E-1	8.5837730896E+1	2.3523780306E-3
1.1156341648E-1	8.7581769343E+1	2.3767836004E-3
1.1395238633E-1	8.9336460660E+1	2.4011494510E-3
1.1636570200E-1	9.1101406180E+1	2.4254751751E-3
1.1880332317E-1	9.2876197410E+1	2.4497603662E-3
1.2126520909E-1	9.4660415975E+1	2.4740046186E-3
1.2375131862E-1	9.6453633580E+1	2.4982075270E-3
1.2626161023E-1	9.8255411965E+1	2.5223686871E-3
1.2879604195E-1	1.0006530288E+2	2.5464876949E-3
1.3135457143E-1	1.0188284807E+2	2.5705641475E-3
1.3393715592E-1	1.0370757924E+2	2.5945976426E-3
1.3654375226E-1	1.0553901809E+2	2.6185877784E-3
1.3917431689E-1	1.0737667625E+2	2.6425341541E-3
1.4182880585E-1	1.0922005538E+2	2.6664363695E-3
1.4450717478E-1	1.1106864712E+2	2.6902940251E-3
1.4720937892E-1	1.1292193316E+2	2.7141067224E-3
1.4993537310E-1	1.1477938525E+2	2.7378740632E-3
1.5268511179E-1	1.1664046531E+2	2.7615956505E-3
1.5545854902E-1	1.1850462540E+2	2.7852710878E-3
1.5825563845E-1	1.2037130788E+2	2.8088999795E-3
1.6107633333E-1	1.2223994544E+2	2.8324819307E-3
1.6392058653E-1	1.2410996120E+2	2.8560165473E-3
1.6678835052E-1	1.2598076884E+2	2.8795034361E-3
1.6967957737E-1	1.2785177268E+2	2.9029422044E-3
1.7259421876E-1	1.2972236783E+2	2.9263324607E-3
1.7553222599E-1	1.3159194034E+2	2.9496738141E-3
1.7849354996E-1	1.3345986730E+2	2.9729658744E-3
1.8147814117E-1	1.3532551706E+2	2.9962082525E-3
1.8448594977E-1	1.3718824940E+2	3.0194005599E-3
1.8751692548E-1	1.3904741566E+2	3.0425424091E-3
1.9057101764E-1	1.4090235902E+2	3.0656334132E-3
1.9364817522E-1	1.4275241466E+2	3.0886731866E-3
1.9674834681E-1	1.4459691001E+2	3.1116613440E-3
1.9987148058E-1	1.4643516497E+2	3.1345975014E-3
2.0301752435E-1	1.4826649220E+2	3.1574812755E-3
2.0618642554E-1	1.5009019733E+2	3.1803122838E-3
2.0937813120E-1	1.5190557932E+2	3.2030901448E-3
2.1259258799E-1	1.5371193066E+2	3.2258144779E-3
2.1582974219E-1	1.5550853775E+2	3.2484849032E-3
2.1908953970E-1	1.5729468119E+2	3.2711010421E-3
2.2237192605E-1	1.5906963613E+2	3.2936625164E-3
2.2567684639E-1	1.6083267258E+2	3.3161689492E-3
2.2900424548E-1	1.6258305584E+2	3.3386199643E-3
2.3235406772E-1	1.6432004678E+2	3.3610151867E-3
2.3572625713E-1	1.6604290235E+2	3.3833542419E-3
2.3912075735E-1	1.6775087586E+2	3.4056367567E-3
2.4253751167E-1	1.6944321748E+2	3.4278623588E-3
2.4597646298E-1	1.7111917464E+2	3.4500306767E-3
2.4943755380E-1	1.7277799246E+2	3.4721413399E-3
2.5292072631E-1	1.7441891425E+2	3.4941939790E-3
2.5642592230E-1	1.7604118191E+2	3.5161882254E-3
2.5995308318E-1	1.7764403648E+2	3.5381237115E-3
2.6350215001E-1	1.7922671858E+2	3.5600000709E-3
2.6707306349E-1	1.8078846896E+2	3.5818169379E-3
2.7066576394E-1	1.8232852898E+2	3.6035739479E-3
2.7428019131E-1	1.8384614117E+2	3.6252707373E-3
2.7791628522E-1	1.8534054974E+2	3.6469069436E-3
2.8157398488E-1	1.8681100118E+2	3.6684822051E-3
2.8525322919E-1	1.8825674476E+2	3.6899961614E-3
2.8895395665E-1	1.8967703315E+2	3.7114484529E-3
2.9267610542E-1	1.9107112300E+2	3.7328387211E-3
2.9641961330E-1	1.9243827550E+2	3.7541666086E-3
3.0018441773E-1	1.9377775702E+2	3.7754317588E-3
3.0397045579E-1	1.9508883970E+2	3.7966338166E-3
3.0777766421E-1	1.9637080208E+2	3.8177724274E-3
3.1160597938E-1	1.9762292971E+2	3.8388472382E-3
3.1545533730E-1	1.9884451578E+2	3.8598578967E-3
3.1932567367E-1	2.0003486181E+2	3.8808040517E-3
3.2321692379E-1	2.0119327821E+2	3.9016853533E-3
3.2712902264E-1	2.0231908503E+2	3.9225014525E-3
3.3106190484E-1	2.0341161251E+2	3.9432520014E-3
3.3501550468E-1	2.0447020183E+2	3.9639366533E-3
3.3898975607E-1	2.0549420573E+2	3.9845550624E-3
3.4298459261E-1	2.0648298917E+2	4.0051068843E-3
3.4699994753E-1	2.0743593000E+2	4.0255917754E-3
3.5103575373E-1	2.0835241966E+2	4.0460093936E-3
3.5509194378E-1	2.0923186381E+2	4.0663593974E-3
3.5916844988E-1	2.1007368300E+2	4.0866414469E-3
3.6326520391E-1	2.1087731335E+2	4.1068552032E-3
3.6738213741E-1	2.1164220722E+2	4.1270003283E-3
3.7151918157E-1	2.1236783385E+2	4.1470764858E-3
3.7567626728E-1	2.1305368005E+2	4.1670833400E-3
3.7985332504E-1	2.1369925078E+2	4.1870205567E-3
3.8405028507E-1	2.1430406990E+2	4.2068878026E-3
3.8826707721E-1	2.1486768072E+2	4.2266847457E-3
3.9250363101E-1	2.1538964669E+2	4.2464110553E-3
3.9675987567E-1	2.1586955197E+2	4.2660664016E-3
4.0103574005E-1	2.1630700210E+2	4.2856504563E-3
4.0533115271E-1	2.1670162458E+2	4.3051628919E-3
4.0964604185E-1	2.1705306943E+2	4.3246033825E-3
4.1398033538E-1	2.1736100984E+2	4.3439716031E-3
4.1833396086E-1	2.1762514267E+2	4.3632672302E-3
4.2270684554E-1	2.1784518904E+2	4.3824899412E-3
4.2709891633E-1	2.1802089484E+2	4.4016394148E-3
4.3151009985E-1	2.1815203129E+2	4.4207153312E-3
4.3594032237E-1	2.1823839539E+2	4.4397173715E-3
4.4038950986E-1	2.1827981048E+2	4.4586452181E-3
4.4485758797E-1	2.1827612662E+2	4.4774985548E-3
4.4934448203E-1	2.1822722109E+2	4.4962770664E-3
4.5385011706E-1	2.1813299881E+2	4.5149804392E-3
4.5837441776E-1	2.1799339274E+2	4.5336083606E-3
4.6291730852E-1	2.1780836424E+2	4.5521605193E-3
4.6747871344E-1	2.1757790345E+2	4.5706366053E-3
4.7205855627E-1	2.1730202961E+2	4.5890363098E-3
4.7665676049E-1	2.1698079140E+2	4.6073593254E-3
4.8127324926E-1	2.1661426714E+2	4.6256053458E-3
4.8590794542E-1	2.1620256513E+2	4.6437740661E-3
4.9056077152E-1	2.1574582383E+2	4.6618651826E-3
4.9523164982E-1	2.1524421206E+2	4.6798783932E-3
4.9992050224E-1	2.1469792917E+2	4.6978133967E-3
5.0462725044E-1	2.1410720518E+2	4.7156698934E-3
5.0935181576E-1	2.1347230086E+2	4.7334475849E-3
5.1409411924E-1	2.1279350786E+2	4.7511461741E-3
5.1885408164E-1	2.1207114868E+2	4.7687653653E-3
5.2363162341E-1	2.1130557673E+2	4.7863048641E-3
5.2842666471E-1	2.1049717630E+2	4.8037643772E-3
5.3323912540E-1	2.0964636246E+2	4.8211436130E-3
5.3806892508E-1	2.0875358103E+2	4.8384422809E-3
5.4291598301E-1	2.0781930839E+2	4.8556600920E-3
5.4778021821E-1	2.0684405137E+2	4.8727967585E-3
5.5266154939E-1	2.0582834701E+2	4.8898519940E-3
5.5755989496E-1	2.0477276237E+2	4.9068255135E-3
5.6247517308E-1	2.0367789421E+2	4.9237170334E-3
5.6740730160E-1	2.0254436872E+2	4.9405262713E-3
5.7235619810E-1	2.0137284117E+2	4.9572529464E-3
5.7732177988E-1	2.0016399555E+2	4.9738967791E-3
5.8230396395E-1	1.9891854411E+2	4.9904574913E-3
5.8730266706E-1	1.9763722696E+2	5.0069348063E-3
5.9231780568E-1	1.9632081155E+2	5.0233284486E-3
5.9734929598E-1	1.9497009217E+2	5.0396381444E-3
6.0239705389E-1	1.9358588940E+2	5.0558636210E-3
6.0746099506E-1	1.9216904947E+2	5.0720046074E-3
6.1254103485E-1	1.9072044371E+2	5.0880608338E-3
6.1763708838E-1	1.8924096782E+2	5.1040320318E-3
6.2274907048E-1	1.8773154121E+2	5.1199179345E-3
6.2787689573E-1	1.8619310627E+2	5.1357182766E-3
6.3302047843E-1	1.8462662759E+2	5.1514327939E-3
6.3817973262E-1	1.8303309120E+2	5.1670612238E-3
6.4335457209E-1	1.8141350370E+2	5.1826033052E-3
6.4854491036E-1	1.7976889147E+2	5.1980587783E-3
6.5375066070E-1	1.7810029970E+2	5.2134273849E-3
6.5897173609E-1	1.7640879156E+2	5.2287088681E-3
6.6420804930E-1	1.7469544721E+2	5.2439029725E-3
6.6945951283E-1	1.7296136284E+2	5.2590094442E-3
6.7472603890E-1	1.7120764968E+2	5.2740280309E-3
6.8000753951E-1	1.6943543299E+2	5.2889584814E-3
6.8530392640E-1	1.6764585099E+2	5.3038005463E-3
6.9061511106E-1	1.6584005384E+2	5.3185539776E-3
6.9594100473E-1	1.6401920250E+2	5.3332185287E-3
7.0128151841E-1	1.6218446769E+2	5.3477939546E-3
7.0663656285E-1	1.6033702870E+2	5.3622800116E-3
7.1200604856E-1	1.5847807230E+2	5.3766764577E-3
7.1738988581E-1	1.5660879156E+2	5.3909830523E-3
7.2278798463E-1	1.5473038469E+2	5.4051995564E-3
7.2820025482E-1	1.5284405386E+2	5.4193257323E-3
7.3362660591E-1	1.5095100400E+2	5.4333613439E-3
7.3906694724E-1	1.4905244161E+2	5.4473061568E-3
7.4452118788E-1	1.4714957354E+2	5.4611599379E-3
7.4998923669E-1	1.4524360580E+2	5.4749224557E-3
7.5547100229E-1	1.4333574229E+2	5.4885934801E-3
7.6096639308E-1	1.4142718366E+2	5.5021727828E-3
7.6647531721E-1	1.3951912601E+2	5.5156601367E-3
7.7199768263E-1	1.3761275973E+2	5.5290553166E-3
7.7753339704E-1	1.3570926823E+2	5.5423580985E-3
7.8308236795E-1	1.3380982679E+2	5.5555682601E-3
7.8864450262E-1	1.3191560129E+2	5.5686855808E-3
7.9421970809E-1	1.3002774708E+2	5.5817098412E-3
7.9980789121E-1	1.2814740774E+2	5.5946408237E-3
8.0540895857E-1	1.2627571392E+2	5.6074783123E-3
8.1102281659E-1	1.2441378220E+2	5.6202220924E-3
8.1664937145E-1	1.2256271392E+2	5.6328719509E-3
8.2228852912E-1	1.2072359406E+2	5.6454276767E-3
8.2794019536E-1	1.1889749015E+2	5.6578890597E-3
8.3360427572E-1	1.1708545113E+2	5.6702558918E-3
8.3928067556E-1	1.1528850636E+2	5.6825279663E-3
8.4496930000E-1	1.1350766450E+2	5.6947050782E-3
8.5067005399E-1	1.1174391255E+2	5.7067870238E-3
8.5638284226E-1	1.0999821483E+2	5.7187736014E-3
8.6210756934E-1	1.0827151205E+2	5.7306646105E-3
8.6784413956E-1	1.0656472033E+2	5.7424598526E-3
8.7359245705E-1	1.0487873036E+2	5.7541591304E-3
8.7935242576E-1	1.0321440649E+2	5.7657622485E-3
8.8512394943E-1	1.0157258594E+2	5.7772690129E-3
8.9090693161E-1	9.9954077944E+1	5.7886792314E-3
8.9670127565E-1	9.8359663064E+1	5.7999927133E-3
9.0250688473E-1	9.6790092424E+1	5.8112092696E-3
9.0832366182E-1	9.5246087043E+1	5.8223287127E-3
9.1415150972E-1	9.3728337198E+1	5.8333508568E-3
9.1999033104E-1	9.2237501823E+1	5.8442755178E-3
9.2584002820E-1	9.0774207953E+1	5.8551025132E-3
9.3170050345E-1	8.9339050213E+1	5.8658316618E-3
9.3757165885E-1	8.7932590349E+1	5.8764627846E-3
9.4345339628E-1	8.6555356803E+1	5.8869957037E-3
9.4934561746E-1	8.5207844337E+1	5.8974302433E-3
9.5524822392E-1	8.3890513697E+1	5.9077662288E-3
9.6116111701E-1	8.2603791329E+1	5.9180034877E-3
9.6708419793E-1	8.1348069139E+1	5.9281418487E-3
9.7301736769E-1	8.0123704300E+1	5.9381811425E-3
9.7896052713E-1	7.8931019105E+1	5.9481212013E-3
9.8491357695E-1	7.7770300871E+1	5.9579618591E-3
9.9087641766E-1	7.6641801889E+1	5.9677029512E-3
9.9684894961E-1	7.5545739416E+1	5.9773443150E-3
1.0028310730E+0	7.4482295724E+1	5.9868857894E-3
1.0088226878E+0	7.3451618187E+1	5.9963272149E-3
1.0148236940E+0	7.2453819420E+1	6.0056684336E-3
1.0208339913E+0	7.1488977463E+1	6.0149092896E-3
1.0268534791E+0	7.0557136011E+1	6.0240496283E-3
1.0328820570E+0	6.9658304688E+1	6.0330892971E-3
1.0389196241E+0	6.8792459365E+1	6.0420281448E-3
1.0449660796E+0	6.7959542530E+1	6.0508660221E-3
1.0510213224E+0	6.7159463687E+1	6.0596027814E-3
1.0570852514E+0	6.6392099812E+1	6.0682382765E-3
1.0631577652E+0	6.5657295841E+1	6.0767723631E-3
1.0692387623E+0	6.4954865200E+1	6.0852048988E-3
1.0753281411E+0	6.4284590381E+1	6.0935357425E-3
1.0814257998E+0	6.3646223545E+1	6.1017647550E-3
1.0875316366E+0	6.3039487172E+1	6.1098917988E-3
1.0936455494E+0	6.2464074741E+1	6.1179167381E-3
1.0997674360E+0	6.1919651450E+1	6.1258394388E-3
1.1058971941E+0	6.1405854959E+1	6.1336597685E-3
1.1120347214E+0	6.0922296179E+1	6.1413775965E-3
1.1181799151E+0	6.0468560079E+1	6.1489927938E-3
1.1243326727E+0	6.0044206526E+1	6.1565052331E-3
1.1304928913E+0	5.9648771154E+1	6.1639147890E-3
1.1366604679E+0	5.9281766256E+1	6.1712213376E-3
1.1428352996E+0	5.8942681700E+1	6.1784247568E-3
1.1490172830E+0	5.8630985870E+1	6.1855249261E-3
1.1552063150E+0	5.8346126621E+1	6.1925217271E-3
1.1614022920E+0	5.8087532261E+1	6.1994150427E-3
1.1676051105E+0	5.7854612543E+1	6.2062047577E-3
1.1738146669E+0	5.7646759677E+1	6.2128907587E-3
1.1800308574E+0	5.7463349350E+1	6.2194729339E-3
1.1862535782E+0	5.7303741764E+1	6.2259511734E-3
1.1924827251E+0	5.7167282679E+1	6.2323253688E-3
1.1987181942E+0	5.7053304466E+1	6.2385954138E-3
1.2049598812E+0	5.6961127164E+1	6.2447612034E-3
1.2112076818E+0	5.6890059545E+1	6.2508226346E-3
1.2174614916E+0	5.6839400175E+1	6.2567796062E-3
1.2237212062E+0	5.6808438486E+1	6.2626320186E-3
1.2299867208E+0	5.6796455835E+1	6.2683797740E-3
1.2362579308E+0	5.6802726570E+1	6.2740227763E-3
1.2425347314E+0	5.6826519084E+1	6.2795609313E-3
1.2488170177E+0	5.6867096869E+1	6.2849941464E-3
1.2551046847E+0	5.6923719557E+1	6.2903223308E-3
1.2613976273E+0	5.6995643953E+1	6.2955453954E-3
1.2676957404E+0	5.7082125061E+1	6.3006632530E-3
1.2739989187E+0	5.7182417087E+1	6.3056758180E-3
1.2803070569E+0	5.7295774441E+1	6.3105830068E-3
1.2866200496E+0	5.7421452711E+1	6.3153847371E-3
1.2929377912E+0	5.7558709625E+1	6.3200809290E-3
1.2992601762E+0	5.7706806001E+1	6.3246715037E-3
1.3055870990E+0	5.7865006661E+1	6.3291563847E-3
1.3119184537E+0	5.8032581340E+1	6.3335354970E-3
1.3182541347E+0	5.8208805564E+1	6.3378087674E-3
1.3245940360E+0	5.8392961503E+1	6.3419761245E-3
1.3309380516E+0	5.8584338807E+1	6.3460374987E-3
1.3372860756E+0	5.8782235408E+1	6.3499928220E-3
1.3436380019E+0	5.8985958303E+1	6.3538420284E-3
1.3499937243E+0	5.9194824298E+1	6.3575850535E-3
1.3563531366E+0	5.9408160738E+1	6.3612218349E-3
1.3627161325E+0	5.9625306198E+1	6.3647523117E-3
1.3690826057E+0	5.9845611144E+1	6.3681764249E-3
1.3754524499E+0	6.0068438570E+1	6.3714941173E-3
1.3818255585E+0	6.0293164594E+1	6.3747053335E-3
1.3882018250E+0	6.0519179035E+1	6.3778100198E-3
1.3945811430E+0	6.0745885944E+1	6.3808081243E-3
1.4009634057E+0	6.0972704114E+1	6.3836995970E-3
1.4073485066E+0	6.1199067550E+1	6.3864843894E-3
1.4137363389E+0	6.1424425909E+1	6.3891624551E-3
1.4201267959E+0	6.1648244907E+1	6.3917337493E-3
1.4265197708E+0	6.1870006690E+1	6.3941982290E-3
1.4329151568E+0	6.2089210176E+1	6.3965558531E-3
1.4393128469E+0	6.2305371359E+1	6.3988065821E-3
1.4457127343E+0	6.2518023583E+1	6.4009503785E-3
1.4521147120E+0	6.2726717786E+1	6.4029872063E-3
1.4585186731E+0	6.2931022699E+1	6.4049170317E-3
1.4649245104E+0	6.3130525028E+1	6.4067398222E-3
1.4713321170E+0	6.3324829595E+1	6.4084555476E-3
1.4777413858E+0	6.3513559448E+1	6.4100641790E-3
1.4841522097E+0	6.3696355939E+1	6.4115656896E-3
1.4905644815E+0	6.3872878777E+1	6.4129600544E-3
1.4969780940E+0	6.4042806045E+1	6.4142472499E-3
1.5033929402E+0	6.4205834186E+1	6.4154272548E-3
1.5098089128E+0	6.4361677968E+1	6.4165000493E-3
1.5162259046E+0	6.4510070410E+1	6.4174656154E-3
1.5226438083E+0	6.4650762694E+1	6.4183239370E-3
1.5290625167E+0	6.4783524034E+1	6.4190749998E-3
1.5354819225E+0	6.4908141533E+1	6.4197187912E-3
1.5419019185E+0	6.5024420008E+1	6.4202553005E-3
1.5483223974E+0	6.5132181791E+1	6.4206845187E-3
1.5547432518E+0	6.5231266510E+1	6.4210064386E-3
1.5611643745E+0	6.5321530844E+1	6.4212210549E-3
1.5675856581E+0	6.5402848257E+1	6.4213283639E-3
1.5740069954E+0	6.5475108717E+1	6.4213283639E-3
1.5804282791E+0	6.5538218385E+1	6.4212210549E-3
1.5868494018E+0	6.5592099297E+1	6.4210064386E-3
1.5932702562E+0	6.5636689021E+1	6.4206845187E-3
1.5996907351E+0	6.5671940300E+1	6.4202553005E-3
1.6061107310E+0	6.5697820682E+1	6.4197187912E-3
1.6125301369E+0	6.5714312129E+1	6.4190749998E-3
1.6189488453E+0	6.5721410621E+1	6.4183239370E-3
1.6253667490E+0	6.5719125745E+1	6.4174656154E-3
1.6317837408E+0	6.5707480266E+1	6.4165000493E-3
1.6381997134E+0	6.5686509702E+1	6.4154272548E-3
1.6446145595E+0	6.5656261877E+1	6.4142472499E-3
1.6510281721E+0	6.5616796471E+1	6.4129600544E-3
1.6574404439E+0	6.5568184565E+1	6.4115656896E-3
1.6638512678E+0	6.5510508180E+1	6.4100641790E-3
1.6702605366E+0	6.5443859804E+1	6.4084555476E-3
1.6766681432E+0	6.5368341925E+1	6.4067398222E-3
1.6830739805E+0	6.5284066555E+1	6.4049170317E-3
1.6894779416E+0	6.5191154754E+1	6.4029872063E-3
1.6958799193E+0	6.5089736152E+1	6.4009503785E-3
1.7022798067E+0	6.4979948470E+1	6.3988065821E-3
1.7086774968E+0	6.4861937048E+1	6.3965558531E-3
1.7150728827E+0	6.4735854363E+1	6.3941982290E-3
1.7214658576E+0	6.4601859560E+1	6.3917337493E-3
1.7278563146E+0	6.4460117983E+1	6.3891624551E-3
1.7342441470E+0	6.4310800705E+1	6.3864843894E-3
1.7406292478E+0	6.4154084073E+1	6.3836995970E-3
1.7470115106E+0	6.3990149246E+1	6.3808081243E-3
1.7533908286E+0	6.3819181750E+1	6.3778100198E-3
1.7597670951E+0	6.3641371034E+1	6.3747053335E-3
1.7661402037E+0	6.3456910035E+1	6.3714941173E-3
1.7725100479E+0	6.3265994749E+1	6.3681764249E-3
1.7788765211E+0	6.3068823816E+1	6.3647523117E-3
1.7852395170E+0	6.2865598104E+1	6.3612218349E-3
1.7915989293E+0	6.2656520315E+1	6.3575850535E-3
1.7979546517E+0	6.2441794593E+1	6.3538420284E-3
1.8043065780E+0	6.2221626141E+1	6.3499928220E-3
1.8106546020E+0	6.1996220857E+1	6.3460374987E-3
1.8169986176E+0	6.1765784972E+1	6.3419761245E-3
1.8233385189E+0	6.1530524703E+1	6.3378087674E-3
1.8296741999E+0	6.1290645924E+1	6.3335354970E-3
1.8360055546E+0	6.1046353837E+1	6.3291563847E-3
1.8423324774E+0	6.0797852663E+1	6.3246715037E-3
1.8486548624E+0	6.0545345346E+1	6.3200809290E-3
1.8549726040E+0	6.0289033264E+1	6.3153847371E-3
1.8612855967E+0	6.0029115960E+1	6.3105830068E-3
1.8675937349E+0	5.9765790878E+1	6.3056758180E-3
1.8738969132E+0	5.9499253115E+1	6.3006632530E-3
1.8801950263E+0	5.9229695190E+1	6.2955453954E-3
1.8864879689E+0	5.8957306821E+1	6.2903223308E-3
1.8927756359E+0	5.8682274714E+1	6.2849941464E-3
1.8990579222E+0	5.8404782367E+1	6.2795609313E-3
1.9053347228E+0	5.8125009891E+1	6.2740227763E-3
1.9116059328E+0	5.7843133832E+1	6.2683797740E-3
1.9178714474E+0	5.7559327020E+1	6.2626320186E-3
1.9241311620E+0	5.7273758416E+1	6.2567796062E-3
1.9303849718E+0	5.6986592986E+1	6.2508226346E-3
1.9366327724E+0	5.6697991573E+1	6.2447612034E-3
1.9428744594E+0	5.6408110788E+1	6.2385954138E-3
1.9491099285E+0	5.6117102917E+1	6.2323253688E-3
1.9553390754E+0	5.5825115828E+1	6.2259511734E-3
1.9615617961E+0	5.5532292898E+1	6.2194729339E-3
1.9677779867E+0	5.5238772951E+1	6.2128907587E-3
1.9739875431E+0	5.4944690197E+1	6.2062047577E-3
1.9801903616E+0	5.4650174196E+1	6.1994150427E-3
1.9863863386E+0	5.4355349819E+1	6.1925217271E-3
1.9925753706E+0	5.4060337227E+1	6.1855249261E-3
1.9987573540E+0	5.3765251855E+1	6.1784247568E-3
2.0049321857E+0	5.3470204408E+1	6.1712213376E-3
2.0110997623E+0	5.3175300861E+1	6.1639147890E-3
2.0172599809E+0	5.2880642475E+1	6.1565052331E-3
2.0234127385E+0	5.2586325816E+1	6.1489927938E-3
2.0295579322E+0	5.2292442780E+1	6.1413775965E-3
2.0356954595E+0	5.1999080631E+1	6.1336597685E-3
2.0418252176E+0	5.1706322041E+1	6.1258394388E-3
2.0479471042E+0	5.1414245140E+1	6.1179167381E-3
2.0540610170E+0	5.1122923573E+1	6.1098917988E-3
2.0601668538E+0	5.0832426556E+1	6.1017647550E-3
2.0662645125E+0	5.0542818948E+1	6.0935357425E-3
2.0723538913E+0	5.0254161320E+1	6.0852048988E-3
2.0784348884E+0	4.9966510034E+1	6.0767723631E-3
2.0845074022E+0	4.9679917323E+1	6.0682382765E-3
2.0905713312E+0	4.9394431378E+1	6.0596027814E-3
2.0966265740E+0	4.9110096438E+1	6.0508660221E-3
2.1026730295E+0	4.8826952883E+1	6.0420281448E-3
2.1087105966E+0	4.8545037329E+1	6.0330892971E-3
2.1147391745E+0	4.8264382732E+1	6.0240496283E-3
2.1207586623E+0	4.7985018486E+1	6.0149092896E-3
2.1267689596E+0	4.7706970532E+1	6.0056684336E-3
2.1327699657E+0	4.7430261459E+1	5.9963272149E-3
2.1387615806E+0	4.7154910619E+1	5.9868857894E-3
2.1447437040E+0	4.6880934231E+1	5.9773443150E-3
2.1507162359E+0	4.6608345499E+1	5.9677029512E-3
2.1566790766E+0	4.6337154716E+1	5.9579618591E-3
2.1626321265E+0	4.6067369385E+1	5.9481212013E-3
2.1685752859E+0	4.5798994325E+1	5.9381811425E-3
2.1745084557E+0	4.5532031791E+1	5.9281418487E-3
2.1804315366E+0	4.5266481583E+1	5.9180034877E-3
2.1863444297E+0	4.5002341159E+1	5.9077662288E-3
2.1922470361E+0	4.4739605753E+1	5.8974302433E-3
2.1981392573E+0	4.4478268481E+1	5.8869957037E-3
2.2040209947E+0	4.4218320456E+1	5.8764627846E-3
2.2098921501E+0	4.3959750897E+1	5.8658316618E-3
2.2157526254E+0	4.3702547239E+1	5.8551025132E-3
2.2216023226E+0	4.3446695238E+1	5.8442755178E-3
2.2274411439E+0	4.3192179082E+1	5.8333508568E-3
2.2332689918E+0	4.2938981493E+1	5.8223287127E-3
2.2390857689E+0	4.2687083827E+1	5.8112092696E-3
2.2448913779E+0	4.2436466182E+1	5.7999927133E-3
2.2506857220E+0	4.2187107490E+1	5.7886792314E-3
2.2564687042E+0	4.1938985619E+1	5.7772690129E-3
2.2622402278E+0	4.1692077464E+1	5.7657622485E-3
2.2680001965E+0	4.1446359043E+1	5.7541591304E-3
2.2737485140E+0	4.1201805584E+1	5.7424598526E-3
2.2794850843E+0	4.0958391612E+1	5.7306646105E-3
2.2852098113E+0	4.0716091041E+1	5.7187736014E-3
2.2909225996E+0	4.0474877247E+1	5.7067870238E-3
2.2966233536E+0	4.0234723154E+1	5.6947050782E-3
2.3023119780E+0	3.9995601312E+1	5.6825279663E-3
2.3079883779E+0	3.9757483967E+1	5.6702558918E-3
2.3136524582E+0	3.9520343139E+1	5.6578890597E-3
2.3193041245E+0	3.9284150684E+1	5.6454276767E-3
2.3249432821E+0	3.9048878369E+1	5.6328719509E-3
2.3305698370E+0	3.8814497930E+1	5.6202220924E-3
2.3361836950E+0	3.8580981136E+1	5.6074783123E-3
2.3417847624E+0	3.8348299846E+1	5.5946408237E-3
2.3473729455E+0	3.8116426065E+1	5.5817098412E-3
2.3529481510E+0	3.7885331998E+1	5.5686855808E-3
2.3585102856E+0	3.7654990101E+1	5.5555682601E-3
2.3640592565E+0	3.7425373126E+1	5.5423580985E-3
2.3695949710E+0	3.7196454169E+1	5.5290553166E-3
2.3751173364E+0	3.6968206713E+1	5.5156601367E-3
2.3806262605E+0	3.6740604664E+1	5.5021727828E-3
2.3861216513E+0	3.6513622393E+1	5.4885934801E-3
2.3916034169E+0	3.6287234771E+1	5.4749224557E-3
2.3970714657E+0	3.6061417197E+1	5.4611599379E-3
2.4025257064E+0	3.5836145634E+1	5.4473061568E-3
2.4079660477E+0	3.5611396634E+1	5.4333613439E-3
2.4133923988E+0	3.5387147364E+1	5.4193257323E-3
2.4188046690E+0	3.5163375632E+1	5.4051995564E-3
2.4242027678E+0	3.4940059906E+1	5.3909830523E-3
2.4295866050E+0	3.4717179331E+1	5.3766764577E-3
2.4349560907E+0	3.4494713754E+1	5.3622800116E-3
2.4403111352E+0	3.4272643731E+1	5.3477939546E-3
2.4456516489E+0	3.4050950547E+1	5.3332185287E-3
2.4509775425E+0	3.3829616224E+1	5.3185539776E-3
2.4562887272E+0	3.3608623531E+1	5.3038005463E-3
2.4615851141E+0	3.3387955994E+1	5.2889584814E-3
2.4668666147E+0	3.3167597902E+1	5.2740280309E-3
2.4721331408E+0	3.2947534311E+1	5.2590094442E-3
2.4773846043E+0	3.2727751047E+1	5.2439029725E-3
2.4826209175E+0	3.2508234711E+1	5.2287088681E-3
2.4878419929E+0	3.2288972677E+1	5.2134273849E-3
2.4930477432E+0	3.2069953091E+1	5.1980587783E-3
2.4982380815E+0	3.1851164871E+1	5.1826033052E-3
2.5034129210E+0	3.1632597702E+1	5.1670612238E-3
2.5085721752E+0	3.1414242035E+1	5.1514327939E-3
2.5137157579E+0	3.1196089075E+1	5.1357182766E-3
2.5188435831E+0	3.0978130783E+1	5.1199179345E-3
2.5239555652E+0	3.0760359861E+1	5.1040320318E-3
2.5290516187E+0	3.0542769750E+1	5.0880608338E-3
2.5341316585E+0	3.0325354616E+1	5.0720046074E-3
2.5391955997E+0	3.0108109344E+1	5.0558636210E-3
2.5442433576E+0	2.9891029525E+1	5.0396381444E-3
2.5492748479E+0	2.9674111445E+1	5.0233284486E-3
2.5542899865E+0	2.9457352074E+1	5.0069348063E-3
2.5592886896E+0	2.9240749054E+1	4.9904574913E-3
2.5642708737E+0	2.9024300683E+1	4.9738967791E-3
2.5692364555E+0	2.8808005905E+1	4.9572529464E-3
2.5741853520E+0	2.8591864295E+1	4.9405262713E-3
2.5791174805E+0	2.8375876043E+1	4.9237170334E-3
2.5840327586E+0	2.8160041943E+1	4.9068255135E-3
2.5889311042E+0	2.7944363373E+1	4.8898519940E-3
2.5938124354E+0	2.7728842284E+1	4.8727967585E-3
2.5986766706E+0	2.7513481184E+1	4.8556600920E-3
2.6035237285E+0	2.7298283120E+1	4.8384422809E-3
2.6083535282E+0	2.7083251664E+1	4.8211436130E-3
2.6131659889E+0	2.6868390897E+1	4.8037643772E-3
2.6179610302E+0	2.6653705393E+1	4.7863048641E-3
2.6227385719E+0	2.6439200203E+1	4.7687653653E-3
2.6274985343E+0	2.6224880836E+1	4.7511461741E-3
2.6322408378E+0	2.6010753250E+1	4.7334475849E-3
2.6369654032E+0	2.5796823827E+1	4.7156698934E-3
2.6416721513E+0	2.5583099363E+1	4.6978133967E-3
2.6463610038E+0	2.5369587052E+1	4.6798783932E-3
2.6510318821E+0	2.5156294466E+1	4.6618651826E-3
2.6556847082E+0	2.4943229544E+1	4.6437740661E-3
2.6603194043E+0	2.4730400572E+1	4.6256053458E-3
2.6649358931E+0	2.4517816171E+1	4.6073593254E-3
2.6695340973E+0	2.4305485280E+1	4.5890363098E-3
2.6741139402E+0	2.4093417142E+1	4.5706366053E-3
2.6786753451E+0	2.3881621287E+1	4.5521605193E-3
2.6832182358E+0	2.3670107520E+1	4.5336083606E-3
2.6877425365E+0	2.3458885904E+1	4.5149804392E-3
2.6922481716E+0	2.3247966749E+1	4.4962770664E-3
2.6967350656E+0	2.3037360592E+1	4.4774985548E-3
2.7012031437E+0	2.2827078192E+1	4.4586452181E-3
2.7056523312E+0	2.2617130508E+1	4.4397173715E-3
2.7100825537E+0	2.2407528693E+1	4.4207153312E-3
2.7144937373E+0	2.2198284074E+1	4.4016394148E-3
2.7188858081E+0	2.1989408145E+1	4.3824899412E-3
2.7232586927E+0	2.1780912553E+1	4.3632672302E-3
2.7276123182E+0	2.1572809084E+1	4.3439716031E-3
2.7319466117E+0	2.1365109655E+1	4.3246033825E-3
2.7362615009E+0	2.1157826300E+1	4.3051628919E-3
2.7405569135E+0	2.0950971156E+1	4.2856504563E-3
2.7448327779E+0	2.0744556461E+1	4.2660664016E-3
2.7490890226E+0	2.0538594532E+1	4.2464110553E-3
2.7533255764E+0	2.0333097766E+1	4.2266847457E-3
2.7575423685E+0	2.0128078621E+1	4.2068878026E-3
2.7617393285E+0	1.9923549612E+1	4.1870205567E-3
2.7659163863E+0	1.9719523298E+1	4.1670833400E-3
2.7700734720E+0	1.9516012276E+1	4.1470764858E-3
2.7742105162E+0	1.9313029172E+1	4.1270003283E-3
2.7783274497E+0	1.9110586630E+1	4.1068552032E-3
2.7824242037E+0	1.8908697305E+1	4.0866414469E-3
2.7865007098E+0	1.8707373856E+1	4.0663593974E-3
2.7905568999E+0	1.8506628940E+1	4.0460093936E-3
2.7945927061E+0	1.8306475201E+1	4.0255917754E-3
2.7986080610E+0	1.8106925263E+1	4.0051068843E-3
2.8026028975E+0	1.7907991728E+1	3.9845550624E-3
2.8065771489E+0	1.7709687166E+1	3.9639366533E-3
2.8105307487E+0	1.7512024108E+1	3.9432520014E-3
2.8144636309E+0	1.7315015043E+1	3.9225014525E-3
2.8183757298E+0	1.7118672409E+1	3.9016853533E-3
2.8222669799E+0	1.6923008591E+1	3.8808040517E-3
2.8261373163E+0	1.6728035913E+1	3.8598578967E-3
2.8299866742E+0	1.6533766636E+1	3.8388472382E-3
2.8338149894E+0	1.6340212949E+1	3.8177724274E-3
2.8376221978E+0	1.6147386968E+1	3.7966338166E-3
2.8414082359E+0	1.5955300732E+1	3.7754317588E-3
2.8451730403E+0	1.5763966197E+1	3.7541666086E-3
2.8489165482E+0	1.5573395233E+1	3.7328387211E-3
2.8526386969E+0	1.5383599619E+1	3.7114484529E-3
2.8563394244E+0	1.5194591043E+1	3.6899961614E-3
2.8600186687E+0	1.5006381095E+1	3.6684822051E-3
2.8636763684E+0	1.4818981268E+1	3.6469069436E-3
2.8673124623E+0	1.4632402951E+1	3.6252707373E-3
2.8709268897E+0	1.4446657427E+1	3.6035739479E-3
2.8745195901E+0	1.4261755876E+1	3.5818169379E-3
2.8780905036E+0	1.4077709363E+1	3.5600000709E-3
2.8816395704E+0	1.3894528846E+1	3.5381237115E-3
2.8851667313E+0	1.3712225166E+1	3.5161882254E-3
2.8886719273E+0	1.3530809050E+1	3.4941939790E-3
2.8921550998E+0	1.3350291108E+1	3.4721413399E-3
2.8956161906E+0	1.3170681830E+1	3.4500306767E-3
2.8990551419E+0	1.2991991586E+1	3.4278623588E-3
2.9024718962E+0	1.2814230626E+1	3.4056367567E-3
2.9058663965E+0	1.2637409074E+1	3.3833542419E-3
2.9092385859E+0	1.2461536934E+1	3.3610151867E-3
2.9125884081E+0	1.2286624083E+1	3.3386199643E-3
2.9159158072E+0	1.2112680274E+1	3.3161689492E-3
2.9192207275E+0	1.1939715132E+1	3.2936625164E-3
2.9225031139E+0	1.1767738158E+1	3.2711010421E-3
2.9257629114E+0	1.1596758723E+1	3.2484849032E-3
2.9290000656E+0	1.1426786073E+1	3.2258144779E-3
2.9322145224E+0	1.1257829324E+1	3.2030901448E-3
2.9354062280E+0	1.1089897466E+1	3.1803122838E-3
2.9385751292E+0	1.0922999358E+1	3.1574812755E-3
2.9417211730E+0	1.0757143735E+1	3.1345975014E-3
2.9448443068E+0	1.0592339199E+1	3.1116613440E-3
2.9479444784E+0	1.0428594227E+1	3.0886731866E-3
2.9510216360E+0	1.0265917169E+1	3.0656334132E-3
2.9540757281E+0	1.0104316245E+1	3.0425424091E-3
2.9571067038E+0	9.9437995483E+0	3.0194005599E-3
2.9601145124E+0	9.7843750465E+0	2.9962082525E-3
2.9630991036E+0	9.6260505798E+0	2.9729658744E-3
2.9660604276E+0	9.4688338630E+0	2.9496738141E-3
2.9689984348E+0	9.3127324851E+0	2.9263324607E-3
2.9719130762E+0	9.1577539108E+0	2.9029422044E-3
2.9748043031E+0	9.0039054804E+0	2.8795034361E-3
2.9776720671E+0	8.8511944111E+0	2.8560165473E-3
2.9805163203E+0	8.6996277972E+0	2.8324819307E-3
2.9833370151E+0	8.5492126113E+0	2.8088999795E-3
2.9861341046E+0	8.3999557051E+0	2.7852710878E-3
2.9889075418E+0	8.2518638098E+0	2.7615956505E-3
2.9916572805E+0	8.1049435377E+0	2.7378740632E-3
2.9943832747E+0	7.9592013825E+0	2.7141067224E-3
2.9970854788E+0	7.8146437208E+0	2.6902940251E-3
2.9997638477E+0	7.6712768126E+0	2.6664363695E-3
3.0024183367E+0	7.5291068027E+0	2.6425341541E-3
3.0050489013E+0	7.3881397214E+0	2.6185877784E-3
3.0076554977E+0	7.2483814859E+0	2.5945976426E-3
3.0102380822E+0	7.1098379012E+0	2.5705641475E-3
3.0127966116E+0	6.9725146613E+0	2.5464876949E-3
3.0153310434E+0	6.8364173501E+0	2.5223686871E-3
3.0178413350E+0	6.7015514430E+0	2.4982075270E-3
3.0203274445E+0	6.5679223074E+0	2.4740046186E-3
3.0227893304E+0	6.4355352045E+0	2.4497603662E-3
3.0252269516E+0	6.3043952903E+0	2.4254751751E-3
3.0276402673E+0	6.1745076166E+0	2.4011494510E-3
3.0300292371E+0	6.0458771323E+0	2.3767836004E-3
3.0323938212E+0	5.9185086850E+0	2.3523780306E-3
3.0347339801E+0	5.7924070215E+0	2.3279331494E-3
3.0370496746E+0	5.6675767898E+0	2.3034493653E-3
3.0393408660E+0	5.5440225398E+0	2.2789270875E-3
3.0416075160E+0	5.4217487248E+0	2.2543667257E-3
3.0438495869E+0	5.3007597027E+0	2.2297686905E-3
3.0460670410E+0	5.1810597374E+0	2.2051333928E-3
3.0482598414E+0	5.0626529998E+0	2.1804612443E-3
3.0504279513E+0	4.9455435692E+0	2.1557526574E-3
3.0525713347E+0	4.8297354347E+0	2.1310080450E-3
3.0546899556E+0	4.7152324963E+0	2.1062278206E-3
3.0567837786E+0	4.6020385662E+0	2.0814123983E-3
3.0588527688E+0	4.4901573701E+0	2.0565621928E-3
3.0608968915E+0	4.3795925485E+0	2.0316776194E-3
3.0629161127E+0	4.2703476579E+0	2.0067590939E-3
3.0649103985E+0	4.1624261720E+0	1.9818070327E-3
3.0668797157E+0	4.0558314833E+0	1.9568218529E-3
3.0688240313E+0	3.9505669039E+0	1.9318039720E-3
3.0707433129E+0	3.8466356671E+0	1.9067538080E-3
3.0726375283E+0	3.7440409284E+0	1.8816717796E-3
3.0745066460E+0	3.6427857670E+0	1.8565583060E-3
3.0763506346E+0	3.5428731867E+0	1.8314138067E-3
3.0781694634E+0	3.4443061175E+0	1.8062387021E-3
3.0799631019E+0	3.3470874167E+0	1.7810334128E-3
3.0817315203E+0	3.2512198698E+0	1.7557983600E-3
3.0834746889E+0	3.1567061923E+0	1.7305339655E-3
3.0851925786E+0	3.0635490303E+0	1.7052406515E-3
3.0868851607E+0	2.9717509622E+0	1.6799188405E-3
3.0885524069E+0	2.8813144995E+0	1.6545689559E-3
3.0901942894E+0	2.7922420881E+0	1.6291914212E-3
3.0918107807E+0	2.7045361096E+0	1.6037866605E-3
3.0934018538E+0	2.6181988822E+0	1.5783550984E-3
3.0949674821E+0	2.5332326622E+0	1.5528971598E-3
3.0965076394E+0	2.4496396446E+0	1.5274132703E-3
3.0980223001E+0	2.3674219646E+0	1.5019038556E-3
3.0995114388E+0	2.2865816988E+0	1.4763693421E-3
3.1009750306E+0	2.2071208660E+0	1.4508101565E-3
3.1024130510E+0	2.1290414284E+0	1.4252267258E-3
3.1038254761E+0	2.0523452925E+0	1.3996194778E-3
3.1052122822E+0	1.9770343106E+0	1.3739888402E-3
3.1065734461E+0	1.9031102814E+0	1.3483352414E-3
3.1079089451E+0	1.8305749511E+0	1.3226591101E-3
3.1092187570E+0	1.7594300147E+0	1.2969608754E-3
3.1105028597E+0	1.6896771166E+0	1.2712409668E-3
3.1117612318E+0	1.6213178518E+0	1.2454998140E-3
3.1129938524E+0	1.5543537670E+0	1.2197378472E-3
3.1142007007E+0	1.4887863612E+0	1.1939554970E-3
3.1153817567E+0	1.4246170868E+0	1.1681531941E-3
3.1165370006E+0	1.3618473507E+0	1.1423313699E-3
3.1176664131E+0	1.3004785150E+0	1.1164904558E-3
3.1187699753E+0	1.2405118978E+0	1.0906308836E-3
3.1198476688E+0	1.1819487744E+0	1.0647530855E-3
3.1208994755E+0	1.1247903778E+0	1.0388574939E-3
3.1219253780E+0	1.0690378998E+0	1.0129445417E-3
3.1229253590E+0	1.0146924915E+0	9.8701466182E-4
3.1238994018E+0	9.6175526457E-1	9.6106828758E-4
3.1248474902E+0	9.1022729167E-1	9.3510585261E-4
3.1257696083E+0	8.6010960729E-1	9.0912779076E-4
3.1266657407E+0	8.1140320856E-1	8.8313453619E-4
3.1275358724E+0	7.6410905591E-1	8.5712652325E-4
3.1283799890E+0	7.1822807385E-1	8.3110418659E-4
3.1291980762E+0	6.7376115160E-1	8.0506796108E-4
3.1299901204E+0	6.3070914381E-1	7.7901828182E-4
3.1307561084E+0	5.8907287116E-1	7.5295558414E-4
3.1314960274E+0	5.4885312105E-1	7.2688030358E-4
3.1322098650E+0	5.1005064819E-1	7.0079287589E-4
3.1328976092E+0	4.7266617516E-1	6.7469373705E-4
3.1335592487E+0	4.3670039307E-1	6.4858332323E-4
3.1341947723E+0	4.0215396201E-1	6.2246207073E-4
3.1348041694E+0	3.6902751168E-1	5.9633041614E-4
3.1353874298E+0	3.3732164183E-1	5.7018879612E-4
3.1359445438E+0	3.0703692283E-1	5.4403764760E-4
3.1364755020E+0	2.7817389606E-1	5.1787740760E-4
3.1369802957E+0	2.5073307443E-1	4.9170851331E-4
3.1374589163E+0	2.2471494279E-1	4.6553140213E-4
3.1379113559E+0	2.0011995831E-1	4.3934651156E-4
3.1383376069E+0	1.7694855094E-1	4.1315427928E-4
3.1387376622E+0	1.5520112372E-1	3.8695514312E-4
3.1391115150E+0	1.3487805315E-1	3.6074954110E-4
3.1394591592E+0	1.1597968950E-1	3.3453791144E-4
3.1397805890E+0	9.8506357135E-2	3.0832069259E-4
3.1400757989E+0	8.2458354776E-2	2.8209832342E-4
3.1403447841E+0	6.7835955740E-2	2.5587124334E-4
3.1405875400E+0	5.4639408155E-2	2.2963989267E-4
3.1408040626E+0	4.2868935110E-2	2.0340471372E-4
3.1409943483E+0	3.2524734708E-2	1.7716615272E-4
3.1411583939E+0	2.3606979907E-2	1.5092466531E-4
3.1412961968E+0	1.6115817813E-2	1.2468073282E-4
3.1414077547E+0	1.0051367213E-2	9.8434919423E-5
3.1414930663E+0	5.4137088840E-3	7.2188137769E-5
3.1415521316E+0	2.2028331070E-3	4.5943520243E-5
3.1415849628E+0	4.1808041106E-4	1.9736940383E-5