# Differential cross section		
# Author: P. Swaczyna	Princeton University	(swaczyna@princeton.edu)
# Date: 	Fri 4 Dec 2020 01:24:54	
# 		
# Elastic collision: H^0 + He^0 -> H^0 + He^0		
# 		
# Red. mass: 	7.5005505498E+8	 eV/c^2
# CM energy: 	6.0255958607E-2	 eV
# Rel speed: 	3.8000484129E+5	 cm/s
# Tot sigma: 	2.0518957082E+2	 a.u.
# Int sigma: 	2.0518957082E+2	 a.u.
# 		
# Columns:		
# the <- scattering angle (rad)		
# dcs <- dsigma/dOmega*2*pi*sin(the) (a.u. = 2.8002852056E-17 cm^2)		
# wei <- weight for cross section integration (approx. width of angle bin)		
# 		
# the	dcs	wei
7.6907532846E-6	1.0145196593E-1	1.9736940383E-5
4.0521979771E-5	5.3454245335E-1	4.5943520243E-5
9.9587300392E-5	1.3136972649E+0	7.2188137769E-5
1.8489884726E-4	2.4390736835E+0	9.8434919423E-5
2.9645680168E-4	3.9106663610E+0	1.2468073282E-4
4.3425968311E-4	5.7284389461E+0	1.5092466531E-4
5.9830531657E-4	7.8923314881E+0	1.7716615272E-4
7.8859101285E-4	1.0402256200E+1	2.0340471372E-4
1.0051136166E-3	1.3258090222E+1	2.2963989267E-4
1.2478695220E-3	1.6459666707E+1	2.5587124334E-4
1.5168546797E-3	2.0006764540E+1	2.8209832342E-4
1.8120645986E-3	2.3899096752E+1	3.0832069259E-4
2.1334943481E-3	2.8136297697E+1	3.3453791144E-4
2.4811385584E-3	3.2717908978E+1	3.6074954110E-4
2.8549914211E-3	3.7643364165E+1	3.8695514312E-4
3.2550466893E-3	4.2911972291E+1	4.1315427928E-4
3.6812976783E-3	4.8522900170E+1	4.3934651156E-4
4.1337372652E-3	5.4475153537E+1	4.6553140213E-4
4.6123578895E-3	6.0767557034E+1	4.9170851331E-4
5.1171515529E-3	6.7398733078E+1	5.1787740760E-4
5.6481098199E-3	7.4367079631E+1	5.4403764760E-4
6.2052238176E-3	8.1670746902E+1	5.7018879612E-4
6.7884842360E-3	8.9307613039E+1	5.9633041614E-4
7.3978813281E-3	9.7275258835E+1	6.2246207073E-4
8.0334049101E-3	1.0557094151E+2	6.4858332323E-4
8.6950443616E-3	1.1419156763E+2	6.7469373705E-4
9.3827886258E-3	1.2313366523E+2	7.0079287589E-4
1.0096626210E-2	1.3239335515E+2	7.2688030358E-4
1.0836545184E-2	1.4196632184E+2	7.5295558414E-4
1.1602533184E-2	1.5184778348E+2	7.7901828182E-4
1.2394577408E-2	1.6203246169E+2	8.0506796108E-4
1.3212664621E-2	1.7251455094E+2	8.3110418659E-4
1.4056781152E-2	1.8328768761E+2	8.5712652325E-4
1.4926912893E-2	1.9434491905E+2	8.8313453619E-4
1.5823045305E-2	2.0567867263E+2	9.0912779076E-4
1.6745163410E-2	2.1728072494E+2	9.3510585261E-4
1.7693251801E-2	2.2914217144E+2	9.6106828758E-4
1.8667294632E-2	2.4125339652E+2	9.8701466182E-4
1.9667275626E-2	2.5360404433E+2	1.0129445417E-3
2.0693178073E-2	2.6618299053E+2	1.0388574939E-3
2.1744984827E-2	2.7897831511E+2	1.0647530855E-3
2.2822678313E-2	2.9197727658E+2	1.0906308836E-3
2.3926240519E-2	3.0516628776E+2	1.1164904558E-3
2.5055653005E-2	3.1853089332E+2	1.1423313699E-3
2.6210896896E-2	3.3205574946E+2	1.1681531941E-3
2.7391952886E-2	3.4572460594E+2	1.1939554970E-3
2.8598801239E-2	3.5952029066E+2	1.2197378472E-3
2.9831421786E-2	3.7342469723E+2	1.2454998140E-3
3.1089793929E-2	3.8741877567E+2	1.2712409668E-3
3.2373896638E-2	4.0148252665E+2	1.2969608754E-3
3.3683708455E-2	4.1559499952E+2	1.3226591101E-3
3.5019207490E-2	4.2973429444E+2	1.3483352414E-3
3.6380371427E-2	4.4387756892E+2	1.3739888402E-3
3.7767177517E-2	4.5800104913E+2	1.3996194778E-3
3.9179602586E-2	4.7208004614E+2	1.4252267258E-3
4.0617623030E-2	4.8608897763E+2	1.4508101565E-3
4.2081214817E-2	5.0000139505E+2	1.4763693421E-3
4.3570353490E-2	5.1379001684E+2	1.5019038556E-3
4.5085014162E-2	5.2742676769E+2	1.5274132703E-3
4.6625171522E-2	5.4088282428E+2	1.5528971598E-3
4.8190799831E-2	5.5412866765E+2	1.5783550984E-3
4.9781872927E-2	5.6713414235E+2	1.6037866605E-3
5.1398364219E-2	5.7986852275E+2	1.6291914212E-3
5.3040246694E-2	5.9230058629E+2	1.6545689559E-3
5.4707492914E-2	6.0439869425E+2	1.6799188405E-3
5.6400075017E-2	6.1613087962E+2	1.7052406515E-3
5.8117964718E-2	6.2746494246E+2	1.7305339655E-3
5.9861133308E-2	6.3836855251E+2	1.7557983600E-3
6.1629551657E-2	6.4880935912E+2	1.7810334128E-3
6.3423190212E-2	6.5875510817E+2	1.8062387021E-3
6.5242019000E-2	6.6817376598E+2	1.8314138067E-3
6.7086007624E-2	6.7703364984E+2	1.8565583060E-3
6.8955125270E-2	6.8530356483E+2	1.8816717796E-3
7.0849340702E-2	6.9295294657E+2	1.9067538080E-3
7.2768622264E-2	6.9995200936E+2	1.9318039720E-3
7.4712937885E-2	7.0627189927E+2	1.9568218529E-3
7.6682255070E-2	7.1188485143E+2	1.9818070327E-3
7.8676540910E-2	7.1676435083E+2	2.0067590939E-3
8.0695762079E-2	7.2088529598E+2	2.0316776194E-3
8.2739884832E-2	7.2422416433E+2	2.0565621928E-3
8.4808875009E-2	7.2675917874E+2	2.0814123983E-3
8.6902698034E-2	7.2847047376E+2	2.1062278206E-3
8.9021318917E-2	7.2934026084E+2	2.1310080450E-3
9.1164702253E-2	7.2935299114E+2	2.1557526574E-3
9.3332812224E-2	7.2849551473E+2	2.1804612443E-3
9.5525612596E-2	7.2675723502E+2	2.2051333928E-3
9.7743066726E-2	7.2413025692E+2	2.2297686905E-3
9.9985137556E-2	7.2060952740E+2	2.2543667257E-3
1.0225178762E-1	7.1619296709E+2	2.2789270875E-3
1.0454297904E-1	7.1088159139E+2	2.3034493653E-3
1.0685867352E-1	7.0467961965E+2	2.3279331494E-3
1.0919883237E-1	6.9759457106E+2	2.3523780306E-3
1.1156341648E-1	6.8963734561E+2	2.3767836004E-3
1.1395238633E-1	6.8082228892E+2	2.4011494510E-3
1.1636570200E-1	6.7116723944E+2	2.4254751751E-3
1.1880332317E-1	6.6069355671E+2	2.4497603662E-3
1.2126520909E-1	6.4942612950E+2	2.4740046186E-3
1.2375131862E-1	6.3739336274E+2	2.4982075270E-3
1.2626161023E-1	6.2462714197E+2	2.5223686871E-3
1.2879604195E-1	6.1116277479E+2	2.5464876949E-3
1.3135457143E-1	5.9703890820E+2	2.5705641475E-3
1.3393715592E-1	5.8229742150E+2	2.5945976426E-3
1.3654375226E-1	5.6698329422E+2	2.6185877784E-3
1.3917431689E-1	5.5114444894E+2	2.6425341541E-3
1.4182880585E-1	5.3483156895E+2	2.6664363695E-3
1.4450717478E-1	5.1809789109E+2	2.6902940251E-3
1.4720937892E-1	5.0099897417E+2	2.7141067224E-3
1.4993537310E-1	4.8359244367E+2	2.7378740632E-3
1.5268511179E-1	4.6593771386E+2	2.7615956505E-3
1.5545854902E-1	4.4809568837E+2	2.7852710878E-3
1.5825563845E-1	4.3012844094E+2	2.8088999795E-3
1.6107633333E-1	4.1209887801E+2	2.8324819307E-3
1.6392058653E-1	3.9407038511E+2	2.8560165473E-3
1.6678835052E-1	3.7610645964E+2	2.8795034361E-3
1.6967957737E-1	3.5827033219E+2	2.9029422044E-3
1.7259421876E-1	3.4062457950E+2	2.9263324607E-3
1.7553222599E-1	3.2323073187E+2	2.9496738141E-3
1.7849354996E-1	3.0614887818E+2	2.9729658744E-3
1.8147814117E-1	2.8943727202E+2	2.9962082525E-3
1.8448594977E-1	2.7315194219E+2	3.0194005599E-3
1.8751692548E-1	2.5734631129E+2	3.0425424091E-3
1.9057101764E-1	2.4207082609E+2	3.0656334132E-3
1.9364817522E-1	2.2737260316E+2	3.0886731866E-3
1.9674834681E-1	2.1329509370E+2	3.1116613440E-3
1.9987148058E-1	1.9987777092E+2	3.1345975014E-3
2.0301752435E-1	1.8715584375E+2	3.1574812755E-3
2.0618642554E-1	1.7516000007E+2	3.1803122838E-3
2.0937813120E-1	1.6391618274E+2	3.2030901448E-3
2.1259258799E-1	1.5344540136E+2	3.2258144779E-3
2.1582974219E-1	1.4376358250E+2	3.2484849032E-3
2.1908953970E-1	1.3488146068E+2	3.2711010421E-3
2.2237192605E-1	1.2680451208E+2	3.2936625164E-3
2.2567684639E-1	1.1953293267E+2	3.3161689492E-3
2.2900424548E-1	1.1306166181E+2	3.3386199643E-3
2.3235406772E-1	1.0738045202E+2	3.3610151867E-3
2.3572625713E-1	1.0247398511E+2	3.3833542419E-3
2.3912075735E-1	9.8322034372E+1	3.4056367567E-3
2.4253751167E-1	9.4899671822E+1	3.4278623588E-3
2.4597646298E-1	9.2177519308E+1	3.4500306767E-3
2.4943755380E-1	9.0122041349E+1	3.4721413399E-3
2.5292072631E-1	8.8695877337E+1	3.4941939790E-3
2.5642592230E-1	8.7858210082E+1	3.5161882254E-3
2.5995308318E-1	8.7565167232E+1	3.5381237115E-3
2.6350215001E-1	8.7770251621E+1	3.5600000709E-3
2.6707306349E-1	8.8424796200E+1	3.5818169379E-3
2.7066576394E-1	8.9478438796E+1	3.6035739479E-3
2.7428019131E-1	9.0879611658E+1	3.6252707373E-3
2.7791628522E-1	9.2576040455E+1	3.6469069436E-3
2.8157398488E-1	9.4515247214E+1	3.6684822051E-3
2.8525322919E-1	9.6645051535E+1	3.6899961614E-3
2.8895395665E-1	9.8914064393E+1	3.7114484529E-3
2.9267610542E-1	1.0127216884E+2	3.7328387211E-3
2.9641961330E-1	1.0367098202E+2	3.7541666086E-3
3.0018441773E-1	1.0606429309E+2	3.7754317588E-3
3.0397045579E-1	1.0840847190E+2	3.7966338166E-3
3.0777766421E-1	1.1066284369E+2	3.8177724274E-3
3.1160597938E-1	1.1279002522E+2	3.8388472382E-3
3.1545533730E-1	1.1475621865E+2	3.8598578967E-3
3.1932567367E-1	1.1653145959E+2	3.8808040517E-3
3.2321692379E-1	1.1808981656E+2	3.9016853533E-3
3.2712902264E-1	1.1940953979E+2	3.9225014525E-3
3.3106190484E-1	1.2047315778E+2	3.9432520014E-3
3.3501550468E-1	1.2126752091E+2	3.9639366533E-3
3.3898975607E-1	1.2178379202E+2	3.9845550624E-3
3.4298459261E-1	1.2201738465E+2	4.0051068843E-3
3.4699994753E-1	1.2196785035E+2	4.0255917754E-3
3.5103575373E-1	1.2163871726E+2	4.0460093936E-3
3.5509194378E-1	1.2103728249E+2	4.0663593974E-3
3.5916844988E-1	1.2017436217E+2	4.0866414469E-3
3.6326520391E-1	1.1906400270E+2	4.1068552032E-3
3.6738213741E-1	1.1772315817E+2	4.1270003283E-3
3.7151918157E-1	1.1617133871E+2	4.1470764858E-3
3.7567626728E-1	1.1443023520E+2	4.1670833400E-3
3.7985332504E-1	1.1252332617E+2	4.1870205567E-3
3.8405028507E-1	1.1047547258E+2	4.2068878026E-3
3.8826707721E-1	1.0831250657E+2	4.2266847457E-3
3.9250363101E-1	1.0606082029E+2	4.2464110553E-3
3.9675987567E-1	1.0374696060E+2	4.2660664016E-3
4.0103574005E-1	1.0139723544E+2	4.2856504563E-3
4.0533115271E-1	9.9037337543E+1	4.3051628919E-3
4.0964604185E-1	9.6691990326E+1	4.3246033825E-3
4.1398033538E-1	9.4384620967E+1	4.3439716031E-3
4.1833396086E-1	9.2137064697E+1	4.3632672302E-3
4.2270684554E-1	8.9969304001E+1	4.3824899412E-3
4.2709891633E-1	8.7899245734E+1	4.4016394148E-3
4.3151009985E-1	8.5942538487E+1	4.4207153312E-3
4.3594032237E-1	8.4112431847E+1	4.4397173715E-3
4.4038950986E-1	8.2419678490E+1	4.4586452181E-3
4.4485758797E-1	8.0872479304E+1	4.4774985548E-3
4.4934448203E-1	7.9476471054E+1	4.4962770664E-3
4.5385011706E-1	7.8234755391E+1	4.5149804392E-3
4.5837441776E-1	7.7147967350E+1	4.5336083606E-3
4.6291730852E-1	7.6214380896E+1	4.5521605193E-3
4.6747871344E-1	7.5430048469E+1	4.5706366053E-3
4.7205855627E-1	7.4788971049E+1	4.5890363098E-3
4.7665676049E-1	7.4283294783E+1	4.6073593254E-3
4.8127324926E-1	7.3903529909E+1	4.6256053458E-3
4.8590794542E-1	7.3638787454E+1	4.6437740661E-3
4.9056077152E-1	7.3477028998E+1	4.6618651826E-3
4.9523164982E-1	7.3405324719E+1	4.6798783932E-3
4.9992050224E-1	7.3410114966E+1	4.6978133967E-3
5.0462725044E-1	7.3477470654E+1	4.7156698934E-3
5.0935181576E-1	7.3593348010E+1	4.7334475849E-3
5.1409411924E-1	7.3743833406E+1	4.7511461741E-3
5.1885408164E-1	7.3915374369E+1	4.7687653653E-3
5.2363162341E-1	7.4094993241E+1	4.7863048641E-3
5.2842666471E-1	7.4270480405E+1	4.8037643772E-3
5.3323912540E-1	7.4430564483E+1	4.8211436130E-3
5.3806892508E-1	7.4565057421E+1	4.8384422809E-3
5.4291598301E-1	7.4664972953E+1	4.8556600920E-3
5.4778021821E-1	7.4722617446E+1	4.8727967585E-3
5.5266154939E-1	7.4731652716E+1	4.8898519940E-3
5.5755989496E-1	7.4687130936E+1	4.9068255135E-3
5.6247517308E-1	7.4585502282E+1	4.9237170334E-3
5.6740730160E-1	7.4424596440E+1	4.9405262713E-3
5.7235619810E-1	7.4203579582E+1	4.9572529464E-3
5.7732177988E-1	7.3922888771E+1	4.9738967791E-3
5.8230396395E-1	7.3584146149E+1	4.9904574913E-3
5.8730266706E-1	7.3190055530E+1	5.0069348063E-3
5.9231780568E-1	7.2744284232E+1	5.0233284486E-3
5.9734929598E-1	7.2251333181E+1	5.0396381444E-3
6.0239705389E-1	7.1716398362E+1	5.0558636210E-3
6.0746099506E-1	7.1145226762E+1	5.0720046074E-3
6.1254103485E-1	7.0543969893E+1	5.0880608338E-3
6.1763708838E-1	6.9919037874E+1	5.1040320318E-3
6.2274907048E-1	6.9276956929E+1	5.1199179345E-3
6.2787689573E-1	6.8624232919E+1	5.1357182766E-3
6.3302047843E-1	6.7967223286E+1	5.1514327939E-3
6.3817973262E-1	6.7312019516E+1	5.1670612238E-3
6.4335457209E-1	6.6664341886E+1	5.1826033052E-3
6.4854491036E-1	6.6029447929E+1	5.1980587783E-3
6.5375066070E-1	6.5412055699E+1	5.2134273849E-3
6.5897173609E-1	6.4816282568E+1	5.2287088681E-3
6.6420804930E-1	6.4245599904E+1	5.2439029725E-3
6.6945951283E-1	6.3702803657E+1	5.2590094442E-3
6.7472603890E-1	6.3190000534E+1	5.2740280309E-3
6.8000753951E-1	6.2708609152E+1	5.2889584814E-3
6.8530392640E-1	6.2259375251E+1	5.3038005463E-3
6.9061511106E-1	6.1842399841E+1	5.3185539776E-3
6.9594100473E-1	6.1457178920E+1	5.3332185287E-3
7.0128151841E-1	6.1102653235E+1	5.3477939546E-3
7.0663656285E-1	6.0777266452E+1	5.3622800116E-3
7.1200604856E-1	6.0479029987E+1	5.3766764577E-3
7.1738988581E-1	6.0205592732E+1	5.3909830523E-3
7.2278798463E-1	5.9954313890E+1	5.4051995564E-3
7.2820025482E-1	5.9722337187E+1	5.4193257323E-3
7.3362660591E-1	5.9506664788E+1	5.4333613439E-3
7.3906694724E-1	5.9304229350E+1	5.4473061568E-3
7.4452118788E-1	5.9111962794E+1	5.4611599379E-3
7.4998923669E-1	5.8926860524E+1	5.4749224557E-3
7.5547100229E-1	5.8746039981E+1	5.4885934801E-3
7.6096639308E-1	5.8566792657E+1	5.5021727828E-3
7.6647531721E-1	5.8386628843E+1	5.5156601367E-3
7.7199768263E-1	5.8203314609E+1	5.5290553166E-3
7.7753339704E-1	5.8014900742E+1	5.5423580985E-3
7.8308236795E-1	5.7819743507E+1	5.5555682601E-3
7.8864450262E-1	5.7616517342E+1	5.5686855808E-3
7.9421970809E-1	5.7404219736E+1	5.5817098412E-3
7.9980789121E-1	5.7182168712E+1	5.5946408237E-3
8.0540895857E-1	5.6949993463E+1	5.6074783123E-3
8.1102281659E-1	5.6707618817E+1	5.6202220924E-3
8.1664937145E-1	5.6455244308E+1	5.6328719509E-3
8.2228852912E-1	5.6193318673E+1	5.6454276767E-3
8.2794019536E-1	5.5922510671E+1	5.6578890597E-3
8.3360427572E-1	5.5643677131E+1	5.6702558918E-3
8.3928067556E-1	5.5357829139E+1	5.6825279663E-3
8.4496930000E-1	5.5066097255E+1	5.6947050782E-3
8.5067005399E-1	5.4769696614E+1	5.7067870238E-3
8.5638284226E-1	5.4469892700E+1	5.7187736014E-3
8.6210756934E-1	5.4167968539E+1	5.7306646105E-3
8.6784413956E-1	5.3865193924E+1	5.7424598526E-3
8.7359245705E-1	5.3562797253E+1	5.7541591304E-3
8.7935242576E-1	5.3261940419E+1	5.7657622485E-3
8.8512394943E-1	5.2963697096E+1	5.7772690129E-3
8.9090693161E-1	5.2669034691E+1	5.7886792314E-3
8.9670127565E-1	5.2378800077E+1	5.7999927133E-3
9.0250688473E-1	5.2093709183E+1	5.8112092696E-3
9.0832366182E-1	5.1814340371E+1	5.8223287127E-3
9.1415150972E-1	5.1541131490E+1	5.8333508568E-3
9.1999033104E-1	5.1274380377E+1	5.8442755178E-3
9.2584002820E-1	5.1014248558E+1	5.8551025132E-3
9.3170050345E-1	5.0760767800E+1	5.8658316618E-3
9.3757165885E-1	5.0513849161E+1	5.8764627846E-3
9.4345339628E-1	5.0273294121E+1	5.8869957037E-3
9.4934561746E-1	5.0038807397E+1	5.8974302433E-3
9.5524822392E-1	4.9810010986E+1	5.9077662288E-3
9.6116111701E-1	4.9586459040E+1	5.9180034877E-3
9.6708419793E-1	4.9367653139E+1	5.9281418487E-3
9.7301736769E-1	4.9153057589E+1	5.9381811425E-3
9.7896052713E-1	4.8942114368E+1	5.9481212013E-3
9.8491357695E-1	4.8734257416E+1	5.9579618591E-3
9.9087641766E-1	4.8528925968E+1	5.9677029512E-3
9.9684894961E-1	4.8325576696E+1	5.9773443150E-3
1.0028310730E+0	4.8123694476E+1	5.9868857894E-3
1.0088226878E+0	4.7922801626E+1	5.9963272149E-3
1.0148236940E+0	4.7722465523E+1	6.0056684336E-3
1.0208339913E+0	4.7522304552E+1	6.0149092896E-3
1.0268534791E+0	4.7321992372E+1	6.0240496283E-3
1.0328820570E+0	4.7121260545E+1	6.0330892971E-3
1.0389196241E+0	4.6919899594E+1	6.0420281448E-3
1.0449660796E+0	4.6717758584E+1	6.0508660221E-3
1.0510213224E+0	4.6514743379E+1	6.0596027814E-3
1.0570852514E+0	4.6310813698E+1	6.0682382765E-3
1.0631577652E+0	4.6105979161E+1	6.0767723631E-3
1.0692387623E+0	4.5900294493E+1	6.0852048988E-3
1.0753281411E+0	4.5693854067E+1	6.0935357425E-3
1.0814257998E+0	4.5486785979E+1	6.1017647550E-3
1.0875316366E+0	4.5279245831E+1	6.1098917988E-3
1.0936455494E+0	4.5071410399E+1	6.1179167381E-3
1.0997674360E+0	4.4863471334E+1	6.1258394388E-3
1.1058971941E+0	4.4655629066E+1	6.1336597685E-3
1.1120347214E+0	4.4448087016E+1	6.1413775965E-3
1.1181799151E+0	4.4241046242E+1	6.1489927938E-3
1.1243326727E+0	4.4034700612E+1	6.1565052331E-3
1.1304928913E+0	4.3829232565E+1	6.1639147890E-3
1.1366604679E+0	4.3624809509E+1	6.1712213376E-3
1.1428352996E+0	4.3421580908E+1	6.1784247568E-3
1.1490172830E+0	4.3219676041E+1	6.1855249261E-3
1.1552063150E+0	4.3019202450E+1	6.1925217271E-3
1.1614022920E+0	4.2820245037E+1	6.1994150427E-3
1.1676051105E+0	4.2622865789E+1	6.2062047577E-3
1.1738146669E+0	4.2427104081E+1	6.2128907587E-3
1.1800308574E+0	4.2232977480E+1	6.2194729339E-3
1.1862535782E+0	4.2040483019E+1	6.2259511734E-3
1.1924827251E+0	4.1849598839E+1	6.2323253688E-3
1.1987181942E+0	4.1660286142E+1	6.2385954138E-3
1.2049598812E+0	4.1472491382E+1	6.2447612034E-3
1.2112076818E+0	4.1286148604E+1	6.2508226346E-3
1.2174614916E+0	4.1101181889E+1	6.2567796062E-3
1.2237212062E+0	4.0917507804E+1	6.2626320186E-3
1.2299867208E+0	4.0735037828E+1	6.2683797740E-3
1.2362579308E+0	4.0553680673E+1	6.2740227763E-3
1.2425347314E+0	4.0373344475E+1	6.2795609313E-3
1.2488170177E+0	4.0193938794E+1	6.2849941464E-3
1.2551046847E+0	4.0015376412E+1	6.2903223308E-3
1.2613976273E+0	3.9837574887E+1	6.2955453954E-3
1.2676957404E+0	3.9660457858E+1	6.3006632530E-3
1.2739989187E+0	3.9483956092E+1	6.3056758180E-3
1.2803070569E+0	3.9308008265E+1	6.3105830068E-3
1.2866200496E+0	3.9132561495E+1	6.3153847371E-3
1.2929377912E+0	3.8957571618E+1	6.3200809290E-3
1.2992601762E+0	3.8783003247E+1	6.3246715037E-3
1.3055870990E+0	3.8608829614E+1	6.3291563847E-3
1.3119184537E+0	3.8435032225E+1	6.3335354970E-3
1.3182541347E+0	3.8261600363E+1	6.3378087674E-3
1.3245940360E+0	3.8088530444E+1	6.3419761245E-3
1.3309380516E+0	3.7915825281E+1	6.3460374987E-3
1.3372860756E+0	3.7743493256E+1	6.3499928220E-3
1.3436380019E+0	3.7571547450E+1	6.3538420284E-3
1.3499937243E+0	3.7400004743E+1	6.3575850535E-3
1.3563531366E+0	3.7228884913E+1	6.3612218349E-3
1.3627161325E+0	3.7058209751E+1	6.3647523117E-3
1.3690826057E+0	3.6888002219E+1	6.3681764249E-3
1.3754524499E+0	3.6718285661E+1	6.3714941173E-3
1.3818255585E+0	3.6549083082E+1	6.3747053335E-3
1.3882018250E+0	3.6380416504E+1	6.3778100198E-3
1.3945811430E+0	3.6212306413E+1	6.3808081243E-3
1.4009634057E+0	3.6044771291E+1	6.3836995970E-3
1.4073485066E+0	3.5877827249E+1	6.3864843894E-3
1.4137363389E+0	3.5711487746E+1	6.3891624551E-3
1.4201267959E+0	3.5545763401E+1	6.3917337493E-3
1.4265197708E+0	3.5380661898E+1	6.3941982290E-3
1.4329151568E+0	3.5216187956E+1	6.3965558531E-3
1.4393128469E+0	3.5052343388E+1	6.3988065821E-3
1.4457127343E+0	3.4889127218E+1	6.4009503785E-3
1.4521147120E+0	3.4726535846E+1	6.4029872063E-3
1.4585186731E+0	3.4564563276E+1	6.4049170317E-3
1.4649245104E+0	3.4403201361E+1	6.4067398222E-3
1.4713321170E+0	3.4242440091E+1	6.4084555476E-3
1.4777413858E+0	3.4082267889E+1	6.4100641790E-3
1.4841522097E+0	3.3922671919E+1	6.4115656896E-3
1.4905644815E+0	3.3763638394E+1	6.4129600544E-3
1.4969780940E+0	3.3605152881E+1	6.4142472499E-3
1.5033929402E+0	3.3447200585E+1	6.4154272548E-3
1.5098089128E+0	3.3289766626E+1	6.4165000493E-3
1.5162259046E+0	3.3132836283E+1	6.4174656154E-3
1.5226438083E+0	3.2976395217E+1	6.4183239370E-3
1.5290625167E+0	3.2820429668E+1	6.4190749998E-3
1.5354819225E+0	3.2664926613E+1	6.4197187912E-3
1.5419019185E+0	3.2509873903E+1	6.4202553005E-3
1.5483223974E+0	3.2355260361E+1	6.4206845187E-3
1.5547432518E+0	3.2201075855E+1	6.4210064386E-3
1.5611643745E+0	3.2047311338E+1	6.4212210549E-3
1.5675856581E+0	3.1893958866E+1	6.4213283639E-3
1.5740069954E+0	3.1741011587E+1	6.4213283639E-3
1.5804282791E+0	3.1588463712E+1	6.4212210549E-3
1.5868494018E+0	3.1436310459E+1	6.4210064386E-3
1.5932702562E+0	3.1284547996E+1	6.4206845187E-3
1.5996907351E+0	3.1133173352E+1	6.4202553005E-3
1.6061107310E+0	3.0982184336E+1	6.4197187912E-3
1.6125301369E+0	3.0831579437E+1	6.4190749998E-3
1.6189488453E+0	3.0681357723E+1	6.4183239370E-3
1.6253667490E+0	3.0531518745E+1	6.4174656154E-3
1.6317837408E+0	3.0382062433E+1	6.4165000493E-3
1.6381997134E+0	3.0232988996E+1	6.4154272548E-3
1.6446145595E+0	3.0084298840E+1	6.4142472499E-3
1.6510281721E+0	2.9935992470E+1	6.4129600544E-3
1.6574404439E+0	2.9788070421E+1	6.4115656896E-3
1.6638512678E+0	2.9640533187E+1	6.4100641790E-3
1.6702605366E+0	2.9493381159E+1	6.4084555476E-3
1.6766681432E+0	2.9346614575E+1	6.4067398222E-3
1.6830739805E+0	2.9200233481E+1	6.4049170317E-3
1.6894779416E+0	2.9054237698E+1	6.4029872063E-3
1.6958799193E+0	2.8908626804E+1	6.4009503785E-3
1.7022798067E+0	2.8763400113E+1	6.3988065821E-3
1.7086774968E+0	2.8618556680E+1	6.3965558531E-3
1.7150728827E+0	2.8474095294E+1	6.3941982290E-3
1.7214658576E+0	2.8330014491E+1	6.3917337493E-3
1.7278563146E+0	2.8186312570E+1	6.3891624551E-3
1.7342441470E+0	2.8042987608E+1	6.3864843894E-3
1.7406292478E+0	2.7900037483E+1	6.3836995970E-3
1.7470115106E+0	2.7757459902E+1	6.3808081243E-3
1.7533908286E+0	2.7615252430E+1	6.3778100198E-3
1.7597670951E+0	2.7473412512E+1	6.3747053335E-3
1.7661402037E+0	2.7331937510E+1	6.3714941173E-3
1.7725100479E+0	2.7190824726E+1	6.3681764249E-3
1.7788765211E+0	2.7050071436E+1	6.3647523117E-3
1.7852395170E+0	2.6909674912E+1	6.3612218349E-3
1.7915989293E+0	2.6769632449E+1	6.3575850535E-3
1.7979546517E+0	2.6629941391E+1	6.3538420284E-3
1.8043065780E+0	2.6490599147E+1	6.3499928220E-3
1.8106546020E+0	2.6351603210E+1	6.3460374987E-3
1.8169986176E+0	2.6212951176E+1	6.3419761245E-3
1.8233385189E+0	2.6074640752E+1	6.3378087674E-3
1.8296741999E+0	2.5936669768E+1	6.3335354970E-3
1.8360055546E+0	2.5799036185E+1	6.3291563847E-3
1.8423324774E+0	2.5661738096E+1	6.3246715037E-3
1.8486548624E+0	2.5524773734E+1	6.3200809290E-3
1.8549726040E+0	2.5388141463E+1	6.3153847371E-3
1.8612855967E+0	2.5251839787E+1	6.3105830068E-3
1.8675937349E+0	2.5115867336E+1	6.3056758180E-3
1.8738969132E+0	2.4980222866E+1	6.3006632530E-3
1.8801950263E+0	2.4844905253E+1	6.2955453954E-3
1.8864879689E+0	2.4709913482E+1	6.2903223308E-3
1.8927756359E+0	2.4575246641E+1	6.2849941464E-3
1.8990579222E+0	2.4440903915E+1	6.2795609313E-3
1.9053347228E+0	2.4306884570E+1	6.2740227763E-3
1.9116059328E+0	2.4173187951E+1	6.2683797740E-3
1.9178714474E+0	2.4039813470E+1	6.2626320186E-3
1.9241311620E+0	2.3906760597E+1	6.2567796062E-3
1.9303849718E+0	2.3774028853E+1	6.2508226346E-3
1.9366327724E+0	2.3641617803E+1	6.2447612034E-3
1.9428744594E+0	2.3509527047E+1	6.2385954138E-3
1.9491099285E+0	2.3377756214E+1	6.2323253688E-3
1.9553390754E+0	2.3246304957E+1	6.2259511734E-3
1.9615617961E+0	2.3115172948E+1	6.2194729339E-3
1.9677779867E+0	2.2984359873E+1	6.2128907587E-3
1.9739875431E+0	2.2853865428E+1	6.2062047577E-3
1.9801903616E+0	2.2723689316E+1	6.1994150427E-3
1.9863863386E+0	2.2593831246E+1	6.1925217271E-3
1.9925753706E+0	2.2464290930E+1	6.1855249261E-3
1.9987573540E+0	2.2335068080E+1	6.1784247568E-3
2.0049321857E+0	2.2206162414E+1	6.1712213376E-3
2.0110997623E+0	2.2077573646E+1	6.1639147890E-3
2.0172599809E+0	2.1949301495E+1	6.1565052331E-3
2.0234127385E+0	2.1821345682E+1	6.1489927938E-3
2.0295579322E+0	2.1693705930E+1	6.1413775965E-3
2.0356954595E+0	2.1566381968E+1	6.1336597685E-3
2.0418252176E+0	2.1439373529E+1	6.1258394388E-3
2.0479471042E+0	2.1312680356E+1	6.1179167381E-3
2.0540610170E+0	2.1186302201E+1	6.1098917988E-3
2.0601668538E+0	2.1060238826E+1	6.1017647550E-3
2.0662645125E+0	2.0934490007E+1	6.0935357425E-3
2.0723538913E+0	2.0809055535E+1	6.0852048988E-3
2.0784348884E+0	2.0683935218E+1	6.0767723631E-3
2.0845074022E+0	2.0559128882E+1	6.0682382765E-3
2.0905713312E+0	2.0434636371E+1	6.0596027814E-3
2.0966265740E+0	2.0310457551E+1	6.0508660221E-3
2.1026730295E+0	2.0186592310E+1	6.0420281448E-3
2.1087105966E+0	2.0063040560E+1	6.0330892971E-3
2.1147391745E+0	1.9939802235E+1	6.0240496283E-3
2.1207586623E+0	1.9816877293E+1	6.0149092896E-3
2.1267689596E+0	1.9694265717E+1	6.0056684336E-3
2.1327699657E+0	1.9571967515E+1	5.9963272149E-3
2.1387615806E+0	1.9449982720E+1	5.9868857894E-3
2.1447437040E+0	1.9328311388E+1	5.9773443150E-3
2.1507162359E+0	1.9206953600E+1	5.9677029512E-3
2.1566790766E+0	1.9085909463E+1	5.9579618591E-3
2.1626321265E+0	1.8965179105E+1	5.9481212013E-3
2.1685752859E+0	1.8844762679E+1	5.9381811425E-3
2.1745084557E+0	1.8724660358E+1	5.9281418487E-3
2.1804315366E+0	1.8604872341E+1	5.9180034877E-3
2.1863444297E+0	1.8485398844E+1	5.9077662288E-3
2.1922470361E+0	1.8366240107E+1	5.8974302433E-3
2.1981392573E+0	1.8247396388E+1	5.8869957037E-3
2.2040209947E+0	1.8128867965E+1	5.8764627846E-3
2.2098921501E+0	1.8010655134E+1	5.8658316618E-3
2.2157526254E+0	1.7892758210E+1	5.8551025132E-3
2.2216023226E+0	1.7775177523E+1	5.8442755178E-3
2.2274411439E+0	1.7657913422E+1	5.8333508568E-3
2.2332689918E+0	1.7540966270E+1	5.8223287127E-3
2.2390857689E+0	1.7424336445E+1	5.8112092696E-3
2.2448913779E+0	1.7308024340E+1	5.7999927133E-3
2.2506857220E+0	1.7192030362E+1	5.7886792314E-3
2.2564687042E+0	1.7076354930E+1	5.7772690129E-3
2.2622402278E+0	1.6960998478E+1	5.7657622485E-3
2.2680001965E+0	1.6845961449E+1	5.7541591304E-3
2.2737485140E+0	1.6731244300E+1	5.7424598526E-3
2.2794850843E+0	1.6616847497E+1	5.7306646105E-3
2.2852098113E+0	1.6502771521E+1	5.7187736014E-3
2.2909225996E+0	1.6389016859E+1	5.7067870238E-3
2.2966233536E+0	1.6275584009E+1	5.6947050782E-3
2.3023119780E+0	1.6162473482E+1	5.6825279663E-3
2.3079883779E+0	1.6049685796E+1	5.6702558918E-3
2.3136524582E+0	1.5937221478E+1	5.6578890597E-3
2.3193041245E+0	1.5825081066E+1	5.6454276767E-3
2.3249432821E+0	1.5713265107E+1	5.6328719509E-3
2.3305698370E+0	1.5601774156E+1	5.6202220924E-3
2.3361836950E+0	1.5490608778E+1	5.6074783123E-3
2.3417847624E+0	1.5379769547E+1	5.5946408237E-3
2.3473729455E+0	1.5269257043E+1	5.5817098412E-3
2.3529481510E+0	1.5159071859E+1	5.5686855808E-3
2.3585102856E+0	1.5049214594E+1	5.5555682601E-3
2.3640592565E+0	1.4939685856E+1	5.5423580985E-3
2.3695949710E+0	1.4830486262E+1	5.5290553166E-3
2.3751173364E+0	1.4721616435E+1	5.5156601367E-3
2.3806262605E+0	1.4613077010E+1	5.5021727828E-3
2.3861216513E+0	1.4504868628E+1	5.4885934801E-3
2.3916034169E+0	1.4396991937E+1	5.4749224557E-3
2.3970714657E+0	1.4289447595E+1	5.4611599379E-3
2.4025257064E+0	1.4182236268E+1	5.4473061568E-3
2.4079660477E+0	1.4075358629E+1	5.4333613439E-3
2.4133923988E+0	1.3968815356E+1	5.4193257323E-3
2.4188046690E+0	1.3862607140E+1	5.4051995564E-3
2.4242027678E+0	1.3756734676E+1	5.3909830523E-3
2.4295866050E+0	1.3651198666E+1	5.3766764577E-3
2.4349560907E+0	1.3545999821E+1	5.3622800116E-3
2.4403111352E+0	1.3441138857E+1	5.3477939546E-3
2.4456516489E+0	1.3336616500E+1	5.3332185287E-3
2.4509775425E+0	1.3232433481E+1	5.3185539776E-3
2.4562887272E+0	1.3128590538E+1	5.3038005463E-3
2.4615851141E+0	1.3025088416E+1	5.2889584814E-3
2.4668666147E+0	1.2921927866E+1	5.2740280309E-3
2.4721331408E+0	1.2819109647E+1	5.2590094442E-3
2.4773846043E+0	1.2716634522E+1	5.2439029725E-3
2.4826209175E+0	1.2614503263E+1	5.2287088681E-3
2.4878419929E+0	1.2512716645E+1	5.2134273849E-3
2.4930477432E+0	1.2411275452E+1	5.1980587783E-3
2.4982380815E+0	1.2310180472E+1	5.1826033052E-3
2.5034129210E+0	1.2209432498E+1	5.1670612238E-3
2.5085721752E+0	1.2109032330E+1	5.1514327939E-3
2.5137157579E+0	1.2008980773E+1	5.1357182766E-3
2.5188435831E+0	1.1909278636E+1	5.1199179345E-3
2.5239555652E+0	1.1809926735E+1	5.1040320318E-3
2.5290516187E+0	1.1710925888E+1	5.0880608338E-3
2.5341316585E+0	1.1612276921E+1	5.0720046074E-3
2.5391955997E+0	1.1513980662E+1	5.0558636210E-3
2.5442433576E+0	1.1416037943E+1	5.0396381444E-3
2.5492748479E+0	1.1318449604E+1	5.0233284486E-3
2.5542899865E+0	1.1221216485E+1	5.0069348063E-3
2.5592886896E+0	1.1124339431E+1	4.9904574913E-3
2.5642708737E+0	1.1027819293E+1	4.9738967791E-3
2.5692364555E+0	1.0931656922E+1	4.9572529464E-3
2.5741853520E+0	1.0835853177E+1	4.9405262713E-3
2.5791174805E+0	1.0740408917E+1	4.9237170334E-3
2.5840327586E+0	1.0645325007E+1	4.9068255135E-3
2.5889311042E+0	1.0550602312E+1	4.8898519940E-3
2.5938124354E+0	1.0456241704E+1	4.8727967585E-3
2.5986766706E+0	1.0362244056E+1	4.8556600920E-3
2.6035237285E+0	1.0268610244E+1	4.8384422809E-3
2.6083535282E+0	1.0175341149E+1	4.8211436130E-3
2.6131659889E+0	1.0082437652E+1	4.8037643772E-3
2.6179610302E+0	9.9899006377E+0	4.7863048641E-3
2.6227385719E+0	9.8977309949E+0	4.7687653653E-3
2.6274985343E+0	9.8059296135E+0	4.7511461741E-3
2.6322408378E+0	9.7144973861E+0	4.7334475849E-3
2.6369654032E+0	9.6234352078E+0	4.7156698934E-3
2.6416721513E+0	9.5327439759E+0	4.6978133967E-3
2.6463610038E+0	9.4424245898E+0	4.6798783932E-3
2.6510318821E+0	9.3524779510E+0	4.6618651826E-3
2.6556847082E+0	9.2629049627E+0	4.6437740661E-3
2.6603194043E+0	9.1737065302E+0	4.6256053458E-3
2.6649358931E+0	9.0848835604E+0	4.6073593254E-3
2.6695340973E+0	8.9964369617E+0	4.5890363098E-3
2.6741139402E+0	8.9083676442E+0	4.5706366053E-3
2.6786753451E+0	8.8206765194E+0	4.5521605193E-3
2.6832182358E+0	8.7333644999E+0	4.5336083606E-3
2.6877425365E+0	8.6464325000E+0	4.5149804392E-3
2.6922481716E+0	8.5598814347E+0	4.4962770664E-3
2.6967350656E+0	8.4737122203E+0	4.4774985548E-3
2.7012031437E+0	8.3879257741E+0	4.4586452181E-3
2.7056523312E+0	8.3025230144E+0	4.4397173715E-3
2.7100825537E+0	8.2175048600E+0	4.4207153312E-3
2.7144937373E+0	8.1328722310E+0	4.4016394148E-3
2.7188858081E+0	8.0486260477E+0	4.3824899412E-3
2.7232586927E+0	7.9647672314E+0	4.3632672302E-3
2.7276123182E+0	7.8812967037E+0	4.3439716031E-3
2.7319466117E+0	7.7982153868E+0	4.3246033825E-3
2.7362615009E+0	7.7155242034E+0	4.3051628919E-3
2.7405569135E+0	7.6332240764E+0	4.2856504563E-3
2.7448327779E+0	7.5513159291E+0	4.2660664016E-3
2.7490890226E+0	7.4698006848E+0	4.2464110553E-3
2.7533255764E+0	7.3886792671E+0	4.2266847457E-3
2.7575423685E+0	7.3079525997E+0	4.2068878026E-3
2.7617393285E+0	7.2276216061E+0	4.1870205567E-3
2.7659163863E+0	7.1476872097E+0	4.1670833400E-3
2.7700734720E+0	7.0681503338E+0	4.1470764858E-3
2.7742105162E+0	6.9890119015E+0	4.1270003283E-3
2.7783274497E+0	6.9102728354E+0	4.1068552032E-3
2.7824242037E+0	6.8319340578E+0	4.0866414469E-3
2.7865007098E+0	6.7539964903E+0	4.0663593974E-3
2.7905568999E+0	6.6764610542E+0	4.0460093936E-3
2.7945927061E+0	6.5993286698E+0	4.0255917754E-3
2.7986080610E+0	6.5226002570E+0	4.0051068843E-3
2.8026028975E+0	6.4462767346E+0	3.9845550624E-3
2.8065771489E+0	6.3703590206E+0	3.9639366533E-3
2.8105307487E+0	6.2948480320E+0	3.9432520014E-3
2.8144636309E+0	6.2197446848E+0	3.9225014525E-3
2.8183757298E+0	6.1450498937E+0	3.9016853533E-3
2.8222669799E+0	6.0707645723E+0	3.8808040517E-3
2.8261373163E+0	5.9968896330E+0	3.8598578967E-3
2.8299866742E+0	5.9234259866E+0	3.8388472382E-3
2.8338149894E+0	5.8503745427E+0	3.8177724274E-3
2.8376221978E+0	5.7777362093E+0	3.7966338166E-3
2.8414082359E+0	5.7055118929E+0	3.7754317588E-3
2.8451730403E+0	5.6337024982E+0	3.7541666086E-3
2.8489165482E+0	5.5623089283E+0	3.7328387211E-3
2.8526386969E+0	5.4913320847E+0	3.7114484529E-3
2.8563394244E+0	5.4207728667E+0	3.6899961614E-3
2.8600186687E+0	5.3506321720E+0	3.6684822051E-3
2.8636763684E+0	5.2809108962E+0	3.6469069436E-3
2.8673124623E+0	5.2116099329E+0	3.6252707373E-3
2.8709268897E+0	5.1427301736E+0	3.6035739479E-3
2.8745195901E+0	5.0742725075E+0	3.5818169379E-3
2.8780905036E+0	5.0062378218E+0	3.5600000709E-3
2.8816395704E+0	4.9386270013E+0	3.5381237115E-3
2.8851667313E+0	4.8714409284E+0	3.5161882254E-3
2.8886719273E+0	4.8046804830E+0	3.4941939790E-3
2.8921550998E+0	4.7383465428E+0	3.4721413399E-3
2.8956161906E+0	4.6724399825E+0	3.4500306767E-3
2.8990551419E+0	4.6069616747E+0	3.4278623588E-3
2.9024718962E+0	4.5419124887E+0	3.4056367567E-3
2.9058663965E+0	4.4772932916E+0	3.3833542419E-3
2.9092385859E+0	4.4131049474E+0	3.3610151867E-3
2.9125884081E+0	4.3493483171E+0	3.3386199643E-3
2.9159158072E+0	4.2860242589E+0	3.3161689492E-3
2.9192207275E+0	4.2231336281E+0	3.2936625164E-3
2.9225031139E+0	4.1606772765E+0	3.2711010421E-3
2.9257629114E+0	4.0986560531E+0	3.2484849032E-3
2.9290000656E+0	4.0370708036E+0	3.2258144779E-3
2.9322145224E+0	3.9759223703E+0	3.2030901448E-3
2.9354062280E+0	3.9152115922E+0	3.1803122838E-3
2.9385751292E+0	3.8549393048E+0	3.1574812755E-3
2.9417211730E+0	3.7951063402E+0	3.1345975014E-3
2.9448443068E+0	3.7357135270E+0	3.1116613440E-3
2.9479444784E+0	3.6767616901E+0	3.0886731866E-3
2.9510216360E+0	3.6182516506E+0	3.0656334132E-3
2.9540757281E+0	3.5601842261E+0	3.0425424091E-3
2.9571067038E+0	3.5025602302E+0	3.0194005599E-3
2.9601145124E+0	3.4453804727E+0	2.9962082525E-3
2.9630991036E+0	3.3886457594E+0	2.9729658744E-3
2.9660604276E+0	3.3323568922E+0	2.9496738141E-3
2.9689984348E+0	3.2765146689E+0	2.9263324607E-3
2.9719130762E+0	3.2211198833E+0	2.9029422044E-3
2.9748043031E+0	3.1661733247E+0	2.8795034361E-3
2.9776720671E+0	3.1116757785E+0	2.8560165473E-3
2.9805163203E+0	3.0576280257E+0	2.8324819307E-3
2.9833370151E+0	3.0040308428E+0	2.8088999795E-3
2.9861341046E+0	2.9508850021E+0	2.7852710878E-3
2.9889075418E+0	2.8981912712E+0	2.7615956505E-3
2.9916572805E+0	2.8459504134E+0	2.7378740632E-3
2.9943832747E+0	2.7941631873E+0	2.7141067224E-3
2.9970854788E+0	2.7428303468E+0	2.6902940251E-3
2.9997638477E+0	2.6919526411E+0	2.6664363695E-3
3.0024183367E+0	2.6415308147E+0	2.6425341541E-3
3.0050489013E+0	2.5915656073E+0	2.6185877784E-3
3.0076554977E+0	2.5420577537E+0	2.5945976426E-3
3.0102380822E+0	2.4930079836E+0	2.5705641475E-3
3.0127966116E+0	2.4444170220E+0	2.5464876949E-3
3.0153310434E+0	2.3962855886E+0	2.5223686871E-3
3.0178413350E+0	2.3486143980E+0	2.4982075270E-3
3.0203274445E+0	2.3014041599E+0	2.4740046186E-3
3.0227893304E+0	2.2546555785E+0	2.4497603662E-3
3.0252269516E+0	2.2083693529E+0	2.4254751751E-3
3.0276402673E+0	2.1625461767E+0	2.4011494510E-3
3.0300292371E+0	2.1171867384E+0	2.3767836004E-3
3.0323938212E+0	2.0722917207E+0	2.3523780306E-3
3.0347339801E+0	2.0278618010E+0	2.3279331494E-3
3.0370496746E+0	1.9838976513E+0	2.3034493653E-3
3.0393408660E+0	1.9403999377E+0	2.2789270875E-3
3.0416075160E+0	1.8973693209E+0	2.2543667257E-3
3.0438495869E+0	1.8548064558E+0	2.2297686905E-3
3.0460670410E+0	1.8127119913E+0	2.2051333928E-3
3.0482598414E+0	1.7710865710E+0	2.1804612443E-3
3.0504279513E+0	1.7299308322E+0	2.1557526574E-3
3.0525713347E+0	1.6892454065E+0	2.1310080450E-3
3.0546899556E+0	1.6490309194E+0	2.1062278206E-3
3.0567837786E+0	1.6092879905E+0	2.0814123983E-3
3.0588527688E+0	1.5700172333E+0	2.0565621928E-3
3.0608968915E+0	1.5312192552E+0	2.0316776194E-3
3.0629161127E+0	1.4928946573E+0	2.0067590939E-3
3.0649103985E+0	1.4550440346E+0	1.9818070327E-3
3.0668797157E+0	1.4176679759E+0	1.9568218529E-3
3.0688240313E+0	1.3807670636E+0	1.9318039720E-3
3.0707433129E+0	1.3443418736E+0	1.9067538080E-3
3.0726375283E+0	1.3083929757E+0	1.8816717796E-3
3.0745066460E+0	1.2729209330E+0	1.8565583060E-3
3.0763506346E+0	1.2379263022E+0	1.8314138067E-3
3.0781694634E+0	1.2034096334E+0	1.8062387021E-3
3.0799631019E+0	1.1693714702E+0	1.7810334128E-3
3.0817315203E+0	1.1358123493E+0	1.7557983600E-3
3.0834746889E+0	1.1027328011E+0	1.7305339655E-3
3.0851925786E+0	1.0701333491E+0	1.7052406515E-3
3.0868851607E+0	1.0380145098E+0	1.6799188405E-3
3.0885524069E+0	1.0063767933E+0	1.6545689559E-3
3.0901942894E+0	9.7522070245E-1	1.6291914212E-3
3.0918107807E+0	9.4454673351E-1	1.6037866605E-3
3.0934018538E+0	9.1435537563E-1	1.5783550984E-3
3.0949674821E+0	8.8464711102E-1	1.5528971598E-3
3.0965076394E+0	8.5542241485E-1	1.5274132703E-3
3.0980223001E+0	8.2668175524E-1	1.5019038556E-3
3.0995114388E+0	7.9842559320E-1	1.4763693421E-3
3.1009750306E+0	7.7065438261E-1	1.4508101565E-3
3.1024130510E+0	7.4336857016E-1	1.4252267258E-3
3.1038254761E+0	7.1656859531E-1	1.3996194778E-3
3.1052122822E+0	6.9025489027E-1	1.3739888402E-3
3.1065734461E+0	6.6442787998E-1	1.3483352414E-3
3.1079089451E+0	6.3908798201E-1	1.3226591101E-3
3.1092187570E+0	6.1423560659E-1	1.2969608754E-3
3.1105028597E+0	5.8987115654E-1	1.2712409668E-3
3.1117612318E+0	5.6599502726E-1	1.2454998140E-3
3.1129938524E+0	5.4260760665E-1	1.2197378472E-3
3.1142007007E+0	5.1970927514E-1	1.1939554970E-3
3.1153817567E+0	4.9730040561E-1	1.1681531941E-3
3.1165370006E+0	4.7538136337E-1	1.1423313699E-3
3.1176664131E+0	4.5395250612E-1	1.1164904558E-3
3.1187699753E+0	4.3301418397E-1	1.0906308836E-3
3.1198476688E+0	4.1256673931E-1	1.0647530855E-3
3.1208994755E+0	3.9261050689E-1	1.0388574939E-3
3.1219253780E+0	3.7314581372E-1	1.0129445417E-3
3.1229253590E+0	3.5417297907E-1	9.8701466182E-4
3.1238994018E+0	3.3569231441E-1	9.6106828758E-4
3.1248474902E+0	3.1770412343E-1	9.3510585261E-4
3.1257696083E+0	3.0020870198E-1	9.0912779076E-4
3.1266657407E+0	2.8320633807E-1	8.8313453619E-4
3.1275358724E+0	2.6669731182E-1	8.5712652325E-4
3.1283799890E+0	2.5068189542E-1	8.3110418659E-4
3.1291980762E+0	2.3516035317E-1	8.0506796108E-4
3.1299901204E+0	2.2013294139E-1	7.7901828182E-4
3.1307561084E+0	2.0559990844E-1	7.5295558414E-4
3.1314960274E+0	1.9156149466E-1	7.2688030358E-4
3.1322098650E+0	1.7801793241E-1	7.0079287589E-4
3.1328976092E+0	1.6496944598E-1	6.7469373705E-4
3.1335592487E+0	1.5241625160E-1	6.4858332323E-4
3.1341947723E+0	1.4035855745E-1	6.2246207073E-4
3.1348041694E+0	1.2879656357E-1	5.9633041614E-4
3.1353874298E+0	1.1773046193E-1	5.7018879612E-4
3.1359445438E+0	1.0716043633E-1	5.4403764760E-4
3.1364755020E+0	9.7086662454E-2	5.1787740760E-4
3.1369802957E+0	8.7509307803E-2	4.9170851331E-4
3.1374589163E+0	7.8428531704E-2	4.6553140213E-4
3.1379113559E+0	6.9844485291E-2	4.3934651156E-4
3.1383376069E+0	6.1757311490E-2	4.1315427928E-4
3.1387376622E+0	5.4167145006E-2	3.8695514312E-4
3.1391115150E+0	4.7074112312E-2	3.6074954110E-4
3.1394591592E+0	4.0478331632E-2	3.3453791144E-4
3.1397805890E+0	3.4379912934E-2	3.0832069259E-4
3.1400757989E+0	2.8778957911E-2	2.8209832342E-4
3.1403447841E+0	2.3675559966E-2	2.5587124334E-4
3.1405875400E+0	1.9069804195E-2	2.2963989267E-4
3.1408040626E+0	1.4961767349E-2	2.0340471372E-4
3.1409943483E+0	1.1351517780E-2	1.7716615272E-4
3.1411583939E+0	8.2391153164E-3	1.5092466531E-4
3.1412961968E+0	5.6246109540E-3	1.2468073282E-4
3.1414077547E+0	3.5080459437E-3	9.8434919423E-5
3.1414930663E+0	1.8894483670E-3	7.2188137769E-5
3.1415521316E+0	7.6881478052E-4	4.5943520243E-5
3.1415849628E+0	1.4591500296E-4	1.9736940383E-5