# Differential cross section		
# Author: P. Swaczyna	Princeton University	(swaczyna@princeton.edu)
# Date: 	Fri 4 Dec 2020 01:24:31	
# 		
# Elastic collision: H^0 + He^0 -> H^0 + He^0		
# 		
# Red. mass: 	7.5005505498E+8	 eV/c^2
# CM energy: 	4.0738027780E-2	 eV
# Rel speed: 	3.1245618770E+5	 cm/s
# Tot sigma: 	2.1284816614E+2	 a.u.
# Int sigma: 	2.1284816614E+2	 a.u.
# 		
# Columns:		
# the <- scattering angle (rad)		
# dcs <- dsigma/dOmega*2*pi*sin(the) (a.u. = 2.8002852056E-17 cm^2)		
# wei <- weight for cross section integration (approx. width of angle bin)		
# 		
# the	dcs	wei
7.6907532846E-6	7.4199165796E-2	1.9736940383E-5
4.0521979771E-5	3.9094959736E-1	4.5943520243E-5
9.9587300392E-5	9.6080206306E-1	7.2188137769E-5
1.8489884726E-4	1.7838722027E+0	9.8434919423E-5
2.9645680168E-4	2.8601578096E+0	1.2468073282E-4
4.3425968311E-4	4.1896360034E+0	1.5092466531E-4
5.9830531657E-4	5.7722698237E+0	1.7716615272E-4
7.8859101285E-4	7.6080065898E+0	2.0340471372E-4
1.0051136166E-3	9.6967743401E+0	2.2963989267E-4
1.2478695220E-3	1.2038477324E+1	2.5587124334E-4
1.5168546797E-3	1.4632990759E+1	2.8209832342E-4
1.8120645986E-3	1.7480154923E+1	3.0832069259E-4
2.1334943481E-3	2.0579768592E+1	3.3453791144E-4
2.4811385584E-3	2.3931581851E+1	3.6074954110E-4
2.8549914211E-3	2.7535288264E+1	3.8695514312E-4
3.2550466893E-3	3.1390516436E+1	4.1315427928E-4
3.6812976783E-3	3.5496820945E+1	4.3934651156E-4
4.1337372652E-3	3.9853672680E+1	4.6553140213E-4
4.6123578895E-3	4.4460448564E+1	4.9170851331E-4
5.1171515529E-3	4.9316420704E+1	5.1787740760E-4
5.6481098199E-3	5.4420744944E+1	5.4403764760E-4
6.2052238176E-3	5.9772448875E+1	5.7018879612E-4
6.7884842360E-3	6.5370419271E+1	5.9633041614E-4
7.3978813281E-3	7.1213389012E+1	6.2246207073E-4
8.0334049101E-3	7.7299923481E+1	6.4858332323E-4
8.6950443616E-3	8.3628406471E+1	6.7469373705E-4
9.3827886258E-3	9.0197025629E+1	7.0079287589E-4
1.0096626210E-2	9.7003757457E+1	7.2688030358E-4
1.0836545184E-2	1.0404635190E+2	7.5295558414E-4
1.1602533184E-2	1.1132231655E+2	7.7901828182E-4
1.2394577408E-2	1.1882890055E+2	8.0506796108E-4
1.3212664621E-2	1.2656307812E+2	8.3110418659E-4
1.4056781152E-2	1.3452153191E+2	8.5712652325E-4
1.4926912893E-2	1.4270063613E+2	8.8313453619E-4
1.5823045305E-2	1.5109643945E+2	9.0912779076E-4
1.6745163410E-2	1.5970464790E+2	9.3510585261E-4
1.7693251801E-2	1.6852060769E+2	9.6106828758E-4
1.8667294632E-2	1.7753928806E+2	9.8701466182E-4
1.9667275626E-2	1.8675526423E+2	1.0129445417E-3
2.0693178073E-2	1.9616270053E+2	1.0388574939E-3
2.1744984827E-2	2.0575533379E+2	1.0647530855E-3
2.2822678313E-2	2.1552645707E+2	1.0906308836E-3
2.3926240519E-2	2.2546890382E+2	1.1164904558E-3
2.5055653005E-2	2.3557503255E+2	1.1423313699E-3
2.6210896896E-2	2.4583671218E+2	1.1681531941E-3
2.7391952886E-2	2.5624530808E+2	1.1939554970E-3
2.8598801239E-2	2.6679166893E+2	1.2197378472E-3
2.9831421786E-2	2.7746611463E+2	1.2454998140E-3
3.1089793929E-2	2.8825842522E+2	1.2712409668E-3
3.2373896638E-2	2.9915783099E+2	1.2969608754E-3
3.3683708455E-2	3.1015300396E+2	1.3226591101E-3
3.5019207490E-2	3.2123205084E+2	1.3483352414E-3
3.6380371427E-2	3.3238250752E+2	1.3739888402E-3
3.7767177517E-2	3.4359133535E+2	1.3996194778E-3
3.9179602586E-2	3.5484491925E+2	1.4252267258E-3
4.0617623030E-2	3.6612906787E+2	1.4508101565E-3
4.2081214817E-2	3.7742901590E+2	1.4763693421E-3
4.3570353490E-2	3.8872942863E+2	1.5019038556E-3
4.5085014162E-2	4.0001440902E+2	1.5274132703E-3
4.6625171522E-2	4.1126750725E+2	1.5528971598E-3
4.8190799831E-2	4.2247173312E+2	1.5783550984E-3
4.9781872927E-2	4.3360957111E+2	1.6037866605E-3
5.1398364219E-2	4.4466299859E+2	1.6291914212E-3
5.3040246694E-2	4.5561350702E+2	1.6545689559E-3
5.4707492914E-2	4.6644212636E+2	1.6799188405E-3
5.6400075017E-2	4.7712945285E+2	1.7052406515E-3
5.8117964718E-2	4.8765568014E+2	1.7305339655E-3
5.9861133308E-2	4.9800063395E+2	1.7557983600E-3
6.1629551657E-2	5.0814381029E+2	1.7810334128E-3
6.3423190212E-2	5.1806441726E+2	1.8062387021E-3
6.5242019000E-2	5.2774142058E+2	1.8314138067E-3
6.7086007624E-2	5.3715359276E+2	1.8565583060E-3
6.8955125270E-2	5.4627956599E+2	1.8816717796E-3
7.0849340702E-2	5.5509788865E+2	1.9067538080E-3
7.2768622264E-2	5.6358708552E+2	1.9318039720E-3
7.4712937885E-2	5.7172572155E+2	1.9568218529E-3
7.6682255070E-2	5.7949246906E+2	1.9818070327E-3
7.8676540910E-2	5.8686617838E+2	2.0067590939E-3
8.0695762079E-2	5.9382595171E+2	2.0316776194E-3
8.2739884832E-2	6.0035121998E+2	2.0565621928E-3
8.4808875009E-2	6.0642182266E+2	2.0814123983E-3
8.6902698034E-2	6.1201809011E+2	2.1062278206E-3
8.9021318917E-2	6.1712092834E+2	2.1310080450E-3
9.1164702253E-2	6.2171190582E+2	2.1557526574E-3
9.3332812224E-2	6.2577334202E+2	2.1804612443E-3
9.5525612596E-2	6.2928839734E+2	2.2051333928E-3
9.7743066726E-2	6.3224116401E+2	2.2297686905E-3
9.9985137556E-2	6.3461675750E+2	2.2543667257E-3
1.0225178762E-1	6.3640140809E+2	2.2789270875E-3
1.0454297904E-1	6.3758255198E+2	2.3034493653E-3
1.0685867352E-1	6.3814892151E+2	2.3279331494E-3
1.0919883237E-1	6.3809063391E+2	2.3523780306E-3
1.1156341648E-1	6.3739927796E+2	2.3767836004E-3
1.1395238633E-1	6.3606799811E+2	2.4011494510E-3
1.1636570200E-1	6.3409157526E+2	2.4254751751E-3
1.1880332317E-1	6.3146650368E+2	2.4497603662E-3
1.2126520909E-1	6.2819106339E+2	2.4740046186E-3
1.2375131862E-1	6.2426538738E+2	2.4982075270E-3
1.2626161023E-1	6.1969152294E+2	2.5223686871E-3
1.2879604195E-1	6.1447348646E+2	2.5464876949E-3
1.3135457143E-1	6.0861731115E+2	2.5705641475E-3
1.3393715592E-1	6.0213108679E+2	2.5945976426E-3
1.3654375226E-1	5.9502499116E+2	2.6185877784E-3
1.3917431689E-1	5.8731131237E+2	2.6425341541E-3
1.4182880585E-1	5.7900446151E+2	2.6664363695E-3
1.4450717478E-1	5.7012097515E+2	2.6902940251E-3
1.4720937892E-1	5.6067950715E+2	2.7141067224E-3
1.4993537310E-1	5.5070080929E+2	2.7378740632E-3
1.5268511179E-1	5.4020770038E+2	2.7615956505E-3
1.5545854902E-1	5.2922502343E+2	2.7852710878E-3
1.5825563845E-1	5.1777959072E+2	2.8088999795E-3
1.6107633333E-1	5.0590011645E+2	2.8324819307E-3
1.6392058653E-1	4.9361713690E+2	2.8560165473E-3
1.6678835052E-1	4.8096291810E+2	2.8795034361E-3
1.6967957737E-1	4.6797135103E+2	2.9029422044E-3
1.7259421876E-1	4.5467783451E+2	2.9263324607E-3
1.7553222599E-1	4.4111914603E+2	2.9496738141E-3
1.7849354996E-1	4.2733330087E+2	2.9729658744E-3
1.8147814117E-1	4.1335940003E+2	2.9962082525E-3
1.8448594977E-1	3.9923746750E+2	3.0194005599E-3
1.8751692548E-1	3.8500827746E+2	3.0425424091E-3
1.9057101764E-1	3.7071317242E+2	3.0656334132E-3
1.9364817522E-1	3.5639387298E+2	3.0886731866E-3
1.9674834681E-1	3.4209228032E+2	3.1116613440E-3
1.9987148058E-1	3.2785027253E+2	3.1345975014E-3
2.0301752435E-1	3.1370949590E+2	3.1574812755E-3
2.0618642554E-1	2.9971115258E+2	3.1803122838E-3
2.0937813120E-1	2.8589578586E+2	3.2030901448E-3
2.1259258799E-1	2.7230306460E+2	3.2258144779E-3
2.1582974219E-1	2.5897156833E+2	3.2484849032E-3
2.1908953970E-1	2.4593857453E+2	3.2711010421E-3
2.2237192605E-1	2.3323984970E+2	3.2936625164E-3
2.2567684639E-1	2.2090944602E+2	3.3161689492E-3
2.2900424548E-1	2.0897950496E+2	3.3386199643E-3
2.3235406772E-1	1.9748006980E+2	3.3610151867E-3
2.3572625713E-1	1.8643890847E+2	3.3833542419E-3
2.3912075735E-1	1.7588134850E+2	3.4056367567E-3
2.4253751167E-1	1.6583012547E+2	3.4278623588E-3
2.4597646298E-1	1.5630524656E+2	3.4500306767E-3
2.4943755380E-1	1.4732387059E+2	3.4721413399E-3
2.5292072631E-1	1.3890020588E+2	3.4941939790E-3
2.5642592230E-1	1.3104542701E+2	3.5161882254E-3
2.5995308318E-1	1.2376761173E+2	3.5381237115E-3
2.6350215001E-1	1.1707169875E+2	3.5600000709E-3
2.6707306349E-1	1.1095946728E+2	3.5818169379E-3
2.7066576394E-1	1.0542953886E+2	3.6035739479E-3
2.7428019131E-1	1.0047740183E+2	3.6252707373E-3
2.7791628522E-1	9.6095458646E+1	3.6469069436E-3
2.8157398488E-1	9.2273096143E+1	3.6684822051E-3
2.8525322919E-1	8.8996778279E+1	3.6899961614E-3
2.8895395665E-1	8.6250161134E+1	3.7114484529E-3
2.9267610542E-1	8.4014229390E+1	3.7328387211E-3
2.9641961330E-1	8.2267453431E+1	3.7541666086E-3
3.0018441773E-1	8.0985965980E+1	3.7754317588E-3
3.0397045579E-1	8.0143756955E+1	3.7966338166E-3
3.0777766421E-1	7.9712885041E+1	3.8177724274E-3
3.1160597938E-1	7.9663704283E+1	3.8388472382E-3
3.1545533730E-1	7.9965103831E+1	3.8598578967E-3
3.1932567367E-1	8.0584758796E+1	3.8808040517E-3
3.2321692379E-1	8.1489390054E+1	3.9016853533E-3
3.2712902264E-1	8.2645030688E+1	3.9225014525E-3
3.3106190484E-1	8.4017296687E+1	3.9432520014E-3
3.3501550468E-1	8.5571659422E+1	3.9639366533E-3
3.3898975607E-1	8.7273717382E+1	3.9845550624E-3
3.4298459261E-1	8.9089464637E+1	4.0051068843E-3
3.4699994753E-1	9.0985553486E+1	4.0255917754E-3
3.5103575373E-1	9.2929548794E+1	4.0460093936E-3
3.5509194378E-1	9.4890171588E+1	4.0663593974E-3
3.5916844988E-1	9.6837529564E+1	4.0866414469E-3
3.6326520391E-1	9.8743332292E+1	4.1068552032E-3
3.6738213741E-1	1.0058108904E+2	4.1270003283E-3
3.7151918157E-1	1.0232628732E+2	4.1470764858E-3
3.7567626728E-1	1.0395655046E+2	4.1670833400E-3
3.7985332504E-1	1.0545177273E+2	4.1870205567E-3
3.8405028507E-1	1.0679423075E+2	4.2068878026E-3
3.8826707721E-1	1.0796867028E+2	4.2266847457E-3
3.9250363101E-1	1.0896236751E+2	4.2464110553E-3
3.9675987567E-1	1.0976516470E+2	4.2660664016E-3
4.0103574005E-1	1.1036947970E+2	4.2856504563E-3
4.0533115271E-1	1.1077028979E+2	4.3051628919E-3
4.0964604185E-1	1.1096509010E+2	4.3246033825E-3
4.1398033538E-1	1.1095382746E+2	4.3439716031E-3
4.1833396086E-1	1.1073881056E+2	4.3632672302E-3
4.2270684554E-1	1.1032459785E+2	4.3824899412E-3
4.2709891633E-1	1.0971786464E+2	4.4016394148E-3
4.3151009985E-1	1.0892725115E+2	4.4207153312E-3
4.3594032237E-1	1.0796319352E+2	4.4397173715E-3
4.4038950986E-1	1.0683773994E+2	4.4586452181E-3
4.4485758797E-1	1.0556435429E+2	4.4774985548E-3
4.4934448203E-1	1.0415770959E+2	4.4962770664E-3
4.5385011706E-1	1.0263347398E+2	4.5149804392E-3
4.5837441776E-1	1.0100809176E+2	4.5336083606E-3
4.6291730852E-1	9.9298562159E+1	4.5521605193E-3
4.6747871344E-1	9.7522218496E+1	4.5706366053E-3
4.7205855627E-1	9.5696510271E+1	4.5890363098E-3
4.7665676049E-1	9.3838790816E+1	4.6073593254E-3
4.8127324926E-1	9.1966112850E+1	4.6256053458E-3
4.8590794542E-1	9.0095034275E+1	4.6437740661E-3
4.9056077152E-1	8.8241436308E+1	4.6618651826E-3
4.9523164982E-1	8.6420355890E+1	4.6798783932E-3
4.9992050224E-1	8.4645834089E+1	4.6978133967E-3
5.0462725044E-1	8.2930781950E+1	4.7156698934E-3
5.0935181576E-1	8.1286865043E+1	4.7334475849E-3
5.1409411924E-1	7.9724407622E+1	4.7511461741E-3
5.1885408164E-1	7.8252317106E+1	4.7687653653E-3
5.2363162341E-1	7.6878029243E+1	4.7863048641E-3
5.2842666471E-1	7.5607474077E+1	4.8037643772E-3
5.3323912540E-1	7.4445062541E+1	4.8211436130E-3
5.3806892508E-1	7.3393693233E+1	4.8384422809E-3
5.4291598301E-1	7.2454778651E+1	4.8556600920E-3
5.4778021821E-1	7.1628289942E+1	4.8727967585E-3
5.5266154939E-1	7.0912818975E+1	4.8898519940E-3
5.5755989496E-1	7.0305656337E+1	4.9068255135E-3
5.6247517308E-1	6.9802883672E+1	4.9237170334E-3
5.6740730160E-1	6.9399478644E+1	4.9405262713E-3
5.7235619810E-1	6.9089430635E+1	4.9572529464E-3
5.7732177988E-1	6.8865865234E+1	4.9738967791E-3
5.8230396395E-1	6.8721175480E+1	4.9904574913E-3
5.8730266706E-1	6.8647157794E+1	5.0069348063E-3
5.9231780568E-1	6.8635150527E+1	5.0233284486E-3
5.9734929598E-1	6.8676173086E+1	5.0396381444E-3
6.0239705389E-1	6.8761063644E+1	5.0558636210E-3
6.0746099506E-1	6.8880613527E+1	5.0720046074E-3
6.1254103485E-1	6.9025696495E+1	5.0880608338E-3
6.1763708838E-1	6.9187391242E+1	5.1040320318E-3
6.2274907048E-1	6.9357095626E+1	5.1199179345E-3
6.2787689573E-1	6.9526631282E+1	5.1357182766E-3
6.3302047843E-1	6.9688337494E+1	5.1514327939E-3
6.3817973262E-1	6.9835153368E+1	5.1670612238E-3
6.4335457209E-1	6.9960687589E+1	5.1826033052E-3
6.4854491036E-1	7.0059275235E+1	5.1980587783E-3
6.5375066070E-1	7.0126021342E+1	5.2134273849E-3
6.5897173609E-1	7.0156831139E+1	5.2287088681E-3
6.6420804930E-1	7.0148427061E+1	5.2439029725E-3
6.6945951283E-1	7.0098352851E+1	5.2590094442E-3
6.7472603890E-1	7.0004965263E+1	5.2740280309E-3
6.8000753951E-1	6.9867414018E+1	5.2889584814E-3
6.8530392640E-1	6.9685610863E+1	5.3038005463E-3
6.9061511106E-1	6.9460188668E+1	5.3185539776E-3
6.9594100473E-1	6.9192451668E+1	5.3332185287E-3
7.0128151841E-1	6.8884317994E+1	5.3477939546E-3
7.0663656285E-1	6.8538255762E+1	5.3622800116E-3
7.1200604856E-1	6.8157213992E+1	5.3766764577E-3
7.1738988581E-1	6.7744549691E+1	5.3909830523E-3
7.2278798463E-1	6.7303952415E+1	5.4051995564E-3
7.2820025482E-1	6.6839367616E+1	5.4193257323E-3
7.3362660591E-1	6.6354920039E+1	5.4333613439E-3
7.3906694724E-1	6.5854838380E+1	5.4473061568E-3
7.4452118788E-1	6.5343382336E+1	5.4611599379E-3
7.4998923669E-1	6.4824773089E+1	5.4749224557E-3
7.5547100229E-1	6.4303128160E+1	5.4885934801E-3
7.6096639308E-1	6.3782401464E+1	5.5021727828E-3
7.6647531721E-1	6.3266329252E+1	5.5156601367E-3
7.7199768263E-1	6.2758382526E+1	5.5290553166E-3
7.7753339704E-1	6.2261726348E+1	5.5423580985E-3
7.8308236795E-1	6.1779186349E+1	5.5555682601E-3
7.8864450262E-1	6.1313222609E+1	5.5686855808E-3
7.9421970809E-1	6.0865910941E+1	5.5817098412E-3
7.9980789121E-1	6.0438931488E+1	5.5946408237E-3
8.0540895857E-1	6.0033564436E+1	5.6074783123E-3
8.1102281659E-1	5.9650692516E+1	5.6202220924E-3
8.1664937145E-1	5.9290809901E+1	5.6328719509E-3
8.2228852912E-1	5.8954036981E+1	5.6454276767E-3
8.2794019536E-1	5.8640140458E+1	5.6578890597E-3
8.3360427572E-1	5.8348558125E+1	5.6702558918E-3
8.3928067556E-1	5.8078427660E+1	5.6825279663E-3
8.4496930000E-1	5.7828618711E+1	5.6947050782E-3
8.5067005399E-1	5.7597767559E+1	5.7067870238E-3
8.5638284226E-1	5.7384313630E+1	5.7187736014E-3
8.6210756934E-1	5.7186537115E+1	5.7306646105E-3
8.6784413956E-1	5.7002597022E+1	5.7424598526E-3
8.7359245705E-1	5.6830568968E+1	5.7541591304E-3
8.7935242576E-1	5.6668482090E+1	5.7657622485E-3
8.8512394943E-1	5.6514354510E+1	5.7772690129E-3
8.9090693161E-1	5.6366226806E+1	5.7886792314E-3
8.9670127565E-1	5.6222193064E+1	5.7999927133E-3
9.0250688473E-1	5.6080429097E+1	5.8112092696E-3
9.0832366182E-1	5.5939217543E+1	5.8223287127E-3
9.1415150972E-1	5.5796969565E+1	5.8333508568E-3
9.1999033104E-1	5.5652243014E+1	5.8442755178E-3
9.2584002820E-1	5.5503756945E+1	5.8551025132E-3
9.3170050345E-1	5.5350402451E+1	5.8658316618E-3
9.3757165885E-1	5.5191249872E+1	5.8764627846E-3
9.4345339628E-1	5.5025552456E+1	5.8869957037E-3
9.4934561746E-1	5.4852746654E+1	5.8974302433E-3
9.5524822392E-1	5.4672449231E+1	5.9077662288E-3
9.6116111701E-1	5.4484451463E+1	5.9180034877E-3
9.6708419793E-1	5.4288710694E+1	5.9281418487E-3
9.7301736769E-1	5.4085339570E+1	5.9381811425E-3
9.7896052713E-1	5.3874593301E+1	5.9481212013E-3
9.8491357695E-1	5.3656855273E+1	5.9579618591E-3
9.9087641766E-1	5.3432621407E+1	5.9677029512E-3
9.9684894961E-1	5.3202483585E+1	5.9773443150E-3
1.0028310730E+0	5.2967112526E+1	5.9868857894E-3
1.0088226878E+0	5.2727240427E+1	5.9963272149E-3
1.0148236940E+0	5.2483643714E+1	6.0056684336E-3
1.0208339913E+0	5.2237126176E+1	6.0149092896E-3
1.0268534791E+0	5.1988502786E+1	6.0240496283E-3
1.0328820570E+0	5.1738584414E+1	6.0330892971E-3
1.0389196241E+0	5.1488163681E+1	6.0420281448E-3
1.0449660796E+0	5.1238002099E+1	6.0508660221E-3
1.0510213224E+0	5.0988818660E+1	6.0596027814E-3
1.0570852514E+0	5.0741279962E+1	6.0682382765E-3
1.0631577652E+0	5.0495991960E+1	6.0767723631E-3
1.0692387623E+0	5.0253493364E+1	6.0852048988E-3
1.0753281411E+0	5.0014250696E+1	6.0935357425E-3
1.0814257998E+0	4.9778654977E+1	6.1017647550E-3
1.0875316366E+0	4.9547019996E+1	6.1098917988E-3
1.0936455494E+0	4.9319582070E+1	6.1179167381E-3
1.0997674360E+0	4.9096501209E+1	6.1258394388E-3
1.1058971941E+0	4.8877863553E+1	6.1336597685E-3
1.1120347214E+0	4.8663684963E+1	6.1413775965E-3
1.1181799151E+0	4.8453915596E+1	6.1489927938E-3
1.1243326727E+0	4.8248445344E+1	6.1565052331E-3
1.1304928913E+0	4.8047109945E+1	6.1639147890E-3
1.1366604679E+0	4.7849697631E+1	6.1712213376E-3
1.1428352996E+0	4.7655956143E+1	6.1784247568E-3
1.1490172830E+0	4.7465599961E+1	6.1855249261E-3
1.1552063150E+0	4.7278317610E+1	6.1925217271E-3
1.1614022920E+0	4.7093778895E+1	6.1994150427E-3
1.1676051105E+0	4.6911641942E+1	6.2062047577E-3
1.1738146669E+0	4.6731559941E+1	6.2128907587E-3
1.1800308574E+0	4.6553187479E+1	6.2194729339E-3
1.1862535782E+0	4.6376186379E+1	6.2259511734E-3
1.1924827251E+0	4.6200230990E+1	6.2323253688E-3
1.1987181942E+0	4.6025012856E+1	6.2385954138E-3
1.2049598812E+0	4.5850244736E+1	6.2447612034E-3
1.2112076818E+0	4.5675663943E+1	6.2508226346E-3
1.2174614916E+0	4.5501035005E+1	6.2567796062E-3
1.2237212062E+0	4.5326151634E+1	6.2626320186E-3
1.2299867208E+0	4.5150838037E+1	6.2683797740E-3
1.2362579308E+0	4.4974949577E+1	6.2740227763E-3
1.2425347314E+0	4.4798372836E+1	6.2795609313E-3
1.2488170177E+0	4.4621025119E+1	6.2849941464E-3
1.2551046847E+0	4.4442853448E+1	6.2903223308E-3
1.2613976273E+0	4.4263833102E+1	6.2955453954E-3
1.2676957404E+0	4.4083965779E+1	6.3006632530E-3
1.2739989187E+0	4.3903277416E+1	6.3056758180E-3
1.2803070569E+0	4.3721815754E+1	6.3105830068E-3
1.2866200496E+0	4.3539647712E+1	6.3153847371E-3
1.2929377912E+0	4.3356856611E+1	6.3200809290E-3
1.2992601762E+0	4.3173539334E+1	6.3246715037E-3
1.3055870990E+0	4.2989803463E+1	6.3291563847E-3
1.3119184537E+0	4.2805764458E+1	6.3335354970E-3
1.3182541347E+0	4.2621542906E+1	6.3378087674E-3
1.3245940360E+0	4.2437261913E+1	6.3419761245E-3
1.3309380516E+0	4.2253044642E+1	6.3460374987E-3
1.3372860756E+0	4.2069012059E+1	6.3499928220E-3
1.3436380019E+0	4.1885280892E+1	6.3538420284E-3
1.3499937243E+0	4.1701961825E+1	6.3575850535E-3
1.3563531366E+0	4.1519157953E+1	6.3612218349E-3
1.3627161325E+0	4.1336963487E+1	6.3647523117E-3
1.3690826057E+0	4.1155462729E+1	6.3681764249E-3
1.3754524499E+0	4.0974729298E+1	6.3714941173E-3
1.3818255585E+0	4.0794825612E+1	6.3747053335E-3
1.3882018250E+0	4.0615802613E+1	6.3778100198E-3
1.3945811430E+0	4.0437699712E+1	6.3808081243E-3
1.4009634057E+0	4.0260544948E+1	6.3836995970E-3
1.4073485066E+0	4.0084355330E+1	6.3864843894E-3
1.4137363389E+0	3.9909137356E+1	6.3891624551E-3
1.4201267959E+0	3.9734887663E+1	6.3917337493E-3
1.4265197708E+0	3.9561593811E+1	6.3941982290E-3
1.4329151568E+0	3.9389235151E+1	6.3965558531E-3
1.4393128469E+0	3.9217783780E+1	6.3988065821E-3
1.4457127343E+0	3.9047205535E+1	6.4009503785E-3
1.4521147120E+0	3.8877461021E+1	6.4029872063E-3
1.4585186731E+0	3.8708506648E+1	6.4049170317E-3
1.4649245104E+0	3.8540295654E+1	6.4067398222E-3
1.4713321170E+0	3.8372779101E+1	6.4084555476E-3
1.4777413858E+0	3.8205906830E+1	6.4100641790E-3
1.4841522097E+0	3.8039628357E+1	6.4115656896E-3
1.4905644815E+0	3.7873893700E+1	6.4129600544E-3
1.4969780940E+0	3.7708654133E+1	6.4142472499E-3
1.5033929402E+0	3.7543862860E+1	6.4154272548E-3
1.5098089128E+0	3.7379475588E+1	6.4165000493E-3
1.5162259046E+0	3.7215451026E+1	6.4174656154E-3
1.5226438083E+0	3.7051751283E+1	6.4183239370E-3
1.5290625167E+0	3.6888342174E+1	6.4190749998E-3
1.5354819225E+0	3.6725193444E+1	6.4197187912E-3
1.5419019185E+0	3.6562278904E+1	6.4202553005E-3
1.5483223974E+0	3.6399576485E+1	6.4206845187E-3
1.5547432518E+0	3.6237068224E+1	6.4210064386E-3
1.5611643745E+0	3.6074740177E+1	6.4212210549E-3
1.5675856581E+0	3.5912582273E+1	6.4213283639E-3
1.5740069954E+0	3.5750588121E+1	6.4213283639E-3
1.5804282791E+0	3.5588754764E+1	6.4212210549E-3
1.5868494018E+0	3.5427082404E+1	6.4210064386E-3
1.5932702562E+0	3.5265574094E+1	6.4206845187E-3
1.5996907351E+0	3.5104235408E+1	6.4202553005E-3
1.6061107310E+0	3.4943074107E+1	6.4197187912E-3
1.6125301369E+0	3.4782099782E+1	6.4190749998E-3
1.6189488453E+0	3.4621323516E+1	6.4183239370E-3
1.6253667490E+0	3.4460757536E+1	6.4174656154E-3
1.6317837408E+0	3.4300414884E+1	6.4165000493E-3
1.6381997134E+0	3.4140309104E+1	6.4154272548E-3
1.6446145595E+0	3.3980453947E+1	6.4142472499E-3
1.6510281721E+0	3.3820863095E+1	6.4129600544E-3
1.6574404439E+0	3.3661549919E+1	6.4115656896E-3
1.6638512678E+0	3.3502527260E+1	6.4100641790E-3
1.6702605366E+0	3.3343807231E+1	6.4084555476E-3
1.6766681432E+0	3.3185401064E+1	6.4067398222E-3
1.6830739805E+0	3.3027318975E+1	6.4049170317E-3
1.6894779416E+0	3.2869570058E+1	6.4029872063E-3
1.6958799193E+0	3.2712162212E+1	6.4009503785E-3
1.7022798067E+0	3.2555102092E+1	6.3988065821E-3
1.7086774968E+0	3.2398395086E+1	6.3965558531E-3
1.7150728827E+0	3.2242045313E+1	6.3941982290E-3
1.7214658576E+0	3.2086055647E+1	6.3917337493E-3
1.7278563146E+0	3.1930427754E+1	6.3891624551E-3
1.7342441470E+0	3.1775162151E+1	6.3864843894E-3
1.7406292478E+0	3.1620258276E+1	6.3836995970E-3
1.7470115106E+0	3.1465714568E+1	6.3808081243E-3
1.7533908286E+0	3.1311528562E+1	6.3778100198E-3
1.7597670951E+0	3.1157696986E+1	6.3747053335E-3
1.7661402037E+0	3.1004215867E+1	6.3714941173E-3
1.7725100479E+0	3.0851080633E+1	6.3681764249E-3
1.7788765211E+0	3.0698286222E+1	6.3647523117E-3
1.7852395170E+0	3.0545827190E+1	6.3612218349E-3
1.7915989293E+0	3.0393697810E+1	6.3575850535E-3
1.7979546517E+0	3.0241892173E+1	6.3538420284E-3
1.8043065780E+0	3.0090404282E+1	6.3499928220E-3
1.8106546020E+0	2.9939228141E+1	6.3460374987E-3
1.8169986176E+0	2.9788357830E+1	6.3419761245E-3
1.8233385189E+0	2.9637787584E+1	6.3378087674E-3
1.8296741999E+0	2.9487511854E+1	6.3335354970E-3
1.8360055546E+0	2.9337525362E+1	6.3291563847E-3
1.8423324774E+0	2.9187823152E+1	6.3246715037E-3
1.8486548624E+0	2.9038400625E+1	6.3200809290E-3
1.8549726040E+0	2.8889253574E+1	6.3153847371E-3
1.8612855967E+0	2.8740378203E+1	6.3105830068E-3
1.8675937349E+0	2.8591771142E+1	6.3056758180E-3
1.8738969132E+0	2.8443429458E+1	6.3006632530E-3
1.8801950263E+0	2.8295350652E+1	6.2955453954E-3
1.8864879689E+0	2.8147532658E+1	6.2903223308E-3
1.8927756359E+0	2.7999973830E+1	6.2849941464E-3
1.8990579222E+0	2.7852672926E+1	6.2795609313E-3
1.9053347228E+0	2.7705629093E+1	6.2740227763E-3
1.9116059328E+0	2.7558841840E+1	6.2683797740E-3
1.9178714474E+0	2.7412311015E+1	6.2626320186E-3
1.9241311620E+0	2.7266036776E+1	6.2567796062E-3
1.9303849718E+0	2.7120019563E+1	6.2508226346E-3
1.9366327724E+0	2.6974260067E+1	6.2447612034E-3
1.9428744594E+0	2.6828759202E+1	6.2385954138E-3
1.9491099285E+0	2.6683518069E+1	6.2323253688E-3
1.9553390754E+0	2.6538537934E+1	6.2259511734E-3
1.9615617961E+0	2.6393820190E+1	6.2194729339E-3
1.9677779867E+0	2.6249366337E+1	6.2128907587E-3
1.9739875431E+0	2.6105177952E+1	6.2062047577E-3
1.9801903616E+0	2.5961256662E+1	6.1994150427E-3
1.9863863386E+0	2.5817604128E+1	6.1925217271E-3
1.9925753706E+0	2.5674222018E+1	6.1855249261E-3
1.9987573540E+0	2.5531111990E+1	6.1784247568E-3
2.0049321857E+0	2.5388275679E+1	6.1712213376E-3
2.0110997623E+0	2.5245714679E+1	6.1639147890E-3
2.0172599809E+0	2.5103430532E+1	6.1565052331E-3
2.0234127385E+0	2.4961424723E+1	6.1489927938E-3
2.0295579322E+0	2.4819698663E+1	6.1413775965E-3
2.0356954595E+0	2.4678253692E+1	6.1336597685E-3
2.0418252176E+0	2.4537091071E+1	6.1258394388E-3
2.0479471042E+0	2.4396211982E+1	6.1179167381E-3
2.0540610170E+0	2.4255617526E+1	6.1098917988E-3
2.0601668538E+0	2.4115308725E+1	6.1017647550E-3
2.0662645125E+0	2.3975286522E+1	6.0935357425E-3
2.0723538913E+0	2.3835551788E+1	6.0852048988E-3
2.0784348884E+0	2.3696105326E+1	6.0767723631E-3
2.0845074022E+0	2.3556947872E+1	6.0682382765E-3
2.0905713312E+0	2.3418080105E+1	6.0596027814E-3
2.0966265740E+0	2.3279502653E+1	6.0508660221E-3
2.1026730295E+0	2.3141216097E+1	6.0420281448E-3
2.1087105966E+0	2.3003220981E+1	6.0330892971E-3
2.1147391745E+0	2.2865517816E+1	6.0240496283E-3
2.1207586623E+0	2.2728107092E+1	6.0149092896E-3
2.1267689596E+0	2.2590989277E+1	6.0056684336E-3
2.1327699657E+0	2.2454164833E+1	5.9963272149E-3
2.1387615806E+0	2.2317634215E+1	5.9868857894E-3
2.1447437040E+0	2.2181397881E+1	5.9773443150E-3
2.1507162359E+0	2.2045456296E+1	5.9677029512E-3
2.1566790766E+0	2.1909809939E+1	5.9579618591E-3
2.1626321265E+0	2.1774459307E+1	5.9481212013E-3
2.1685752859E+0	2.1639404918E+1	5.9381811425E-3
2.1745084557E+0	2.1504647318E+1	5.9281418487E-3
2.1804315366E+0	2.1370187081E+1	5.9180034877E-3
2.1863444297E+0	2.1236024814E+1	5.9077662288E-3
2.1922470361E+0	2.1102161160E+1	5.8974302433E-3
2.1981392573E+0	2.0968596797E+1	5.8869957037E-3
2.2040209947E+0	2.0835332442E+1	5.8764627846E-3
2.2098921501E+0	2.0702368850E+1	5.8658316618E-3
2.2157526254E+0	2.0569706817E+1	5.8551025132E-3
2.2216023226E+0	2.0437347178E+1	5.8442755178E-3
2.2274411439E+0	2.0305290809E+1	5.8333508568E-3
2.2332689918E+0	2.0173538622E+1	5.8223287127E-3
2.2390857689E+0	2.0042091571E+1	5.8112092696E-3
2.2448913779E+0	1.9910950645E+1	5.7999927133E-3
2.2506857220E+0	1.9780116870E+1	5.7886792314E-3
2.2564687042E+0	1.9649591306E+1	5.7772690129E-3
2.2622402278E+0	1.9519375047E+1	5.7657622485E-3
2.2680001965E+0	1.9389469218E+1	5.7541591304E-3
2.2737485140E+0	1.9259874972E+1	5.7424598526E-3
2.2794850843E+0	1.9130593492E+1	5.7306646105E-3
2.2852098113E+0	1.9001625986E+1	5.7187736014E-3
2.2909225996E+0	1.8872973684E+1	5.7067870238E-3
2.2966233536E+0	1.8744637841E+1	5.6947050782E-3
2.3023119780E+0	1.8616619729E+1	5.6825279663E-3
2.3079883779E+0	1.8488920640E+1	5.6702558918E-3
2.3136524582E+0	1.8361541882E+1	5.6578890597E-3
2.3193041245E+0	1.8234484777E+1	5.6454276767E-3
2.3249432821E+0	1.8107750660E+1	5.6328719509E-3
2.3305698370E+0	1.7981340878E+1	5.6202220924E-3
2.3361836950E+0	1.7855256787E+1	5.6074783123E-3
2.3417847624E+0	1.7729499752E+1	5.5946408237E-3
2.3473729455E+0	1.7604071146E+1	5.5817098412E-3
2.3529481510E+0	1.7478972345E+1	5.5686855808E-3
2.3585102856E+0	1.7354204734E+1	5.5555682601E-3
2.3640592565E+0	1.7229769700E+1	5.5423580985E-3
2.3695949710E+0	1.7105668632E+1	5.5290553166E-3
2.3751173364E+0	1.6981902925E+1	5.5156601367E-3
2.3806262605E+0	1.6858473971E+1	5.5021727828E-3
2.3861216513E+0	1.6735383167E+1	5.4885934801E-3
2.3916034169E+0	1.6612631909E+1	5.4749224557E-3
2.3970714657E+0	1.6490221594E+1	5.4611599379E-3
2.4025257064E+0	1.6368153619E+1	5.4473061568E-3
2.4079660477E+0	1.6246429381E+1	5.4333613439E-3
2.4133923988E+0	1.6125050275E+1	5.4193257323E-3
2.4188046690E+0	1.6004017697E+1	5.4051995564E-3
2.4242027678E+0	1.5883333043E+1	5.3909830523E-3
2.4295866050E+0	1.5762997707E+1	5.3766764577E-3
2.4349560907E+0	1.5643013083E+1	5.3622800116E-3
2.4403111352E+0	1.5523380564E+1	5.3477939546E-3
2.4456516489E+0	1.5404101543E+1	5.3332185287E-3
2.4509775425E+0	1.5285177413E+1	5.3185539776E-3
2.4562887272E+0	1.5166609567E+1	5.3038005463E-3
2.4615851141E+0	1.5048399396E+1	5.2889584814E-3
2.4668666147E+0	1.4930548293E+1	5.2740280309E-3
2.4721331408E+0	1.4813057650E+1	5.2590094442E-3
2.4773846043E+0	1.4695928860E+1	5.2439029725E-3
2.4826209175E+0	1.4579163317E+1	5.2287088681E-3
2.4878419929E+0	1.4462762414E+1	5.2134273849E-3
2.4930477432E+0	1.4346727547E+1	5.1980587783E-3
2.4982380815E+0	1.4231060110E+1	5.1826033052E-3
2.5034129210E+0	1.4115761501E+1	5.1670612238E-3
2.5085721752E+0	1.4000833117E+1	5.1514327939E-3
2.5137157579E+0	1.3886276357E+1	5.1357182766E-3
2.5188435831E+0	1.3772092621E+1	5.1199179345E-3
2.5239555652E+0	1.3658283310E+1	5.1040320318E-3
2.5290516187E+0	1.3544849829E+1	5.0880608338E-3
2.5341316585E+0	1.3431793580E+1	5.0720046074E-3
2.5391955997E+0	1.3319115971E+1	5.0558636210E-3
2.5442433576E+0	1.3206818408E+1	5.0396381444E-3
2.5492748479E+0	1.3094902300E+1	5.0233284486E-3
2.5542899865E+0	1.2983369057E+1	5.0069348063E-3
2.5592886896E+0	1.2872220091E+1	4.9904574913E-3
2.5642708737E+0	1.2761456815E+1	4.9738967791E-3
2.5692364555E+0	1.2651080643E+1	4.9572529464E-3
2.5741853520E+0	1.2541092992E+1	4.9405262713E-3
2.5791174805E+0	1.2431495276E+1	4.9237170334E-3
2.5840327586E+0	1.2322288916E+1	4.9068255135E-3
2.5889311042E+0	1.2213475328E+1	4.8898519940E-3
2.5938124354E+0	1.2105055933E+1	4.8727967585E-3
2.5986766706E+0	1.1997032152E+1	4.8556600920E-3
2.6035237285E+0	1.1889405404E+1	4.8384422809E-3
2.6083535282E+0	1.1782177112E+1	4.8211436130E-3
2.6131659889E+0	1.1675348698E+1	4.8037643772E-3
2.6179610302E+0	1.1568921584E+1	4.7863048641E-3
2.6227385719E+0	1.1462897191E+1	4.7687653653E-3
2.6274985343E+0	1.1357276942E+1	4.7511461741E-3
2.6322408378E+0	1.1252062259E+1	4.7334475849E-3
2.6369654032E+0	1.1147254563E+1	4.7156698934E-3
2.6416721513E+0	1.1042855275E+1	4.6978133967E-3
2.6463610038E+0	1.0938865816E+1	4.6798783932E-3
2.6510318821E+0	1.0835287604E+1	4.6618651826E-3
2.6556847082E+0	1.0732122058E+1	4.6437740661E-3
2.6603194043E+0	1.0629370596E+1	4.6256053458E-3
2.6649358931E+0	1.0527034634E+1	4.6073593254E-3
2.6695340973E+0	1.0425115586E+1	4.5890363098E-3
2.6741139402E+0	1.0323614864E+1	4.5706366053E-3
2.6786753451E+0	1.0222533881E+1	4.5521605193E-3
2.6832182358E+0	1.0121874046E+1	4.5336083606E-3
2.6877425365E+0	1.0021636766E+1	4.5149804392E-3
2.6922481716E+0	9.9218234465E+0	4.4962770664E-3
2.6967350656E+0	9.8224354902E+0	4.4774985548E-3
2.7012031437E+0	9.7234742979E+0	4.4586452181E-3
2.7056523312E+0	9.6249412675E+0	4.4397173715E-3
2.7100825537E+0	9.5268377946E+0	4.4207153312E-3
2.7144937373E+0	9.4291652718E+0	4.4016394148E-3
2.7188858081E+0	9.3319250889E+0	4.3824899412E-3
2.7232586927E+0	9.2351186328E+0	4.3632672302E-3
2.7276123182E+0	9.1387472871E+0	4.3439716031E-3
2.7319466117E+0	9.0428124324E+0	4.3246033825E-3
2.7362615009E+0	8.9473154460E+0	4.3051628919E-3
2.7405569135E+0	8.8522577017E+0	4.2856504563E-3
2.7448327779E+0	8.7576405699E+0	4.2660664016E-3
2.7490890226E+0	8.6634654175E+0	4.2464110553E-3
2.7533255764E+0	8.5697336075E+0	4.2266847457E-3
2.7575423685E+0	8.4764464993E+0	4.2068878026E-3
2.7617393285E+0	8.3836054486E+0	4.1870205567E-3
2.7659163863E+0	8.2912118069E+0	4.1670833400E-3
2.7700734720E+0	8.1992669219E+0	4.1470764858E-3
2.7742105162E+0	8.1077721371E+0	4.1270003283E-3
2.7783274497E+0	8.0167287920E+0	4.1068552032E-3
2.7824242037E+0	7.9261382217E+0	4.0866414469E-3
2.7865007098E+0	7.8360017571E+0	4.0663593974E-3
2.7905568999E+0	7.7463207248E+0	4.0460093936E-3
2.7945927061E+0	7.6570964466E+0	4.0255917754E-3
2.7986080610E+0	7.5683302403E+0	4.0051068843E-3
2.8026028975E+0	7.4800234187E+0	3.9845550624E-3
2.8065771489E+0	7.3921772902E+0	3.9639366533E-3
2.8105307487E+0	7.3047931584E+0	3.9432520014E-3
2.8144636309E+0	7.2178723221E+0	3.9225014525E-3
2.8183757298E+0	7.1314160752E+0	3.9016853533E-3
2.8222669799E+0	7.0454257069E+0	3.8808040517E-3
2.8261373163E+0	6.9599025013E+0	3.8598578967E-3
2.8299866742E+0	6.8748477375E+0	3.8388472382E-3
2.8338149894E+0	6.7902626895E+0	3.8177724274E-3
2.8376221978E+0	6.7061486262E+0	3.7966338166E-3
2.8414082359E+0	6.6225068112E+0	3.7754317588E-3
2.8451730403E+0	6.5393385031E+0	3.7541666086E-3
2.8489165482E+0	6.4566449550E+0	3.7328387211E-3
2.8526386969E+0	6.3744274145E+0	3.7114484529E-3
2.8563394244E+0	6.2926871241E+0	3.6899961614E-3
2.8600186687E+0	6.2114253206E+0	3.6684822051E-3
2.8636763684E+0	6.1306432354E+0	3.6469069436E-3
2.8673124623E+0	6.0503420942E+0	3.6252707373E-3
2.8709268897E+0	5.9705231173E+0	3.6035739479E-3
2.8745195901E+0	5.8911875190E+0	3.5818169379E-3
2.8780905036E+0	5.8123365081E+0	3.5600000709E-3
2.8816395704E+0	5.7339712876E+0	3.5381237115E-3
2.8851667313E+0	5.6560930545E+0	3.5161882254E-3
2.8886719273E+0	5.5787030001E+0	3.4941939790E-3
2.8921550998E+0	5.5018023097E+0	3.4721413399E-3
2.8956161906E+0	5.4253921626E+0	3.4500306767E-3
2.8990551419E+0	5.3494737321E+0	3.4278623588E-3
2.9024718962E+0	5.2740481855E+0	3.4056367567E-3
2.9058663965E+0	5.1991166837E+0	3.3833542419E-3
2.9092385859E+0	5.1246803817E+0	3.3610151867E-3
2.9125884081E+0	5.0507404282E+0	3.3386199643E-3
2.9159158072E+0	4.9772979655E+0	3.3161689492E-3
2.9192207275E+0	4.9043541298E+0	3.2936625164E-3
2.9225031139E+0	4.8319100507E+0	3.2711010421E-3
2.9257629114E+0	4.7599668517E+0	3.2484849032E-3
2.9290000656E+0	4.6885256495E+0	3.2258144779E-3
2.9322145224E+0	4.6175875544E+0	3.2030901448E-3
2.9354062280E+0	4.5471536704E+0	3.1803122838E-3
2.9385751292E+0	4.4772250945E+0	3.1574812755E-3
2.9417211730E+0	4.4078029173E+0	3.1345975014E-3
2.9448443068E+0	4.3388882227E+0	3.1116613440E-3
2.9479444784E+0	4.2704820877E+0	3.0886731866E-3
2.9510216360E+0	4.2025855829E+0	3.0656334132E-3
2.9540757281E+0	4.1351997716E+0	3.0425424091E-3
2.9571067038E+0	4.0683257106E+0	3.0194005599E-3
2.9601145124E+0	4.0019644496E+0	2.9962082525E-3
2.9630991036E+0	3.9361170314E+0	2.9729658744E-3
2.9660604276E+0	3.8707844919E+0	2.9496738141E-3
2.9689984348E+0	3.8059678597E+0	2.9263324607E-3
2.9719130762E+0	3.7416681566E+0	2.9029422044E-3
2.9748043031E+0	3.6778863972E+0	2.8795034361E-3
2.9776720671E+0	3.6146235888E+0	2.8560165473E-3
2.9805163203E+0	3.5518807316E+0	2.8324819307E-3
2.9833370151E+0	3.4896588187E+0	2.8088999795E-3
2.9861341046E+0	3.4279588356E+0	2.7852710878E-3
2.9889075418E+0	3.3667817607E+0	2.7615956505E-3
2.9916572805E+0	3.3061285649E+0	2.7378740632E-3
2.9943832747E+0	3.2460002118E+0	2.7141067224E-3
2.9970854788E+0	3.1863976576E+0	2.6902940251E-3
2.9997638477E+0	3.1273218507E+0	2.6664363695E-3
3.0024183367E+0	3.0687737324E+0	2.6425341541E-3
3.0050489013E+0	3.0107542361E+0	2.6185877784E-3
3.0076554977E+0	2.9532642878E+0	2.5945976426E-3
3.0102380822E+0	2.8963048058E+0	2.5705641475E-3
3.0127966116E+0	2.8398767006E+0	2.5464876949E-3
3.0153310434E+0	2.7839808752E+0	2.5223686871E-3
3.0178413350E+0	2.7286182248E+0	2.4982075270E-3
3.0203274445E+0	2.6737896366E+0	2.4740046186E-3
3.0227893304E+0	2.6194959903E+0	2.4497603662E-3
3.0252269516E+0	2.5657381574E+0	2.4254751751E-3
3.0276402673E+0	2.5125170018E+0	2.4011494510E-3
3.0300292371E+0	2.4598333794E+0	2.3767836004E-3
3.0323938212E+0	2.4076881380E+0	2.3523780306E-3
3.0347339801E+0	2.3560821175E+0	2.3279331494E-3
3.0370496746E+0	2.3050161498E+0	2.3034493653E-3
3.0393408660E+0	2.2544910587E+0	2.2789270875E-3
3.0416075160E+0	2.2045076599E+0	2.2543667257E-3
3.0438495869E+0	2.1550667609E+0	2.2297686905E-3
3.0460670410E+0	2.1061691612E+0	2.2051333928E-3
3.0482598414E+0	2.0578156519E+0	2.1804612443E-3
3.0504279513E+0	2.0100070160E+0	2.1557526574E-3
3.0525713347E+0	1.9627440282E+0	2.1310080450E-3
3.0546899556E+0	1.9160274550E+0	2.1062278206E-3
3.0567837786E+0	1.8698580544E+0	2.0814123983E-3
3.0588527688E+0	1.8242365762E+0	2.0565621928E-3
3.0608968915E+0	1.7791637617E+0	2.0316776194E-3
3.0629161127E+0	1.7346403439E+0	2.0067590939E-3
3.0649103985E+0	1.6906670472E+0	1.9818070327E-3
3.0668797157E+0	1.6472445878E+0	1.9568218529E-3
3.0688240313E+0	1.6043736730E+0	1.9318039720E-3
3.0707433129E+0	1.5620550018E+0	1.9067538080E-3
3.0726375283E+0	1.5202892648E+0	1.8816717796E-3
3.0745066460E+0	1.4790771437E+0	1.8565583060E-3
3.0763506346E+0	1.4384193117E+0	1.8314138067E-3
3.0781694634E+0	1.3983164334E+0	1.8062387021E-3
3.0799631019E+0	1.3587691648E+0	1.7810334128E-3
3.0817315203E+0	1.3197781529E+0	1.7557983600E-3
3.0834746889E+0	1.2813440363E+0	1.7305339655E-3
3.0851925786E+0	1.2434674446E+0	1.7052406515E-3
3.0868851607E+0	1.2061489989E+0	1.6799188405E-3
3.0885524069E+0	1.1693893113E+0	1.6545689559E-3
3.0901942894E+0	1.1331889850E+0	1.6291914212E-3
3.0918107807E+0	1.0975486146E+0	1.6037866605E-3
3.0934018538E+0	1.0624687855E+0	1.5783550984E-3
3.0949674821E+0	1.0279500746E+0	1.5528971598E-3
3.0965076394E+0	9.9399304944E-1	1.5274132703E-3
3.0980223001E+0	9.6059826893E-1	1.5019038556E-3
3.0995114388E+0	9.2776628288E-1	1.4763693421E-3
3.1009750306E+0	8.9549763211E-1	1.4508101565E-3
3.1024130510E+0	8.6379284843E-1	1.4252267258E-3
3.1038254761E+0	8.3265245463E-1	1.3996194778E-3
3.1052122822E+0	8.0207696440E-1	1.3739888402E-3
3.1065734461E+0	7.7206688238E-1	1.3483352414E-3
3.1079089451E+0	7.4262270409E-1	1.3226591101E-3
3.1092187570E+0	7.1374491592E-1	1.2969608754E-3
3.1105028597E+0	6.8543399513E-1	1.2712409668E-3
3.1117612318E+0	6.5769040981E-1	1.2454998140E-3
3.1129938524E+0	6.3051461885E-1	1.2197378472E-3
3.1142007007E+0	6.0390707194E-1	1.1939554970E-3
3.1153817567E+0	5.7786820957E-1	1.1681531941E-3
3.1165370006E+0	5.5239846296E-1	1.1423313699E-3
3.1176664131E+0	5.2749825409E-1	1.1164904558E-3
3.1187699753E+0	5.0316799564E-1	1.0906308836E-3
3.1198476688E+0	4.7940809101E-1	1.0647530855E-3
3.1208994755E+0	4.5621893429E-1	1.0388574939E-3
3.1219253780E+0	4.3360091024E-1	1.0129445417E-3
3.1229253590E+0	4.1155439426E-1	9.8701466182E-4
3.1238994018E+0	3.9007975240E-1	9.6106828758E-4
3.1248474902E+0	3.6917734134E-1	9.3510585261E-4
3.1257696083E+0	3.4884750836E-1	9.0912779076E-4
3.1266657407E+0	3.2909059132E-1	8.8313453619E-4
3.1275358724E+0	3.0990691869E-1	8.5712652325E-4
3.1283799890E+0	2.9129680948E-1	8.3110418659E-4
3.1291980762E+0	2.7326057325E-1	8.0506796108E-4
3.1299901204E+0	2.5579851012E-1	7.7901828182E-4
3.1307561084E+0	2.3891091071E-1	7.5295558414E-4
3.1314960274E+0	2.2259805617E-1	7.2688030358E-4
3.1322098650E+0	2.0686021814E-1	7.0079287589E-4
3.1328976092E+0	1.9169765876E-1	6.7469373705E-4
3.1335592487E+0	1.7711063063E-1	6.4858332323E-4
3.1341947723E+0	1.6309937684E-1	6.2246207073E-4
3.1348041694E+0	1.4966413091E-1	5.9633041614E-4
3.1353874298E+0	1.3680511684E-1	5.7018879612E-4
3.1359445438E+0	1.2452254903E-1	5.4403764760E-4
3.1364755020E+0	1.1281663232E-1	5.1787740760E-4
3.1369802957E+0	1.0168756199E-1	4.9170851331E-4
3.1374589163E+0	9.1135523692E-2	4.6553140213E-4
3.1379113559E+0	8.1160693509E-2	4.3934651156E-4
3.1383376069E+0	7.1763237903E-2	4.1315427928E-4
3.1387376622E+0	6.2943313723E-2	3.8695514312E-4
3.1391115150E+0	5.4701068197E-2	3.6074954110E-4
3.1394591592E+0	4.7036638920E-2	3.3453791144E-4
3.1397805890E+0	3.9950153850E-2	3.0832069259E-4
3.1400757989E+0	3.3441731294E-2	2.8209832342E-4
3.1403447841E+0	2.7511479894E-2	2.5587124334E-4
3.1405875400E+0	2.2159498614E-2	2.2963989267E-4
3.1408040626E+0	1.7385876700E-2	2.0340471372E-4
3.1409943483E+0	1.3190693622E-2	1.7716615272E-4
3.1411583939E+0	9.5740189274E-3	1.5092466531E-4
3.1412961968E+0	6.5359118949E-3	1.2468073282E-4
3.1414077547E+0	4.0764204696E-3	9.8434919423E-5
3.1414930663E+0	2.1955772887E-3	7.2188137769E-5
3.1415521316E+0	8.9337835372E-4	4.5943520243E-5
3.1415849628E+0	1.6955619017E-4	1.9736940383E-5