# Differential cross section		
# Author: P. Swaczyna	Princeton University	(swaczyna@princeton.edu)
# Date: 	Fri 4 Dec 2020 01:15:50	
# 		
# Elastic collision: H^0 + He^0 -> H^0 + He^0		
# 		
# Red. mass: 	7.5005505498E+8	 eV/c^2
# CM energy: 	5.3703179637E-4	 eV
# Rel speed: 	3.5874770346E+4	 cm/s
# Tot sigma: 	2.1165920503E+2	 a.u.
# Int sigma: 	2.1165920503E+2	 a.u.
# 		
# Columns:		
# the <- scattering angle (rad)		
# dcs <- dsigma/dOmega*2*pi*sin(the) (a.u. = 2.8002852056E-17 cm^2)		
# wei <- weight for cross section integration (approx. width of angle bin)		
# 		
# the	dcs	wei
7.6907532846E-6	1.6960811152E-3	1.9736940383E-5
4.0521979771E-5	8.9365192244E-3	4.5943520243E-5
9.9587300392E-5	2.1962496037E-2	7.2188137769E-5
1.8489884726E-4	4.0776686651E-2	9.8434919423E-5
2.9645680168E-4	6.5379129756E-2	1.2468073282E-4
4.3425968311E-4	9.5769496039E-2	1.5092466531E-4
5.9830531657E-4	1.3194730062E-1	1.7716615272E-4
7.8859101285E-4	1.7391194171E-1	2.0340471372E-4
1.0051136166E-3	2.2166270988E-1	2.2963989267E-4
1.2478695220E-3	2.7519879006E-1	2.5587124334E-4
1.5168546797E-3	3.3451926117E-1	2.8209832342E-4
1.8120645986E-3	3.9962309481E-1	3.0832069259E-4
2.1334943481E-3	4.7050915344E-1	3.3453791144E-4
2.4811385584E-3	5.4717618812E-1	3.6074954110E-4
2.8549914211E-3	6.2962283610E-1	3.8695514312E-4
3.2550466893E-3	7.1784761811E-1	4.1315427928E-4
3.6812976783E-3	8.1184893542E-1	4.3934651156E-4
4.1337372652E-3	9.1162506671E-1	4.6553140213E-4
4.6123578895E-3	1.0171741647E+0	4.9170851331E-4
5.1171515529E-3	1.1284942528E+0	5.1787740760E-4
5.6481098199E-3	1.2455832208E+0	5.4403764760E-4
6.2052238176E-3	1.3684388216E+0	5.7018879612E-4
6.7884842360E-3	1.4970586666E+0	5.9633041614E-4
7.3978813281E-3	1.6314402217E+0	6.2246207073E-4
8.0334049101E-3	1.7715808021E+0	6.4858332323E-4
8.6950443616E-3	1.9174775685E+0	6.7469373705E-4
9.3827886258E-3	2.0691275212E+0	7.0079287589E-4
1.0096626210E-2	2.2265274956E+0	7.2688030358E-4
1.0836545184E-2	2.3896741567E+0	7.5295558414E-4
1.1602533184E-2	2.5585639934E+0	7.7901828182E-4
1.2394577408E-2	2.7331933132E+0	8.0506796108E-4
1.3212664621E-2	2.9135582358E+0	8.3110418659E-4
1.4056781152E-2	3.0996546874E+0	8.5712652325E-4
1.4926912893E-2	3.2914783942E+0	8.8313453619E-4
1.5823045305E-2	3.4890248761E+0	9.0912779076E-4
1.6745163410E-2	3.6922894402E+0	9.3510585261E-4
1.7693251801E-2	3.9012671736E+0	9.6106828758E-4
1.8667294632E-2	4.1159529366E+0	9.8701466182E-4
1.9667275626E-2	4.3363413559E+0	1.0129445417E-3
2.0693178073E-2	4.5624268167E+0	1.0388574939E-3
2.1744984827E-2	4.7942034555E+0	1.0647530855E-3
2.2822678313E-2	5.0316651523E+0	1.0906308836E-3
2.3926240519E-2	5.2748055232E+0	1.1164904558E-3
2.5055653005E-2	5.5236179117E+0	1.1423313699E-3
2.6210896896E-2	5.7780953810E+0	1.1681531941E-3
2.7391952886E-2	6.0382307058E+0	1.1939554970E-3
2.8598801239E-2	6.3040163634E+0	1.2197378472E-3
2.9831421786E-2	6.5754445253E+0	1.2454998140E-3
3.1089793929E-2	6.8525070486E+0	1.2712409668E-3
3.2373896638E-2	7.1351954668E+0	1.2969608754E-3
3.3683708455E-2	7.4235009810E+0	1.3226591101E-3
3.5019207490E-2	7.7174144504E+0	1.3483352414E-3
3.6380371427E-2	8.0169263831E+0	1.3739888402E-3
3.7767177517E-2	8.3220269269E+0	1.3996194778E-3
3.9179602586E-2	8.6327058591E+0	1.4252267258E-3
4.0617623030E-2	8.9489525775E+0	1.4508101565E-3
4.2081214817E-2	9.2707560898E+0	1.4763693421E-3
4.3570353490E-2	9.5981050044E+0	1.5019038556E-3
4.5085014162E-2	9.9309875195E+0	1.5274132703E-3
4.6625171522E-2	1.0269391413E+1	1.5528971598E-3
4.8190799831E-2	1.0613304035E+1	1.5783550984E-3
4.9781872927E-2	1.0962712290E+1	1.6037866605E-3
5.1398364219E-2	1.1317602636E+1	1.6291914212E-3
5.3040246694E-2	1.1677961068E+1	1.6545689559E-3
5.4707492914E-2	1.2043773106E+1	1.6799188405E-3
5.6400075017E-2	1.2415023789E+1	1.7052406515E-3
5.8117964718E-2	1.2791697662E+1	1.7305339655E-3
5.9861133308E-2	1.3173778764E+1	1.7557983600E-3
6.1629551657E-2	1.3561250619E+1	1.7810334128E-3
6.3423190212E-2	1.3954096222E+1	1.8062387021E-3
6.5242019000E-2	1.4352298030E+1	1.8314138067E-3
6.7086007624E-2	1.4755837953E+1	1.8565583060E-3
6.8955125270E-2	1.5164697336E+1	1.8816717796E-3
7.0849340702E-2	1.5578856957E+1	1.9067538080E-3
7.2768622264E-2	1.5998297005E+1	1.9318039720E-3
7.4712937885E-2	1.6422997079E+1	1.9568218529E-3
7.6682255070E-2	1.6852936169E+1	1.9818070327E-3
7.8676540910E-2	1.7288092649E+1	2.0067590939E-3
8.0695762079E-2	1.7728444263E+1	2.0316776194E-3
8.2739884832E-2	1.8173968114E+1	2.0565621928E-3
8.4808875009E-2	1.8624640654E+1	2.0814123983E-3
8.6902698034E-2	1.9080437672E+1	2.1062278206E-3
8.9021318917E-2	1.9541334281E+1	2.1310080450E-3
9.1164702253E-2	2.0007304909E+1	2.1557526574E-3
9.3332812224E-2	2.0478323285E+1	2.1804612443E-3
9.5525612596E-2	2.0954362429E+1	2.2051333928E-3
9.7743066726E-2	2.1435394642E+1	2.2297686905E-3
9.9985137556E-2	2.1921391492E+1	2.2543667257E-3
1.0225178762E-1	2.2412323805E+1	2.2789270875E-3
1.0454297904E-1	2.2908161652E+1	2.3034493653E-3
1.0685867352E-1	2.3408874338E+1	2.3279331494E-3
1.0919883237E-1	2.3914430394E+1	2.3523780306E-3
1.1156341648E-1	2.4424797561E+1	2.3767836004E-3
1.1395238633E-1	2.4939942784E+1	2.4011494510E-3
1.1636570200E-1	2.5459832198E+1	2.4254751751E-3
1.1880332317E-1	2.5984431117E+1	2.4497603662E-3
1.2126520909E-1	2.6513704027E+1	2.4740046186E-3
1.2375131862E-1	2.7047614572E+1	2.4982075270E-3
1.2626161023E-1	2.7586125543E+1	2.5223686871E-3
1.2879604195E-1	2.8129198874E+1	2.5464876949E-3
1.3135457143E-1	2.8676795623E+1	2.5705641475E-3
1.3393715592E-1	2.9228875970E+1	2.5945976426E-3
1.3654375226E-1	2.9785399201E+1	2.6185877784E-3
1.3917431689E-1	3.0346323704E+1	2.6425341541E-3
1.4182880585E-1	3.0911606955E+1	2.6664363695E-3
1.4450717478E-1	3.1481205511E+1	2.6902940251E-3
1.4720937892E-1	3.2055075000E+1	2.7141067224E-3
1.4993537310E-1	3.2633170115E+1	2.7378740632E-3
1.5268511179E-1	3.3215444600E+1	2.7615956505E-3
1.5545854902E-1	3.3801851247E+1	2.7852710878E-3
1.5825563845E-1	3.4392341885E+1	2.8088999795E-3
1.6107633333E-1	3.4986867371E+1	2.8324819307E-3
1.6392058653E-1	3.5585377586E+1	2.8560165473E-3
1.6678835052E-1	3.6187821426E+1	2.8795034361E-3
1.6967957737E-1	3.6794146790E+1	2.9029422044E-3
1.7259421876E-1	3.7404300583E+1	2.9263324607E-3
1.7553222599E-1	3.8018228700E+1	2.9496738141E-3
1.7849354996E-1	3.8635876025E+1	2.9729658744E-3
1.8147814117E-1	3.9257186422E+1	2.9962082525E-3
1.8448594977E-1	3.9882102734E+1	3.0194005599E-3
1.8751692548E-1	4.0510566771E+1	3.0425424091E-3
1.9057101764E-1	4.1142519310E+1	3.0656334132E-3
1.9364817522E-1	4.1777900088E+1	3.0886731866E-3
1.9674834681E-1	4.2416647799E+1	3.1116613440E-3
1.9987148058E-1	4.3058700089E+1	3.1345975014E-3
2.0301752435E-1	4.3703993553E+1	3.1574812755E-3
2.0618642554E-1	4.4352463730E+1	3.1803122838E-3
2.0937813120E-1	4.5004045104E+1	3.2030901448E-3
2.1259258799E-1	4.5658671097E+1	3.2258144779E-3
2.1582974219E-1	4.6316274070E+1	3.2484849032E-3
2.1908953970E-1	4.6976785320E+1	3.2711010421E-3
2.2237192605E-1	4.7640135080E+1	3.2936625164E-3
2.2567684639E-1	4.8306252515E+1	3.3161689492E-3
2.2900424548E-1	4.8975065727E+1	3.3386199643E-3
2.3235406772E-1	4.9646501750E+1	3.3610151867E-3
2.3572625713E-1	5.0320486554E+1	3.3833542419E-3
2.3912075735E-1	5.0996945043E+1	3.4056367567E-3
2.4253751167E-1	5.1675801059E+1	3.4278623588E-3
2.4597646298E-1	5.2356977384E+1	3.4500306767E-3
2.4943755380E-1	5.3040395740E+1	3.4721413399E-3
2.5292072631E-1	5.3725976794E+1	3.4941939790E-3
2.5642592230E-1	5.4413640162E+1	3.5161882254E-3
2.5995308318E-1	5.5103304409E+1	3.5381237115E-3
2.6350215001E-1	5.5794887059E+1	3.5600000709E-3
2.6707306349E-1	5.6488304597E+1	3.5818169379E-3
2.7066576394E-1	5.7183472475E+1	3.6035739479E-3
2.7428019131E-1	5.7880305117E+1	3.6252707373E-3
2.7791628522E-1	5.8578715928E+1	3.6469069436E-3
2.8157398488E-1	5.9278617298E+1	3.6684822051E-3
2.8525322919E-1	5.9979920613E+1	3.6899961614E-3
2.8895395665E-1	6.0682536264E+1	3.7114484529E-3
2.9267610542E-1	6.1386373649E+1	3.7328387211E-3
2.9641961330E-1	6.2091341192E+1	3.7541666086E-3
3.0018441773E-1	6.2797346345E+1	3.7754317588E-3
3.0397045579E-1	6.3504295605E+1	3.7966338166E-3
3.0777766421E-1	6.4212094520E+1	3.8177724274E-3
3.1160597938E-1	6.4920647704E+1	3.8388472382E-3
3.1545533730E-1	6.5629858848E+1	3.8598578967E-3
3.1932567367E-1	6.6339630735E+1	3.8808040517E-3
3.2321692379E-1	6.7049865251E+1	3.9016853533E-3
3.2712902264E-1	6.7760463401E+1	3.9225014525E-3
3.3106190484E-1	6.8471325323E+1	3.9432520014E-3
3.3501550468E-1	6.9182350305E+1	3.9639366533E-3
3.3898975607E-1	6.9893436799E+1	3.9845550624E-3
3.4298459261E-1	7.0604482439E+1	4.0051068843E-3
3.4699994753E-1	7.1315384058E+1	4.0255917754E-3
3.5103575373E-1	7.2026037707E+1	4.0460093936E-3
3.5509194378E-1	7.2736338671E+1	4.0663593974E-3
3.5916844988E-1	7.3446181493E+1	4.0866414469E-3
3.6326520391E-1	7.4155459989E+1	4.1068552032E-3
3.6738213741E-1	7.4864067269E+1	4.1270003283E-3
3.7151918157E-1	7.5571895761E+1	4.1470764858E-3
3.7567626728E-1	7.6278837232E+1	4.1670833400E-3
3.7985332504E-1	7.6984782809E+1	4.1870205567E-3
3.8405028507E-1	7.7689623002E+1	4.2068878026E-3
3.8826707721E-1	7.8393247728E+1	4.2266847457E-3
3.9250363101E-1	7.9095546337E+1	4.2464110553E-3
3.9675987567E-1	7.9796407633E+1	4.2660664016E-3
4.0103574005E-1	8.0495719903E+1	4.2856504563E-3
4.0533115271E-1	8.1193370941E+1	4.3051628919E-3
4.0964604185E-1	8.1889248077E+1	4.3246033825E-3
4.1398033538E-1	8.2583238200E+1	4.3439716031E-3
4.1833396086E-1	8.3275227790E+1	4.3632672302E-3
4.2270684554E-1	8.3965102945E+1	4.3824899412E-3
4.2709891633E-1	8.4652749407E+1	4.4016394148E-3
4.3151009985E-1	8.5338052598E+1	4.4207153312E-3
4.3594032237E-1	8.6020897643E+1	4.4397173715E-3
4.4038950986E-1	8.6701169407E+1	4.4586452181E-3
4.4485758797E-1	8.7378752520E+1	4.4774985548E-3
4.4934448203E-1	8.8053531413E+1	4.4962770664E-3
4.5385011706E-1	8.8725390350E+1	4.5149804392E-3
4.5837441776E-1	8.9394213458E+1	4.5336083606E-3
4.6291730852E-1	9.0059884765E+1	4.5521605193E-3
4.6747871344E-1	9.0722288226E+1	4.5706366053E-3
4.7205855627E-1	9.1381307767E+1	4.5890363098E-3
4.7665676049E-1	9.2036827311E+1	4.6073593254E-3
4.8127324926E-1	9.2688730818E+1	4.6256053458E-3
4.8590794542E-1	9.3336902321E+1	4.6437740661E-3
4.9056077152E-1	9.3981225957E+1	4.6618651826E-3
4.9523164982E-1	9.4621586008E+1	4.6798783932E-3
4.9992050224E-1	9.5257866940E+1	4.6978133967E-3
5.0462725044E-1	9.5889953431E+1	4.7156698934E-3
5.0935181576E-1	9.6517730418E+1	4.7334475849E-3
5.1409411924E-1	9.7141083131E+1	4.7511461741E-3
5.1885408164E-1	9.7759897131E+1	4.7687653653E-3
5.2363162341E-1	9.8374058348E+1	4.7863048641E-3
5.2842666471E-1	9.8983453123E+1	4.8037643772E-3
5.3323912540E-1	9.9587968243E+1	4.8211436130E-3
5.3806892508E-1	1.0018749098E+2	4.8384422809E-3
5.4291598301E-1	1.0078190915E+2	4.8556600920E-3
5.4778021821E-1	1.0137111111E+2	4.8727967585E-3
5.5266154939E-1	1.0195498583E+2	4.8898519940E-3
5.5755989496E-1	1.0253342295E+2	4.9068255135E-3
5.6247517308E-1	1.0310631278E+2	4.9237170334E-3
5.6740730160E-1	1.0367354636E+2	4.9405262713E-3
5.7235619810E-1	1.0423501548E+2	4.9572529464E-3
5.7732177988E-1	1.0479061279E+2	4.9738967791E-3
5.8230396395E-1	1.0534023174E+2	4.9904574913E-3
5.8730266706E-1	1.0588376670E+2	5.0069348063E-3
5.9231780568E-1	1.0642111296E+2	5.0233284486E-3
5.9734929598E-1	1.0695216679E+2	5.0396381444E-3
6.0239705389E-1	1.0747682548E+2	5.0558636210E-3
6.0746099506E-1	1.0799498736E+2	5.0720046074E-3
6.1254103485E-1	1.0850655187E+2	5.0880608338E-3
6.1763708838E-1	1.0901141958E+2	5.1040320318E-3
6.2274907048E-1	1.0950949225E+2	5.1199179345E-3
6.2787689573E-1	1.1000067284E+2	5.1357182766E-3
6.3302047843E-1	1.1048486558E+2	5.1514327939E-3
6.3817973262E-1	1.1096197600E+2	5.1670612238E-3
6.4335457209E-1	1.1143191097E+2	5.1826033052E-3
6.4854491036E-1	1.1189457873E+2	5.1980587783E-3
6.5375066070E-1	1.1234988894E+2	5.2134273849E-3
6.5897173609E-1	1.1279775274E+2	5.2287088681E-3
6.6420804930E-1	1.1323808274E+2	5.2439029725E-3
6.6945951283E-1	1.1367079310E+2	5.2590094442E-3
6.7472603890E-1	1.1409579954E+2	5.2740280309E-3
6.8000753951E-1	1.1451301940E+2	5.2889584814E-3
6.8530392640E-1	1.1492237168E+2	5.3038005463E-3
6.9061511106E-1	1.1532377704E+2	5.3185539776E-3
6.9594100473E-1	1.1571715788E+2	5.3332185287E-3
7.0128151841E-1	1.1610243836E+2	5.3477939546E-3
7.0663656285E-1	1.1647954444E+2	5.3622800116E-3
7.1200604856E-1	1.1684840387E+2	5.3766764577E-3
7.1738988581E-1	1.1720894632E+2	5.3909830523E-3
7.2278798463E-1	1.1756110331E+2	5.4051995564E-3
7.2820025482E-1	1.1790480831E+2	5.4193257323E-3
7.3362660591E-1	1.1823999676E+2	5.4333613439E-3
7.3906694724E-1	1.1856660608E+2	5.4473061568E-3
7.4452118788E-1	1.1888457572E+2	5.4611599379E-3
7.4998923669E-1	1.1919384720E+2	5.4749224557E-3
7.5547100229E-1	1.1949436410E+2	5.4885934801E-3
7.6096639308E-1	1.1978607214E+2	5.5021727828E-3
7.6647531721E-1	1.2006891916E+2	5.5156601367E-3
7.7199768263E-1	1.2034285520E+2	5.5290553166E-3
7.7753339704E-1	1.2060783246E+2	5.5423580985E-3
7.8308236795E-1	1.2086380540E+2	5.5555682601E-3
7.8864450262E-1	1.2111073070E+2	5.5686855808E-3
7.9421970809E-1	1.2134856733E+2	5.5817098412E-3
7.9980789121E-1	1.2157727653E+2	5.5946408237E-3
8.0540895857E-1	1.2179682188E+2	5.6074783123E-3
8.1102281659E-1	1.2200716929E+2	5.6202220924E-3
8.1664937145E-1	1.2220828703E+2	5.6328719509E-3
8.2228852912E-1	1.2240014573E+2	5.6454276767E-3
8.2794019536E-1	1.2258271843E+2	5.6578890597E-3
8.3360427572E-1	1.2275598058E+2	5.6702558918E-3
8.3928067556E-1	1.2291991005E+2	5.6825279663E-3
8.4496930000E-1	1.2307448716E+2	5.6947050782E-3
8.5067005399E-1	1.2321969468E+2	5.7067870238E-3
8.5638284226E-1	1.2335551784E+2	5.7187736014E-3
8.6210756934E-1	1.2348194437E+2	5.7306646105E-3
8.6784413956E-1	1.2359896448E+2	5.7424598526E-3
8.7359245705E-1	1.2370657087E+2	5.7541591304E-3
8.7935242576E-1	1.2380475876E+2	5.7657622485E-3
8.8512394943E-1	1.2389352588E+2	5.7772690129E-3
8.9090693161E-1	1.2397287248E+2	5.7886792314E-3
8.9670127565E-1	1.2404280133E+2	5.7999927133E-3
9.0250688473E-1	1.2410331772E+2	5.8112092696E-3
9.0832366182E-1	1.2415442950E+2	5.8223287127E-3
9.1415150972E-1	1.2419614702E+2	5.8333508568E-3
9.1999033104E-1	1.2422848317E+2	5.8442755178E-3
9.2584002820E-1	1.2425145336E+2	5.8551025132E-3
9.3170050345E-1	1.2426507555E+2	5.8658316618E-3
9.3757165885E-1	1.2426937019E+2	5.8764627846E-3
9.4345339628E-1	1.2426436027E+2	5.8869957037E-3
9.4934561746E-1	1.2425007127E+2	5.8974302433E-3
9.5524822392E-1	1.2422653119E+2	5.9077662288E-3
9.6116111701E-1	1.2419377050E+2	5.9180034877E-3
9.6708419793E-1	1.2415182216E+2	5.9281418487E-3
9.7301736769E-1	1.2410072162E+2	5.9381811425E-3
9.7896052713E-1	1.2404050676E+2	5.9481212013E-3
9.8491357695E-1	1.2397121790E+2	5.9579618591E-3
9.9087641766E-1	1.2389289782E+2	5.9677029512E-3
9.9684894961E-1	1.2380559167E+2	5.9773443150E-3
1.0028310730E+0	1.2370934703E+2	5.9868857894E-3
1.0088226878E+0	1.2360421381E+2	5.9963272149E-3
1.0148236940E+0	1.2349024432E+2	6.0056684336E-3
1.0208339913E+0	1.2336749317E+2	6.0149092896E-3
1.0268534791E+0	1.2323601728E+2	6.0240496283E-3
1.0328820570E+0	1.2309587586E+2	6.0330892971E-3
1.0389196241E+0	1.2294713039E+2	6.0420281448E-3
1.0449660796E+0	1.2278984457E+2	6.0508660221E-3
1.0510213224E+0	1.2262408430E+2	6.0596027814E-3
1.0570852514E+0	1.2244991766E+2	6.0682382765E-3
1.0631577652E+0	1.2226741489E+2	6.0767723631E-3
1.0692387623E+0	1.2207664833E+2	6.0852048988E-3
1.0753281411E+0	1.2187769241E+2	6.0935357425E-3
1.0814257998E+0	1.2167062359E+2	6.1017647550E-3
1.0875316366E+0	1.2145552039E+2	6.1098917988E-3
1.0936455494E+0	1.2123246327E+2	6.1179167381E-3
1.0997674360E+0	1.2100153466E+2	6.1258394388E-3
1.1058971941E+0	1.2076281887E+2	6.1336597685E-3
1.1120347214E+0	1.2051640210E+2	6.1413775965E-3
1.1181799151E+0	1.2026237238E+2	6.1489927938E-3
1.1243326727E+0	1.2000081952E+2	6.1565052331E-3
1.1304928913E+0	1.1973183508E+2	6.1639147890E-3
1.1366604679E+0	1.1945551233E+2	6.1712213376E-3
1.1428352996E+0	1.1917194620E+2	6.1784247568E-3
1.1490172830E+0	1.1888123324E+2	6.1855249261E-3
1.1552063150E+0	1.1858347158E+2	6.1925217271E-3
1.1614022920E+0	1.1827876087E+2	6.1994150427E-3
1.1676051105E+0	1.1796720225E+2	6.2062047577E-3
1.1738146669E+0	1.1764889830E+2	6.2128907587E-3
1.1800308574E+0	1.1732395299E+2	6.2194729339E-3
1.1862535782E+0	1.1699247162E+2	6.2259511734E-3
1.1924827251E+0	1.1665456080E+2	6.2323253688E-3
1.1987181942E+0	1.1631032836E+2	6.2385954138E-3
1.2049598812E+0	1.1595988336E+2	6.2447612034E-3
1.2112076818E+0	1.1560333596E+2	6.2508226346E-3
1.2174614916E+0	1.1524079745E+2	6.2567796062E-3
1.2237212062E+0	1.1487238013E+2	6.2626320186E-3
1.2299867208E+0	1.1449819732E+2	6.2683797740E-3
1.2362579308E+0	1.1411836324E+2	6.2740227763E-3
1.2425347314E+0	1.1373299303E+2	6.2795609313E-3
1.2488170177E+0	1.1334220263E+2	6.2849941464E-3
1.2551046847E+0	1.1294610878E+2	6.2903223308E-3
1.2613976273E+0	1.1254482894E+2	6.2955453954E-3
1.2676957404E+0	1.1213848122E+2	6.3006632530E-3
1.2739989187E+0	1.1172718439E+2	6.3056758180E-3
1.2803070569E+0	1.1131105773E+2	6.3105830068E-3
1.2866200496E+0	1.1089022106E+2	6.3153847371E-3
1.2929377912E+0	1.1046479465E+2	6.3200809290E-3
1.2992601762E+0	1.1003489916E+2	6.3246715037E-3
1.3055870990E+0	1.0960065561E+2	6.3291563847E-3
1.3119184537E+0	1.0916218529E+2	6.3335354970E-3
1.3182541347E+0	1.0871960974E+2	6.3378087674E-3
1.3245940360E+0	1.0827305068E+2	6.3419761245E-3
1.3309380516E+0	1.0782262994E+2	6.3460374987E-3
1.3372860756E+0	1.0736846946E+2	6.3499928220E-3
1.3436380019E+0	1.0691069117E+2	6.3538420284E-3
1.3499937243E+0	1.0644941697E+2	6.3575850535E-3
1.3563531366E+0	1.0598476867E+2	6.3612218349E-3
1.3627161325E+0	1.0551686797E+2	6.3647523117E-3
1.3690826057E+0	1.0504583633E+2	6.3681764249E-3
1.3754524499E+0	1.0457179500E+2	6.3714941173E-3
1.3818255585E+0	1.0409486492E+2	6.3747053335E-3
1.3882018250E+0	1.0361516668E+2	6.3778100198E-3
1.3945811430E+0	1.0313282047E+2	6.3808081243E-3
1.4009634057E+0	1.0264794604E+2	6.3836995970E-3
1.4073485066E+0	1.0216066263E+2	6.3864843894E-3
1.4137363389E+0	1.0167108893E+2	6.3891624551E-3
1.4201267959E+0	1.0117934304E+2	6.3917337493E-3
1.4265197708E+0	1.0068554240E+2	6.3941982290E-3
1.4329151568E+0	1.0018980376E+2	6.3965558531E-3
1.4393128469E+0	9.9692243148E+1	6.3988065821E-3
1.4457127343E+0	9.9192975778E+1	6.4009503785E-3
1.4521147120E+0	9.8692116043E+1	6.4029872063E-3
1.4585186731E+0	9.8189777460E+1	6.4049170317E-3
1.4649245104E+0	9.7686072621E+1	6.4067398222E-3
1.4713321170E+0	9.7181113156E+1	6.4084555476E-3
1.4777413858E+0	9.6675009688E+1	6.4100641790E-3
1.4841522097E+0	9.6167871792E+1	6.4115656896E-3
1.4905644815E+0	9.5659807954E+1	6.4129600544E-3
1.4969780940E+0	9.5150925532E+1	6.4142472499E-3
1.5033929402E+0	9.4641330719E+1	6.4154272548E-3
1.5098089128E+0	9.4131128502E+1	6.4165000493E-3
1.5162259046E+0	9.3620422628E+1	6.4174656154E-3
1.5226438083E+0	9.3109315567E+1	6.4183239370E-3
1.5290625167E+0	9.2597908479E+1	6.4190749998E-3
1.5354819225E+0	9.2086301177E+1	6.4197187912E-3
1.5419019185E+0	9.1574592097E+1	6.4202553005E-3
1.5483223974E+0	9.1062878267E+1	6.4206845187E-3
1.5547432518E+0	9.0551255274E+1	6.4210064386E-3
1.5611643745E+0	9.0039817236E+1	6.4212210549E-3
1.5675856581E+0	8.9528656776E+1	6.4213283639E-3
1.5740069954E+0	8.9017864989E+1	6.4213283639E-3
1.5804282791E+0	8.8507531423E+1	6.4212210549E-3
1.5868494018E+0	8.7997744047E+1	6.4210064386E-3
1.5932702562E+0	8.7488589234E+1	6.4206845187E-3
1.5996907351E+0	8.6980151733E+1	6.4202553005E-3
1.6061107310E+0	8.6472514652E+1	6.4197187912E-3
1.6125301369E+0	8.5965759433E+1	6.4190749998E-3
1.6189488453E+0	8.5459965836E+1	6.4183239370E-3
1.6253667490E+0	8.4955211923E+1	6.4174656154E-3
1.6317837408E+0	8.4451574035E+1	6.4165000493E-3
1.6381997134E+0	8.3949126783E+1	6.4154272548E-3
1.6446145595E+0	8.3447943028E+1	6.4142472499E-3
1.6510281721E+0	8.2948093873E+1	6.4129600544E-3
1.6574404439E+0	8.2449648647E+1	6.4115656896E-3
1.6638512678E+0	8.1952674897E+1	6.4100641790E-3
1.6702605366E+0	8.1457238376E+1	6.4084555476E-3
1.6766681432E+0	8.0963403034E+1	6.4067398222E-3
1.6830739805E+0	8.0471231016E+1	6.4049170317E-3
1.6894779416E+0	7.9980782648E+1	6.4029872063E-3
1.6958799193E+0	7.9492116439E+1	6.4009503785E-3
1.7022798067E+0	7.9005289072E+1	6.3988065821E-3
1.7086774968E+0	7.8520355406E+1	6.3965558531E-3
1.7150728827E+0	7.8037368469E+1	6.3941982290E-3
1.7214658576E+0	7.7556379463E+1	6.3917337493E-3
1.7278563146E+0	7.7077437760E+1	6.3891624551E-3
1.7342441470E+0	7.6600590909E+1	6.3864843894E-3
1.7406292478E+0	7.6125884632E+1	6.3836995970E-3
1.7470115106E+0	7.5653362834E+1	6.3808081243E-3
1.7533908286E+0	7.5183067608E+1	6.3778100198E-3
1.7597670951E+0	7.4715039234E+1	6.3747053335E-3
1.7661402037E+0	7.4249316195E+1	6.3714941173E-3
1.7725100479E+0	7.3785935180E+1	6.3681764249E-3
1.7788765211E+0	7.3324931094E+1	6.3647523117E-3
1.7852395170E+0	7.2866337069E+1	6.3612218349E-3
1.7915989293E+0	7.2410184475E+1	6.3575850535E-3
1.7979546517E+0	7.1956502931E+1	6.3538420284E-3
1.8043065780E+0	7.1505320319E+1	6.3499928220E-3
1.8106546020E+0	7.1056662798E+1	6.3460374987E-3
1.8169986176E+0	7.0610554817E+1	6.3419761245E-3
1.8233385189E+0	7.0167019134E+1	6.3378087674E-3
1.8296741999E+0	6.9726076829E+1	6.3335354970E-3
1.8360055546E+0	6.9287747325E+1	6.3291563847E-3
1.8423324774E+0	6.8852048403E+1	6.3246715037E-3
1.8486548624E+0	6.8418996222E+1	6.3200809290E-3
1.8549726040E+0	6.7988605340E+1	6.3153847371E-3
1.8612855967E+0	6.7560888732E+1	6.3105830068E-3
1.8675937349E+0	6.7135857814E+1	6.3056758180E-3
1.8738969132E+0	6.6713522462E+1	6.3006632530E-3
1.8801950263E+0	6.6293891038E+1	6.2955453954E-3
1.8864879689E+0	6.5876970409E+1	6.2903223308E-3
1.8927756359E+0	6.5462765976E+1	6.2849941464E-3
1.8990579222E+0	6.5051281694E+1	6.2795609313E-3
1.9053347228E+0	6.4642520097E+1	6.2740227763E-3
1.9116059328E+0	6.4236482328E+1	6.2683797740E-3
1.9178714474E+0	6.3833168160E+1	6.2626320186E-3
1.9241311620E+0	6.3432576026E+1	6.2567796062E-3
1.9303849718E+0	6.3034703045E+1	6.2508226346E-3
1.9366327724E+0	6.2639545048E+1	6.2447612034E-3
1.9428744594E+0	6.2247096608E+1	6.2385954138E-3
1.9491099285E+0	6.1857351067E+1	6.2323253688E-3
1.9553390754E+0	6.1470300566E+1	6.2259511734E-3
1.9615617961E+0	6.1085936071E+1	6.2194729339E-3
1.9677779867E+0	6.0704247408E+1	6.2128907587E-3
1.9739875431E+0	6.0325223286E+1	6.2062047577E-3
1.9801903616E+0	5.9948851331E+1	6.1994150427E-3
1.9863863386E+0	5.9575118115E+1	6.1925217271E-3
1.9925753706E+0	5.9204009186E+1	6.1855249261E-3
1.9987573540E+0	5.8835509099E+1	6.1784247568E-3
2.0049321857E+0	5.8469601447E+1	6.1712213376E-3
2.0110997623E+0	5.8106268890E+1	6.1639147890E-3
2.0172599809E+0	5.7745493190E+1	6.1565052331E-3
2.0234127385E+0	5.7387255235E+1	6.1489927938E-3
2.0295579322E+0	5.7031535079E+1	6.1413775965E-3
2.0356954595E+0	5.6678311966E+1	6.1336597685E-3
2.0418252176E+0	5.6327564363E+1	6.1258394388E-3
2.0479471042E+0	5.5979269993E+1	6.1179167381E-3
2.0540610170E+0	5.5633405865E+1	6.1098917988E-3
2.0601668538E+0	5.5289948305E+1	6.1017647550E-3
2.0662645125E+0	5.4948872985E+1	6.0935357425E-3
2.0723538913E+0	5.4610154958E+1	6.0852048988E-3
2.0784348884E+0	5.4273768686E+1	6.0767723631E-3
2.0845074022E+0	5.3939688070E+1	6.0682382765E-3
2.0905713312E+0	5.3607886485E+1	6.0596027814E-3
2.0966265740E+0	5.3278336803E+1	6.0508660221E-3
2.1026730295E+0	5.2951011430E+1	6.0420281448E-3
2.1087105966E+0	5.2625882330E+1	6.0330892971E-3
2.1147391745E+0	5.2302921063E+1	6.0240496283E-3
2.1207586623E+0	5.1982098803E+1	6.0149092896E-3
2.1267689596E+0	5.1663386376E+1	6.0056684336E-3
2.1327699657E+0	5.1346754288E+1	5.9963272149E-3
2.1387615806E+0	5.1032172749E+1	5.9868857894E-3
2.1447437040E+0	5.0719611703E+1	5.9773443150E-3
2.1507162359E+0	5.0409040860E+1	5.9677029512E-3
2.1566790766E+0	5.0100429718E+1	5.9579618591E-3
2.1626321265E+0	4.9793747592E+1	5.9481212013E-3
2.1685752859E+0	4.9488963644E+1	5.9381811425E-3
2.1745084557E+0	4.9186046903E+1	5.9281418487E-3
2.1804315366E+0	4.8884966297E+1	5.9180034877E-3
2.1863444297E+0	4.8585690675E+1	5.9077662288E-3
2.1922470361E+0	4.8288188834E+1	5.8974302433E-3
2.1981392573E+0	4.7992429542E+1	5.8869957037E-3
2.2040209947E+0	4.7698381565E+1	5.8764627846E-3
2.2098921501E+0	4.7406013686E+1	5.8658316618E-3
2.2157526254E+0	4.7115294735E+1	5.8551025132E-3
2.2216023226E+0	4.6826193605E+1	5.8442755178E-3
2.2274411439E+0	4.6538679278E+1	5.8333508568E-3
2.2332689918E+0	4.6252720847E+1	5.8223287127E-3
2.2390857689E+0	4.5968287536E+1	5.8112092696E-3
2.2448913779E+0	4.5685348721E+1	5.7999927133E-3
2.2506857220E+0	4.5403873952E+1	5.7886792314E-3
2.2564687042E+0	4.5123832968E+1	5.7772690129E-3
2.2622402278E+0	4.4845195724E+1	5.7657622485E-3
2.2680001965E+0	4.4567932402E+1	5.7541591304E-3
2.2737485140E+0	4.4292013433E+1	5.7424598526E-3
2.2794850843E+0	4.4017409515E+1	5.7306646105E-3
2.2852098113E+0	4.3744091627E+1	5.7187736014E-3
2.2909225996E+0	4.3472031050E+1	5.7067870238E-3
2.2966233536E+0	4.3201199378E+1	5.6947050782E-3
2.3023119780E+0	4.2931568537E+1	5.6825279663E-3
2.3079883779E+0	4.2663110799E+1	5.6702558918E-3
2.3136524582E+0	4.2395798795E+1	5.6578890597E-3
2.3193041245E+0	4.2129605530E+1	5.6454276767E-3
2.3249432821E+0	4.1864504397E+1	5.6328719509E-3
2.3305698370E+0	4.1600469186E+1	5.6202220924E-3
2.3361836950E+0	4.1337474100E+1	5.6074783123E-3
2.3417847624E+0	4.1075493766E+1	5.5946408237E-3
2.3473729455E+0	4.0814503243E+1	5.5817098412E-3
2.3529481510E+0	4.0554478035E+1	5.5686855808E-3
2.3585102856E+0	4.0295394100E+1	5.5555682601E-3
2.3640592565E+0	4.0037227860E+1	5.5423580985E-3
2.3695949710E+0	3.9779956210E+1	5.5290553166E-3
2.3751173364E+0	3.9523556525E+1	5.5156601367E-3
2.3806262605E+0	3.9268006666E+1	5.5021727828E-3
2.3861216513E+0	3.9013284994E+1	5.4885934801E-3
2.3916034169E+0	3.8759370369E+1	5.4749224557E-3
2.3970714657E+0	3.8506242159E+1	5.4611599379E-3
2.4025257064E+0	3.8253880249E+1	5.4473061568E-3
2.4079660477E+0	3.8002265040E+1	5.4333613439E-3
2.4133923988E+0	3.7751377459E+1	5.4193257323E-3
2.4188046690E+0	3.7501198960E+1	5.4051995564E-3
2.4242027678E+0	3.7251711529E+1	5.3909830523E-3
2.4295866050E+0	3.7002897686E+1	5.3766764577E-3
2.4349560907E+0	3.6754740491E+1	5.3622800116E-3
2.4403111352E+0	3.6507223542E+1	5.3477939546E-3
2.4456516489E+0	3.6260330978E+1	5.3332185287E-3
2.4509775425E+0	3.6014047485E+1	5.3185539776E-3
2.4562887272E+0	3.5768358289E+1	5.3038005463E-3
2.4615851141E+0	3.5523249164E+1	5.2889584814E-3
2.4668666147E+0	3.5278706426E+1	5.2740280309E-3
2.4721331408E+0	3.5034716937E+1	5.2590094442E-3
2.4773846043E+0	3.4791268104E+1	5.2439029725E-3
2.4826209175E+0	3.4548347876E+1	5.2287088681E-3
2.4878419929E+0	3.4305944742E+1	5.2134273849E-3
2.4930477432E+0	3.4064047733E+1	5.1980587783E-3
2.4982380815E+0	3.3822646415E+1	5.1826033052E-3
2.5034129210E+0	3.3581730891E+1	5.1670612238E-3
2.5085721752E+0	3.3341291795E+1	5.1514327939E-3
2.5137157579E+0	3.3101320289E+1	5.1357182766E-3
2.5188435831E+0	3.2861808063E+1	5.1199179345E-3
2.5239555652E+0	3.2622747324E+1	5.1040320318E-3
2.5290516187E+0	3.2384130801E+1	5.0880608338E-3
2.5341316585E+0	3.2145951734E+1	5.0720046074E-3
2.5391955997E+0	3.1908203870E+1	5.0558636210E-3
2.5442433576E+0	3.1670881460E+1	5.0396381444E-3
2.5492748479E+0	3.1433979253E+1	5.0233284486E-3
2.5542899865E+0	3.1197492492E+1	5.0069348063E-3
2.5592886896E+0	3.0961416905E+1	4.9904574913E-3
2.5642708737E+0	3.0725748700E+1	4.9738967791E-3
2.5692364555E+0	3.0490484561E+1	4.9572529464E-3
2.5741853520E+0	3.0255621641E+1	4.9405262713E-3
2.5791174805E+0	3.0021157552E+1	4.9237170334E-3
2.5840327586E+0	2.9787090364E+1	4.9068255135E-3
2.5889311042E+0	2.9553418591E+1	4.8898519940E-3
2.5938124354E+0	2.9320141191E+1	4.8727967585E-3
2.5986766706E+0	2.9087257555E+1	4.8556600920E-3
2.6035237285E+0	2.8854767497E+1	4.8384422809E-3
2.6083535282E+0	2.8622671254E+1	4.8211436130E-3
2.6131659889E+0	2.8390969470E+1	4.8037643772E-3
2.6179610302E+0	2.8159663192E+1	4.7863048641E-3
2.6227385719E+0	2.7928753864E+1	4.7687653653E-3
2.6274985343E+0	2.7698243315E+1	4.7511461741E-3
2.6322408378E+0	2.7468133752E+1	4.7334475849E-3
2.6369654032E+0	2.7238427755E+1	4.7156698934E-3
2.6416721513E+0	2.7009128264E+1	4.6978133967E-3
2.6463610038E+0	2.6780238572E+1	4.6798783932E-3
2.6510318821E+0	2.6551762318E+1	4.6618651826E-3
2.6556847082E+0	2.6323703478E+1	4.6437740661E-3
2.6603194043E+0	2.6096066355E+1	4.6256053458E-3
2.6649358931E+0	2.5868855572E+1	4.6073593254E-3
2.6695340973E+0	2.5642076062E+1	4.5890363098E-3
2.6741139402E+0	2.5415733061E+1	4.5706366053E-3
2.6786753451E+0	2.5189832098E+1	4.5521605193E-3
2.6832182358E+0	2.4964378987E+1	4.5336083606E-3
2.6877425365E+0	2.4739379817E+1	4.5149804392E-3
2.6922481716E+0	2.4514840946E+1	4.4962770664E-3
2.6967350656E+0	2.4290768989E+1	4.4774985548E-3
2.7012031437E+0	2.4067170811E+1	4.4586452181E-3
2.7056523312E+0	2.3844053520E+1	4.4397173715E-3
2.7100825537E+0	2.3621424456E+1	4.4207153312E-3
2.7144937373E+0	2.3399291182E+1	4.4016394148E-3
2.7188858081E+0	2.3177661478E+1	4.3824899412E-3
2.7232586927E+0	2.2956543332E+1	4.3632672302E-3
2.7276123182E+0	2.2735944928E+1	4.3439716031E-3
2.7319466117E+0	2.2515874643E+1	4.3246033825E-3
2.7362615009E+0	2.2296341036E+1	4.3051628919E-3
2.7405569135E+0	2.2077352838E+1	4.2856504563E-3
2.7448327779E+0	2.1858918947E+1	4.2660664016E-3
2.7490890226E+0	2.1641048420E+1	4.2464110553E-3
2.7533255764E+0	2.1423750461E+1	4.2266847457E-3
2.7575423685E+0	2.1207034419E+1	4.2068878026E-3
2.7617393285E+0	2.0990909774E+1	4.1870205567E-3
2.7659163863E+0	2.0775386133E+1	4.1670833400E-3
2.7700734720E+0	2.0560473225E+1	4.1470764858E-3
2.7742105162E+0	2.0346180885E+1	4.1270003283E-3
2.7783274497E+0	2.0132519054E+1	4.1068552032E-3
2.7824242037E+0	1.9919497772E+1	4.0866414469E-3
2.7865007098E+0	1.9707127164E+1	4.0663593974E-3
2.7905568999E+0	1.9495417440E+1	4.0460093936E-3
2.7945927061E+0	1.9284378884E+1	4.0255917754E-3
2.7986080610E+0	1.9074021848E+1	4.0051068843E-3
2.8026028975E+0	1.8864356748E+1	3.9845550624E-3
2.8065771489E+0	1.8655394053E+1	3.9639366533E-3
2.8105307487E+0	1.8447144280E+1	3.9432520014E-3
2.8144636309E+0	1.8239617990E+1	3.9225014525E-3
2.8183757298E+0	1.8032825779E+1	3.9016853533E-3
2.8222669799E+0	1.7826778274E+1	3.8808040517E-3
2.8261373163E+0	1.7621486124E+1	3.8598578967E-3
2.8299866742E+0	1.7416959997E+1	3.8388472382E-3
2.8338149894E+0	1.7213210575E+1	3.8177724274E-3
2.8376221978E+0	1.7010248545E+1	3.7966338166E-3
2.8414082359E+0	1.6808084595E+1	3.7754317588E-3
2.8451730403E+0	1.6606729412E+1	3.7541666086E-3
2.8489165482E+0	1.6406193670E+1	3.7328387211E-3
2.8526386969E+0	1.6206488032E+1	3.7114484529E-3
2.8563394244E+0	1.6007623142E+1	3.6899961614E-3
2.8600186687E+0	1.5809609618E+1	3.6684822051E-3
2.8636763684E+0	1.5612458051E+1	3.6469069436E-3
2.8673124623E+0	1.5416179000E+1	3.6252707373E-3
2.8709268897E+0	1.5220782987E+1	3.6035739479E-3
2.8745195901E+0	1.5026280490E+1	3.5818169379E-3
2.8780905036E+0	1.4832681945E+1	3.5600000709E-3
2.8816395704E+0	1.4639997736E+1	3.5381237115E-3
2.8851667313E+0	1.4448238196E+1	3.5161882254E-3
2.8886719273E+0	1.4257413599E+1	3.4941939790E-3
2.8921550998E+0	1.4067534161E+1	3.4721413399E-3
2.8956161906E+0	1.3878610032E+1	3.4500306767E-3
2.8990551419E+0	1.3690651295E+1	3.4278623588E-3
2.9024718962E+0	1.3503667966E+1	3.4056367567E-3
2.9058663965E+0	1.3317669983E+1	3.3833542419E-3
2.9092385859E+0	1.3132667212E+1	3.3610151867E-3
2.9125884081E+0	1.2948669437E+1	3.3386199643E-3
2.9159158072E+0	1.2765686362E+1	3.3161689492E-3
2.9192207275E+0	1.2583727607E+1	3.2936625164E-3
2.9225031139E+0	1.2402802705E+1	3.2711010421E-3
2.9257629114E+0	1.2222921099E+1	3.2484849032E-3
2.9290000656E+0	1.2044092144E+1	3.2258144779E-3
2.9322145224E+0	1.1866325100E+1	3.2030901448E-3
2.9354062280E+0	1.1689629130E+1	3.1803122838E-3
2.9385751292E+0	1.1514013305E+1	3.1574812755E-3
2.9417211730E+0	1.1339486593E+1	3.1345975014E-3
2.9448443068E+0	1.1166057864E+1	3.1116613440E-3
2.9479444784E+0	1.0993735887E+1	3.0886731866E-3
2.9510216360E+0	1.0822529325E+1	3.0656334132E-3
2.9540757281E+0	1.0652446740E+1	3.0425424091E-3
2.9571067038E+0	1.0483496586E+1	3.0194005599E-3
2.9601145124E+0	1.0315687211E+1	2.9962082525E-3
2.9630991036E+0	1.0149026857E+1	2.9729658744E-3
2.9660604276E+0	9.9835236534E+0	2.9496738141E-3
2.9689984348E+0	9.8191856243E+0	2.9263324607E-3
2.9719130762E+0	9.6560206816E+0	2.9029422044E-3
2.9748043031E+0	9.4940366267E+0	2.8795034361E-3
2.9776720671E+0	9.3332411497E+0	2.8560165473E-3
2.9805163203E+0	9.1736418288E+0	2.8324819307E-3
2.9833370151E+0	9.0152461301E+0	2.8088999795E-3
2.9861341046E+0	8.8580614071E+0	2.7852710878E-3
2.9889075418E+0	8.7020949005E+0	2.7615956505E-3
2.9916572805E+0	8.5473537381E+0	2.7378740632E-3
2.9943832747E+0	8.3938449348E+0	2.7141067224E-3
2.9970854788E+0	8.2415753924E+0	2.6902940251E-3
2.9997638477E+0	8.0905518995E+0	2.6664363695E-3
3.0024183367E+0	7.9407811323E+0	2.6425341541E-3
3.0050489013E+0	7.7922696540E+0	2.6185877784E-3
3.0076554977E+0	7.6450239156E+0	2.5945976426E-3
3.0102380822E+0	7.4990502557E+0	2.5705641475E-3
3.0127966116E+0	7.3543549014E+0	2.5464876949E-3
3.0153310434E+0	7.2109439686E+0	2.5223686871E-3
3.0178413350E+0	7.0688234620E+0	2.4982075270E-3
3.0203274445E+0	6.9279992763E+0	2.4740046186E-3
3.0227893304E+0	6.7884771964E+0	2.4497603662E-3
3.0252269516E+0	6.6502628980E+0	2.4254751751E-3
3.0276402673E+0	6.5133619485E+0	2.4011494510E-3
3.0300292371E+0	6.3777798075E+0	2.3767836004E-3
3.0323938212E+0	6.2435218278E+0	2.3523780306E-3
3.0347339801E+0	6.1105932559E+0	2.3279331494E-3
3.0370496746E+0	5.9789992330E+0	2.3034493653E-3
3.0393408660E+0	5.8487447961E+0	2.2789270875E-3
3.0416075160E+0	5.7198348784E+0	2.2543667257E-3
3.0438495869E+0	5.5922743107E+0	2.2297686905E-3
3.0460670410E+0	5.4660678221E+0	2.2051333928E-3
3.0482598414E+0	5.3412200413E+0	2.1804612443E-3
3.0504279513E+0	5.2177354972E+0	2.1557526574E-3
3.0525713347E+0	5.0956186204E+0	2.1310080450E-3
3.0546899556E+0	4.9748737440E+0	2.1062278206E-3
3.0567837786E+0	4.8555051049E+0	2.0814123983E-3
3.0588527688E+0	4.7375168446E+0	2.0565621928E-3
3.0608968915E+0	4.6209130108E+0	2.0316776194E-3
3.0629161127E+0	4.5056975582E+0	2.0067590939E-3
3.0649103985E+0	4.3918743499E+0	1.9818070327E-3
3.0668797157E+0	4.2794471585E+0	1.9568218529E-3
3.0688240313E+0	4.1684196674E+0	1.9318039720E-3
3.0707433129E+0	4.0587954716E+0	1.9067538080E-3
3.0726375283E+0	3.9505780798E+0	1.8816717796E-3
3.0745066460E+0	3.8437709149E+0	1.8565583060E-3
3.0763506346E+0	3.7383773153E+0	1.8314138067E-3
3.0781694634E+0	3.6344005365E+0	1.8062387021E-3
3.0799631019E+0	3.5318437524E+0	1.7810334128E-3
3.0817315203E+0	3.4307100561E+0	1.7557983600E-3
3.0834746889E+0	3.3310024616E+0	1.7305339655E-3
3.0851925786E+0	3.2327239047E+0	1.7052406515E-3
3.0868851607E+0	3.1358772448E+0	1.6799188405E-3
3.0885524069E+0	3.0404652658E+0	1.6545689559E-3
3.0901942894E+0	2.9464906772E+0	1.6291914212E-3
3.0918107807E+0	2.8539561159E+0	1.6037866605E-3
3.0934018538E+0	2.7628641472E+0	1.5783550984E-3
3.0949674821E+0	2.6732172658E+0	1.5528971598E-3
3.0965076394E+0	2.5850178975E+0	1.5274132703E-3
3.0980223001E+0	2.4982684004E+0	1.5019038556E-3
3.0995114388E+0	2.4129710656E+0	1.4763693421E-3
3.1009750306E+0	2.3291281192E+0	1.4508101565E-3
3.1024130510E+0	2.2467417232E+0	1.4252267258E-3
3.1038254761E+0	2.1658139764E+0	1.3996194778E-3
3.1052122822E+0	2.0863469162E+0	1.3739888402E-3
3.1065734461E+0	2.0083425194E+0	1.3483352414E-3
3.1079089451E+0	1.9318027036E+0	1.3226591101E-3
3.1092187570E+0	1.8567293279E+0	1.2969608754E-3
3.1105028597E+0	1.7831241950E+0	1.2712409668E-3
3.1117612318E+0	1.7109890514E+0	1.2454998140E-3
3.1129938524E+0	1.6403255890E+0	1.2197378472E-3
3.1142007007E+0	1.5711354461E+0	1.1939554970E-3
3.1153817567E+0	1.5034202086E+0	1.1681531941E-3
3.1165370006E+0	1.4371814110E+0	1.1423313699E-3
3.1176664131E+0	1.3724205374E+0	1.1164904558E-3
3.1187699753E+0	1.3091390229E+0	1.0906308836E-3
3.1198476688E+0	1.2473382541E+0	1.0647530855E-3
3.1208994755E+0	1.1870195705E+0	1.0388574939E-3
3.1219253780E+0	1.1281842653E+0	1.0129445417E-3
3.1229253590E+0	1.0708335866E+0	9.8701466182E-4
3.1238994018E+0	1.0149687381E+0	9.6106828758E-4
3.1248474902E+0	9.6059088033E-1	9.3510585261E-4
3.1257696083E+0	9.0770113119E-1	9.0912779076E-4
3.1266657407E+0	8.5630056716E-1	8.8313453619E-4
3.1275358724E+0	8.0639022405E-1	8.5712652325E-4
3.1283799890E+0	7.5797109787E-1	8.3110418659E-4
3.1291980762E+0	7.1104414566E-1	8.0506796108E-4
3.1299901204E+0	6.6561028631E-1	7.7901828182E-4
3.1307561084E+0	6.2167040134E-1	7.5295558414E-4
3.1314960274E+0	5.7922533565E-1	7.2688030358E-4
3.1322098650E+0	5.3827589827E-1	7.0079287589E-4
3.1328976092E+0	4.9882286311E-1	6.7469373705E-4
3.1335592487E+0	4.6086696961E-1	6.4858332323E-4
3.1341947723E+0	4.2440892341E-1	6.2246207073E-4
3.1348041694E+0	3.8944939706E-1	5.9633041614E-4
3.1353874298E+0	3.5598903054E-1	5.7018879612E-4
3.1359445438E+0	3.2402843197E-1	5.4403764760E-4
3.1364755020E+0	2.9356817808E-1	5.1787740760E-4
3.1369802957E+0	2.6460881484E-1	4.9170851331E-4
3.1374589163E+0	2.3715085793E-1	4.6553140213E-4
3.1379113559E+0	2.1119479328E-1	4.3934651156E-4
3.1383376069E+0	1.8674107751E-1	4.1315427928E-4
3.1387376622E+0	1.6379013837E-1	3.8695514312E-4
3.1391115150E+0	1.4234237522E-1	3.6074954110E-4
3.1394591592E+0	1.2239815934E-1	3.3453791144E-4
3.1397805890E+0	1.0395783437E-1	3.0832069259E-4
3.1400757989E+0	8.7021716600E-2	2.8209832342E-4
3.1403447841E+0	7.1590095278E-2	2.5587124334E-4
3.1405875400E+0	5.7663232879E-2	2.2963989267E-4
3.1408040626E+0	4.5241365286E-2	2.0340471372E-4
3.1409943483E+0	3.4324701886E-2	1.7716615272E-4
3.1411583939E+0	2.4913425428E-2	1.5092466531E-4
3.1412961968E+0	1.7007691300E-2	1.2468073282E-4
3.1414077547E+0	1.0607624944E-2	9.8434919423E-5
3.1414930663E+0	5.7133116552E-3	7.2188137769E-5
3.1415521316E+0	2.3247411965E-3	4.5943520243E-5
3.1415849628E+0	4.4121760836E-4	1.9736940383E-5