# Differential cross section		
# Author: P. Swaczyna	Princeton University	(swaczyna@princeton.edu)
# Date: 	Fri 4 Dec 2020 01:16:46	
# 		
# Elastic collision: H^0 + He^0 -> H^0 + He^0		
# 		
# Red. mass: 	7.5005505498E+8	 eV/c^2
# CM energy: 	7.4989420933E-4	 eV
# Rel speed: 	4.2392509835E+4	 cm/s
# Tot sigma: 	2.2358271357E+2	 a.u.
# Int sigma: 	2.2358271357E+2	 a.u.
# 		
# Columns:		
# the <- scattering angle (rad)		
# dcs <- dsigma/dOmega*2*pi*sin(the) (a.u. = 2.8002852056E-17 cm^2)		
# wei <- weight for cross section integration (approx. width of angle bin)		
# 		
# the	dcs	wei
7.6907532846E-6	2.3146774611E-3	1.9736940383E-5
4.0521979771E-5	1.2195855160E-2	4.5943520243E-5
9.9587300392E-5	2.9972678778E-2	7.2188137769E-5
1.8489884726E-4	5.5648798825E-2	9.8434919423E-5
2.9645680168E-4	8.9224267397E-2	1.2468073282E-4
4.3425968311E-4	1.3069863354E-1	1.5092466531E-4
5.9830531657E-4	1.8007123268E-1	1.7716615272E-4
7.8859101285E-4	2.3734123878E-1	2.0340471372E-4
1.0051136166E-3	3.0250767625E-1	2.2963989267E-4
1.2478695220E-3	3.7556942188E-1	2.5587124334E-4
1.5168546797E-3	4.5652520337E-1	2.8209832342E-4
1.8120645986E-3	5.4537359649E-1	3.0832069259E-4
2.1334943481E-3	6.4211302139E-1	3.3453791144E-4
2.4811385584E-3	7.4674173828E-1	3.6074954110E-4
2.8549914211E-3	8.5925784271E-1	3.8695514312E-4
3.2550466893E-3	9.7965926037E-1	4.1315427928E-4
3.6812976783E-3	1.1079437414E+0	4.3934651156E-4
4.1337372652E-3	1.2441088546E+0	4.6553140213E-4
4.6123578895E-3	1.3881519806E+0	4.9170851331E-4
5.1171515529E-3	1.5400703055E+0	5.1787740760E-4
5.6481098199E-3	1.6998608133E+0	5.4403764760E-4
6.2052238176E-3	1.8675202786E+0	5.7018879612E-4
6.7884842360E-3	2.0430452585E+0	5.9633041614E-4
7.3978813281E-3	2.2264320844E+0	6.2246207073E-4
8.0334049101E-3	2.4176768529E+0	6.4858332323E-4
8.6950443616E-3	2.6167754171E+0	6.7469373705E-4
9.3827886258E-3	2.8237233772E+0	7.0079287589E-4
1.0096626210E-2	3.0385160701E+0	7.2688030358E-4
1.0836545184E-2	3.2611485599E+0	7.5295558414E-4
1.1602533184E-2	3.4916156267E+0	7.7901828182E-4
1.2394577408E-2	3.7299117562E+0	8.0506796108E-4
1.3212664621E-2	3.9760311282E+0	8.3110418659E-4
1.4056781152E-2	4.2299676046E+0	8.5712652325E-4
1.4926912893E-2	4.4917147183E+0	8.8313453619E-4
1.5823045305E-2	4.7612656599E+0	9.0912779076E-4
1.6745163410E-2	5.0386132655E+0	9.3510585261E-4
1.7693251801E-2	5.3237500039E+0	9.6106828758E-4
1.8667294632E-2	5.6166679625E+0	9.8701466182E-4
1.9667275626E-2	5.9173588344E+0	1.0129445417E-3
2.0693178073E-2	6.2258139041E+0	1.0388574939E-3
2.1744984827E-2	6.5420240329E+0	1.0647530855E-3
2.2822678313E-2	6.8659796445E+0	1.0906308836E-3
2.3926240519E-2	7.1976707101E+0	1.1164904558E-3
2.5055653005E-2	7.5370867330E+0	1.1423313699E-3
2.6210896896E-2	7.8842167329E+0	1.1681531941E-3
2.7391952886E-2	8.2390492304E+0	1.1939554970E-3
2.8598801239E-2	8.6015722303E+0	1.2197378472E-3
2.9831421786E-2	8.9717732056E+0	1.2454998140E-3
3.1089793929E-2	9.3496390806E+0	1.2712409668E-3
3.2373896638E-2	9.7351562138E+0	1.2969608754E-3
3.3683708455E-2	1.0128310381E+1	1.3226591101E-3
3.5019207490E-2	1.0529086756E+1	1.3483352414E-3
3.6380371427E-2	1.0937469897E+1	1.3739888402E-3
3.7767177517E-2	1.1353443724E+1	1.3996194778E-3
3.9179602586E-2	1.1776991502E+1	1.4252267258E-3
4.0617623030E-2	1.2208095825E+1	1.4508101565E-3
4.2081214817E-2	1.2646738591E+1	1.4763693421E-3
4.3570353490E-2	1.3092900993E+1	1.5019038556E-3
4.5085014162E-2	1.3546563488E+1	1.5274132703E-3
4.6625171522E-2	1.4007705788E+1	1.5528971598E-3
4.8190799831E-2	1.4476306834E+1	1.5783550984E-3
4.9781872927E-2	1.4952344778E+1	1.6037866605E-3
5.1398364219E-2	1.5435796967E+1	1.6291914212E-3
5.3040246694E-2	1.5926639914E+1	1.6545689559E-3
5.4707492914E-2	1.6424849287E+1	1.6799188405E-3
5.6400075017E-2	1.6930399883E+1	1.7052406515E-3
5.8117964718E-2	1.7443265611E+1	1.7305339655E-3
5.9861133308E-2	1.7963419467E+1	1.7557983600E-3
6.1629551657E-2	1.8490833519E+1	1.7810334128E-3
6.3423190212E-2	1.9025478881E+1	1.8062387021E-3
6.5242019000E-2	1.9567325695E+1	1.8314138067E-3
6.7086007624E-2	2.0116343108E+1	1.8565583060E-3
6.8955125270E-2	2.0672499253E+1	1.8816717796E-3
7.0849340702E-2	2.1235761228E+1	1.9067538080E-3
7.2768622264E-2	2.1806095072E+1	1.9318039720E-3
7.4712937885E-2	2.2383465745E+1	1.9568218529E-3
7.6682255070E-2	2.2967837110E+1	1.9818070327E-3
7.8676540910E-2	2.3559171907E+1	2.0067590939E-3
8.0695762079E-2	2.4157431733E+1	2.0316776194E-3
8.2739884832E-2	2.4762577025E+1	2.0565621928E-3
8.4808875009E-2	2.5374567033E+1	2.0814123983E-3
8.6902698034E-2	2.5993359802E+1	2.1062278206E-3
8.9021318917E-2	2.6618912149E+1	2.1310080450E-3
9.1164702253E-2	2.7251179646E+1	2.1557526574E-3
9.3332812224E-2	2.7890116594E+1	2.1804612443E-3
9.5525612596E-2	2.8535676007E+1	2.2051333928E-3
9.7743066726E-2	2.9187809587E+1	2.2297686905E-3
9.9985137556E-2	2.9846467707E+1	2.2543667257E-3
1.0225178762E-1	3.0511599388E+1	2.2789270875E-3
1.0454297904E-1	3.1183152282E+1	2.3034493653E-3
1.0685867352E-1	3.1861072649E+1	2.3279331494E-3
1.0919883237E-1	3.2545305337E+1	2.3523780306E-3
1.1156341648E-1	3.3235793766E+1	2.3767836004E-3
1.1395238633E-1	3.3932479905E+1	2.4011494510E-3
1.1636570200E-1	3.4635304255E+1	2.4254751751E-3
1.1880332317E-1	3.5344205829E+1	2.4497603662E-3
1.2126520909E-1	3.6059122137E+1	2.4740046186E-3
1.2375131862E-1	3.6779989160E+1	2.4982075270E-3
1.2626161023E-1	3.7506741341E+1	2.5223686871E-3
1.2879604195E-1	3.8239311563E+1	2.5464876949E-3
1.3135457143E-1	3.8977631131E+1	2.5705641475E-3
1.3393715592E-1	3.9721629759E+1	2.5945976426E-3
1.3654375226E-1	4.0471235549E+1	2.6185877784E-3
1.3917431689E-1	4.1226374980E+1	2.6425341541E-3
1.4182880585E-1	4.1986972888E+1	2.6664363695E-3
1.4450717478E-1	4.2752952455E+1	2.6902940251E-3
1.4720937892E-1	4.3524235191E+1	2.7141067224E-3
1.4993537310E-1	4.4300740922E+1	2.7378740632E-3
1.5268511179E-1	4.5082387776E+1	2.7615956505E-3
1.5545854902E-1	4.5869092171E+1	2.7852710878E-3
1.5825563845E-1	4.6660768801E+1	2.8088999795E-3
1.6107633333E-1	4.7457330625E+1	2.8324819307E-3
1.6392058653E-1	4.8258688854E+1	2.8560165473E-3
1.6678835052E-1	4.9064752946E+1	2.8795034361E-3
1.6967957737E-1	4.9875430589E+1	2.9029422044E-3
1.7259421876E-1	5.0690627696E+1	2.9263324607E-3
1.7553222599E-1	5.1510248394E+1	2.9496738141E-3
1.7849354996E-1	5.2334195021E+1	2.9729658744E-3
1.8147814117E-1	5.3162368111E+1	2.9962082525E-3
1.8448594977E-1	5.3994666394E+1	3.0194005599E-3
1.8751692548E-1	5.4830986789E+1	3.0425424091E-3
1.9057101764E-1	5.5671224397E+1	3.0656334132E-3
1.9364817522E-1	5.6515272499E+1	3.0886731866E-3
1.9674834681E-1	5.7363022552E+1	3.1116613440E-3
1.9987148058E-1	5.8214364186E+1	3.1345975014E-3
2.0301752435E-1	5.9069185203E+1	3.1574812755E-3
2.0618642554E-1	5.9927371580E+1	3.1803122838E-3
2.0937813120E-1	6.0788807460E+1	3.2030901448E-3
2.1259258799E-1	6.1653375165E+1	3.2258144779E-3
2.1582974219E-1	6.2520955187E+1	3.2484849032E-3
2.1908953970E-1	6.3391426201E+1	3.2711010421E-3
2.2237192605E-1	6.4264665060E+1	3.2936625164E-3
2.2567684639E-1	6.5140546807E+1	3.3161689492E-3
2.2900424548E-1	6.6018944678E+1	3.3386199643E-3
2.3235406772E-1	6.6899730110E+1	3.3610151867E-3
2.3572625713E-1	6.7782772747E+1	3.3833542419E-3
2.3912075735E-1	6.8667940455E+1	3.4056367567E-3
2.4253751167E-1	6.9555099323E+1	3.4278623588E-3
2.4597646298E-1	7.0444113684E+1	3.4500306767E-3
2.4943755380E-1	7.1334846122E+1	3.4721413399E-3
2.5292072631E-1	7.2227157486E+1	3.4941939790E-3
2.5642592230E-1	7.3120906908E+1	3.5161882254E-3
2.5995308318E-1	7.4015951815E+1	3.5381237115E-3
2.6350215001E-1	7.4912147949E+1	3.5600000709E-3
2.6707306349E-1	7.5809349384E+1	3.5818169379E-3
2.7066576394E-1	7.6707408544E+1	3.6035739479E-3
2.7428019131E-1	7.7606176229E+1	3.6252707373E-3
2.7791628522E-1	7.8505501631E+1	3.6469069436E-3
2.8157398488E-1	7.9405232360E+1	3.6684822051E-3
2.8525322919E-1	8.0305214470E+1	3.6899961614E-3
2.8895395665E-1	8.1205292479E+1	3.7114484529E-3
2.9267610542E-1	8.2105309404E+1	3.7328387211E-3
2.9641961330E-1	8.3005106782E+1	3.7541666086E-3
3.0018441773E-1	8.3904524705E+1	3.7754317588E-3
3.0397045579E-1	8.4803401844E+1	3.7966338166E-3
3.0777766421E-1	8.5701575490E+1	3.8177724274E-3
3.1160597938E-1	8.6598881580E+1	3.8388472382E-3
3.1545533730E-1	8.7495154734E+1	3.8598578967E-3
3.1932567367E-1	8.8390228292E+1	3.8808040517E-3
3.2321692379E-1	8.9283934350E+1	3.9016853533E-3
3.2712902264E-1	9.0176103799E+1	3.9225014525E-3
3.3106190484E-1	9.1066566364E+1	3.9432520014E-3
3.3501550468E-1	9.1955150647E+1	3.9639366533E-3
3.3898975607E-1	9.2841684168E+1	3.9845550624E-3
3.4298459261E-1	9.3725993406E+1	4.0051068843E-3
3.4699994753E-1	9.4607903851E+1	4.0255917754E-3
3.5103575373E-1	9.5487240043E+1	4.0460093936E-3
3.5509194378E-1	9.6363825625E+1	4.0663593974E-3
3.5916844988E-1	9.7237483388E+1	4.0866414469E-3
3.6326520391E-1	9.8108035321E+1	4.1068552032E-3
3.6738213741E-1	9.8975302668E+1	4.1270003283E-3
3.7151918157E-1	9.9839105973E+1	4.1470764858E-3
3.7567626728E-1	1.0069926514E+2	4.1670833400E-3
3.7985332504E-1	1.0155559948E+2	4.1870205567E-3
3.8405028507E-1	1.0240792777E+2	4.2068878026E-3
3.8826707721E-1	1.0325606834E+2	4.2266847457E-3
3.9250363101E-1	1.0409983906E+2	4.2464110553E-3
3.9675987567E-1	1.0493905748E+2	4.2660664016E-3
4.0103574005E-1	1.0577354083E+2	4.2856504563E-3
4.0533115271E-1	1.0660310614E+2	4.3051628919E-3
4.0964604185E-1	1.0742757022E+2	4.3246033825E-3
4.1398033538E-1	1.0824674983E+2	4.3439716031E-3
4.1833396086E-1	1.0906046165E+2	4.3632672302E-3
4.2270684554E-1	1.0986852239E+2	4.3824899412E-3
4.2709891633E-1	1.1067074887E+2	4.4016394148E-3
4.3151009985E-1	1.1146695807E+2	4.4207153312E-3
4.3594032237E-1	1.1225696717E+2	4.4397173715E-3
4.4038950986E-1	1.1304059368E+2	4.4586452181E-3
4.4485758797E-1	1.1381765548E+2	4.4774985548E-3
4.4934448203E-1	1.1458797087E+2	4.4962770664E-3
4.5385011706E-1	1.1535135868E+2	4.5149804392E-3
4.5837441776E-1	1.1610763834E+2	4.5336083606E-3
4.6291730852E-1	1.1685662993E+2	4.5521605193E-3
4.6747871344E-1	1.1759815425E+2	4.5706366053E-3
4.7205855627E-1	1.1833203294E+2	4.5890363098E-3
4.7665676049E-1	1.1905808852E+2	4.6073593254E-3
4.8127324926E-1	1.1977614446E+2	4.6256053458E-3
4.8590794542E-1	1.2048602531E+2	4.6437740661E-3
4.9056077152E-1	1.2118755670E+2	4.6618651826E-3
4.9523164982E-1	1.2188056547E+2	4.6798783932E-3
4.9992050224E-1	1.2256487976E+2	4.6978133967E-3
5.0462725044E-1	1.2324032903E+2	4.7156698934E-3
5.0935181576E-1	1.2390674420E+2	4.7334475849E-3
5.1409411924E-1	1.2456395769E+2	4.7511461741E-3
5.1885408164E-1	1.2521180353E+2	4.7687653653E-3
5.2363162341E-1	1.2585011742E+2	4.7863048641E-3
5.2842666471E-1	1.2647873679E+2	4.8037643772E-3
5.3323912540E-1	1.2709750094E+2	4.8211436130E-3
5.3806892508E-1	1.2770625106E+2	4.8384422809E-3
5.4291598301E-1	1.2830483034E+2	4.8556600920E-3
5.4778021821E-1	1.2889308406E+2	4.8727967585E-3
5.5266154939E-1	1.2947085964E+2	4.8898519940E-3
5.5755989496E-1	1.3003800673E+2	4.9068255135E-3
5.6247517308E-1	1.3059437729E+2	4.9237170334E-3
5.6740730160E-1	1.3113982570E+2	4.9405262713E-3
5.7235619810E-1	1.3167420879E+2	4.9572529464E-3
5.7732177988E-1	1.3219738593E+2	4.9738967791E-3
5.8230396395E-1	1.3270921914E+2	4.9904574913E-3
5.8730266706E-1	1.3320957313E+2	5.0069348063E-3
5.9231780568E-1	1.3369831540E+2	5.0233284486E-3
5.9734929598E-1	1.3417531630E+2	5.0396381444E-3
6.0239705389E-1	1.3464044912E+2	5.0558636210E-3
6.0746099506E-1	1.3509359014E+2	5.0720046074E-3
6.1254103485E-1	1.3553461875E+2	5.0880608338E-3
6.1763708838E-1	1.3596341746E+2	5.1040320318E-3
6.2274907048E-1	1.3637987203E+2	5.1199179345E-3
6.2787689573E-1	1.3678387151E+2	5.1357182766E-3
6.3302047843E-1	1.3717530831E+2	5.1514327939E-3
6.3817973262E-1	1.3755407827E+2	5.1670612238E-3
6.4335457209E-1	1.3792008074E+2	5.1826033052E-3
6.4854491036E-1	1.3827321864E+2	5.1980587783E-3
6.5375066070E-1	1.3861339851E+2	5.2134273849E-3
6.5897173609E-1	1.3894053060E+2	5.2287088681E-3
6.6420804930E-1	1.3925452891E+2	5.2439029725E-3
6.6945951283E-1	1.3955531125E+2	5.2590094442E-3
6.7472603890E-1	1.3984279933E+2	5.2740280309E-3
6.8000753951E-1	1.4011691875E+2	5.2889584814E-3
6.8530392640E-1	1.4037759915E+2	5.3038005463E-3
6.9061511106E-1	1.4062477419E+2	5.3185539776E-3
6.9594100473E-1	1.4085838161E+2	5.3332185287E-3
7.0128151841E-1	1.4107836332E+2	5.3477939546E-3
7.0663656285E-1	1.4128466542E+2	5.3622800116E-3
7.1200604856E-1	1.4147723824E+2	5.3766764577E-3
7.1738988581E-1	1.4165603639E+2	5.3909830523E-3
7.2278798463E-1	1.4182101884E+2	5.4051995564E-3
7.2820025482E-1	1.4197214888E+2	5.4193257323E-3
7.3362660591E-1	1.4210939424E+2	5.4333613439E-3
7.3906694724E-1	1.4223272708E+2	5.4473061568E-3
7.4452118788E-1	1.4234212404E+2	5.4611599379E-3
7.4998923669E-1	1.4243756625E+2	5.4749224557E-3
7.5547100229E-1	1.4251903939E+2	5.4885934801E-3
7.6096639308E-1	1.4258653371E+2	5.5021727828E-3
7.6647531721E-1	1.4264004404E+2	5.5156601367E-3
7.7199768263E-1	1.4267956980E+2	5.5290553166E-3
7.7753339704E-1	1.4270511506E+2	5.5423580985E-3
7.8308236795E-1	1.4271668854E+2	5.5555682601E-3
7.8864450262E-1	1.4271430360E+2	5.5686855808E-3
7.9421970809E-1	1.4269797828E+2	5.5817098412E-3
7.9980789121E-1	1.4266773531E+2	5.5946408237E-3
8.0540895857E-1	1.4262360210E+2	5.6074783123E-3
8.1102281659E-1	1.4256561074E+2	5.6202220924E-3
8.1664937145E-1	1.4249379805E+2	5.6328719509E-3
8.2228852912E-1	1.4240820550E+2	5.6454276767E-3
8.2794019536E-1	1.4230887927E+2	5.6578890597E-3
8.3360427572E-1	1.4219587022E+2	5.6702558918E-3
8.3928067556E-1	1.4206923388E+2	5.6825279663E-3
8.4496930000E-1	1.4192903045E+2	5.6947050782E-3
8.5067005399E-1	1.4177532475E+2	5.7067870238E-3
8.5638284226E-1	1.4160818625E+2	5.7187736014E-3
8.6210756934E-1	1.4142768902E+2	5.7306646105E-3
8.6784413956E-1	1.4123391172E+2	5.7424598526E-3
8.7359245705E-1	1.4102693755E+2	5.7541591304E-3
8.7935242576E-1	1.4080685427E+2	5.7657622485E-3
8.8512394943E-1	1.4057375410E+2	5.7772690129E-3
8.9090693161E-1	1.4032773375E+2	5.7886792314E-3
8.9670127565E-1	1.4006889435E+2	5.7999927133E-3
9.0250688473E-1	1.3979734141E+2	5.8112092696E-3
9.0832366182E-1	1.3951318481E+2	5.8223287127E-3
9.1415150972E-1	1.3921653869E+2	5.8333508568E-3
9.1999033104E-1	1.3890752147E+2	5.8442755178E-3
9.2584002820E-1	1.3858625577E+2	5.8551025132E-3
9.3170050345E-1	1.3825286834E+2	5.8658316618E-3
9.3757165885E-1	1.3790749004E+2	5.8764627846E-3
9.4345339628E-1	1.3755025576E+2	5.8869957037E-3
9.4934561746E-1	1.3718130435E+2	5.8974302433E-3
9.5524822392E-1	1.3680077859E+2	5.9077662288E-3
9.6116111701E-1	1.3640882510E+2	5.9180034877E-3
9.6708419793E-1	1.3600559426E+2	5.9281418487E-3
9.7301736769E-1	1.3559124018E+2	5.9381811425E-3
9.7896052713E-1	1.3516592057E+2	5.9481212013E-3
9.8491357695E-1	1.3472979673E+2	5.9579618591E-3
9.9087641766E-1	1.3428303342E+2	5.9677029512E-3
9.9684894961E-1	1.3382579880E+2	5.9773443150E-3
1.0028310730E+0	1.3335826435E+2	5.9868857894E-3
1.0088226878E+0	1.3288060479E+2	5.9963272149E-3
1.0148236940E+0	1.3239299797E+2	6.0056684336E-3
1.0208339913E+0	1.3189562482E+2	6.0149092896E-3
1.0268534791E+0	1.3138866923E+2	6.0240496283E-3
1.0328820570E+0	1.3087231795E+2	6.0330892971E-3
1.0389196241E+0	1.3034676053E+2	6.0420281448E-3
1.0449660796E+0	1.2981218921E+2	6.0508660221E-3
1.0510213224E+0	1.2926879881E+2	6.0596027814E-3
1.0570852514E+0	1.2871678664E+2	6.0682382765E-3
1.0631577652E+0	1.2815635241E+2	6.0767723631E-3
1.0692387623E+0	1.2758769810E+2	6.0852048988E-3
1.0753281411E+0	1.2701102789E+2	6.0935357425E-3
1.0814257998E+0	1.2642654805E+2	6.1017647550E-3
1.0875316366E+0	1.2583446679E+2	6.1098917988E-3
1.0936455494E+0	1.2523499421E+2	6.1179167381E-3
1.0997674360E+0	1.2462834218E+2	6.1258394388E-3
1.1058971941E+0	1.2401472419E+2	6.1336597685E-3
1.1120347214E+0	1.2339435528E+2	6.1413775965E-3
1.1181799151E+0	1.2276745193E+2	6.1489927938E-3
1.1243326727E+0	1.2213423193E+2	6.1565052331E-3
1.1304928913E+0	1.2149491425E+2	6.1639147890E-3
1.1366604679E+0	1.2084971899E+2	6.1712213376E-3
1.1428352996E+0	1.2019886719E+2	6.1784247568E-3
1.1490172830E+0	1.1954258078E+2	6.1855249261E-3
1.1552063150E+0	1.1888108241E+2	6.1925217271E-3
1.1614022920E+0	1.1821459538E+2	6.1994150427E-3
1.1676051105E+0	1.1754334351E+2	6.2062047577E-3
1.1738146669E+0	1.1686755102E+2	6.2128907587E-3
1.1800308574E+0	1.1618744239E+2	6.2194729339E-3
1.1862535782E+0	1.1550324231E+2	6.2259511734E-3
1.1924827251E+0	1.1481517551E+2	6.2323253688E-3
1.1987181942E+0	1.1412346665E+2	6.2385954138E-3
1.2049598812E+0	1.1342834024E+2	6.2447612034E-3
1.2112076818E+0	1.1273002048E+2	6.2508226346E-3
1.2174614916E+0	1.1202873119E+2	6.2567796062E-3
1.2237212062E+0	1.1132469566E+2	6.2626320186E-3
1.2299867208E+0	1.1061813656E+2	6.2683797740E-3
1.2362579308E+0	1.0990927583E+2	6.2740227763E-3
1.2425347314E+0	1.0919833455E+2	6.2795609313E-3
1.2488170177E+0	1.0848553284E+2	6.2849941464E-3
1.2551046847E+0	1.0777108976E+2	6.2903223308E-3
1.2613976273E+0	1.0705522320E+2	6.2955453954E-3
1.2676957404E+0	1.0633814975E+2	6.3006632530E-3
1.2739989187E+0	1.0562008463E+2	6.3056758180E-3
1.2803070569E+0	1.0490124154E+2	6.3105830068E-3
1.2866200496E+0	1.0418183263E+2	6.3153847371E-3
1.2929377912E+0	1.0346206831E+2	6.3200809290E-3
1.2992601762E+0	1.0274215720E+2	6.3246715037E-3
1.3055870990E+0	1.0202230606E+2	6.3291563847E-3
1.3119184537E+0	1.0130271962E+2	6.3335354970E-3
1.3182541347E+0	1.0058360053E+2	6.3378087674E-3
1.3245940360E+0	9.9865149271E+1	6.3419761245E-3
1.3309380516E+0	9.9147564042E+1	6.3460374987E-3
1.3372860756E+0	9.8431040686E+1	6.3499928220E-3
1.3436380019E+0	9.7715772594E+1	6.3538420284E-3
1.3499937243E+0	9.7001950622E+1	6.3575850535E-3
1.3563531366E+0	9.6289763007E+1	6.3612218349E-3
1.3627161325E+0	9.5579395289E+1	6.3647523117E-3
1.3690826057E+0	9.4871030226E+1	6.3681764249E-3
1.3754524499E+0	9.4164847720E+1	6.3714941173E-3
1.3818255585E+0	9.3461024744E+1	6.3747053335E-3
1.3882018250E+0	9.2759735265E+1	6.3778100198E-3
1.3945811430E+0	9.2061150179E+1	6.3808081243E-3
1.4009634057E+0	9.1365437239E+1	6.3836995970E-3
1.4073485066E+0	9.0672760992E+1	6.3864843894E-3
1.4137363389E+0	8.9983282717E+1	6.3891624551E-3
1.4201267959E+0	8.9297160362E+1	6.3917337493E-3
1.4265197708E+0	8.8614548488E+1	6.3941982290E-3
1.4329151568E+0	8.7935598214E+1	6.3965558531E-3
1.4393128469E+0	8.7260457165E+1	6.3988065821E-3
1.4457127343E+0	8.6589269419E+1	6.4009503785E-3
1.4521147120E+0	8.5922175464E+1	6.4029872063E-3
1.4585186731E+0	8.5259312149E+1	6.4049170317E-3
1.4649245104E+0	8.4600812645E+1	6.4067398222E-3
1.4713321170E+0	8.3946806406E+1	6.4084555476E-3
1.4777413858E+0	8.3297419129E+1	6.4100641790E-3
1.4841522097E+0	8.2652772724E+1	6.4115656896E-3
1.4905644815E+0	8.2012985280E+1	6.4129600544E-3
1.4969780940E+0	8.1378171038E+1	6.4142472499E-3
1.5033929402E+0	8.0748440364E+1	6.4154272548E-3
1.5098089128E+0	8.0123899728E+1	6.4165000493E-3
1.5162259046E+0	7.9504651682E+1	6.4174656154E-3
1.5226438083E+0	7.8890794842E+1	6.4183239370E-3
1.5290625167E+0	7.8282423876E+1	6.4190749998E-3
1.5354819225E+0	7.7679629486E+1	6.4197187912E-3
1.5419019185E+0	7.7082498406E+1	6.4202553005E-3
1.5483223974E+0	7.6491113388E+1	6.4206845187E-3
1.5547432518E+0	7.5905553203E+1	6.4210064386E-3
1.5611643745E+0	7.5325892636E+1	6.4212210549E-3
1.5675856581E+0	7.4752202489E+1	6.4213283639E-3
1.5740069954E+0	7.4184549583E+1	6.4213283639E-3
1.5804282791E+0	7.3622996767E+1	6.4212210549E-3
1.5868494018E+0	7.3067602922E+1	6.4210064386E-3
1.5932702562E+0	7.2518422977E+1	6.4206845187E-3
1.5996907351E+0	7.1975507918E+1	6.4202553005E-3
1.6061107310E+0	7.1438904808E+1	6.4197187912E-3
1.6125301369E+0	7.0908656803E+1	6.4190749998E-3
1.6189488453E+0	7.0384803176E+1	6.4183239370E-3
1.6253667490E+0	6.9867379336E+1	6.4174656154E-3
1.6317837408E+0	6.9356416853E+1	6.4165000493E-3
1.6381997134E+0	6.8851943493E+1	6.4154272548E-3
1.6446145595E+0	6.8353983240E+1	6.4142472499E-3
1.6510281721E+0	6.7862556329E+1	6.4129600544E-3
1.6574404439E+0	6.7377679287E+1	6.4115656896E-3
1.6638512678E+0	6.6899364959E+1	6.4100641790E-3
1.6702605366E+0	6.6427622555E+1	6.4084555476E-3
1.6766681432E+0	6.5962457685E+1	6.4067398222E-3
1.6830739805E+0	6.5503872404E+1	6.4049170317E-3
1.6894779416E+0	6.5051865252E+1	6.4029872063E-3
1.6958799193E+0	6.4606431305E+1	6.4009503785E-3
1.7022798067E+0	6.4167562220E+1	6.3988065821E-3
1.7086774968E+0	6.3735246282E+1	6.3965558531E-3
1.7150728827E+0	6.3309468458E+1	6.3941982290E-3
1.7214658576E+0	6.2890210449E+1	6.3917337493E-3
1.7278563146E+0	6.2477450743E+1	6.3891624551E-3
1.7342441470E+0	6.2071164671E+1	6.3864843894E-3
1.7406292478E+0	6.1671324462E+1	6.3836995970E-3
1.7470115106E+0	6.1277899305E+1	6.3808081243E-3
1.7533908286E+0	6.0890855405E+1	6.3778100198E-3
1.7597670951E+0	6.0510156045E+1	6.3747053335E-3
1.7661402037E+0	6.0135761647E+1	6.3714941173E-3
1.7725100479E+0	5.9767629838E+1	6.3681764249E-3
1.7788765211E+0	5.9405715511E+1	6.3647523117E-3
1.7852395170E+0	5.9049970888E+1	6.3612218349E-3
1.7915989293E+0	5.8700345592E+1	6.3575850535E-3
1.7979546517E+0	5.8356786710E+1	6.3538420284E-3
1.8043065780E+0	5.8019238860E+1	6.3499928220E-3
1.8106546020E+0	5.7687644260E+1	6.3460374987E-3
1.8169986176E+0	5.7361942800E+1	6.3419761245E-3
1.8233385189E+0	5.7042072106E+1	6.3378087674E-3
1.8296741999E+0	5.6727967615E+1	6.3335354970E-3
1.8360055546E+0	5.6419562645E+1	6.3291563847E-3
1.8423324774E+0	5.6116788462E+1	6.3246715037E-3
1.8486548624E+0	5.5819574356E+1	6.3200809290E-3
1.8549726040E+0	5.5527847713E+1	6.3153847371E-3
1.8612855967E+0	5.5241534084E+1	6.3105830068E-3
1.8675937349E+0	5.4960557259E+1	6.3056758180E-3
1.8738969132E+0	5.4684839339E+1	6.3006632530E-3
1.8801950263E+0	5.4414300809E+1	6.2955453954E-3
1.8864879689E+0	5.4148860611E+1	6.2903223308E-3
1.8927756359E+0	5.3888436217E+1	6.2849941464E-3
1.8990579222E+0	5.3632943697E+1	6.2795609313E-3
1.9053347228E+0	5.3382297799E+1	6.2740227763E-3
1.9116059328E+0	5.3136412014E+1	6.2683797740E-3
1.9178714474E+0	5.2895198652E+1	6.2626320186E-3
1.9241311620E+0	5.2658568915E+1	6.2567796062E-3
1.9303849718E+0	5.2426432962E+1	6.2508226346E-3
1.9366327724E+0	5.2198699988E+1	6.2447612034E-3
1.9428744594E+0	5.1975278288E+1	6.2385954138E-3
1.9491099285E+0	5.1756075332E+1	6.2323253688E-3
1.9553390754E+0	5.1540997832E+1	6.2259511734E-3
1.9615617961E+0	5.1329951810E+1	6.2194729339E-3
1.9677779867E+0	5.1122842669E+1	6.2128907587E-3
1.9739875431E+0	5.0919575262E+1	6.2062047577E-3
1.9801903616E+0	5.0720053952E+1	6.1994150427E-3
1.9863863386E+0	5.0524182689E+1	6.1925217271E-3
1.9925753706E+0	5.0331865067E+1	6.1855249261E-3
1.9987573540E+0	5.0143004392E+1	6.1784247568E-3
2.0049321857E+0	4.9957503747E+1	6.1712213376E-3
2.0110997623E+0	4.9775266053E+1	6.1639147890E-3
2.0172599809E+0	4.9596194133E+1	6.1565052331E-3
2.0234127385E+0	4.9420190775E+1	6.1489927938E-3
2.0295579322E+0	4.9247158788E+1	6.1413775965E-3
2.0356954595E+0	4.9077001064E+1	6.1336597685E-3
2.0418252176E+0	4.8909620636E+1	6.1258394388E-3
2.0479471042E+0	4.8744920737E+1	6.1179167381E-3
2.0540610170E+0	4.8582804855E+1	6.1098917988E-3
2.0601668538E+0	4.8423176787E+1	6.1017647550E-3
2.0662645125E+0	4.8265940694E+1	6.0935357425E-3
2.0723538913E+0	4.8111001157E+1	6.0852048988E-3
2.0784348884E+0	4.7958263224E+1	6.0767723631E-3
2.0845074022E+0	4.7807632464E+1	6.0682382765E-3
2.0905713312E+0	4.7659015014E+1	6.0596027814E-3
2.0966265740E+0	4.7512317633E+1	6.0508660221E-3
2.1026730295E+0	4.7367447740E+1	6.0420281448E-3
2.1087105966E+0	4.7224313468E+1	6.0330892971E-3
2.1147391745E+0	4.7082823706E+1	6.0240496283E-3
2.1207586623E+0	4.6942888140E+1	6.0149092896E-3
2.1267689596E+0	4.6804417298E+1	6.0056684336E-3
2.1327699657E+0	4.6667322592E+1	5.9963272149E-3
2.1387615806E+0	4.6531516353E+1	5.9868857894E-3
2.1447437040E+0	4.6396911875E+1	5.9773443150E-3
2.1507162359E+0	4.6263423446E+1	5.9677029512E-3
2.1566790766E+0	4.6130966389E+1	5.9579618591E-3
2.1626321265E+0	4.5999457095E+1	5.9481212013E-3
2.1685752859E+0	4.5868813056E+1	5.9381811425E-3
2.1745084557E+0	4.5738952894E+1	5.9281418487E-3
2.1804315366E+0	4.5609796398E+1	5.9180034877E-3
2.1863444297E+0	4.5481264546E+1	5.9077662288E-3
2.1922470361E+0	4.5353279540E+1	5.8974302433E-3
2.1981392573E+0	4.5225764829E+1	5.8869957037E-3
2.2040209947E+0	4.5098645133E+1	5.8764627846E-3
2.2098921501E+0	4.4971846471E+1	5.8658316618E-3
2.2157526254E+0	4.4845296183E+1	5.8551025132E-3
2.2216023226E+0	4.4718922950E+1	5.8442755178E-3
2.2274411439E+0	4.4592656815E+1	5.8333508568E-3
2.2332689918E+0	4.4466429205E+1	5.8223287127E-3
2.2390857689E+0	4.4340172944E+1	5.8112092696E-3
2.2448913779E+0	4.4213822275E+1	5.7999927133E-3
2.2506857220E+0	4.4087312872E+1	5.7886792314E-3
2.2564687042E+0	4.3960581857E+1	5.7772690129E-3
2.2622402278E+0	4.3833567809E+1	5.7657622485E-3
2.2680001965E+0	4.3706210782E+1	5.7541591304E-3
2.2737485140E+0	4.3578452312E+1	5.7424598526E-3
2.2794850843E+0	4.3450235425E+1	5.7306646105E-3
2.2852098113E+0	4.3321504653E+1	5.7187736014E-3
2.2909225996E+0	4.3192206032E+1	5.7067870238E-3
2.2966233536E+0	4.3062287116E+1	5.6947050782E-3
2.3023119780E+0	4.2931696979E+1	5.6825279663E-3
2.3079883779E+0	4.2800386219E+1	5.6702558918E-3
2.3136524582E+0	4.2668306963E+1	5.6578890597E-3
2.3193041245E+0	4.2535412868E+1	5.6454276767E-3
2.3249432821E+0	4.2401659124E+1	5.6328719509E-3
2.3305698370E+0	4.2267002449E+1	5.6202220924E-3
2.3361836950E+0	4.2131401097E+1	5.6074783123E-3
2.3417847624E+0	4.1994814849E+1	5.5946408237E-3
2.3473729455E+0	4.1857205013E+1	5.5817098412E-3
2.3529481510E+0	4.1718534420E+1	5.5686855808E-3
2.3585102856E+0	4.1578767422E+1	5.5555682601E-3
2.3640592565E+0	4.1437869884E+1	5.5423580985E-3
2.3695949710E+0	4.1295809179E+1	5.5290553166E-3
2.3751173364E+0	4.1152554181E+1	5.5156601367E-3
2.3806262605E+0	4.1008075257E+1	5.5021727828E-3
2.3861216513E+0	4.0862344259E+1	5.4885934801E-3
2.3916034169E+0	4.0715334516E+1	5.4749224557E-3
2.3970714657E+0	4.0567020821E+1	5.4611599379E-3
2.4025257064E+0	4.0417379424E+1	5.4473061568E-3
2.4079660477E+0	4.0266388018E+1	5.4333613439E-3
2.4133923988E+0	4.0114025728E+1	5.4193257323E-3
2.4188046690E+0	3.9960273098E+1	5.4051995564E-3
2.4242027678E+0	3.9805112078E+1	5.3909830523E-3
2.4295866050E+0	3.9648526011E+1	5.3766764577E-3
2.4349560907E+0	3.9490499617E+1	5.3622800116E-3
2.4403111352E+0	3.9331018980E+1	5.3477939546E-3
2.4456516489E+0	3.9170071529E+1	5.3332185287E-3
2.4509775425E+0	3.9007646025E+1	5.3185539776E-3
2.4562887272E+0	3.8843732546E+1	5.3038005463E-3
2.4615851141E+0	3.8678322464E+1	5.2889584814E-3
2.4668666147E+0	3.8511408435E+1	5.2740280309E-3
2.4721331408E+0	3.8342984374E+1	5.2590094442E-3
2.4773846043E+0	3.8173045442E+1	5.2439029725E-3
2.4826209175E+0	3.8001588026E+1	5.2287088681E-3
2.4878419929E+0	3.7828609717E+1	5.2134273849E-3
2.4930477432E+0	3.7654109296E+1	5.1980587783E-3
2.4982380815E+0	3.7478086710E+1	5.1826033052E-3
2.5034129210E+0	3.7300543052E+1	5.1670612238E-3
2.5085721752E+0	3.7121480545E+1	5.1514327939E-3
2.5137157579E+0	3.6940902517E+1	5.1357182766E-3
2.5188435831E+0	3.6758813382E+1	5.1199179345E-3
2.5239555652E+0	3.6575218618E+1	5.1040320318E-3
2.5290516187E+0	3.6390124749E+1	5.0880608338E-3
2.5341316585E+0	3.6203539318E+1	5.0720046074E-3
2.5391955997E+0	3.6015470871E+1	5.0558636210E-3
2.5442433576E+0	3.5825928933E+1	5.0396381444E-3
2.5492748479E+0	3.5634923983E+1	5.0233284486E-3
2.5542899865E+0	3.5442467440E+1	5.0069348063E-3
2.5592886896E+0	3.5248571632E+1	4.9904574913E-3
2.5642708737E+0	3.5053249778E+1	4.9738967791E-3
2.5692364555E+0	3.4856515969E+1	4.9572529464E-3
2.5741853520E+0	3.4658385140E+1	4.9405262713E-3
2.5791174805E+0	3.4458873048E+1	4.9237170334E-3
2.5840327586E+0	3.4257996256E+1	4.9068255135E-3
2.5889311042E+0	3.4055772104E+1	4.8898519940E-3
2.5938124354E+0	3.3852218689E+1	4.8727967585E-3
2.5986766706E+0	3.3647354844E+1	4.8556600920E-3
2.6035237285E+0	3.3441200112E+1	4.8384422809E-3
2.6083535282E+0	3.3233774729E+1	4.8211436130E-3
2.6131659889E+0	3.3025099599E+1	4.8037643772E-3
2.6179610302E+0	3.2815196270E+1	4.7863048641E-3
2.6227385719E+0	3.2604086916E+1	4.7687653653E-3
2.6274985343E+0	3.2391794312E+1	4.7511461741E-3
2.6322408378E+0	3.2178341814E+1	4.7334475849E-3
2.6369654032E+0	3.1963753338E+1	4.7156698934E-3
2.6416721513E+0	3.1748053335E+1	4.6978133967E-3
2.6463610038E+0	3.1531266773E+1	4.6798783932E-3
2.6510318821E+0	3.1313419116E+1	4.6618651826E-3
2.6556847082E+0	3.1094536301E+1	4.6437740661E-3
2.6603194043E+0	3.0874644717E+1	4.6256053458E-3
2.6649358931E+0	3.0653771186E+1	4.6073593254E-3
2.6695340973E+0	3.0431942941E+1	4.5890363098E-3
2.6741139402E+0	3.0209187609E+1	4.5706366053E-3
2.6786753451E+0	2.9985533186E+1	4.5521605193E-3
2.6832182358E+0	2.9761008020E+1	4.5336083606E-3
2.6877425365E+0	2.9535640792E+1	4.5149804392E-3
2.6922481716E+0	2.9309460496E+1	4.4962770664E-3
2.6967350656E+0	2.9082496417E+1	4.4774985548E-3
2.7012031437E+0	2.8854778117E+1	4.4586452181E-3
2.7056523312E+0	2.8626335414E+1	4.4397173715E-3
2.7100825537E+0	2.8397198362E+1	4.4207153312E-3
2.7144937373E+0	2.8167397238E+1	4.4016394148E-3
2.7188858081E+0	2.7936962517E+1	4.3824899412E-3
2.7232586927E+0	2.7705924860E+1	4.3632672302E-3
2.7276123182E+0	2.7474315094E+1	4.3439716031E-3
2.7319466117E+0	2.7242164199E+1	4.3246033825E-3
2.7362615009E+0	2.7009503284E+1	4.3051628919E-3
2.7405569135E+0	2.6776363577E+1	4.2856504563E-3
2.7448327779E+0	2.6542776408E+1	4.2660664016E-3
2.7490890226E+0	2.6308773190E+1	4.2464110553E-3
2.7533255764E+0	2.6074385407E+1	4.2266847457E-3
2.7575423685E+0	2.5839644595E+1	4.2068878026E-3
2.7617393285E+0	2.5604582332E+1	4.1870205567E-3
2.7659163863E+0	2.5369230220E+1	4.1670833400E-3
2.7700734720E+0	2.5133619870E+1	4.1470764858E-3
2.7742105162E+0	2.4897782892E+1	4.1270003283E-3
2.7783274497E+0	2.4661750877E+1	4.1068552032E-3
2.7824242037E+0	2.4425555388E+1	4.0866414469E-3
2.7865007098E+0	2.4189227941E+1	4.0663593974E-3
2.7905568999E+0	2.3952800000E+1	4.0460093936E-3
2.7945927061E+0	2.3716302957E+1	4.0255917754E-3
2.7986080610E+0	2.3479768125E+1	4.0051068843E-3
2.8026028975E+0	2.3243226727E+1	3.9845550624E-3
2.8065771489E+0	2.3006709877E+1	3.9639366533E-3
2.8105307487E+0	2.2770248580E+1	3.9432520014E-3
2.8144636309E+0	2.2533873712E+1	3.9225014525E-3
2.8183757298E+0	2.2297616013E+1	3.9016853533E-3
2.8222669799E+0	2.2061506077E+1	3.8808040517E-3
2.8261373163E+0	2.1825574344E+1	3.8598578967E-3
2.8299866742E+0	2.1589851086E+1	3.8388472382E-3
2.8338149894E+0	2.1354366401E+1	3.8177724274E-3
2.8376221978E+0	2.1119150203E+1	3.7966338166E-3
2.8414082359E+0	2.0884232214E+1	3.7754317588E-3
2.8451730403E+0	2.0649641955E+1	3.7541666086E-3
2.8489165482E+0	2.0415408738E+1	3.7328387211E-3
2.8526386969E+0	2.0181561658E+1	3.7114484529E-3
2.8563394244E+0	1.9948129589E+1	3.6899961614E-3
2.8600186687E+0	1.9715141171E+1	3.6684822051E-3
2.8636763684E+0	1.9482624807E+1	3.6469069436E-3
2.8673124623E+0	1.9250608655E+1	3.6252707373E-3
2.8709268897E+0	1.9019120625E+1	3.6035739479E-3
2.8745195901E+0	1.8788188367E+1	3.5818169379E-3
2.8780905036E+0	1.8557839271E+1	3.5600000709E-3
2.8816395704E+0	1.8328100459E+1	3.5381237115E-3
2.8851667313E+0	1.8098998778E+1	3.5161882254E-3
2.8886719273E+0	1.7870560800E+1	3.4941939790E-3
2.8921550998E+0	1.7642812814E+1	3.4721413399E-3
2.8956161906E+0	1.7415780820E+1	3.4500306767E-3
2.8990551419E+0	1.7189490530E+1	3.4278623588E-3
2.9024718962E+0	1.6963967360E+1	3.4056367567E-3
2.9058663965E+0	1.6739236428E+1	3.3833542419E-3
2.9092385859E+0	1.6515322550E+1	3.3610151867E-3
2.9125884081E+0	1.6292250238E+1	3.3386199643E-3
2.9159158072E+0	1.6070043695E+1	3.3161689492E-3
2.9192207275E+0	1.5848726816E+1	3.2936625164E-3
2.9225031139E+0	1.5628323181E+1	3.2711010421E-3
2.9257629114E+0	1.5408856056E+1	3.2484849032E-3
2.9290000656E+0	1.5190348392E+1	3.2258144779E-3
2.9322145224E+0	1.4972822818E+1	3.2030901448E-3
2.9354062280E+0	1.4756301645E+1	3.1803122838E-3
2.9385751292E+0	1.4540806863E+1	3.1574812755E-3
2.9417211730E+0	1.4326360139E+1	3.1345975014E-3
2.9448443068E+0	1.4112982817E+1	3.1116613440E-3
2.9479444784E+0	1.3900695914E+1	3.0886731866E-3
2.9510216360E+0	1.3689520127E+1	3.0656334132E-3
2.9540757281E+0	1.3479475824E+1	3.0425424091E-3
2.9571067038E+0	1.3270583051E+1	3.0194005599E-3
2.9601145124E+0	1.3062861525E+1	2.9962082525E-3
2.9630991036E+0	1.2856330642E+1	2.9729658744E-3
2.9660604276E+0	1.2651009471E+1	2.9496738141E-3
2.9689984348E+0	1.2446916757E+1	2.9263324607E-3
2.9719130762E+0	1.2244070922E+1	2.9029422044E-3
2.9748043031E+0	1.2042490066E+1	2.8795034361E-3
2.9776720671E+0	1.1842191965E+1	2.8560165473E-3
2.9805163203E+0	1.1643194078E+1	2.8324819307E-3
2.9833370151E+0	1.1445513541E+1	2.8088999795E-3
2.9861341046E+0	1.1249167174E+1	2.7852710878E-3
2.9889075418E+0	1.1054171483E+1	2.7615956505E-3
2.9916572805E+0	1.0860542654E+1	2.7378740632E-3
2.9943832747E+0	1.0668296565E+1	2.7141067224E-3
2.9970854788E+0	1.0477448780E+1	2.6902940251E-3
2.9997638477E+0	1.0288014556E+1	2.6664363695E-3
3.0024183367E+0	1.0100008842E+1	2.6425341541E-3
3.0050489013E+0	9.9134462830E+0	2.6185877784E-3
3.0076554977E+0	9.7283412219E+0	2.5945976426E-3
3.0102380822E+0	9.5447077016E+0	2.5705641475E-3
3.0127966116E+0	9.3625594678E+0	2.5464876949E-3
3.0153310434E+0	9.1819099718E+0	2.5223686871E-3
3.0178413350E+0	9.0027723730E+0	2.4982075270E-3
3.0203274445E+0	8.8251595419E+0	2.4740046186E-3
3.0227893304E+0	8.6490840626E+0	2.4497603662E-3
3.0252269516E+0	8.4745582365E+0	2.4254751751E-3
3.0276402673E+0	8.3015940843E+0	2.4011494510E-3
3.0300292371E+0	8.1302033501E+0	2.3767836004E-3
3.0323938212E+0	7.9603975041E+0	2.3523780306E-3
3.0347339801E+0	7.7921877456E+0	2.3279331494E-3
3.0370496746E+0	7.6255850069E+0	2.3034493653E-3
3.0393408660E+0	7.4605999562E+0	2.2789270875E-3
3.0416075160E+0	7.2972430010E+0	2.2543667257E-3
3.0438495869E+0	7.1355242916E+0	2.2297686905E-3
3.0460670410E+0	6.9754537250E+0	2.2051333928E-3
3.0482598414E+0	6.8170409475E+0	2.1804612443E-3
3.0504279513E+0	6.6602953593E+0	2.1557526574E-3
3.0525713347E+0	6.5052261173E+0	2.1310080450E-3
3.0546899556E+0	6.3518421391E+0	2.1062278206E-3
3.0567837786E+0	6.2001521067E+0	2.0814123983E-3
3.0588527688E+0	6.0501644698E+0	2.0565621928E-3
3.0608968915E+0	5.9018874501E+0	2.0316776194E-3
3.0629161127E+0	5.7553290445E+0	2.0067590939E-3
3.0649103985E+0	5.6104970289E+0	1.9818070327E-3
3.0668797157E+0	5.4673989622E+0	1.9568218529E-3
3.0688240313E+0	5.3260421900E+0	1.9318039720E-3
3.0707433129E+0	5.1864338481E+0	1.9067538080E-3
3.0726375283E+0	5.0485808667E+0	1.8816717796E-3
3.0745066460E+0	4.9124899736E+0	1.8565583060E-3
3.0763506346E+0	4.7781676986E+0	1.8314138067E-3
3.0781694634E+0	4.6456203768E+0	1.8062387021E-3
3.0799631019E+0	4.5148541526E+0	1.7810334128E-3
3.0817315203E+0	4.3858749835E+0	1.7557983600E-3
3.0834746889E+0	4.2586886435E+0	1.7305339655E-3
3.0851925786E+0	4.1333007274E+0	1.7052406515E-3
3.0868851607E+0	4.0097166540E+0	1.6799188405E-3
3.0885524069E+0	3.8879416700E+0	1.6545689559E-3
3.0901942894E+0	3.7679808538E+0	1.6291914212E-3
3.0918107807E+0	3.6498391190E+0	1.6037866605E-3
3.0934018538E+0	3.5335212183E+0	1.5783550984E-3
3.0949674821E+0	3.4190317467E+0	1.5528971598E-3
3.0965076394E+0	3.3063751454E+0	1.5274132703E-3
3.0980223001E+0	3.1955557055E+0	1.5019038556E-3
3.0995114388E+0	3.0865775709E+0	1.4763693421E-3
3.1009750306E+0	2.9794447428E+0	1.4508101565E-3
3.1024130510E+0	2.8741610823E+0	1.4252267258E-3
3.1038254761E+0	2.7707303140E+0	1.3996194778E-3
3.1052122822E+0	2.6691560300E+0	1.3739888402E-3
3.1065734461E+0	2.5694416925E+0	1.3483352414E-3
3.1079089451E+0	2.4715906375E+0	1.3226591101E-3
3.1092187570E+0	2.3756060780E+0	1.2969608754E-3
3.1105028597E+0	2.2814911075E+0	1.2712409668E-3
3.1117612318E+0	2.1892487027E+0	1.2454998140E-3
3.1129938524E+0	2.0988817270E+0	1.2197378472E-3
3.1142007007E+0	2.0103929336E+0	1.1939554970E-3
3.1153817567E+0	1.9237849683E+0	1.1681531941E-3
3.1165370006E+0	1.8390603730E+0	1.1423313699E-3
3.1176664131E+0	1.7562215881E+0	1.1164904558E-3
3.1187699753E+0	1.6752709557E+0	1.0906308836E-3
3.1198476688E+0	1.5962107225E+0	1.0647530855E-3
3.1208994755E+0	1.5190430423E+0	1.0388574939E-3
3.1219253780E+0	1.4437699794E+0	1.0129445417E-3
3.1229253590E+0	1.3703935104E+0	9.8701466182E-4
3.1238994018E+0	1.2989155276E+0	9.6106828758E-4
3.1248474902E+0	1.2293378411E+0	9.3510585261E-4
3.1257696083E+0	1.1616621817E+0	9.0912779076E-4
3.1266657407E+0	1.0958902029E+0	8.8313453619E-4
3.1275358724E+0	1.0320234838E+0	8.5712652325E-4
3.1283799890E+0	9.7006353108E-1	8.3110418659E-4
3.1291980762E+0	9.1001178151E-1	8.0506796108E-4
3.1299901204E+0	8.5186960403E-1	7.7901828182E-4
3.1307561084E+0	7.9563830197E-1	7.5295558414E-4
3.1314960274E+0	7.4131911511E-1	7.2688030358E-4
3.1322098650E+0	6.8891322177E-1	7.0079287589E-4
3.1328976092E+0	6.3842174072E-1	6.7469373705E-4
3.1335592487E+0	5.8984573311E-1	6.4858332323E-4
3.1341947723E+0	5.4318620431E-1	6.2246207073E-4
3.1348041694E+0	4.9844410567E-1	5.9633041614E-4
3.1353874298E+0	4.5562033623E-1	5.7018879612E-4
3.1359445438E+0	4.1471574434E-1	5.4403764760E-4
3.1364755020E+0	3.7573112928E-1	5.1787740760E-4
3.1369802957E+0	3.3866724269E-1	4.9170851331E-4
3.1374589163E+0	3.0352479009E-1	4.6553140213E-4
3.1379113559E+0	2.7030443215E-1	4.3934651156E-4
3.1383376069E+0	2.3900678606E-1	4.1315427928E-4
3.1387376622E+0	2.0963242673E-1	3.8695514312E-4
3.1391115150E+0	1.8218188793E-1	3.6074954110E-4
3.1394591592E+0	1.5665566340E-1	3.3453791144E-4
3.1397805890E+0	1.3305420785E-1	3.0832069259E-4
3.1400757989E+0	1.1137793786E-1	2.8209832342E-4
3.1403447841E+0	9.1627232795E-2	2.5587124334E-4
3.1405875400E+0	7.3802435502E-2	2.2963989267E-4
3.1408040626E+0	5.7903852987E-2	2.0340471372E-4
3.1409943483E+0	4.3931756867E-2	1.7716615272E-4
3.1411583939E+0	3.1886383506E-2	1.5092466531E-4
3.1412961968E+0	2.1767933375E-2	1.2468073282E-4
3.1414077547E+0	1.3576567975E-2	9.8434919423E-5
3.1414930663E+0	7.3123969842E-3	7.2188137769E-5
3.1415521316E+0	2.9754075369E-3	4.5943520243E-5
3.1415849628E+0	5.6470896630E-4	1.9736940383E-5