# Differential cross section		
# Author: P. Swaczyna	Princeton University	(swaczyna@princeton.edu)
# Date: 	Fri 4 Dec 2020 01:17:16	
# 		
# Elastic collision: H^0 + He^0 -> H^0 + He^0		
# 		
# Red. mass: 	7.5005505498E+8	 eV/c^2
# CM energy: 	9.2257142715E-4	 eV
# Rel speed: 	4.7020704265E+4	 cm/s
# Tot sigma: 	2.2909380903E+2	 a.u.
# Int sigma: 	2.2909380903E+2	 a.u.
# 		
# Columns:		
# the <- scattering angle (rad)		
# dcs <- dsigma/dOmega*2*pi*sin(the) (a.u. = 2.8002852056E-17 cm^2)		
# wei <- weight for cross section integration (approx. width of angle bin)		
# 		
# the	dcs	wei
7.6907532846E-6	2.8145595267E-3	1.9736940383E-5
4.0521979771E-5	1.4829694804E-2	4.5943520243E-5
9.9587300392E-5	3.6445634368E-2	7.2188137769E-5
1.8489884726E-4	6.7666816833E-2	9.8434919423E-5
2.9645680168E-4	1.0849330480E-1	1.2468073282E-4
4.3425968311E-4	1.5892454829E-1	1.5092466531E-4
5.9830531657E-4	2.1895973618E-1	1.7716615272E-4
7.8859101285E-4	2.8859785897E-1	2.0340471372E-4
1.0051136166E-3	3.6783772251E-1	2.2963989267E-4
1.2478695220E-3	4.5667794947E-1	2.5587124334E-4
1.5168546797E-3	5.5511697652E-1	2.8209832342E-4
1.8120645986E-3	6.6315304979E-1	3.0832069259E-4
2.1334943481E-3	7.8078421908E-1	3.3453791144E-4
2.4811385584E-3	9.0800833133E-1	3.6074954110E-4
2.8549914211E-3	1.0448230233E+0	3.8695514312E-4
3.2550466893E-3	1.1912257137E+0	4.1315427928E-4
3.6812976783E-3	1.3472135945E+0	4.3934651156E-4
4.1337372652E-3	1.5127836219E+0	4.6553140213E-4
4.6123578895E-3	1.6879325066E+0	4.9170851331E-4
5.1171515529E-3	1.8726567033E+0	5.1787740760E-4
5.6481098199E-3	2.0669523997E+0	5.4403764760E-4
6.2052238176E-3	2.2708155053E+0	5.7018879612E-4
6.7884842360E-3	2.4842416388E+0	5.9633041614E-4
7.3978813281E-3	2.7072261158E+0	6.2246207073E-4
8.0334049101E-3	2.9397639355E+0	6.4858332323E-4
8.6950443616E-3	3.1818497666E+0	6.7469373705E-4
9.3827886258E-3	3.4334779331E+0	7.0079287589E-4
1.0096626210E-2	3.6946423993E+0	7.2688030358E-4
1.0836545184E-2	3.9653367544E+0	7.5295558414E-4
1.1602533184E-2	4.2455541960E+0	7.7901828182E-4
1.2394577408E-2	4.5352875142E+0	8.0506796108E-4
1.3212664621E-2	4.8345290739E+0	8.3110418659E-4
1.4056781152E-2	5.1432707969E+0	8.5712652325E-4
1.4926912893E-2	5.4615041445E+0	8.8313453619E-4
1.5823045305E-2	5.7892200979E+0	9.0912779076E-4
1.6745163410E-2	6.1264091395E+0	9.3510585261E-4
1.7693251801E-2	6.4730612326E+0	9.6106828758E-4
1.8667294632E-2	6.8291658016E+0	9.8701466182E-4
1.9667275626E-2	7.1947117108E+0	1.0129445417E-3
2.0693178073E-2	7.5696872435E+0	1.0388574939E-3
2.1744984827E-2	7.9540800797E+0	1.0647530855E-3
2.2822678313E-2	8.3478772744E+0	1.0906308836E-3
2.3926240519E-2	8.7510652344E+0	1.1164904558E-3
2.5055653005E-2	9.1636296953E+0	1.1423313699E-3
2.6210896896E-2	9.5855556981E+0	1.1681531941E-3
2.7391952886E-2	1.0016827564E+1	1.1939554970E-3
2.8598801239E-2	1.0457428873E+1	1.2197378472E-3
2.9831421786E-2	1.0907342433E+1	1.2454998140E-3
3.1089793929E-2	1.1366550261E+1	1.2712409668E-3
3.2373896638E-2	1.1835033553E+1	1.2969608754E-3
3.3683708455E-2	1.2312772661E+1	1.3226591101E-3
3.5019207490E-2	1.2799747061E+1	1.3483352414E-3
3.6380371427E-2	1.3295935334E+1	1.3739888402E-3
3.7767177517E-2	1.3801315132E+1	1.3996194778E-3
3.9179602586E-2	1.4315863152E+1	1.4252267258E-3
4.0617623030E-2	1.4839555111E+1	1.4508101565E-3
4.2081214817E-2	1.5372365713E+1	1.4763693421E-3
4.3570353490E-2	1.5914268625E+1	1.5019038556E-3
4.5085014162E-2	1.6465236444E+1	1.5274132703E-3
4.6625171522E-2	1.7025240671E+1	1.5528971598E-3
4.8190799831E-2	1.7594251679E+1	1.5783550984E-3
4.9781872927E-2	1.8172238687E+1	1.6037866605E-3
5.1398364219E-2	1.8759169723E+1	1.6291914212E-3
5.3040246694E-2	1.9355011601E+1	1.6545689559E-3
5.4707492914E-2	1.9959729889E+1	1.6799188405E-3
5.6400075017E-2	2.0573288875E+1	1.7052406515E-3
5.8117964718E-2	2.1195651538E+1	1.7305339655E-3
5.9861133308E-2	2.1826779521E+1	1.7557983600E-3
6.1629551657E-2	2.2466633092E+1	1.7810334128E-3
6.3423190212E-2	2.3115171120E+1	1.8062387021E-3
6.5242019000E-2	2.3772351041E+1	1.8314138067E-3
6.7086007624E-2	2.4438128826E+1	1.8565583060E-3
6.8955125270E-2	2.5112458951E+1	1.8816717796E-3
7.0849340702E-2	2.5795294362E+1	1.9067538080E-3
7.2768622264E-2	2.6486586449E+1	1.9318039720E-3
7.4712937885E-2	2.7186285011E+1	1.9568218529E-3
7.6682255070E-2	2.7894338227E+1	1.9818070327E-3
7.8676540910E-2	2.8610692619E+1	2.0067590939E-3
8.0695762079E-2	2.9335293027E+1	2.0316776194E-3
8.2739884832E-2	3.0068082577E+1	2.0565621928E-3
8.4808875009E-2	3.0809002644E+1	2.0814123983E-3
8.6902698034E-2	3.1557992829E+1	2.1062278206E-3
8.9021318917E-2	3.2314990923E+1	2.1310080450E-3
9.1164702253E-2	3.3079932877E+1	2.1557526574E-3
9.3332812224E-2	3.3852752772E+1	2.1804612443E-3
9.5525612596E-2	3.4633382792E+1	2.2051333928E-3
9.7743066726E-2	3.5421753189E+1	2.2297686905E-3
9.9985137556E-2	3.6217792255E+1	2.2543667257E-3
1.0225178762E-1	3.7021426296E+1	2.2789270875E-3
1.0454297904E-1	3.7832579597E+1	2.3034493653E-3
1.0685867352E-1	3.8651174400E+1	2.3279331494E-3
1.0919883237E-1	3.9477130871E+1	2.3523780306E-3
1.1156341648E-1	4.0310367074E+1	2.3767836004E-3
1.1395238633E-1	4.1150798945E+1	2.4011494510E-3
1.1636570200E-1	4.1998340264E+1	2.4254751751E-3
1.1880332317E-1	4.2852902627E+1	2.4497603662E-3
1.2126520909E-1	4.3714395424E+1	2.4740046186E-3
1.2375131862E-1	4.4582725811E+1	2.4982075270E-3
1.2626161023E-1	4.5457798689E+1	2.5223686871E-3
1.2879604195E-1	4.6339516674E+1	2.5464876949E-3
1.3135457143E-1	4.7227780082E+1	2.5705641475E-3
1.3393715592E-1	4.8122486900E+1	2.5945976426E-3
1.3654375226E-1	4.9023532767E+1	2.6185877784E-3
1.3917431689E-1	4.9930810953E+1	2.6425341541E-3
1.4182880585E-1	5.0844212340E+1	2.6664363695E-3
1.4450717478E-1	5.1763625401E+1	2.6902940251E-3
1.4720937892E-1	5.2688936182E+1	2.7141067224E-3
1.4993537310E-1	5.3620028285E+1	2.7378740632E-3
1.5268511179E-1	5.4556782854E+1	2.7615956505E-3
1.5545854902E-1	5.5499078553E+1	2.7852710878E-3
1.5825563845E-1	5.6446791560E+1	2.8088999795E-3
1.6107633333E-1	5.7399795546E+1	2.8324819307E-3
1.6392058653E-1	5.8357961668E+1	2.8560165473E-3
1.6678835052E-1	5.9321158555E+1	2.8795034361E-3
1.6967957737E-1	6.0289252300E+1	2.9029422044E-3
1.7259421876E-1	6.1262106448E+1	2.9263324607E-3
1.7553222599E-1	6.2239581992E+1	2.9496738141E-3
1.7849354996E-1	6.3221537365E+1	2.9729658744E-3
1.8147814117E-1	6.4207828434E+1	2.9962082525E-3
1.8448594977E-1	6.5198308498E+1	3.0194005599E-3
1.8751692548E-1	6.6192828285E+1	3.0425424091E-3
1.9057101764E-1	6.7191235949E+1	3.0656334132E-3
1.9364817522E-1	6.8193377076E+1	3.0886731866E-3
1.9674834681E-1	6.9199094678E+1	3.1116613440E-3
1.9987148058E-1	7.0208229204E+1	3.1345975014E-3
2.0301752435E-1	7.1220618538E+1	3.1574812755E-3
2.0618642554E-1	7.2236098011E+1	3.1803122838E-3
2.0937813120E-1	7.3254500407E+1	3.2030901448E-3
2.1259258799E-1	7.4275655971E+1	3.2258144779E-3
2.1582974219E-1	7.5299392423E+1	3.2484849032E-3
2.1908953970E-1	7.6325534969E+1	3.2711010421E-3
2.2237192605E-1	7.7353906317E+1	3.2936625164E-3
2.2567684639E-1	7.8384326691E+1	3.3161689492E-3
2.2900424548E-1	7.9416613852E+1	3.3386199643E-3
2.3235406772E-1	8.0450583117E+1	3.3610151867E-3
2.3572625713E-1	8.1486047380E+1	3.3833542419E-3
2.3912075735E-1	8.2522817134E+1	3.4056367567E-3
2.4253751167E-1	8.3560700501E+1	3.4278623588E-3
2.4597646298E-1	8.4599503256E+1	3.4500306767E-3
2.4943755380E-1	8.5639028855E+1	3.4721413399E-3
2.5292072631E-1	8.6679078469E+1	3.4941939790E-3
2.5642592230E-1	8.7719451015E+1	3.5161882254E-3
2.5995308318E-1	8.8759943193E+1	3.5381237115E-3
2.6350215001E-1	8.9800349522E+1	3.5600000709E-3
2.6707306349E-1	9.0840462375E+1	3.5818169379E-3
2.7066576394E-1	9.1880072028E+1	3.6035739479E-3
2.7428019131E-1	9.2918966697E+1	3.6252707373E-3
2.7791628522E-1	9.3956932584E+1	3.6469069436E-3
2.8157398488E-1	9.4993753924E+1	3.6684822051E-3
2.8525322919E-1	9.6029213038E+1	3.6899961614E-3
2.8895395665E-1	9.7063090376E+1	3.7114484529E-3
2.9267610542E-1	9.8095164580E+1	3.7328387211E-3
2.9641961330E-1	9.9125212531E+1	3.7541666086E-3
3.0018441773E-1	1.0015300941E+2	3.7754317588E-3
3.0397045579E-1	1.0117832876E+2	3.7966338166E-3
3.0777766421E-1	1.0220094255E+2	3.8177724274E-3
3.1160597938E-1	1.0322062122E+2	3.8388472382E-3
3.1545533730E-1	1.0423713376E+2	3.8598578967E-3
3.1932567367E-1	1.0525024780E+2	3.8808040517E-3
3.2321692379E-1	1.0625972963E+2	3.9016853533E-3
3.2712902264E-1	1.0726534433E+2	3.9225014525E-3
3.3106190484E-1	1.0826685578E+2	3.9432520014E-3
3.3501550468E-1	1.0926402679E+2	3.9639366533E-3
3.3898975607E-1	1.1025661915E+2	3.9845550624E-3
3.4298459261E-1	1.1124439374E+2	4.0051068843E-3
3.4699994753E-1	1.1222711055E+2	4.0255917754E-3
3.5103575373E-1	1.1320452884E+2	4.0460093936E-3
3.5509194378E-1	1.1417640716E+2	4.0663593974E-3
3.5916844988E-1	1.1514250349E+2	4.0866414469E-3
3.6326520391E-1	1.1610257530E+2	4.1068552032E-3
3.6738213741E-1	1.1705637963E+2	4.1270003283E-3
3.7151918157E-1	1.1800367324E+2	4.1470764858E-3
3.7567626728E-1	1.1894421263E+2	4.1670833400E-3
3.7985332504E-1	1.1987775419E+2	4.1870205567E-3
3.8405028507E-1	1.2080405427E+2	4.2068878026E-3
3.8826707721E-1	1.2172286933E+2	4.2266847457E-3
3.9250363101E-1	1.2263395594E+2	4.2464110553E-3
3.9675987567E-1	1.2353707102E+2	4.2660664016E-3
4.0103574005E-1	1.2443197181E+2	4.2856504563E-3
4.0533115271E-1	1.2531841607E+2	4.3051628919E-3
4.0964604185E-1	1.2619616217E+2	4.3246033825E-3
4.1398033538E-1	1.2706496915E+2	4.3439716031E-3
4.1833396086E-1	1.2792459689E+2	4.3632672302E-3
4.2270684554E-1	1.2877480620E+2	4.3824899412E-3
4.2709891633E-1	1.2961535893E+2	4.4016394148E-3
4.3151009985E-1	1.3044601807E+2	4.4207153312E-3
4.3594032237E-1	1.3126654791E+2	4.4397173715E-3
4.4038950986E-1	1.3207671411E+2	4.4586452181E-3
4.4485758797E-1	1.3287628383E+2	4.4774985548E-3
4.4934448203E-1	1.3366502587E+2	4.4962770664E-3
4.5385011706E-1	1.3444271076E+2	4.5149804392E-3
4.5837441776E-1	1.3520911090E+2	4.5336083606E-3
4.6291730852E-1	1.3596400067E+2	4.5521605193E-3
4.6747871344E-1	1.3670715654E+2	4.5706366053E-3
4.7205855627E-1	1.3743835723E+2	4.5890363098E-3
4.7665676049E-1	1.3815738378E+2	4.6073593254E-3
4.8127324926E-1	1.3886401972E+2	4.6256053458E-3
4.8590794542E-1	1.3955805117E+2	4.6437740661E-3
4.9056077152E-1	1.4023926694E+2	4.6618651826E-3
4.9523164982E-1	1.4090745869E+2	4.6798783932E-3
4.9992050224E-1	1.4156242106E+2	4.6978133967E-3
5.0462725044E-1	1.4220395174E+2	4.7156698934E-3
5.0935181576E-1	1.4283185163E+2	4.7334475849E-3
5.1409411924E-1	1.4344592495E+2	4.7511461741E-3
5.1885408164E-1	1.4404597940E+2	4.7687653653E-3
5.2363162341E-1	1.4463182620E+2	4.7863048641E-3
5.2842666471E-1	1.4520328028E+2	4.8037643772E-3
5.3323912540E-1	1.4576016039E+2	4.8211436130E-3
5.3806892508E-1	1.4630228917E+2	4.8384422809E-3
5.4291598301E-1	1.4682949334E+2	4.8556600920E-3
5.4778021821E-1	1.4734160376E+2	4.8727967585E-3
5.5266154939E-1	1.4783845556E+2	4.8898519940E-3
5.5755989496E-1	1.4831988828E+2	4.9068255135E-3
5.6247517308E-1	1.4878574596E+2	4.9237170334E-3
5.6740730160E-1	1.4923587723E+2	4.9405262713E-3
5.7235619810E-1	1.4967013547E+2	4.9572529464E-3
5.7732177988E-1	1.5008837888E+2	4.9738967791E-3
5.8230396395E-1	1.5049047063E+2	4.9904574913E-3
5.8730266706E-1	1.5087627889E+2	5.0069348063E-3
5.9231780568E-1	1.5124567700E+2	5.0233284486E-3
5.9734929598E-1	1.5159854356E+2	5.0396381444E-3
6.0239705389E-1	1.5193476249E+2	5.0558636210E-3
6.0746099506E-1	1.5225422319E+2	5.0720046074E-3
6.1254103485E-1	1.5255682056E+2	5.0880608338E-3
6.1763708838E-1	1.5284245515E+2	5.1040320318E-3
6.2274907048E-1	1.5311103323E+2	5.1199179345E-3
6.2787689573E-1	1.5336246687E+2	5.1357182766E-3
6.3302047843E-1	1.5359667403E+2	5.1514327939E-3
6.3817973262E-1	1.5381357862E+2	5.1670612238E-3
6.4335457209E-1	1.5401311063E+2	5.1826033052E-3
6.4854491036E-1	1.5419520614E+2	5.1980587783E-3
6.5375066070E-1	1.5435980744E+2	5.2134273849E-3
6.5897173609E-1	1.5450686309E+2	5.2287088681E-3
6.6420804930E-1	1.5463632794E+2	5.2439029725E-3
6.6945951283E-1	1.5474816325E+2	5.2590094442E-3
6.7472603890E-1	1.5484233674E+2	5.2740280309E-3
6.8000753951E-1	1.5491882259E+2	5.2889584814E-3
6.8530392640E-1	1.5497760156E+2	5.3038005463E-3
6.9061511106E-1	1.5501866099E+2	5.3185539776E-3
6.9594100473E-1	1.5504199487E+2	5.3332185287E-3
7.0128151841E-1	1.5504760387E+2	5.3477939546E-3
7.0663656285E-1	1.5503549536E+2	5.3622800116E-3
7.1200604856E-1	1.5500568346E+2	5.3766764577E-3
7.1738988581E-1	1.5495818906E+2	5.3909830523E-3
7.2278798463E-1	1.5489303986E+2	5.4051995564E-3
7.2820025482E-1	1.5481027036E+2	5.4193257323E-3
7.3362660591E-1	1.5470992188E+2	5.4333613439E-3
7.3906694724E-1	1.5459204259E+2	5.4473061568E-3
7.4452118788E-1	1.5445668751E+2	5.4611599379E-3
7.4998923669E-1	1.5430391848E+2	5.4749224557E-3
7.5547100229E-1	1.5413380420E+2	5.4885934801E-3
7.6096639308E-1	1.5394642021E+2	5.5021727828E-3
7.6647531721E-1	1.5374184885E+2	5.5156601367E-3
7.7199768263E-1	1.5352017929E+2	5.5290553166E-3
7.7753339704E-1	1.5328150745E+2	5.5423580985E-3
7.8308236795E-1	1.5302593605E+2	5.5555682601E-3
7.8864450262E-1	1.5275357451E+2	5.5686855808E-3
7.9421970809E-1	1.5246453895E+2	5.5817098412E-3
7.9980789121E-1	1.5215895214E+2	5.5946408237E-3
8.0540895857E-1	1.5183694347E+2	5.6074783123E-3
8.1102281659E-1	1.5149864887E+2	5.6202220924E-3
8.1664937145E-1	1.5114421080E+2	5.6328719509E-3
8.2228852912E-1	1.5077377815E+2	5.6454276767E-3
8.2794019536E-1	1.5038750621E+2	5.6578890597E-3
8.3360427572E-1	1.4998555658E+2	5.6702558918E-3
8.3928067556E-1	1.4956809710E+2	5.6825279663E-3
8.4496930000E-1	1.4913530181E+2	5.6947050782E-3
8.5067005399E-1	1.4868735082E+2	5.7067870238E-3
8.5638284226E-1	1.4822443023E+2	5.7187736014E-3
8.6210756934E-1	1.4774673210E+2	5.7306646105E-3
8.6784413956E-1	1.4725445427E+2	5.7424598526E-3
8.7359245705E-1	1.4674780032E+2	5.7541591304E-3
8.7935242576E-1	1.4622697948E+2	5.7657622485E-3
8.8512394943E-1	1.4569220644E+2	5.7772690129E-3
8.9090693161E-1	1.4514370135E+2	5.7886792314E-3
8.9670127565E-1	1.4458168962E+2	5.7999927133E-3
9.0250688473E-1	1.4400640185E+2	5.8112092696E-3
9.0832366182E-1	1.4341807368E+2	5.8223287127E-3
9.1415150972E-1	1.4281694568E+2	5.8333508568E-3
9.1999033104E-1	1.4220326321E+2	5.8442755178E-3
9.2584002820E-1	1.4157727630E+2	5.8551025132E-3
9.3170050345E-1	1.4093923951E+2	5.8658316618E-3
9.3757165885E-1	1.4028941178E+2	5.8764627846E-3
9.4345339628E-1	1.3962805628E+2	5.8869957037E-3
9.4934561746E-1	1.3895544030E+2	5.8974302433E-3
9.5524822392E-1	1.3827183506E+2	5.9077662288E-3
9.6116111701E-1	1.3757751557E+2	5.9180034877E-3
9.6708419793E-1	1.3687276049E+2	5.9281418487E-3
9.7301736769E-1	1.3615785195E+2	5.9381811425E-3
9.7896052713E-1	1.3543307542E+2	5.9481212013E-3
9.8491357695E-1	1.3469871951E+2	5.9579618591E-3
9.9087641766E-1	1.3395507581E+2	5.9677029512E-3
9.9684894961E-1	1.3320243875E+2	5.9773443150E-3
1.0028310730E+0	1.3244110541E+2	5.9868857894E-3
1.0088226878E+0	1.3167137535E+2	5.9963272149E-3
1.0148236940E+0	1.3089355045E+2	6.0056684336E-3
1.0208339913E+0	1.3010793469E+2	6.0149092896E-3
1.0268534791E+0	1.2931483405E+2	6.0240496283E-3
1.0328820570E+0	1.2851455627E+2	6.0330892971E-3
1.0389196241E+0	1.2770741067E+2	6.0420281448E-3
1.0449660796E+0	1.2689370802E+2	6.0508660221E-3
1.0510213224E+0	1.2607376031E+2	6.0596027814E-3
1.0570852514E+0	1.2524788060E+2	6.0682382765E-3
1.0631577652E+0	1.2441638282E+2	6.0767723631E-3
1.0692387623E+0	1.2357958158E+2	6.0852048988E-3
1.0753281411E+0	1.2273779202E+2	6.0935357425E-3
1.0814257998E+0	1.2189132959E+2	6.1017647550E-3
1.0875316366E+0	1.2104050989E+2	6.1098917988E-3
1.0936455494E+0	1.2018564848E+2	6.1179167381E-3
1.0997674360E+0	1.1932706068E+2	6.1258394388E-3
1.1058971941E+0	1.1846506143E+2	6.1336597685E-3
1.1120347214E+0	1.1759996508E+2	6.1413775965E-3
1.1181799151E+0	1.1673208518E+2	6.1489927938E-3
1.1243326727E+0	1.1586173439E+2	6.1565052331E-3
1.1304928913E+0	1.1498922419E+2	6.1639147890E-3
1.1366604679E+0	1.1411486480E+2	6.1712213376E-3
1.1428352996E+0	1.1323896492E+2	6.1784247568E-3
1.1490172830E+0	1.1236183164E+2	6.1855249261E-3
1.1552063150E+0	1.1148377020E+2	6.1925217271E-3
1.1614022920E+0	1.1060508385E+2	6.1994150427E-3
1.1676051105E+0	1.0972607367E+2	6.2062047577E-3
1.1738146669E+0	1.0884703841E+2	6.2128907587E-3
1.1800308574E+0	1.0796827435E+2	6.2194729339E-3
1.1862535782E+0	1.0709007506E+2	6.2259511734E-3
1.1924827251E+0	1.0621273135E+2	6.2323253688E-3
1.1987181942E+0	1.0533653102E+2	6.2385954138E-3
1.2049598812E+0	1.0446175876E+2	6.2447612034E-3
1.2112076818E+0	1.0358869598E+2	6.2508226346E-3
1.2174614916E+0	1.0271762065E+2	6.2567796062E-3
1.2237212062E+0	1.0184880718E+2	6.2626320186E-3
1.2299867208E+0	1.0098252628E+2	6.2683797740E-3
1.2362579308E+0	1.0011904480E+2	6.2740227763E-3
1.2425347314E+0	9.9258625603E+1	6.2795609313E-3
1.2488170177E+0	9.8401527435E+1	6.2849941464E-3
1.2551046847E+0	9.7548004806E+1	6.2903223308E-3
1.2613976273E+0	9.6698307859E+1	6.2955453954E-3
1.2676957404E+0	9.5852682250E+1	6.3006632530E-3
1.2739989187E+0	9.5011369036E+1	6.3056758180E-3
1.2803070569E+0	9.4174604561E+1	6.3105830068E-3
1.2866200496E+0	9.3342620348E+1	6.3153847371E-3
1.2929377912E+0	9.2515642998E+1	6.3200809290E-3
1.2992601762E+0	9.1693894090E+1	6.3246715037E-3
1.3055870990E+0	9.0877590087E+1	6.3291563847E-3
1.3119184537E+0	9.0066942243E+1	6.3335354970E-3
1.3182541347E+0	8.9262156522E+1	6.3378087674E-3
1.3245940360E+0	8.8463433513E+1	6.3419761245E-3
1.3309380516E+0	8.7670968353E+1	6.3460374987E-3
1.3372860756E+0	8.6884950658E+1	6.3499928220E-3
1.3436380019E+0	8.6105564452E+1	6.3538420284E-3
1.3499937243E+0	8.5332988105E+1	6.3575850535E-3
1.3563531366E+0	8.4567394276E+1	6.3612218349E-3
1.3627161325E+0	8.3808949857E+1	6.3647523117E-3
1.3690826057E+0	8.3057815926E+1	6.3681764249E-3
1.3754524499E+0	8.2314147702E+1	6.3714941173E-3
1.3818255585E+0	8.1578094504E+1	6.3747053335E-3
1.3882018250E+0	8.0849799719E+1	6.3778100198E-3
1.3945811430E+0	8.0129400768E+1	6.3808081243E-3
1.4009634057E+0	7.9417029083E+1	6.3836995970E-3
1.4073485066E+0	7.8712810086E+1	6.3864843894E-3
1.4137363389E+0	7.8016863172E+1	6.3891624551E-3
1.4201267959E+0	7.7329301696E+1	6.3917337493E-3
1.4265197708E+0	7.6650232970E+1	6.3941982290E-3
1.4329151568E+0	7.5979758255E+1	6.3965558531E-3
1.4393128469E+0	7.5317972767E+1	6.3988065821E-3
1.4457127343E+0	7.4664965682E+1	6.4009503785E-3
1.4521147120E+0	7.4020820148E+1	6.4029872063E-3
1.4585186731E+0	7.3385613298E+1	6.4049170317E-3
1.4649245104E+0	7.2759416271E+1	6.4067398222E-3
1.4713321170E+0	7.2142294237E+1	6.4084555476E-3
1.4777413858E+0	7.1534306421E+1	6.4100641790E-3
1.4841522097E+0	7.0935506141E+1	6.4115656896E-3
1.4905644815E+0	7.0345940839E+1	6.4129600544E-3
1.4969780940E+0	6.9765652124E+1	6.4142472499E-3
1.5033929402E+0	6.9194675815E+1	6.4154272548E-3
1.5098089128E+0	6.8633041989E+1	6.4165000493E-3
1.5162259046E+0	6.8080775034E+1	6.4174656154E-3
1.5226438083E+0	6.7537893703E+1	6.4183239370E-3
1.5290625167E+0	6.7004411171E+1	6.4190749998E-3
1.5354819225E+0	6.6480335104E+1	6.4197187912E-3
1.5419019185E+0	6.5965667716E+1	6.4202553005E-3
1.5483223974E+0	6.5460405845E+1	6.4206845187E-3
1.5547432518E+0	6.4964541022E+1	6.4210064386E-3
1.5611643745E+0	6.4478059548E+1	6.4212210549E-3
1.5675856581E+0	6.4000942569E+1	6.4213283639E-3
1.5740069954E+0	6.3533166161E+1	6.4213283639E-3
1.5804282791E+0	6.3074701415E+1	6.4212210549E-3
1.5868494018E+0	6.2625514516E+1	6.4210064386E-3
1.5932702562E+0	6.2185566842E+1	6.4206845187E-3
1.5996907351E+0	6.1754815049E+1	6.4202553005E-3
1.6061107310E+0	6.1333211166E+1	6.4197187912E-3
1.6125301369E+0	6.0920702696E+1	6.4190749998E-3
1.6189488453E+0	6.0517232707E+1	6.4183239370E-3
1.6253667490E+0	6.0122739936E+1	6.4174656154E-3
1.6317837408E+0	5.9737158894E+1	6.4165000493E-3
1.6381997134E+0	5.9360419962E+1	6.4154272548E-3
1.6446145595E+0	5.8992449507E+1	6.4142472499E-3
1.6510281721E+0	5.8633169978E+1	6.4129600544E-3
1.6574404439E+0	5.8282500025E+1	6.4115656896E-3
1.6638512678E+0	5.7940354601E+1	6.4100641790E-3
1.6702605366E+0	5.7606645076E+1	6.4084555476E-3
1.6766681432E+0	5.7281279349E+1	6.4067398222E-3
1.6830739805E+0	5.6964161962E+1	6.4049170317E-3
1.6894779416E+0	5.6655194212E+1	6.4029872063E-3
1.6958799193E+0	5.6354274266E+1	6.4009503785E-3
1.7022798067E+0	5.6061297275E+1	6.3988065821E-3
1.7086774968E+0	5.5776155495E+1	6.3965558531E-3
1.7150728827E+0	5.5498738396E+1	6.3941982290E-3
1.7214658576E+0	5.5228932782E+1	6.3917337493E-3
1.7278563146E+0	5.4966622909E+1	6.3891624551E-3
1.7342441470E+0	5.4711690597E+1	6.3864843894E-3
1.7406292478E+0	5.4464015352E+1	6.3836995970E-3
1.7470115106E+0	5.4223474478E+1	6.3808081243E-3
1.7533908286E+0	5.3989943197E+1	6.3778100198E-3
1.7597670951E+0	5.3763294760E+1	6.3747053335E-3
1.7661402037E+0	5.3543400568E+1	6.3714941173E-3
1.7725100479E+0	5.3330130284E+1	6.3681764249E-3
1.7788765211E+0	5.3123351948E+1	6.3647523117E-3
1.7852395170E+0	5.2922932089E+1	6.3612218349E-3
1.7915989293E+0	5.2728735841E+1	6.3575850535E-3
1.7979546517E+0	5.2540627053E+1	6.3538420284E-3
1.8043065780E+0	5.2358468400E+1	6.3499928220E-3
1.8106546020E+0	5.2182121494E+1	6.3460374987E-3
1.8169986176E+0	5.2011446993E+1	6.3419761245E-3
1.8233385189E+0	5.1846304706E+1	6.3378087674E-3
1.8296741999E+0	5.1686553705E+1	6.3335354970E-3
1.8360055546E+0	5.1532052423E+1	6.3291563847E-3
1.8423324774E+0	5.1382658765E+1	6.3246715037E-3
1.8486548624E+0	5.1238230205E+1	6.3200809290E-3
1.8549726040E+0	5.1098623889E+1	6.3153847371E-3
1.8612855967E+0	5.0963696734E+1	6.3105830068E-3
1.8675937349E+0	5.0833305525E+1	6.3056758180E-3
1.8738969132E+0	5.0707307012E+1	6.3006632530E-3
1.8801950263E+0	5.0585558003E+1	6.2955453954E-3
1.8864879689E+0	5.0467915458E+1	6.2903223308E-3
1.8927756359E+0	5.0354236576E+1	6.2849941464E-3
1.8990579222E+0	5.0244378889E+1	6.2795609313E-3
1.9053347228E+0	5.0138200343E+1	6.2740227763E-3
1.9116059328E+0	5.0035559387E+1	6.2683797740E-3
1.9178714474E+0	4.9936315054E+1	6.2626320186E-3
1.9241311620E+0	4.9840327043E+1	6.2567796062E-3
1.9303849718E+0	4.9747455796E+1	6.2508226346E-3
1.9366327724E+0	4.9657562576E+1	6.2447612034E-3
1.9428744594E+0	4.9570509542E+1	6.2385954138E-3
1.9491099285E+0	4.9486159818E+1	6.2323253688E-3
1.9553390754E+0	4.9404377569E+1	6.2259511734E-3
1.9615617961E+0	4.9325028065E+1	6.2194729339E-3
1.9677779867E+0	4.9247977748E+1	6.2128907587E-3
1.9739875431E+0	4.9173094297E+1	6.2062047577E-3
1.9801903616E+0	4.9100246688E+1	6.1994150427E-3
1.9863863386E+0	4.9029305256E+1	6.1925217271E-3
1.9925753706E+0	4.8960141747E+1	6.1855249261E-3
1.9987573540E+0	4.8892629382E+1	6.1784247568E-3
2.0049321857E+0	4.8826642900E+1	6.1712213376E-3
2.0110997623E+0	4.8762058616E+1	6.1639147890E-3
2.0172599809E+0	4.8698754466E+1	6.1565052331E-3
2.0234127385E+0	4.8636610056E+1	6.1489927938E-3
2.0295579322E+0	4.8575506704E+1	6.1413775965E-3
2.0356954595E+0	4.8515327481E+1	6.1336597685E-3
2.0418252176E+0	4.8455957255E+1	6.1258394388E-3
2.0479471042E+0	4.8397282726E+1	6.1179167381E-3
2.0540610170E+0	4.8339192462E+1	6.1098917988E-3
2.0601668538E+0	4.8281576934E+1	6.1017647550E-3
2.0662645125E+0	4.8224328544E+1	6.0935357425E-3
2.0723538913E+0	4.8167341660E+1	6.0852048988E-3
2.0784348884E+0	4.8110512639E+1	6.0767723631E-3
2.0845074022E+0	4.8053739853E+1	6.0682382765E-3
2.0905713312E+0	4.7996923715E+1	6.0596027814E-3
2.0966265740E+0	4.7939966699E+1	6.0508660221E-3
2.1026730295E+0	4.7882773359E+1	6.0420281448E-3
2.1087105966E+0	4.7825250349E+1	6.0330892971E-3
2.1147391745E+0	4.7767306434E+1	6.0240496283E-3
2.1207586623E+0	4.7708852512E+1	6.0149092896E-3
2.1267689596E+0	4.7649801617E+1	6.0056684336E-3
2.1327699657E+0	4.7590068939E+1	5.9963272149E-3
2.1387615806E+0	4.7529571824E+1	5.9868857894E-3
2.1447437040E+0	4.7468229787E+1	5.9773443150E-3
2.1507162359E+0	4.7405964516E+1	5.9677029512E-3
2.1566790766E+0	4.7342699874E+1	5.9579618591E-3
2.1626321265E+0	4.7278361904E+1	5.9481212013E-3
2.1685752859E+0	4.7212878827E+1	5.9381811425E-3
2.1745084557E+0	4.7146181045E+1	5.9281418487E-3
2.1804315366E+0	4.7078201132E+1	5.9180034877E-3
2.1863444297E+0	4.7008873838E+1	5.9077662288E-3
2.1922470361E+0	4.6938136080E+1	5.8974302433E-3
2.1981392573E+0	4.6865926936E+1	5.8869957037E-3
2.2040209947E+0	4.6792187635E+1	5.8764627846E-3
2.2098921501E+0	4.6716861554E+1	5.8658316618E-3
2.2157526254E+0	4.6639894200E+1	5.8551025132E-3
2.2216023226E+0	4.6561233205E+1	5.8442755178E-3
2.2274411439E+0	4.6480828311E+1	5.8333508568E-3
2.2332689918E+0	4.6398631355E+1	5.8223287127E-3
2.2390857689E+0	4.6314596255E+1	5.8112092696E-3
2.2448913779E+0	4.6228678998E+1	5.7999927133E-3
2.2506857220E+0	4.6140837615E+1	5.7886792314E-3
2.2564687042E+0	4.6051032171E+1	5.7772690129E-3
2.2622402278E+0	4.5959224743E+1	5.7657622485E-3
2.2680001965E+0	4.5865379400E+1	5.7541591304E-3
2.2737485140E+0	4.5769462185E+1	5.7424598526E-3
2.2794850843E+0	4.5671441090E+1	5.7306646105E-3
2.2852098113E+0	4.5571286037E+1	5.7187736014E-3
2.2909225996E+0	4.5468968857E+1	5.7067870238E-3
2.2966233536E+0	4.5364463261E+1	5.6947050782E-3
2.3023119780E+0	4.5257744822E+1	5.6825279663E-3
2.3079883779E+0	4.5148790945E+1	5.6702558918E-3
2.3136524582E+0	4.5037580846E+1	5.6578890597E-3
2.3193041245E+0	4.4924095526E+1	5.6454276767E-3
2.3249432821E+0	4.4808317741E+1	5.6328719509E-3
2.3305698370E+0	4.4690231980E+1	5.6202220924E-3
2.3361836950E+0	4.4569824435E+1	5.6074783123E-3
2.3417847624E+0	4.4447082973E+1	5.5946408237E-3
2.3473729455E+0	4.4321997111E+1	5.5817098412E-3
2.3529481510E+0	4.4194557984E+1	5.5686855808E-3
2.3585102856E+0	4.4064758320E+1	5.5555682601E-3
2.3640592565E+0	4.3932592410E+1	5.5423580985E-3
2.3695949710E+0	4.3798056076E+1	5.5290553166E-3
2.3751173364E+0	4.3661146645E+1	5.5156601367E-3
2.3806262605E+0	4.3521862919E+1	5.5021727828E-3
2.3861216513E+0	4.3380205145E+1	5.4885934801E-3
2.3916034169E+0	4.3236174984E+1	5.4749224557E-3
2.3970714657E+0	4.3089775482E+1	5.4611599379E-3
2.4025257064E+0	4.2941011040E+1	5.4473061568E-3
2.4079660477E+0	4.2789887383E+1	5.4333613439E-3
2.4133923988E+0	4.2636411532E+1	5.4193257323E-3
2.4188046690E+0	4.2480591770E+1	5.4051995564E-3
2.4242027678E+0	4.2322437618E+1	5.3909830523E-3
2.4295866050E+0	4.2161959796E+1	5.3766764577E-3
2.4349560907E+0	4.1999170200E+1	5.3622800116E-3
2.4403111352E+0	4.1834081872E+1	5.3477939546E-3
2.4456516489E+0	4.1666708964E+1	5.3332185287E-3
2.4509775425E+0	4.1497066713E+1	5.3185539776E-3
2.4562887272E+0	4.1325171412E+1	5.3038005463E-3
2.4615851141E+0	4.1151040375E+1	5.2889584814E-3
2.4668666147E+0	4.0974691914E+1	5.2740280309E-3
2.4721331408E+0	4.0796145306E+1	5.2590094442E-3
2.4773846043E+0	4.0615420763E+1	5.2439029725E-3
2.4826209175E+0	4.0432539405E+1	5.2287088681E-3
2.4878419929E+0	4.0247523234E+1	5.2134273849E-3
2.4930477432E+0	4.0060395098E+1	5.1980587783E-3
2.4982380815E+0	3.9871178671E+1	5.1826033052E-3
2.5034129210E+0	3.9679898418E+1	5.1670612238E-3
2.5085721752E+0	3.9486579574E+1	5.1514327939E-3
2.5137157579E+0	3.9291248110E+1	5.1357182766E-3
2.5188435831E+0	3.9093930711E+1	5.1199179345E-3
2.5239555652E+0	3.8894654746E+1	5.1040320318E-3
2.5290516187E+0	3.8693448243E+1	5.0880608338E-3
2.5341316585E+0	3.8490339864E+1	5.0720046074E-3
2.5391955997E+0	3.8285358874E+1	5.0558636210E-3
2.5442433576E+0	3.8078535121E+1	5.0396381444E-3
2.5492748479E+0	3.7869899010E+1	5.0233284486E-3
2.5542899865E+0	3.7659481473E+1	5.0069348063E-3
2.5592886896E+0	3.7447313952E+1	4.9904574913E-3
2.5642708737E+0	3.7233428367E+1	4.9738967791E-3
2.5692364555E+0	3.7017857101E+1	4.9572529464E-3
2.5741853520E+0	3.6800632967E+1	4.9405262713E-3
2.5791174805E+0	3.6581789193E+1	4.9237170334E-3
2.5840327586E+0	3.6361359393E+1	4.9068255135E-3
2.5889311042E+0	3.6139377549E+1	4.8898519940E-3
2.5938124354E+0	3.5915877988E+1	4.8727967585E-3
2.5986766706E+0	3.5690895359E+1	4.8556600920E-3
2.6035237285E+0	3.5464464613E+1	4.8384422809E-3
2.6083535282E+0	3.5236620981E+1	4.8211436130E-3
2.6131659889E+0	3.5007399956E+1	4.8037643772E-3
2.6179610302E+0	3.4776837269E+1	4.7863048641E-3
2.6227385719E+0	3.4544968875E+1	4.7687653653E-3
2.6274985343E+0	3.4311830927E+1	4.7511461741E-3
2.6322408378E+0	3.4077459762E+1	4.7334475849E-3
2.6369654032E+0	3.3841891882E+1	4.7156698934E-3
2.6416721513E+0	3.3605163933E+1	4.6978133967E-3
2.6463610038E+0	3.3367312690E+1	4.6798783932E-3
2.6510318821E+0	3.3128375040E+1	4.6618651826E-3
2.6556847082E+0	3.2888387963E+1	4.6437740661E-3
2.6603194043E+0	3.2647388515E+1	4.6256053458E-3
2.6649358931E+0	3.2405413815E+1	4.6073593254E-3
2.6695340973E+0	3.2162501027E+1	4.5890363098E-3
2.6741139402E+0	3.1918687344E+1	4.5706366053E-3
2.6786753451E+0	3.1674009975E+1	4.5521605193E-3
2.6832182358E+0	3.1428506128E+1	4.5336083606E-3
2.6877425365E+0	3.1182212999E+1	4.5149804392E-3
2.6922481716E+0	3.0935167755E+1	4.4962770664E-3
2.6967350656E+0	3.0687407520E+1	4.4774985548E-3
2.7012031437E+0	3.0438969365E+1	4.4586452181E-3
2.7056523312E+0	3.0189890293E+1	4.4397173715E-3
2.7100825537E+0	2.9940207227E+1	4.4207153312E-3
2.7144937373E+0	2.9689956998E+1	4.4016394148E-3
2.7188858081E+0	2.9439176332E+1	4.3824899412E-3
2.7232586927E+0	2.9187901840E+1	4.3632672302E-3
2.7276123182E+0	2.8936170008E+1	4.3439716031E-3
2.7319466117E+0	2.8684017183E+1	4.3246033825E-3
2.7362615009E+0	2.8431479565E+1	4.3051628919E-3
2.7405569135E+0	2.8178593197E+1	4.2856504563E-3
2.7448327779E+0	2.7925393952E+1	4.2660664016E-3
2.7490890226E+0	2.7671917530E+1	4.2464110553E-3
2.7533255764E+0	2.7418199442E+1	4.2266847457E-3
2.7575423685E+0	2.7164275004E+1	4.2068878026E-3
2.7617393285E+0	2.6910179331E+1	4.1870205567E-3
2.7659163863E+0	2.6655947325E+1	4.1670833400E-3
2.7700734720E+0	2.6401613668E+1	4.1470764858E-3
2.7742105162E+0	2.6147212816E+1	4.1270003283E-3
2.7783274497E+0	2.5892778990E+1	4.1068552032E-3
2.7824242037E+0	2.5638346171E+1	4.0866414469E-3
2.7865007098E+0	2.5383948091E+1	4.0663593974E-3
2.7905568999E+0	2.5129618227E+1	4.0460093936E-3
2.7945927061E+0	2.4875389796E+1	4.0255917754E-3
2.7986080610E+0	2.4621295749E+1	4.0051068843E-3
2.8026028975E+0	2.4367368762E+1	3.9845550624E-3
2.8065771489E+0	2.4113641238E+1	3.9639366533E-3
2.8105307487E+0	2.3860145293E+1	3.9432520014E-3
2.8144636309E+0	2.3606912757E+1	3.9225014525E-3
2.8183757298E+0	2.3353975169E+1	3.9016853533E-3
2.8222669799E+0	2.3101363769E+1	3.8808040517E-3
2.8261373163E+0	2.2849109498E+1	3.8598578967E-3
2.8299866742E+0	2.2597242992E+1	3.8388472382E-3
2.8338149894E+0	2.2345794578E+1	3.8177724274E-3
2.8376221978E+0	2.2094794270E+1	3.7966338166E-3
2.8414082359E+0	2.1844271770E+1	3.7754317588E-3
2.8451730403E+0	2.1594256460E+1	3.7541666086E-3
2.8489165482E+0	2.1344777400E+1	3.7328387211E-3
2.8526386969E+0	2.1095863329E+1	3.7114484529E-3
2.8563394244E+0	2.0847542657E+1	3.6899961614E-3
2.8600186687E+0	2.0599843470E+1	3.6684822051E-3
2.8636763684E+0	2.0352793518E+1	3.6469069436E-3
2.8673124623E+0	2.0106420225E+1	3.6252707373E-3
2.8709268897E+0	1.9860750677E+1	3.6035739479E-3
2.8745195901E+0	1.9615811627E+1	3.5818169379E-3
2.8780905036E+0	1.9371629490E+1	3.5600000709E-3
2.8816395704E+0	1.9128230346E+1	3.5381237115E-3
2.8851667313E+0	1.8885639934E+1	3.5161882254E-3
2.8886719273E+0	1.8643883654E+1	3.4941939790E-3
2.8921550998E+0	1.8402986568E+1	3.4721413399E-3
2.8956161906E+0	1.8162973397E+1	3.4500306767E-3
2.8990551419E+0	1.7923868519E+1	3.4278623588E-3
2.9024718962E+0	1.7685695975E+1	3.4056367567E-3
2.9058663965E+0	1.7448479463E+1	3.3833542419E-3
2.9092385859E+0	1.7212242340E+1	3.3610151867E-3
2.9125884081E+0	1.6977007623E+1	3.3386199643E-3
2.9159158072E+0	1.6742797991E+1	3.3161689492E-3
2.9192207275E+0	1.6509635781E+1	3.2936625164E-3
2.9225031139E+0	1.6277542993E+1	3.2711010421E-3
2.9257629114E+0	1.6046541288E+1	3.2484849032E-3
2.9290000656E+0	1.5816651989E+1	3.2258144779E-3
2.9322145224E+0	1.5587896086E+1	3.2030901448E-3
2.9354062280E+0	1.5360294232E+1	3.1803122838E-3
2.9385751292E+0	1.5133866746E+1	3.1574812755E-3
2.9417211730E+0	1.4908633617E+1	3.1345975014E-3
2.9448443068E+0	1.4684614501E+1	3.1116613440E-3
2.9479444784E+0	1.4461828725E+1	3.0886731866E-3
2.9510216360E+0	1.4240295291E+1	3.0656334132E-3
2.9540757281E+0	1.4020032871E+1	3.0425424091E-3
2.9571067038E+0	1.3801059818E+1	3.0194005599E-3
2.9601145124E+0	1.3583394158E+1	2.9962082525E-3
2.9630991036E+0	1.3367053601E+1	2.9729658744E-3
2.9660604276E+0	1.3152055537E+1	2.9496738141E-3
2.9689984348E+0	1.2938417042E+1	2.9263324607E-3
2.9719130762E+0	1.2726154878E+1	2.9029422044E-3
2.9748043031E+0	1.2515285494E+1	2.8795034361E-3
2.9776720671E+0	1.2305825033E+1	2.8560165473E-3
2.9805163203E+0	1.2097789331E+1	2.8324819307E-3
2.9833370151E+0	1.1891193920E+1	2.8088999795E-3
2.9861341046E+0	1.1686054033E+1	2.7852710878E-3
2.9889075418E+0	1.1482384601E+1	2.7615956505E-3
2.9916572805E+0	1.1280200263E+1	2.7378740632E-3
2.9943832747E+0	1.1079515363E+1	2.7141067224E-3
2.9970854788E+0	1.0880343956E+1	2.6902940251E-3
2.9997638477E+0	1.0682699810E+1	2.6664363695E-3
3.0024183367E+0	1.0486596409E+1	2.6425341541E-3
3.0050489013E+0	1.0292046955E+1	2.6185877784E-3
3.0076554977E+0	1.0099064372E+1	2.5945976426E-3
3.0102380822E+0	9.9076613103E+0	2.5705641475E-3
3.0127966116E+0	9.7178501468E+0	2.5464876949E-3
3.0153310434E+0	9.5296429902E+0	2.5223686871E-3
3.0178413350E+0	9.3430516836E+0	2.4982075270E-3
3.0203274445E+0	9.1580878074E+0	2.4740046186E-3
3.0227893304E+0	8.9747626831E+0	2.4497603662E-3
3.0252269516E+0	8.7930873760E+0	2.4254751751E-3
3.0276402673E+0	8.6130726989E+0	2.4011494510E-3
3.0300292371E+0	8.4347292154E+0	2.3767836004E-3
3.0323938212E+0	8.2580672429E+0	2.3523780306E-3
3.0347339801E+0	8.0830968561E+0	2.3279331494E-3
3.0370496746E+0	7.9098278907E+0	2.3034493653E-3
3.0393408660E+0	7.7382699462E+0	2.2789270875E-3
3.0416075160E+0	7.5684323899E+0	2.2543667257E-3
3.0438495869E+0	7.4003243597E+0	2.2297686905E-3
3.0460670410E+0	7.2339547681E+0	2.2051333928E-3
3.0482598414E+0	7.0693323052E+0	2.1804612443E-3
3.0504279513E+0	6.9064654423E+0	2.1557526574E-3
3.0525713347E+0	6.7453624354E+0	2.1310080450E-3
3.0546899556E+0	6.5860313284E+0	2.1062278206E-3
3.0567837786E+0	6.4284799569E+0	2.0814123983E-3
3.0588527688E+0	6.2727159514E+0	2.0565621928E-3
3.0608968915E+0	6.1187467407E+0	2.0316776194E-3
3.0629161127E+0	5.9665795555E+0	2.0067590939E-3
3.0649103985E+0	5.8162214316E+0	1.9818070327E-3
3.0668797157E+0	5.6676792136E+0	1.9568218529E-3
3.0688240313E+0	5.5209595582E+0	1.9318039720E-3
3.0707433129E+0	5.3760689375E+0	1.9067538080E-3
3.0726375283E+0	5.2330136424E+0	1.8816717796E-3
3.0745066460E+0	5.0917997862E+0	1.8565583060E-3
3.0763506346E+0	4.9524333076E+0	1.8314138067E-3
3.0781694634E+0	4.8149199746E+0	1.8062387021E-3
3.0799631019E+0	4.6792653870E+0	1.7810334128E-3
3.0817315203E+0	4.5454749807E+0	1.7557983600E-3
3.0834746889E+0	4.4135540301E+0	1.7305339655E-3
3.0851925786E+0	4.2835076519E+0	1.7052406515E-3
3.0868851607E+0	4.1553408082E+0	1.6799188405E-3
3.0885524069E+0	4.0290583098E+0	1.6545689559E-3
3.0901942894E+0	3.9046648193E+0	1.6291914212E-3
3.0918107807E+0	3.7821648540E+0	1.6037866605E-3
3.0934018538E+0	3.6615627899E+0	1.5783550984E-3
3.0949674821E+0	3.5428628638E+0	1.5528971598E-3
3.0965076394E+0	3.4260691770E+0	1.5274132703E-3
3.0980223001E+0	3.3111856984E+0	1.5019038556E-3
3.0995114388E+0	3.1982162670E+0	1.4763693421E-3
3.1009750306E+0	3.0871645955E+0	1.4508101565E-3
3.1024130510E+0	2.9780342729E+0	1.4252267258E-3
3.1038254761E+0	2.8708287675E+0	1.3996194778E-3
3.1052122822E+0	2.7655514299E+0	1.3739888402E-3
3.1065734461E+0	2.6622054956E+0	1.3483352414E-3
3.1079089451E+0	2.5607940881E+0	1.3226591101E-3
3.1092187570E+0	2.4613202216E+0	1.2969608754E-3
3.1105028597E+0	2.3637868036E+0	1.2712409668E-3
3.1117612318E+0	2.2681966378E+0	1.2454998140E-3
3.1129938524E+0	2.1745524265E+0	1.2197378472E-3
3.1142007007E+0	2.0828567736E+0	1.1939554970E-3
3.1153817567E+0	1.9931121867E+0	1.1681531941E-3
3.1165370006E+0	1.9053210801E+0	1.1423313699E-3
3.1176664131E+0	1.8194857769E+0	1.1164904558E-3
3.1187699753E+0	1.7356085116E+0	1.0906308836E-3
3.1198476688E+0	1.6536914328E+0	1.0647530855E-3
3.1208994755E+0	1.5737366048E+0	1.0388574939E-3
3.1219253780E+0	1.4957460108E+0	1.0129445417E-3
3.1229253590E+0	1.4197215543E+0	9.8701466182E-4
3.1238994018E+0	1.3456650621E+0	9.6106828758E-4
3.1248474902E+0	1.2735782858E+0	9.3510585261E-4
3.1257696083E+0	1.2034629043E+0	9.0912779076E-4
3.1266657407E+0	1.1353205259E+0	8.8313453619E-4
3.1275358724E+0	1.0691526898E+0	8.5712652325E-4
3.1283799890E+0	1.0049608687E+0	8.3110418659E-4
3.1291980762E+0	9.4274647037E-1	8.0506796108E-4
3.1299901204E+0	8.8251083955E-1	7.7901828182E-4
3.1307561084E+0	8.2425525974E-1	7.5295558414E-4
3.1314960274E+0	7.6798095497E-1	7.2688030358E-4
3.1322098650E+0	7.1368909152E-1	7.0079287589E-4
3.1328976092E+0	6.6138077950E-1	6.7469373705E-4
3.1335592487E+0	6.1105707451E-1	6.4858332323E-4
3.1341947723E+0	5.6271897910E-1	6.2246207073E-4
3.1348041694E+0	5.1636744432E-1	5.9633041614E-4
3.1353874298E+0	4.7200337106E-1	5.7018879612E-4
3.1359445438E+0	4.2962761149E-1	5.4403764760E-4
3.1364755020E+0	3.8924097032E-1	5.1787740760E-4
3.1369802957E+0	3.5084420608E-1	4.9170851331E-4
3.1374589163E+0	3.1443803228E-1	4.6553140213E-4
3.1379113559E+0	2.8002311859E-1	4.3934651156E-4
3.1383376069E+0	2.4760009190E-1	4.1315427928E-4
3.1387376622E+0	2.1716953734E-1	3.8695514312E-4
3.1391115150E+0	1.8873199922E-1	3.6074954110E-4
3.1394591592E+0	1.6228798198E-1	3.3453791144E-4
3.1397805890E+0	1.3783795098E-1	3.0832069259E-4
3.1400757989E+0	1.1538233331E-1	2.8209832342E-4
3.1403447841E+0	9.4921518478E-2	2.5587124334E-4
3.1405875400E+0	7.6455859020E-2	2.2963989267E-4
3.1408040626E+0	5.9985671038E-2	2.0340471372E-4
3.1409943483E+0	4.5511234529E-2	1.7716615272E-4
3.1411583939E+0	3.3032793417E-2	1.5092466531E-4
3.1412961968E+0	2.2550554772E-2	1.2468073282E-4
3.1414077547E+0	1.4064685541E-2	9.8434919423E-5
3.1414930663E+0	7.5752991499E-3	7.2188137769E-5
3.1415521316E+0	3.0823821808E-3	4.5943520243E-5
3.1415849628E+0	5.8501191286E-4	1.9736940383E-5