# Differential cross section		
# Author: P. Swaczyna	Princeton University	(swaczyna@princeton.edu)
# Date: 	Fri 4 Dec 2020 01:20:22	
# 		
# Elastic collision: H^0 + He^0 -> H^0 + He^0		
# 		
# Red. mass: 	7.5005505498E+8	 eV/c^2
# CM energy: 	3.3496543916E-3	 eV
# Rel speed: 	8.9596104908E+4	 cm/s
# Tot sigma: 	2.4250609965E+2	 a.u.
# Int sigma: 	2.4250609965E+2	 a.u.
# 		
# Columns:		
# the <- scattering angle (rad)		
# dcs <- dsigma/dOmega*2*pi*sin(the) (a.u. = 2.8002852056E-17 cm^2)		
# wei <- weight for cross section integration (approx. width of angle bin)		
# 		
# the	dcs	wei
7.6907532846E-6	9.1011035776E-3	1.9736940383E-5
4.0521979771E-5	4.7953005276E-2	4.5943520243E-5
9.9587300392E-5	1.1784987349E-1	7.2188137769E-5
1.8489884726E-4	2.1880604904E-1	9.8434919423E-5
2.9645680168E-4	3.5082170117E-1	1.2468073282E-4
4.3425968311E-4	5.1389497948E-1	1.5092466531E-4
5.9830531657E-4	7.0802312724E-1	1.7716615272E-4
7.8859101285E-4	9.3320265611E-1	2.0340471372E-4
1.0051136166E-3	1.1894293568E+0	2.2963989267E-4
1.2478695220E-3	1.4766982646E+0	2.5587124334E-4
1.5168546797E-3	1.7950036062E+0	2.8209832342E-4
1.8120645986E-3	2.1443387346E+0	3.0832069259E-4
2.1334943481E-3	2.5246960558E+0	3.3453791144E-4
2.4811385584E-3	2.9360669469E+0	3.6074954110E-4
2.8549914211E-3	3.3784416670E+0	3.8695514312E-4
3.2550466893E-3	3.8518092599E+0	4.1315427928E-4
3.6812976783E-3	4.3561574509E+0	4.3934651156E-4
4.1337372652E-3	4.8914725351E+0	4.6553140213E-4
4.6123578895E-3	5.4577392591E+0	4.9170851331E-4
5.1171515529E-3	6.0549406956E+0	5.1787740760E-4
5.6481098199E-3	6.6830581106E+0	5.4403764760E-4
6.2052238176E-3	7.3420708244E+0	5.7018879612E-4
6.7884842360E-3	8.0319560643E+0	5.9633041614E-4
7.3978813281E-3	8.7526888117E+0	6.2246207073E-4
8.0334049101E-3	9.5042416417E+0	6.4858332323E-4
8.6950443616E-3	1.0286584556E+1	6.7469373705E-4
9.3827886258E-3	1.1099684808E+1	7.0079287589E-4
1.0096626210E-2	1.1943506725E+1	7.2688030358E-4
1.0836545184E-2	1.2818011517E+1	7.5295558414E-4
1.1602533184E-2	1.3723157087E+1	7.7901828182E-4
1.2394577408E-2	1.4658897830E+1	8.0506796108E-4
1.3212664621E-2	1.5625184422E+1	8.3110418659E-4
1.4056781152E-2	1.6621963616E+1	8.5712652325E-4
1.4926912893E-2	1.7649178015E+1	8.8313453619E-4
1.5823045305E-2	1.8706765850E+1	9.0912779076E-4
1.6745163410E-2	1.9794660753E+1	9.3510585261E-4
1.7693251801E-2	2.0912791514E+1	9.6106828758E-4
1.8667294632E-2	2.2061081842E+1	9.8701466182E-4
1.9667275626E-2	2.3239450118E+1	1.0129445417E-3
2.0693178073E-2	2.4447809139E+1	1.0388574939E-3
2.1744984827E-2	2.5686065862E+1	1.0647530855E-3
2.2822678313E-2	2.6954121140E+1	1.0906308836E-3
2.3926240519E-2	2.8251869451E+1	1.1164904558E-3
2.5055653005E-2	2.9579198629E+1	1.1423313699E-3
2.6210896896E-2	3.0935989584E+1	1.1681531941E-3
2.7391952886E-2	3.2322116018E+1	1.1939554970E-3
2.8598801239E-2	3.3737444143E+1	1.2197378472E-3
2.9831421786E-2	3.5181832386E+1	1.2454998140E-3
3.1089793929E-2	3.6655131101E+1	1.2712409668E-3
3.2373896638E-2	3.8157182267E+1	1.2969608754E-3
3.3683708455E-2	3.9687819187E+1	1.3226591101E-3
3.5019207490E-2	4.1246866190E+1	1.3483352414E-3
3.6380371427E-2	4.2834138321E+1	1.3739888402E-3
3.7767177517E-2	4.4449441030E+1	1.3996194778E-3
3.9179602586E-2	4.6092569870E+1	1.4252267258E-3
4.0617623030E-2	4.7763310176E+1	1.4508101565E-3
4.2081214817E-2	4.9461436754E+1	1.4763693421E-3
4.3570353490E-2	5.1186713572E+1	1.5019038556E-3
4.5085014162E-2	5.2938893435E+1	1.5274132703E-3
4.6625171522E-2	5.4717717676E+1	1.5528971598E-3
4.8190799831E-2	5.6522915839E+1	1.5783550984E-3
4.9781872927E-2	5.8354205360E+1	1.6037866605E-3
5.1398364219E-2	6.0211291259E+1	1.6291914212E-3
5.3040246694E-2	6.2093865819E+1	1.6545689559E-3
5.4707492914E-2	6.4001608279E+1	1.6799188405E-3
5.6400075017E-2	6.5934184526E+1	1.7052406515E-3
5.8117964718E-2	6.7891246782E+1	1.7305339655E-3
5.9861133308E-2	6.9872433304E+1	1.7557983600E-3
6.1629551657E-2	7.1877368084E+1	1.7810334128E-3
6.3423190212E-2	7.3905660550E+1	1.8062387021E-3
6.5242019000E-2	7.5956905276E+1	1.8314138067E-3
6.7086007624E-2	7.8030681694E+1	1.8565583060E-3
6.8955125270E-2	8.0126553813E+1	1.8816717796E-3
7.0849340702E-2	8.2244069945E+1	1.9067538080E-3
7.2768622264E-2	8.4382762434E+1	1.9318039720E-3
7.4712937885E-2	8.6542147398E+1	1.9568218529E-3
7.6682255070E-2	8.8721724475E+1	1.9818070327E-3
7.8676540910E-2	9.0920976577E+1	2.0067590939E-3
8.0695762079E-2	9.3139369654E+1	2.0316776194E-3
8.2739884832E-2	9.5376352472E+1	2.0565621928E-3
8.4808875009E-2	9.7631356395E+1	2.0814123983E-3
8.6902698034E-2	9.9903795179E+1	2.1062278206E-3
8.9021318917E-2	1.0219306478E+2	2.1310080450E-3
9.1164702253E-2	1.0449854319E+2	2.1557526574E-3
9.3332812224E-2	1.0681959023E+2	2.1804612443E-3
9.5525612596E-2	1.0915554745E+2	2.2051333928E-3
9.7743066726E-2	1.1150573793E+2	2.2297686905E-3
9.9985137556E-2	1.1386946621E+2	2.2543667257E-3
1.0225178762E-1	1.1624601816E+2	2.2789270875E-3
1.0454297904E-1	1.1863466088E+2	2.3034493653E-3
1.0685867352E-1	1.2103464264E+2	2.3279331494E-3
1.0919883237E-1	1.2344519281E+2	2.3523780306E-3
1.1156341648E-1	1.2586552184E+2	2.3767836004E-3
1.1395238633E-1	1.2829482122E+2	2.4011494510E-3
1.1636570200E-1	1.3073226351E+2	2.4254751751E-3
1.1880332317E-1	1.3317700232E+2	2.4497603662E-3
1.2126520909E-1	1.3562817241E+2	2.4740046186E-3
1.2375131862E-1	1.3808488971E+2	2.4982075270E-3
1.2626161023E-1	1.4054625143E+2	2.5223686871E-3
1.2879604195E-1	1.4301133617E+2	2.5464876949E-3
1.3135457143E-1	1.4547920403E+2	2.5705641475E-3
1.3393715592E-1	1.4794889684E+2	2.5945976426E-3
1.3654375226E-1	1.5041943827E+2	2.6185877784E-3
1.3917431689E-1	1.5288983410E+2	2.6425341541E-3
1.4182880585E-1	1.5535907243E+2	2.6664363695E-3
1.4450717478E-1	1.5782612393E+2	2.6902940251E-3
1.4720937892E-1	1.6028994222E+2	2.7141067224E-3
1.4993537310E-1	1.6274946407E+2	2.7378740632E-3
1.5268511179E-1	1.6520360987E+2	2.7615956505E-3
1.5545854902E-1	1.6765128393E+2	2.7852710878E-3
1.5825563845E-1	1.7009137495E+2	2.8088999795E-3
1.6107633333E-1	1.7252275641E+2	2.8324819307E-3
1.6392058653E-1	1.7494428711E+2	2.8560165473E-3
1.6678835052E-1	1.7735481160E+2	2.8795034361E-3
1.6967957737E-1	1.7975316078E+2	2.9029422044E-3
1.7259421876E-1	1.8213815244E+2	2.9263324607E-3
1.7553222599E-1	1.8450859186E+2	2.9496738141E-3
1.7849354996E-1	1.8686327247E+2	2.9729658744E-3
1.8147814117E-1	1.8920097649E+2	2.9962082525E-3
1.8448594977E-1	1.9152047562E+2	3.0194005599E-3
1.8751692548E-1	1.9382053182E+2	3.0425424091E-3
1.9057101764E-1	1.9609989803E+2	3.0656334132E-3
1.9364817522E-1	1.9835731900E+2	3.0886731866E-3
1.9674834681E-1	2.0059153208E+2	3.1116613440E-3
1.9987148058E-1	2.0280126815E+2	3.1345975014E-3
2.0301752435E-1	2.0498525245E+2	3.1574812755E-3
2.0618642554E-1	2.0714220554E+2	3.1803122838E-3
2.0937813120E-1	2.0927084428E+2	3.2030901448E-3
2.1259258799E-1	2.1136988278E+2	3.2258144779E-3
2.1582974219E-1	2.1343803347E+2	3.2484849032E-3
2.1908953970E-1	2.1547400812E+2	3.2711010421E-3
2.2237192605E-1	2.1747651895E+2	3.2936625164E-3
2.2567684639E-1	2.1944427972E+2	3.3161689492E-3
2.2900424548E-1	2.2137600691E+2	3.3386199643E-3
2.3235406772E-1	2.2327042085E+2	3.3610151867E-3
2.3572625713E-1	2.2512624697E+2	3.3833542419E-3
2.3912075735E-1	2.2694221698E+2	3.4056367567E-3
2.4253751167E-1	2.2871707015E+2	3.4278623588E-3
2.4597646298E-1	2.3044955457E+2	3.4500306767E-3
2.4943755380E-1	2.3213842847E+2	3.4721413399E-3
2.5292072631E-1	2.3378246154E+2	3.4941939790E-3
2.5642592230E-1	2.3538043623E+2	3.5161882254E-3
2.5995308318E-1	2.3693114917E+2	3.5381237115E-3
2.6350215001E-1	2.3843341251E+2	3.5600000709E-3
2.6707306349E-1	2.3988605536E+2	3.5818169379E-3
2.7066576394E-1	2.4128792515E+2	3.6035739479E-3
2.7428019131E-1	2.4263788906E+2	3.6252707373E-3
2.7791628522E-1	2.4393483552E+2	3.6469069436E-3
2.8157398488E-1	2.4517767557E+2	3.6684822051E-3
2.8525322919E-1	2.4636534437E+2	3.6899961614E-3
2.8895395665E-1	2.4749680263E+2	3.7114484529E-3
2.9267610542E-1	2.4857103809E+2	3.7328387211E-3
2.9641961330E-1	2.4958706698E+2	3.7541666086E-3
3.0018441773E-1	2.5054393547E+2	3.7754317588E-3
3.0397045579E-1	2.5144072115E+2	3.7966338166E-3
3.0777766421E-1	2.5227653447E+2	3.8177724274E-3
3.1160597938E-1	2.5305052020E+2	3.8388472382E-3
3.1545533730E-1	2.5376185886E+2	3.8598578967E-3
3.1932567367E-1	2.5440976815E+2	3.8808040517E-3
3.2321692379E-1	2.5499350436E+2	3.9016853533E-3
3.2712902264E-1	2.5551236375E+2	3.9225014525E-3
3.3106190484E-1	2.5596568396E+2	3.9432520014E-3
3.3501550468E-1	2.5635284531E+2	3.9639366533E-3
3.3898975607E-1	2.5667327216E+2	3.9845550624E-3
3.4298459261E-1	2.5692643422E+2	4.0051068843E-3
3.4699994753E-1	2.5711184775E+2	4.0255917754E-3
3.5103575373E-1	2.5722907689E+2	4.0460093936E-3
3.5509194378E-1	2.5727773476E+2	4.0663593974E-3
3.5916844988E-1	2.5725748469E+2	4.0866414469E-3
3.6326520391E-1	2.5716804129E+2	4.1068552032E-3
3.6738213741E-1	2.5700917157E+2	4.1270003283E-3
3.7151918157E-1	2.5678069590E+2	4.1470764858E-3
3.7567626728E-1	2.5648248903E+2	4.1670833400E-3
3.7985332504E-1	2.5611448101E+2	4.1870205567E-3
3.8405028507E-1	2.5567665804E+2	4.2068878026E-3
3.8826707721E-1	2.5516906326E+2	4.2266847457E-3
3.9250363101E-1	2.5459179757E+2	4.2464110553E-3
3.9675987567E-1	2.5394502022E+2	4.2660664016E-3
4.0103574005E-1	2.5322894950E+2	4.2856504563E-3
4.0533115271E-1	2.5244386326E+2	4.3051628919E-3
4.0964604185E-1	2.5159009940E+2	4.3246033825E-3
4.1398033538E-1	2.5066805625E+2	4.3439716031E-3
4.1833396086E-1	2.4967819296E+2	4.3632672302E-3
4.2270684554E-1	2.4862102969E+2	4.3824899412E-3
4.2709891633E-1	2.4749714784E+2	4.4016394148E-3
4.3151009985E-1	2.4630719012E+2	4.4207153312E-3
4.3594032237E-1	2.4505186055E+2	4.4397173715E-3
4.4038950986E-1	2.4373192443E+2	4.4586452181E-3
4.4485758797E-1	2.4234820814E+2	4.4774985548E-3
4.4934448203E-1	2.4090159891E+2	4.4962770664E-3
4.5385011706E-1	2.3939304451E+2	4.5149804392E-3
4.5837441776E-1	2.3782355278E+2	4.5336083606E-3
4.6291730852E-1	2.3619419118E+2	4.5521605193E-3
4.6747871344E-1	2.3450608612E+2	4.5706366053E-3
4.7205855627E-1	2.3276042229E+2	4.5890363098E-3
4.7665676049E-1	2.3095844189E+2	4.6073593254E-3
4.8127324926E-1	2.2910144372E+2	4.6256053458E-3
4.8590794542E-1	2.2719078221E+2	4.6437740661E-3
4.9056077152E-1	2.2522786635E+2	4.6618651826E-3
4.9523164982E-1	2.2321415854E+2	4.6798783932E-3
4.9992050224E-1	2.2115117333E+2	4.6978133967E-3
5.0462725044E-1	2.1904047607E+2	4.7156698934E-3
5.0935181576E-1	2.1688368146E+2	4.7334475849E-3
5.1409411924E-1	2.1468245208E+2	4.7511461741E-3
5.1885408164E-1	2.1243849669E+2	4.7687653653E-3
5.2363162341E-1	2.1015356859E+2	4.7863048641E-3
5.2842666471E-1	2.0782946382E+2	4.8037643772E-3
5.3323912540E-1	2.0546801927E+2	4.8211436130E-3
5.3806892508E-1	2.0307111075E+2	4.8384422809E-3
5.4291598301E-1	2.0064065094E+2	4.8556600920E-3
5.4778021821E-1	1.9817858728E+2	4.8727967585E-3
5.5266154939E-1	1.9568689981E+2	4.8898519940E-3
5.5755989496E-1	1.9316759887E+2	4.9068255135E-3
5.6247517308E-1	1.9062272282E+2	4.9237170334E-3
5.6740730160E-1	1.8805433561E+2	4.9405262713E-3
5.7235619810E-1	1.8546452438E+2	4.9572529464E-3
5.7732177988E-1	1.8285539689E+2	4.9738967791E-3
5.8230396395E-1	1.8022907900E+2	4.9904574913E-3
5.8730266706E-1	1.7758771202E+2	5.0069348063E-3
5.9231780568E-1	1.7493345010E+2	5.0233284486E-3
5.9734929598E-1	1.7226845747E+2	5.0396381444E-3
6.0239705389E-1	1.6959490572E+2	5.0558636210E-3
6.0746099506E-1	1.6691497104E+2	5.0720046074E-3
6.1254103485E-1	1.6423083140E+2	5.0880608338E-3
6.1763708838E-1	1.6154466372E+2	5.1040320318E-3
6.2274907048E-1	1.5885864104E+2	5.1199179345E-3
6.2787689573E-1	1.5617492966E+2	5.1357182766E-3
6.3302047843E-1	1.5349568625E+2	5.1514327939E-3
6.3817973262E-1	1.5082305499E+2	5.1670612238E-3
6.4335457209E-1	1.4815916474E+2	5.1826033052E-3
6.4854491036E-1	1.4550612610E+2	5.1980587783E-3
6.5375066070E-1	1.4286602864E+2	5.2134273849E-3
6.5897173609E-1	1.4024093801E+2	5.2287088681E-3
6.6420804930E-1	1.3763289319E+2	5.2439029725E-3
6.6945951283E-1	1.3504390366E+2	5.2590094442E-3
6.7472603890E-1	1.3247594667E+2	5.2740280309E-3
6.8000753951E-1	1.2993096459E+2	5.2889584814E-3
6.8530392640E-1	1.2741086216E+2	5.3038005463E-3
6.9061511106E-1	1.2491750398E+2	5.3185539776E-3
6.9594100473E-1	1.2245271189E+2	5.3332185287E-3
7.0128151841E-1	1.2001826253E+2	5.3477939546E-3
7.0663656285E-1	1.1761588489E+2	5.3622800116E-3
7.1200604856E-1	1.1524725797E+2	5.3766764577E-3
7.1738988581E-1	1.1291400852E+2	5.3909830523E-3
7.2278798463E-1	1.1061770885E+2	5.4051995564E-3
7.2820025482E-1	1.0835987469E+2	5.4193257323E-3
7.3362660591E-1	1.0614196325E+2	5.4333613439E-3
7.3906694724E-1	1.0396537121E+2	5.4473061568E-3
7.4452118788E-1	1.0183143300E+2	5.4611599379E-3
7.4998923669E-1	9.9741419026E+1	5.4749224557E-3
7.5547100229E-1	9.7696534067E+1	5.4885934801E-3
7.6096639308E-1	9.5697915806E+1	5.5021727828E-3
7.6647531721E-1	9.3746633436E+1	5.5156601367E-3
7.7199768263E-1	9.1843686397E+1	5.5290553166E-3
7.7753339704E-1	8.9990003236E+1	5.5423580985E-3
7.8308236795E-1	8.8186440586E+1	5.5555682601E-3
7.8864450262E-1	8.6433782276E+1	5.5686855808E-3
7.9421970809E-1	8.4732738559E+1	5.5817098412E-3
7.9980789121E-1	8.3083945482E+1	5.5946408237E-3
8.0540895857E-1	8.1487964375E+1	5.6074783123E-3
8.1102281659E-1	7.9945281478E+1	5.6202220924E-3
8.1664937145E-1	7.8456307701E+1	5.6328719509E-3
8.2228852912E-1	7.7021378516E+1	5.6454276767E-3
8.2794019536E-1	7.5640753985E+1	5.6578890597E-3
8.3360427572E-1	7.4314618915E+1	5.6702558918E-3
8.3928067556E-1	7.3043083159E+1	5.6825279663E-3
8.4496930000E-1	7.1826182039E+1	5.6947050782E-3
8.5067005399E-1	7.0663876906E+1	5.7067870238E-3
8.5638284226E-1	6.9556055829E+1	5.7187736014E-3
8.6210756934E-1	6.8502534416E+1	5.7306646105E-3
8.6784413956E-1	6.7503056759E+1	5.7424598526E-3
8.7359245705E-1	6.6557296508E+1	5.7541591304E-3
8.7935242576E-1	6.5664858064E+1	5.7657622485E-3
8.8512394943E-1	6.4825277895E+1	5.7772690129E-3
8.9090693161E-1	6.4038025968E+1	5.7886792314E-3
8.9670127565E-1	6.3302507295E+1	5.7999927133E-3
9.0250688473E-1	6.2618063590E+1	5.8112092696E-3
9.0832366182E-1	6.1983975029E+1	5.8223287127E-3
9.1415150972E-1	6.1399462121E+1	5.8333508568E-3
9.1999033104E-1	6.0863687664E+1	5.8442755178E-3
9.2584002820E-1	6.0375758806E+1	5.8551025132E-3
9.3170050345E-1	5.9934729191E+1	5.8658316618E-3
9.3757165885E-1	5.9539601185E+1	5.8764627846E-3
9.4345339628E-1	5.9189328187E+1	5.8869957037E-3
9.4934561746E-1	5.8882817007E+1	5.8974302433E-3
9.5524822392E-1	5.8618930317E+1	5.9077662288E-3
9.6116111701E-1	5.8396489163E+1	5.9180034877E-3
9.6708419793E-1	5.8214275532E+1	5.9281418487E-3
9.7301736769E-1	5.8071034966E+1	5.9381811425E-3
9.7896052713E-1	5.7965479229E+1	5.9481212013E-3
9.8491357695E-1	5.7896289009E+1	5.9579618591E-3
9.9087641766E-1	5.7862116645E+1	5.9677029512E-3
9.9684894961E-1	5.7861588893E+1	5.9773443150E-3
1.0028310730E+0	5.7893309700E+1	5.9868857894E-3
1.0088226878E+0	5.7955863000E+1	5.9963272149E-3
1.0148236940E+0	5.8047815511E+1	6.0056684336E-3
1.0208339913E+0	5.8167719541E+1	6.0149092896E-3
1.0268534791E+0	5.8314115778E+1	6.0240496283E-3
1.0328820570E+0	5.8485536080E+1	6.0330892971E-3
1.0389196241E+0	5.8680506240E+1	6.0420281448E-3
1.0449660796E+0	5.8897548732E+1	6.0508660221E-3
1.0510213224E+0	5.9135185424E+1	6.0596027814E-3
1.0570852514E+0	5.9391940259E+1	6.0682382765E-3
1.0631577652E+0	5.9666341898E+1	6.0767723631E-3
1.0692387623E+0	5.9956926308E+1	6.0852048988E-3
1.0753281411E+0	6.0262239310E+1	6.0935357425E-3
1.0814257998E+0	6.0580839059E+1	6.1017647550E-3
1.0875316366E+0	6.0911298473E+1	6.1098917988E-3
1.0936455494E+0	6.1252207590E+1	6.1179167381E-3
1.0997674360E+0	6.1602175850E+1	6.1258394388E-3
1.1058971941E+0	6.1959834313E+1	6.1336597685E-3
1.1120347214E+0	6.2323837790E+1	6.1413775965E-3
1.1181799151E+0	6.2692866890E+1	6.1489927938E-3
1.1243326727E+0	6.3065629981E+1	6.1565052331E-3
1.1304928913E+0	6.3440865070E+1	6.1639147890E-3
1.1366604679E+0	6.3817341573E+1	6.1712213376E-3
1.1428352996E+0	6.4193862001E+1	6.1784247568E-3
1.1490172830E+0	6.4569263549E+1	6.1855249261E-3
1.1552063150E+0	6.4942419572E+1	6.1925217271E-3
1.1614022920E+0	6.5312240970E+1	6.1994150427E-3
1.1676051105E+0	6.5677677464E+1	6.2062047577E-3
1.1738146669E+0	6.6037718763E+1	6.2128907587E-3
1.1800308574E+0	6.6391395632E+1	6.2194729339E-3
1.1862535782E+0	6.6737780844E+1	6.2259511734E-3
1.1924827251E+0	6.7075990028E+1	6.2323253688E-3
1.1987181942E+0	6.7405182405E+1	6.2385954138E-3
1.2049598812E+0	6.7724561423E+1	6.2447612034E-3
1.2112076818E+0	6.8033375274E+1	6.2508226346E-3
1.2174614916E+0	6.8330917310E+1	6.2567796062E-3
1.2237212062E+0	6.8616526351E+1	6.2626320186E-3
1.2299867208E+0	6.8889586883E+1	6.2683797740E-3
1.2362579308E+0	6.9149529162E+1	6.2740227763E-3
1.2425347314E+0	6.9395829201E+1	6.2795609313E-3
1.2488170177E+0	6.9628008672E+1	6.2849941464E-3
1.2551046847E+0	6.9845634695E+1	6.2903223308E-3
1.2613976273E+0	7.0048319543E+1	6.2955453954E-3
1.2676957404E+0	7.0235720246E+1	6.3006632530E-3
1.2739989187E+0	7.0407538103E+1	6.3056758180E-3
1.2803070569E+0	7.0563518115E+1	6.3105830068E-3
1.2866200496E+0	7.0703448321E+1	6.3153847371E-3
1.2929377912E+0	7.0827159065E+1	6.3200809290E-3
1.2992601762E+0	7.0934522174E+1	6.3246715037E-3
1.3055870990E+0	7.1025450070E+1	6.3291563847E-3
1.3119184537E+0	7.1099894803E+1	6.3335354970E-3
1.3182541347E+0	7.1157847029E+1	6.3378087674E-3
1.3245940360E+0	7.1199334911E+1	6.3419761245E-3
1.3309380516E+0	7.1224422970E+1	6.3460374987E-3
1.3372860756E+0	7.1233210884E+1	6.3499928220E-3
1.3436380019E+0	7.1225832225E+1	6.3538420284E-3
1.3499937243E+0	7.1202453160E+1	6.3575850535E-3
1.3563531366E+0	7.1163271106E+1	6.3612218349E-3
1.3627161325E+0	7.1108513349E+1	6.3647523117E-3
1.3690826057E+0	7.1038435624E+1	6.3681764249E-3
1.3754524499E+0	7.0953320675E+1	6.3714941173E-3
1.3818255585E+0	7.0853476782E+1	6.3747053335E-3
1.3882018250E+0	7.0739236271E+1	6.3778100198E-3
1.3945811430E+0	7.0610954008E+1	6.3808081243E-3
1.4009634057E+0	7.0469005878E+1	6.3836995970E-3
1.4073485066E+0	7.0313787261E+1	6.3864843894E-3
1.4137363389E+0	7.0145711498E+1	6.3891624551E-3
1.4201267959E+0	6.9965208360E+1	6.3917337493E-3
1.4265197708E+0	6.9772722521E+1	6.3941982290E-3
1.4329151568E+0	6.9568712038E+1	6.3965558531E-3
1.4393128469E+0	6.9353646842E+1	6.3988065821E-3
1.4457127343E+0	6.9128007240E+1	6.4009503785E-3
1.4521147120E+0	6.8892282447E+1	6.4029872063E-3
1.4585186731E+0	6.8646969123E+1	6.4049170317E-3
1.4649245104E+0	6.8392569945E+1	6.4067398222E-3
1.4713321170E+0	6.8129592207E+1	6.4084555476E-3
1.4777413858E+0	6.7858546445E+1	6.4100641790E-3
1.4841522097E+0	6.7579945097E+1	6.4115656896E-3
1.4905644815E+0	6.7294301198E+1	6.4129600544E-3
1.4969780940E+0	6.7002127119E+1	6.4142472499E-3
1.5033929402E+0	6.6703933333E+1	6.4154272548E-3
1.5098089128E+0	6.6400227239E+1	6.4165000493E-3
1.5162259046E+0	6.6091512014E+1	6.4174656154E-3
1.5226438083E+0	6.5778285525E+1	6.4183239370E-3
1.5290625167E+0	6.5461039278E+1	6.4190749998E-3
1.5354819225E+0	6.5140257418E+1	6.4197187912E-3
1.5419019185E+0	6.4816415783E+1	6.4202553005E-3
1.5483223974E+0	6.4489981004E+1	6.4206845187E-3
1.5547432518E+0	6.4161409653E+1	6.4210064386E-3
1.5611643745E+0	6.3831147456E+1	6.4212210549E-3
1.5675856581E+0	6.3499628542E+1	6.4213283639E-3
1.5740069954E+0	6.3167274759E+1	6.4213283639E-3
1.5804282791E+0	6.2834495032E+1	6.4212210549E-3
1.5868494018E+0	6.2501684785E+1	6.4210064386E-3
1.5932702562E+0	6.2169225404E+1	6.4206845187E-3
1.5996907351E+0	6.1837483765E+1	6.4202553005E-3
1.6061107310E+0	6.1506811802E+1	6.4197187912E-3
1.6125301369E+0	6.1177546139E+1	6.4190749998E-3
1.6189488453E+0	6.0850007763E+1	6.4183239370E-3
1.6253667490E+0	6.0524501753E+1	6.4174656154E-3
1.6317837408E+0	6.0201317054E+1	6.4165000493E-3
1.6381997134E+0	5.9880726308E+1	6.4154272548E-3
1.6446145595E+0	5.9562985721E+1	6.4142472499E-3
1.6510281721E+0	5.9248334982E+1	6.4129600544E-3
1.6574404439E+0	5.8936997230E+1	6.4115656896E-3
1.6638512678E+0	5.8629179056E+1	6.4100641790E-3
1.6702605366E+0	5.8325070554E+1	6.4084555476E-3
1.6766681432E+0	5.8024845408E+1	6.4067398222E-3
1.6830739805E+0	5.7728661023E+1	6.4049170317E-3
1.6894779416E+0	5.7436658686E+1	6.4029872063E-3
1.6958799193E+0	5.7148963765E+1	6.4009503785E-3
1.7022798067E+0	5.6865685949E+1	6.3988065821E-3
1.7086774968E+0	5.6586919506E+1	6.3965558531E-3
1.7150728827E+0	5.6312743584E+1	6.3941982290E-3
1.7214658576E+0	5.6043222534E+1	6.3917337493E-3
1.7278563146E+0	5.5778406256E+1	6.3891624551E-3
1.7342441470E+0	5.5518330580E+1	6.3864843894E-3
1.7406292478E+0	5.5263017659E+1	6.3836995970E-3
1.7470115106E+0	5.5012476391E+1	6.3808081243E-3
1.7533908286E+0	5.4766702853E+1	6.3778100198E-3
1.7597670951E+0	5.4525680755E+1	6.3747053335E-3
1.7661402037E+0	5.4289381915E+1	6.3714941173E-3
1.7725100479E+0	5.4057766736E+1	6.3681764249E-3
1.7788765211E+0	5.3830784705E+1	6.3647523117E-3
1.7852395170E+0	5.3608374896E+1	6.3612218349E-3
1.7915989293E+0	5.3390466484E+1	6.3575850535E-3
1.7979546517E+0	5.3176979266E+1	6.3538420284E-3
1.8043065780E+0	5.2967824183E+1	6.3499928220E-3
1.8106546020E+0	5.2762903851E+1	6.3460374987E-3
1.8169986176E+0	5.2562113092E+1	6.3419761245E-3
1.8233385189E+0	5.2365339460E+1	6.3378087674E-3
1.8296741999E+0	5.2172463774E+1	6.3335354970E-3
1.8360055546E+0	5.1983360648E+1	6.3291563847E-3
1.8423324774E+0	5.1797899010E+1	6.3246715037E-3
1.8486548624E+0	5.1615942620E+1	6.3200809290E-3
1.8549726040E+0	5.1437350587E+1	6.3153847371E-3
1.8612855967E+0	5.1261977875E+1	6.3105830068E-3
1.8675937349E+0	5.1089675793E+1	6.3056758180E-3
1.8738969132E+0	5.0920292489E+1	6.3006632530E-3
1.8801950263E+0	5.0753673428E+1	6.2955453954E-3
1.8864879689E+0	5.0589661856E+1	6.2903223308E-3
1.8927756359E+0	5.0428099253E+1	6.2849941464E-3
1.8990579222E+0	5.0268825783E+1	6.2795609313E-3
1.9053347228E+0	5.0111680712E+1	6.2740227763E-3
1.9116059328E+0	4.9956502834E+1	6.2683797740E-3
1.9178714474E+0	4.9803130865E+1	6.2626320186E-3
1.9241311620E+0	4.9651403830E+1	6.2567796062E-3
1.9303849718E+0	4.9501161434E+1	6.2508226346E-3
1.9366327724E+0	4.9352244420E+1	6.2447612034E-3
1.9428744594E+0	4.9204494902E+1	6.2385954138E-3
1.9491099285E+0	4.9057756694E+1	6.2323253688E-3
1.9553390754E+0	4.8911875612E+1	6.2259511734E-3
1.9615617961E+0	4.8766699766E+1	6.2194729339E-3
1.9677779867E+0	4.8622079832E+1	6.2128907587E-3
1.9739875431E+0	4.8477869313E+1	6.2062047577E-3
1.9801903616E+0	4.8333924773E+1	6.1994150427E-3
1.9863863386E+0	4.8190106064E+1	6.1925217271E-3
1.9925753706E+0	4.8046276534E+1	6.1855249261E-3
1.9987573540E+0	4.7902303217E+1	6.1784247568E-3
2.0049321857E+0	4.7758057006E+1	6.1712213376E-3
2.0110997623E+0	4.7613412814E+1	6.1639147890E-3
2.0172599809E+0	4.7468249717E+1	6.1565052331E-3
2.0234127385E+0	4.7322451082E+1	6.1489927938E-3
2.0295579322E+0	4.7175904680E+1	6.1413775965E-3
2.0356954595E+0	4.7028502780E+1	6.1336597685E-3
2.0418252176E+0	4.6880142241E+1	6.1258394388E-3
2.0479471042E+0	4.6730724576E+1	6.1179167381E-3
2.0540610170E+0	4.6580156008E+1	6.1098917988E-3
2.0601668538E+0	4.6428347518E+1	6.1017647550E-3
2.0662645125E+0	4.6275214870E+1	6.0935357425E-3
2.0723538913E+0	4.6120678635E+1	6.0852048988E-3
2.0784348884E+0	4.5964664193E+1	6.0767723631E-3
2.0845074022E+0	4.5807101731E+1	6.0682382765E-3
2.0905713312E+0	4.5647926228E+1	6.0596027814E-3
2.0966265740E+0	4.5487077429E+1	6.0508660221E-3
2.1026730295E+0	4.5324499811E+1	6.0420281448E-3
2.1087105966E+0	4.5160142534E+1	6.0330892971E-3
2.1147391745E+0	4.4993959397E+1	6.0240496283E-3
2.1207586623E+0	4.4825908767E+1	6.0149092896E-3
2.1267689596E+0	4.4655953516E+1	6.0056684336E-3
2.1327699657E+0	4.4484060945E+1	5.9963272149E-3
2.1387615806E+0	4.4310202697E+1	5.9868857894E-3
2.1447437040E+0	4.4134354672E+1	5.9773443150E-3
2.1507162359E+0	4.3956496932E+1	5.9677029512E-3
2.1566790766E+0	4.3776613600E+1	5.9579618591E-3
2.1626321265E+0	4.3594692754E+1	5.9481212013E-3
2.1685752859E+0	4.3410726322E+1	5.9381811425E-3
2.1745084557E+0	4.3224709967E+1	5.9281418487E-3
2.1804315366E+0	4.3036642970E+1	5.9180034877E-3
2.1863444297E+0	4.2846528115E+1	5.9077662288E-3
2.1922470361E+0	4.2654371562E+1	5.8974302433E-3
2.1981392573E+0	4.2460182727E+1	5.8869957037E-3
2.2040209947E+0	4.2263974156E+1	5.8764627846E-3
2.2098921501E+0	4.2065761399E+1	5.8658316618E-3
2.2157526254E+0	4.1865562881E+1	5.8551025132E-3
2.2216023226E+0	4.1663399772E+1	5.8442755178E-3
2.2274411439E+0	4.1459295862E+1	5.8333508568E-3
2.2332689918E+0	4.1253277431E+1	5.8223287127E-3
2.2390857689E+0	4.1045373120E+1	5.8112092696E-3
2.2448913779E+0	4.0835613801E+1	5.7999927133E-3
2.2506857220E+0	4.0624032455E+1	5.7886792314E-3
2.2564687042E+0	4.0410664042E+1	5.7772690129E-3
2.2622402278E+0	4.0195545378E+1	5.7657622485E-3
2.2680001965E+0	3.9978715012E+1	5.7541591304E-3
2.2737485140E+0	3.9760213104E+1	5.7424598526E-3
2.2794850843E+0	3.9540081308E+1	5.7306646105E-3
2.2852098113E+0	3.9318362650E+1	5.7187736014E-3
2.2909225996E+0	3.9095101419E+1	5.7067870238E-3
2.2966233536E+0	3.8870343051E+1	5.6947050782E-3
2.3023119780E+0	3.8644134020E+1	5.6825279663E-3
2.3079883779E+0	3.8416521732E+1	5.6702558918E-3
2.3136524582E+0	3.8187554419E+1	5.6578890597E-3
2.3193041245E+0	3.7957281039E+1	5.6454276767E-3
2.3249432821E+0	3.7725751178E+1	5.6328719509E-3
2.3305698370E+0	3.7493014952E+1	5.6202220924E-3
2.3361836950E+0	3.7259122920E+1	5.6074783123E-3
2.3417847624E+0	3.7024125991E+1	5.5946408237E-3
2.3473729455E+0	3.6788075337E+1	5.5817098412E-3
2.3529481510E+0	3.6551022318E+1	5.5686855808E-3
2.3585102856E+0	3.6313018395E+1	5.5555682601E-3
2.3640592565E+0	3.6074115058E+1	5.5423580985E-3
2.3695949710E+0	3.5834363753E+1	5.5290553166E-3
2.3751173364E+0	3.5593815813E+1	5.5156601367E-3
2.3806262605E+0	3.5352522391E+1	5.5021727828E-3
2.3861216513E+0	3.5110534400E+1	5.4885934801E-3
2.3916034169E+0	3.4867902450E+1	5.4749224557E-3
2.3970714657E+0	3.4624676794E+1	5.4611599379E-3
2.4025257064E+0	3.4380907276E+1	5.4473061568E-3
2.4079660477E+0	3.4136643279E+1	5.4333613439E-3
2.4133923988E+0	3.3891933678E+1	5.4193257323E-3
2.4188046690E+0	3.3646826799E+1	5.4051995564E-3
2.4242027678E+0	3.3401370373E+1	5.3909830523E-3
2.4295866050E+0	3.3155611506E+1	5.3766764577E-3
2.4349560907E+0	3.2909596635E+1	5.3622800116E-3
2.4403111352E+0	3.2663371501E+1	5.3477939546E-3
2.4456516489E+0	3.2416981120E+1	5.3332185287E-3
2.4509775425E+0	3.2170469750E+1	5.3185539776E-3
2.4562887272E+0	3.1923880875E+1	5.3038005463E-3
2.4615851141E+0	3.1677257175E+1	5.2889584814E-3
2.4668666147E+0	3.1430640511E+1	5.2740280309E-3
2.4721331408E+0	3.1184071905E+1	5.2590094442E-3
2.4773846043E+0	3.0937591528E+1	5.2439029725E-3
2.4826209175E+0	3.0691238683E+1	5.2287088681E-3
2.4878419929E+0	3.0445051795E+1	5.2134273849E-3
2.4930477432E+0	3.0199068407E+1	5.1980587783E-3
2.4982380815E+0	2.9953325163E+1	5.1826033052E-3
2.5034129210E+0	2.9707857811E+1	5.1670612238E-3
2.5085721752E+0	2.9462701198E+1	5.1514327939E-3
2.5137157579E+0	2.9217889262E+1	5.1357182766E-3
2.5188435831E+0	2.8973455040E+1	5.1199179345E-3
2.5239555652E+0	2.8729430663E+1	5.1040320318E-3
2.5290516187E+0	2.8485847360E+1	5.0880608338E-3
2.5341316585E+0	2.8242735463E+1	5.0720046074E-3
2.5391955997E+0	2.8000124409E+1	5.0558636210E-3
2.5442433576E+0	2.7758042750E+1	5.0396381444E-3
2.5492748479E+0	2.7516518157E+1	5.0233284486E-3
2.5542899865E+0	2.7275577429E+1	5.0069348063E-3
2.5592886896E+0	2.7035246504E+1	4.9904574913E-3
2.5642708737E+0	2.6795550465E+1	4.9738967791E-3
2.5692364555E+0	2.6556513556E+1	4.9572529464E-3
2.5741853520E+0	2.6318159190E+1	4.9405262713E-3
2.5791174805E+0	2.6080509961E+1	4.9237170334E-3
2.5840327586E+0	2.5843587661E+1	4.9068255135E-3
2.5889311042E+0	2.5607413288E+1	4.8898519940E-3
2.5938124354E+0	2.5372007066E+1	4.8727967585E-3
2.5986766706E+0	2.5137388454E+1	4.8556600920E-3
2.6035237285E+0	2.4903576163E+1	4.8384422809E-3
2.6083535282E+0	2.4670588174E+1	4.8211436130E-3
2.6131659889E+0	2.4438441750E+1	4.8037643772E-3
2.6179610302E+0	2.4207153453E+1	4.7863048641E-3
2.6227385719E+0	2.3976739159E+1	4.7687653653E-3
2.6274985343E+0	2.3747214079E+1	4.7511461741E-3
2.6322408378E+0	2.3518592769E+1	4.7334475849E-3
2.6369654032E+0	2.3290889152E+1	4.7156698934E-3
2.6416721513E+0	2.3064116530E+1	4.6978133967E-3
2.6463610038E+0	2.2838287604E+1	4.6798783932E-3
2.6510318821E+0	2.2613414490E+1	4.6618651826E-3
2.6556847082E+0	2.2389508736E+1	4.6437740661E-3
2.6603194043E+0	2.2166581336E+1	4.6256053458E-3
2.6649358931E+0	2.1944642751E+1	4.6073593254E-3
2.6695340973E+0	2.1723702921E+1	4.5890363098E-3
2.6741139402E+0	2.1503771285E+1	4.5706366053E-3
2.6786753451E+0	2.1284856795E+1	4.5521605193E-3
2.6832182358E+0	2.1066967932E+1	4.5336083606E-3
2.6877425365E+0	2.0850112725E+1	4.5149804392E-3
2.6922481716E+0	2.0634298760E+1	4.4962770664E-3
2.6967350656E+0	2.0419533205E+1	4.4774985548E-3
2.7012031437E+0	2.0205822815E+1	4.4586452181E-3
2.7056523312E+0	1.9993173956E+1	4.4397173715E-3
2.7100825537E+0	1.9781592612E+1	4.4207153312E-3
2.7144937373E+0	1.9571084406E+1	4.4016394148E-3
2.7188858081E+0	1.9361654611E+1	4.3824899412E-3
2.7232586927E+0	1.9153308162E+1	4.3632672302E-3
2.7276123182E+0	1.8946049674E+1	4.3439716031E-3
2.7319466117E+0	1.8739883454E+1	4.3246033825E-3
2.7362615009E+0	1.8534813512E+1	4.3051628919E-3
2.7405569135E+0	1.8330843575E+1	4.2856504563E-3
2.7448327779E+0	1.8127977099E+1	4.2660664016E-3
2.7490890226E+0	1.7926217285E+1	4.2464110553E-3
2.7533255764E+0	1.7725567083E+1	4.2266847457E-3
2.7575423685E+0	1.7526029212E+1	4.2068878026E-3
2.7617393285E+0	1.7327606165E+1	4.1870205567E-3
2.7659163863E+0	1.7130300222E+1	4.1670833400E-3
2.7700734720E+0	1.6934113462E+1	4.1470764858E-3
2.7742105162E+0	1.6739047772E+1	4.1270003283E-3
2.7783274497E+0	1.6545104856E+1	4.1068552032E-3
2.7824242037E+0	1.6352286246E+1	4.0866414469E-3
2.7865007098E+0	1.6160593311E+1	4.0663593974E-3
2.7905568999E+0	1.5970027266E+1	4.0460093936E-3
2.7945927061E+0	1.5780589182E+1	4.0255917754E-3
2.7986080610E+0	1.5592279991E+1	4.0051068843E-3
2.8026028975E+0	1.5405100498E+1	3.9845550624E-3
2.8065771489E+0	1.5219051388E+1	3.9639366533E-3
2.8105307487E+0	1.5034133230E+1	3.9432520014E-3
2.8144636309E+0	1.4850346490E+1	3.9225014525E-3
2.8183757298E+0	1.4667691534E+1	3.9016853533E-3
2.8222669799E+0	1.4486168637E+1	3.8808040517E-3
2.8261373163E+0	1.4305777988E+1	3.8598578967E-3
2.8299866742E+0	1.4126519696E+1	3.8388472382E-3
2.8338149894E+0	1.3948393798E+1	3.8177724274E-3
2.8376221978E+0	1.3771400263E+1	3.7966338166E-3
2.8414082359E+0	1.3595539000E+1	3.7754317588E-3
2.8451730403E+0	1.3420809858E+1	3.7541666086E-3
2.8489165482E+0	1.3247212638E+1	3.7328387211E-3
2.8526386969E+0	1.3074747092E+1	3.7114484529E-3
2.8563394244E+0	1.2903412932E+1	3.6899961614E-3
2.8600186687E+0	1.2733209830E+1	3.6684822051E-3
2.8636763684E+0	1.2564137428E+1	3.6469069436E-3
2.8673124623E+0	1.2396195334E+1	3.6252707373E-3
2.8709268897E+0	1.2229383136E+1	3.6035739479E-3
2.8745195901E+0	1.2063700395E+1	3.5818169379E-3
2.8780905036E+0	1.1899146658E+1	3.5600000709E-3
2.8816395704E+0	1.1735721453E+1	3.5381237115E-3
2.8851667313E+0	1.1573424299E+1	3.5161882254E-3
2.8886719273E+0	1.1412254704E+1	3.4941939790E-3
2.8921550998E+0	1.1252212171E+1	3.4721413399E-3
2.8956161906E+0	1.1093296198E+1	3.4500306767E-3
2.8990551419E+0	1.0935506283E+1	3.4278623588E-3
2.9024718962E+0	1.0778841925E+1	3.4056367567E-3
2.9058663965E+0	1.0623302626E+1	3.3833542419E-3
2.9092385859E+0	1.0468887892E+1	3.3610151867E-3
2.9125884081E+0	1.0315597241E+1	3.3386199643E-3
2.9159158072E+0	1.0163430194E+1	3.3161689492E-3
2.9192207275E+0	1.0012386287E+1	3.2936625164E-3
2.9225031139E+0	9.8624650669E+0	3.2711010421E-3
2.9257629114E+0	9.7136660954E+0	3.2484849032E-3
2.9290000656E+0	9.5659889487E+0	3.2258144779E-3
2.9322145224E+0	9.4194332195E+0	3.2030901448E-3
2.9354062280E+0	9.2739985185E+0	3.1803122838E-3
2.9385751292E+0	9.1296844749E+0	3.1574812755E-3
2.9417211730E+0	8.9864907378E+0	3.1345975014E-3
2.9448443068E+0	8.8444169765E+0	3.1116613440E-3
2.9479444784E+0	8.7034628821E+0	3.0886731866E-3
2.9510216360E+0	8.5636281676E+0	3.0656334132E-3
2.9540757281E+0	8.4249125687E+0	3.0425424091E-3
2.9571067038E+0	8.2873158445E+0	3.0194005599E-3
2.9601145124E+0	8.1508377780E+0	2.9962082525E-3
2.9630991036E+0	8.0154781763E+0	2.9729658744E-3
2.9660604276E+0	7.8812368713E+0	2.9496738141E-3
2.9689984348E+0	7.7481137198E+0	2.9263324607E-3
2.9719130762E+0	7.6161086036E+0	2.9029422044E-3
2.9748043031E+0	7.4852214303E+0	2.8795034361E-3
2.9776720671E+0	7.3554521326E+0	2.8560165473E-3
2.9805163203E+0	7.2268006693E+0	2.8324819307E-3
2.9833370151E+0	7.0992670246E+0	2.8088999795E-3
2.9861341046E+0	6.9728512085E+0	2.7852710878E-3
2.9889075418E+0	6.8475532567E+0	2.7615956505E-3
2.9916572805E+0	6.7233732304E+0	2.7378740632E-3
2.9943832747E+0	6.6003112163E+0	2.7141067224E-3
2.9970854788E+0	6.4783673264E+0	2.6902940251E-3
2.9997638477E+0	6.3575416980E+0	2.6664363695E-3
3.0024183367E+0	6.2378344930E+0	2.6425341541E-3
3.0050489013E+0	6.1192458982E+0	2.6185877784E-3
3.0076554977E+0	6.0017761246E+0	2.5945976426E-3
3.0102380822E+0	5.8854254073E+0	2.5705641475E-3
3.0127966116E+0	5.7701940052E+0	2.5464876949E-3
3.0153310434E+0	5.6560822004E+0	2.5223686871E-3
3.0178413350E+0	5.5430902982E+0	2.4982075270E-3
3.0203274445E+0	5.4312186261E+0	2.4740046186E-3
3.0227893304E+0	5.3204675341E+0	2.4497603662E-3
3.0252269516E+0	5.2108373937E+0	2.4254751751E-3
3.0276402673E+0	5.1023285976E+0	2.4011494510E-3
3.0300292371E+0	4.9949415592E+0	2.3767836004E-3
3.0323938212E+0	4.8886767124E+0	2.3523780306E-3
3.0347339801E+0	4.7835345105E+0	2.3279331494E-3
3.0370496746E+0	4.6795154262E+0	2.3034493653E-3
3.0393408660E+0	4.5766199508E+0	2.2789270875E-3
3.0416075160E+0	4.4748485938E+0	2.2543667257E-3
3.0438495869E+0	4.3742018821E+0	2.2297686905E-3
3.0460670410E+0	4.2746803597E+0	2.2051333928E-3
3.0482598414E+0	4.1762845869E+0	2.1804612443E-3
3.0504279513E+0	4.0790151400E+0	2.1557526574E-3
3.0525713347E+0	3.9828726104E+0	2.1310080450E-3
3.0546899556E+0	3.8878576040E+0	2.1062278206E-3
3.0567837786E+0	3.7939707411E+0	2.0814123983E-3
3.0588527688E+0	3.7012126550E+0	2.0565621928E-3
3.0608968915E+0	3.6095839921E+0	2.0316776194E-3
3.0629161127E+0	3.5190854107E+0	2.0067590939E-3
3.0649103985E+0	3.4297175809E+0	1.9818070327E-3
3.0668797157E+0	3.3414811835E+0	1.9568218529E-3
3.0688240313E+0	3.2543769099E+0	1.9318039720E-3
3.0707433129E+0	3.1684054608E+0	1.9067538080E-3
3.0726375283E+0	3.0835675463E+0	1.8816717796E-3
3.0745066460E+0	2.9998638847E+0	1.8565583060E-3
3.0763506346E+0	2.9172952021E+0	1.8314138067E-3
3.0781694634E+0	2.8358622318E+0	1.8062387021E-3
3.0799631019E+0	2.7555657136E+0	1.7810334128E-3
3.0817315203E+0	2.6764063933E+0	1.7557983600E-3
3.0834746889E+0	2.5983850219E+0	1.7305339655E-3
3.0851925786E+0	2.5215023550E+0	1.7052406515E-3
3.0868851607E+0	2.4457591523E+0	1.6799188405E-3
3.0885524069E+0	2.3711561770E+0	1.6545689559E-3
3.0901942894E+0	2.2976941949E+0	1.6291914212E-3
3.0918107807E+0	2.2253739742E+0	1.6037866605E-3
3.0934018538E+0	2.1541962845E+0	1.5783550984E-3
3.0949674821E+0	2.0841618967E+0	1.5528971598E-3
3.0965076394E+0	2.0152715817E+0	1.5274132703E-3
3.0980223001E+0	1.9475261105E+0	1.5019038556E-3
3.0995114388E+0	1.8809262533E+0	1.4763693421E-3
3.1009750306E+0	1.8154727787E+0	1.4508101565E-3
3.1024130510E+0	1.7511664536E+0	1.4252267258E-3
3.1038254761E+0	1.6880080423E+0	1.3996194778E-3
3.1052122822E+0	1.6259983061E+0	1.3739888402E-3
3.1065734461E+0	1.5651380026E+0	1.3483352414E-3
3.1079089451E+0	1.5054278853E+0	1.3226591101E-3
3.1092187570E+0	1.4468687029E+0	1.2969608754E-3
3.1105028597E+0	1.3894611989E+0	1.2712409668E-3
3.1117612318E+0	1.3332061111E+0	1.2454998140E-3
3.1129938524E+0	1.2781041708E+0	1.2197378472E-3
3.1142007007E+0	1.2241561028E+0	1.1939554970E-3
3.1153817567E+0	1.1713626243E+0	1.1681531941E-3
3.1165370006E+0	1.1197244448E+0	1.1423313699E-3
3.1176664131E+0	1.0692422657E+0	1.1164904558E-3
3.1187699753E+0	1.0199167793E+0	1.0906308836E-3
3.1198476688E+0	9.7174866895E-1	1.0647530855E-3
3.1208994755E+0	9.2473860810E-1	1.0388574939E-3
3.1219253780E+0	8.7888726016E-1	1.0129445417E-3
3.1229253590E+0	8.3419527793E-1	9.8701466182E-4
3.1238994018E+0	7.9066330317E-1	9.6106828758E-4
3.1248474902E+0	7.4829196620E-1	9.3510585261E-4
3.1257696083E+0	7.0708188550E-1	9.0912779076E-4
3.1266657407E+0	6.6703366726E-1	8.8313453619E-4
3.1275358724E+0	6.2814790501E-1	8.5712652325E-4
3.1283799890E+0	5.9042517925E-1	8.3110418659E-4
3.1291980762E+0	5.5386605706E-1	8.0506796108E-4
3.1299901204E+0	5.1847109174E-1	7.7901828182E-4
3.1307561084E+0	4.8424082244E-1	7.5295558414E-4
3.1314960274E+0	4.5117577384E-1	7.2688030358E-4
3.1322098650E+0	4.1927645583E-1	7.0079287589E-4
3.1328976092E+0	3.8854336313E-1	6.7469373705E-4
3.1335592487E+0	3.5897697505E-1	6.4858332323E-4
3.1341947723E+0	3.3057775512E-1	6.2246207073E-4
3.1348041694E+0	3.0334615085E-1	5.9633041614E-4
3.1353874298E+0	2.7728259345E-1	5.7018879612E-4
3.1359445438E+0	2.5238749752E-1	5.4403764760E-4
3.1364755020E+0	2.2866126083E-1	5.1787740760E-4
3.1369802957E+0	2.0610426408E-1	4.9170851331E-4
3.1374589163E+0	1.8471687061E-1	4.6553140213E-4
3.1379113559E+0	1.6449942626E-1	4.3934651156E-4
3.1383376069E+0	1.4545225907E-1	4.1315427928E-4
3.1387376622E+0	1.2757567914E-1	3.8695514312E-4
3.1391115150E+0	1.1086997841E-1	3.6074954110E-4
3.1394591592E+0	9.5335430491E-2	3.3453791144E-4
3.1397805890E+0	8.0972290481E-2	3.0832069259E-4
3.1400757989E+0	6.7780794810E-2	2.8209832342E-4
3.1403447841E+0	5.5761161076E-2	2.5587124334E-4
3.1405875400E+0	4.4913587884E-2	2.2963989267E-4
3.1408040626E+0	3.5238254672E-2	2.0340471372E-4
3.1409943483E+0	2.6735321475E-2	1.7716615272E-4
3.1411583939E+0	1.9404928555E-2	1.5092466531E-4
3.1412961968E+0	1.3247195604E-2	1.2468073282E-4
3.1414077547E+0	8.2622195276E-3	9.8434919423E-5
3.1414930663E+0	4.4500663311E-3	7.2188137769E-5
3.1415521316E+0	1.8107278429E-3	4.5943520243E-5
3.1415849628E+0	3.4366191336E-4	1.9736940383E-5