# Differential cross section		
# Author: P. Swaczyna	Princeton University	(swaczyna@princeton.edu)
# Date: 	Fri 4 Dec 2020 01:25:09	
# 		
# Elastic collision: H^0 + He^0 -> H^0 + He^0		
# 		
# Red. mass: 	7.5005505498E+8	 eV/c^2
# CM energy: 	7.7624711663E-2	 eV
# Rel speed: 	4.3130960488E+5	 cm/s
# Tot sigma: 	2.0004380784E+2	 a.u.
# Int sigma: 	2.0004380784E+2	 a.u.
# 		
# Columns:		
# the <- scattering angle (rad)		
# dcs <- dsigma/dOmega*2*pi*sin(the) (a.u. = 2.8002852056E-17 cm^2)		
# wei <- weight for cross section integration (approx. width of angle bin)		
# 		
# the	dcs	wei
7.6907532846E-6	1.2397573594E-1	1.9736940383E-5
4.0521979771E-5	6.5321841564E-1	4.5943520243E-5
9.9587300392E-5	1.6053563799E+0	7.2188137769E-5
1.8489884726E-4	2.9805809569E+0	9.8434919423E-5
2.9645680168E-4	4.7788831580E+0	1.2468073282E-4
4.3425968311E-4	7.0002132304E+0	1.5092466531E-4
5.9830531657E-4	9.6444880062E+0	1.7716615272E-4
7.8859101285E-4	1.2711583630E+1	2.0340471372E-4
1.0051136166E-3	1.6201324219E+1	2.2963989267E-4
1.2478695220E-3	2.0113468089E+1	2.5587124334E-4
1.5168546797E-3	2.4447691893E+1	2.8209832342E-4
1.8120645986E-3	2.9203572808E+1	3.0832069259E-4
2.1334943481E-3	3.4380568789E+1	3.3453791144E-4
2.4811385584E-3	3.9977996934E+1	3.6074954110E-4
2.8549914211E-3	4.5995009984E+1	3.8695514312E-4
3.2550466893E-3	5.2430570975E+1	4.1315427928E-4
3.6812976783E-3	5.9283426069E+1	4.3934651156E-4
4.1337372652E-3	6.6552075618E+1	4.6553140213E-4
4.6123578895E-3	7.4234743473E+1	4.9170851331E-4
5.1171515529E-3	8.2329344608E+1	5.1787740760E-4
5.6481098199E-3	9.0833451101E+1	5.4403764760E-4
6.2052238176E-3	9.9744256547E+1	5.7018879612E-4
6.7884842360E-3	1.0905853896E+2	5.9633041614E-4
7.3978813281E-3	1.1877262228E+2	6.2246207073E-4
8.0334049101E-3	1.2888233653E+2	6.4858332323E-4
8.6950443616E-3	1.3938297679E+2	6.7469373705E-4
9.3827886258E-3	1.5026926108E+2	7.0079287589E-4
1.0096626210E-2	1.6153528725E+2	7.2688030358E-4
1.0836545184E-2	1.7317448918E+2	7.5295558414E-4
1.1602533184E-2	1.8517959221E+2	7.7901828182E-4
1.2394577408E-2	1.9754256823E+2	8.0506796108E-4
1.3212664621E-2	2.1025459048E+2	8.3110418659E-4
1.4056781152E-2	2.2330598839E+2	8.5712652325E-4
1.4926912893E-2	2.3668620255E+2	8.8313453619E-4
1.5823045305E-2	2.5038374028E+2	9.0912779076E-4
1.6745163410E-2	2.6438613192E+2	9.3510585261E-4
1.7693251801E-2	2.7867988814E+2	9.6106828758E-4
1.8667294632E-2	2.9325045879E+2	9.8701466182E-4
1.9667275626E-2	3.0808219333E+2	1.0129445417E-3
2.0693178073E-2	3.2315830355E+2	1.0388574939E-3
2.1744984827E-2	3.3846082862E+2	1.0647530855E-3
2.2822678313E-2	3.5397060316E+2	1.0906308836E-3
2.3926240519E-2	3.6966722863E+2	1.1164904558E-3
2.5055653005E-2	3.8552904845E+2	1.1423313699E-3
2.6210896896E-2	4.0153312739E+2	1.1681531941E-3
2.7391952886E-2	4.1765523567E+2	1.1939554970E-3
2.8598801239E-2	4.3386983826E+2	1.2197378472E-3
2.9831421786E-2	4.5015008987E+2	1.2454998140E-3
3.1089793929E-2	4.6646783611E+2	1.2712409668E-3
3.2373896638E-2	4.8279362142E+2	1.2969608754E-3
3.3683708455E-2	4.9909670413E+2	1.3226591101E-3
3.5019207490E-2	5.1534507932E+2	1.3483352414E-3
3.6380371427E-2	5.3150550981E+2	1.3739888402E-3
3.7767177517E-2	5.4754356591E+2	1.3996194778E-3
3.9179602586E-2	5.6342367424E+2	1.4252267258E-3
4.0617623030E-2	5.7910917624E+2	1.4508101565E-3
4.2081214817E-2	5.9456239659E+2	1.4763693421E-3
4.3570353490E-2	6.0974472204E+2	1.5019038556E-3
4.5085014162E-2	6.2461669094E+2	1.5274132703E-3
4.6625171522E-2	6.3913809365E+2	1.5528971598E-3
4.8190799831E-2	6.5326808429E+2	1.5783550984E-3
4.9781872927E-2	6.6696530365E+2	1.6037866605E-3
5.1398364219E-2	6.8018801364E+2	1.6291914212E-3
5.3040246694E-2	6.9289424308E+2	1.6545689559E-3
5.4707492914E-2	7.0504194477E+2	1.6799188405E-3
5.6400075017E-2	7.1658916377E+2	1.7052406515E-3
5.8117964718E-2	7.2749421641E+2	1.7305339655E-3
5.9861133308E-2	7.3771587979E+2	1.7557983600E-3
6.1629551657E-2	7.4721359109E+2	1.7810334128E-3
6.3423190212E-2	7.5594765622E+2	1.8062387021E-3
6.5242019000E-2	7.6387946687E+2	1.8314138067E-3
6.7086007624E-2	7.7097172512E+2	1.8565583060E-3
6.8955125270E-2	7.7718867466E+2	1.8816717796E-3
7.0849340702E-2	7.8249633718E+2	1.9067538080E-3
7.2768622264E-2	7.8686275291E+2	1.9318039720E-3
7.4712937885E-2	7.9025822363E+2	1.9568218529E-3
7.6682255070E-2	7.9265555667E+2	1.9818070327E-3
7.8676540910E-2	7.9403030803E+2	2.0067590939E-3
8.0695762079E-2	7.9436102302E+2	2.0316776194E-3
8.2739884832E-2	7.9362947206E+2	2.0565621928E-3
8.4808875009E-2	7.9182087998E+2	2.0814123983E-3
8.6902698034E-2	7.8892414623E+2	2.1062278206E-3
8.9021318917E-2	7.8493205408E+2	2.1310080450E-3
9.1164702253E-2	7.7984146623E+2	2.1557526574E-3
9.3332812224E-2	7.7365350453E+2	2.1804612443E-3
9.5525612596E-2	7.6637371147E+2	2.2051333928E-3
9.7743066726E-2	7.5801219087E+2	2.2297686905E-3
9.9985137556E-2	7.4858372561E+2	2.2543667257E-3
1.0225178762E-1	7.3810786978E+2	2.2789270875E-3
1.0454297904E-1	7.2660901322E+2	2.3034493653E-3
1.0685867352E-1	7.1411641621E+2	2.3279331494E-3
1.0919883237E-1	7.0066421224E+2	2.3523780306E-3
1.1156341648E-1	6.8629137717E+2	2.3767836004E-3
1.1395238633E-1	6.7104166297E+2	2.4011494510E-3
1.1636570200E-1	6.5496349482E+2	2.4254751751E-3
1.1880332317E-1	6.3810983034E+2	2.4497603662E-3
1.2126520909E-1	6.2053798015E+2	2.4740046186E-3
1.2375131862E-1	6.0230938942E+2	2.4982075270E-3
1.2626161023E-1	5.8348938005E+2	2.5223686871E-3
1.2879604195E-1	5.6414685406E+2	2.5464876949E-3
1.3135457143E-1	5.4435395863E+2	2.5705641475E-3
1.3393715592E-1	5.2418571416E+2	2.5945976426E-3
1.3654375226E-1	5.0371960672E+2	2.6185877784E-3
1.3917431689E-1	4.8303514716E+2	2.6425341541E-3
1.4182880585E-1	4.6221339920E+2	2.6664363695E-3
1.4450717478E-1	4.4133647965E+2	2.6902940251E-3
1.4720937892E-1	4.2048703409E+2	2.7141067224E-3
1.4993537310E-1	3.9974769202E+2	2.7378740632E-3
1.5268511179E-1	3.7920050568E+2	2.7615956505E-3
1.5545854902E-1	3.5892637732E+2	2.7852710878E-3
1.5825563845E-1	3.3900448005E+2	2.8088999795E-3
1.6107633333E-1	3.1951167752E+2	2.8324819307E-3
1.6392058653E-1	3.0052194831E+2	2.8560165473E-3
1.6678835052E-1	2.8210582067E+2	2.8795034361E-3
1.6967957737E-1	2.6432982389E+2	2.9029422044E-3
1.7259421876E-1	2.4725596219E+2	2.9263324607E-3
1.7553222599E-1	2.3094121735E+2	2.9496738141E-3
1.7849354996E-1	2.1543708615E+2	2.9729658744E-3
1.8147814117E-1	2.0078915839E+2	2.9962082525E-3
1.8448594977E-1	1.8703674121E+2	3.0194005599E-3
1.8751692548E-1	1.7421253496E+2	3.0425424091E-3
1.9057101764E-1	1.6234236553E+2	3.0656334132E-3
1.9364817522E-1	1.5144497752E+2	3.0886731866E-3
1.9674834681E-1	1.4153189201E+2	3.1116613440E-3
1.9987148058E-1	1.3260733208E+2	3.1345975014E-3
2.0301752435E-1	1.2466821850E+2	3.1574812755E-3
2.0618642554E-1	1.1770423713E+2	3.1803122838E-3
2.0937813120E-1	1.1169797884E+2	3.2030901448E-3
2.1259258799E-1	1.0662515174E+2	3.2258144779E-3
2.1582974219E-1	1.0245486467E+2	3.2484849032E-3
2.1908953970E-1	9.9149979894E+1	3.2711010421E-3
2.2237192605E-1	9.6667532062E+1	3.2936625164E-3
2.2567684639E-1	9.4959209462E+1	3.3161689492E-3
2.2900424548E-1	9.3971892750E+1	3.3386199643E-3
2.3235406772E-1	9.3648245423E+1	3.3610151867E-3
2.3572625713E-1	9.3927349503E+1	3.3833542419E-3
2.3912075735E-1	9.4745379139E+1	3.4056367567E-3
2.4253751167E-1	9.6036304184E+1	3.4278623588E-3
2.4597646298E-1	9.7732615220E+1	3.4500306767E-3
2.4943755380E-1	9.9766061105E+1	3.4721413399E-3
2.5292072631E-1	1.0206838973E+2	3.4941939790E-3
2.5642592230E-1	1.0457208257E+2	3.5161882254E-3
2.5995308318E-1	1.0721107343E+2	3.5381237115E-3
2.6350215001E-1	1.0992144208E+2	3.5600000709E-3
2.6707306349E-1	1.1264207360E+2	3.5818169379E-3
2.7066576394E-1	1.1531527453E+2	3.6035739479E-3
2.7428019131E-1	1.1788733784E+2	3.6252707373E-3
2.7791628522E-1	1.2030904903E+2	3.6469069436E-3
2.8157398488E-1	1.2253612660E+2	3.6684822051E-3
2.8525322919E-1	1.2452959137E+2	3.6899961614E-3
2.8895395665E-1	1.2625605953E+2	3.7114484529E-3
2.9267610542E-1	1.2768795619E+2	3.7328387211E-3
2.9641961330E-1	1.2880364678E+2	3.7541666086E-3
3.0018441773E-1	1.2958748530E+2	3.7754317588E-3
3.0397045579E-1	1.3002977953E+2	3.7966338166E-3
3.0777766421E-1	1.3012667466E+2	3.8177724274E-3
3.1160597938E-1	1.2987995809E+2	3.8388472382E-3
3.1545533730E-1	1.2929678936E+2	3.8598578967E-3
3.1932567367E-1	1.2838936038E+2	3.8808040517E-3
3.2321692379E-1	1.2717449228E+2	3.9016853533E-3
3.2712902264E-1	1.2567317602E+2	3.9225014525E-3
3.3106190484E-1	1.2391006493E+2	3.9432520014E-3
3.3501550468E-1	1.2191292814E+2	3.9639366533E-3
3.3898975607E-1	1.1971207406E+2	3.9845550624E-3
3.4298459261E-1	1.1733975398E+2	4.0051068843E-3
3.4699994753E-1	1.1482955562E+2	4.0255917754E-3
3.5103575373E-1	1.1221579687E+2	4.0460093936E-3
3.5509194378E-1	1.0953292956E+2	4.0663593974E-3
3.5916844988E-1	1.0681496281E+2	4.0866414469E-3
3.6326520391E-1	1.0409491532E+2	4.1068552032E-3
3.6738213741E-1	1.0140430470E+2	4.1270003283E-3
3.7151918157E-1	9.8772681905E+1	4.1470764858E-3
3.7567626728E-1	9.6227217061E+1	4.1670833400E-3
3.7985332504E-1	9.3792342684E+1	4.1870205567E-3
3.8405028507E-1	9.1489458561E+1	4.2068878026E-3
3.8826707721E-1	8.9336701661E+1	4.2266847457E-3
3.9250363101E-1	8.7348783058E+1	4.2464110553E-3
3.9675987567E-1	8.5536892599E+1	4.2660664016E-3
4.0103574005E-1	8.3908670739E+1	4.2856504563E-3
4.0533115271E-1	8.2468245766E+1	4.3051628919E-3
4.0964604185E-1	8.1216333401E+1	4.3246033825E-3
4.1398033538E-1	8.0150394710E+1	4.3439716031E-3
4.1833396086E-1	7.9264847214E+1	4.3632672302E-3
4.2270684554E-1	7.8551323241E+1	4.3824899412E-3
4.2709891633E-1	7.7998968807E+1	4.4016394148E-3
4.3151009985E-1	7.7594775745E+1	4.4207153312E-3
4.3594032237E-1	7.7323939361E+1	4.4397173715E-3
4.4038950986E-1	7.7170233655E+1	4.4586452181E-3
4.4485758797E-1	7.7116396057E+1	4.4774985548E-3
4.4934448203E-1	7.7144513704E+1	4.4962770664E-3
4.5385011706E-1	7.7236403559E+1	4.5149804392E-3
4.5837441776E-1	7.7373979026E+1	4.5336083606E-3
4.6291730852E-1	7.7539596313E+1	4.5521605193E-3
4.6747871344E-1	7.7716374426E+1	4.5706366053E-3
4.7205855627E-1	7.7888483470E+1	4.5890363098E-3
4.7665676049E-1	7.8041396800E+1	4.6073593254E-3
4.8127324926E-1	7.8162103486E+1	4.6256053458E-3
4.8590794542E-1	7.8239278564E+1	4.6437740661E-3
4.9056077152E-1	7.8263409496E+1	4.6618651826E-3
4.9523164982E-1	7.8226878312E+1	4.6798783932E-3
4.9992050224E-1	7.8123999840E+1	4.6978133967E-3
5.0462725044E-1	7.7951017381E+1	4.7156698934E-3
5.0935181576E-1	7.7706058028E+1	4.7334475849E-3
5.1409411924E-1	7.7389050639E+1	4.7511461741E-3
5.1885408164E-1	7.7001610120E+1	4.7687653653E-3
5.2363162341E-1	7.6546892276E+1	4.7863048641E-3
5.2842666471E-1	7.6029423922E+1	4.8037643772E-3
5.3323912540E-1	7.5454913290E+1	4.8211436130E-3
5.3806892508E-1	7.4830045948E+1	4.8384422809E-3
5.4291598301E-1	7.4162271544E+1	4.8556600920E-3
5.4778021821E-1	7.3459586606E+1	4.8727967585E-3
5.5266154939E-1	7.2730318484E+1	4.8898519940E-3
5.5755989496E-1	7.1982915211E+1	4.9068255135E-3
5.6247517308E-1	7.1225745713E+1	4.9237170334E-3
5.6740730160E-1	7.0466914296E+1	4.9405262713E-3
5.7235619810E-1	6.9714092827E+1	4.9572529464E-3
5.7732177988E-1	6.8974373429E+1	4.9738967791E-3
5.8230396395E-1	6.8254143872E+1	4.9904574913E-3
5.8730266706E-1	6.7558987208E+1	5.0069348063E-3
5.9231780568E-1	6.6893606525E+1	5.0233284486E-3
5.9734929598E-1	6.6261775075E+1	5.0396381444E-3
6.0239705389E-1	6.5666311393E+1	5.0558636210E-3
6.0746099506E-1	6.5109078466E+1	5.0720046074E-3
6.1254103485E-1	6.4591005490E+1	5.0880608338E-3
6.1763708838E-1	6.4112130275E+1	5.1040320318E-3
6.2274907048E-1	6.3671660005E+1	5.1199179345E-3
6.2787689573E-1	6.3268047729E+1	5.1357182766E-3
6.3302047843E-1	6.2899081725E+1	5.1514327939E-3
6.3817973262E-1	6.2561984777E+1	5.1670612238E-3
6.4335457209E-1	6.2253520280E+1	5.1826033052E-3
6.4854491036E-1	6.1970102168E+1	5.1980587783E-3
6.5375066070E-1	6.1707905717E+1	5.2134273849E-3
6.5897173609E-1	6.1462976438E+1	5.2287088681E-3
6.6420804930E-1	6.1231334513E+1	5.2439029725E-3
6.6945951283E-1	6.1009072483E+1	5.2590094442E-3
6.7472603890E-1	6.0792444227E+1	5.2740280309E-3
6.8000753951E-1	6.0577943594E+1	5.2889584814E-3
6.8530392640E-1	6.0362371446E+1	5.3038005463E-3
6.9061511106E-1	6.0142890218E+1	5.3185539776E-3
6.9594100473E-1	5.9917065493E+1	5.3332185287E-3
7.0128151841E-1	5.9682894442E+1	5.3477939546E-3
7.0663656285E-1	5.9438821344E+1	5.3622800116E-3
7.1200604856E-1	5.9183740685E+1	5.3766764577E-3
7.1738988581E-1	5.8916988663E+1	5.3909830523E-3
7.2278798463E-1	5.8638324128E+1	5.4051995564E-3
7.2820025482E-1	5.8347900209E+1	5.4193257323E-3
7.3362660591E-1	5.8046228049E+1	5.4333613439E-3
7.3906694724E-1	5.7734134132E+1	5.4473061568E-3
7.4452118788E-1	5.7412712795E+1	5.4611599379E-3
7.4998923669E-1	5.7083275514E+1	5.4749224557E-3
7.5547100229E-1	5.6747298501E+1	5.4885934801E-3
7.6096639308E-1	5.6406370132E+1	5.5021727828E-3
7.6647531721E-1	5.6062139581E+1	5.5156601367E-3
7.7199768263E-1	5.5716267907E+1	5.5290553166E-3
7.7753339704E-1	5.5370382724E+1	5.5423580985E-3
7.8308236795E-1	5.5026037337E+1	5.5555682601E-3
7.8864450262E-1	5.4684675122E+1	5.5686855808E-3
7.9421970809E-1	5.4347599655E+1	5.5817098412E-3
7.9980789121E-1	5.4015950963E+1	5.5946408237E-3
8.0540895857E-1	5.3690688040E+1	5.6074783123E-3
8.1102281659E-1	5.3372577611E+1	5.6202220924E-3
8.1664937145E-1	5.3062188941E+1	5.6328719509E-3
8.2228852912E-1	5.2759894371E+1	5.6454276767E-3
8.2794019536E-1	5.2465875083E+1	5.6578890597E-3
8.3360427572E-1	5.2180131551E+1	5.6702558918E-3
8.3928067556E-1	5.1902497990E+1	5.6825279663E-3
8.4496930000E-1	5.1632660108E+1	5.6947050782E-3
8.5067005399E-1	5.1370175409E+1	5.7067870238E-3
8.5638284226E-1	5.1114495274E+1	5.7187736014E-3
8.6210756934E-1	5.0864988085E+1	5.7306646105E-3
8.6784413956E-1	5.0620962670E+1	5.7424598526E-3
8.7359245705E-1	5.0381691402E+1	5.7541591304E-3
8.7935242576E-1	5.0146432334E+1	5.7657622485E-3
8.8512394943E-1	4.9914449870E+1	5.7772690129E-3
8.9090693161E-1	4.9685033487E+1	5.7886792314E-3
8.9670127565E-1	4.9457514193E+1	5.7999927133E-3
9.0250688473E-1	4.9231278426E+1	5.8112092696E-3
9.0832366182E-1	4.9005779246E+1	5.8223287127E-3
9.1415150972E-1	4.8780544728E+1	5.8333508568E-3
9.1999033104E-1	4.8555183572E+1	5.8442755178E-3
9.2584002820E-1	4.8329387999E+1	5.8551025132E-3
9.3170050345E-1	4.8102934097E+1	5.8658316618E-3
9.3757165885E-1	4.7875679828E+1	5.8764627846E-3
9.4345339628E-1	4.7647560946E+1	5.8869957037E-3
9.4934561746E-1	4.7418585123E+1	5.8974302433E-3
9.5524822392E-1	4.7188824618E+1	5.9077662288E-3
9.6116111701E-1	4.6958407806E+1	5.9180034877E-3
9.6708419793E-1	4.6727509909E+1	5.9281418487E-3
9.7301736769E-1	4.6496343266E+1	5.9381811425E-3
9.7896052713E-1	4.6265147457E+1	5.9481212013E-3
9.8491357695E-1	4.6034179558E+1	5.9579618591E-3
9.9087641766E-1	4.5803704811E+1	5.9677029512E-3
9.9684894961E-1	4.5573987918E+1	5.9773443150E-3
1.0028310730E+0	4.5345285158E+1	5.9868857894E-3
1.0088226878E+0	4.5117837474E+1	5.9963272149E-3
1.0148236940E+0	4.4891864630E+1	6.0056684336E-3
1.0208339913E+0	4.4667560525E+1	6.0149092896E-3
1.0268534791E+0	4.4445089670E+1	6.0240496283E-3
1.0328820570E+0	4.4224584828E+1	6.0330892971E-3
1.0389196241E+0	4.4006145793E+1	6.0420281448E-3
1.0449660796E+0	4.3789839210E+1	6.0508660221E-3
1.0510213224E+0	4.3575699366E+1	6.0596027814E-3
1.0570852514E+0	4.3363729828E+1	6.0682382765E-3
1.0631577652E+0	4.3153905813E+1	6.0767723631E-3
1.0692387623E+0	4.2946177138E+1	6.0852048988E-3
1.0753281411E+0	4.2740471624E+1	6.0935357425E-3
1.0814257998E+0	4.2536698806E+1	6.1017647550E-3
1.0875316366E+0	4.2334753825E+1	6.1098917988E-3
1.0936455494E+0	4.2134521354E+1	6.1179167381E-3
1.0997674360E+0	4.1935879459E+1	6.1258394388E-3
1.1058971941E+0	4.1738703285E+1	6.1336597685E-3
1.1120347214E+0	4.1542868473E+1	6.1413775965E-3
1.1181799151E+0	4.1348254243E+1	6.1489927938E-3
1.1243326727E+0	4.1154746081E+1	6.1565052331E-3
1.1304928913E+0	4.0962237994E+1	6.1639147890E-3
1.1366604679E+0	4.0770634308E+1	6.1712213376E-3
1.1428352996E+0	4.0579851003E+1	6.1784247568E-3
1.1490172830E+0	4.0389816592E+1	6.1855249261E-3
1.1552063150E+0	4.0200472562E+1	6.1925217271E-3
1.1614022920E+0	4.0011773405E+1	6.1994150427E-3
1.1676051105E+0	3.9823686286E+1	6.2062047577E-3
1.1738146669E+0	3.9636190384E+1	6.2128907587E-3
1.1800308574E+0	3.9449275966E+1	6.2194729339E-3
1.1862535782E+0	3.9262943233E+1	6.2259511734E-3
1.1924827251E+0	3.9077201015E+1	6.2323253688E-3
1.1987181942E+0	3.8892065346E+1	6.2385954138E-3
1.2049598812E+0	3.8707557986E+1	6.2447612034E-3
1.2112076818E+0	3.8523704930E+1	6.2508226346E-3
1.2174614916E+0	3.8340534954E+1	6.2567796062E-3
1.2237212062E+0	3.8158078228E+1	6.2626320186E-3
1.2299867208E+0	3.7976365037E+1	6.2683797740E-3
1.2362579308E+0	3.7795424636E+1	6.2740227763E-3
1.2425347314E+0	3.7615284242E+1	6.2795609313E-3
1.2488170177E+0	3.7435968208E+1	6.2849941464E-3
1.2551046847E+0	3.7257497355E+1	6.2903223308E-3
1.2613976273E+0	3.7079888477E+1	6.2955453954E-3
1.2676957404E+0	3.6903154026E+1	6.3006632530E-3
1.2739989187E+0	3.6727301945E+1	6.3056758180E-3
1.2803070569E+0	3.6552335659E+1	6.3105830068E-3
1.2866200496E+0	3.6378254193E+1	6.3153847371E-3
1.2929377912E+0	3.6205052418E+1	6.3200809290E-3
1.2992601762E+0	3.6032721377E+1	6.3246715037E-3
1.3055870990E+0	3.5861248711E+1	6.3291563847E-3
1.3119184537E+0	3.5690619118E+1	6.3335354970E-3
1.3182541347E+0	3.5520814874E+1	6.3378087674E-3
1.3245940360E+0	3.5351816356E+1	6.3419761245E-3
1.3309380516E+0	3.5183602574E+1	6.3460374987E-3
1.3372860756E+0	3.5016151689E+1	6.3499928220E-3
1.3436380019E+0	3.4849441506E+1	6.3538420284E-3
1.3499937243E+0	3.4683449924E+1	6.3575850535E-3
1.3563531366E+0	3.4518155345E+1	6.3612218349E-3
1.3627161325E+0	3.4353537022E+1	6.3647523117E-3
1.3690826057E+0	3.4189575361E+1	6.3681764249E-3
1.3754524499E+0	3.4026252147E+1	6.3714941173E-3
1.3818255585E+0	3.3863550727E+1	6.3747053335E-3
1.3882018250E+0	3.3701456118E+1	6.3778100198E-3
1.3945811430E+0	3.3539955073E+1	6.3808081243E-3
1.4009634057E+0	3.3379036086E+1	6.3836995970E-3
1.4073485066E+0	3.3218689355E+1	6.3864843894E-3
1.4137363389E+0	3.3058906705E+1	6.3891624551E-3
1.4201267959E+0	3.2899681475E+1	6.3917337493E-3
1.4265197708E+0	3.2741008378E+1	6.3941982290E-3
1.4329151568E+0	3.2582883343E+1	6.3965558531E-3
1.4393128469E+0	3.2425303339E+1	6.3988065821E-3
1.4457127343E+0	3.2268266197E+1	6.4009503785E-3
1.4521147120E+0	3.2111770425E+1	6.4029872063E-3
1.4585186731E+0	3.1955815029E+1	6.4049170317E-3
1.4649245104E+0	3.1800399340E+1	6.4067398222E-3
1.4713321170E+0	3.1645522858E+1	6.4084555476E-3
1.4777413858E+0	3.1491185107E+1	6.4100641790E-3
1.4841522097E+0	3.1337385503E+1	6.4115656896E-3
1.4905644815E+0	3.1184123256E+1	6.4129600544E-3
1.4969780940E+0	3.1031397273E+1	6.4142472499E-3
1.5033929402E+0	3.0879206098E+1	6.4154272548E-3
1.5098089128E+0	3.0727547860E+1	6.4165000493E-3
1.5162259046E+0	3.0576420247E+1	6.4174656154E-3
1.5226438083E+0	3.0425820496E+1	6.4183239370E-3
1.5290625167E+0	3.0275745393E+1	6.4190749998E-3
1.5354819225E+0	3.0126191302E+1	6.4197187912E-3
1.5419019185E+0	2.9977154182E+1	6.4202553005E-3
1.5483223974E+0	2.9828629641E+1	6.4206845187E-3
1.5547432518E+0	2.9680612974E+1	6.4210064386E-3
1.5611643745E+0	2.9533099216E+1	6.4212210549E-3
1.5675856581E+0	2.9386083202E+1	6.4213283639E-3
1.5740069954E+0	2.9239559621E+1	6.4213283639E-3
1.5804282791E+0	2.9093523071E+1	6.4212210549E-3
1.5868494018E+0	2.8947968114E+1	6.4210064386E-3
1.5932702562E+0	2.8802889324E+1	6.4206845187E-3
1.5996907351E+0	2.8658281342E+1	6.4202553005E-3
1.6061107310E+0	2.8514138905E+1	6.4197187912E-3
1.6125301369E+0	2.8370456896E+1	6.4190749998E-3
1.6189488453E+0	2.8227230363E+1	6.4183239370E-3
1.6253667490E+0	2.8084454552E+1	6.4174656154E-3
1.6317837408E+0	2.7942124921E+1	6.4165000493E-3
1.6381997134E+0	2.7800237153E+1	6.4154272548E-3
1.6446145595E+0	2.7658787167E+1	6.4142472499E-3
1.6510281721E+0	2.7517771116E+1	6.4129600544E-3
1.6574404439E+0	2.7377185384E+1	6.4115656896E-3
1.6638512678E+0	2.7237026585E+1	6.4100641790E-3
1.6702605366E+0	2.7097291542E+1	6.4084555476E-3
1.6766681432E+0	2.6957977285E+1	6.4067398222E-3
1.6830739805E+0	2.6819081025E+1	6.4049170317E-3
1.6894779416E+0	2.6680600142E+1	6.4029872063E-3
1.6958799193E+0	2.6542532163E+1	6.4009503785E-3
1.7022798067E+0	2.6404874746E+1	6.3988065821E-3
1.7086774968E+0	2.6267625658E+1	6.3965558531E-3
1.7150728827E+0	2.6130782759E+1	6.3941982290E-3
1.7214658576E+0	2.5994343981E+1	6.3917337493E-3
1.7278563146E+0	2.5858307318E+1	6.3891624551E-3
1.7342441470E+0	2.5722670805E+1	6.3864843894E-3
1.7406292478E+0	2.5587432512E+1	6.3836995970E-3
1.7470115106E+0	2.5452590532E+1	6.3808081243E-3
1.7533908286E+0	2.5318142968E+1	6.3778100198E-3
1.7597670951E+0	2.5184087935E+1	6.3747053335E-3
1.7661402037E+0	2.5050423548E+1	6.3714941173E-3
1.7725100479E+0	2.4917147924E+1	6.3681764249E-3
1.7788765211E+0	2.4784259175E+1	6.3647523117E-3
1.7852395170E+0	2.4651755415E+1	6.3612218349E-3
1.7915989293E+0	2.4519634754E+1	6.3575850535E-3
1.7979546517E+0	2.4387895303E+1	6.3538420284E-3
1.8043065780E+0	2.4256535176E+1	6.3499928220E-3
1.8106546020E+0	2.4125552493E+1	6.3460374987E-3
1.8169986176E+0	2.3994945382E+1	6.3419761245E-3
1.8233385189E+0	2.3864711983E+1	6.3378087674E-3
1.8296741999E+0	2.3734850453E+1	6.3335354970E-3
1.8360055546E+0	2.3605358970E+1	6.3291563847E-3
1.8423324774E+0	2.3476235734E+1	6.3246715037E-3
1.8486548624E+0	2.3347478974E+1	6.3200809290E-3
1.8549726040E+0	2.3219086953E+1	6.3153847371E-3
1.8612855967E+0	2.3091057968E+1	6.3105830068E-3
1.8675937349E+0	2.2963390352E+1	6.3056758180E-3
1.8738969132E+0	2.2836082486E+1	6.3006632530E-3
1.8801950263E+0	2.2709132788E+1	6.2955453954E-3
1.8864879689E+0	2.2582539727E+1	6.2903223308E-3
1.8927756359E+0	2.2456301818E+1	6.2849941464E-3
1.8990579222E+0	2.2330417623E+1	6.2795609313E-3
1.9053347228E+0	2.2204885754E+1	6.2740227763E-3
1.9116059328E+0	2.2079704871E+1	6.2683797740E-3
1.9178714474E+0	2.1954873681E+1	6.2626320186E-3
1.9241311620E+0	2.1830390939E+1	6.2567796062E-3
1.9303849718E+0	2.1706255445E+1	6.2508226346E-3
1.9366327724E+0	2.1582466040E+1	6.2447612034E-3
1.9428744594E+0	2.1459021612E+1	6.2385954138E-3
1.9491099285E+0	2.1335921085E+1	6.2323253688E-3
1.9553390754E+0	2.1213163422E+1	6.2259511734E-3
1.9615617961E+0	2.1090747625E+1	6.2194729339E-3
1.9677779867E+0	2.0968672727E+1	6.2128907587E-3
1.9739875431E+0	2.0846937796E+1	6.2062047577E-3
1.9801903616E+0	2.0725541933E+1	6.1994150427E-3
1.9863863386E+0	2.0604484268E+1	6.1925217271E-3
1.9925753706E+0	2.0483763959E+1	6.1855249261E-3
1.9987573540E+0	2.0363380193E+1	6.1784247568E-3
2.0049321857E+0	2.0243332185E+1	6.1712213376E-3
2.0110997623E+0	2.0123619175E+1	6.1639147890E-3
2.0172599809E+0	2.0004240425E+1	6.1565052331E-3
2.0234127385E+0	1.9885195225E+1	6.1489927938E-3
2.0295579322E+0	1.9766482886E+1	6.1413775965E-3
2.0356954595E+0	1.9648102740E+1	6.1336597685E-3
2.0418252176E+0	1.9530054140E+1	6.1258394388E-3
2.0479471042E+0	1.9412336460E+1	6.1179167381E-3
2.0540610170E+0	1.9294949093E+1	6.1098917988E-3
2.0601668538E+0	1.9177891452E+1	6.1017647550E-3
2.0662645125E+0	1.9061162967E+1	6.0935357425E-3
2.0723538913E+0	1.8944763085E+1	6.0852048988E-3
2.0784348884E+0	1.8828691275E+1	6.0767723631E-3
2.0845074022E+0	1.8712947019E+1	6.0682382765E-3
2.0905713312E+0	1.8597529822E+1	6.0596027814E-3
2.0966265740E+0	1.8482439203E+1	6.0508660221E-3
2.1026730295E+0	1.8367674702E+1	6.0420281448E-3
2.1087105966E+0	1.8253235878E+1	6.0330892971E-3
2.1147391745E+0	1.8139122309E+1	6.0240496283E-3
2.1207586623E+0	1.8025333592E+1	6.0149092896E-3
2.1267689596E+0	1.7911869345E+1	6.0056684336E-3
2.1327699657E+0	1.7798729205E+1	5.9963272149E-3
2.1387615806E+0	1.7685912829E+1	5.9868857894E-3
2.1447437040E+0	1.7573419894E+1	5.9773443150E-3
2.1507162359E+0	1.7461250096E+1	5.9677029512E-3
2.1566790766E+0	1.7349403151E+1	5.9579618591E-3
2.1626321265E+0	1.7237878795E+1	5.9481212013E-3
2.1685752859E+0	1.7126676778E+1	5.9381811425E-3
2.1745084557E+0	1.7015796874E+1	5.9281418487E-3
2.1804315366E+0	1.6905238868E+1	5.9180034877E-3
2.1863444297E+0	1.6795002568E+1	5.9077662288E-3
2.1922470361E+0	1.6685087793E+1	5.8974302433E-3
2.1981392573E+0	1.6575494381E+1	5.8869957037E-3
2.2040209947E+0	1.6466222186E+1	5.8764627846E-3
2.2098921501E+0	1.6357271077E+1	5.8658316618E-3
2.2157526254E+0	1.6248640939E+1	5.8551025132E-3
2.2216023226E+0	1.6140331671E+1	5.8442755178E-3
2.2274411439E+0	1.6032343189E+1	5.8333508568E-3
2.2332689918E+0	1.5924675423E+1	5.8223287127E-3
2.2390857689E+0	1.5817328320E+1	5.8112092696E-3
2.2448913779E+0	1.5710301841E+1	5.7999927133E-3
2.2506857220E+0	1.5603595963E+1	5.7886792314E-3
2.2564687042E+0	1.5497210677E+1	5.7772690129E-3
2.2622402278E+0	1.5391145990E+1	5.7657622485E-3
2.2680001965E+0	1.5285401923E+1	5.7541591304E-3
2.2737485140E+0	1.5179978513E+1	5.7424598526E-3
2.2794850843E+0	1.5074875807E+1	5.7306646105E-3
2.2852098113E+0	1.4970093869E+1	5.7187736014E-3
2.2909225996E+0	1.4865632775E+1	5.7067870238E-3
2.2966233536E+0	1.4761492614E+1	5.6947050782E-3
2.3023119780E+0	1.4657673486E+1	5.6825279663E-3
2.3079883779E+0	1.4554175504E+1	5.6702558918E-3
2.3136524582E+0	1.4450998791E+1	5.6578890597E-3
2.3193041245E+0	1.4348143483E+1	5.6454276767E-3
2.3249432821E+0	1.4245609726E+1	5.6328719509E-3
2.3305698370E+0	1.4143397675E+1	5.6202220924E-3
2.3361836950E+0	1.4041507497E+1	5.6074783123E-3
2.3417847624E+0	1.3939939371E+1	5.5946408237E-3
2.3473729455E+0	1.3838693484E+1	5.5817098412E-3
2.3529481510E+0	1.3737770033E+1	5.5686855808E-3
2.3585102856E+0	1.3637169227E+1	5.5555682601E-3
2.3640592565E+0	1.3536891285E+1	5.5423580985E-3
2.3695949710E+0	1.3436936437E+1	5.5290553166E-3
2.3751173364E+0	1.3337304922E+1	5.5156601367E-3
2.3806262605E+0	1.3237996989E+1	5.5021727828E-3
2.3861216513E+0	1.3139012899E+1	5.4885934801E-3
2.3916034169E+0	1.3040352923E+1	5.4749224557E-3
2.3970714657E+0	1.2942017340E+1	5.4611599379E-3
2.4025257064E+0	1.2844006441E+1	5.4473061568E-3
2.4079660477E+0	1.2746320525E+1	5.4333613439E-3
2.4133923988E+0	1.2648959903E+1	5.4193257323E-3
2.4188046690E+0	1.2551924892E+1	5.4051995564E-3
2.4242027678E+0	1.2455215820E+1	5.3909830523E-3
2.4295866050E+0	1.2358833022E+1	5.3766764577E-3
2.4349560907E+0	1.2262776843E+1	5.3622800116E-3
2.4403111352E+0	1.2167047636E+1	5.3477939546E-3
2.4456516489E+0	1.2071645761E+1	5.3332185287E-3
2.4509775425E+0	1.1976571588E+1	5.3185539776E-3
2.4562887272E+0	1.1881825493E+1	5.3038005463E-3
2.4615851141E+0	1.1787407859E+1	5.2889584814E-3
2.4668666147E+0	1.1693319080E+1	5.2740280309E-3
2.4721331408E+0	1.1599559553E+1	5.2590094442E-3
2.4773846043E+0	1.1506129686E+1	5.2439029725E-3
2.4826209175E+0	1.1413029892E+1	5.2287088681E-3
2.4878419929E+0	1.1320260594E+1	5.2134273849E-3
2.4930477432E+0	1.1227822220E+1	5.1980587783E-3
2.4982380815E+0	1.1135715206E+1	5.1826033052E-3
2.5034129210E+0	1.1043939996E+1	5.1670612238E-3
2.5085721752E+0	1.0952497039E+1	5.1514327939E-3
2.5137157579E+0	1.0861386794E+1	5.1357182766E-3
2.5188435831E+0	1.0770609724E+1	5.1199179345E-3
2.5239555652E+0	1.0680166301E+1	5.1040320318E-3
2.5290516187E+0	1.0590057002E+1	5.0880608338E-3
2.5341316585E+0	1.0500282311E+1	5.0720046074E-3
2.5391955997E+0	1.0410842720E+1	5.0558636210E-3
2.5442433576E+0	1.0321738726E+1	5.0396381444E-3
2.5492748479E+0	1.0232970830E+1	5.0233284486E-3
2.5542899865E+0	1.0144539543E+1	5.0069348063E-3
2.5592886896E+0	1.0056445378E+1	4.9904574913E-3
2.5642708737E+0	9.9686888560E+0	4.9738967791E-3
2.5692364555E+0	9.8812705031E+0	4.9572529464E-3
2.5741853520E+0	9.7941908504E+0	4.9405262713E-3
2.5791174805E+0	9.7074504345E+0	4.9237170334E-3
2.5840327586E+0	9.6210497972E+0	4.9068255135E-3
2.5889311042E+0	9.5349894853E+0	4.8898519940E-3
2.5938124354E+0	9.4492700509E+0	4.8727967585E-3
2.5986766706E+0	9.3638920509E+0	4.8556600920E-3
2.6035237285E+0	9.2788560471E+0	4.8384422809E-3
2.6083535282E+0	9.1941626063E+0	4.8211436130E-3
2.6131659889E+0	9.1098122999E+0	4.8037643772E-3
2.6179610302E+0	9.0258057040E+0	4.7863048641E-3
2.6227385719E+0	8.9421433993E+0	4.7687653653E-3
2.6274985343E+0	8.8588259711E+0	4.7511461741E-3
2.6322408378E+0	8.7758540092E+0	4.7334475849E-3
2.6369654032E+0	8.6932281075E+0	4.7156698934E-3
2.6416721513E+0	8.6109488645E+0	4.6978133967E-3
2.6463610038E+0	8.5290168825E+0	4.6798783932E-3
2.6510318821E+0	8.4474327683E+0	4.6618651826E-3
2.6556847082E+0	8.3661971324E+0	4.6437740661E-3
2.6603194043E+0	8.2853105892E+0	4.6256053458E-3
2.6649358931E+0	8.2047737570E+0	4.6073593254E-3
2.6695340973E+0	8.1245872575E+0	4.5890363098E-3
2.6741139402E+0	8.0447517163E+0	4.5706366053E-3
2.6786753451E+0	7.9652677623E+0	4.5521605193E-3
2.6832182358E+0	7.8861360278E+0	4.5336083606E-3
2.6877425365E+0	7.8073571486E+0	4.5149804392E-3
2.6922481716E+0	7.7289317633E+0	4.4962770664E-3
2.6967350656E+0	7.6508605141E+0	4.4774985548E-3
2.7012031437E+0	7.5731440459E+0	4.4586452181E-3
2.7056523312E+0	7.4957830069E+0	4.4397173715E-3
2.7100825537E+0	7.4187780478E+0	4.4207153312E-3
2.7144937373E+0	7.3421298226E+0	4.4016394148E-3
2.7188858081E+0	7.2658389877E+0	4.3824899412E-3
2.7232586927E+0	7.1899062024E+0	4.3632672302E-3
2.7276123182E+0	7.1143321284E+0	4.3439716031E-3
2.7319466117E+0	7.0391174302E+0	4.3246033825E-3
2.7362615009E+0	6.9642627746E+0	4.3051628919E-3
2.7405569135E+0	6.8897688309E+0	4.2856504563E-3
2.7448327779E+0	6.8156362706E+0	4.2660664016E-3
2.7490890226E+0	6.7418657676E+0	4.2464110553E-3
2.7533255764E+0	6.6684579977E+0	4.2266847457E-3
2.7575423685E+0	6.5954136390E+0	4.2068878026E-3
2.7617393285E+0	6.5227333715E+0	4.1870205567E-3
2.7659163863E+0	6.4504178770E+0	4.1670833400E-3
2.7700734720E+0	6.3784678394E+0	4.1470764858E-3
2.7742105162E+0	6.3068839440E+0	4.1270003283E-3
2.7783274497E+0	6.2356668780E+0	4.1068552032E-3
2.7824242037E+0	6.1648173300E+0	4.0866414469E-3
2.7865007098E+0	6.0943359901E+0	4.0663593974E-3
2.7905568999E+0	6.0242235498E+0	4.0460093936E-3
2.7945927061E+0	5.9544807020E+0	4.0255917754E-3
2.7986080610E+0	5.8851081406E+0	4.0051068843E-3
2.8026028975E+0	5.8161065610E+0	3.9845550624E-3
2.8065771489E+0	5.7474766593E+0	3.9639366533E-3
2.8105307487E+0	5.6792191329E+0	3.9432520014E-3
2.8144636309E+0	5.6113346800E+0	3.9225014525E-3
2.8183757298E+0	5.5438239995E+0	3.9016853533E-3
2.8222669799E+0	5.4766877915E+0	3.8808040517E-3
2.8261373163E+0	5.4099267563E+0	3.8598578967E-3
2.8299866742E+0	5.3435415951E+0	3.8388472382E-3
2.8338149894E+0	5.2775330098E+0	3.8177724274E-3
2.8376221978E+0	5.2119017026E+0	3.7966338166E-3
2.8414082359E+0	5.1466483762E+0	3.7754317588E-3
2.8451730403E+0	5.0817737336E+0	3.7541666086E-3
2.8489165482E+0	5.0172784782E+0	3.7328387211E-3
2.8526386969E+0	4.9531633134E+0	3.7114484529E-3
2.8563394244E+0	4.8894289431E+0	3.6899961614E-3
2.8600186687E+0	4.8260760709E+0	3.6684822051E-3
2.8636763684E+0	4.7631054006E+0	3.6469069436E-3
2.8673124623E+0	4.7005176359E+0	3.6252707373E-3
2.8709268897E+0	4.6383134803E+0	3.6035739479E-3
2.8745195901E+0	4.5764936371E+0	3.5818169379E-3
2.8780905036E+0	4.5150588092E+0	3.5600000709E-3
2.8816395704E+0	4.4540096992E+0	3.5381237115E-3
2.8851667313E+0	4.3933470093E+0	3.5161882254E-3
2.8886719273E+0	4.3330714409E+0	3.4941939790E-3
2.8921550998E+0	4.2731836950E+0	3.4721413399E-3
2.8956161906E+0	4.2136844719E+0	3.4500306767E-3
2.8990551419E+0	4.1545744710E+0	3.4278623588E-3
2.9024718962E+0	4.0958543909E+0	3.4056367567E-3
2.9058663965E+0	4.0375249292E+0	3.3833542419E-3
2.9092385859E+0	3.9795867826E+0	3.3610151867E-3
2.9125884081E+0	3.9220406467E+0	3.3386199643E-3
2.9159158072E+0	3.8648872158E+0	3.3161689492E-3
2.9192207275E+0	3.8081271832E+0	3.2936625164E-3
2.9225031139E+0	3.7517612406E+0	3.2711010421E-3
2.9257629114E+0	3.6957900785E+0	3.2484849032E-3
2.9290000656E+0	3.6402143859E+0	3.2258144779E-3
2.9322145224E+0	3.5850348504E+0	3.2030901448E-3
2.9354062280E+0	3.5302521578E+0	3.1803122838E-3
2.9385751292E+0	3.4758669922E+0	3.1574812755E-3
2.9417211730E+0	3.4218800363E+0	3.1345975014E-3
2.9448443068E+0	3.3682919707E+0	3.1116613440E-3
2.9479444784E+0	3.3151034741E+0	3.0886731866E-3
2.9510216360E+0	3.2623152234E+0	3.0656334132E-3
2.9540757281E+0	3.2099278933E+0	3.0425424091E-3
2.9571067038E+0	3.1579421568E+0	3.0194005599E-3
2.9601145124E+0	3.1063586842E+0	2.9962082525E-3
2.9630991036E+0	3.0551781440E+0	2.9729658744E-3
2.9660604276E+0	3.0044012022E+0	2.9496738141E-3
2.9689984348E+0	2.9540285225E+0	2.9263324607E-3
2.9719130762E+0	2.9040607661E+0	2.9029422044E-3
2.9748043031E+0	2.8544985918E+0	2.8795034361E-3
2.9776720671E+0	2.8053426558E+0	2.8560165473E-3
2.9805163203E+0	2.7565936114E+0	2.8324819307E-3
2.9833370151E+0	2.7082521097E+0	2.8088999795E-3
2.9861341046E+0	2.6603187985E+0	2.7852710878E-3
2.9889075418E+0	2.6127943230E+0	2.7615956505E-3
2.9916572805E+0	2.5656793255E+0	2.7378740632E-3
2.9943832747E+0	2.5189744452E+0	2.7141067224E-3
2.9970854788E+0	2.4726803183E+0	2.6902940251E-3
2.9997638477E+0	2.4267975778E+0	2.6664363695E-3
3.0024183367E+0	2.3813268535E+0	2.6425341541E-3
3.0050489013E+0	2.3362687721E+0	2.6185877784E-3
3.0076554977E+0	2.2916239566E+0	2.5945976426E-3
3.0102380822E+0	2.2473930270E+0	2.5705641475E-3
3.0127966116E+0	2.2035765995E+0	2.5464876949E-3
3.0153310434E+0	2.1601752870E+0	2.5223686871E-3
3.0178413350E+0	2.1171896985E+0	2.4982075270E-3
3.0203274445E+0	2.0746204396E+0	2.4740046186E-3
3.0227893304E+0	2.0324681119E+0	2.4497603662E-3
3.0252269516E+0	1.9907333135E+0	2.4254751751E-3
3.0276402673E+0	1.9494166382E+0	2.4011494510E-3
3.0300292371E+0	1.9085186763E+0	2.3767836004E-3
3.0323938212E+0	1.8680400137E+0	2.3523780306E-3
3.0347339801E+0	1.8279812324E+0	2.3279331494E-3
3.0370496746E+0	1.7883429104E+0	2.3034493653E-3
3.0393408660E+0	1.7491256211E+0	2.2789270875E-3
3.0416075160E+0	1.7103299340E+0	2.2543667257E-3
3.0438495869E+0	1.6719564141E+0	2.2297686905E-3
3.0460670410E+0	1.6340056220E+0	2.2051333928E-3
3.0482598414E+0	1.5964781139E+0	2.1804612443E-3
3.0504279513E+0	1.5593744414E+0	2.1557526574E-3
3.0525713347E+0	1.5226951517E+0	2.1310080450E-3
3.0546899556E+0	1.4864407871E+0	2.1062278206E-3
3.0567837786E+0	1.4506118853E+0	2.0814123983E-3
3.0588527688E+0	1.4152089793E+0	2.0565621928E-3
3.0608968915E+0	1.3802325973E+0	2.0316776194E-3
3.0629161127E+0	1.3456832624E+0	2.0067590939E-3
3.0649103985E+0	1.3115614931E+0	1.9818070327E-3
3.0668797157E+0	1.2778678025E+0	1.9568218529E-3
3.0688240313E+0	1.2446026990E+0	1.9318039720E-3
3.0707433129E+0	1.2117666857E+0	1.9067538080E-3
3.0726375283E+0	1.1793602605E+0	1.8816717796E-3
3.0745066460E+0	1.1473839162E+0	1.8565583060E-3
3.0763506346E+0	1.1158381403E+0	1.8314138067E-3
3.0781694634E+0	1.0847234148E+0	1.8062387021E-3
3.0799631019E+0	1.0540402164E+0	1.7810334128E-3
3.0817315203E+0	1.0237890165E+0	1.7557983600E-3
3.0834746889E+0	9.9397028070E-1	1.7305339655E-3
3.0851925786E+0	9.6458446934E-1	1.7052406515E-3
3.0868851607E+0	9.3563203698E-1	1.6799188405E-3
3.0885524069E+0	9.0711343254E-1	1.6545689559E-3
3.0901942894E+0	8.7902909926E-1	1.6291914212E-3
3.0918107807E+0	8.5137947459E-1	1.6037866605E-3
3.0934018538E+0	8.2416499016E-1	1.5783550984E-3
3.0949674821E+0	7.9738607177E-1	1.5528971598E-3
3.0965076394E+0	7.7104313926E-1	1.5274132703E-3
3.0980223001E+0	7.4513660654E-1	1.5019038556E-3
3.0995114388E+0	7.1966688150E-1	1.4763693421E-3
3.1009750306E+0	6.9463436596E-1	1.4508101565E-3
3.1024130510E+0	6.7003945564E-1	1.4252267258E-3
3.1038254761E+0	6.4588254011E-1	1.3996194778E-3
3.1052122822E+0	6.2216400274E-1	1.3739888402E-3
3.1065734461E+0	5.9888422064E-1	1.3483352414E-3
3.1079089451E+0	5.7604356467E-1	1.3226591101E-3
3.1092187570E+0	5.5364239932E-1	1.2969608754E-3
3.1105028597E+0	5.3168108273E-1	1.2712409668E-3
3.1117612318E+0	5.1015996661E-1	1.2454998140E-3
3.1129938524E+0	4.8907939622E-1	1.2197378472E-3
3.1142007007E+0	4.6843971031E-1	1.1939554970E-3
3.1153817567E+0	4.4824124110E-1	1.1681531941E-3
3.1165370006E+0	4.2848431423E-1	1.1423313699E-3
3.1176664131E+0	4.0916924872E-1	1.1164904558E-3
3.1187699753E+0	3.9029635694E-1	1.0906308836E-3
3.1198476688E+0	3.7186594457E-1	1.0647530855E-3
3.1208994755E+0	3.5387831054E-1	1.0388574939E-3
3.1219253780E+0	3.3633374705E-1	1.0129445417E-3
3.1229253590E+0	3.1923253946E-1	9.8701466182E-4
3.1238994018E+0	3.0257496635E-1	9.6106828758E-4
3.1248474902E+0	2.8636129937E-1	9.3510585261E-4
3.1257696083E+0	2.7059180333E-1	9.0912779076E-4
3.1266657407E+0	2.5526673607E-1	8.8313453619E-4
3.1275358724E+0	2.4038634848E-1	8.5712652325E-4
3.1283799890E+0	2.2595088446E-1	8.3110418659E-4
3.1291980762E+0	2.1196058091E-1	8.0506796108E-4
3.1299901204E+0	1.9841566763E-1	7.7901828182E-4
3.1307561084E+0	1.8531636739E-1	7.5295558414E-4
3.1314960274E+0	1.7266289584E-1	7.2688030358E-4
3.1322098650E+0	1.6045546149E-1	7.0079287589E-4
3.1328976092E+0	1.4869426572E-1	6.7469373705E-4
3.1335592487E+0	1.3737950270E-1	6.4858332323E-4
3.1341947723E+0	1.2651135942E-1	6.2246207073E-4
3.1348041694E+0	1.1609001564E-1	5.9633041614E-4
3.1353874298E+0	1.0611564388E-1	5.7018879612E-4
3.1359445438E+0	9.6588409362E-2	5.4403764760E-4
3.1364755020E+0	8.7508470056E-2	5.1787740760E-4
3.1369802957E+0	7.8875976609E-2	4.9170851331E-4
3.1374589163E+0	7.0691072342E-2	4.6553140213E-4
3.1379113559E+0	6.2953893238E-2	4.3934651156E-4
3.1383376069E+0	5.5664567914E-2	4.1315427928E-4
3.1387376622E+0	4.8823217616E-2	3.8695514312E-4
3.1391115150E+0	4.2429956196E-2	3.6074954110E-4
3.1394591592E+0	3.6484890100E-2	3.3453791144E-4
3.1397805890E+0	3.0988118352E-2	3.0832069259E-4
3.1400757989E+0	2.5939732539E-2	2.8209832342E-4
3.1403447841E+0	2.1339816792E-2	2.5587124334E-4
3.1405875400E+0	1.7188447768E-2	2.2963989267E-4
3.1408040626E+0	1.3485694615E-2	2.0340471372E-4
3.1409943483E+0	1.0231618917E-2	1.7716615272E-4
3.1411583939E+0	7.4262745868E-3	1.5092466531E-4
3.1412961968E+0	5.0697075776E-3	1.2468073282E-4
3.1414077547E+0	3.1619550650E-3	9.8434919423E-5
3.1414930663E+0	1.7030423571E-3	7.2188137769E-5
3.1415521316E+0	6.9296634870E-4	4.5943520243E-5
3.1415849628E+0	1.3151956672E-4	1.9736940383E-5