# Differential cross section		
# Author: P. Swaczyna	Princeton University	(swaczyna@princeton.edu)
# Date: 	Fri 4 Dec 2020 01:13:45	
# 		
# Elastic collision: H^0 + He^0 -> H^0 + He^0		
# 		
# Red. mass: 	7.5005505498E+8	 eV/c^2
# CM energy: 	2.2908676528E-4	 eV
# Rel speed: 	2.3430908582E+4	 cm/s
# Tot sigma: 	1.6948042127E+2	 a.u.
# Int sigma: 	1.6948042127E+2	 a.u.
# 		
# Columns:		
# the <- scattering angle (rad)		
# dcs <- dsigma/dOmega*2*pi*sin(the) (a.u. = 2.8002852056E-17 cm^2)		
# wei <- weight for cross section integration (approx. width of angle bin)		
# 		
# the	dcs	wei
7.6907532846E-6	7.0976847369E-4	1.9736940383E-5
4.0521979771E-5	3.7397147795E-3	4.5943520243E-5
9.9587300392E-5	9.1907675928E-3	7.2188137769E-5
1.8489884726E-4	1.7064046500E-2	9.8434919423E-5
2.9645680168E-4	2.7359568041E-2	1.2468073282E-4
4.3425968311E-4	4.0077195159E-2	1.5092466531E-4
5.9830531657E-4	5.5216726349E-2	1.7716615272E-4
7.8859101285E-4	7.2777912124E-2	2.0340471372E-4
1.0051136166E-3	9.2760459254E-2	2.2963989267E-4
1.2478695220E-3	1.1516403200E-1	2.5587124334E-4
1.5168546797E-3	1.3998825246E-1	2.8209832342E-4
1.8120645986E-3	1.6723270048E-1	3.0832069259E-4
2.1334943481E-3	1.9689691354E-1	3.3453791144E-4
2.4811385584E-3	2.2898038639E-1	3.6074954110E-4
2.8549914211E-3	2.6348257077E-1	3.8695514312E-4
3.2550466893E-3	3.0040287498E-1	4.1315427928E-4
3.6812976783E-3	3.3974066350E-1	4.3934651156E-4
4.1337372652E-3	3.8149525647E-1	4.6553140213E-4
4.6123578895E-3	4.2566592929E-1	4.9170851331E-4
5.1171515529E-3	4.7225191200E-1	5.1787740760E-4
5.6481098199E-3	5.2125238881E-1	5.4403764760E-4
6.2052238176E-3	5.7266649745E-1	5.7018879612E-4
6.7884842360E-3	6.2649332863E-1	5.9633041614E-4
7.3978813281E-3	6.8273192532E-1	6.2246207073E-4
8.0334049101E-3	7.4138128214E-1	6.4858332323E-4
8.6950443616E-3	8.0244034464E-1	6.7469373705E-4
9.3827886258E-3	8.6590800856E-1	7.0079287589E-4
1.0096626210E-2	9.3178311911E-1	7.2688030358E-4
1.0836545184E-2	1.0000644701E+0	7.5295558414E-4
1.1602533184E-2	1.0707508033E+0	7.7901828182E-4
1.2394577408E-2	1.1438408074E+0	8.0506796108E-4
1.3212664621E-2	1.2193331172E+0	8.3110418659E-4
1.4056781152E-2	1.2972263128E+0	8.5712652325E-4
1.4926912893E-2	1.3775189185E+0	8.8313453619E-4
1.5823045305E-2	1.4602094023E+0	9.0912779076E-4
1.6745163410E-2	1.5452961741E+0	9.3510585261E-4
1.7693251801E-2	1.6327775855E+0	9.6106828758E-4
1.8667294632E-2	1.7226519285E+0	9.8701466182E-4
1.9667275626E-2	1.8149174342E+0	1.0129445417E-3
2.0693178073E-2	1.9095722720E+0	1.0388574939E-3
2.1744984827E-2	2.0066145483E+0	1.0647530855E-3
2.2822678313E-2	2.1060423058E+0	1.0906308836E-3
2.3926240519E-2	2.2078535216E+0	1.1164904558E-3
2.5055653005E-2	2.3120461068E+0	1.1423313699E-3
2.6210896896E-2	2.4186179046E+0	1.1681531941E-3
2.7391952886E-2	2.5275666897E+0	1.1939554970E-3
2.8598801239E-2	2.6388901665E+0	1.2197378472E-3
2.9831421786E-2	2.7525859683E+0	1.2454998140E-3
3.1089793929E-2	2.8686516555E+0	1.2712409668E-3
3.2373896638E-2	2.9870847148E+0	1.2969608754E-3
3.3683708455E-2	3.1078825575E+0	1.3226591101E-3
3.5019207490E-2	3.2310425182E+0	1.3483352414E-3
3.6380371427E-2	3.3565618535E+0	1.3739888402E-3
3.7767177517E-2	3.4844377405E+0	1.3996194778E-3
3.9179602586E-2	3.6146672755E+0	1.4252267258E-3
4.0617623030E-2	3.7472474723E+0	1.4508101565E-3
4.2081214817E-2	3.8821752610E+0	1.4763693421E-3
4.3570353490E-2	4.0194474865E+0	1.5019038556E-3
4.5085014162E-2	4.1590609067E+0	1.5274132703E-3
4.6625171522E-2	4.3010121913E+0	1.5528971598E-3
4.8190799831E-2	4.4452979201E+0	1.5783550984E-3
4.9781872927E-2	4.5919145814E+0	1.6037866605E-3
5.1398364219E-2	4.7408585706E+0	1.6291914212E-3
5.3040246694E-2	4.8921261884E+0	1.6545689559E-3
5.4707492914E-2	5.0457136393E+0	1.6799188405E-3
5.6400075017E-2	5.2016170301E+0	1.7052406515E-3
5.8117964718E-2	5.3598323678E+0	1.7305339655E-3
5.9861133308E-2	5.5203555585E+0	1.7557983600E-3
6.1629551657E-2	5.6831824054E+0	1.7810334128E-3
6.3423190212E-2	5.8483086073E+0	1.8062387021E-3
6.5242019000E-2	6.0157297566E+0	1.8314138067E-3
6.7086007624E-2	6.1854413379E+0	1.8565583060E-3
6.8955125270E-2	6.3574387263E+0	1.8816717796E-3
7.0849340702E-2	6.5317171853E+0	1.9067538080E-3
7.2768622264E-2	6.7082718655E+0	1.9318039720E-3
7.4712937885E-2	6.8870978024E+0	1.9568218529E-3
7.6682255070E-2	7.0681899150E+0	1.9818070327E-3
7.8676540910E-2	7.2515430040E+0	2.0067590939E-3
8.0695762079E-2	7.4371517498E+0	2.0316776194E-3
8.2739884832E-2	7.6250107108E+0	2.0565621928E-3
8.4808875009E-2	7.8151143217E+0	2.0814123983E-3
8.6902698034E-2	8.0074568916E+0	2.1062278206E-3
8.9021318917E-2	8.2020326021E+0	2.1310080450E-3
9.1164702253E-2	8.3988355059E+0	2.1557526574E-3
9.3332812224E-2	8.5978595243E+0	2.1804612443E-3
9.5525612596E-2	8.7990984460E+0	2.2051333928E-3
9.7743066726E-2	9.0025459249E+0	2.2297686905E-3
9.9985137556E-2	9.2081954787E+0	2.2543667257E-3
1.0225178762E-1	9.4160404863E+0	2.2789270875E-3
1.0454297904E-1	9.6260741867E+0	2.3034493653E-3
1.0685867352E-1	9.8382896769E+0	2.3279331494E-3
1.0919883237E-1	1.0052679910E+1	2.3523780306E-3
1.1156341648E-1	1.0269237694E+1	2.3767836004E-3
1.1395238633E-1	1.0487955687E+1	2.4011494510E-3
1.1636570200E-1	1.0708826402E+1	2.4254751751E-3
1.1880332317E-1	1.0931842197E+1	2.4497603662E-3
1.2126520909E-1	1.1156995279E+1	2.4740046186E-3
1.2375131862E-1	1.1384277700E+1	2.4982075270E-3
1.2626161023E-1	1.1613681355E+1	2.5223686871E-3
1.2879604195E-1	1.1845197979E+1	2.5464876949E-3
1.3135457143E-1	1.2078819151E+1	2.5705641475E-3
1.3393715592E-1	1.2314536283E+1	2.5945976426E-3
1.3654375226E-1	1.2552340628E+1	2.6185877784E-3
1.3917431689E-1	1.2792223269E+1	2.6425341541E-3
1.4182880585E-1	1.3034175125E+1	2.6664363695E-3
1.4450717478E-1	1.3278186944E+1	2.6902940251E-3
1.4720937892E-1	1.3524249304E+1	2.7141067224E-3
1.4993537310E-1	1.3772352610E+1	2.7378740632E-3
1.5268511179E-1	1.4022487093E+1	2.7615956505E-3
1.5545854902E-1	1.4274642808E+1	2.7852710878E-3
1.5825563845E-1	1.4528809632E+1	2.8088999795E-3
1.6107633333E-1	1.4784977264E+1	2.8324819307E-3
1.6392058653E-1	1.5043135219E+1	2.8560165473E-3
1.6678835052E-1	1.5303272832E+1	2.8795034361E-3
1.6967957737E-1	1.5565379254E+1	2.9029422044E-3
1.7259421876E-1	1.5829443447E+1	2.9263324607E-3
1.7553222599E-1	1.6095454189E+1	2.9496738141E-3
1.7849354996E-1	1.6363400067E+1	2.9729658744E-3
1.8147814117E-1	1.6633269478E+1	2.9962082525E-3
1.8448594977E-1	1.6905050626E+1	3.0194005599E-3
1.8751692548E-1	1.7178731524E+1	3.0425424091E-3
1.9057101764E-1	1.7454299987E+1	3.0656334132E-3
1.9364817522E-1	1.7731743634E+1	3.0886731866E-3
1.9674834681E-1	1.8011049889E+1	3.1116613440E-3
1.9987148058E-1	1.8292205971E+1	3.1345975014E-3
2.0301752435E-1	1.8575198905E+1	3.1574812755E-3
2.0618642554E-1	1.8860015508E+1	3.1803122838E-3
2.0937813120E-1	1.9146642397E+1	3.2030901448E-3
2.1259258799E-1	1.9435065985E+1	3.2258144779E-3
2.1582974219E-1	1.9725272475E+1	3.2484849032E-3
2.1908953970E-1	2.0017247868E+1	3.2711010421E-3
2.2237192605E-1	2.0310977953E+1	3.2936625164E-3
2.2567684639E-1	2.0606448311E+1	3.3161689492E-3
2.2900424548E-1	2.0903644312E+1	3.3386199643E-3
2.3235406772E-1	2.1202551115E+1	3.3610151867E-3
2.3572625713E-1	2.1503153665E+1	3.3833542419E-3
2.3912075735E-1	2.1805436695E+1	3.4056367567E-3
2.4253751167E-1	2.2109384723E+1	3.4278623588E-3
2.4597646298E-1	2.2414982048E+1	3.4500306767E-3
2.4943755380E-1	2.2722212758E+1	3.4721413399E-3
2.5292072631E-1	2.3031060720E+1	3.4941939790E-3
2.5642592230E-1	2.3341509584E+1	3.5161882254E-3
2.5995308318E-1	2.3653542779E+1	3.5381237115E-3
2.6350215001E-1	2.3967143518E+1	3.5600000709E-3
2.6707306349E-1	2.4282294791E+1	3.5818169379E-3
2.7066576394E-1	2.4598979367E+1	3.6035739479E-3
2.7428019131E-1	2.4917179794E+1	3.6252707373E-3
2.7791628522E-1	2.5236878398E+1	3.6469069436E-3
2.8157398488E-1	2.5558057282E+1	3.6684822051E-3
2.8525322919E-1	2.5880698325E+1	3.6899961614E-3
2.8895395665E-1	2.6204783185E+1	3.7114484529E-3
2.9267610542E-1	2.6530293293E+1	3.7328387211E-3
2.9641961330E-1	2.6857209858E+1	3.7541666086E-3
3.0018441773E-1	2.7185513862E+1	3.7754317588E-3
3.0397045579E-1	2.7515186066E+1	3.7966338166E-3
3.0777766421E-1	2.7846207003E+1	3.8177724274E-3
3.1160597938E-1	2.8178556983E+1	3.8388472382E-3
3.1545533730E-1	2.8512216089E+1	3.8598578967E-3
3.1932567367E-1	2.8847164180E+1	3.8808040517E-3
3.2321692379E-1	2.9183380891E+1	3.9016853533E-3
3.2712902264E-1	2.9520845630E+1	3.9225014525E-3
3.3106190484E-1	2.9859537583E+1	3.9432520014E-3
3.3501550468E-1	3.0199435709E+1	3.9639366533E-3
3.3898975607E-1	3.0540518745E+1	3.9845550624E-3
3.4298459261E-1	3.0882765202E+1	4.0051068843E-3
3.4699994753E-1	3.1226153369E+1	4.0255917754E-3
3.5103575373E-1	3.1570661311E+1	4.0460093936E-3
3.5509194378E-1	3.1916266873E+1	4.0663593974E-3
3.5916844988E-1	3.2262947674E+1	4.0866414469E-3
3.6326520391E-1	3.2610681116E+1	4.1068552032E-3
3.6738213741E-1	3.2959444377E+1	4.1270003283E-3
3.7151918157E-1	3.3309214418E+1	4.1470764858E-3
3.7567626728E-1	3.3659967978E+1	4.1670833400E-3
3.7985332504E-1	3.4011681582E+1	4.1870205567E-3
3.8405028507E-1	3.4364331533E+1	4.2068878026E-3
3.8826707721E-1	3.4717893922E+1	4.2266847457E-3
3.9250363101E-1	3.5072344622E+1	4.2464110553E-3
3.9675987567E-1	3.5427659295E+1	4.2660664016E-3
4.0103574005E-1	3.5783813387E+1	4.2856504563E-3
4.0533115271E-1	3.6140782135E+1	4.3051628919E-3
4.0964604185E-1	3.6498540566E+1	4.3246033825E-3
4.1398033538E-1	3.6857063496E+1	4.3439716031E-3
4.1833396086E-1	3.7216325536E+1	4.3632672302E-3
4.2270684554E-1	3.7576301090E+1	4.3824899412E-3
4.2709891633E-1	3.7936964359E+1	4.4016394148E-3
4.3151009985E-1	3.8298289340E+1	4.4207153312E-3
4.3594032237E-1	3.8660249831E+1	4.4397173715E-3
4.4038950986E-1	3.9022819430E+1	4.4586452181E-3
4.4485758797E-1	3.9385971539E+1	4.4774985548E-3
4.4934448203E-1	3.9749679364E+1	4.4962770664E-3
4.5385011706E-1	4.0113915917E+1	4.5149804392E-3
4.5837441776E-1	4.0478654021E+1	4.5336083606E-3
4.6291730852E-1	4.0843866309E+1	4.5521605193E-3
4.6747871344E-1	4.1209525227E+1	4.5706366053E-3
4.7205855627E-1	4.1575603038E+1	4.5890363098E-3
4.7665676049E-1	4.1942071821E+1	4.6073593254E-3
4.8127324926E-1	4.2308903477E+1	4.6256053458E-3
4.8590794542E-1	4.2676069729E+1	4.6437740661E-3
4.9056077152E-1	4.3043542126E+1	4.6618651826E-3
4.9523164982E-1	4.3411292043E+1	4.6798783932E-3
4.9992050224E-1	4.3779290687E+1	4.6978133967E-3
5.0462725044E-1	4.4147509100E+1	4.7156698934E-3
5.0935181576E-1	4.4515918157E+1	4.7334475849E-3
5.1409411924E-1	4.4884488575E+1	4.7511461741E-3
5.1885408164E-1	4.5253190911E+1	4.7687653653E-3
5.2363162341E-1	4.5621995567E+1	4.7863048641E-3
5.2842666471E-1	4.5990872794E+1	4.8037643772E-3
5.3323912540E-1	4.6359792695E+1	4.8211436130E-3
5.3806892508E-1	4.6728725224E+1	4.8384422809E-3
5.4291598301E-1	4.7097640198E+1	4.8556600920E-3
5.4778021821E-1	4.7466507290E+1	4.8727967585E-3
5.5266154939E-1	4.7835296039E+1	4.8898519940E-3
5.5755989496E-1	4.8203975854E+1	4.9068255135E-3
5.6247517308E-1	4.8572516013E+1	4.9237170334E-3
5.6740730160E-1	4.8940885669E+1	4.9405262713E-3
5.7235619810E-1	4.9309053855E+1	4.9572529464E-3
5.7732177988E-1	4.9676989486E+1	4.9738967791E-3
5.8230396395E-1	5.0044661361E+1	4.9904574913E-3
5.8730266706E-1	5.0412038172E+1	5.0069348063E-3
5.9231780568E-1	5.0779088502E+1	5.0233284486E-3
5.9734929598E-1	5.1145780835E+1	5.0396381444E-3
6.0239705389E-1	5.1512083552E+1	5.0558636210E-3
6.0746099506E-1	5.1877964945E+1	5.0720046074E-3
6.1254103485E-1	5.2243393212E+1	5.0880608338E-3
6.1763708838E-1	5.2608336467E+1	5.1040320318E-3
6.2274907048E-1	5.2972762741E+1	5.1199179345E-3
6.2787689573E-1	5.3336639989E+1	5.1357182766E-3
6.3302047843E-1	5.3699936091E+1	5.1514327939E-3
6.3817973262E-1	5.4062618860E+1	5.1670612238E-3
6.4335457209E-1	5.4424656044E+1	5.1826033052E-3
6.4854491036E-1	5.4786015330E+1	5.1980587783E-3
6.5375066070E-1	5.5146664351E+1	5.2134273849E-3
6.5897173609E-1	5.5506570688E+1	5.2287088681E-3
6.6420804930E-1	5.5865701879E+1	5.2439029725E-3
6.6945951283E-1	5.6224025415E+1	5.2590094442E-3
6.7472603890E-1	5.6581508755E+1	5.2740280309E-3
6.8000753951E-1	5.6938119324E+1	5.2889584814E-3
6.8530392640E-1	5.7293824519E+1	5.3038005463E-3
6.9061511106E-1	5.7648591715E+1	5.3185539776E-3
6.9594100473E-1	5.8002388271E+1	5.3332185287E-3
7.0128151841E-1	5.8355181532E+1	5.3477939546E-3
7.0663656285E-1	5.8706938833E+1	5.3622800116E-3
7.1200604856E-1	5.9057627510E+1	5.3766764577E-3
7.1738988581E-1	5.9407214899E+1	5.3909830523E-3
7.2278798463E-1	5.9755668344E+1	5.4051995564E-3
7.2820025482E-1	6.0102955201E+1	5.4193257323E-3
7.3362660591E-1	6.0449042844E+1	5.4333613439E-3
7.3906694724E-1	6.0793898667E+1	5.4473061568E-3
7.4452118788E-1	6.1137490095E+1	5.4611599379E-3
7.4998923669E-1	6.1479784585E+1	5.4749224557E-3
7.5547100229E-1	6.1820749631E+1	5.4885934801E-3
7.6096639308E-1	6.2160352770E+1	5.5021727828E-3
7.6647531721E-1	6.2498561590E+1	5.5156601367E-3
7.7199768263E-1	6.2835343730E+1	5.5290553166E-3
7.7753339704E-1	6.3170666889E+1	5.5423580985E-3
7.8308236795E-1	6.3504498831E+1	5.5555682601E-3
7.8864450262E-1	6.3836807390E+1	5.5686855808E-3
7.9421970809E-1	6.4167560473E+1	5.5817098412E-3
7.9980789121E-1	6.4496726070E+1	5.5946408237E-3
8.0540895857E-1	6.4824272254E+1	5.6074783123E-3
8.1102281659E-1	6.5150167192E+1	5.6202220924E-3
8.1664937145E-1	6.5474379144E+1	5.6328719509E-3
8.2228852912E-1	6.5796876476E+1	5.6454276767E-3
8.2794019536E-1	6.6117627657E+1	5.6578890597E-3
8.3360427572E-1	6.6436601271E+1	5.6702558918E-3
8.3928067556E-1	6.6753766020E+1	5.6825279663E-3
8.4496930000E-1	6.7069090727E+1	5.6947050782E-3
8.5067005399E-1	6.7382544347E+1	5.7067870238E-3
8.5638284226E-1	6.7694095967E+1	5.7187736014E-3
8.6210756934E-1	6.8003714812E+1	5.7306646105E-3
8.6784413956E-1	6.8311370256E+1	5.7424598526E-3
8.7359245705E-1	6.8617031818E+1	5.7541591304E-3
8.7935242576E-1	6.8920669177E+1	5.7657622485E-3
8.8512394943E-1	6.9222252169E+1	5.7772690129E-3
8.9090693161E-1	6.9521750799E+1	5.7886792314E-3
8.9670127565E-1	6.9819135241E+1	5.7999927133E-3
9.0250688473E-1	7.0114375846E+1	5.8112092696E-3
9.0832366182E-1	7.0407443149E+1	5.8223287127E-3
9.1415150972E-1	7.0698307870E+1	5.8333508568E-3
9.1999033104E-1	7.0986940920E+1	5.8442755178E-3
9.2584002820E-1	7.1273313410E+1	5.8551025132E-3
9.3170050345E-1	7.1557396653E+1	5.8658316618E-3
9.3757165885E-1	7.1839162168E+1	5.8764627846E-3
9.4345339628E-1	7.2118581690E+1	5.8869957037E-3
9.4934561746E-1	7.2395627167E+1	5.8974302433E-3
9.5524822392E-1	7.2670270774E+1	5.9077662288E-3
9.6116111701E-1	7.2942484913E+1	5.9180034877E-3
9.6708419793E-1	7.3212242218E+1	5.9281418487E-3
9.7301736769E-1	7.3479515559E+1	5.9381811425E-3
9.7896052713E-1	7.3744278053E+1	5.9481212013E-3
9.8491357695E-1	7.4006503060E+1	5.9579618591E-3
9.9087641766E-1	7.4266164194E+1	5.9677029512E-3
9.9684894961E-1	7.4523235327E+1	5.9773443150E-3
1.0028310730E+0	7.4777690590E+1	5.9868857894E-3
1.0088226878E+0	7.5029504383E+1	5.9963272149E-3
1.0148236940E+0	7.5278651375E+1	6.0056684336E-3
1.0208339913E+0	7.5525106511E+1	6.0149092896E-3
1.0268534791E+0	7.5768845015E+1	6.0240496283E-3
1.0328820570E+0	7.6009842397E+1	6.0330892971E-3
1.0389196241E+0	7.6248074455E+1	6.0420281448E-3
1.0449660796E+0	7.6483517280E+1	6.0508660221E-3
1.0510213224E+0	7.6716147259E+1	6.0596027814E-3
1.0570852514E+0	7.6945941083E+1	6.0682382765E-3
1.0631577652E+0	7.7172875746E+1	6.0767723631E-3
1.0692387623E+0	7.7396928554E+1	6.0852048988E-3
1.0753281411E+0	7.7618077125E+1	6.0935357425E-3
1.0814257998E+0	7.7836299397E+1	6.1017647550E-3
1.0875316366E+0	7.8051573628E+1	6.1098917988E-3
1.0936455494E+0	7.8263878400E+1	6.1179167381E-3
1.0997674360E+0	7.8473192627E+1	6.1258394388E-3
1.1058971941E+0	7.8679495554E+1	6.1336597685E-3
1.1120347214E+0	7.8882766764E+1	6.1413775965E-3
1.1181799151E+0	7.9082986179E+1	6.1489927938E-3
1.1243326727E+0	7.9280134064E+1	6.1565052331E-3
1.1304928913E+0	7.9474191033E+1	6.1639147890E-3
1.1366604679E+0	7.9665138047E+1	6.1712213376E-3
1.1428352996E+0	7.9852956423E+1	6.1784247568E-3
1.1490172830E+0	8.0037627834E+1	6.1855249261E-3
1.1552063150E+0	8.0219134312E+1	6.1925217271E-3
1.1614022920E+0	8.0397458253E+1	6.1994150427E-3
1.1676051105E+0	8.0572582417E+1	6.2062047577E-3
1.1738146669E+0	8.0744489934E+1	6.2128907587E-3
1.1800308574E+0	8.0913164304E+1	6.2194729339E-3
1.1862535782E+0	8.1078589401E+1	6.2259511734E-3
1.1924827251E+0	8.1240749477E+1	6.2323253688E-3
1.1987181942E+0	8.1399629162E+1	6.2385954138E-3
1.2049598812E+0	8.1555213466E+1	6.2447612034E-3
1.2112076818E+0	8.1707487785E+1	6.2508226346E-3
1.2174614916E+0	8.1856437900E+1	6.2567796062E-3
1.2237212062E+0	8.2002049981E+1	6.2626320186E-3
1.2299867208E+0	8.2144310587E+1	6.2683797740E-3
1.2362579308E+0	8.2283206670E+1	6.2740227763E-3
1.2425347314E+0	8.2418725576E+1	6.2795609313E-3
1.2488170177E+0	8.2550855048E+1	6.2849941464E-3
1.2551046847E+0	8.2679583225E+1	6.2903223308E-3
1.2613976273E+0	8.2804898646E+1	6.2955453954E-3
1.2676957404E+0	8.2926790251E+1	6.3006632530E-3
1.2739989187E+0	8.3045247383E+1	6.3056758180E-3
1.2803070569E+0	8.3160259789E+1	6.3105830068E-3
1.2866200496E+0	8.3271817618E+1	6.3153847371E-3
1.2929377912E+0	8.3379911429E+1	6.3200809290E-3
1.2992601762E+0	8.3484532187E+1	6.3246715037E-3
1.3055870990E+0	8.3585671263E+1	6.3291563847E-3
1.3119184537E+0	8.3683320441E+1	6.3335354970E-3
1.3182541347E+0	8.3777471911E+1	6.3378087674E-3
1.3245940360E+0	8.3868118278E+1	6.3419761245E-3
1.3309380516E+0	8.3955252556E+1	6.3460374987E-3
1.3372860756E+0	8.4038868170E+1	6.3499928220E-3
1.3436380019E+0	8.4118958959E+1	6.3538420284E-3
1.3499937243E+0	8.4195519174E+1	6.3575850535E-3
1.3563531366E+0	8.4268543480E+1	6.3612218349E-3
1.3627161325E+0	8.4338026954E+1	6.3647523117E-3
1.3690826057E+0	8.4403965087E+1	6.3681764249E-3
1.3754524499E+0	8.4466353783E+1	6.3714941173E-3
1.3818255585E+0	8.4525189359E+1	6.3747053335E-3
1.3882018250E+0	8.4580468545E+1	6.3778100198E-3
1.3945811430E+0	8.4632188485E+1	6.3808081243E-3
1.4009634057E+0	8.4680346734E+1	6.3836995970E-3
1.4073485066E+0	8.4724941260E+1	6.3864843894E-3
1.4137363389E+0	8.4765970440E+1	6.3891624551E-3
1.4201267959E+0	8.4803433066E+1	6.3917337493E-3
1.4265197708E+0	8.4837328337E+1	6.3941982290E-3
1.4329151568E+0	8.4867655862E+1	6.3965558531E-3
1.4393128469E+0	8.4894415658E+1	6.3988065821E-3
1.4457127343E+0	8.4917608151E+1	6.4009503785E-3
1.4521147120E+0	8.4937234172E+1	6.4029872063E-3
1.4585186731E+0	8.4953294957E+1	6.4049170317E-3
1.4649245104E+0	8.4965792149E+1	6.4067398222E-3
1.4713321170E+0	8.4974727791E+1	6.4084555476E-3
1.4777413858E+0	8.4980104327E+1	6.4100641790E-3
1.4841522097E+0	8.4981924603E+1	6.4115656896E-3
1.4905644815E+0	8.4980191863E+1	6.4129600544E-3
1.4969780940E+0	8.4974909747E+1	6.4142472499E-3
1.5033929402E+0	8.4966082291E+1	6.4154272548E-3
1.5098089128E+0	8.4953713924E+1	6.4165000493E-3
1.5162259046E+0	8.4937809466E+1	6.4174656154E-3
1.5226438083E+0	8.4918374128E+1	6.4183239370E-3
1.5290625167E+0	8.4895413507E+1	6.4190749998E-3
1.5354819225E+0	8.4868933587E+1	6.4197187912E-3
1.5419019185E+0	8.4838940734E+1	6.4202553005E-3
1.5483223974E+0	8.4805441697E+1	6.4206845187E-3
1.5547432518E+0	8.4768443603E+1	6.4210064386E-3
1.5611643745E+0	8.4727953955E+1	6.4212210549E-3
1.5675856581E+0	8.4683980630E+1	6.4213283639E-3
1.5740069954E+0	8.4636531879E+1	6.4213283639E-3
1.5804282791E+0	8.4585616319E+1	6.4212210549E-3
1.5868494018E+0	8.4531242937E+1	6.4210064386E-3
1.5932702562E+0	8.4473421080E+1	6.4206845187E-3
1.5996907351E+0	8.4412160460E+1	6.4202553005E-3
1.6061107310E+0	8.4347471144E+1	6.4197187912E-3
1.6125301369E+0	8.4279363556E+1	6.4190749998E-3
1.6189488453E+0	8.4207848473E+1	6.4183239370E-3
1.6253667490E+0	8.4132937021E+1	6.4174656154E-3
1.6317837408E+0	8.4054640673E+1	6.4165000493E-3
1.6381997134E+0	8.3972971245E+1	6.4154272548E-3
1.6446145595E+0	8.3887940892E+1	6.4142472499E-3
1.6510281721E+0	8.3799562109E+1	6.4129600544E-3
1.6574404439E+0	8.3707847723E+1	6.4115656896E-3
1.6638512678E+0	8.3612810892E+1	6.4100641790E-3
1.6702605366E+0	8.3514465102E+1	6.4084555476E-3
1.6766681432E+0	8.3412824162E+1	6.4067398222E-3
1.6830739805E+0	8.3307902200E+1	6.4049170317E-3
1.6894779416E+0	8.3199713666E+1	6.4029872063E-3
1.6958799193E+0	8.3088273317E+1	6.4009503785E-3
1.7022798067E+0	8.2973596225E+1	6.3988065821E-3
1.7086774968E+0	8.2855697765E+1	6.3965558531E-3
1.7150728827E+0	8.2734593618E+1	6.3941982290E-3
1.7214658576E+0	8.2610299761E+1	6.3917337493E-3
1.7278563146E+0	8.2482832467E+1	6.3891624551E-3
1.7342441470E+0	8.2352208301E+1	6.3864843894E-3
1.7406292478E+0	8.2218444116E+1	6.3836995970E-3
1.7470115106E+0	8.2081557049E+1	6.3808081243E-3
1.7533908286E+0	8.1941564516E+1	6.3778100198E-3
1.7597670951E+0	8.1798484211E+1	6.3747053335E-3
1.7661402037E+0	8.1652334098E+1	6.3714941173E-3
1.7725100479E+0	8.1503132411E+1	6.3681764249E-3
1.7788765211E+0	8.1350897649E+1	6.3647523117E-3
1.7852395170E+0	8.1195648569E+1	6.3612218349E-3
1.7915989293E+0	8.1037404188E+1	6.3575850535E-3
1.7979546517E+0	8.0876183772E+1	6.3538420284E-3
1.8043065780E+0	8.0712006838E+1	6.3499928220E-3
1.8106546020E+0	8.0544893146E+1	6.3460374987E-3
1.8169986176E+0	8.0374862696E+1	6.3419761245E-3
1.8233385189E+0	8.0201935725E+1	6.3378087674E-3
1.8296741999E+0	8.0026132701E+1	6.3335354970E-3
1.8360055546E+0	7.9847474322E+1	6.3291563847E-3
1.8423324774E+0	7.9665981507E+1	6.3246715037E-3
1.8486548624E+0	7.9481675397E+1	6.3200809290E-3
1.8549726040E+0	7.9294577347E+1	6.3153847371E-3
1.8612855967E+0	7.9104708924E+1	6.3105830068E-3
1.8675937349E+0	7.8912091902E+1	6.3056758180E-3
1.8738969132E+0	7.8716748258E+1	6.3006632530E-3
1.8801950263E+0	7.8518700167E+1	6.2955453954E-3
1.8864879689E+0	7.8317969999E+1	6.2903223308E-3
1.8927756359E+0	7.8114580316E+1	6.2849941464E-3
1.8990579222E+0	7.7908553863E+1	6.2795609313E-3
1.9053347228E+0	7.7699913569E+1	6.2740227763E-3
1.9116059328E+0	7.7488682541E+1	6.2683797740E-3
1.9178714474E+0	7.7274884058E+1	6.2626320186E-3
1.9241311620E+0	7.7058541571E+1	6.2567796062E-3
1.9303849718E+0	7.6839678692E+1	6.2508226346E-3
1.9366327724E+0	7.6618319198E+1	6.2447612034E-3
1.9428744594E+0	7.6394487021E+1	6.2385954138E-3
1.9491099285E+0	7.6168206246E+1	6.2323253688E-3
1.9553390754E+0	7.5939501106E+1	6.2259511734E-3
1.9615617961E+0	7.5708395978E+1	6.2194729339E-3
1.9677779867E+0	7.5474915380E+1	6.2128907587E-3
1.9739875431E+0	7.5239083967E+1	6.2062047577E-3
1.9801903616E+0	7.5000926523E+1	6.1994150427E-3
1.9863863386E+0	7.4760467962E+1	6.1925217271E-3
1.9925753706E+0	7.4517733321E+1	6.1855249261E-3
1.9987573540E+0	7.4272747756E+1	6.1784247568E-3
2.0049321857E+0	7.4025536540E+1	6.1712213376E-3
2.0110997623E+0	7.3776125056E+1	6.1639147890E-3
2.0172599809E+0	7.3524538796E+1	6.1565052331E-3
2.0234127385E+0	7.3270803352E+1	6.1489927938E-3
2.0295579322E+0	7.3014944420E+1	6.1413775965E-3
2.0356954595E+0	7.2756987788E+1	6.1336597685E-3
2.0418252176E+0	7.2496959336E+1	6.1258394388E-3
2.0479471042E+0	7.2234885033E+1	6.1179167381E-3
2.0540610170E+0	7.1970790931E+1	6.1098917988E-3
2.0601668538E+0	7.1704703160E+1	6.1017647550E-3
2.0662645125E+0	7.1436647927E+1	6.0935357425E-3
2.0723538913E+0	7.1166651513E+1	6.0852048988E-3
2.0784348884E+0	7.0894740263E+1	6.0767723631E-3
2.0845074022E+0	7.0620940589E+1	6.0682382765E-3
2.0905713312E+0	7.0345278963E+1	6.0596027814E-3
2.0966265740E+0	7.0067781913E+1	6.0508660221E-3
2.1026730295E+0	6.9788476023E+1	6.0420281448E-3
2.1087105966E+0	6.9507387922E+1	6.0330892971E-3
2.1147391745E+0	6.9224544288E+1	6.0240496283E-3
2.1207586623E+0	6.8939971840E+1	6.0149092896E-3
2.1267689596E+0	6.8653697334E+1	6.0056684336E-3
2.1327699657E+0	6.8365747564E+1	5.9963272149E-3
2.1387615806E+0	6.8076149353E+1	5.9868857894E-3
2.1447437040E+0	6.7784929551E+1	5.9773443150E-3
2.1507162359E+0	6.7492115036E+1	5.9677029512E-3
2.1566790766E+0	6.7197732703E+1	5.9579618591E-3
2.1626321265E+0	6.6901809465E+1	5.9481212013E-3
2.1685752859E+0	6.6604372252E+1	5.9381811425E-3
2.1745084557E+0	6.6305448002E+1	5.9281418487E-3
2.1804315366E+0	6.6005063660E+1	5.9180034877E-3
2.1863444297E+0	6.5703246177E+1	5.9077662288E-3
2.1922470361E+0	6.5400022503E+1	5.8974302433E-3
2.1981392573E+0	6.5095419587E+1	5.8869957037E-3
2.2040209947E+0	6.4789464371E+1	5.8764627846E-3
2.2098921501E+0	6.4482183789E+1	5.8658316618E-3
2.2157526254E+0	6.4173604762E+1	5.8551025132E-3
2.2216023226E+0	6.3863754199E+1	5.8442755178E-3
2.2274411439E+0	6.3552658987E+1	5.8333508568E-3
2.2332689918E+0	6.3240345995E+1	5.8223287127E-3
2.2390857689E+0	6.2926842065E+1	5.8112092696E-3
2.2448913779E+0	6.2612174015E+1	5.7999927133E-3
2.2506857220E+0	6.2296368631E+1	5.7886792314E-3
2.2564687042E+0	6.1979452667E+1	5.7772690129E-3
2.2622402278E+0	6.1661452841E+1	5.7657622485E-3
2.2680001965E+0	6.1342395833E+1	5.7541591304E-3
2.2737485140E+0	6.1022308282E+1	5.7424598526E-3
2.2794850843E+0	6.0701216781E+1	5.7306646105E-3
2.2852098113E+0	6.0379147879E+1	5.7187736014E-3
2.2909225996E+0	6.0056128075E+1	5.7067870238E-3
2.2966233536E+0	5.9732183816E+1	5.6947050782E-3
2.3023119780E+0	5.9407341493E+1	5.6825279663E-3
2.3079883779E+0	5.9081627441E+1	5.6702558918E-3
2.3136524582E+0	5.8755067938E+1	5.6578890597E-3
2.3193041245E+0	5.8427689195E+1	5.6454276767E-3
2.3249432821E+0	5.8099517363E+1	5.6328719509E-3
2.3305698370E+0	5.7770578524E+1	5.6202220924E-3
2.3361836950E+0	5.7440898691E+1	5.6074783123E-3
2.3417847624E+0	5.7110503806E+1	5.5946408237E-3
2.3473729455E+0	5.6779419737E+1	5.5817098412E-3
2.3529481510E+0	5.6447672276E+1	5.5686855808E-3
2.3585102856E+0	5.6115287137E+1	5.5555682601E-3
2.3640592565E+0	5.5782289953E+1	5.5423580985E-3
2.3695949710E+0	5.5448706274E+1	5.5290553166E-3
2.3751173364E+0	5.5114561567E+1	5.5156601367E-3
2.3806262605E+0	5.4779881212E+1	5.5021727828E-3
2.3861216513E+0	5.4444690499E+1	5.4885934801E-3
2.3916034169E+0	5.4109014628E+1	5.4749224557E-3
2.3970714657E+0	5.3772878706E+1	5.4611599379E-3
2.4025257064E+0	5.3436307748E+1	5.4473061568E-3
2.4079660477E+0	5.3099326668E+1	5.4333613439E-3
2.4133923988E+0	5.2761960286E+1	5.4193257323E-3
2.4188046690E+0	5.2424233319E+1	5.4051995564E-3
2.4242027678E+0	5.2086170384E+1	5.3909830523E-3
2.4295866050E+0	5.1747795994E+1	5.3766764577E-3
2.4349560907E+0	5.1409134555E+1	5.3622800116E-3
2.4403111352E+0	5.1070210370E+1	5.3477939546E-3
2.4456516489E+0	5.0731047629E+1	5.3332185287E-3
2.4509775425E+0	5.0391670414E+1	5.3185539776E-3
2.4562887272E+0	5.0052102697E+1	5.3038005463E-3
2.4615851141E+0	4.9712368334E+1	5.2889584814E-3
2.4668666147E+0	4.9372491067E+1	5.2740280309E-3
2.4721331408E+0	4.9032494523E+1	5.2590094442E-3
2.4773846043E+0	4.8692402210E+1	5.2439029725E-3
2.4826209175E+0	4.8352237520E+1	5.2287088681E-3
2.4878419929E+0	4.8012023720E+1	5.2134273849E-3
2.4930477432E+0	4.7671783959E+1	5.1980587783E-3
2.4982380815E+0	4.7331541263E+1	5.1826033052E-3
2.5034129210E+0	4.6991318532E+1	5.1670612238E-3
2.5085721752E+0	4.6651138543E+1	5.1514327939E-3
2.5137157579E+0	4.6311023945E+1	5.1357182766E-3
2.5188435831E+0	4.5970997259E+1	5.1199179345E-3
2.5239555652E+0	4.5631080879E+1	5.1040320318E-3
2.5290516187E+0	4.5291297067E+1	5.0880608338E-3
2.5341316585E+0	4.4951667957E+1	5.0720046074E-3
2.5391955997E+0	4.4612215548E+1	5.0558636210E-3
2.5442433576E+0	4.4272961709E+1	5.0396381444E-3
2.5492748479E+0	4.3933928173E+1	5.0233284486E-3
2.5542899865E+0	4.3595136540E+1	5.0069348063E-3
2.5592886896E+0	4.3256608272E+1	4.9904574913E-3
2.5642708737E+0	4.2918364698E+1	4.9738967791E-3
2.5692364555E+0	4.2580427006E+1	4.9572529464E-3
2.5741853520E+0	4.2242816249E+1	4.9405262713E-3
2.5791174805E+0	4.1905553339E+1	4.9237170334E-3
2.5840327586E+0	4.1568659049E+1	4.9068255135E-3
2.5889311042E+0	4.1232154013E+1	4.8898519940E-3
2.5938124354E+0	4.0896058721E+1	4.8727967585E-3
2.5986766706E+0	4.0560393525E+1	4.8556600920E-3
2.6035237285E+0	4.0225178633E+1	4.8384422809E-3
2.6083535282E+0	3.9890434108E+1	4.8211436130E-3
2.6131659889E+0	3.9556179874E+1	4.8037643772E-3
2.6179610302E+0	3.9222435707E+1	4.7863048641E-3
2.6227385719E+0	3.8889221241E+1	4.7687653653E-3
2.6274985343E+0	3.8556555964E+1	4.7511461741E-3
2.6322408378E+0	3.8224459218E+1	4.7334475849E-3
2.6369654032E+0	3.7892950202E+1	4.7156698934E-3
2.6416721513E+0	3.7562047965E+1	4.6978133967E-3
2.6463610038E+0	3.7231771411E+1	4.6798783932E-3
2.6510318821E+0	3.6902139299E+1	4.6618651826E-3
2.6556847082E+0	3.6573170236E+1	4.6437740661E-3
2.6603194043E+0	3.6244882686E+1	4.6256053458E-3
2.6649358931E+0	3.5917294963E+1	4.6073593254E-3
2.6695340973E+0	3.5590425233E+1	4.5890363098E-3
2.6741139402E+0	3.5264291514E+1	4.5706366053E-3
2.6786753451E+0	3.4938911676E+1	4.5521605193E-3
2.6832182358E+0	3.4614303438E+1	4.5336083606E-3
2.6877425365E+0	3.4290484372E+1	4.5149804392E-3
2.6922481716E+0	3.3967471902E+1	4.4962770664E-3
2.6967350656E+0	3.3645283300E+1	4.4774985548E-3
2.7012031437E+0	3.3323935691E+1	4.4586452181E-3
2.7056523312E+0	3.3003446051E+1	4.4397173715E-3
2.7100825537E+0	3.2683831205E+1	4.4207153312E-3
2.7144937373E+0	3.2365107830E+1	4.4016394148E-3
2.7188858081E+0	3.2047292452E+1	4.3824899412E-3
2.7232586927E+0	3.1730401451E+1	4.3632672302E-3
2.7276123182E+0	3.1414451055E+1	4.3439716031E-3
2.7319466117E+0	3.1099457344E+1	4.3246033825E-3
2.7362615009E+0	3.0785436248E+1	4.3051628919E-3
2.7405569135E+0	3.0472403549E+1	4.2856504563E-3
2.7448327779E+0	3.0160374881E+1	4.2660664016E-3
2.7490890226E+0	2.9849365727E+1	4.2464110553E-3
2.7533255764E+0	2.9539391424E+1	4.2266847457E-3
2.7575423685E+0	2.9230467160E+1	4.2068878026E-3
2.7617393285E+0	2.8922607973E+1	4.1870205567E-3
2.7659163863E+0	2.8615828757E+1	4.1670833400E-3
2.7700734720E+0	2.8310144255E+1	4.1470764858E-3
2.7742105162E+0	2.8005569064E+1	4.1270003283E-3
2.7783274497E+0	2.7702117635E+1	4.1068552032E-3
2.7824242037E+0	2.7399804271E+1	4.0866414469E-3
2.7865007098E+0	2.7098643130E+1	4.0663593974E-3
2.7905568999E+0	2.6798648222E+1	4.0460093936E-3
2.7945927061E+0	2.6499833412E+1	4.0255917754E-3
2.7986080610E+0	2.6202212422E+1	4.0051068843E-3
2.8026028975E+0	2.5905798827E+1	3.9845550624E-3
2.8065771489E+0	2.5610606057E+1	3.9639366533E-3
2.8105307487E+0	2.5316647400E+1	3.9432520014E-3
2.8144636309E+0	2.5023935999E+1	3.9225014525E-3
2.8183757298E+0	2.4732484854E+1	3.9016853533E-3
2.8222669799E+0	2.4442306823E+1	3.8808040517E-3
2.8261373163E+0	2.4153414621E+1	3.8598578967E-3
2.8299866742E+0	2.3865820824E+1	3.8388472382E-3
2.8338149894E+0	2.3579537862E+1	3.8177724274E-3
2.8376221978E+0	2.3294578030E+1	3.7966338166E-3
2.8414082359E+0	2.3010953478E+1	3.7754317588E-3
2.8451730403E+0	2.2728676220E+1	3.7541666086E-3
2.8489165482E+0	2.2447758130E+1	3.7328387211E-3
2.8526386969E+0	2.2168210944E+1	3.7114484529E-3
2.8563394244E+0	2.1890046259E+1	3.6899961614E-3
2.8600186687E+0	2.1613275537E+1	3.6684822051E-3
2.8636763684E+0	2.1337910102E+1	3.6469069436E-3
2.8673124623E+0	2.1063961144E+1	3.6252707373E-3
2.8709268897E+0	2.0791439715E+1	3.6035739479E-3
2.8745195901E+0	2.0520356735E+1	3.5818169379E-3
2.8780905036E+0	2.0250722990E+1	3.5600000709E-3
2.8816395704E+0	1.9982549132E+1	3.5381237115E-3
2.8851667313E+0	1.9715845682E+1	3.5161882254E-3
2.8886719273E+0	1.9450623027E+1	3.4941939790E-3
2.8921550998E+0	1.9186891425E+1	3.4721413399E-3
2.8956161906E+0	1.8924661004E+1	3.4500306767E-3
2.8990551419E+0	1.8663941762E+1	3.4278623588E-3
2.9024718962E+0	1.8404743568E+1	3.4056367567E-3
2.9058663965E+0	1.8147076162E+1	3.3833542419E-3
2.9092385859E+0	1.7890949161E+1	3.3610151867E-3
2.9125884081E+0	1.7636372050E+1	3.3386199643E-3
2.9159158072E+0	1.7383354193E+1	3.3161689492E-3
2.9192207275E+0	1.7131904827E+1	3.2936625164E-3
2.9225031139E+0	1.6882033066E+1	3.2711010421E-3
2.9257629114E+0	1.6633747900E+1	3.2484849032E-3
2.9290000656E+0	1.6387058197E+1	3.2258144779E-3
2.9322145224E+0	1.6141972704E+1	3.2030901448E-3
2.9354062280E+0	1.5898500048E+1	3.1803122838E-3
2.9385751292E+0	1.5656648734E+1	3.1574812755E-3
2.9417211730E+0	1.5416427149E+1	3.1345975014E-3
2.9448443068E+0	1.5177843564E+1	3.1116613440E-3
2.9479444784E+0	1.4940906129E+1	3.0886731866E-3
2.9510216360E+0	1.4705622883E+1	3.0656334132E-3
2.9540757281E+0	1.4472001743E+1	3.0425424091E-3
2.9571067038E+0	1.4240050517E+1	3.0194005599E-3
2.9601145124E+0	1.4009776897E+1	2.9962082525E-3
2.9630991036E+0	1.3781188462E+1	2.9729658744E-3
2.9660604276E+0	1.3554292680E+1	2.9496738141E-3
2.9689984348E+0	1.3329096908E+1	2.9263324607E-3
2.9719130762E+0	1.3105608391E+1	2.9029422044E-3
2.9748043031E+0	1.2883834269E+1	2.8795034361E-3
2.9776720671E+0	1.2663781571E+1	2.8560165473E-3
2.9805163203E+0	1.2445457217E+1	2.8324819307E-3
2.9833370151E+0	1.2228868026E+1	2.8088999795E-3
2.9861341046E+0	1.2014020706E+1	2.7852710878E-3
2.9889075418E+0	1.1800921864E+1	2.7615956505E-3
2.9916572805E+0	1.1589578002E+1	2.7378740632E-3
2.9943832747E+0	1.1379995520E+1	2.7141067224E-3
2.9970854788E+0	1.1172180716E+1	2.6902940251E-3
2.9997638477E+0	1.0966139788E+1	2.6664363695E-3
3.0024183367E+0	1.0761878834E+1	2.6425341541E-3
3.0050489013E+0	1.0559403852E+1	2.6185877784E-3
3.0076554977E+0	1.0358720743E+1	2.5945976426E-3
3.0102380822E+0	1.0159835311E+1	2.5705641475E-3
3.0127966116E+0	9.9627532657E+0	2.5464876949E-3
3.0153310434E+0	9.7674802187E+0	2.5223686871E-3
3.0178413350E+0	9.5740216894E+0	2.4982075270E-3
3.0203274445E+0	9.3823831036E+0	2.4740046186E-3
3.0227893304E+0	9.1925697952E+0	2.4497603662E-3
3.0252269516E+0	9.0045870067E+0	2.4254751751E-3
3.0276402673E+0	8.8184398901E+0	2.4011494510E-3
3.0300292371E+0	8.6341335085E+0	2.3767836004E-3
3.0323938212E+0	8.4516728362E+0	2.3523780306E-3
3.0347339801E+0	8.2710627604E+0	2.3279331494E-3
3.0370496746E+0	8.0923080815E+0	2.3034493653E-3
3.0393408660E+0	7.9154135146E+0	2.2789270875E-3
3.0416075160E+0	7.7403836899E+0	2.2543667257E-3
3.0438495869E+0	7.5672231543E+0	2.2297686905E-3
3.0460670410E+0	7.3959363714E+0	2.2051333928E-3
3.0482598414E+0	7.2265277236E+0	2.1804612443E-3
3.0504279513E+0	7.0590015118E+0	2.1557526574E-3
3.0525713347E+0	6.8933619574E+0	2.1310080450E-3
3.0546899556E+0	6.7296132024E+0	2.1062278206E-3
3.0567837786E+0	6.5677593110E+0	2.0814123983E-3
3.0588527688E+0	6.4078042698E+0	2.0565621928E-3
3.0608968915E+0	6.2497519894E+0	2.0316776194E-3
3.0629161127E+0	6.0936063049E+0	2.0067590939E-3
3.0649103985E+0	5.9393709766E+0	1.9818070327E-3
3.0668797157E+0	5.7870496916E+0	1.9568218529E-3
3.0688240313E+0	5.6366460641E+0	1.9318039720E-3
3.0707433129E+0	5.4881636363E+0	1.9067538080E-3
3.0726375283E+0	5.3416058796E+0	1.8816717796E-3
3.0745066460E+0	5.1969761953E+0	1.8565583060E-3
3.0763506346E+0	5.0542779153E+0	1.8314138067E-3
3.0781694634E+0	4.9135143034E+0	1.8062387021E-3
3.0799631019E+0	4.7746885556E+0	1.7810334128E-3
3.0817315203E+0	4.6378038013E+0	1.7557983600E-3
3.0834746889E+0	4.5028631041E+0	1.7305339655E-3
3.0851925786E+0	4.3698694627E+0	1.7052406515E-3
3.0868851607E+0	4.2388258114E+0	1.6799188405E-3
3.0885524069E+0	4.1097350212E+0	1.6545689559E-3
3.0901942894E+0	3.9825999007E+0	1.6291914212E-3
3.0918107807E+0	3.8574231965E+0	1.6037866605E-3
3.0934018538E+0	3.7342075944E+0	1.5783550984E-3
3.0949674821E+0	3.6129557200E+0	1.5528971598E-3
3.0965076394E+0	3.4936701396E+0	1.5274132703E-3
3.0980223001E+0	3.3763533605E+0	1.5019038556E-3
3.0995114388E+0	3.2610078327E+0	1.4763693421E-3
3.1009750306E+0	3.1476359486E+0	1.4508101565E-3
3.1024130510E+0	3.0362400444E+0	1.4252267258E-3
3.1038254761E+0	2.9268224006E+0	1.3996194778E-3
3.1052122822E+0	2.8193852430E+0	1.3739888402E-3
3.1065734461E+0	2.7139307428E+0	1.3483352414E-3
3.1079089451E+0	2.6104610181E+0	1.3226591101E-3
3.1092187570E+0	2.5089781339E+0	1.2969608754E-3
3.1105028597E+0	2.4094841031E+0	1.2712409668E-3
3.1117612318E+0	2.3119808872E+0	1.2454998140E-3
3.1129938524E+0	2.2164703969E+0	1.2197378472E-3
3.1142007007E+0	2.1229544928E+0	1.1939554970E-3
3.1153817567E+0	2.0314349858E+0	1.1681531941E-3
3.1165370006E+0	1.9419136381E+0	1.1423313699E-3
3.1176664131E+0	1.8543921635E+0	1.1164904558E-3
3.1187699753E+0	1.7688722284E+0	1.0906308836E-3
3.1198476688E+0	1.6853554517E+0	1.0647530855E-3
3.1208994755E+0	1.6038434062E+0	1.0388574939E-3
3.1219253780E+0	1.5243376185E+0	1.0129445417E-3
3.1229253590E+0	1.4468395702E+0	9.8701466182E-4
3.1238994018E+0	1.3713506977E+0	9.6106828758E-4
3.1248474902E+0	1.2978723933E+0	9.3510585261E-4
3.1257696083E+0	1.2264060057E+0	9.0912779076E-4
3.1266657407E+0	1.1569528400E+0	8.8313453619E-4
3.1275358724E+0	1.0895141590E+0	8.5712652325E-4
3.1283799890E+0	1.0240911828E+0	8.3110418659E-4
3.1291980762E+0	9.6068508995E-1	8.0506796108E-4
3.1299901204E+0	8.9929701769E-1	7.7901828182E-4
3.1307561084E+0	8.3992806230E-1	7.5295558414E-4
3.1314960274E+0	7.8257927961E-1	7.2688030358E-4
3.1322098650E+0	7.2725168543E-1	7.0079287589E-4
3.1328976092E+0	6.7394625594E-1	6.7469373705E-4
3.1335592487E+0	6.2266392808E-1	6.4858332323E-4
3.1341947723E+0	5.7340559995E-1	6.2246207073E-4
3.1348041694E+0	5.2617213113E-1	5.9633041614E-4
3.1353874298E+0	4.8096434307E-1	5.7018879612E-4
3.1359445438E+0	4.3778301943E-1	5.4403764760E-4
3.1364755020E+0	3.9662890636E-1	5.1787740760E-4
3.1369802957E+0	3.5750271287E-1	4.9170851331E-4
3.1374589163E+0	3.2040511106E-1	4.6553140213E-4
3.1379113559E+0	2.8533673645E-1	4.3934651156E-4
3.1383376069E+0	2.5229818822E-1	4.1315427928E-4
3.1387376622E+0	2.2129002949E-1	3.8695514312E-4
3.1391115150E+0	1.9231278750E-1	3.6074954110E-4
3.1394591592E+0	1.6536695387E-1	3.3453791144E-4
3.1397805890E+0	1.4045298482E-1	3.0832069259E-4
3.1400757989E+0	1.1757130128E-1	2.8209832342E-4
3.1403447841E+0	9.6722289102E-2	2.5587124334E-4
3.1405875400E+0	7.7906299156E-2	2.2963989267E-4
3.1408040626E+0	6.1123647376E-2	2.0340471372E-4
3.1409943483E+0	4.6374614693E-2	1.7716615272E-4
3.1411583939E+0	3.3659446674E-2	1.5092466531E-4
3.1412961968E+0	2.2978352396E-2	1.2468073282E-4
3.1414077547E+0	1.4331500825E-2	9.8434919423E-5
3.1414930663E+0	7.7190069223E-3	7.2188137769E-5
3.1415521316E+0	3.1408567302E-3	4.5943520243E-5
3.1415849628E+0	5.9610992244E-4	1.9736940383E-5