# Differential cross section		
# Author: P. Swaczyna	Princeton University	(swaczyna@princeton.edu)
# Date: 	Fri 4 Dec 2020 01:26:50	
# 		
# Elastic collision: H^0 + He^0 -> H^0 + He^0		
# 		
# Red. mass: 	7.5005505498E+8	 eV/c^2
# CM energy: 	4.1686938347E-1	 eV
# Rel speed: 	9.9951457082E+5	 cm/s
# Tot sigma: 	1.6408194614E+2	 a.u.
# Int sigma: 	1.6408194614E+2	 a.u.
# 		
# Columns:		
# the <- scattering angle (rad)		
# dcs <- dsigma/dOmega*2*pi*sin(the) (a.u. = 2.8002852056E-17 cm^2)		
# wei <- weight for cross section integration (approx. width of angle bin)		
# 		
# the	dcs	wei
7.6907532846E-6	4.5265241400E-1	1.9736940383E-5
4.0521979771E-5	2.3849890344E+0	4.5943520243E-5
9.9587300392E-5	5.8613612441E+0	7.2188137769E-5
1.8489884726E-4	1.0882413048E+1	9.8434919423E-5
2.9645680168E-4	1.7447958453E+1	1.2468073282E-4
4.3425968311E-4	2.5557482922E+1	1.5092466531E-4
5.9830531657E-4	3.5210064231E+1	1.7716615272E-4
7.8859101285E-4	4.6404215135E+1	2.0340471372E-4
1.0051136166E-3	5.9137686519E+1	2.2963989267E-4
1.2478695220E-3	7.3407237181E+1	2.5587124334E-4
1.5168546797E-3	8.9208371881E+1	2.8209832342E-4
1.8120645986E-3	1.0653504850E+2	3.0832069259E-4
2.1334943481E-3	1.2537935504E+2	3.3453791144E-4
2.4811385584E-3	1.4573115743E+2	3.6074954110E-4
2.8549914211E-3	1.6757771915E+2	3.8695514312E-4
3.2550466893E-3	1.9090329415E+2	4.1315427928E-4
3.6812976783E-3	2.1568869480E+2	4.3934651156E-4
4.1337372652E-3	2.4191083689E+2	4.6553140213E-4
4.6123578895E-3	2.6954226441E+2	4.9170851331E-4
5.1171515529E-3	2.9855065698E+2	5.1787740760E-4
5.6481098199E-3	3.2889832368E+2	5.4403764760E-4
6.2052238176E-3	3.6054168739E+2	5.7018879612E-4
6.7884842360E-3	3.9343076441E+2	5.9633041614E-4
7.3978813281E-3	4.2750864506E+2	6.2246207073E-4
8.0334049101E-3	4.6271098127E+2	6.4858332323E-4
8.6950443616E-3	4.9896548828E+2	6.7469373705E-4
9.3827886258E-3	5.3619146813E+2	7.0079287589E-4
1.0096626210E-2	5.7429936354E+2	7.2688030358E-4
1.0836545184E-2	6.1319035131E+2	7.5295558414E-4
1.1602533184E-2	6.5275598548E+2	7.7901828182E-4
1.2394577408E-2	6.9287790081E+2	8.0506796108E-4
1.3212664621E-2	7.3342758802E+2	8.3110418659E-4
1.4056781152E-2	7.7426625271E+2	8.5712652325E-4
1.4926912893E-2	8.1524477026E+2	8.8313453619E-4
1.5823045305E-2	8.5620374926E+2	9.0912779076E-4
1.6745163410E-2	8.9697371637E+2	9.3510585261E-4
1.7693251801E-2	9.3737543498E+2	9.6106828758E-4
1.8667294632E-2	9.7722036997E+2	9.8701466182E-4
1.9667275626E-2	1.0163113103E+3	1.0129445417E-3
2.0693178073E-2	1.0544431599E+3	1.0388574939E-3
2.1744984827E-2	1.0914039061E+3	1.0647530855E-3
2.2822678313E-2	1.1269757739E+3	1.0906308836E-3
2.3926240519E-2	1.1609365707E+3	1.1164904558E-3
2.5055653005E-2	1.1930612255E+3	1.1423313699E-3
2.6210896896E-2	1.2231235228E+3	1.1681531941E-3
2.7391952886E-2	1.2508980272E+3	1.1939554970E-3
2.8598801239E-2	1.2761621928E+3	1.2197378472E-3
2.9831421786E-2	1.2986986471E+3	1.2454998140E-3
3.1089793929E-2	1.3182976315E+3	1.2712409668E-3
3.2373896638E-2	1.3347595819E+3	1.2969608754E-3
3.3683708455E-2	1.3478978204E+3	1.3226591101E-3
3.5019207490E-2	1.3575413308E+3	1.3483352414E-3
3.6380371427E-2	1.3635375812E+3	1.3739888402E-3
3.7767177517E-2	1.3657553523E+3	1.3996194778E-3
3.9179602586E-2	1.3640875274E+3	1.4252267258E-3
4.0617623030E-2	1.3584537937E+3	1.4508101565E-3
4.2081214817E-2	1.3488031995E+3	1.4763693421E-3
4.3570353490E-2	1.3351165126E+3	1.5019038556E-3
4.5085014162E-2	1.3174083183E+3	1.5274132703E-3
4.6625171522E-2	1.2957287974E+3	1.5528971598E-3
4.8190799831E-2	1.2701651234E+3	1.5783550984E-3
4.9781872927E-2	1.2408424195E+3	1.6037866605E-3
5.1398364219E-2	1.2079242194E+3	1.6291914212E-3
5.3040246694E-2	1.1716123816E+3	1.6545689559E-3
5.4707492914E-2	1.1321464111E+3	1.6799188405E-3
5.6400075017E-2	1.0898021542E+3	1.7052406515E-3
5.8117964718E-2	1.0448898385E+3	1.7305339655E-3
5.9861133308E-2	9.9775144716E+2	1.7557983600E-3
6.1629551657E-2	9.4875742440E+2	1.7810334128E-3
6.3423190212E-2	8.9830272955E+2	1.8062387021E-3
6.5242019000E-2	8.4680226978E+2	1.8314138067E-3
6.7086007624E-2	7.9468576009E+2	1.8565583060E-3
6.8955125270E-2	7.4239207624E+2	1.8816717796E-3
7.0849340702E-2	6.9036318341E+2	1.9067538080E-3
7.2768622264E-2	6.3903774012E+2	1.9318039720E-3
7.4712937885E-2	5.8884449219E+2	1.9568218529E-3
7.6682255070E-2	5.4019558517E+2	1.9818070327E-3
7.8676540910E-2	4.9347993465E+2	2.0067590939E-3
8.0695762079E-2	4.4905680205E+2	2.0316776194E-3
8.2739884832E-2	4.0724972800E+2	2.0565621928E-3
8.4808875009E-2	3.6834097600E+2	2.0814123983E-3
8.6902698034E-2	3.3256663517E+2	2.1062278206E-3
8.9021318917E-2	3.0011252252E+2	2.1310080450E-3
9.1164702253E-2	2.7111101194E+2	2.1557526574E-3
9.3332812224E-2	2.4563889911E+2	2.1804612443E-3
9.5525612596E-2	2.2371638956E+2	2.2051333928E-3
9.7743066726E-2	2.0530727020E+2	2.2297686905E-3
9.9985137556E-2	1.9032029555E+2	2.2543667257E-3
1.0225178762E-1	1.7861178675E+2	2.2789270875E-3
1.0454297904E-1	1.6998940778E+2	2.3034493653E-3
1.0685867352E-1	1.6421704831E+2	2.3279331494E-3
1.0919883237E-1	1.6102070827E+2	2.3523780306E-3
1.1156341648E-1	1.6009524688E+2	2.3767836004E-3
1.1395238633E-1	1.6111182921E+2	2.4011494510E-3
1.1636570200E-1	1.6372587829E+2	2.4254751751E-3
1.1880332317E-1	1.6758532073E+2	2.4497603662E-3
1.2126520909E-1	1.7233890046E+2	2.4740046186E-3
1.2375131862E-1	1.7764432856E+2	2.4982075270E-3
1.2626161023E-1	1.8317603879E+2	2.5223686871E-3
1.2879604195E-1	1.8863232719E+2	2.5464876949E-3
1.3135457143E-1	1.9374167164E+2	2.5705641475E-3
1.3393715592E-1	1.9826805150E+2	2.5945976426E-3
1.3654375226E-1	2.0201511912E+2	2.6185877784E-3
1.3917431689E-1	2.0482911215E+2	2.6425341541E-3
1.4182880585E-1	2.0660043711E+2	2.6664363695E-3
1.4450717478E-1	2.0726389976E+2	2.6902940251E-3
1.4720937892E-1	2.0679760348E+2	2.7141067224E-3
1.4993537310E-1	2.0522058267E+2	2.7378740632E-3
1.5268511179E-1	2.0258928122E+2	2.7615956505E-3
1.5545854902E-1	1.9899302536E+2	2.7852710878E-3
1.5825563845E-1	1.9454867358E+2	2.8088999795E-3
1.6107633333E-1	1.8939465257E+2	2.8324819307E-3
1.6392058653E-1	1.8368460643E+2	2.8560165473E-3
1.6678835052E-1	1.7758089515E+2	2.8795034361E-3
1.6967957737E-1	1.7124817843E+2	2.9029422044E-3
1.7259421876E-1	1.6484731101E+2	2.9263324607E-3
1.7553222599E-1	1.5852975733E+2	2.9496738141E-3
1.7849354996E-1	1.5243270662E+2	2.9729658744E-3
1.8147814117E-1	1.4667503644E+2	2.9962082525E-3
1.8448594977E-1	1.4135423362E+2	3.0194005599E-3
1.8751692548E-1	1.3654433989E+2	3.0425424091E-3
1.9057101764E-1	1.3229494527E+2	3.0656334132E-3
1.9364817522E-1	1.2863120919E+2	3.0886731866E-3
1.9674834681E-1	1.2555484792E+2	3.1116613440E-3
1.9987148058E-1	1.2304599012E+2	3.1345975014E-3
2.0301752435E-1	1.2106577043E+2	3.1574812755E-3
2.0618642554E-1	1.1955950703E+2	3.1803122838E-3
2.0937813120E-1	1.1846029176E+2	3.2030901448E-3
2.1259258799E-1	1.1769281351E+2	3.2258144779E-3
2.1582974219E-1	1.1717723519E+2	3.2484849032E-3
2.1908953970E-1	1.1683295294E+2	3.2711010421E-3
2.2237192605E-1	1.1658208154E+2	3.2936625164E-3
2.2567684639E-1	1.1635253210E+2	3.3161689492E-3
2.2900424548E-1	1.1608057487E+2	3.3386199643E-3
2.3235406772E-1	1.1571281057E+2	3.3610151867E-3
2.3572625713E-1	1.1520750600E+2	3.3833542419E-3
2.3912075735E-1	1.1453528230E+2	3.4056367567E-3
2.4253751167E-1	1.1367917550E+2	3.4278623588E-3
2.4597646298E-1	1.1263411720E+2	3.4500306767E-3
2.4943755380E-1	1.1140590786E+2	3.4721413399E-3
2.5292072631E-1	1.1000977382E+2	3.4941939790E-3
2.5642592230E-1	1.0846861303E+2	3.5161882254E-3
2.5995308318E-1	1.0681104132E+2	3.5381237115E-3
2.6350215001E-1	1.0506935237E+2	3.5600000709E-3
2.6707306349E-1	1.0327749974E+2	3.5818169379E-3
2.7066576394E-1	1.0146919937E+2	3.6035739479E-3
2.7428019131E-1	9.9676236708E+1	3.6252707373E-3
2.7791628522E-1	9.7927045061E+1	3.6469069436E-3
2.8157398488E-1	9.6245602124E+1	3.6684822051E-3
2.8525322919E-1	9.4650670891E+1	3.6899961614E-3
2.8895395665E-1	9.3155390913E+1	3.7114484529E-3
2.9267610542E-1	9.1767206801E+1	3.7328387211E-3
2.9641961330E-1	9.0488104201E+1	3.7541666086E-3
3.0018441773E-1	8.9315109749E+1	3.7754317588E-3
3.0397045579E-1	8.8241001446E+1	3.7966338166E-3
3.0777766421E-1	8.7255169560E+1	3.8177724274E-3
3.1160597938E-1	8.6344565773E+1	3.8388472382E-3
3.1545533730E-1	8.5494679487E+1	3.8598578967E-3
3.1932567367E-1	8.4690484775E+1	3.8808040517E-3
3.2321692379E-1	8.3917308695E+1	3.9016853533E-3
3.2712902264E-1	8.3161581043E+1	3.9225014525E-3
3.3106190484E-1	8.2411436345E+1	3.9432520014E-3
3.3501550468E-1	8.1657150212E+1	3.9639366533E-3
3.3898975607E-1	8.0891403508E+1	3.9845550624E-3
3.4298459261E-1	8.0109378278E+1	4.0051068843E-3
3.4699994753E-1	7.9308698745E+1	4.0255917754E-3
3.5103575373E-1	7.8489238287E+1	4.0460093936E-3
3.5509194378E-1	7.7652818937E+1	4.0663593974E-3
3.5916844988E-1	7.6802833490E+1	4.0866414469E-3
3.6326520391E-1	7.5943821651E+1	4.1068552032E-3
3.6738213741E-1	7.5081030985E+1	4.1270003283E-3
3.7151918157E-1	7.4219990948E+1	4.1470764858E-3
3.7567626728E-1	7.3366124311E+1	4.1670833400E-3
3.7985332504E-1	7.2524415196E+1	4.1870205567E-3
3.8405028507E-1	7.1699147209E+1	4.2068878026E-3
3.8826707721E-1	7.0893719179E+1	4.2266847457E-3
3.9250363101E-1	7.0110540200E+1	4.2464110553E-3
3.9675987567E-1	6.9351000454E+1	4.2660664016E-3
4.0103574005E-1	6.8615509921E+1	4.2856504563E-3
4.0533115271E-1	6.7903593690E+1	4.3051628919E-3
4.0964604185E-1	6.7214030470E+1	4.3246033825E-3
4.1398033538E-1	6.6545019828E+1	4.3439716031E-3
4.1833396086E-1	6.5894363735E+1	4.3632672302E-3
4.2270684554E-1	6.5259649008E+1	4.3824899412E-3
4.2709891633E-1	6.4638418914E+1	4.4016394148E-3
4.3151009985E-1	6.4028324433E+1	4.4207153312E-3
4.3594032237E-1	6.3427248210E+1	4.4397173715E-3
4.4038950986E-1	6.2833396827E+1	4.4586452181E-3
4.4485758797E-1	6.2245359606E+1	4.4774985548E-3
4.4934448203E-1	6.1662134469E+1	4.4962770664E-3
4.5385011706E-1	6.1083123444E+1	4.5149804392E-3
4.5837441776E-1	6.0508102056E+1	4.5336083606E-3
4.6291730852E-1	5.9937168043E+1	4.5521605193E-3
4.6747871344E-1	5.9370675592E+1	4.5706366053E-3
4.7205855627E-1	5.8809161560E+1	4.5890363098E-3
4.7665676049E-1	5.8253269912E+1	4.6073593254E-3
4.8127324926E-1	5.7703680016E+1	4.6256053458E-3
4.8590794542E-1	5.7161043397E+1	4.6437740661E-3
4.9056077152E-1	5.6625932353E+1	4.6618651826E-3
4.9523164982E-1	5.6098802406E+1	4.6798783932E-3
4.9992050224E-1	5.5579969246E+1	4.6978133967E-3
5.0462725044E-1	5.5069599525E+1	4.7156698934E-3
5.0935181576E-1	5.4567713916E+1	4.7334475849E-3
5.1409411924E-1	5.4074200116E+1	4.7511461741E-3
5.1885408164E-1	5.3588833174E+1	4.7687653653E-3
5.2363162341E-1	5.3111300422E+1	4.7863048641E-3
5.2842666471E-1	5.2641228548E+1	4.8037643772E-3
5.3323912540E-1	5.2178210644E+1	4.8211436130E-3
5.3806892508E-1	5.1721831537E+1	4.8384422809E-3
5.4291598301E-1	5.1271690105E+1	4.8556600920E-3
5.4778021821E-1	5.0827417643E+1	4.8727967585E-3
5.5266154939E-1	5.0388691673E+1	4.8898519940E-3
5.5755989496E-1	4.9955244868E+1	4.9068255135E-3
5.6247517308E-1	4.9526869009E+1	4.9237170334E-3
5.6740730160E-1	4.9103414183E+1	4.9405262713E-3
5.7235619810E-1	4.8684783730E+1	4.9572529464E-3
5.7732177988E-1	4.8270925765E+1	4.9738967791E-3
5.8230396395E-1	4.7861822346E+1	4.9904574913E-3
5.8730266706E-1	4.7457477556E+1	5.0069348063E-3
5.9231780568E-1	4.7057905782E+1	5.0233284486E-3
5.9734929598E-1	4.6663121339E+1	5.0396381444E-3
6.0239705389E-1	4.6273130300E+1	5.0558636210E-3
6.0746099506E-1	4.5887924965E+1	5.0720046074E-3
6.1254103485E-1	4.5507480991E+1	5.0880608338E-3
6.1763708838E-1	4.5131756827E+1	5.1040320318E-3
6.2274907048E-1	4.4760694828E+1	5.1199179345E-3
6.2787689573E-1	4.4394223382E+1	5.1357182766E-3
6.3302047843E-1	4.4032259453E+1	5.1514327939E-3
6.3817973262E-1	4.3674711152E+1	5.1670612238E-3
6.4335457209E-1	4.3321480189E+1	5.1826033052E-3
6.4854491036E-1	4.2972464254E+1	5.1980587783E-3
6.5375066070E-1	4.2627559453E+1	5.2134273849E-3
6.5897173609E-1	4.2286662907E+1	5.2287088681E-3
6.6420804930E-1	4.1949675447E+1	5.2439029725E-3
6.6945951283E-1	4.1616504208E+1	5.2590094442E-3
6.7472603890E-1	4.1287064751E+1	5.2740280309E-3
6.8000753951E-1	4.0961282322E+1	5.2889584814E-3
6.8530392640E-1	4.0639091981E+1	5.3038005463E-3
6.9061511106E-1	4.0320437520E+1	5.3185539776E-3
6.9594100473E-1	4.0005269383E+1	5.3332185287E-3
7.0128151841E-1	3.9693542041E+1	5.3477939546E-3
7.0663656285E-1	3.9385211395E+1	5.3622800116E-3
7.1200604856E-1	3.9080232757E+1	5.3766764577E-3
7.1738988581E-1	3.8778559782E+1	5.3909830523E-3
7.2278798463E-1	3.8480144416E+1	5.4051995564E-3
7.2820025482E-1	3.8184937650E+1	5.4193257323E-3
7.3362660591E-1	3.7892890633E+1	5.4333613439E-3
7.3906694724E-1	3.7603955665E+1	5.4473061568E-3
7.4452118788E-1	3.7318086640E+1	5.4611599379E-3
7.4998923669E-1	3.7035238806E+1	5.4749224557E-3
7.5547100229E-1	3.6755367942E+1	5.4885934801E-3
7.6096639308E-1	3.6478429307E+1	5.5021727828E-3
7.6647531721E-1	3.6204376799E+1	5.5156601367E-3
7.7199768263E-1	3.5933162701E+1	5.5290553166E-3
7.7753339704E-1	3.5664738182E+1	5.5423580985E-3
7.8308236795E-1	3.5399054422E+1	5.5555682601E-3
7.8864450262E-1	3.5136064040E+1	5.5686855808E-3
7.9421970809E-1	3.4875722327E+1	5.5817098412E-3
7.9980789121E-1	3.4617987895E+1	5.5946408237E-3
8.0540895857E-1	3.4362822512E+1	5.6074783123E-3
8.1102281659E-1	3.4110190208E+1	5.6202220924E-3
8.1664937145E-1	3.3860055974E+1	5.6328719509E-3
8.2228852912E-1	3.3612384535E+1	5.6454276767E-3
8.2794019536E-1	3.3367139622E+1	5.6578890597E-3
8.3360427572E-1	3.3124284014E+1	5.6702558918E-3
8.3928067556E-1	3.2883780295E+1	5.6825279663E-3
8.4496930000E-1	3.2645592029E+1	5.6947050782E-3
8.5067005399E-1	3.2409684877E+1	5.7067870238E-3
8.5638284226E-1	3.2176027210E+1	5.7187736014E-3
8.6210756934E-1	3.1944589934E+1	5.7306646105E-3
8.6784413956E-1	3.1715345577E+1	5.7424598526E-3
8.7359245705E-1	3.1488266906E+1	5.7541591304E-3
8.7935242576E-1	3.1263325596E+1	5.7657622485E-3
8.8512394943E-1	3.1040491406E+1	5.7772690129E-3
8.9090693161E-1	3.0819732175E+1	5.7886792314E-3
8.9670127565E-1	3.0601014648E+1	5.7999927133E-3
9.0250688473E-1	3.0384305833E+1	5.8112092696E-3
9.0832366182E-1	3.0169574413E+1	5.8223287127E-3
9.1415150972E-1	2.9956791712E+1	5.8333508568E-3
9.1999033104E-1	2.9745931887E+1	5.8442755178E-3
9.2584002820E-1	2.9536971302E+1	5.8551025132E-3
9.3170050345E-1	2.9329887347E+1	5.8658316618E-3
9.3757165885E-1	2.9124657169E+1	5.8764627846E-3
9.4345339628E-1	2.8921256759E+1	5.8869957037E-3
9.4934561746E-1	2.8719660759E+1	5.8974302433E-3
9.5524822392E-1	2.8519842977E+1	5.9077662288E-3
9.6116111701E-1	2.8321777402E+1	5.9180034877E-3
9.6708419793E-1	2.8125439255E+1	5.9281418487E-3
9.7301736769E-1	2.7930805654E+1	5.9381811425E-3
9.7896052713E-1	2.7737855610E+1	5.9481212013E-3
9.8491357695E-1	2.7546569347E+1	5.9579618591E-3
9.9087641766E-1	2.7356927253E+1	5.9677029512E-3
9.9684894961E-1	2.7168908862E+1	5.9773443150E-3
1.0028310730E+0	2.6982492336E+1	5.9868857894E-3
1.0088226878E+0	2.6797654646E+1	5.9963272149E-3
1.0148236940E+0	2.6614372432E+1	6.0056684336E-3
1.0208339913E+0	2.6432623195E+1	6.0149092896E-3
1.0268534791E+0	2.6252386370E+1	6.0240496283E-3
1.0328820570E+0	2.6073643824E+1	6.0330892971E-3
1.0389196241E+0	2.5896379580E+1	6.0420281448E-3
1.0449660796E+0	2.5720578825E+1	6.0508660221E-3
1.0510213224E+0	2.5546226585E+1	6.0596027814E-3
1.0570852514E+0	2.5373306537E+1	6.0682382765E-3
1.0631577652E+0	2.5201800424E+1	6.0767723631E-3
1.0692387623E+0	2.5031688278E+1	6.0852048988E-3
1.0753281411E+0	2.4862949369E+1	6.0935357425E-3
1.0814257998E+0	2.4695563505E+1	6.1017647550E-3
1.0875316366E+0	2.4529512197E+1	6.1098917988E-3
1.0936455494E+0	2.4364779258E+1	6.1179167381E-3
1.0997674360E+0	2.4201350622E+1	6.1258394388E-3
1.1058971941E+0	2.4039213505E+1	6.1336597685E-3
1.1120347214E+0	2.3878355238E+1	6.1413775965E-3
1.1181799151E+0	2.3718762259E+1	6.1489927938E-3
1.1243326727E+0	2.3560419631E+1	6.1565052331E-3
1.1304928913E+0	2.3403311248E+1	6.1639147890E-3
1.1366604679E+0	2.3247420600E+1	6.1712213376E-3
1.1428352996E+0	2.3092731737E+1	6.1784247568E-3
1.1490172830E+0	2.2939230022E+1	6.1855249261E-3
1.1552063150E+0	2.2786902346E+1	6.1925217271E-3
1.1614022920E+0	2.2635736735E+1	6.1994150427E-3
1.1676051105E+0	2.2485721522E+1	6.2062047577E-3
1.1738146669E+0	2.2336844476E+1	6.2128907587E-3
1.1800308574E+0	2.2189092265E+1	6.2194729339E-3
1.1862535782E+0	2.2042450505E+1	6.2259511734E-3
1.1924827251E+0	2.1896904398E+1	6.2323253688E-3
1.1987181942E+0	2.1752439699E+1	6.2385954138E-3
1.2049598812E+0	2.1609043594E+1	6.2447612034E-3
1.2112076818E+0	2.1466705126E+1	6.2508226346E-3
1.2174614916E+0	2.1325414944E+1	6.2567796062E-3
1.2237212062E+0	2.1185164460E+1	6.2626320186E-3
1.2299867208E+0	2.1045944721E+1	6.2683797740E-3
1.2362579308E+0	2.0907745449E+1	6.2740227763E-3
1.2425347314E+0	2.0770554618E+1	6.2795609313E-3
1.2488170177E+0	2.0634358757E+1	6.2849941464E-3
1.2551046847E+0	2.0499143867E+1	6.2903223308E-3
1.2613976273E+0	2.0364896589E+1	6.2955453954E-3
1.2676957404E+0	2.0231605197E+1	6.3006632530E-3
1.2739989187E+0	2.0099260024E+1	6.3056758180E-3
1.2803070569E+0	1.9967853172E+1	6.3105830068E-3
1.2866200496E+0	1.9837377643E+1	6.3153847371E-3
1.2929377912E+0	1.9707826240E+1	6.3200809290E-3
1.2992601762E+0	1.9579190659E+1	6.3246715037E-3
1.3055870990E+0	1.9451461109E+1	6.3291563847E-3
1.3119184537E+0	1.9324626580E+1	6.3335354970E-3
1.3182541347E+0	1.9198675600E+1	6.3378087674E-3
1.3245940360E+0	1.9073597149E+1	6.3419761245E-3
1.3309380516E+0	1.8949381362E+1	6.3460374987E-3
1.3372860756E+0	1.8826019737E+1	6.3499928220E-3
1.3436380019E+0	1.8703504812E+1	6.3538420284E-3
1.3499937243E+0	1.8581829475E+1	6.3575850535E-3
1.3563531366E+0	1.8460986243E+1	6.3612218349E-3
1.3627161325E+0	1.8340966819E+1	6.3647523117E-3
1.3690826057E+0	1.8221762116E+1	6.3681764249E-3
1.3754524499E+0	1.8103362727E+1	6.3714941173E-3
1.3818255585E+0	1.7985759605E+1	6.3747053335E-3
1.3882018250E+0	1.7868944646E+1	6.3778100198E-3
1.3945811430E+0	1.7752910895E+1	6.3808081243E-3
1.4009634057E+0	1.7637652257E+1	6.3836995970E-3
1.4073485066E+0	1.7523162844E+1	6.3864843894E-3
1.4137363389E+0	1.7409436208E+1	6.3891624551E-3
1.4201267959E+0	1.7296464806E+1	6.3917337493E-3
1.4265197708E+0	1.7184239946E+1	6.3941982290E-3
1.4329151568E+0	1.7072752242E+1	6.3965558531E-3
1.4393128469E+0	1.6961992446E+1	6.3988065821E-3
1.4457127343E+0	1.6851952296E+1	6.4009503785E-3
1.4521147120E+0	1.6742625068E+1	6.4029872063E-3
1.4585186731E+0	1.6634005584E+1	6.4049170317E-3
1.4649245104E+0	1.6526089660E+1	6.4067398222E-3
1.4713321170E+0	1.6418873206E+1	6.4084555476E-3
1.4777413858E+0	1.6312351311E+1	6.4100641790E-3
1.4841522097E+0	1.6206517664E+1	6.4115656896E-3
1.4905644815E+0	1.6101364523E+1	6.4129600544E-3
1.4969780940E+0	1.5996883247E+1	6.4142472499E-3
1.5033929402E+0	1.5893065168E+1	6.4154272548E-3
1.5098089128E+0	1.5789902467E+1	6.4165000493E-3
1.5162259046E+0	1.5687388740E+1	6.4174656154E-3
1.5226438083E+0	1.5585519044E+1	6.4183239370E-3
1.5290625167E+0	1.5484289437E+1	6.4190749998E-3
1.5354819225E+0	1.5383696212E+1	6.4197187912E-3
1.5419019185E+0	1.5283735142E+1	6.4202553005E-3
1.5483223974E+0	1.5184401000E+1	6.4206845187E-3
1.5547432518E+0	1.5085687534E+1	6.4210064386E-3
1.5611643745E+0	1.4987587858E+1	6.4212210549E-3
1.5675856581E+0	1.4890095067E+1	6.4213283639E-3
1.5740069954E+0	1.4793202824E+1	6.4213283639E-3
1.5804282791E+0	1.4696905669E+1	6.4212210549E-3
1.5868494018E+0	1.4601198961E+1	6.4210064386E-3
1.5932702562E+0	1.4506078498E+1	6.4206845187E-3
1.5996907351E+0	1.4411540015E+1	6.4202553005E-3
1.6061107310E+0	1.4317578782E+1	6.4197187912E-3
1.6125301369E+0	1.4224189475E+1	6.4190749998E-3
1.6189488453E+0	1.4131366372E+1	6.4183239370E-3
1.6253667490E+0	1.4039103777E+1	6.4174656154E-3
1.6317837408E+0	1.3947396466E+1	6.4165000493E-3
1.6381997134E+0	1.3856239956E+1	6.4154272548E-3
1.6446145595E+0	1.3765630464E+1	6.4142472499E-3
1.6510281721E+0	1.3675564556E+1	6.4129600544E-3
1.6574404439E+0	1.3586038635E+1	6.4115656896E-3
1.6638512678E+0	1.3497048476E+1	6.4100641790E-3
1.6702605366E+0	1.3408589011E+1	6.4084555476E-3
1.6766681432E+0	1.3320654478E+1	6.4067398222E-3
1.6830739805E+0	1.3233238881E+1	6.4049170317E-3
1.6894779416E+0	1.3146336601E+1	6.4029872063E-3
1.6958799193E+0	1.3059942918E+1	6.4009503785E-3
1.7022798067E+0	1.2974054235E+1	6.3988065821E-3
1.7086774968E+0	1.2888667910E+1	6.3965558531E-3
1.7150728827E+0	1.2803781739E+1	6.3941982290E-3
1.7214658576E+0	1.2719393287E+1	6.3917337493E-3
1.7278563146E+0	1.2635499299E+1	6.3891624551E-3
1.7342441470E+0	1.2552095414E+1	6.3864843894E-3
1.7406292478E+0	1.2469176293E+1	6.3836995970E-3
1.7470115106E+0	1.2386736099E+1	6.3808081243E-3
1.7533908286E+0	1.2304769173E+1	6.3778100198E-3
1.7597670951E+0	1.2223270644E+1	6.3747053335E-3
1.7661402037E+0	1.2142236776E+1	6.3714941173E-3
1.7725100479E+0	1.2061664922E+1	6.3681764249E-3
1.7788765211E+0	1.1981553127E+1	6.3647523117E-3
1.7852395170E+0	1.1901899520E+1	6.3612218349E-3
1.7915989293E+0	1.1822701723E+1	6.3575850535E-3
1.7979546517E+0	1.1743956479E+1	6.3538420284E-3
1.8043065780E+0	1.1665659620E+1	6.3499928220E-3
1.8106546020E+0	1.1587806355E+1	6.3460374987E-3
1.8169986176E+0	1.1510391763E+1	6.3419761245E-3
1.8233385189E+0	1.1433411305E+1	6.3378087674E-3
1.8296741999E+0	1.1356861171E+1	6.3335354970E-3
1.8360055546E+0	1.1280738352E+1	6.3291563847E-3
1.8423324774E+0	1.1205040442E+1	6.3246715037E-3
1.8486548624E+0	1.1129765265E+1	6.3200809290E-3
1.8549726040E+0	1.1054910470E+1	6.3153847371E-3
1.8612855967E+0	1.0980473256E+1	6.3105830068E-3
1.8675937349E+0	1.0906450306E+1	6.3056758180E-3
1.8738969132E+0	1.0832837936E+1	6.3006632530E-3
1.8801950263E+0	1.0759632379E+1	6.2955453954E-3
1.8864879689E+0	1.0686830075E+1	6.2903223308E-3
1.8927756359E+0	1.0614427866E+1	6.2849941464E-3
1.8990579222E+0	1.0542422997E+1	6.2795609313E-3
1.9053347228E+0	1.0470812977E+1	6.2740227763E-3
1.9116059328E+0	1.0399595323E+1	6.2683797740E-3
1.9178714474E+0	1.0328767345E+1	6.2626320186E-3
1.9241311620E+0	1.0258326030E+1	6.2567796062E-3
1.9303849718E+0	1.0188268094E+1	6.2508226346E-3
1.9366327724E+0	1.0118590175E+1	6.2447612034E-3
1.9428744594E+0	1.0049289086E+1	6.2385954138E-3
1.9491099285E+0	9.9803620275E+0	6.2323253688E-3
1.9553390754E+0	9.9118066569E+0	6.2259511734E-3
1.9615617961E+0	9.8436209970E+0	6.2194729339E-3
1.9677779867E+0	9.7758031927E+0	6.2128907587E-3
1.9739875431E+0	9.7083512120E+0	6.2062047577E-3
1.9801903616E+0	9.6412625999E+0	6.1994150427E-3
1.9863863386E+0	9.5745343808E+0	6.1925217271E-3
1.9925753706E+0	9.5081631542E+0	6.1855249261E-3
1.9987573540E+0	9.4421453572E+0	6.1784247568E-3
2.0049321857E+0	9.3764776099E+0	6.1712213376E-3
2.0110997623E+0	9.3111570234E+0	6.1639147890E-3
2.0172599809E+0	9.2461813657E+0	6.1565052331E-3
2.0234127385E+0	9.1815490212E+0	6.1489927938E-3
2.0295579322E+0	9.1172587538E+0	6.1413775965E-3
2.0356954595E+0	9.0533093477E+0	6.1336597685E-3
2.0418252176E+0	8.9896992411E+0	6.1258394388E-3
2.0479471042E+0	8.9264262728E+0	6.1179167381E-3
2.0540610170E+0	8.8634876236E+0	6.1098917988E-3
2.0601668538E+0	8.8008799721E+0	6.1017647550E-3
2.0662645125E+0	8.7385998157E+0	6.0935357425E-3
2.0723538913E+0	8.6766438535E+0	6.0852048988E-3
2.0784348884E+0	8.6150093123E+0	6.0767723631E-3
2.0845074022E+0	8.5536941152E+0	6.0682382765E-3
2.0905713312E+0	8.4926968422E+0	6.0596027814E-3
2.0966265740E+0	8.4320165007E+0	6.0508660221E-3
2.1026730295E+0	8.3716521799E+0	6.0420281448E-3
2.1087105966E+0	8.3116026964E+0	6.0330892971E-3
2.1147391745E+0	8.2518663386E+0	6.0240496283E-3
2.1207586623E+0	8.1924407826E+0	6.0149092896E-3
2.1267689596E+0	8.1333231970E+0	6.0056684336E-3
2.1327699657E+0	8.0745104992E+0	5.9963272149E-3
2.1387615806E+0	8.0159996782E+0	5.9868857894E-3
2.1447437040E+0	7.9577880873E+0	5.9773443150E-3
2.1507162359E+0	7.8998736222E+0	5.9677029512E-3
2.1566790766E+0	7.8422547384E+0	5.9579618591E-3
2.1626321265E+0	7.7849303132E+0	5.9481212013E-3
2.1685752859E+0	7.7278994014E+0	5.9381811425E-3
2.1745084557E+0	7.6711609631E+0	5.9281418487E-3
2.1804315366E+0	7.6147136432E+0	5.9180034877E-3
2.1863444297E+0	7.5585556624E+0	5.9077662288E-3
2.1922470361E+0	7.5026848424E+0	5.8974302433E-3
2.1981392573E+0	7.4470987475E+0	5.8869957037E-3
2.2040209947E+0	7.3917948914E+0	5.8764627846E-3
2.2098921501E+0	7.3367709460E+0	5.8658316618E-3
2.2157526254E+0	7.2820248897E+0	5.8551025132E-3
2.2216023226E+0	7.2275550618E+0	5.8442755178E-3
2.2274411439E+0	7.1733601134E+0	5.8333508568E-3
2.2332689918E+0	7.1194388812E+0	5.8223287127E-3
2.2390857689E+0	7.0657902276E+0	5.8112092696E-3
2.2448913779E+0	7.0124128971E+0	5.7999927133E-3
2.2506857220E+0	6.9593054290E+0	5.7886792314E-3
2.2564687042E+0	6.9064661452E+0	5.7772690129E-3
2.2622402278E+0	6.8538932074E+0	5.7657622485E-3
2.2680001965E+0	6.8015847205E+0	5.7541591304E-3
2.2737485140E+0	6.7495388430E+0	5.7424598526E-3
2.2794850843E+0	6.6977538725E+0	5.7306646105E-3
2.2852098113E+0	6.6462282817E+0	5.7187736014E-3
2.2909225996E+0	6.5949606992E+0	5.7067870238E-3
2.2966233536E+0	6.5439498484E+0	5.6947050782E-3
2.3023119780E+0	6.4931944680E+0	5.6825279663E-3
2.3079883779E+0	6.4426932424E+0	5.6702558918E-3
2.3136524582E+0	6.3924447635E+0	5.6578890597E-3
2.3193041245E+0	6.3424475357E+0	5.6454276767E-3
2.3249432821E+0	6.2927000180E+0	5.6328719509E-3
2.3305698370E+0	6.2432006877E+0	5.6202220924E-3
2.3361836950E+0	6.1939481029E+0	5.6074783123E-3
2.3417847624E+0	6.1449409410E+0	5.5946408237E-3
2.3473729455E+0	6.0961780017E+0	5.5817098412E-3
2.3529481510E+0	6.0476581716E+0	5.5686855808E-3
2.3585102856E+0	5.9993803625E+0	5.5555682601E-3
2.3640592565E+0	5.9513434417E+0	5.5423580985E-3
2.3695949710E+0	5.9035461779E+0	5.5290553166E-3
2.3751173364E+0	5.8559872188E+0	5.5156601367E-3
2.3806262605E+0	5.8086651101E+0	5.5021727828E-3
2.3861216513E+0	5.7615783504E+0	5.4885934801E-3
2.3916034169E+0	5.7147254687E+0	5.4749224557E-3
2.3970714657E+0	5.6681051017E+0	5.4611599379E-3
2.4025257064E+0	5.6217160500E+0	5.4473061568E-3
2.4079660477E+0	5.5755572965E+0	5.4333613439E-3
2.4133923988E+0	5.5296279803E+0	5.4193257323E-3
2.4188046690E+0	5.4839273315E+0	5.4051995564E-3
2.4242027678E+0	5.4384545845E+0	5.3909830523E-3
2.4295866050E+0	5.3932088894E+0	5.3766764577E-3
2.4349560907E+0	5.3481892465E+0	5.3622800116E-3
2.4403111352E+0	5.3033944795E+0	5.3477939546E-3
2.4456516489E+0	5.2588232551E+0	5.3332185287E-3
2.4509775425E+0	5.2144741447E+0	5.3185539776E-3
2.4562887272E+0	5.1703457141E+0	5.3038005463E-3
2.4615851141E+0	5.1264366186E+0	5.2889584814E-3
2.4668666147E+0	5.0827456825E+0	5.2740280309E-3
2.4721331408E+0	5.0392719421E+0	5.2590094442E-3
2.4773846043E+0	4.9960146439E+0	5.2439029725E-3
2.4826209175E+0	4.9529731976E+0	5.2287088681E-3
2.4878419929E+0	4.9101470955E+0	5.2134273849E-3
2.4930477432E+0	4.8675358151E+0	5.1980587783E-3
2.4982380815E+0	4.8251387299E+0	5.1826033052E-3
2.5034129210E+0	4.7829550452E+0	5.1670612238E-3
2.5085721752E+0	4.7409837745E+0	5.1514327939E-3
2.5137157579E+0	4.6992237608E+0	5.1357182766E-3
2.5188435831E+0	4.6576737365E+0	5.1199179345E-3
2.5239555652E+0	4.6163324098E+0	5.1040320318E-3
2.5290516187E+0	4.5751985572E+0	5.0880608338E-3
2.5341316585E+0	4.5342711031E+0	5.0720046074E-3
2.5391955997E+0	4.4935491695E+0	5.0558636210E-3
2.5442433576E+0	4.4530320875E+0	5.0396381444E-3
2.5492748479E+0	4.4127193670E+0	5.0233284486E-3
2.5542899865E+0	4.3726106345E+0	5.0069348063E-3
2.5592886896E+0	4.3327055501E+0	4.9904574913E-3
2.5642708737E+0	4.2930037235E+0	4.9738967791E-3
2.5692364555E+0	4.2535046436E+0	4.9572529464E-3
2.5741853520E+0	4.2142076370E+0	4.9405262713E-3
2.5791174805E+0	4.1751118613E+0	4.9237170334E-3
2.5840327586E+0	4.1362163342E+0	4.9068255135E-3
2.5889311042E+0	4.0975199904E+0	4.8898519940E-3
2.5938124354E+0	4.0590217552E+0	4.8727967585E-3
2.5986766706E+0	4.0207206196E+0	4.8556600920E-3
2.6035237285E+0	3.9826157030E+0	4.8384422809E-3
2.6083535282E+0	3.9447062906E+0	4.8211436130E-3
2.6131659889E+0	3.9069918430E+0	4.8037643772E-3
2.6179610302E+0	3.8694719732E+0	4.7863048641E-3
2.6227385719E+0	3.8321464001E+0	4.7687653653E-3
2.6274985343E+0	3.7950148863E+0	4.7511461741E-3
2.6322408378E+0	3.7580771725E+0	4.7334475849E-3
2.6369654032E+0	3.7213329206E+0	4.7156698934E-3
2.6416721513E+0	3.6847816752E+0	4.6978133967E-3
2.6463610038E+0	3.6484228488E+0	4.6798783932E-3
2.6510318821E+0	3.6122557330E+0	4.6618651826E-3
2.6556847082E+0	3.5762795319E+0	4.6437740661E-3
2.6603194043E+0	3.5404934103E+0	4.6256053458E-3
2.6649358931E+0	3.5048965487E+0	4.6073593254E-3
2.6695340973E+0	3.4694881946E+0	4.5890363098E-3
2.6741139402E+0	3.4342677021E+0	4.5706366053E-3
2.6786753451E+0	3.3992345535E+0	4.5521605193E-3
2.6832182358E+0	3.3643883608E+0	4.5336083606E-3
2.6877425365E+0	3.3297288469E+0	4.5149804392E-3
2.6922481716E+0	3.2952558130E+0	4.4962770664E-3
2.6967350656E+0	3.2609690947E+0	4.4774985548E-3
2.7012031437E+0	3.2268685186E+0	4.4586452181E-3
2.7056523312E+0	3.1929538628E+0	4.4397173715E-3
2.7100825537E+0	3.1592248289E+0	4.4207153312E-3
2.7144937373E+0	3.1256810293E+0	4.4016394148E-3
2.7188858081E+0	3.0923219897E+0	4.3824899412E-3
2.7232586927E+0	3.0591471669E+0	4.3632672302E-3
2.7276123182E+0	3.0261559765E+0	4.3439716031E-3
2.7319466117E+0	2.9933478278E+0	4.3246033825E-3
2.7362615009E+0	2.9607221575E+0	4.3051628919E-3
2.7405569135E+0	2.9282784607E+0	4.2856504563E-3
2.7448327779E+0	2.8960163109E+0	4.2660664016E-3
2.7490890226E+0	2.8639353710E+0	4.2464110553E-3
2.7533255764E+0	2.8320353902E+0	4.2266847457E-3
2.7575423685E+0	2.8003161916E+0	4.2068878026E-3
2.7617393285E+0	2.7687776507E+0	4.1870205567E-3
2.7659163863E+0	2.7374196695E+0	4.1670833400E-3
2.7700734720E+0	2.7062421494E+0	4.1470764858E-3
2.7742105162E+0	2.6752449674E+0	4.1270003283E-3
2.7783274497E+0	2.6444279581E+0	4.1068552032E-3
2.7824242037E+0	2.6137909035E+0	4.0866414469E-3
2.7865007098E+0	2.5833335319E+0	4.0663593974E-3
2.7905568999E+0	2.5530555243E+0	4.0460093936E-3
2.7945927061E+0	2.5229565287E+0	4.0255917754E-3
2.7986080610E+0	2.4930361774E+0	4.0051068843E-3
2.8026028975E+0	2.4632941077E+0	3.9845550624E-3
2.8065771489E+0	2.4337299803E+0	3.9639366533E-3
2.8105307487E+0	2.4043434952E+0	3.9432520014E-3
2.8144636309E+0	2.3751344029E+0	3.9225014525E-3
2.8183757298E+0	2.3461025090E+0	3.9016853533E-3
2.8222669799E+0	2.3172476732E+0	3.8808040517E-3
2.8261373163E+0	2.2885698025E+0	3.8598578967E-3
2.8299866742E+0	2.2600688404E+0	3.8388472382E-3
2.8338149894E+0	2.2317447535E+0	3.8177724274E-3
2.8376221978E+0	2.2035975166E+0	3.7966338166E-3
2.8414082359E+0	2.1756270998E+0	3.7754317588E-3
2.8451730403E+0	2.1478334566E+0	3.7541666086E-3
2.8489165482E+0	2.1202165165E+0	3.7328387211E-3
2.8526386969E+0	2.0927761810E+0	3.7114484529E-3
2.8563394244E+0	2.0655123240E+0	3.6899961614E-3
2.8600186687E+0	2.0384247959E+0	3.6684822051E-3
2.8636763684E+0	2.0115134305E+0	3.6469069436E-3
2.8673124623E+0	1.9847780537E+0	3.6252707373E-3
2.8709268897E+0	1.9582184939E+0	3.6035739479E-3
2.8745195901E+0	1.9318345909E+0	3.5818169379E-3
2.8780905036E+0	1.9056262045E+0	3.5600000709E-3
2.8816395704E+0	1.8795932207E+0	3.5381237115E-3
2.8851667313E+0	1.8537355555E+0	3.5161882254E-3
2.8886719273E+0	1.8280531558E+0	3.4941939790E-3
2.8921550998E+0	1.8025459984E+0	3.4721413399E-3
2.8956161906E+0	1.7772140861E+0	3.4500306767E-3
2.8990551419E+0	1.7520574424E+0	3.4278623588E-3
2.9024718962E+0	1.7270761053E+0	3.4056367567E-3
2.9058663965E+0	1.7022701207E+0	3.3833542419E-3
2.9092385859E+0	1.6776395361E+0	3.3610151867E-3
2.9125884081E+0	1.6531843950E+0	3.3386199643E-3
2.9159158072E+0	1.6289047327E+0	3.3161689492E-3
2.9192207275E+0	1.6048005737E+0	3.2936625164E-3
2.9225031139E+0	1.5808719308E+0	3.2711010421E-3
2.9257629114E+0	1.5571188052E+0	3.2484849032E-3
2.9290000656E+0	1.5335411887E+0	3.2258144779E-3
2.9322145224E+0	1.5101390666E+0	3.2030901448E-3
2.9354062280E+0	1.4869124212E+0	3.1803122838E-3
2.9385751292E+0	1.4638612358E+0	3.1574812755E-3
2.9417211730E+0	1.4409854988E+0	3.1345975014E-3
2.9448443068E+0	1.4182852070E+0	3.1116613440E-3
2.9479444784E+0	1.3957603688E+0	3.0886731866E-3
2.9510216360E+0	1.3734110062E+0	3.0656334132E-3
2.9540757281E+0	1.3512371560E+0	3.0425424091E-3
2.9571067038E+0	1.3292388702E+0	3.0194005599E-3
2.9601145124E+0	1.3074162154E+0	2.9962082525E-3
2.9630991036E+0	1.2857692716E+0	2.9729658744E-3
2.9660604276E+0	1.2642981300E+0	2.9496738141E-3
2.9689984348E+0	1.2430028914E+0	2.9263324607E-3
2.9719130762E+0	1.2218836630E+0	2.9029422044E-3
2.9748043031E+0	1.2009405564E+0	2.8795034361E-3
2.9776720671E+0	1.1801736851E+0	2.8560165473E-3
2.9805163203E+0	1.1595831629E+0	2.8324819307E-3
2.9833370151E+0	1.1391691017E+0	2.8088999795E-3
2.9861341046E+0	1.1189316108E+0	2.7852710878E-3
2.9889075418E+0	1.0988707961E+0	2.7615956505E-3
2.9916572805E+0	1.0789867601E+0	2.7378740632E-3
2.9943832747E+0	1.0592796020E+0	2.7141067224E-3
2.9970854788E+0	1.0397494183E+0	2.6902940251E-3
2.9997638477E+0	1.0203963036E+0	2.6664363695E-3
3.0024183367E+0	1.0012203521E+0	2.6425341541E-3
3.0050489013E+0	9.8222165835E-1	2.6185877784E-3
3.0076554977E+0	9.6340031845E-1	2.5945976426E-3
3.0102380822E+0	9.4475643136E-1	2.5705641475E-3
3.0127966116E+0	9.2629009974E-1	2.5464876949E-3
3.0153310434E+0	9.0800143073E-1	2.5223686871E-3
3.0178413350E+0	8.8989053660E-1	2.4982075270E-3
3.0203274445E+0	8.7195753502E-1	2.4740046186E-3
3.0227893304E+0	8.5420254924E-1	2.4497603662E-3
3.0252269516E+0	8.3662570802E-1	2.4254751751E-3
3.0276402673E+0	8.1922714531E-1	2.4011494510E-3
3.0300292371E+0	8.0200699986E-1	2.3767836004E-3
3.0323938212E+0	7.8496541467E-1	2.3523780306E-3
3.0347339801E+0	7.6810253637E-1	2.3279331494E-3
3.0370496746E+0	7.5141851452E-1	2.3034493653E-3
3.0393408660E+0	7.3491350096E-1	2.2789270875E-3
3.0416075160E+0	7.1858764913E-1	2.2543667257E-3
3.0438495869E+0	7.0244111348E-1	2.2297686905E-3
3.0460670410E+0	6.8647404890E-1	2.2051333928E-3
3.0482598414E+0	6.7068661025E-1	2.1804612443E-3
3.0504279513E+0	6.5507895201E-1	2.1557526574E-3
3.0525713347E+0	6.3965122799E-1	2.1310080450E-3
3.0546899556E+0	6.2440359113E-1	2.1062278206E-3
3.0567837786E+0	6.0933619336E-1	2.0814123983E-3
3.0588527688E+0	5.9444918564E-1	2.0565621928E-3
3.0608968915E+0	5.7974271789E-1	2.0316776194E-3
3.0629161127E+0	5.6521693917E-1	2.0067590939E-3
3.0649103985E+0	5.5087199770E-1	1.9818070327E-3
3.0668797157E+0	5.3670804108E-1	1.9568218529E-3
3.0688240313E+0	5.2272521639E-1	1.9318039720E-3
3.0707433129E+0	5.0892367037E-1	1.9067538080E-3
3.0726375283E+0	4.9530354956E-1	1.8816717796E-3
3.0745066460E+0	4.8186500042E-1	1.8565583060E-3
3.0763506346E+0	4.6860816946E-1	1.8314138067E-3
3.0781694634E+0	4.5553320332E-1	1.8062387021E-3
3.0799631019E+0	4.4264024881E-1	1.7810334128E-3
3.0817315203E+0	4.2992945294E-1	1.7557983600E-3
3.0834746889E+0	4.1740096291E-1	1.7305339655E-3
3.0851925786E+0	4.0505492613E-1	1.7052406515E-3
3.0868851607E+0	3.9289149007E-1	1.6799188405E-3
3.0885524069E+0	3.8091080228E-1	1.6545689559E-3
3.0901942894E+0	3.6911301023E-1	1.6291914212E-3
3.0918107807E+0	3.5749826122E-1	1.6037866605E-3
3.0934018538E+0	3.4606670224E-1	1.5783550984E-3
3.0949674821E+0	3.3481847988E-1	1.5528971598E-3
3.0965076394E+0	3.2375374013E-1	1.5274132703E-3
3.0980223001E+0	3.1287262831E-1	1.5019038556E-3
3.0995114388E+0	3.0217528888E-1	1.4763693421E-3
3.1009750306E+0	2.9166186533E-1	1.4508101565E-3
3.1024130510E+0	2.8133250006E-1	1.4252267258E-3
3.1038254761E+0	2.7118733421E-1	1.3996194778E-3
3.1052122822E+0	2.6122650763E-1	1.3739888402E-3
3.1065734461E+0	2.5145015867E-1	1.3483352414E-3
3.1079089451E+0	2.4185842418E-1	1.3226591101E-3
3.1092187570E+0	2.3245143934E-1	1.2969608754E-3
3.1105028597E+0	2.2322933761E-1	1.2712409668E-3
3.1117612318E+0	2.1419225067E-1	1.2454998140E-3
3.1129938524E+0	2.0534030834E-1	1.2197378472E-3
3.1142007007E+0	1.9667363850E-1	1.1939554970E-3
3.1153817567E+0	1.8819236704E-1	1.1681531941E-3
3.1165370006E+0	1.7989661786E-1	1.1423313699E-3
3.1176664131E+0	1.7178651274E-1	1.1164904558E-3
3.1187699753E+0	1.6386217136E-1	1.0906308836E-3
3.1198476688E+0	1.5612371125E-1	1.0647530855E-3
3.1208994755E+0	1.4857124773E-1	1.0388574939E-3
3.1219253780E+0	1.4120489389E-1	1.0129445417E-3
3.1229253590E+0	1.3402476057E-1	9.8701466182E-4
3.1238994018E+0	1.2703095629E-1	9.6106828758E-4
3.1248474902E+0	1.2022358727E-1	9.3510585261E-4
3.1257696083E+0	1.1360275735E-1	9.0912779076E-4
3.1266657407E+0	1.0716856797E-1	8.8313453619E-4
3.1275358724E+0	1.0092111818E-1	8.5712652325E-4
3.1283799890E+0	9.4860504534E-2	8.3110418659E-4
3.1291980762E+0	8.8986821135E-2	8.0506796108E-4
3.1299901204E+0	8.3300159548E-2	7.7901828182E-4
3.1307561084E+0	7.7800608796E-2	7.5295558414E-4
3.1314960274E+0	7.2488255318E-2	7.2688030358E-4
3.1322098650E+0	6.7363182942E-2	7.0079287589E-4
3.1328976092E+0	6.2425472852E-2	6.7469373705E-4
3.1335592487E+0	5.7675203556E-2	6.4858332323E-4
3.1341947723E+0	5.3112450855E-2	6.2246207073E-4
3.1348041694E+0	4.8737287814E-2	5.9633041614E-4
3.1353874298E+0	4.4549784733E-2	5.7018879612E-4
3.1359445438E+0	4.0550009114E-2	5.4403764760E-4
3.1364755020E+0	3.6738025635E-2	5.1787740760E-4
3.1369802957E+0	3.3113896122E-2	4.9170851331E-4
3.1374589163E+0	2.9677679524E-2	4.6553140213E-4
3.1379113559E+0	2.6429431883E-2	4.3934651156E-4
3.1383376069E+0	2.3369206312E-2	4.1315427928E-4
3.1387376622E+0	2.0497052973E-2	3.8695514312E-4
3.1391115150E+0	1.7813019049E-2	3.6074954110E-4
3.1394591592E+0	1.5317148728E-2	3.3453791144E-4
3.1397805890E+0	1.3009483178E-2	3.0832069259E-4
3.1400757989E+0	1.0890060530E-2	2.8209832342E-4
3.1403447841E+0	8.9589158578E-3	2.5587124334E-4
3.1405875400E+0	7.2160811538E-3	2.2963989267E-4
3.1408040626E+0	5.6615853102E-3	2.0340471372E-4
3.1409943483E+0	4.2954540835E-3	1.7716615272E-4
3.1411583939E+0	3.1177100394E-3	1.5092466531E-4
3.1412961968E+0	2.1283724275E-3	1.2468073282E-4
3.1414077547E+0	1.3274568291E-3	9.8434919423E-5
3.1414930663E+0	7.1497385502E-4	7.2188137769E-5
3.1415521316E+0	2.9092219538E-4	4.5943520243E-5
3.1415849628E+0	5.5214746216E-5	1.9736940383E-5