# Differential cross section		
# Author: P. Swaczyna	Princeton University	(swaczyna@princeton.edu)
# Date: 	Fri 4 Dec 2020 01:21:23	
# 		
# Elastic collision: H^0 + He^0 -> H^0 + He^0		
# 		
# Red. mass: 	7.5005505498E+8	 eV/c^2
# CM energy: 	5.0699070827E-3	 eV
# Rel speed: 	1.1022728986E+5	 cm/s
# Tot sigma: 	2.4125574549E+2	 a.u.
# Int sigma: 	2.4125574549E+2	 a.u.
# 		
# Columns:		
# the <- scattering angle (rad)		
# dcs <- dsigma/dOmega*2*pi*sin(the) (a.u. = 2.8002852056E-17 cm^2)		
# wei <- weight for cross section integration (approx. width of angle bin)		
# 		
# the	dcs	wei
7.6907532846E-6	1.3074119251E-2	1.9736940383E-5
4.0521979771E-5	6.8886514935E-2	4.5943520243E-5
9.9587300392E-5	1.6929631197E-1	7.2188137769E-5
1.8489884726E-4	3.1432409991E-1	9.8434919423E-5
2.9645680168E-4	5.0397008924E-1	1.2468073282E-4
4.3425968311E-4	7.3823155080E-1	1.5092466531E-4
5.9830531657E-4	1.0171043925E+0	1.7716615272E-4
7.8859101285E-4	1.3405833826E+0	2.0340471372E-4
1.0051136166E-3	1.7086621313E+0	2.2963989267E-4
1.2478695220E-3	2.1213330035E+0	2.5587124334E-4
1.5168546797E-3	2.5785869976E+0	2.8209832342E-4
1.8120645986E-3	3.0804136041E+0	3.0832069259E-4
2.1334943481E-3	3.6268006450E+0	3.3453791144E-4
2.4811385584E-3	4.2177340972E+0	3.6074954110E-4
2.8549914211E-3	4.8531978990E+0	3.8695514312E-4
3.2550466893E-3	5.5331737417E+0	4.1315427928E-4
3.6812976783E-3	6.2576408445E+0	4.3934651156E-4
4.1337372652E-3	7.0265757152E+0	4.6553140213E-4
4.6123578895E-3	7.8399518939E+0	4.9170851331E-4
5.1171515529E-3	8.6977396828E+0	5.1787740760E-4
5.6481098199E-3	9.5999058599E+0	5.4403764760E-4
6.2052238176E-3	1.0546413378E+1	5.7018879612E-4
6.7884842360E-3	1.1537221050E+1	5.9633041614E-4
7.3978813281E-3	1.2572283216E+1	6.2246207073E-4
8.0334049101E-3	1.3651549397E+1	6.4858332323E-4
8.6950443616E-3	1.4774963939E+1	6.7469373705E-4
9.3827886258E-3	1.5942465636E+1	7.0079287589E-4
1.0096626210E-2	1.7153987339E+1	7.2688030358E-4
1.0836545184E-2	1.8409455557E+1	7.5295558414E-4
1.1602533184E-2	1.9708790040E+1	7.7901828182E-4
1.2394577408E-2	2.1051903345E+1	8.0506796108E-4
1.3212664621E-2	2.2438700398E+1	8.3110418659E-4
1.4056781152E-2	2.3869078034E+1	8.5712652325E-4
1.4926912893E-2	2.5342924527E+1	8.8313453619E-4
1.5823045305E-2	2.6860119109E+1	9.0912779076E-4
1.6745163410E-2	2.8420531478E+1	9.3510585261E-4
1.7693251801E-2	3.0024021286E+1	9.6106828758E-4
1.8667294632E-2	3.1670437629E+1	9.8701466182E-4
1.9667275626E-2	3.3359618511E+1	1.0129445417E-3
2.0693178073E-2	3.5091390306E+1	1.0388574939E-3
2.1744984827E-2	3.6865567211E+1	1.0647530855E-3
2.2822678313E-2	3.8681950683E+1	1.0906308836E-3
2.3926240519E-2	4.0540328872E+1	1.1164904558E-3
2.5055653005E-2	4.2440476036E+1	1.1423313699E-3
2.6210896896E-2	4.4382151966E+1	1.1681531941E-3
2.7391952886E-2	4.6365101379E+1	1.1939554970E-3
2.8598801239E-2	4.8389053323E+1	1.2197378472E-3
2.9831421786E-2	5.0453720569E+1	1.2454998140E-3
3.1089793929E-2	5.2558798993E+1	1.2712409668E-3
3.2373896638E-2	5.4703966959E+1	1.2969608754E-3
3.3683708455E-2	5.6888884691E+1	1.3226591101E-3
3.5019207490E-2	5.9113193651E+1	1.3483352414E-3
3.6380371427E-2	6.1376515903E+1	1.3739888402E-3
3.7767177517E-2	6.3678453481E+1	1.3996194778E-3
3.9179602586E-2	6.6018587755E+1	1.4252267258E-3
4.0617623030E-2	6.8396478797E+1	1.4508101565E-3
4.2081214817E-2	7.0811664743E+1	1.4763693421E-3
4.3570353490E-2	7.3263661163E+1	1.5019038556E-3
4.5085014162E-2	7.5751960431E+1	1.5274132703E-3
4.6625171522E-2	7.8276031097E+1	1.5528971598E-3
4.8190799831E-2	8.0835317264E+1	1.5783550984E-3
4.9781872927E-2	8.3429237972E+1	1.6037866605E-3
5.1398364219E-2	8.6057186591E+1	1.6291914212E-3
5.3040246694E-2	8.8718530214E+1	1.6545689559E-3
5.4707492914E-2	9.1412609073E+1	1.6799188405E-3
5.6400075017E-2	9.4138735951E+1	1.7052406515E-3
5.8117964718E-2	9.6896195615E+1	1.7305339655E-3
5.9861133308E-2	9.9684244262E+1	1.7557983600E-3
6.1629551657E-2	1.0250210897E+2	1.7810334128E-3
6.3423190212E-2	1.0534898720E+2	1.8062387021E-3
6.5242019000E-2	1.0822404624E+2	1.8314138067E-3
6.7086007624E-2	1.1112642275E+2	1.8565583060E-3
6.8955125270E-2	1.1405522232E+2	1.8816717796E-3
7.0849340702E-2	1.1700951896E+2	1.9067538080E-3
7.2768622264E-2	1.1998835473E+2	1.9318039720E-3
7.4712937885E-2	1.2299073932E+2	1.9568218529E-3
7.6682255070E-2	1.2601564970E+2	1.9818070327E-3
7.8676540910E-2	1.2906202976E+2	2.0067590939E-3
8.0695762079E-2	1.3212879002E+2	2.0316776194E-3
8.2739884832E-2	1.3521480732E+2	2.0565621928E-3
8.4808875009E-2	1.3831892464E+2	2.0814123983E-3
8.6902698034E-2	1.4143995082E+2	2.1062278206E-3
8.9021318917E-2	1.4457666043E+2	2.1310080450E-3
9.1164702253E-2	1.4772779366E+2	2.1557526574E-3
9.3332812224E-2	1.5089205617E+2	2.1804612443E-3
9.5525612596E-2	1.5406811910E+2	2.2051333928E-3
9.7743066726E-2	1.5725461903E+2	2.2297686905E-3
9.9985137556E-2	1.6045015806E+2	2.2543667257E-3
1.0225178762E-1	1.6365330389E+2	2.2789270875E-3
1.0454297904E-1	1.6686258993E+2	2.3034493653E-3
1.0685867352E-1	1.7007651554E+2	2.3279331494E-3
1.0919883237E-1	1.7329354628E+2	2.3523780306E-3
1.1156341648E-1	1.7651211418E+2	2.3767836004E-3
1.1395238633E-1	1.7973061811E+2	2.4011494510E-3
1.1636570200E-1	1.8294742423E+2	2.4254751751E-3
1.1880332317E-1	1.8616086642E+2	2.4497603662E-3
1.2126520909E-1	1.8936924689E+2	2.4740046186E-3
1.2375131862E-1	1.9257083670E+2	2.4982075270E-3
1.2626161023E-1	1.9576387650E+2	2.5223686871E-3
1.2879604195E-1	1.9894657725E+2	2.5464876949E-3
1.3135457143E-1	2.0211712099E+2	2.5705641475E-3
1.3393715592E-1	2.0527366174E+2	2.5945976426E-3
1.3654375226E-1	2.0841432646E+2	2.6185877784E-3
1.3917431689E-1	2.1153721601E+2	2.6425341541E-3
1.4182880585E-1	2.1464040630E+2	2.6664363695E-3
1.4450717478E-1	2.1772194939E+2	2.6902940251E-3
1.4720937892E-1	2.2077987476E+2	2.7141067224E-3
1.4993537310E-1	2.2381219060E+2	2.7378740632E-3
1.5268511179E-1	2.2681688519E+2	2.7615956505E-3
1.5545854902E-1	2.2979192836E+2	2.7852710878E-3
1.5825563845E-1	2.3273527303E+2	2.8088999795E-3
1.6107633333E-1	2.3564485680E+2	2.8324819307E-3
1.6392058653E-1	2.3851860365E+2	2.8560165473E-3
1.6678835052E-1	2.4135442571E+2	2.8795034361E-3
1.6967957737E-1	2.4415022504E+2	2.9029422044E-3
1.7259421876E-1	2.4690389561E+2	2.9263324607E-3
1.7553222599E-1	2.4961332523E+2	2.9496738141E-3
1.7849354996E-1	2.5227639766E+2	2.9729658744E-3
1.8147814117E-1	2.5489099467E+2	2.9962082525E-3
1.8448594977E-1	2.5745499832E+2	3.0194005599E-3
1.8751692548E-1	2.5996629315E+2	3.0425424091E-3
1.9057101764E-1	2.6242276859E+2	3.0656334132E-3
1.9364817522E-1	2.6482232134E+2	3.0886731866E-3
1.9674834681E-1	2.6716285781E+2	3.1116613440E-3
1.9987148058E-1	2.6944229671E+2	3.1345975014E-3
2.0301752435E-1	2.7165857160E+2	3.1574812755E-3
2.0618642554E-1	2.7380963356E+2	3.1803122838E-3
2.0937813120E-1	2.7589345389E+2	3.2030901448E-3
2.1259258799E-1	2.7790802685E+2	3.2258144779E-3
2.1582974219E-1	2.7985137251E+2	3.2484849032E-3
2.1908953970E-1	2.8172153956E+2	3.2711010421E-3
2.2237192605E-1	2.8351660819E+2	3.2936625164E-3
2.2567684639E-1	2.8523469307E+2	3.3161689492E-3
2.2900424548E-1	2.8687394626E+2	3.3386199643E-3
2.3235406772E-1	2.8843256022E+2	3.3610151867E-3
2.3572625713E-1	2.8990877084E+2	3.3833542419E-3
2.3912075735E-1	2.9130086041E+2	3.4056367567E-3
2.4253751167E-1	2.9260716075E+2	3.4278623588E-3
2.4597646298E-1	2.9382605620E+2	3.4500306767E-3
2.4943755380E-1	2.9495598669E+2	3.4721413399E-3
2.5292072631E-1	2.9599545082E+2	3.4941939790E-3
2.5642592230E-1	2.9694300886E+2	3.5161882254E-3
2.5995308318E-1	2.9779728585E+2	3.5381237115E-3
2.6350215001E-1	2.9855697454E+2	3.5600000709E-3
2.6707306349E-1	2.9922083841E+2	3.5818169379E-3
2.7066576394E-1	2.9978771461E+2	3.6035739479E-3
2.7428019131E-1	3.0025651690E+2	3.6252707373E-3
2.7791628522E-1	3.0062623844E+2	3.6469069436E-3
2.8157398488E-1	3.0089595470E+2	3.6684822051E-3
2.8525322919E-1	3.0106482611E+2	3.6899961614E-3
2.8895395665E-1	3.0113210081E+2	3.7114484529E-3
2.9267610542E-1	3.0109711721E+2	3.7328387211E-3
2.9641961330E-1	3.0095930655E+2	3.7541666086E-3
3.0018441773E-1	3.0071819529E+2	3.7754317588E-3
3.0397045579E-1	3.0037340748E+2	3.7966338166E-3
3.0777766421E-1	2.9992466698E+2	3.8177724274E-3
3.1160597938E-1	2.9937179955E+2	3.8388472382E-3
3.1545533730E-1	2.9871473489E+2	3.8598578967E-3
3.1932567367E-1	2.9795350849E+2	3.8808040517E-3
3.2321692379E-1	2.9708826339E+2	3.9016853533E-3
3.2712902264E-1	2.9611925172E+2	3.9225014525E-3
3.3106190484E-1	2.9504683623E+2	3.9432520014E-3
3.3501550468E-1	2.9387149153E+2	3.9639366533E-3
3.3898975607E-1	2.9259380525E+2	3.9845550624E-3
3.4298459261E-1	2.9121447899E+2	4.0051068843E-3
3.4699994753E-1	2.8973432913E+2	4.0255917754E-3
3.5103575373E-1	2.8815428744E+2	4.0460093936E-3
3.5509194378E-1	2.8647540151E+2	4.0663593974E-3
3.5916844988E-1	2.8469883498E+2	4.0866414469E-3
3.6326520391E-1	2.8282586759E+2	4.1068552032E-3
3.6738213741E-1	2.8085789501E+2	4.1270003283E-3
3.7151918157E-1	2.7879642850E+2	4.1470764858E-3
3.7567626728E-1	2.7664309432E+2	4.1670833400E-3
3.7985332504E-1	2.7439963294E+2	4.1870205567E-3
3.8405028507E-1	2.7206789806E+2	4.2068878026E-3
3.8826707721E-1	2.6964985535E+2	4.2266847457E-3
3.9250363101E-1	2.6714758106E+2	4.2464110553E-3
3.9675987567E-1	2.6456326032E+2	4.2660664016E-3
4.0103574005E-1	2.6189918525E+2	4.2856504563E-3
4.0533115271E-1	2.5915775288E+2	4.3051628919E-3
4.0964604185E-1	2.5634146275E+2	4.3246033825E-3
4.1398033538E-1	2.5345291441E+2	4.3439716031E-3
4.1833396086E-1	2.5049480459E+2	4.3632672302E-3
4.2270684554E-1	2.4746992423E+2	4.3824899412E-3
4.2709891633E-1	2.4438115518E+2	4.4016394148E-3
4.3151009985E-1	2.4123146681E+2	4.4207153312E-3
4.3594032237E-1	2.3802391234E+2	4.4397173715E-3
4.4038950986E-1	2.3476162493E+2	4.4586452181E-3
4.4485758797E-1	2.3144781365E+2	4.4774985548E-3
4.4934448203E-1	2.2808575913E+2	4.4962770664E-3
4.5385011706E-1	2.2467880917E+2	4.5149804392E-3
4.5837441776E-1	2.2123037399E+2	4.5336083606E-3
4.6291730852E-1	2.1774392143E+2	4.5521605193E-3
4.6747871344E-1	2.1422297195E+2	4.5706366053E-3
4.7205855627E-1	2.1067109338E+2	4.5890363098E-3
4.7665676049E-1	2.0709189562E+2	4.6073593254E-3
4.8127324926E-1	2.0348902516E+2	4.6256053458E-3
4.8590794542E-1	1.9986615942E+2	4.6437740661E-3
4.9056077152E-1	1.9622700100E+2	4.6618651826E-3
4.9523164982E-1	1.9257527186E+2	4.6798783932E-3
4.9992050224E-1	1.8891470729E+2	4.6978133967E-3
5.0462725044E-1	1.8524904988E+2	4.7156698934E-3
5.0935181576E-1	1.8158204337E+2	4.7334475849E-3
5.1409411924E-1	1.7791742643E+2	4.7511461741E-3
5.1885408164E-1	1.7425892644E+2	4.7687653653E-3
5.2363162341E-1	1.7061025317E+2	4.7863048641E-3
5.2842666471E-1	1.6697509244E+2	4.8037643772E-3
5.3323912540E-1	1.6335709984E+2	4.8211436130E-3
5.3806892508E-1	1.5975989438E+2	4.8384422809E-3
5.4291598301E-1	1.5618705218E+2	4.8556600920E-3
5.4778021821E-1	1.5264210022E+2	4.8727967585E-3
5.5266154939E-1	1.4912851013E+2	4.8898519940E-3
5.5755989496E-1	1.4564969205E+2	4.9068255135E-3
5.6247517308E-1	1.4220898855E+2	4.9237170334E-3
5.6740730160E-1	1.3880966866E+2	4.9405262713E-3
5.7235619810E-1	1.3545492206E+2	4.9572529464E-3
5.7732177988E-1	1.3214785330E+2	4.9738967791E-3
5.8230396395E-1	1.2889147629E+2	4.9904574913E-3
5.8730266706E-1	1.2568870884E+2	5.0069348063E-3
5.9231780568E-1	1.2254236741E+2	5.0233284486E-3
5.9734929598E-1	1.1945516212E+2	5.0396381444E-3
6.0239705389E-1	1.1642969182E+2	5.0558636210E-3
6.0746099506E-1	1.1346843952E+2	5.0720046074E-3
6.1254103485E-1	1.1057376795E+2	5.0880608338E-3
6.1763708838E-1	1.0774791546E+2	5.1040320318E-3
6.2274907048E-1	1.0499299204E+2	5.1199179345E-3
6.2787689573E-1	1.0231097575E+2	5.1357182766E-3
6.3302047843E-1	9.9703709346E+1	5.1514327939E-3
6.3817973262E-1	9.7172897203E+1	5.1670612238E-3
6.4335457209E-1	9.4720102567E+1	5.1826033052E-3
6.4854491036E-1	9.2346745092E+1	5.1980587783E-3
6.5375066070E-1	9.0054098695E+1	5.2134273849E-3
6.5897173609E-1	8.7843289742E+1	5.2287088681E-3
6.6420804930E-1	8.5715295554E+1	5.2439029725E-3
6.6945951283E-1	8.3670943261E+1	5.2590094442E-3
6.7472603890E-1	8.1710908983E+1	5.2740280309E-3
6.8000753951E-1	7.9835717364E+1	5.2889584814E-3
6.8530392640E-1	7.8045741447E+1	5.3038005463E-3
6.9061511106E-1	7.6341202896E+1	5.3185539776E-3
6.9594100473E-1	7.4722172573E+1	5.3332185287E-3
7.0128151841E-1	7.3188571455E+1	5.3477939546E-3
7.0663656285E-1	7.1740171903E+1	5.3622800116E-3
7.1200604856E-1	7.0376599273E+1	5.3766764577E-3
7.1738988581E-1	6.9097333865E+1	5.3909830523E-3
7.2278798463E-1	6.7901713216E+1	5.4051995564E-3
7.2820025482E-1	6.6788934711E+1	5.4193257323E-3
7.3362660591E-1	6.5758058529E+1	5.4333613439E-3
7.3906694724E-1	6.4808010900E+1	5.4473061568E-3
7.4452118788E-1	6.3937587670E+1	5.4611599379E-3
7.4998923669E-1	6.3145458159E+1	5.4749224557E-3
7.5547100229E-1	6.2430169320E+1	5.4885934801E-3
7.6096639308E-1	6.1790150154E+1	5.5021727828E-3
7.6647531721E-1	6.1223716409E+1	5.5156601367E-3
7.7199768263E-1	6.0729075513E+1	5.5290553166E-3
7.7753339704E-1	6.0304331752E+1	5.5423580985E-3
7.8308236795E-1	5.9947491666E+1	5.5555682601E-3
7.8864450262E-1	5.9656469656E+1	5.5686855808E-3
7.9421970809E-1	5.9429093775E+1	5.5817098412E-3
7.9980789121E-1	5.9263111695E+1	5.5946408237E-3
8.0540895857E-1	5.9156196831E+1	5.6074783123E-3
8.1102281659E-1	5.9105954602E+1	5.6202220924E-3
8.1664937145E-1	5.9109928816E+1	5.6328719509E-3
8.2228852912E-1	5.9165608148E+1	5.6454276767E-3
8.2794019536E-1	5.9270432713E+1	5.6578890597E-3
8.3360427572E-1	5.9421800693E+1	5.6702558918E-3
8.3928067556E-1	5.9617075011E+1	5.6825279663E-3
8.4496930000E-1	5.9853590036E+1	5.6947050782E-3
8.5067005399E-1	6.0128658284E+1	5.7067870238E-3
8.5638284226E-1	6.0439577115E+1	5.7187736014E-3
8.6210756934E-1	6.0783635388E+1	5.7306646105E-3
8.6784413956E-1	6.1158120076E+1	5.7424598526E-3
8.7359245705E-1	6.1560322797E+1	5.7541591304E-3
8.7935242576E-1	6.1987546264E+1	5.7657622485E-3
8.8512394943E-1	6.2437110627E+1	5.7772690129E-3
8.9090693161E-1	6.2906359688E+1	5.7886792314E-3
8.9670127565E-1	6.3392666972E+1	5.7999927133E-3
9.0250688473E-1	6.3893441641E+1	5.8112092696E-3
9.0832366182E-1	6.4406134234E+1	5.8223287127E-3
9.1415150972E-1	6.4928242211E+1	5.8333508568E-3
9.1999033104E-1	6.5457315299E+1	5.8442755178E-3
9.2584002820E-1	6.5990960610E+1	5.8551025132E-3
9.3170050345E-1	6.6526847535E+1	5.8658316618E-3
9.3757165885E-1	6.7062712383E+1	5.8764627846E-3
9.4345339628E-1	6.7596362775E+1	5.8869957037E-3
9.4934561746E-1	6.8125681766E+1	5.8974302433E-3
9.5524822392E-1	6.8648631686E+1	5.9077662288E-3
9.6116111701E-1	6.9163257703E+1	5.9180034877E-3
9.6708419793E-1	6.9667691096E+1	5.9281418487E-3
9.7301736769E-1	7.0160152220E+1	5.9381811425E-3
9.7896052713E-1	7.0638953179E+1	5.9481212013E-3
9.8491357695E-1	7.1102500179E+1	5.9579618591E-3
9.9087641766E-1	7.1549295579E+1	5.9677029512E-3
9.9684894961E-1	7.1977939626E+1	5.9773443150E-3
1.0028310730E+0	7.2387131877E+1	5.9868857894E-3
1.0088226878E+0	7.2775672301E+1	5.9963272149E-3
1.0148236940E+0	7.3142462074E+1	6.0056684336E-3
1.0208339913E+0	7.3486504064E+1	6.0149092896E-3
1.0268534791E+0	7.3806903004E+1	6.0240496283E-3
1.0328820570E+0	7.4102865365E+1	6.0330892971E-3
1.0389196241E+0	7.4373698927E+1	6.0420281448E-3
1.0449660796E+0	7.4618812064E+1	6.0508660221E-3
1.0510213224E+0	7.4837712738E+1	6.0596027814E-3
1.0570852514E+0	7.5030007224E+1	6.0682382765E-3
1.0631577652E+0	7.5195398558E+1	6.0767723631E-3
1.0692387623E+0	7.5333684731E+1	6.0852048988E-3
1.0753281411E+0	7.5444756642E+1	6.0935357425E-3
1.0814257998E+0	7.5528595799E+1	6.1017647550E-3
1.0875316366E+0	7.5585271811E+1	6.1098917988E-3
1.0936455494E+0	7.5614939654E+1	6.1179167381E-3
1.0997674360E+0	7.5617836751E+1	6.1258394388E-3
1.1058971941E+0	7.5594279851E+1	6.1336597685E-3
1.1120347214E+0	7.5544661750E+1	6.1413775965E-3
1.1181799151E+0	7.5469447841E+1	6.1489927938E-3
1.1243326727E+0	7.5369172533E+1	6.1565052331E-3
1.1304928913E+0	7.5244435526E+1	6.1639147890E-3
1.1366604679E+0	7.5095897992E+1	6.1712213376E-3
1.1428352996E+0	7.4924278635E+1	6.1784247568E-3
1.1490172830E+0	7.4730349689E+1	6.1855249261E-3
1.1552063150E+0	7.4514932830E+1	6.1925217271E-3
1.1614022920E+0	7.4278895046E+1	6.1994150427E-3
1.1676051105E+0	7.4023144465E+1	6.2062047577E-3
1.1738146669E+0	7.3748626159E+1	6.2128907587E-3
1.1800308574E+0	7.3456317943E+1	6.2194729339E-3
1.1862535782E+0	7.3147226175E+1	6.2259511734E-3
1.1924827251E+0	7.2822381584E+1	6.2323253688E-3
1.1987181942E+0	7.2482835117E+1	6.2385954138E-3
1.2049598812E+0	7.2129653853E+1	6.2447612034E-3
1.2112076818E+0	7.1763916961E+1	6.2508226346E-3
1.2174614916E+0	7.1386711736E+1	6.2567796062E-3
1.2237212062E+0	7.0999129721E+1	6.2626320186E-3
1.2299867208E+0	7.0602262918E+1	6.2683797740E-3
1.2362579308E+0	7.0197200118E+1	6.2740227763E-3
1.2425347314E+0	6.9785023327E+1	6.2795609313E-3
1.2488170177E+0	6.9366804339E+1	6.2849941464E-3
1.2551046847E+0	6.8943601425E+1	6.2903223308E-3
1.2613976273E+0	6.8516456177E+1	6.2955453954E-3
1.2676957404E+0	6.8086390493E+1	6.3006632530E-3
1.2739989187E+0	6.7654403721E+1	6.3056758180E-3
1.2803070569E+0	6.7221469965E+1	6.3105830068E-3
1.2866200496E+0	6.6788535559E+1	6.3153847371E-3
1.2929377912E+0	6.6356516704E+1	6.3200809290E-3
1.2992601762E+0	6.5926297291E+1	6.3246715037E-3
1.3055870990E+0	6.5498726892E+1	6.3291563847E-3
1.3119184537E+0	6.5074618933E+1	6.3335354970E-3
1.3182541347E+0	6.4654749054E+1	6.3378087674E-3
1.3245940360E+0	6.4239853637E+1	6.3419761245E-3
1.3309380516E+0	6.3830628528E+1	6.3460374987E-3
1.3372860756E+0	6.3427727932E+1	6.3499928220E-3
1.3436380019E+0	6.3031763490E+1	6.3538420284E-3
1.3499937243E+0	6.2643303535E+1	6.3575850535E-3
1.3563531366E+0	6.2262872514E+1	6.3612218349E-3
1.3627161325E+0	6.1890950593E+1	6.3647523117E-3
1.3690826057E+0	6.1527973420E+1	6.3681764249E-3
1.3754524499E+0	6.1174332056E+1	6.3714941173E-3
1.3818255585E+0	6.0830373062E+1	6.3747053335E-3
1.3882018250E+0	6.0496398741E+1	6.3778100198E-3
1.3945811430E+0	6.0172667527E+1	6.3808081243E-3
1.4009634057E+0	5.9859394511E+1	6.3836995970E-3
1.4073485066E+0	5.9556752112E+1	6.3864843894E-3
1.4137363389E+0	5.9264870863E+1	6.3891624551E-3
1.4201267959E+0	5.8983840330E+1	6.3917337493E-3
1.4265197708E+0	5.8713710139E+1	6.3941982290E-3
1.4329151568E+0	5.8454491107E+1	6.3965558531E-3
1.4393128469E+0	5.8206156481E+1	6.3988065821E-3
1.4457127343E+0	5.7968643257E+1	6.4009503785E-3
1.4521147120E+0	5.7741853592E+1	6.4029872063E-3
1.4585186731E+0	5.7525656283E+1	6.4049170317E-3
1.4649245104E+0	5.7319888320E+1	6.4067398222E-3
1.4713321170E+0	5.7124356493E+1	6.4084555476E-3
1.4777413858E+0	5.6938839056E+1	6.4100641790E-3
1.4841522097E+0	5.6763087427E+1	6.4115656896E-3
1.4905644815E+0	5.6596827933E+1	6.4129600544E-3
1.4969780940E+0	5.6439763576E+1	6.4142472499E-3
1.5033929402E+0	5.6291575823E+1	6.4154272548E-3
1.5098089128E+0	5.6151926408E+1	6.4165000493E-3
1.5162259046E+0	5.6020459140E+1	6.4174656154E-3
1.5226438083E+0	5.5896801714E+1	6.4183239370E-3
1.5290625167E+0	5.5780567513E+1	6.4190749998E-3
1.5354819225E+0	5.5671357391E+1	6.4197187912E-3
1.5419019185E+0	5.5568761445E+1	6.4202553005E-3
1.5483223974E+0	5.5472360756E+1	6.4206845187E-3
1.5547432518E+0	5.5381729103E+1	6.4210064386E-3
1.5611643745E+0	5.5296434635E+1	6.4212210549E-3
1.5675856581E+0	5.5216041509E+1	6.4213283639E-3
1.5740069954E+0	5.5140111478E+1	6.4213283639E-3
1.5804282791E+0	5.5068205432E+1	6.4212210549E-3
1.5868494018E+0	5.4999884881E+1	6.4210064386E-3
1.5932702562E+0	5.4934713390E+1	6.4206845187E-3
1.5996907351E+0	5.4872257943E+1	6.4202553005E-3
1.6061107310E+0	5.4812090254E+1	6.4197187912E-3
1.6125301369E+0	5.4753788008E+1	6.4190749998E-3
1.6189488453E+0	5.4696936033E+1	6.4183239370E-3
1.6253667490E+0	5.4641127408E+1	6.4174656154E-3
1.6317837408E+0	5.4585964499E+1	6.4165000493E-3
1.6381997134E+0	5.4531059922E+1	6.4154272548E-3
1.6446145595E+0	5.4476037432E+1	6.4142472499E-3
1.6510281721E+0	5.4420532748E+1	6.4129600544E-3
1.6574404439E+0	5.4364194294E+1	6.4115656896E-3
1.6638512678E+0	5.4306683879E+1	6.4100641790E-3
1.6702605366E+0	5.4247677292E+1	6.4084555476E-3
1.6766681432E+0	5.4186864837E+1	6.4067398222E-3
1.6830739805E+0	5.4123951794E+1	6.4049170317E-3
1.6894779416E+0	5.4058658804E+1	6.4029872063E-3
1.6958799193E+0	5.3990722197E+1	6.4009503785E-3
1.7022798067E+0	5.3919894247E+1	6.3988065821E-3
1.7086774968E+0	5.3845943363E+1	6.3965558531E-3
1.7150728827E+0	5.3768654216E+1	6.3941982290E-3
1.7214658576E+0	5.3687827812E+1	6.3917337493E-3
1.7278563146E+0	5.3603281501E+1	6.3891624551E-3
1.7342441470E+0	5.3514848929E+1	6.3864843894E-3
1.7406292478E+0	5.3422379941E+1	6.3836995970E-3
1.7470115106E+0	5.3325740433E+1	6.3808081243E-3
1.7533908286E+0	5.3224812151E+1	6.3778100198E-3
1.7597670951E+0	5.3119492451E+1	6.3747053335E-3
1.7661402037E+0	5.3009694013E+1	6.3714941173E-3
1.7725100479E+0	5.2895344514E+1	6.3681764249E-3
1.7788765211E+0	5.2776386270E+1	6.3647523117E-3
1.7852395170E+0	5.2652775837E+1	6.3612218349E-3
1.7915989293E+0	5.2524483585E+1	6.3575850535E-3
1.7979546517E+0	5.2391493246E+1	6.3538420284E-3
1.8043065780E+0	5.2253801429E+1	6.3499928220E-3
1.8106546020E+0	5.2111417125E+1	6.3460374987E-3
1.8169986176E+0	5.1964361177E+1	6.3419761245E-3
1.8233385189E+0	5.1812665747E+1	6.3378087674E-3
1.8296741999E+0	5.1656373761E+1	6.3335354970E-3
1.8360055546E+0	5.1495538345E+1	6.3291563847E-3
1.8423324774E+0	5.1330222250E+1	6.3246715037E-3
1.8486548624E+0	5.1160497274E+1	6.3200809290E-3
1.8549726040E+0	5.0986443676E+1	6.3153847371E-3
1.8612855967E+0	5.0808149589E+1	6.3105830068E-3
1.8675937349E+0	5.0625710435E+1	6.3056758180E-3
1.8738969132E+0	5.0439228342E+1	6.3006632530E-3
1.8801950263E+0	5.0248811562E+1	6.2955453954E-3
1.8864879689E+0	5.0054573897E+1	6.2903223308E-3
1.8927756359E+0	4.9856634137E+1	6.2849941464E-3
1.8990579222E+0	4.9655115499E+1	6.2795609313E-3
1.9053347228E+0	4.9450145084E+1	6.2740227763E-3
1.9116059328E+0	4.9241853343E+1	6.2683797740E-3
1.9178714474E+0	4.9030373558E+1	6.2626320186E-3
1.9241311620E+0	4.8815841337E+1	6.2567796062E-3
1.9303849718E+0	4.8598394125E+1	6.2508226346E-3
1.9366327724E+0	4.8378170732E+1	6.2447612034E-3
1.9428744594E+0	4.8155310881E+1	6.2385954138E-3
1.9491099285E+0	4.7929954765E+1	6.2323253688E-3
1.9553390754E+0	4.7702242641E+1	6.2259511734E-3
1.9615617961E+0	4.7472314421E+1	6.2194729339E-3
1.9677779867E+0	4.7240309304E+1	6.2128907587E-3
1.9739875431E+0	4.7006365413E+1	6.2062047577E-3
1.9801903616E+0	4.6770619459E+1	6.1994150427E-3
1.9863863386E+0	4.6533206429E+1	6.1925217271E-3
1.9925753706E+0	4.6294259286E+1	6.1855249261E-3
1.9987573540E+0	4.6053908697E+1	6.1784247568E-3
2.0049321857E+0	4.5812282779E+1	6.1712213376E-3
2.0110997623E+0	4.5569506864E+1	6.1639147890E-3
2.0172599809E+0	4.5325703290E+1	6.1565052331E-3
2.0234127385E+0	4.5080991201E+1	6.1489927938E-3
2.0295579322E+0	4.4835486381E+1	6.1413775965E-3
2.0356954595E+0	4.4589301095E+1	6.1336597685E-3
2.0418252176E+0	4.4342543952E+1	6.1258394388E-3
2.0479471042E+0	4.4095319794E+1	6.1179167381E-3
2.0540610170E+0	4.3847729590E+1	6.1098917988E-3
2.0601668538E+0	4.3599870357E+1	6.1017647550E-3
2.0662645125E+0	4.3351835093E+1	6.0935357425E-3
2.0723538913E+0	4.3103712727E+1	6.0852048988E-3
2.0784348884E+0	4.2855588084E+1	6.0767723631E-3
2.0845074022E+0	4.2607541865E+1	6.0682382765E-3
2.0905713312E+0	4.2359650641E+1	6.0596027814E-3
2.0966265740E+0	4.2111986859E+1	6.0508660221E-3
2.1026730295E+0	4.1864618862E+1	6.0420281448E-3
2.1087105966E+0	4.1617610921E+1	6.0330892971E-3
2.1147391745E+0	4.1371023274E+1	6.0240496283E-3
2.1207586623E+0	4.1124912181E+1	6.0149092896E-3
2.1267689596E+0	4.0879329985E+1	6.0056684336E-3
2.1327699657E+0	4.0634325180E+1	5.9963272149E-3
2.1387615806E+0	4.0389942497E+1	5.9868857894E-3
2.1447437040E+0	4.0146222983E+1	5.9773443150E-3
2.1507162359E+0	3.9903204095E+1	5.9677029512E-3
2.1566790766E+0	3.9660919804E+1	5.9579618591E-3
2.1626321265E+0	3.9419400695E+1	5.9481212013E-3
2.1685752859E+0	3.9178674076E+1	5.9381811425E-3
2.1745084557E+0	3.8938764095E+1	5.9281418487E-3
2.1804315366E+0	3.8699691853E+1	5.9180034877E-3
2.1863444297E+0	3.8461475528E+1	5.9077662288E-3
2.1922470361E+0	3.8224130494E+1	5.8974302433E-3
2.1981392573E+0	3.7987669445E+1	5.8869957037E-3
2.2040209947E+0	3.7752102526E+1	5.8764627846E-3
2.2098921501E+0	3.7517437454E+1	5.8658316618E-3
2.2157526254E+0	3.7283679644E+1	5.8551025132E-3
2.2216023226E+0	3.7050832344E+1	5.8442755178E-3
2.2274411439E+0	3.6818896753E+1	5.8333508568E-3
2.2332689918E+0	3.6587872152E+1	5.8223287127E-3
2.2390857689E+0	3.6357756025E+1	5.8112092696E-3
2.2448913779E+0	3.6128544187E+1	5.7999927133E-3
2.2506857220E+0	3.5900230899E+1	5.7886792314E-3
2.2564687042E+0	3.5672808994E+1	5.7772690129E-3
2.2622402278E+0	3.5446269990E+1	5.7657622485E-3
2.2680001965E+0	3.5220604203E+1	5.7541591304E-3
2.2737485140E+0	3.4995800863E+1	5.7424598526E-3
2.2794850843E+0	3.4771848218E+1	5.7306646105E-3
2.2852098113E+0	3.4548733644E+1	5.7187736014E-3
2.2909225996E+0	3.4326443743E+1	5.7067870238E-3
2.2966233536E+0	3.4104964441E+1	5.6947050782E-3
2.3023119780E+0	3.3884281089E+1	5.6825279663E-3
2.3079883779E+0	3.3664378546E+1	5.6702558918E-3
2.3136524582E+0	3.3445241276E+1	5.6578890597E-3
2.3193041245E+0	3.3226853421E+1	5.6454276767E-3
2.3249432821E+0	3.3009198891E+1	5.6328719509E-3
2.3305698370E+0	3.2792261433E+1	5.6202220924E-3
2.3361836950E+0	3.2576024706E+1	5.6074783123E-3
2.3417847624E+0	3.2360472351E+1	5.5946408237E-3
2.3473729455E+0	3.2145588051E+1	5.5817098412E-3
2.3529481510E+0	3.1931355595E+1	5.5686855808E-3
2.3585102856E+0	3.1717758935E+1	5.5555682601E-3
2.3640592565E+0	3.1504782236E+1	5.5423580985E-3
2.3695949710E+0	3.1292409929E+1	5.5290553166E-3
2.3751173364E+0	3.1080626753E+1	5.5156601367E-3
2.3806262605E+0	3.0869417801E+1	5.5021727828E-3
2.3861216513E+0	3.0658768554E+1	5.4885934801E-3
2.3916034169E+0	3.0448664921E+1	5.4749224557E-3
2.3970714657E+0	3.0239093270E+1	5.4611599379E-3
2.4025257064E+0	3.0030040451E+1	5.4473061568E-3
2.4079660477E+0	2.9821493832E+1	5.4333613439E-3
2.4133923988E+0	2.9613441311E+1	5.4193257323E-3
2.4188046690E+0	2.9405871344E+1	5.4051995564E-3
2.4242027678E+0	2.9198772957E+1	5.3909830523E-3
2.4295866050E+0	2.8992135762E+1	5.3766764577E-3
2.4349560907E+0	2.8785949970E+1	5.3622800116E-3
2.4403111352E+0	2.8580206398E+1	5.3477939546E-3
2.4456516489E+0	2.8374896477E+1	5.3332185287E-3
2.4509775425E+0	2.8170012259E+1	5.3185539776E-3
2.4562887272E+0	2.7965546415E+1	5.3038005463E-3
2.4615851141E+0	2.7761492241E+1	5.2889584814E-3
2.4668666147E+0	2.7557843654E+1	5.2740280309E-3
2.4721331408E+0	2.7354595189E+1	5.2590094442E-3
2.4773846043E+0	2.7151741996E+1	5.2439029725E-3
2.4826209175E+0	2.6949279833E+1	5.2287088681E-3
2.4878419929E+0	2.6747205060E+1	5.2134273849E-3
2.4930477432E+0	2.6545514629E+1	5.1980587783E-3
2.4982380815E+0	2.6344206075E+1	5.1826033052E-3
2.5034129210E+0	2.6143277505E+1	5.1670612238E-3
2.5085721752E+0	2.5942727585E+1	5.1514327939E-3
2.5137157579E+0	2.5742555529E+1	5.1357182766E-3
2.5188435831E+0	2.5542761083E+1	5.1199179345E-3
2.5239555652E+0	2.5343344514E+1	5.1040320318E-3
2.5290516187E+0	2.5144306592E+1	5.0880608338E-3
2.5341316585E+0	2.4945648575E+1	5.0720046074E-3
2.5391955997E+0	2.4747372193E+1	5.0558636210E-3
2.5442433576E+0	2.4549479633E+1	5.0396381444E-3
2.5492748479E+0	2.4351973521E+1	5.0233284486E-3
2.5542899865E+0	2.4154856904E+1	5.0069348063E-3
2.5592886896E+0	2.3958133234E+1	4.9904574913E-3
2.5642708737E+0	2.3761806350E+1	4.9738967791E-3
2.5692364555E+0	2.3565880461E+1	4.9572529464E-3
2.5741853520E+0	2.3370360127E+1	4.9405262713E-3
2.5791174805E+0	2.3175250244E+1	4.9237170334E-3
2.5840327586E+0	2.2980556023E+1	4.9068255135E-3
2.5889311042E+0	2.2786282976E+1	4.8898519940E-3
2.5938124354E+0	2.2592436897E+1	4.8727967585E-3
2.5986766706E+0	2.2399023844E+1	4.8556600920E-3
2.6035237285E+0	2.2206050125E+1	4.8384422809E-3
2.6083535282E+0	2.2013522278E+1	4.8211436130E-3
2.6131659889E+0	2.1821447056E+1	4.8037643772E-3
2.6179610302E+0	2.1629831414E+1	4.7863048641E-3
2.6227385719E+0	2.1438682487E+1	4.7687653653E-3
2.6274985343E+0	2.1248007580E+1	4.7511461741E-3
2.6322408378E+0	2.1057814152E+1	4.7334475849E-3
2.6369654032E+0	2.0868109799E+1	4.7156698934E-3
2.6416721513E+0	2.0678902242E+1	4.6978133967E-3
2.6463610038E+0	2.0490199313E+1	4.6798783932E-3
2.6510318821E+0	2.0302008941E+1	4.6618651826E-3
2.6556847082E+0	2.0114339139E+1	4.6437740661E-3
2.6603194043E+0	1.9927197992E+1	4.6256053458E-3
2.6649358931E+0	1.9740593646E+1	4.6073593254E-3
2.6695340973E+0	1.9554534294E+1	4.5890363098E-3
2.6741139402E+0	1.9369028168E+1	4.5706366053E-3
2.6786753451E+0	1.9184083524E+1	4.5521605193E-3
2.6832182358E+0	1.8999708636E+1	4.5336083606E-3
2.6877425365E+0	1.8815911785E+1	4.5149804392E-3
2.6922481716E+0	1.8632701249E+1	4.4962770664E-3
2.6967350656E+0	1.8450085294E+1	4.4774985548E-3
2.7012031437E+0	1.8268072167E+1	4.4586452181E-3
2.7056523312E+0	1.8086670086E+1	4.4397173715E-3
2.7100825537E+0	1.7905887236E+1	4.4207153312E-3
2.7144937373E+0	1.7725731758E+1	4.4016394148E-3
2.7188858081E+0	1.7546211743E+1	4.3824899412E-3
2.7232586927E+0	1.7367335230E+1	4.3632672302E-3
2.7276123182E+0	1.7189110192E+1	4.3439716031E-3
2.7319466117E+0	1.7011544540E+1	4.3246033825E-3
2.7362615009E+0	1.6834646111E+1	4.3051628919E-3
2.7405569135E+0	1.6658422666E+1	4.2856504563E-3
2.7448327779E+0	1.6482881884E+1	4.2660664016E-3
2.7490890226E+0	1.6308031362E+1	4.2464110553E-3
2.7533255764E+0	1.6133878607E+1	4.2266847457E-3
2.7575423685E+0	1.5960431033E+1	4.2068878026E-3
2.7617393285E+0	1.5787695961E+1	4.1870205567E-3
2.7659163863E+0	1.5615680614E+1	4.1670833400E-3
2.7700734720E+0	1.5444392114E+1	4.1470764858E-3
2.7742105162E+0	1.5273837484E+1	4.1270003283E-3
2.7783274497E+0	1.5104023639E+1	4.1068552032E-3
2.7824242037E+0	1.4934957392E+1	4.0866414469E-3
2.7865007098E+0	1.4766645447E+1	4.0663593974E-3
2.7905568999E+0	1.4599094400E+1	4.0460093936E-3
2.7945927061E+0	1.4432310740E+1	4.0255917754E-3
2.7986080610E+0	1.4266300845E+1	4.0051068843E-3
2.8026028975E+0	1.4101070983E+1	3.9845550624E-3
2.8065771489E+0	1.3936627313E+1	3.9639366533E-3
2.8105307487E+0	1.3772975882E+1	3.9432520014E-3
2.8144636309E+0	1.3610122627E+1	3.9225014525E-3
2.8183757298E+0	1.3448073376E+1	3.9016853533E-3
2.8222669799E+0	1.3286833847E+1	3.8808040517E-3
2.8261373163E+0	1.3126409648E+1	3.8598578967E-3
2.8299866742E+0	1.2966806280E+1	3.8388472382E-3
2.8338149894E+0	1.2808029136E+1	3.8177724274E-3
2.8376221978E+0	1.2650083502E+1	3.7966338166E-3
2.8414082359E+0	1.2492974558E+1	3.7754317588E-3
2.8451730403E+0	1.2336707381E+1	3.7541666086E-3
2.8489165482E+0	1.2181286943E+1	3.7328387211E-3
2.8526386969E+0	1.2026718114E+1	3.7114484529E-3
2.8563394244E+0	1.1873005666E+1	3.6899961614E-3
2.8600186687E+0	1.1720154269E+1	3.6684822051E-3
2.8636763684E+0	1.1568168496E+1	3.6469069436E-3
2.8673124623E+0	1.1417052826E+1	3.6252707373E-3
2.8709268897E+0	1.1266811641E+1	3.6035739479E-3
2.8745195901E+0	1.1117449232E+1	3.5818169379E-3
2.8780905036E+0	1.0968969798E+1	3.5600000709E-3
2.8816395704E+0	1.0821377449E+1	3.5381237115E-3
2.8851667313E+0	1.0674676207E+1	3.5161882254E-3
2.8886719273E+0	1.0528870010E+1	3.4941939790E-3
2.8921550998E+0	1.0383962711E+1	3.4721413399E-3
2.8956161906E+0	1.0239958080E+1	3.4500306767E-3
2.8990551419E+0	1.0096859807E+1	3.4278623588E-3
2.9024718962E+0	9.9546715052E+0	3.4056367567E-3
2.9058663965E+0	9.8133967097E+0	3.3833542419E-3
2.9092385859E+0	9.6730388814E+0	3.3610151867E-3
2.9125884081E+0	9.5336014078E+0	3.3386199643E-3
2.9159158072E+0	9.3950876058E+0	3.3161689492E-3
2.9192207275E+0	9.2575007227E+0	3.2936625164E-3
2.9225031139E+0	9.1208439382E+0	3.2711010421E-3
2.9257629114E+0	8.9851203664E+0	3.2484849032E-3
2.9290000656E+0	8.8503330572E+0	3.2258144779E-3
2.9322145224E+0	8.7164849985E+0	3.2030901448E-3
2.9354062280E+0	8.5835791174E+0	3.1803122838E-3
2.9385751292E+0	8.4516182821E+0	3.1574812755E-3
2.9417211730E+0	8.3206053037E+0	3.1345975014E-3
2.9448443068E+0	8.1905429375E+0	3.1116613440E-3
2.9479444784E+0	8.0614338849E+0	3.0886731866E-3
2.9510216360E+0	7.9332807948E+0	3.0656334132E-3
2.9540757281E+0	7.8060862651E+0	3.0425424091E-3
2.9571067038E+0	7.6798528444E+0	3.0194005599E-3
2.9601145124E+0	7.5545830331E+0	2.9962082525E-3
2.9630991036E+0	7.4302792852E+0	2.9729658744E-3
2.9660604276E+0	7.3069440096E+0	2.9496738141E-3
2.9689984348E+0	7.1845795710E+0	2.9263324607E-3
2.9719130762E+0	7.0631882921E+0	2.9029422044E-3
2.9748043031E+0	6.9427724539E+0	2.8795034361E-3
2.9776720671E+0	6.8233342978E+0	2.8560165473E-3
2.9805163203E+0	6.7048760262E+0	2.8324819307E-3
2.9833370151E+0	6.5873998039E+0	2.8088999795E-3
2.9861341046E+0	6.4709077593E+0	2.7852710878E-3
2.9889075418E+0	6.3554019853E+0	2.7615956505E-3
2.9916572805E+0	6.2408845405E+0	2.7378740632E-3
2.9943832747E+0	6.1273574502E+0	2.7141067224E-3
2.9970854788E+0	6.0148227074E+0	2.6902940251E-3
2.9997638477E+0	5.9032822734E+0	2.6664363695E-3
3.0024183367E+0	5.7927380795E+0	2.6425341541E-3
3.0050489013E+0	5.6831920269E+0	2.6185877784E-3
3.0076554977E+0	5.5746459883E+0	2.5945976426E-3
3.0102380822E+0	5.4671018084E+0	2.5705641475E-3
3.0127966116E+0	5.3605613046E+0	2.5464876949E-3
3.0153310434E+0	5.2550262678E+0	2.5223686871E-3
3.0178413350E+0	5.1504984632E+0	2.4982075270E-3
3.0203274445E+0	5.0469796309E+0	2.4740046186E-3
3.0227893304E+0	4.9444714866E+0	2.4497603662E-3
3.0252269516E+0	4.8429757220E+0	2.4254751751E-3
3.0276402673E+0	4.7424940056E+0	2.4011494510E-3
3.0300292371E+0	4.6430279833E+0	2.3767836004E-3
3.0323938212E+0	4.5445792786E+0	2.3523780306E-3
3.0347339801E+0	4.4471494934E+0	2.3279331494E-3
3.0370496746E+0	4.3507402083E+0	2.3034493653E-3
3.0393408660E+0	4.2553529833E+0	2.2789270875E-3
3.0416075160E+0	4.1609893578E+0	2.2543667257E-3
3.0438495869E+0	4.0676508513E+0	2.2297686905E-3
3.0460670410E+0	3.9753389638E+0	2.2051333928E-3
3.0482598414E+0	3.8840551758E+0	2.1804612443E-3
3.0504279513E+0	3.7938009490E+0	2.1557526574E-3
3.0525713347E+0	3.7045777264E+0	2.1310080450E-3
3.0546899556E+0	3.6163869327E+0	2.1062278206E-3
3.0567837786E+0	3.5292299744E+0	2.0814123983E-3
3.0588527688E+0	3.4431082402E+0	2.0565621928E-3
3.0608968915E+0	3.3580231012E+0	2.0316776194E-3
3.0629161127E+0	3.2739759109E+0	2.0067590939E-3
3.0649103985E+0	3.1909680058E+0	1.9818070327E-3
3.0668797157E+0	3.1090007051E+0	1.9568218529E-3
3.0688240313E+0	3.0280753111E+0	1.9318039720E-3
3.0707433129E+0	2.9481931096E+0	1.9067538080E-3
3.0726375283E+0	2.8693553693E+0	1.8816717796E-3
3.0745066460E+0	2.7915633428E+0	1.8565583060E-3
3.0763506346E+0	2.7148182660E+0	1.8314138067E-3
3.0781694634E+0	2.6391213585E+0	1.8062387021E-3
3.0799631019E+0	2.5644738238E+0	1.7810334128E-3
3.0817315203E+0	2.4908768489E+0	1.7557983600E-3
3.0834746889E+0	2.4183316051E+0	1.7305339655E-3
3.0851925786E+0	2.3468392471E+0	1.7052406515E-3
3.0868851607E+0	2.2764009139E+0	1.6799188405E-3
3.0885524069E+0	2.2070177283E+0	1.6545689559E-3
3.0901942894E+0	2.1386907973E+0	1.6291914212E-3
3.0918107807E+0	2.0714212116E+0	1.6037866605E-3
3.0934018538E+0	2.0052100462E+0	1.5783550984E-3
3.0949674821E+0	1.9400583600E+0	1.5528971598E-3
3.0965076394E+0	1.8759671959E+0	1.5274132703E-3
3.0980223001E+0	1.8129375807E+0	1.5019038556E-3
3.0995114388E+0	1.7509705254E+0	1.4763693421E-3
3.1009750306E+0	1.6900670247E+0	1.4508101565E-3
3.1024130510E+0	1.6302280575E+0	1.4252267258E-3
3.1038254761E+0	1.5714545864E+0	1.3996194778E-3
3.1052122822E+0	1.5137475579E+0	1.3739888402E-3
3.1065734461E+0	1.4571079023E+0	1.3483352414E-3
3.1079089451E+0	1.4015365338E+0	1.3226591101E-3
3.1092187570E+0	1.3470343503E+0	1.2969608754E-3
3.1105028597E+0	1.2936022332E+0	1.2712409668E-3
3.1117612318E+0	1.2412410477E+0	1.2454998140E-3
3.1129938524E+0	1.1899516427E+0	1.2197378472E-3
3.1142007007E+0	1.1397348504E+0	1.1939554970E-3
3.1153817567E+0	1.0905914866E+0	1.1681531941E-3
3.1165370006E+0	1.0425223505E+0	1.1423313699E-3
3.1176664131E+0	9.9552822485E-1	1.1164904558E-3
3.1187699753E+0	9.4960987540E-1	1.0906308836E-3
3.1198476688E+0	9.0476805135E-1	1.0647530855E-3
3.1208994755E+0	8.6100348508E-1	1.0388574939E-3
3.1219253780E+0	8.1831689209E-1	1.0129445417E-3
3.1229253590E+0	7.7670897096E-1	9.8701466182E-4
3.1238994018E+0	7.3618040330E-1	9.6106828758E-4
3.1248474902E+0	6.9673185371E-1	9.3510585261E-4
3.1257696083E+0	6.5836396967E-1	9.0912779076E-4
3.1266657407E+0	6.2107738154E-1	8.8313453619E-4
3.1275358724E+0	5.8487270245E-1	8.5712652325E-4
3.1283799890E+0	5.4975052831E-1	8.3110418659E-4
3.1291980762E+0	5.1571143770E-1	8.0506796108E-4
3.1299901204E+0	4.8275599183E-1	7.7901828182E-4
3.1307561084E+0	4.5088473451E-1	7.5295558414E-4
3.1314960274E+0	4.2009819207E-1	7.2688030358E-4
3.1322098650E+0	3.9039687336E-1	7.0079287589E-4
3.1328976092E+0	3.6178126961E-1	6.7469373705E-4
3.1335592487E+0	3.3425185448E-1	6.4858332323E-4
3.1341947723E+0	3.0780908396E-1	6.2246207073E-4
3.1348041694E+0	2.8245339634E-1	5.9633041614E-4
3.1353874298E+0	2.5818521217E-1	5.7018879612E-4
3.1359445438E+0	2.3500493421E-1	5.4403764760E-4
3.1364755020E+0	2.1291294740E-1	5.1787740760E-4
3.1369802957E+0	1.9190961881E-1	4.9170851331E-4
3.1374589163E+0	1.7199529761E-1	4.6553140213E-4
3.1379113559E+0	1.5317031505E-1	4.3934651156E-4
3.1383376069E+0	1.3543498440E-1	4.1315427928E-4
3.1387376622E+0	1.1878960094E-1	3.8695514312E-4
3.1391115150E+0	1.0323444189E-1	3.6074954110E-4
3.1394591592E+0	8.8769766436E-2	3.3453791144E-4
3.1397805890E+0	7.5395815659E-2	3.0832069259E-4
3.1400757989E+0	6.3112812514E-2	2.8209832342E-4
3.1403447841E+0	5.1920961791E-2	2.5587124334E-4
3.1405875400E+0	4.1820450067E-2	2.2963989267E-4
3.1408040626E+0	3.2811445635E-2	2.0340471372E-4
3.1409943483E+0	2.4894098374E-2	1.7716615272E-4
3.1411583939E+0	1.8068539474E-2	1.5092466531E-4
3.1412961968E+0	1.2334880763E-2	1.2468073282E-4
3.1414077547E+0	7.6932126991E-3	9.8434919423E-5
3.1414930663E+0	4.1435968637E-3	7.2188137769E-5
3.1415521316E+0	1.6860257041E-3	4.5943520243E-5
3.1415849628E+0	3.1999442757E-4	1.9736940383E-5