# Differential cross section		
# Author: P. Swaczyna	Princeton University	(swaczyna@princeton.edu)
# Date: 	Fri 4 Dec 2020 01:22:43	
# 		
# Elastic collision: H^0 + He^0 -> H^0 + He^0		
# 		
# Red. mass: 	7.5005505498E+8	 eV/c^2
# CM energy: 	8.6099375218E-3	 eV
# Rel speed: 	1.4364454222E+5	 cm/s
# Tot sigma: 	2.3693109765E+2	 a.u.
# Int sigma: 	2.3693109765E+2	 a.u.
# 		
# Columns:		
# the <- scattering angle (rad)		
# dcs <- dsigma/dOmega*2*pi*sin(the) (a.u. = 2.8002852056E-17 cm^2)		
# wei <- weight for cross section integration (approx. width of angle bin)		
# 		
# the	dcs	wei
7.6907532846E-6	2.0584298551E-2	1.9736940383E-5
4.0521979771E-5	1.0845706343E-1	4.5943520243E-5
9.9587300392E-5	2.6654535044E-1	7.2188137769E-5
1.8489884726E-4	4.9488153987E-1	9.8434919423E-5
2.9645680168E-4	7.9346586063E-1	1.2468073282E-4
4.3425968311E-4	1.1622937930E+0	1.5092466531E-4
5.9830531657E-4	1.6013584804E+0	1.7716615272E-4
7.8859101285E-4	2.1106509925E+0	2.0340471372E-4
1.0051136166E-3	2.6901601935E+0	2.2963989267E-4
1.2478695220E-3	3.3398724819E+0	2.5587124334E-4
1.5168546797E-3	4.0597714642E+0	2.8209832342E-4
1.8120645986E-3	4.8498375767E+0	3.0832069259E-4
2.1334943481E-3	5.7100476633E+0	3.3453791144E-4
2.4811385584E-3	6.6403745097E+0	3.6074954110E-4
2.8549914211E-3	7.6407863364E+0	3.8695514312E-4
3.2550466893E-3	8.7112462500E+0	4.1315427928E-4
3.6812976783E-3	9.8517116542E+0	4.3934651156E-4
4.1337372652E-3	1.1062133620E+1	4.6553140213E-4
4.6123578895E-3	1.2342456216E+1	4.9170851331E-4
5.1171515529E-3	1.3692615798E+1	5.1787740760E-4
5.6481098199E-3	1.5112540258E+1	5.4403764760E-4
6.2052238176E-3	1.6602148241E+1	5.7018879612E-4
6.7884842360E-3	1.8161348309E+1	5.9633041614E-4
7.3978813281E-3	1.9790038083E+1	6.2246207073E-4
8.0334049101E-3	2.1488103333E+1	6.4858332323E-4
8.6950443616E-3	2.3255417041E+1	6.7469373705E-4
9.3827886258E-3	2.5091838418E+1	7.0079287589E-4
1.0096626210E-2	2.6997211891E+1	7.2688030358E-4
1.0836545184E-2	2.8971366056E+1	7.5295558414E-4
1.1602533184E-2	3.1014112585E+1	7.7901828182E-4
1.2394577408E-2	3.3125245114E+1	8.0506796108E-4
1.3212664621E-2	3.5304538084E+1	8.3110418659E-4
1.4056781152E-2	3.7551745556E+1	8.5712652325E-4
1.4926912893E-2	3.9866600000E+1	8.8313453619E-4
1.5823045305E-2	4.2248811039E+1	9.0912779076E-4
1.6745163410E-2	4.4698064177E+1	9.3510585261E-4
1.7693251801E-2	4.7214019495E+1	9.6106828758E-4
1.8667294632E-2	4.9796310315E+1	9.8701466182E-4
1.9667275626E-2	5.2444541847E+1	1.0129445417E-3
2.0693178073E-2	5.5158289809E+1	1.0388574939E-3
2.1744984827E-2	5.7937099019E+1	1.0647530855E-3
2.2822678313E-2	6.0780481975E+1	1.0906308836E-3
2.3926240519E-2	6.3687917415E+1	1.1164904558E-3
2.5055653005E-2	6.6658848851E+1	1.1423313699E-3
2.6210896896E-2	6.9692683105E+1	1.1681531941E-3
2.7391952886E-2	7.2788788811E+1	1.1939554970E-3
2.8598801239E-2	7.5946494930E+1	1.2197378472E-3
2.9831421786E-2	7.9165089236E+1	1.2454998140E-3
3.1089793929E-2	8.2443816810E+1	1.2712409668E-3
3.2373896638E-2	8.5781878529E+1	1.2969608754E-3
3.3683708455E-2	8.9178429548E+1	1.3226591101E-3
3.5019207490E-2	9.2632577795E+1	1.3483352414E-3
3.6380371427E-2	9.6143382463E+1	1.3739888402E-3
3.7767177517E-2	9.9709852521E+1	1.3996194778E-3
3.9179602586E-2	1.0333094522E+2	1.4252267258E-3
4.0617623030E-2	1.0700556465E+2	1.4508101565E-3
4.2081214817E-2	1.1073256026E+2	1.4763693421E-3
4.3570353490E-2	1.1451072545E+2	1.5019038556E-3
4.5085014162E-2	1.1833879621E+2	1.5274132703E-3
4.6625171522E-2	1.2221544968E+2	1.5528971598E-3
4.8190799831E-2	1.2613930289E+2	1.5783550984E-3
4.9781872927E-2	1.3010891143E+2	1.6037866605E-3
5.1398364219E-2	1.3412276822E+2	1.6291914212E-3
5.3040246694E-2	1.3817930232E+2	1.6545689559E-3
5.4707492914E-2	1.4227687775E+2	1.6799188405E-3
5.6400075017E-2	1.4641379245E+2	1.7052406515E-3
5.8117964718E-2	1.5058827724E+2	1.7305339655E-3
5.9861133308E-2	1.5479849485E+2	1.7557983600E-3
6.1629551657E-2	1.5904253905E+2	1.7810334128E-3
6.3423190212E-2	1.6331843386E+2	1.8062387021E-3
6.5242019000E-2	1.6762413283E+2	1.8314138067E-3
6.7086007624E-2	1.7195751837E+2	1.8565583060E-3
6.8955125270E-2	1.7631640128E+2	1.8816717796E-3
7.0849340702E-2	1.8069852025E+2	1.9067538080E-3
7.2768622264E-2	1.8510154160E+2	1.9318039720E-3
7.4712937885E-2	1.8952305898E+2	1.9568218529E-3
7.6682255070E-2	1.9396059338E+2	1.9818070327E-3
7.8676540910E-2	1.9841159302E+2	2.0067590939E-3
8.0695762079E-2	2.0287343364E+2	2.0316776194E-3
8.2739884832E-2	2.0734341866E+2	2.0565621928E-3
8.4808875009E-2	2.1181877972E+2	2.0814123983E-3
8.6902698034E-2	2.1629667715E+2	2.1062278206E-3
8.9021318917E-2	2.2077420077E+2	2.1310080450E-3
9.1164702253E-2	2.2524837073E+2	2.1557526574E-3
9.3332812224E-2	2.2971613856E+2	2.1804612443E-3
9.5525612596E-2	2.3417438837E+2	2.2051333928E-3
9.7743066726E-2	2.3861993827E+2	2.2297686905E-3
9.9985137556E-2	2.4304954185E+2	2.2543667257E-3
1.0225178762E-1	2.4745988998E+2	2.2789270875E-3
1.0454297904E-1	2.5184761274E+2	2.3034493653E-3
1.0685867352E-1	2.5620928149E+2	2.3279331494E-3
1.0919883237E-1	2.6054141118E+2	2.3523780306E-3
1.1156341648E-1	2.6484046292E+2	2.3767836004E-3
1.1395238633E-1	2.6910284659E+2	2.4011494510E-3
1.1636570200E-1	2.7332492385E+2	2.4254751751E-3
1.1880332317E-1	2.7750301117E+2	2.4497603662E-3
1.2126520909E-1	2.8163338322E+2	2.4740046186E-3
1.2375131862E-1	2.8571227636E+2	2.4982075270E-3
1.2626161023E-1	2.8973589241E+2	2.5223686871E-3
1.2879604195E-1	2.9370040261E+2	2.5464876949E-3
1.3135457143E-1	2.9760195178E+2	2.5705641475E-3
1.3393715592E-1	3.0143666271E+2	2.5945976426E-3
1.3654375226E-1	3.0520064077E+2	2.6185877784E-3
1.3917431689E-1	3.0888997868E+2	2.6425341541E-3
1.4182880585E-1	3.1250076154E+2	2.6664363695E-3
1.4450717478E-1	3.1602907205E+2	2.6902940251E-3
1.4720937892E-1	3.1947099596E+2	2.7141067224E-3
1.4993537310E-1	3.2282262759E+2	2.7378740632E-3
1.5268511179E-1	3.2608007575E+2	2.7615956505E-3
1.5545854902E-1	3.2923946967E+2	2.7852710878E-3
1.5825563845E-1	3.3229696517E+2	2.8088999795E-3
1.6107633333E-1	3.3524875105E+2	2.8324819307E-3
1.6392058653E-1	3.3809105558E+2	2.8560165473E-3
1.6678835052E-1	3.4082015314E+2	2.8795034361E-3
1.6967957737E-1	3.4343237109E+2	2.9029422044E-3
1.7259421876E-1	3.4592409668E+2	2.9263324607E-3
1.7553222599E-1	3.4829178415E+2	2.9496738141E-3
1.7849354996E-1	3.5053196192E+2	2.9729658744E-3
1.8147814117E-1	3.5264123984E+2	2.9962082525E-3
1.8448594977E-1	3.5461631662E+2	3.0194005599E-3
1.8751692548E-1	3.5645398725E+2	3.0425424091E-3
1.9057101764E-1	3.5815115049E+2	3.0656334132E-3
1.9364817522E-1	3.5970481644E+2	3.0886731866E-3
1.9674834681E-1	3.6111211406E+2	3.1116613440E-3
1.9987148058E-1	3.6237029880E+2	3.1345975014E-3
2.0301752435E-1	3.6347676008E+2	3.1574812755E-3
2.0618642554E-1	3.6442902888E+2	3.1803122838E-3
2.0937813120E-1	3.6522478515E+2	3.2030901448E-3
2.1259258799E-1	3.6586186523E+2	3.2258144779E-3
2.1582974219E-1	3.6633826914E+2	3.2484849032E-3
2.1908953970E-1	3.6665216775E+2	3.2711010421E-3
2.2237192605E-1	3.6680190982E+2	3.2936625164E-3
2.2567684639E-1	3.6678602888E+2	3.3161689492E-3
2.2900424548E-1	3.6660324990E+2	3.3386199643E-3
2.3235406772E-1	3.6625249578E+2	3.3610151867E-3
2.3572625713E-1	3.6573289358E+2	3.3833542419E-3
2.3912075735E-1	3.6504378050E+2	3.4056367567E-3
2.4253751167E-1	3.6418470960E+2	3.4278623588E-3
2.4597646298E-1	3.6315545515E+2	3.4500306767E-3
2.4943755380E-1	3.6195601774E+2	3.4721413399E-3
2.5292072631E-1	3.6058662893E+2	3.4941939790E-3
2.5642592230E-1	3.5904775562E+2	3.5161882254E-3
2.5995308318E-1	3.5734010393E+2	3.5381237115E-3
2.6350215001E-1	3.5546462269E+2	3.5600000709E-3
2.6707306349E-1	3.5342250652E+2	3.5818169379E-3
2.7066576394E-1	3.5121519834E+2	3.6035739479E-3
2.7428019131E-1	3.4884439149E+2	3.6252707373E-3
2.7791628522E-1	3.4631203124E+2	3.6469069436E-3
2.8157398488E-1	3.4362031586E+2	3.6684822051E-3
2.8525322919E-1	3.4077169704E+2	3.6899961614E-3
2.8895395665E-1	3.3776887981E+2	3.7114484529E-3
2.9267610542E-1	3.3461482184E+2	3.7328387211E-3
2.9641961330E-1	3.3131273213E+2	3.7541666086E-3
3.0018441773E-1	3.2786606912E+2	3.7754317588E-3
3.0397045579E-1	3.2427853811E+2	3.7966338166E-3
3.0777766421E-1	3.2055408810E+2	3.8177724274E-3
3.1160597938E-1	3.1669690797E+2	3.8388472382E-3
3.1545533730E-1	3.1271142193E+2	3.8598578967E-3
3.1932567367E-1	3.0860228442E+2	3.8808040517E-3
3.2321692379E-1	3.0437437428E+2	3.9016853533E-3
3.2712902264E-1	3.0003278829E+2	3.9225014525E-3
3.3106190484E-1	2.9558283397E+2	3.9432520014E-3
3.3501550468E-1	2.9103002185E+2	3.9639366533E-3
3.3898975607E-1	2.8638005696E+2	3.9845550624E-3
3.4298459261E-1	2.8163882974E+2	4.0051068843E-3
3.4699994753E-1	2.7681240636E+2	4.0255917754E-3
3.5103575373E-1	2.7190701826E+2	4.0460093936E-3
3.5509194378E-1	2.6692905128E+2	4.0663593974E-3
3.5916844988E-1	2.6188503408E+2	4.0866414469E-3
3.6326520391E-1	2.5678162602E+2	4.1068552032E-3
3.6738213741E-1	2.5162560450E+2	4.1270003283E-3
3.7151918157E-1	2.4642385182E+2	4.1470764858E-3
3.7567626728E-1	2.4118334147E+2	4.1670833400E-3
3.7985332504E-1	2.3591112407E+2	4.1870205567E-3
3.8405028507E-1	2.3061431276E+2	4.2068878026E-3
3.8826707721E-1	2.2530006832E+2	4.2266847457E-3
3.9250363101E-1	2.1997558389E+2	4.2464110553E-3
3.9675987567E-1	2.1464806935E+2	4.2660664016E-3
4.0103574005E-1	2.0932473545E+2	4.2856504563E-3
4.0533115271E-1	2.0401277779E+2	4.3051628919E-3
4.0964604185E-1	1.9871936049E+2	4.3246033825E-3
4.1398033538E-1	1.9345159983E+2	4.3439716031E-3
4.1833396086E-1	1.8821654780E+2	4.3632672302E-3
4.2270684554E-1	1.8302117553E+2	4.3824899412E-3
4.2709891633E-1	1.7787235688E+2	4.4016394148E-3
4.3151009985E-1	1.7277685201E+2	4.4207153312E-3
4.3594032237E-1	1.6774129109E+2	4.4397173715E-3
4.4038950986E-1	1.6277215822E+2	4.4586452181E-3
4.4485758797E-1	1.5787577558E+2	4.4774985548E-3
4.4934448203E-1	1.5305828788E+2	4.4962770664E-3
4.5385011706E-1	1.4832564713E+2	4.5149804392E-3
4.5837441776E-1	1.4368359785E+2	4.5336083606E-3
4.6291730852E-1	1.3913766273E+2	4.5521605193E-3
4.6747871344E-1	1.3469312877E+2	4.5706366053E-3
4.7205855627E-1	1.3035503408E+2	4.5890363098E-3
4.7665676049E-1	1.2612815517E+2	4.6073593254E-3
4.8127324926E-1	1.2201699500E+2	4.6256053458E-3
4.8590794542E-1	1.1802577173E+2	4.6437740661E-3
4.9056077152E-1	1.1415840822E+2	4.6618651826E-3
4.9523164982E-1	1.1041852236E+2	4.6798783932E-3
4.9992050224E-1	1.0680941822E+2	4.6978133967E-3
5.0462725044E-1	1.0333407813E+2	4.7156698934E-3
5.0935181576E-1	9.9995155648E+1	4.7334475849E-3
5.1409411924E-1	9.6794969542E+1	4.7511461741E-3
5.1885408164E-1	9.3735498717E+1	4.7687653653E-3
5.2363162341E-1	9.0818378189E+1	4.7863048641E-3
5.2842666471E-1	8.8044896089E+1	4.8037643772E-3
5.3323912540E-1	8.5415991742E+1	4.8211436130E-3
5.3806892508E-1	8.2932254816E+1	4.8384422809E-3
5.4291598301E-1	8.0593925564E+1	4.8556600920E-3
5.4778021821E-1	7.8400896164E+1	4.8727967585E-3
5.5266154939E-1	7.6352713159E+1	4.8898519940E-3
5.5755989496E-1	7.4448580996E+1	4.9068255135E-3
5.6247517308E-1	7.2687366659E+1	4.9237170334E-3
5.6740730160E-1	7.1067605382E+1	4.9405262713E-3
5.7235619810E-1	6.9587507434E+1	4.9572529464E-3
5.7732177988E-1	6.8244965952E+1	4.9738967791E-3
5.8230396395E-1	6.7037565792E+1	4.9904574913E-3
5.8730266706E-1	6.5962593387E+1	5.0069348063E-3
5.9231780568E-1	6.5017047556E+1	5.0233284486E-3
5.9734929598E-1	6.4197651252E+1	5.0396381444E-3
6.0239705389E-1	6.3500864189E+1	5.0558636210E-3
6.0746099506E-1	6.2922896304E+1	5.0720046074E-3
6.1254103485E-1	6.2459722022E+1	5.0880608338E-3
6.1763708838E-1	6.2107095254E+1	5.1040320318E-3
6.2274907048E-1	6.1860565073E+1	5.1199179345E-3
6.2787689573E-1	6.1715492020E+1	5.1357182766E-3
6.3302047843E-1	6.1667064972E+1	5.1514327939E-3
6.3817973262E-1	6.1710318499E+1	5.1670612238E-3
6.4335457209E-1	6.1840150658E+1	5.1826033052E-3
6.4854491036E-1	6.2051341140E+1	5.1980587783E-3
6.5375066070E-1	6.2338569714E+1	5.2134273849E-3
6.5897173609E-1	6.2696434872E+1	5.2287088681E-3
6.6420804930E-1	6.3119472635E+1	5.2439029725E-3
6.6945951283E-1	6.3602175408E+1	5.2590094442E-3
6.7472603890E-1	6.4139010840E+1	5.2740280309E-3
6.8000753951E-1	6.4724440594E+1	5.2889584814E-3
6.8530392640E-1	6.5352938962E+1	5.3038005463E-3
6.9061511106E-1	6.6019011246E+1	5.3185539776E-3
6.9594100473E-1	6.6717211836E+1	5.3332185287E-3
7.0128151841E-1	6.7442161906E+1	5.3477939546E-3
7.0663656285E-1	6.8188566673E+1	5.3622800116E-3
7.1200604856E-1	6.8951232126E+1	5.3766764577E-3
7.1738988581E-1	6.9725081186E+1	5.3909830523E-3
7.2278798463E-1	7.0505169215E+1	5.4051995564E-3
7.2820025482E-1	7.1286698828E+1	5.4193257323E-3
7.3362660591E-1	7.2065033936E+1	5.4333613439E-3
7.3906694724E-1	7.2835712983E+1	5.4473061568E-3
7.4452118788E-1	7.3594461318E+1	5.4611599379E-3
7.4998923669E-1	7.4337202660E+1	5.4749224557E-3
7.5547100229E-1	7.5060069614E+1	5.4885934801E-3
7.6096639308E-1	7.5759413212E+1	5.5021727828E-3
7.6647531721E-1	7.6431811425E+1	5.5156601367E-3
7.7199768263E-1	7.7074076648E+1	5.5290553166E-3
7.7753339704E-1	7.7683262117E+1	5.5423580985E-3
7.8308236795E-1	7.8256667246E+1	5.5555682601E-3
7.8864450262E-1	7.8791841879E+1	5.5686855808E-3
7.9421970809E-1	7.9286589446E+1	5.5817098412E-3
7.9980789121E-1	7.9738969022E+1	5.5946408237E-3
8.0540895857E-1	8.0147296295E+1	5.6074783123E-3
8.1102281659E-1	8.0510143457E+1	5.6202220924E-3
8.1664937145E-1	8.0826338023E+1	5.6328719509E-3
8.2228852912E-1	8.1094960606E+1	5.6454276767E-3
8.2794019536E-1	8.1315341674E+1	5.6578890597E-3
8.3360427572E-1	8.1487057307E+1	5.6702558918E-3
8.3928067556E-1	8.1609924004E+1	5.6825279663E-3
8.4496930000E-1	8.1683992560E+1	5.6947050782E-3
8.5067005399E-1	8.1709541071E+1	5.7067870238E-3
8.5638284226E-1	8.1687067109E+1	5.7187736014E-3
8.6210756934E-1	8.1617279104E+1	5.7306646105E-3
8.6784413956E-1	8.1501087005E+1	5.7424598526E-3
8.7359245705E-1	8.1339592263E+1	5.7541591304E-3
8.7935242576E-1	8.1134077194E+1	5.7657622485E-3
8.8512394943E-1	8.0885993792E+1	5.7772690129E-3
8.9090693161E-1	8.0596952046E+1	5.7886792314E-3
8.9670127565E-1	8.0268707825E+1	5.7999927133E-3
9.0250688473E-1	7.9903150397E+1	5.8112092696E-3
9.0832366182E-1	7.9502289660E+1	5.8223287127E-3
9.1415150972E-1	7.9068243124E+1	5.8333508568E-3
9.1999033104E-1	7.8603222744E+1	5.8442755178E-3
9.2584002820E-1	7.8109521640E+1	5.8551025132E-3
9.3170050345E-1	7.7589500793E+1	5.8658316618E-3
9.3757165885E-1	7.7045575769E+1	5.8764627846E-3
9.4345339628E-1	7.6480203534E+1	5.8869957037E-3
9.4934561746E-1	7.5895869430E+1	5.8974302433E-3
9.5524822392E-1	7.5295074369E+1	5.9077662288E-3
9.6116111701E-1	7.4680322293E+1	5.9180034877E-3
9.6708419793E-1	7.4054107972E+1	5.9281418487E-3
9.7301736769E-1	7.3418905180E+1	5.9381811425E-3
9.7896052713E-1	7.2777155302E+1	5.9481212013E-3
9.8491357695E-1	7.2131256415E+1	5.9579618591E-3
9.9087641766E-1	7.1483552898E+1	5.9677029512E-3
9.9684894961E-1	7.0836325592E+1	5.9773443150E-3
1.0028310730E+0	7.0191782562E+1	5.9868857894E-3
1.0088226878E+0	6.9552050474E+1	5.9963272149E-3
1.0148236940E+0	6.8919166640E+1	6.0056684336E-3
1.0208339913E+0	6.8295071728E+1	6.0149092896E-3
1.0268534791E+0	6.7681603175E+1	6.0240496283E-3
1.0328820570E+0	6.7080489307E+1	6.0330892971E-3
1.0389196241E+0	6.6493344183E+1	6.0420281448E-3
1.0449660796E+0	6.5921663170E+1	6.0508660221E-3
1.0510213224E+0	6.5366819248E+1	6.0596027814E-3
1.0570852514E+0	6.4830060046E+1	6.0682382765E-3
1.0631577652E+0	6.4312505605E+1	6.0767723631E-3
1.0692387623E+0	6.3815146854E+1	6.0852048988E-3
1.0753281411E+0	6.3338844799E+1	6.0935357425E-3
1.0814257998E+0	6.2884330392E+1	6.1017647550E-3
1.0875316366E+0	6.2452205072E+1	6.1098917988E-3
1.0936455494E+0	6.2042941953E+1	6.1179167381E-3
1.0997674360E+0	6.1656887637E+1	6.1258394388E-3
1.1058971941E+0	6.1294264612E+1	6.1336597685E-3
1.1120347214E+0	6.0955174221E+1	6.1413775965E-3
1.1181799151E+0	6.0639600156E+1	6.1489927938E-3
1.1243326727E+0	6.0347412450E+1	6.1565052331E-3
1.1304928913E+0	6.0078371924E+1	6.1639147890E-3
1.1366604679E+0	5.9832135060E+1	6.1712213376E-3
1.1428352996E+0	5.9608259252E+1	6.1784247568E-3
1.1490172830E+0	5.9406208400E+1	6.1855249261E-3
1.1552063150E+0	5.9225358798E+1	6.1925217271E-3
1.1614022920E+0	5.9065005296E+1	6.1994150427E-3
1.1676051105E+0	5.8924367661E+1	6.2062047577E-3
1.1738146669E+0	5.8802597129E+1	6.2128907587E-3
1.1800308574E+0	5.8698783085E+1	6.2194729339E-3
1.1862535782E+0	5.8611959839E+1	6.2259511734E-3
1.1924827251E+0	5.8541113455E+1	6.2323253688E-3
1.1987181942E+0	5.8485188599E+1	6.2385954138E-3
1.2049598812E+0	5.8443095362E+1	6.2447612034E-3
1.2112076818E+0	5.8413716023E+1	6.2508226346E-3
1.2174614916E+0	5.8395911728E+1	6.2567796062E-3
1.2237212062E+0	5.8388529027E+1	6.2626320186E-3
1.2299867208E+0	5.8390406269E+1	6.2683797740E-3
1.2362579308E+0	5.8400379799E+1	6.2740227763E-3
1.2425347314E+0	5.8417289943E+1	6.2795609313E-3
1.2488170177E+0	5.8439986759E+1	6.2849941464E-3
1.2551046847E+0	5.8467335515E+1	6.2903223308E-3
1.2613976273E+0	5.8498221894E+1	6.2955453954E-3
1.2676957404E+0	5.8531556888E+1	6.3006632530E-3
1.2739989187E+0	5.8566281383E+1	6.3056758180E-3
1.2803070569E+0	5.8601370408E+1	6.3105830068E-3
1.2866200496E+0	5.8635837042E+1	6.3153847371E-3
1.2929377912E+0	5.8668735969E+1	6.3200809290E-3
1.2992601762E+0	5.8699166682E+1	6.3246715037E-3
1.3055870990E+0	5.8726276316E+1	6.3291563847E-3
1.3119184537E+0	5.8749262123E+1	6.3335354970E-3
1.3182541347E+0	5.8767373584E+1	6.3378087674E-3
1.3245940360E+0	5.8779914156E+1	6.3419761245E-3
1.3309380516E+0	5.8786242666E+1	6.3460374987E-3
1.3372860756E+0	5.8785774354E+1	6.3499928220E-3
1.3436380019E+0	5.8777981572E+1	6.3538420284E-3
1.3499937243E+0	5.8762394147E+1	6.3575850535E-3
1.3563531366E+0	5.8738599431E+1	6.3612218349E-3
1.3627161325E+0	5.8706242034E+1	6.3647523117E-3
1.3690826057E+0	5.8665023265E+1	6.3681764249E-3
1.3754524499E+0	5.8614700293E+1	6.3714941173E-3
1.3818255585E+0	5.8555085042E+1	6.3747053335E-3
1.3882018250E+0	5.8486042838E+1	6.3778100198E-3
1.3945811430E+0	5.8407490836E+1	6.3808081243E-3
1.4009634057E+0	5.8319396220E+1	6.3836995970E-3
1.4073485066E+0	5.8221774224E+1	6.3864843894E-3
1.4137363389E+0	5.8114685975E+1	6.3891624551E-3
1.4201267959E+0	5.7998236180E+1	6.3917337493E-3
1.4265197708E+0	5.7872570680E+1	6.3941982290E-3
1.4329151568E+0	5.7737873894E+1	6.3965558531E-3
1.4393128469E+0	5.7594366156E+1	6.3988065821E-3
1.4457127343E+0	5.7442300987E+1	6.4009503785E-3
1.4521147120E+0	5.7281962300E+1	6.4029872063E-3
1.4585186731E+0	5.7113661567E+1	6.4049170317E-3
1.4649245104E+0	5.6937734967E+1	6.4067398222E-3
1.4713321170E+0	5.6754540522E+1	6.4084555476E-3
1.4777413858E+0	5.6564455248E+1	6.4100641790E-3
1.4841522097E+0	5.6367872332E+1	6.4115656896E-3
1.4905644815E+0	5.6165198343E+1	6.4129600544E-3
1.4969780940E+0	5.5956850507E+1	6.4142472499E-3
1.5033929402E+0	5.5743254040E+1	6.4154272548E-3
1.5098089128E+0	5.5524839568E+1	6.4165000493E-3
1.5162259046E+0	5.5302040624E+1	6.4174656154E-3
1.5226438083E+0	5.5075291261E+1	6.4183239370E-3
1.5290625167E+0	5.4845023760E+1	6.4190749998E-3
1.5354819225E+0	5.4611666459E+1	6.4197187912E-3
1.5419019185E+0	5.4375641703E+1	6.4202553005E-3
1.5483223974E+0	5.4137363923E+1	6.4206845187E-3
1.5547432518E+0	5.3897237852E+1	6.4210064386E-3
1.5611643745E+0	5.3655656868E+1	6.4212210549E-3
1.5675856581E+0	5.3413001483E+1	6.4213283639E-3
1.5740069954E+0	5.3169637974E+1	6.4213283639E-3
1.5804282791E+0	5.2925917153E+1	6.4212210549E-3
1.5868494018E+0	5.2682173281E+1	6.4210064386E-3
1.5932702562E+0	5.2438723118E+1	6.4206845187E-3
1.5996907351E+0	5.2195865120E+1	6.4202553005E-3
1.6061107310E+0	5.1953878771E+1	6.4197187912E-3
1.6125301369E+0	5.1713024043E+1	6.4190749998E-3
1.6189488453E+0	5.1473540999E+1	6.4183239370E-3
1.6253667490E+0	5.1235649508E+1	6.4174656154E-3
1.6317837408E+0	5.0999549096E+1	6.4165000493E-3
1.6381997134E+0	5.0765418901E+1	6.4154272548E-3
1.6446145595E+0	5.0533417747E+1	6.4142472499E-3
1.6510281721E+0	5.0303684324E+1	6.4129600544E-3
1.6574404439E+0	5.0076337456E+1	6.4115656896E-3
1.6638512678E+0	4.9851476478E+1	6.4100641790E-3
1.6702605366E+0	4.9629181682E+1	6.4084555476E-3
1.6766681432E+0	4.9409514855E+1	6.4067398222E-3
1.6830739805E+0	4.9192519880E+1	6.4049170317E-3
1.6894779416E+0	4.8978223406E+1	6.4029872063E-3
1.6958799193E+0	4.8766635576E+1	6.4009503785E-3
1.7022798067E+0	4.8557750803E+1	6.3988065821E-3
1.7086774968E+0	4.8351548596E+1	6.3965558531E-3
1.7150728827E+0	4.8147994416E+1	6.3941982290E-3
1.7214658576E+0	4.7947040565E+1	6.3917337493E-3
1.7278563146E+0	4.7748627104E+1	6.3891624551E-3
1.7342441470E+0	4.7552682784E+1	6.3864843894E-3
1.7406292478E+0	4.7359125987E+1	6.3836995970E-3
1.7470115106E+0	4.7167865682E+1	6.3808081243E-3
1.7533908286E+0	4.6978802371E+1	6.3778100198E-3
1.7597670951E+0	4.6791829036E+1	6.3747053335E-3
1.7661402037E+0	4.6606832081E+1	6.3714941173E-3
1.7725100479E+0	4.6423692250E+1	6.3681764249E-3
1.7788765211E+0	4.6242285533E+1	6.3647523117E-3
1.7852395170E+0	4.6062484051E+1	6.3612218349E-3
1.7915989293E+0	4.5884156915E+1	6.3575850535E-3
1.7979546517E+0	4.5707171046E+1	6.3538420284E-3
1.8043065780E+0	4.5531391984E+1	6.3499928220E-3
1.8106546020E+0	4.5356684641E+1	6.3460374987E-3
1.8169986176E+0	4.5182914031E+1	6.3419761245E-3
1.8233385189E+0	4.5009945957E+1	6.3378087674E-3
1.8296741999E+0	4.4837647660E+1	6.3335354970E-3
1.8360055546E+0	4.4665888423E+1	6.3291563847E-3
1.8423324774E+0	4.4494540139E+1	6.3246715037E-3
1.8486548624E+0	4.4323477828E+1	6.3200809290E-3
1.8549726040E+0	4.4152580119E+1	6.3153847371E-3
1.8612855967E+0	4.3981729684E+1	6.3105830068E-3
1.8675937349E+0	4.3810813632E+1	6.3056758180E-3
1.8738969132E+0	4.3639723851E+1	6.3006632530E-3
1.8801950263E+0	4.3468357322E+1	6.2955453954E-3
1.8864879689E+0	4.3296616383E+1	6.2903223308E-3
1.8927756359E+0	4.3124408949E+1	6.2849941464E-3
1.8990579222E+0	4.2951648701E+1	6.2795609313E-3
1.9053347228E+0	4.2778255229E+1	6.2740227763E-3
1.9116059328E+0	4.2604154148E+1	6.2683797740E-3
1.9178714474E+0	4.2429277164E+1	6.2626320186E-3
1.9241311620E+0	4.2253562122E+1	6.2567796062E-3
1.9303849718E+0	4.2076953010E+1	6.2508226346E-3
1.9366327724E+0	4.1899399939E+1	6.2447612034E-3
1.9428744594E+0	4.1720859094E+1	6.2385954138E-3
1.9491099285E+0	4.1541292653E+1	6.2323253688E-3
1.9553390754E+0	4.1360668692E+1	6.2259511734E-3
1.9615617961E+0	4.1178961056E+1	6.2194729339E-3
1.9677779867E+0	4.0996149214E+1	6.2128907587E-3
1.9739875431E+0	4.0812218100E+1	6.2062047577E-3
1.9801903616E+0	4.0627157926E+1	6.1994150427E-3
1.9863863386E+0	4.0440963991E+1	6.1925217271E-3
1.9925753706E+0	4.0253636468E+1	6.1855249261E-3
1.9987573540E+0	4.0065180187E+1	6.1784247568E-3
2.0049321857E+0	3.9875604403E+1	6.1712213376E-3
2.0110997623E+0	3.9684922555E+1	6.1639147890E-3
2.0172599809E+0	3.9493152028E+1	6.1565052331E-3
2.0234127385E+0	3.9300313896E+1	6.1489927938E-3
2.0295579322E+0	3.9106432676E+1	6.1413775965E-3
2.0356954595E+0	3.8911536068E+1	6.1336597685E-3
2.0418252176E+0	3.8715654703E+1	6.1258394388E-3
2.0479471042E+0	3.8518821888E+1	6.1179167381E-3
2.0540610170E+0	3.8321073354E+1	6.1098917988E-3
2.0601668538E+0	3.8122447006E+1	6.1017647550E-3
2.0662645125E+0	3.7922982677E+1	6.0935357425E-3
2.0723538913E+0	3.7722721890E+1	6.0852048988E-3
2.0784348884E+0	3.7521707622E+1	6.0767723631E-3
2.0845074022E+0	3.7319984076E+1	6.0682382765E-3
2.0905713312E+0	3.7117596460E+1	6.0596027814E-3
2.0966265740E+0	3.6914590775E+1	6.0508660221E-3
2.1026730295E+0	3.6711013613E+1	6.0420281448E-3
2.1087105966E+0	3.6506911958E+1	6.0330892971E-3
2.1147391745E+0	3.6302333001E+1	6.0240496283E-3
2.1207586623E+0	3.6097323963E+1	6.0149092896E-3
2.1267689596E+0	3.5891931930E+1	6.0056684336E-3
2.1327699657E+0	3.5686203696E+1	5.9963272149E-3
2.1387615806E+0	3.5480185614E+1	5.9868857894E-3
2.1447437040E+0	3.5273923460E+1	5.9773443150E-3
2.1507162359E+0	3.5067462310E+1	5.9677029512E-3
2.1566790766E+0	3.4860846421E+1	5.9579618591E-3
2.1626321265E+0	3.4654119122E+1	5.9481212013E-3
2.1685752859E+0	3.4447322723E+1	5.9381811425E-3
2.1745084557E+0	3.4240498427E+1	5.9281418487E-3
2.1804315366E+0	3.4033686252E+1	5.9180034877E-3
2.1863444297E+0	3.3826924960E+1	5.9077662288E-3
2.1922470361E+0	3.3620252005E+1	5.8974302433E-3
2.1981392573E+0	3.3413703479E+1	5.8869957037E-3
2.2040209947E+0	3.3207314069E+1	5.8764627846E-3
2.2098921501E+0	3.3001117028E+1	5.8658316618E-3
2.2157526254E+0	3.2795144144E+1	5.8551025132E-3
2.2216023226E+0	3.2589425725E+1	5.8442755178E-3
2.2274411439E+0	3.2383990586E+1	5.8333508568E-3
2.2332689918E+0	3.2178866045E+1	5.8223287127E-3
2.2390857689E+0	3.1974077922E+1	5.8112092696E-3
2.2448913779E+0	3.1769650549E+1	5.7999927133E-3
2.2506857220E+0	3.1565606780E+1	5.7886792314E-3
2.2564687042E+0	3.1361968011E+1	5.7772690129E-3
2.2622402278E+0	3.1158754200E+1	5.7657622485E-3
2.2680001965E+0	3.0955983891E+1	5.7541591304E-3
2.2737485140E+0	3.0753674253E+1	5.7424598526E-3
2.2794850843E+0	3.0551841101E+1	5.7306646105E-3
2.2852098113E+0	3.0350498946E+1	5.7187736014E-3
2.2909225996E+0	3.0149661024E+1	5.7067870238E-3
2.2966233536E+0	2.9949339342E+1	5.6947050782E-3
2.3023119780E+0	2.9749544726E+1	5.6825279663E-3
2.3079883779E+0	2.9550286860E+1	5.6702558918E-3
2.3136524582E+0	2.9351574337E+1	5.6578890597E-3
2.3193041245E+0	2.9153414709E+1	5.6454276767E-3
2.3249432821E+0	2.8955814534E+1	5.6328719509E-3
2.3305698370E+0	2.8758779425E+1	5.6202220924E-3
2.3361836950E+0	2.8562314106E+1	5.6074783123E-3
2.3417847624E+0	2.8366422457E+1	5.5946408237E-3
2.3473729455E+0	2.8171107568E+1	5.5817098412E-3
2.3529481510E+0	2.7976371788E+1	5.5686855808E-3
2.3585102856E+0	2.7782216776E+1	5.5555682601E-3
2.3640592565E+0	2.7588643552E+1	5.5423580985E-3
2.3695949710E+0	2.7395652539E+1	5.5290553166E-3
2.3751173364E+0	2.7203243622E+1	5.5156601367E-3
2.3806262605E+0	2.7011416183E+1	5.5021727828E-3
2.3861216513E+0	2.6820169157E+1	5.4885934801E-3
2.3916034169E+0	2.6629501067E+1	5.4749224557E-3
2.3970714657E+0	2.6439410075E+1	5.4611599379E-3
2.4025257064E+0	2.6249894019E+1	5.4473061568E-3
2.4079660477E+0	2.6060950455E+1	5.4333613439E-3
2.4133923988E+0	2.5872576695E+1	5.4193257323E-3
2.4188046690E+0	2.5684769843E+1	5.4051995564E-3
2.4242027678E+0	2.5497526832E+1	5.3909830523E-3
2.4295866050E+0	2.5310844459E+1	5.3766764577E-3
2.4349560907E+0	2.5124719413E+1	5.3622800116E-3
2.4403111352E+0	2.4939148309E+1	5.3477939546E-3
2.4456516489E+0	2.4754127714E+1	5.3332185287E-3
2.4509775425E+0	2.4569654176E+1	5.3185539776E-3
2.4562887272E+0	2.4385724248E+1	5.3038005463E-3
2.4615851141E+0	2.4202334513E+1	5.2889584814E-3
2.4668666147E+0	2.4019481606E+1	5.2740280309E-3
2.4721331408E+0	2.3837162230E+1	5.2590094442E-3
2.4773846043E+0	2.3655373182E+1	5.2439029725E-3
2.4826209175E+0	2.3474111365E+1	5.2287088681E-3
2.4878419929E+0	2.3293373807E+1	5.2134273849E-3
2.4930477432E+0	2.3113157671E+1	5.1980587783E-3
2.4982380815E+0	2.2933460272E+1	5.1826033052E-3
2.5034129210E+0	2.2754279087E+1	5.1670612238E-3
2.5085721752E+0	2.2575611767E+1	5.1514327939E-3
2.5137157579E+0	2.2397456141E+1	5.1357182766E-3
2.5188435831E+0	2.2219810229E+1	5.1199179345E-3
2.5239555652E+0	2.2042672247E+1	5.1040320318E-3
2.5290516187E+0	2.1866040610E+1	5.0880608338E-3
2.5341316585E+0	2.1689913939E+1	5.0720046074E-3
2.5391955997E+0	2.1514291065E+1	5.0558636210E-3
2.5442433576E+0	2.1339171030E+1	5.0396381444E-3
2.5492748479E+0	2.1164553087E+1	5.0233284486E-3
2.5542899865E+0	2.0990436704E+1	5.0069348063E-3
2.5592886896E+0	2.0816821563E+1	4.9904574913E-3
2.5642708737E+0	2.0643707557E+1	4.9738967791E-3
2.5692364555E+0	2.0471094792E+1	4.9572529464E-3
2.5741853520E+0	2.0298983583E+1	4.9405262713E-3
2.5791174805E+0	2.0127374451E+1	4.9237170334E-3
2.5840327586E+0	1.9956268121E+1	4.9068255135E-3
2.5889311042E+0	1.9785665518E+1	4.8898519940E-3
2.5938124354E+0	1.9615567761E+1	4.8727967585E-3
2.5986766706E+0	1.9445976164E+1	4.8556600920E-3
2.6035237285E+0	1.9276892223E+1	4.8384422809E-3
2.6083535282E+0	1.9108317620E+1	4.8211436130E-3
2.6131659889E+0	1.8940254209E+1	4.8037643772E-3
2.6179610302E+0	1.8772704016E+1	4.7863048641E-3
2.6227385719E+0	1.8605669232E+1	4.7687653653E-3
2.6274985343E+0	1.8439152206E+1	4.7511461741E-3
2.6322408378E+0	1.8273155439E+1	4.7334475849E-3
2.6369654032E+0	1.8107681578E+1	4.7156698934E-3
2.6416721513E+0	1.7942733411E+1	4.6978133967E-3
2.6463610038E+0	1.7778313856E+1	4.6798783932E-3
2.6510318821E+0	1.7614425962E+1	4.6618651826E-3
2.6556847082E+0	1.7451072897E+1	4.6437740661E-3
2.6603194043E+0	1.7288257940E+1	4.6256053458E-3
2.6649358931E+0	1.7125984482E+1	4.6073593254E-3
2.6695340973E+0	1.6964256014E+1	4.5890363098E-3
2.6741139402E+0	1.6803076119E+1	4.5706366053E-3
2.6786753451E+0	1.6642448472E+1	4.5521605193E-3
2.6832182358E+0	1.6482376831E+1	4.5336083606E-3
2.6877425365E+0	1.6322865027E+1	4.5149804392E-3
2.6922481716E+0	1.6163916966E+1	4.4962770664E-3
2.6967350656E+0	1.6005536616E+1	4.4774985548E-3
2.7012031437E+0	1.5847728005E+1	4.4586452181E-3
2.7056523312E+0	1.5690495216E+1	4.4397173715E-3
2.7100825537E+0	1.5533842379E+1	4.4207153312E-3
2.7144937373E+0	1.5377773669E+1	4.4016394148E-3
2.7188858081E+0	1.5222293297E+1	4.3824899412E-3
2.7232586927E+0	1.5067405511E+1	4.3632672302E-3
2.7276123182E+0	1.4913114585E+1	4.3439716031E-3
2.7319466117E+0	1.4759424817E+1	4.3246033825E-3
2.7362615009E+0	1.4606340528E+1	4.3051628919E-3
2.7405569135E+0	1.4453866052E+1	4.2856504563E-3
2.7448327779E+0	1.4302005735E+1	4.2660664016E-3
2.7490890226E+0	1.4150763933E+1	4.2464110553E-3
2.7533255764E+0	1.4000145004E+1	4.2266847457E-3
2.7575423685E+0	1.3850153309E+1	4.2068878026E-3
2.7617393285E+0	1.3700793204E+1	4.1870205567E-3
2.7659163863E+0	1.3552069042E+1	4.1670833400E-3
2.7700734720E+0	1.3403985166E+1	4.1470764858E-3
2.7742105162E+0	1.3256545908E+1	4.1270003283E-3
2.7783274497E+0	1.3109755586E+1	4.1068552032E-3
2.7824242037E+0	1.2963618500E+1	4.0866414469E-3
2.7865007098E+0	1.2818138934E+1	4.0663593974E-3
2.7905568999E+0	1.2673321148E+1	4.0460093936E-3
2.7945927061E+0	1.2529169379E+1	4.0255917754E-3
2.7986080610E+0	1.2385687841E+1	4.0051068843E-3
2.8026028975E+0	1.2242880720E+1	3.9845550624E-3
2.8065771489E+0	1.2100752172E+1	3.9639366533E-3
2.8105307487E+0	1.1959306324E+1	3.9432520014E-3
2.8144636309E+0	1.1818547272E+1	3.9225014525E-3
2.8183757298E+0	1.1678479077E+1	3.9016853533E-3
2.8222669799E+0	1.1539105769E+1	3.8808040517E-3
2.8261373163E+0	1.1400431339E+1	3.8598578967E-3
2.8299866742E+0	1.1262459746E+1	3.8388472382E-3
2.8338149894E+0	1.1125194907E+1	3.8177724274E-3
2.8376221978E+0	1.0988640706E+1	3.7966338166E-3
2.8414082359E+0	1.0852800986E+1	3.7754317588E-3
2.8451730403E+0	1.0717679549E+1	3.7541666086E-3
2.8489165482E+0	1.0583280162E+1	3.7328387211E-3
2.8526386969E+0	1.0449606547E+1	3.7114484529E-3
2.8563394244E+0	1.0316662388E+1	3.6899961614E-3
2.8600186687E+0	1.0184451328E+1	3.6684822051E-3
2.8636763684E+0	1.0052976968E+1	3.6469069436E-3
2.8673124623E+0	9.9222428683E+0	3.6252707373E-3
2.8709268897E+0	9.7922525464E+0	3.6035739479E-3
2.8745195901E+0	9.6630094796E+0	3.5818169379E-3
2.8780905036E+0	9.5345171029E+0	3.5600000709E-3
2.8816395704E+0	9.4067788100E+0	3.5381237115E-3
2.8851667313E+0	9.2797979527E+0	3.5161882254E-3
2.8886719273E+0	9.1535778414E+0	3.4941939790E-3
2.8921550998E+0	9.0281217452E+0	3.4721413399E-3
2.8956161906E+0	8.9034328921E+0	3.4500306767E-3
2.8990551419E+0	8.7795144688E+0	3.4278623588E-3
2.9024718962E+0	8.6563696217E+0	3.4056367567E-3
2.9058663965E+0	8.5340014562E+0	3.3833542419E-3
2.9092385859E+0	8.4124130379E+0	3.3610151867E-3
2.9125884081E+0	8.2916073922E+0	3.3386199643E-3
2.9159158072E+0	8.1715875051E+0	3.3161689492E-3
2.9192207275E+0	8.0523563232E+0	3.2936625164E-3
2.9225031139E+0	7.9339167543E+0	3.2711010421E-3
2.9257629114E+0	7.8162716675E+0	3.2484849032E-3
2.9290000656E+0	7.6994238940E+0	3.2258144779E-3
2.9322145224E+0	7.5833762272E+0	3.2030901448E-3
2.9354062280E+0	7.4681314228E+0	3.1803122838E-3
2.9385751292E+0	7.3536922001E+0	3.1574812755E-3
2.9417211730E+0	7.2400612415E+0	3.1345975014E-3
2.9448443068E+0	7.1272411934E+0	3.1116613440E-3
2.9479444784E+0	7.0152346666E+0	3.0886731866E-3
2.9510216360E+0	6.9040442365E+0	3.0656334132E-3
2.9540757281E+0	6.7936724438E+0	3.0425424091E-3
2.9571067038E+0	6.6841217949E+0	3.0194005599E-3
2.9601145124E+0	6.5753947620E+0	2.9962082525E-3
2.9630991036E+0	6.4674937839E+0	2.9729658744E-3
2.9660604276E+0	6.3604212664E+0	2.9496738141E-3
2.9689984348E+0	6.2541795824E+0	2.9263324607E-3
2.9719130762E+0	6.1487710727E+0	2.9029422044E-3
2.9748043031E+0	6.0441980464E+0	2.8795034361E-3
2.9776720671E+0	5.9404627808E+0	2.8560165473E-3
2.9805163203E+0	5.8375675225E+0	2.8324819307E-3
2.9833370151E+0	5.7355144873E+0	2.8088999795E-3
2.9861341046E+0	5.6343058611E+0	2.7852710878E-3
2.9889075418E+0	5.5339437995E+0	2.7615956505E-3
2.9916572805E+0	5.4344304290E+0	2.7378740632E-3
2.9943832747E+0	5.3357678471E+0	2.7141067224E-3
2.9970854788E+0	5.2379581223E+0	2.6902940251E-3
2.9997638477E+0	5.1410032951E+0	2.6664363695E-3
3.0024183367E+0	5.0449053777E+0	2.6425341541E-3
3.0050489013E+0	4.9496663551E+0	2.6185877784E-3
3.0076554977E+0	4.8552881847E+0	2.5945976426E-3
3.0102380822E+0	4.7617727970E+0	2.5705641475E-3
3.0127966116E+0	4.6691220962E+0	2.5464876949E-3
3.0153310434E+0	4.5773379598E+0	2.5223686871E-3
3.0178413350E+0	4.4864222396E+0	2.4982075270E-3
3.0203274445E+0	4.3963767616E+0	2.4740046186E-3
3.0227893304E+0	4.3072033266E+0	2.4497603662E-3
3.0252269516E+0	4.2189037100E+0	2.4254751751E-3
3.0276402673E+0	4.1314796628E+0	2.4011494510E-3
3.0300292371E+0	4.0449329111E+0	2.3767836004E-3
3.0323938212E+0	3.9592651571E+0	2.3523780306E-3
3.0347339801E+0	3.8744780787E+0	2.3279331494E-3
3.0370496746E+0	3.7905733303E+0	2.3034493653E-3
3.0393408660E+0	3.7075525427E+0	2.2789270875E-3
3.0416075160E+0	3.6254173233E+0	2.2543667257E-3
3.0438495869E+0	3.5441692568E+0	2.2297686905E-3
3.0460670410E+0	3.4638099049E+0	2.2051333928E-3
3.0482598414E+0	3.3843408067E+0	2.1804612443E-3
3.0504279513E+0	3.3057634790E+0	2.1557526574E-3
3.0525713347E+0	3.2280794165E+0	2.1310080450E-3
3.0546899556E+0	3.1512900918E+0	2.1062278206E-3
3.0567837786E+0	3.0753969560E+0	2.0814123983E-3
3.0588527688E+0	3.0004014383E+0	2.0565621928E-3
3.0608968915E+0	2.9263049468E+0	2.0316776194E-3
3.0629161127E+0	2.8531088681E+0	2.0067590939E-3
3.0649103985E+0	2.7808145681E+0	1.9818070327E-3
3.0668797157E+0	2.7094233917E+0	1.9568218529E-3
3.0688240313E+0	2.6389366629E+0	1.9318039720E-3
3.0707433129E+0	2.5693556855E+0	1.9067538080E-3
3.0726375283E+0	2.5006817427E+0	1.8816717796E-3
3.0745066460E+0	2.4329160974E+0	1.8565583060E-3
3.0763506346E+0	2.3660599925E+0	1.8314138067E-3
3.0781694634E+0	2.3001146511E+0	1.8062387021E-3
3.0799631019E+0	2.2350812762E+0	1.7810334128E-3
3.0817315203E+0	2.1709610512E+0	1.7557983600E-3
3.0834746889E+0	2.1077551400E+0	1.7305339655E-3
3.0851925786E+0	2.0454646871E+0	1.7052406515E-3
3.0868851607E+0	1.9840908176E+0	1.6799188405E-3
3.0885524069E+0	1.9236346373E+0	1.6545689559E-3
3.0901942894E+0	1.8640972331E+0	1.6291914212E-3
3.0918107807E+0	1.8054796729E+0	1.6037866605E-3
3.0934018538E+0	1.7477830057E+0	1.5783550984E-3
3.0949674821E+0	1.6910082617E+0	1.5528971598E-3
3.0965076394E+0	1.6351564525E+0	1.5274132703E-3
3.0980223001E+0	1.5802285711E+0	1.5019038556E-3
3.0995114388E+0	1.5262255920E+0	1.4763693421E-3
3.1009750306E+0	1.4731484715E+0	1.4508101565E-3
3.1024130510E+0	1.4209981474E+0	1.4252267258E-3
3.1038254761E+0	1.3697755395E+0	1.3996194778E-3
3.1052122822E+0	1.3194815494E+0	1.3739888402E-3
3.1065734461E+0	1.2701170607E+0	1.3483352414E-3
3.1079089451E+0	1.2216829390E+0	1.3226591101E-3
3.1092187570E+0	1.1741800321E+0	1.2969608754E-3
3.1105028597E+0	1.1276091702E+0	1.2712409668E-3
3.1117612318E+0	1.0819711654E+0	1.2454998140E-3
3.1129938524E+0	1.0372668125E+0	1.2197378472E-3
3.1142007007E+0	9.9349688868E-1	1.1939554970E-3
3.1153817567E+0	9.5066215350E-1	1.1681531941E-3
3.1165370006E+0	9.0876334921E-1	1.1423313699E-3
3.1176664131E+0	8.6780120069E-1	1.1164904558E-3
3.1187699753E+0	8.2777641553E-1	1.0906308836E-3
3.1198476688E+0	7.8868968409E-1	1.0647530855E-3
3.1208994755E+0	7.5054167955E-1	1.0388574939E-3
3.1219253780E+0	7.1333305801E-1	1.0129445417E-3
3.1229253590E+0	6.7706445852E-1	9.8701466182E-4
3.1238994018E+0	6.4173650312E-1	9.6106828758E-4
3.1248474902E+0	6.0734979694E-1	9.3510585261E-4
3.1257696083E+0	5.7390492821E-1	9.0912779076E-4
3.1266657407E+0	5.4140246834E-1	8.8313453619E-4
3.1275358724E+0	5.0984297196E-1	8.5712652325E-4
3.1283799890E+0	4.7922697696E-1	8.3110418659E-4
3.1291980762E+0	4.4955500456E-1	8.0506796108E-4
3.1299901204E+0	4.2082755934E-1	7.7901828182E-4
3.1307561084E+0	3.9304512928E-1	7.5295558414E-4
3.1314960274E+0	3.6620818582E-1	7.2688030358E-4
3.1322098650E+0	3.4031718390E-1	7.0079287589E-4
3.1328976092E+0	3.1537256197E-1	6.7469373705E-4
3.1335592487E+0	2.9137474207E-1	6.4858332323E-4
3.1341947723E+0	2.6832412984E-1	6.2246207073E-4
3.1348041694E+0	2.4622111459E-1	5.9633041614E-4
3.1353874298E+0	2.2506606927E-1	5.7018879612E-4
3.1359445438E+0	2.0485935059E-1	5.4403764760E-4
3.1364755020E+0	1.8560129896E-1	5.1787740760E-4
3.1369802957E+0	1.6729223859E-1	4.9170851331E-4
3.1374589163E+0	1.4993247751E-1	4.6553140213E-4
3.1379113559E+0	1.3352230754E-1	4.3934651156E-4
3.1383376069E+0	1.1806200440E-1	4.1315427928E-4
3.1387376622E+0	1.0355182766E-1	3.8695514312E-4
3.1391115150E+0	8.9992020816E-2	3.6074954110E-4
3.1394591592E+0	7.7382811267E-2	3.3453791144E-4
3.1397805890E+0	6.5724410361E-2	3.0832069259E-4
3.1400757989E+0	5.5017013393E-2	2.8209832342E-4
3.1403447841E+0	4.5260799614E-2	2.5587124334E-4
3.1405875400E+0	3.6455932221E-2	2.2963989267E-4
3.1408040626E+0	2.8602558325E-2	2.0340471372E-4
3.1409943483E+0	2.1700808869E-2	1.7716615272E-4
3.1411583939E+0	1.5750798411E-2	1.5092466531E-4
3.1412961968E+0	1.0752624561E-2	1.2468073282E-4
3.1414077547E+0	6.7063662504E-3	9.8434919423E-5
3.1414930663E+0	3.6120772016E-3	7.2188137769E-5
3.1415521316E+0	1.4697508493E-3	4.5943520243E-5
3.1415849628E+0	2.7894715994E-4	1.9736940383E-5