# Differential cross section		
# Author: P. Swaczyna	Princeton University	(swaczyna@princeton.edu)
# Date: 	Fri 4 Dec 2020 01:27:13	
# 		
# Elastic collision: H^0 + He^0 -> H^0 + He^0		
# 		
# Red. mass: 	7.5005505498E+8	 eV/c^2
# CM energy: 	6.1659500186E-1	 eV
# Rel speed: 	1.2155956285E+6	 cm/s
# Tot sigma: 	1.5559820588E+2	 a.u.
# Int sigma: 	1.5559820588E+2	 a.u.
# 		
# Columns:		
# the <- scattering angle (rad)		
# dcs <- dsigma/dOmega*2*pi*sin(the) (a.u. = 2.8002852056E-17 cm^2)		
# wei <- weight for cross section integration (approx. width of angle bin)		
# 		
# the	dcs	wei
7.6907532846E-6	6.0670447727E-1	1.9736940383E-5
4.0521979771E-5	3.1966762198E+0	4.5943520243E-5
9.9587300392E-5	7.8561588030E+0	7.2188137769E-5
1.8489884726E-4	1.4585976482E+1	9.8434919423E-5
2.9645680168E-4	2.3385770688E+1	1.2468073282E-4
4.3425968311E-4	3.4254614300E+1	1.5092466531E-4
5.9830531657E-4	4.7190830005E+1	1.7716615272E-4
7.8859101285E-4	6.2191686218E+1	2.0340471372E-4
1.0051136166E-3	7.9253022596E+1	2.2963989267E-4
1.2478695220E-3	9.8368813630E+1	2.5587124334E-4
1.5168546797E-3	1.1953067294E+2	2.8209832342E-4
1.8120645986E-3	1.4272729992E+2	3.0832069259E-4
2.1334943481E-3	1.6794387071E+2	3.3453791144E-4
2.4811385584E-3	1.9516137549E+2	3.6074954110E-4
2.8549914211E-3	2.2435590538E+2	3.8695514312E-4
3.2550466893E-3	2.5549789221E+2	4.1315427928E-4
3.6812976783E-3	2.8855130605E+2	4.3934651156E-4
4.1337372652E-3	3.2347281590E+2	4.6553140213E-4
4.6123578895E-3	3.6021092025E+2	4.9170851331E-4
5.1171515529E-3	3.9870505571E+2	5.1787740760E-4
5.6481098199E-3	4.3888469294E+2	5.4403764760E-4
6.2052238176E-3	4.8066843085E+2	5.7018879612E-4
6.7884842360E-3	5.2396310167E+2	5.9633041614E-4
7.3978813281E-3	5.6866290104E+2	6.2246207073E-4
8.0334049101E-3	6.1464855913E+2	6.4858332323E-4
8.6950443616E-3	6.6178657042E+2	6.7469373705E-4
9.3827886258E-3	7.0992850174E+2	7.0079287589E-4
1.0096626210E-2	7.5891039952E+2	7.2688030358E-4
1.0836545184E-2	8.0855231913E+2	7.5295558414E-4
1.1602533184E-2	8.5865800020E+2	7.7901828182E-4
1.2394577408E-2	9.0901471321E+2	8.0506796108E-4
1.3212664621E-2	9.5939330333E+2	8.3110418659E-4
1.4056781152E-2	1.0095484577E+3	8.5712652325E-4
1.4926912893E-2	1.0592192228E+3	8.8313453619E-4
1.5823045305E-2	1.1081297965E+3	9.0912779076E-4
1.6745163410E-2	1.1559906209E+3	9.3510585261E-4
1.7693251801E-2	1.2024997951E+3	9.6106828758E-4
1.8667294632E-2	1.2473448295E+3	9.8701466182E-4
1.9667275626E-2	1.2902047554E+3	1.0129445417E-3
2.0693178073E-2	1.3307526003E+3	1.0388574939E-3
2.1744984827E-2	1.3686582326E+3	1.0647530855E-3
2.2822678313E-2	1.4035915738E+3	1.0906308836E-3
2.3926240519E-2	1.4352261664E+3	1.1164904558E-3
2.5055653005E-2	1.4632430779E+3	1.1423313699E-3
2.6210896896E-2	1.4873351113E+3	1.1681531941E-3
2.7391952886E-2	1.5072112807E+3	1.1939554970E-3
2.8598801239E-2	1.5226015011E+3	1.2197378472E-3
2.9831421786E-2	1.5332614272E+3	1.2454998140E-3
3.1089793929E-2	1.5389773684E+3	1.2712409668E-3
3.2373896638E-2	1.5395711899E+3	1.2969608754E-3
3.3683708455E-2	1.5349051056E+3	1.3226591101E-3
3.5019207490E-2	1.5248862523E+3	1.3483352414E-3
3.6380371427E-2	1.5094709325E+3	1.3739888402E-3
3.7767177517E-2	1.4886684020E+3	1.3996194778E-3
3.9179602586E-2	1.4625440784E+3	1.4252267258E-3
4.0617623030E-2	1.4312220444E+3	1.4508101565E-3
4.2081214817E-2	1.3948867231E+3	1.4763693421E-3
4.3570353490E-2	1.3537836104E+3	1.5019038556E-3
4.5085014162E-2	1.3082189588E+3	1.5274132703E-3
4.6625171522E-2	1.2585583251E+3	1.5528971598E-3
4.8190799831E-2	1.2052239124E+3	1.5783550984E-3
4.9781872927E-2	1.1486906629E+3	1.6037866605E-3
5.1398364219E-2	1.0894810864E+3	1.6291914212E-3
5.3040246694E-2	1.0281588415E+3	1.6545689559E-3
5.4707492914E-2	9.6532112412E+2	1.6799188405E-3
5.6400075017E-2	9.0158995241E+2	1.7052406515E-3
5.8117964718E-2	8.3760247990E+2	1.7305339655E-3
5.9861133308E-2	7.7400050491E+2	1.7557983600E-3
6.1629551657E-2	7.1141938263E+2	1.7810334128E-3
6.3423190212E-2	6.5047657998E+2	1.8062387021E-3
6.5242019000E-2	5.9176014299E+2	1.8314138067E-3
6.7086007624E-2	5.3581736902E+2	1.8565583060E-3
6.8955125270E-2	4.8314399176E+2	1.8816717796E-3
7.0849340702E-2	4.3417419247E+2	1.9067538080E-3
7.2768622264E-2	3.8927174673E+2	1.9318039720E-3
7.4712937885E-2	3.4872260027E+2	1.9568218529E-3
7.6682255070E-2	3.1272914070E+2	1.9818070327E-3
7.8676540910E-2	2.8140639295E+2	2.0067590939E-3
8.0695762079E-2	2.5478031727E+2	2.0316776194E-3
8.2739884832E-2	2.3278832935E+2	2.0565621928E-3
8.4808875009E-2	2.1528209456E+2	2.0814123983E-3
8.6902698034E-2	2.0203257551E+2	2.1062278206E-3
8.9021318917E-2	1.9273723499E+2	2.1310080450E-3
9.1164702253E-2	1.8702921952E+2	2.1557526574E-3
9.3332812224E-2	1.8448827436E+2	2.1804612443E-3
9.5525612596E-2	1.8465307258E+2	2.2051333928E-3
9.7743066726E-2	1.8703458184E+2	2.2297686905E-3
9.9985137556E-2	1.9113004608E+2	2.2543667257E-3
1.0225178762E-1	1.9643712791E+2	2.2789270875E-3
1.0454297904E-1	2.0246774277E+2	2.3034493653E-3
1.0685867352E-1	2.0876112059E+2	2.3279331494E-3
1.0919883237E-1	2.1489565327E+2	2.3523780306E-3
1.1156341648E-1	2.2049912880E+2	2.3767836004E-3
1.1395238633E-1	2.2525701186E+2	2.4011494510E-3
1.1636570200E-1	2.2891850582E+2	2.4254751751E-3
1.1880332317E-1	2.3130021805E+2	2.4497603662E-3
1.2126520909E-1	2.3228734613E+2	2.4740046186E-3
1.2375131862E-1	2.3183240281E+2	2.4982075270E-3
1.2626161023E-1	2.2995159715E+2	2.5223686871E-3
1.2879604195E-1	2.2671908402E+2	2.5464876949E-3
1.3135457143E-1	2.2225937949E+2	2.5705641475E-3
1.3393715592E-1	2.1673831069E+2	2.5945976426E-3
1.3654375226E-1	2.1035292317E+2	2.6185877784E-3
1.3917431689E-1	2.0332080251E+2	2.6425341541E-3
1.4182880585E-1	1.9586927975E+2	2.6664363695E-3
1.4450717478E-1	1.8822498033E+2	2.6902940251E-3
1.4720937892E-1	1.8060414503E+2	2.7141067224E-3
1.4993537310E-1	1.7320410084E+2	2.7378740632E-3
1.5268511179E-1	1.6619619151E+2	2.7615956505E-3
1.5545854902E-1	1.5972039728E+2	2.7852710878E-3
1.5825563845E-1	1.5388178321E+2	2.8088999795E-3
1.6107633333E-1	1.4874882285E+2	2.8324819307E-3
1.6392058653E-1	1.4435355123E+2	2.8560165473E-3
1.6678835052E-1	1.4069341555E+2	2.8795034361E-3
1.6967957737E-1	1.3773461553E+2	2.9029422044E-3
1.7259421876E-1	1.3541666422E+2	2.9263324607E-3
1.7553222599E-1	1.3365785469E+2	2.9496738141E-3
1.7849354996E-1	1.3236129223E+2	2.9729658744E-3
1.8147814117E-1	1.3142114439E+2	2.9962082525E-3
1.8448594977E-1	1.3072877346E+2	3.0194005599E-3
1.8751692548E-1	1.3017844511E+2	3.0425424091E-3
1.9057101764E-1	1.2967235093E+2	3.0656334132E-3
1.9364817522E-1	1.2912473850E+2	3.0886731866E-3
1.9674834681E-1	1.2846500605E+2	3.1116613440E-3
1.9987148058E-1	1.2763968622E+2	3.1345975014E-3
2.0301752435E-1	1.2661331042E+2	3.1574812755E-3
2.0618642554E-1	1.2536820835E+2	3.1803122838E-3
2.0937813120E-1	1.2390335252E+2	3.2030901448E-3
2.1259258799E-1	1.2223240254E+2	3.2258144779E-3
2.1582974219E-1	1.2038113673E+2	3.2484849032E-3
2.1908953970E-1	1.1838447755E+2	3.2711010421E-3
2.2237192605E-1	1.1628332280E+2	3.2936625164E-3
2.2567684639E-1	1.1412138669E+2	3.3161689492E-3
2.2900424548E-1	1.1194223541E+2	3.3386199643E-3
2.3235406772E-1	1.0978667289E+2	3.3610151867E-3
2.3572625713E-1	1.0769059580E+2	3.3833542419E-3
2.3912075735E-1	1.0568339708E+2	3.4056367567E-3
2.4253751167E-1	1.0378695515E+2	3.4278623588E-3
2.4597646298E-1	1.0201520582E+2	3.4500306767E-3
2.4943755380E-1	1.0037425817E+2	3.4721413399E-3
2.5292072631E-1	9.8862984886E+1	3.4941939790E-3
2.5642592230E-1	9.7473995452E+1	3.5161882254E-3
2.5995308318E-1	9.6194885740E+1	3.5381237115E-3
2.6350215001E-1	9.5009651665E+1	3.5600000709E-3
2.6707306349E-1	9.3900156476E+1	3.5818169379E-3
2.7066576394E-1	9.2847550202E+1	3.6035739479E-3
2.7428019131E-1	9.1833554426E+1	3.6252707373E-3
2.7791628522E-1	9.0841544368E+1	3.6469069436E-3
2.8157398488E-1	8.9857381516E+1	3.6684822051E-3
2.8525322919E-1	8.8869972039E+1	3.6899961614E-3
2.8895395665E-1	8.7871547528E+1	3.7114484529E-3
2.9267610542E-1	8.6857683775E+1	3.7328387211E-3
2.9641961330E-1	8.5827089326E+1	3.7541666086E-3
3.0018441773E-1	8.4781207707E+1	3.7754317588E-3
3.0397045579E-1	8.3723684947E+1	3.7966338166E-3
3.0777766421E-1	8.2659757372E+1	3.8177724274E-3
3.1160597938E-1	8.1595613657E+1	3.8388472382E-3
3.1545533730E-1	8.0537780334E+1	3.8598578967E-3
3.1932567367E-1	7.9492572083E+1	3.8808040517E-3
3.2321692379E-1	7.8465638046E+1	3.9016853533E-3
3.2712902264E-1	7.7461624118E+1	3.9225014525E-3
3.3106190484E-1	7.6483959694E+1	3.9432520014E-3
3.3501550468E-1	7.5534766743E+1	3.9639366533E-3
3.3898975607E-1	7.4614879962E+1	3.9845550624E-3
3.4298459261E-1	7.3723959923E+1	4.0051068843E-3
3.4699994753E-1	7.2860676690E+1	4.0255917754E-3
3.5103575373E-1	7.2022939457E+1	4.0460093936E-3
3.5509194378E-1	7.1208148051E+1	4.0663593974E-3
3.5916844988E-1	7.0413444314E+1	4.0866414469E-3
3.6326520391E-1	6.9635944776E+1	4.1068552032E-3
3.6738213741E-1	6.8872940268E+1	4.1270003283E-3
3.7151918157E-1	6.8122052604E+1	4.1470764858E-3
3.7567626728E-1	6.7381342946E+1	4.1670833400E-3
3.7985332504E-1	6.6649370592E+1	4.1870205567E-3
3.8405028507E-1	6.5925204618E+1	4.2068878026E-3
3.8826707721E-1	6.5208393936E+1	4.2266847457E-3
3.9250363101E-1	6.4498903819E+1	4.2464110553E-3
3.9675987567E-1	6.3797028645E+1	4.2660664016E-3
4.0103574005E-1	6.3103291504E+1	4.2856504563E-3
4.0533115271E-1	6.2418341220E+1	4.3051628919E-3
4.0964604185E-1	6.1742856300E+1	4.3246033825E-3
4.1398033538E-1	6.1077463430E+1	4.3439716031E-3
4.1833396086E-1	6.0422675594E+1	4.3632672302E-3
4.2270684554E-1	5.9778852054E+1	4.3824899412E-3
4.2709891633E-1	5.9146179764E+1	4.4016394148E-3
4.3151009985E-1	5.8524673537E+1	4.4207153312E-3
4.3594032237E-1	5.7914190906E+1	4.4397173715E-3
4.4038950986E-1	5.7314457074E+1	4.4586452181E-3
4.4485758797E-1	5.6725095561E+1	4.4774985548E-3
4.4934448203E-1	5.6145660990E+1	4.4962770664E-3
4.5385011706E-1	5.5575671368E+1	4.5149804392E-3
4.5837441776E-1	5.5014638104E+1	4.5336083606E-3
4.6291730852E-1	5.4462092554E+1	4.5521605193E-3
4.6747871344E-1	5.3917608060E+1	4.5706366053E-3
4.7205855627E-1	5.3380816518E+1	4.5890363098E-3
4.7665676049E-1	5.2851418475E+1	4.6073593254E-3
4.8127324926E-1	5.2329186081E+1	4.6256053458E-3
4.8590794542E-1	5.1813958810E+1	4.6437740661E-3
4.9056077152E-1	5.1305632789E+1	4.6618651826E-3
4.9523164982E-1	5.0804145533E+1	4.6798783932E-3
4.9992050224E-1	5.0309458681E+1	4.6978133967E-3
5.0462725044E-1	4.9821541543E+1	4.7156698934E-3
5.0935181576E-1	4.9340357918E+1	4.7334475849E-3
5.1409411924E-1	4.8865857654E+1	4.7511461741E-3
5.1885408164E-1	4.8397973204E+1	4.7687653653E-3
5.2363162341E-1	4.7936620180E+1	4.7863048641E-3
5.2842666471E-1	4.7481700201E+1	4.8037643772E-3
5.3323912540E-1	4.7033104182E+1	4.8211436130E-3
5.3806892508E-1	4.6590714763E+1	4.8384422809E-3
5.4291598301E-1	4.6154407473E+1	4.8556600920E-3
5.4778021821E-1	4.5724051139E+1	4.8727967585E-3
5.5266154939E-1	4.5299508617E+1	4.8898519940E-3
5.5755989496E-1	4.4880638869E+1	4.9068255135E-3
5.6247517308E-1	4.4467300825E+1	4.9237170334E-3
5.6740730160E-1	4.4059358572E+1	4.9405262713E-3
5.7235619810E-1	4.3656686601E+1	4.9572529464E-3
5.7732177988E-1	4.3259173531E+1	4.9738967791E-3
5.8230396395E-1	4.2866723022E+1	4.9904574913E-3
5.8730266706E-1	4.2479251462E+1	5.0069348063E-3
5.9231780568E-1	4.2096683156E+1	5.0233284486E-3
5.9734929598E-1	4.1718944592E+1	5.0396381444E-3
6.0239705389E-1	4.1345959749E+1	5.0558636210E-3
6.0746099506E-1	4.0977647922E+1	5.0720046074E-3
6.1254103485E-1	4.0613924592E+1	5.0880608338E-3
6.1763708838E-1	4.0254704641E+1	5.1040320318E-3
6.2274907048E-1	3.9899906318E+1	5.1199179345E-3
6.2787689573E-1	3.9549454132E+1	5.1357182766E-3
6.3302047843E-1	3.9203279370E+1	5.1514327939E-3
6.3817973262E-1	3.8861318001E+1	5.1670612238E-3
6.4335457209E-1	3.8523506908E+1	5.1826033052E-3
6.4854491036E-1	3.8189780108E+1	5.1980587783E-3
6.5375066070E-1	3.7860066649E+1	5.2134273849E-3
6.5897173609E-1	3.7534291136E+1	5.2287088681E-3
6.6420804930E-1	3.7212376666E+1	5.2439029725E-3
6.6945951283E-1	3.6894248892E+1	5.2590094442E-3
6.7472603890E-1	3.6579839437E+1	5.2740280309E-3
6.8000753951E-1	3.6269087142E+1	5.2889584814E-3
6.8530392640E-1	3.5961936640E+1	5.3038005463E-3
6.9061511106E-1	3.5658334931E+1	5.3185539776E-3
6.9594100473E-1	3.5358227574E+1	5.3332185287E-3
7.0128151841E-1	3.5061556278E+1	5.3477939546E-3
7.0663656285E-1	3.4768259041E+1	5.3622800116E-3
7.1200604856E-1	3.4478272828E+1	5.3766764577E-3
7.1738988581E-1	3.4191537543E+1	5.3909830523E-3
7.2278798463E-1	3.3907999455E+1	5.4051995564E-3
7.2820025482E-1	3.3627612403E+1	5.4193257323E-3
7.3362660591E-1	3.3350336095E+1	5.4333613439E-3
7.3906694724E-1	3.3076132171E+1	5.4473061568E-3
7.4452118788E-1	3.2804959693E+1	5.4611599379E-3
7.4998923669E-1	3.2536772068E+1	5.4749224557E-3
7.5547100229E-1	3.2271516773E+1	5.4885934801E-3
7.6096639308E-1	3.2009137975E+1	5.5021727828E-3
7.6647531721E-1	3.1749580884E+1	5.5156601367E-3
7.7199768263E-1	3.1492795837E+1	5.5290553166E-3
7.7753339704E-1	3.1238740344E+1	5.5423580985E-3
7.8308236795E-1	3.0987378218E+1	5.5555682601E-3
7.8864450262E-1	3.0738676351E+1	5.5686855808E-3
7.9421970809E-1	3.0492600729E+1	5.5817098412E-3
7.9980789121E-1	3.0249113610E+1	5.5946408237E-3
8.0540895857E-1	3.0008173159E+1	5.6074783123E-3
8.1102281659E-1	2.9769735587E+1	5.6202220924E-3
8.1664937145E-1	2.9533758607E+1	5.6328719509E-3
8.2228852912E-1	2.9300204364E+1	5.6454276767E-3
8.2794019536E-1	2.9069040299E+1	5.6578890597E-3
8.3360427572E-1	2.8840237457E+1	5.6702558918E-3
8.3928067556E-1	2.8613767084E+1	5.6825279663E-3
8.4496930000E-1	2.8389597246E+1	5.6947050782E-3
8.5067005399E-1	2.8167691281E+1	5.7067870238E-3
8.5638284226E-1	2.7948008945E+1	5.7187736014E-3
8.6210756934E-1	2.7730509827E+1	5.7306646105E-3
8.6784413956E-1	2.7515157400E+1	5.7424598526E-3
8.7359245705E-1	2.7301921704E+1	5.7541591304E-3
8.7935242576E-1	2.7090779295E+1	5.7657622485E-3
8.8512394943E-1	2.6881710376E+1	5.7772690129E-3
8.9090693161E-1	2.6674694440E+1	5.7886792314E-3
8.9670127565E-1	2.6469706464E+1	5.7999927133E-3
9.0250688473E-1	2.6266715455E+1	5.8112092696E-3
9.0832366182E-1	2.6065686001E+1	5.8223287127E-3
9.1415150972E-1	2.5866582010E+1	5.8333508568E-3
9.1999033104E-1	2.5669370803E+1	5.8442755178E-3
9.2584002820E-1	2.5474025576E+1	5.8551025132E-3
9.3170050345E-1	2.5280525141E+1	5.8658316618E-3
9.3757165885E-1	2.5088851219E+1	5.8764627846E-3
9.4345339628E-1	2.4898984793E+1	5.8869957037E-3
9.4934561746E-1	2.4710903409E+1	5.8974302433E-3
9.5524822392E-1	2.4524580780E+1	5.9077662288E-3
9.6116111701E-1	2.4339988732E+1	5.9180034877E-3
9.6708419793E-1	2.4157100335E+1	5.9281418487E-3
9.7301736769E-1	2.3975892404E+1	5.9381811425E-3
9.7896052713E-1	2.3796345974E+1	5.9481212013E-3
9.8491357695E-1	2.3618444452E+1	5.9579618591E-3
9.9087641766E-1	2.3442170470E+1	5.9677029512E-3
9.9684894961E-1	2.3267503192E+1	5.9773443150E-3
1.0028310730E+0	2.3094417646E+1	5.9868857894E-3
1.0088226878E+0	2.2922886559E+1	5.9963272149E-3
1.0148236940E+0	2.2752883829E+1	6.0056684336E-3
1.0208339913E+0	2.2584387847E+1	6.0149092896E-3
1.0268534791E+0	2.2417382880E+1	6.0240496283E-3
1.0328820570E+0	2.2251857696E+1	6.0330892971E-3
1.0389196241E+0	2.2087802029E+1	6.0420281448E-3
1.0449660796E+0	2.1925202616E+1	6.0508660221E-3
1.0510213224E+0	2.1764040794E+1	6.0596027814E-3
1.0570852514E+0	2.1604292855E+1	6.0682382765E-3
1.0631577652E+0	2.1445932955E+1	6.0767723631E-3
1.0692387623E+0	2.1288937109E+1	6.0852048988E-3
1.0753281411E+0	2.1133286248E+1	6.0935357425E-3
1.0814257998E+0	2.0978966877E+1	6.1017647550E-3
1.0875316366E+0	2.0825969130E+1	6.1098917988E-3
1.0936455494E+0	2.0674283343E+1	6.1179167381E-3
1.0997674360E+0	2.0523896990E+1	6.1258394388E-3
1.1058971941E+0	2.0374793527E+1	6.1336597685E-3
1.1120347214E+0	2.0226953593E+1	6.1413775965E-3
1.1181799151E+0	2.0080357732E+1	6.1489927938E-3
1.1243326727E+0	1.9934989016E+1	6.1565052331E-3
1.1304928913E+0	1.9790834093E+1	6.1639147890E-3
1.1366604679E+0	1.9647882130E+1	6.1712213376E-3
1.1428352996E+0	1.9506122358E+1	6.1784247568E-3
1.1490172830E+0	1.9365541717E+1	6.1855249261E-3
1.1552063150E+0	1.9226124051E+1	6.1925217271E-3
1.1614022920E+0	1.9087851372E+1	6.1994150427E-3
1.1676051105E+0	1.8950706542E+1	6.2062047577E-3
1.1738146669E+0	1.8814675825E+1	6.2128907587E-3
1.1800308574E+0	1.8679749802E+1	6.2194729339E-3
1.1862535782E+0	1.8545922005E+1	6.2259511734E-3
1.1924827251E+0	1.8413185880E+1	6.2323253688E-3
1.1987181942E+0	1.8281531674E+1	6.2385954138E-3
1.2049598812E+0	1.8150944916E+1	6.2447612034E-3
1.2112076818E+0	1.8021407386E+1	6.2508226346E-3
1.2174614916E+0	1.7892900129E+1	6.2567796062E-3
1.2237212062E+0	1.7765407002E+1	6.2626320186E-3
1.2299867208E+0	1.7638916926E+1	6.2683797740E-3
1.2362579308E+0	1.7513423707E+1	6.2740227763E-3
1.2425347314E+0	1.7388923529E+1	6.2795609313E-3
1.2488170177E+0	1.7265411467E+1	6.2849941464E-3
1.2551046847E+0	1.7142878778E+1	6.2903223308E-3
1.2613976273E+0	1.7021312324E+1	6.2955453954E-3
1.2676957404E+0	1.6900696275E+1	6.3006632530E-3
1.2739989187E+0	1.6781015074E+1	6.3056758180E-3
1.2803070569E+0	1.6662256049E+1	6.3105830068E-3
1.2866200496E+0	1.6544410334E+1	6.3153847371E-3
1.2929377912E+0	1.6427471769E+1	6.3200809290E-3
1.2992601762E+0	1.6311434557E+1	6.3246715037E-3
1.3055870990E+0	1.6196291089E+1	6.3291563847E-3
1.3119184537E+0	1.6082031162E+1	6.3335354970E-3
1.3182541347E+0	1.5968642911E+1	6.3378087674E-3
1.3245940360E+0	1.5856114815E+1	6.3419761245E-3
1.3309380516E+0	1.5744437461E+1	6.3460374987E-3
1.3372860756E+0	1.5633603990E+1	6.3499928220E-3
1.3436380019E+0	1.5523608916E+1	6.3538420284E-3
1.3499937243E+0	1.5414446022E+1	6.3575850535E-3
1.3563531366E+0	1.5306106611E+1	6.3612218349E-3
1.3627161325E+0	1.5198579226E+1	6.3647523117E-3
1.3690826057E+0	1.5091851105E+1	6.3681764249E-3
1.3754524499E+0	1.4985910643E+1	6.3714941173E-3
1.3818255585E+0	1.4880749504E+1	6.3747053335E-3
1.3882018250E+0	1.4776363147E+1	6.3778100198E-3
1.3945811430E+0	1.4672749378E+1	6.3808081243E-3
1.4009634057E+0	1.4569905606E+1	6.3836995970E-3
1.4073485066E+0	1.4467826228E+1	6.3864843894E-3
1.4137363389E+0	1.4366501521E+1	6.3891624551E-3
1.4201267959E+0	1.4265918659E+1	6.3917337493E-3
1.4265197708E+0	1.4166064354E+1	6.3941982290E-3
1.4329151568E+0	1.4066927777E+1	6.3965558531E-3
1.4393128469E+0	1.3968502261E+1	6.3988065821E-3
1.4457127343E+0	1.3870784966E+1	6.4009503785E-3
1.4521147120E+0	1.3773774719E+1	6.4029872063E-3
1.4585186731E+0	1.3677469201E+1	6.4049170317E-3
1.4649245104E+0	1.3581862905E+1	6.4067398222E-3
1.4713321170E+0	1.3486946852E+1	6.4084555476E-3
1.4777413858E+0	1.3392710078E+1	6.4100641790E-3
1.4841522097E+0	1.3299142003E+1	6.4115656896E-3
1.4905644815E+0	1.3206234393E+1	6.4129600544E-3
1.4969780940E+0	1.3113981941E+1	6.4142472499E-3
1.5033929402E+0	1.3022381308E+1	6.4154272548E-3
1.5098089128E+0	1.2931429296E+1	6.4165000493E-3
1.5162259046E+0	1.2841121230E+1	6.4174656154E-3
1.5226438083E+0	1.2751450444E+1	6.4183239370E-3
1.5290625167E+0	1.2662409043E+1	6.4190749998E-3
1.5354819225E+0	1.2573989381E+1	6.4197187912E-3
1.5419019185E+0	1.2486185307E+1	6.4202553005E-3
1.5483223974E+0	1.2398992418E+1	6.4206845187E-3
1.5547432518E+0	1.2312407172E+1	6.4210064386E-3
1.5611643745E+0	1.2226425418E+1	6.4212210549E-3
1.5675856581E+0	1.2141041267E+1	6.4213283639E-3
1.5740069954E+0	1.2056247035E+1	6.4213283639E-3
1.5804282791E+0	1.1972034366E+1	6.4212210549E-3
1.5868494018E+0	1.1888395944E+1	6.4210064386E-3
1.5932702562E+0	1.1805326825E+1	6.4206845187E-3
1.5996907351E+0	1.1722824580E+1	6.4202553005E-3
1.6061107310E+0	1.1640888080E+1	6.4197187912E-3
1.6125301369E+0	1.1559515492E+1	6.4190749998E-3
1.6189488453E+0	1.1478702537E+1	6.4183239370E-3
1.6253667490E+0	1.1398441945E+1	6.4174656154E-3
1.6317837408E+0	1.1318724447E+1	6.4165000493E-3
1.6381997134E+0	1.1239540857E+1	6.4154272548E-3
1.6446145595E+0	1.1160884194E+1	6.4142472499E-3
1.6510281721E+0	1.1082750788E+1	6.4129600544E-3
1.6574404439E+0	1.1005139802E+1	6.4115656896E-3
1.6638512678E+0	1.0928051402E+1	6.4100641790E-3
1.6702605366E+0	1.0851484498E+1	6.4084555476E-3
1.6766681432E+0	1.0775435155E+1	6.4067398222E-3
1.6830739805E+0	1.0699896424E+1	6.4049170317E-3
1.6894779416E+0	1.0624859641E+1	6.4029872063E-3
1.6958799193E+0	1.0550316488E+1	6.4009503785E-3
1.7022798067E+0	1.0476260793E+1	6.3988065821E-3
1.7086774968E+0	1.0402689227E+1	6.3965558531E-3
1.7150728827E+0	1.0329600622E+1	6.3941982290E-3
1.7214658576E+0	1.0256994366E+1	6.3917337493E-3
1.7278563146E+0	1.0184868702E+1	6.3891624551E-3
1.7342441470E+0	1.0113219774E+1	6.3864843894E-3
1.7406292478E+0	1.0042041809E+1	6.3836995970E-3
1.7470115106E+0	9.9713282246E+0	6.3808081243E-3
1.7533908286E+0	9.9010730038E+0	6.3778100198E-3
1.7597670951E+0	9.8312716237E+0	6.3747053335E-3
1.7661402037E+0	9.7619211032E+0	6.3714941173E-3
1.7725100479E+0	9.6930192582E+0	6.3681764249E-3
1.7788765211E+0	9.6245636550E+0	6.3647523117E-3
1.7852395170E+0	9.5565508715E+0	6.3612218349E-3
1.7915989293E+0	9.4889764550E+0	6.3575850535E-3
1.7979546517E+0	9.4218355430E+0	6.3538420284E-3
1.8043065780E+0	9.3551237354E+0	6.3499928220E-3
1.8106546020E+0	9.2888376785E+0	6.3460374987E-3
1.8169986176E+0	9.2229750003E+0	6.3419761245E-3
1.8233385189E+0	9.1575336231E+0	6.3378087674E-3
1.8296741999E+0	9.0925108435E+0	6.3335354970E-3
1.8360055546E+0	9.0279027199E+0	6.3291563847E-3
1.8423324774E+0	8.9637041520E+0	6.3246715037E-3
1.8486548624E+0	8.8999096627E+0	6.3200809290E-3
1.8549726040E+0	8.8365145026E+0	6.3153847371E-3
1.8612855967E+0	8.7735154976E+0	6.3105830068E-3
1.8675937349E+0	8.7109111645E+0	6.3056758180E-3
1.8738969132E+0	8.6487009811E+0	6.3006632530E-3
1.8801950263E+0	8.5868841294E+0	6.2955453954E-3
1.8864879689E+0	8.5254583127E+0	6.2903223308E-3
1.8927756359E+0	8.4644192389E+0	6.2849941464E-3
1.8990579222E+0	8.4037610492E+0	6.2795609313E-3
1.9053347228E+0	8.3434775234E+0	6.2740227763E-3
1.9116059328E+0	8.2835635092E+0	6.2683797740E-3
1.9178714474E+0	8.2240159109E+0	6.2626320186E-3
1.9241311620E+0	8.1648337677E+0	6.2567796062E-3
1.9303849718E+0	8.1060173786E+0	6.2508226346E-3
1.9366327724E+0	8.0475668703E+0	6.2447612034E-3
1.9428744594E+0	7.9894808581E+0	6.2385954138E-3
1.9491099285E+0	7.9317558022E+0	6.2323253688E-3
1.9553390754E+0	7.8743863362E+0	6.2259511734E-3
1.9615617961E+0	7.8173663994E+0	6.2194729339E-3
1.9677779867E+0	7.7606906531E+0	6.2128907587E-3
1.9739875431E+0	7.7043555483E+0	6.2062047577E-3
1.9801903616E+0	7.6483595915E+0	6.1994150427E-3
1.9863863386E+0	7.5927027287E+0	6.1925217271E-3
1.9925753706E+0	7.5373851580E+0	6.1855249261E-3
1.9987573540E+0	7.4824061135E+0	6.1784247568E-3
2.0049321857E+0	7.4277631473E+0	6.1712213376E-3
2.0110997623E+0	7.3734521835E+0	6.1639147890E-3
2.0172599809E+0	7.3194682661E+0	6.1565052331E-3
2.0234127385E+0	7.2658066288E+0	6.1489927938E-3
2.0295579322E+0	7.2124636011E+0	6.1413775965E-3
2.0356954595E+0	7.1594369799E+0	6.1336597685E-3
2.0418252176E+0	7.1067257557E+0	6.1258394388E-3
2.0479471042E+0	7.0543293758E+0	6.1179167381E-3
2.0540610170E+0	7.0022469069E+0	6.1098917988E-3
2.0601668538E+0	6.9504764715E+0	6.1017647550E-3
2.0662645125E+0	6.8990151680E+0	6.0935357425E-3
2.0723538913E+0	6.8478594536E+0	6.0852048988E-3
2.0784348884E+0	6.7970057631E+0	6.0767723631E-3
2.0845074022E+0	6.7464510570E+0	6.0682382765E-3
2.0905713312E+0	6.6961930618E+0	6.0596027814E-3
2.0966265740E+0	6.6462301311E+0	6.0508660221E-3
2.1026730295E+0	6.5965608432E+0	6.0420281448E-3
2.1087105966E+0	6.5471835609E+0	6.0330892971E-3
2.1147391745E+0	6.4980961741E+0	6.0240496283E-3
2.1207586623E+0	6.4492961357E+0	6.0149092896E-3
2.1267689596E+0	6.4007807439E+0	6.0056684336E-3
2.1327699657E+0	6.3525475051E+0	5.9963272149E-3
2.1387615806E+0	6.3045943777E+0	5.9868857894E-3
2.1447437040E+0	6.2569197670E+0	5.9773443150E-3
2.1507162359E+0	6.2095222731E+0	5.9677029512E-3
2.1566790766E+0	6.1624003198E+0	5.9579618591E-3
2.1626321265E+0	6.1155518579E+0	5.9481212013E-3
2.1685752859E+0	6.0689743012E+0	5.9381811425E-3
2.1745084557E+0	6.0226647438E+0	5.9281418487E-3
2.1804315366E+0	5.9766203716E+0	5.9180034877E-3
2.1863444297E+0	5.9308388831E+0	5.9077662288E-3
2.1922470361E+0	5.8853187202E+0	5.8974302433E-3
2.1981392573E+0	5.8400589890E+0	5.8869957037E-3
2.2040209947E+0	5.7950590855E+0	5.8764627846E-3
2.2098921501E+0	5.7503181731E+0	5.8658316618E-3
2.2157526254E+0	5.7058347315E+0	5.8551025132E-3
2.2216023226E+0	5.6616063726E+0	5.8442755178E-3
2.2274411439E+0	5.6176300140E+0	5.8333508568E-3
2.2332689918E+0	5.5739023539E+0	5.8223287127E-3
2.2390857689E+0	5.5304204628E+0	5.8112092696E-3
2.2448913779E+0	5.4871822578E+0	5.7999927133E-3
2.2506857220E+0	5.4441866667E+0	5.7886792314E-3
2.2564687042E+0	5.4014334096E+0	5.7772690129E-3
2.2622402278E+0	5.3589224762E+0	5.7657622485E-3
2.2680001965E+0	5.3166534977E+0	5.7541591304E-3
2.2737485140E+0	5.2746252506E+0	5.7424598526E-3
2.2794850843E+0	5.2328354836E+0	5.7306646105E-3
2.2852098113E+0	5.1912811326E+0	5.7187736014E-3
2.2909225996E+0	5.1499588429E+0	5.7067870238E-3
2.2966233536E+0	5.1088656045E+0	5.6947050782E-3
2.3023119780E+0	5.0679992659E+0	5.6825279663E-3
2.3079883779E+0	5.0273587400E+0	5.6702558918E-3
2.3136524582E+0	4.9869438328E+0	5.6578890597E-3
2.3193041245E+0	4.9467547611E+0	5.6454276767E-3
2.3249432821E+0	4.9067915398E+0	5.6328719509E-3
2.3305698370E+0	4.8670534562E+0	5.6202220924E-3
2.3361836950E+0	4.8275388167E+0	5.6074783123E-3
2.3417847624E+0	4.7882450453E+0	5.5946408237E-3
2.3473729455E+0	4.7491690891E+0	5.5817098412E-3
2.3529481510E+0	4.7103079817E+0	5.5686855808E-3
2.3585102856E+0	4.6716593644E+0	5.5555682601E-3
2.3640592565E+0	4.6332217893E+0	5.5423580985E-3
2.3695949710E+0	4.5949947104E+0	5.5290553166E-3
2.3751173364E+0	4.5569781791E+0	5.5156601367E-3
2.3806262605E+0	4.5191723574E+0	5.5021727828E-3
2.3861216513E+0	4.4815770222E+0	5.4885934801E-3
2.3916034169E+0	4.4441912222E+0	5.4749224557E-3
2.3970714657E+0	4.4070131947E+0	5.4611599379E-3
2.4025257064E+0	4.3700405547E+0	5.4473061568E-3
2.4079660477E+0	4.3332706801E+0	5.4333613439E-3
2.4133923988E+0	4.2967011576E+0	5.4193257323E-3
2.4188046690E+0	4.2603301420E+0	5.4051995564E-3
2.4242027678E+0	4.2241565194E+0	5.3909830523E-3
2.4295866050E+0	4.1881798347E+0	5.3766764577E-3
2.4349560907E+0	4.1524000216E+0	5.3622800116E-3
2.4403111352E+0	4.1168170323E+0	5.3477939546E-3
2.4456516489E+0	4.0814304909E+0	5.3332185287E-3
2.4509775425E+0	4.0462394749E+0	5.3185539776E-3
2.4562887272E+0	4.0112424844E+0	5.3038005463E-3
2.4615851141E+0	3.9764375933E+0	5.2889584814E-3
2.4668666147E+0	3.9418227240E+0	5.2740280309E-3
2.4721331408E+0	3.9073959506E+0	5.2590094442E-3
2.4773846043E+0	3.8731557379E+0	5.2439029725E-3
2.4826209175E+0	3.8391010496E+0	5.2287088681E-3
2.4878419929E+0	3.8052313031E+0	5.2134273849E-3
2.4930477432E+0	3.7715461985E+0	5.1980587783E-3
2.4982380815E+0	3.7380454834E+0	5.1826033052E-3
2.5034129210E+0	3.7047287279E+0	5.1670612238E-3
2.5085721752E+0	3.6715951751E+0	5.1514327939E-3
2.5137157579E+0	3.6386437044E+0	5.1357182766E-3
2.5188435831E+0	3.6058729054E+0	5.1199179345E-3
2.5239555652E+0	3.5732812329E+0	5.1040320318E-3
2.5290516187E+0	3.5408671875E+0	5.0880608338E-3
2.5341316585E+0	3.5086294697E+0	5.0720046074E-3
2.5391955997E+0	3.4765670645E+0	5.0558636210E-3
2.5442433576E+0	3.4446792418E+0	5.0396381444E-3
2.5492748479E+0	3.4129654792E+0	5.0233284486E-3
2.5542899865E+0	3.3814253402E+0	5.0069348063E-3
2.5592886896E+0	3.3500583452E+0	4.9904574913E-3
2.5642708737E+0	3.3188638732E+0	4.9738967791E-3
2.5692364555E+0	3.2878411179E+0	4.9572529464E-3
2.5741853520E+0	3.2569891037E+0	4.9405262713E-3
2.5791174805E+0	3.2263067500E+0	4.9237170334E-3
2.5840327586E+0	3.1957929591E+0	4.9068255135E-3
2.5889311042E+0	3.1654467009E+0	4.8898519940E-3
2.5938124354E+0	3.1352670705E+0	4.8727967585E-3
2.5986766706E+0	3.1052533070E+0	4.8556600920E-3
2.6035237285E+0	3.0754047721E+0	4.8384422809E-3
2.6083535282E+0	3.0457209018E+0	4.8211436130E-3
2.6131659889E+0	3.0162011468E+0	4.8037643772E-3
2.6179610302E+0	2.9868449215E+0	4.7863048641E-3
2.6227385719E+0	2.9576515748E+0	4.7687653653E-3
2.6274985343E+0	2.9286203870E+0	4.7511461741E-3
2.6322408378E+0	2.8997505917E+0	4.7334475849E-3
2.6369654032E+0	2.8710414116E+0	4.7156698934E-3
2.6416721513E+0	2.8424920958E+0	4.6978133967E-3
2.6463610038E+0	2.8141019476E+0	4.6798783932E-3
2.6510318821E+0	2.7858703343E+0	4.6618651826E-3
2.6556847082E+0	2.7577966787E+0	4.6437740661E-3
2.6603194043E+0	2.7298804363E+0	4.6256053458E-3
2.6649358931E+0	2.7021210668E+0	4.6073593254E-3
2.6695340973E+0	2.6745180095E+0	4.5890363098E-3
2.6741139402E+0	2.6470706698E+0	4.5706366053E-3
2.6786753451E+0	2.6197784212E+0	4.5521605193E-3
2.6832182358E+0	2.5926406215E+0	4.5336083606E-3
2.6877425365E+0	2.5656566379E+0	4.5149804392E-3
2.6922481716E+0	2.5388258732E+0	4.4962770664E-3
2.6967350656E+0	2.5121477859E+0	4.4774985548E-3
2.7012031437E+0	2.4856218975E+0	4.4586452181E-3
2.7056523312E+0	2.4592477848E+0	4.4397173715E-3
2.7100825537E+0	2.4330250598E+0	4.4207153312E-3
2.7144937373E+0	2.4069533413E+0	4.4016394148E-3
2.7188858081E+0	2.3810322266E+0	4.3824899412E-3
2.7232586927E+0	2.3552612694E+0	4.3632672302E-3
2.7276123182E+0	2.3296399707E+0	4.3439716031E-3
2.7319466117E+0	2.3041677846E+0	4.3246033825E-3
2.7362615009E+0	2.2788441373E+0	4.3051628919E-3
2.7405569135E+0	2.2536684563E+0	4.2856504563E-3
2.7448327779E+0	2.2286402010E+0	4.2660664016E-3
2.7490890226E+0	2.2037588901E+0	4.2464110553E-3
2.7533255764E+0	2.1790241176E+0	4.2266847457E-3
2.7575423685E+0	2.1544355552E+0	4.2068878026E-3
2.7617393285E+0	2.1299929395E+0	4.1870205567E-3
2.7659163863E+0	2.1056960481E+0	4.1670833400E-3
2.7700734720E+0	2.0815446686E+0	4.1470764858E-3
2.7742105162E+0	2.0575385672E+0	4.1270003283E-3
2.7783274497E+0	2.0336774634E+0	4.1068552032E-3
2.7824242037E+0	2.0099610165E+0	4.0866414469E-3
2.7865007098E+0	1.9863888247E+0	4.0663593974E-3
2.7905568999E+0	1.9629604381E+0	4.0460093936E-3
2.7945927061E+0	1.9396753829E+0	4.0255917754E-3
2.7986080610E+0	1.9165331901E+0	4.0051068843E-3
2.8026028975E+0	1.8935334256E+0	3.9845550624E-3
2.8065771489E+0	1.8706757147E+0	3.9639366533E-3
2.8105307487E+0	1.8479597563E+0	3.9432520014E-3
2.8144636309E+0	1.8253853255E+0	3.9225014525E-3
2.8183757298E+0	1.8029522646E+0	3.9016853533E-3
2.8222669799E+0	1.7806604629E+0	3.8808040517E-3
2.8261373163E+0	1.7585098312E+0	3.8598578967E-3
2.8299866742E+0	1.7365002745E+0	3.8388472382E-3
2.8338149894E+0	1.7146316674E+0	3.8177724274E-3
2.8376221978E+0	1.6929038367E+0	3.7966338166E-3
2.8414082359E+0	1.6713165542E+0	3.7754317588E-3
2.8451730403E+0	1.6498695388E+0	3.7541666086E-3
2.8489165482E+0	1.6285624693E+0	3.7328387211E-3
2.8526386969E+0	1.6073950034E+0	3.7114484529E-3
2.8563394244E+0	1.5863668008E+0	3.6899961614E-3
2.8600186687E+0	1.5654775459E+0	3.6684822051E-3
2.8636763684E+0	1.5447269674E+0	3.6469069436E-3
2.8673124623E+0	1.5241148511E+0	3.6252707373E-3
2.8709268897E+0	1.5036410443E+0	3.6035739479E-3
2.8745195901E+0	1.4833054532E+0	3.5818169379E-3
2.8780905036E+0	1.4631080313E+0	3.5600000709E-3
2.8816395704E+0	1.4430487636E+0	3.5381237115E-3
2.8851667313E+0	1.4231276479E+0	3.5161882254E-3
2.8886719273E+0	1.4033446752E+0	3.4941939790E-3
2.8921550998E+0	1.3836998144E+0	3.4721413399E-3
2.8956161906E+0	1.3641930003E+0	3.4500306767E-3
2.8990551419E+0	1.3448241282E+0	3.4278623588E-3
2.9024718962E+0	1.3255930550E+0	3.4056367567E-3
2.9058663965E+0	1.3064996056E+0	3.3833542419E-3
2.9092385859E+0	1.2875435842E+0	3.3610151867E-3
2.9125884081E+0	1.2687247884E+0	3.3386199643E-3
2.9159158072E+0	1.2500430237E+0	3.3161689492E-3
2.9192207275E+0	1.2314981173E+0	3.2936625164E-3
2.9225031139E+0	1.2130899285E+0	3.2711010421E-3
2.9257629114E+0	1.1948183562E+0	3.2484849032E-3
2.9290000656E+0	1.1766833409E+0	3.2258144779E-3
2.9322145224E+0	1.1586848629E+0	3.2030901448E-3
2.9354062280E+0	1.1408229363E+0	3.1803122838E-3
2.9385751292E+0	1.1230976001E+0	3.1574812755E-3
2.9417211730E+0	1.1055089078E+0	3.1345975014E-3
2.9448443068E+0	1.0880569164E+0	3.1116613440E-3
2.9479444784E+0	1.0707416766E+0	3.0886731866E-3
2.9510216360E+0	1.0535632243E+0	3.0656334132E-3
2.9540757281E+0	1.0365215755E+0	3.0425424091E-3
2.9571067038E+0	1.0196167233E+0	3.0194005599E-3
2.9601145124E+0	1.0028486389E+0	2.9962082525E-3
2.9630991036E+0	9.8621727437E-1	2.9729658744E-3
2.9660604276E+0	9.6972256812E-1	2.9496738141E-3
2.9689984348E+0	9.5336445160E-1	2.9263324607E-3
2.9719130762E+0	9.3714285655E-1	2.9029422044E-3
2.9748043031E+0	9.2105772211E-1	2.8795034361E-3
2.9776720671E+0	9.0510900109E-1	2.8560165473E-3
2.9805163203E+0	8.8929666482E-1	2.8324819307E-3
2.9833370151E+0	8.7362070619E-1	2.8088999795E-3
2.9861341046E+0	8.5808114092E-1	2.7852710878E-3
2.9889075418E+0	8.4267800696E-1	2.7615956505E-3
2.9916572805E+0	8.2741136227E-1	2.7378740632E-3
2.9943832747E+0	8.1228128130E-1	2.7141067224E-3
2.9970854788E+0	7.9728785076E-1	2.6902940251E-3
2.9997638477E+0	7.8243116482E-1	2.6664363695E-3
3.0024183367E+0	7.6771132047E-1	2.6425341541E-3
3.0050489013E+0	7.5312841324E-1	2.6185877784E-3
3.0076554977E+0	7.3868253369E-1	2.5945976426E-3
3.0102380822E+0	7.2437376477E-1	2.5705641475E-3
3.0127966116E+0	7.1020218032E-1	2.5464876949E-3
3.0153310434E+0	6.9616784450E-1	2.5223686871E-3
3.0178413350E+0	6.8227081229E-1	2.4982075270E-3
3.0203274445E+0	6.6851113077E-1	2.4740046186E-3
3.0227893304E+0	6.5488884109E-1	2.4497603662E-3
3.0252269516E+0	6.4140398077E-1	2.4254751751E-3
3.0276402673E+0	6.2805658630E-1	2.4011494510E-3
3.0300292371E+0	6.1484669565E-1	2.3767836004E-3
3.0323938212E+0	6.0177435059E-1	2.3523780306E-3
3.0347339801E+0	5.8883959870E-1	2.3279331494E-3
3.0370496746E+0	5.7604249489E-1	2.3034493653E-3
3.0393408660E+0	5.6338310243E-1	2.2789270875E-3
3.0416075160E+0	5.5086149346E-1	2.2543667257E-3
3.0438495869E+0	5.3847774895E-1	2.2297686905E-3
3.0460670410E+0	5.2623195830E-1	2.2051333928E-3
3.0482598414E+0	5.1412421849E-1	2.1804612443E-3
3.0504279513E+0	5.0215463296E-1	2.1557526574E-3
3.0525713347E+0	4.9032331035E-1	2.1310080450E-3
3.0546899556E+0	4.7863036313E-1	2.1062278206E-3
3.0567837786E+0	4.6707590617E-1	2.0814123983E-3
3.0588527688E+0	4.5566005549E-1	2.0565621928E-3
3.0608968915E+0	4.4438292709E-1	2.0316776194E-3
3.0629161127E+0	4.3324463594E-1	2.0067590939E-3
3.0649103985E+0	4.2224529522E-1	1.9818070327E-3
3.0668797157E+0	4.1138501581E-1	1.9568218529E-3
3.0688240313E+0	4.0066390590E-1	1.9318039720E-3
3.0707433129E+0	3.9008207090E-1	1.9067538080E-3
3.0726375283E+0	3.7963961347E-1	1.8816717796E-3
3.0745066460E+0	3.6933663377E-1	1.8565583060E-3
3.0763506346E+0	3.5917322973E-1	1.8314138067E-3
3.0781694634E+0	3.4914949747E-1	1.8062387021E-3
3.0799631019E+0	3.3926553176E-1	1.7810334128E-3
3.0817315203E+0	3.2952142646E-1	1.7557983600E-3
3.0834746889E+0	3.1991727500E-1	1.7305339655E-3
3.0851925786E+0	3.1045317075E-1	1.7052406515E-3
3.0868851607E+0	3.0112920744E-1	1.6799188405E-3
3.0885524069E+0	2.9194547941E-1	1.6545689559E-3
3.0901942894E+0	2.8290208188E-1	1.6291914212E-3
3.0918107807E+0	2.7399911105E-1	1.6037866605E-3
3.0934018538E+0	2.6523666424E-1	1.5783550984E-3
3.0949674821E+0	2.5661483984E-1	1.5528971598E-3
3.0965076394E+0	2.4813373731E-1	1.5274132703E-3
3.0980223001E+0	2.3979345705E-1	1.5019038556E-3
3.0995114388E+0	2.3159410024E-1	1.4763693421E-3
3.1009750306E+0	2.2353576869E-1	1.4508101565E-3
3.1024130510E+0	2.1561856461E-1	1.4252267258E-3
3.1038254761E+0	2.0784259041E-1	1.3996194778E-3
3.1052122822E+0	2.0020794845E-1	1.3739888402E-3
3.1065734461E+0	1.9271474084E-1	1.3483352414E-3
3.1079089451E+0	1.8536306921E-1	1.3226591101E-3
3.1092187570E+0	1.7815303451E-1	1.2969608754E-3
3.1105028597E+0	1.7108473680E-1	1.2712409668E-3
3.1117612318E+0	1.6415827514E-1	1.2454998140E-3
3.1129938524E+0	1.5737374735E-1	1.2197378472E-3
3.1142007007E+0	1.5073124995E-1	1.1939554970E-3
3.1153817567E+0	1.4423087803E-1	1.1681531941E-3
3.1165370006E+0	1.3787272514E-1	1.1423313699E-3
3.1176664131E+0	1.3165688323E-1	1.1164904558E-3
3.1187699753E+0	1.2558344258E-1	1.0906308836E-3
3.1198476688E+0	1.1965249175E-1	1.0647530855E-3
3.1208994755E+0	1.1386411756E-1	1.0388574939E-3
3.1219253780E+0	1.0821840505E-1	1.0129445417E-3
3.1229253590E+0	1.0271543746E-1	9.8701466182E-4
3.1238994018E+0	9.7355296221E-2	9.6106828758E-4
3.1248474902E+0	9.2138060940E-2	9.3510585261E-4
3.1257696083E+0	8.7063809397E-2	9.0912779076E-4
3.1266657407E+0	8.2132617531E-2	8.8313453619E-4
3.1275358724E+0	7.7344559442E-2	8.5712652325E-4
3.1283799890E+0	7.2699707375E-2	8.3110418659E-4
3.1291980762E+0	6.8198131716E-2	8.0506796108E-4
3.1299901204E+0	6.3839900981E-2	7.7901828182E-4
3.1307561084E+0	5.9625081805E-2	7.5295558414E-4
3.1314960274E+0	5.5553738925E-2	7.2688030358E-4
3.1322098650E+0	5.1625935164E-2	7.0079287589E-4
3.1328976092E+0	4.7841731415E-2	6.7469373705E-4
3.1335592487E+0	4.4201186618E-2	6.4858332323E-4
3.1341947723E+0	4.0704357741E-2	6.2246207073E-4
3.1348041694E+0	3.7351299755E-2	5.9633041614E-4
3.1353874298E+0	3.4142065610E-2	5.7018879612E-4
3.1359445438E+0	3.1076706210E-2	5.4403764760E-4
3.1364755020E+0	2.8155270388E-2	5.1787740760E-4
3.1369802957E+0	2.5377804880E-2	4.9170851331E-4
3.1374589163E+0	2.2744354299E-2	4.6553140213E-4
3.1379113559E+0	2.0254961109E-2	4.3934651156E-4
3.1383376069E+0	1.7909665600E-2	4.1315427928E-4
3.1387376622E+0	1.5708505865E-2	3.8695514312E-4
3.1391115150E+0	1.3651517774E-2	3.6074954110E-4
3.1394591592E+0	1.1738734952E-2	3.3453791144E-4
3.1397805890E+0	9.9701887568E-3	3.0832069259E-4
3.1400757989E+0	8.3459082567E-3	2.8209832342E-4
3.1403447841E+0	6.8659202119E-3	2.5587124334E-4
3.1405875400E+0	5.5302490511E-3	2.2963989267E-4
3.1408040626E+0	4.3389168495E-3	2.0340471372E-4
3.1409943483E+0	3.2919432988E-3	1.7716615272E-4
3.1411583939E+0	2.3893456604E-3	1.5092466531E-4
3.1412961968E+0	1.6311386660E-3	1.2468073282E-4
3.1414077547E+0	1.0173342441E-3	9.8434919423E-5
3.1414930663E+0	5.4794052014E-4	7.2188137769E-5
3.1415521316E+0	2.2295648696E-4	4.5943520243E-5
3.1415849628E+0	4.2315388922E-5	1.9736940383E-5