# Differential cross section		
# Author: P. Swaczyna	Princeton University	(swaczyna@princeton.edu)
# Date: 	Fri 4 Dec 2020 01:19:49	
# 		
# Elastic collision: H^0 + He^0 -> H^0 + He^0		
# 		
# Red. mass: 	7.5005505498E+8	 eV/c^2
# CM energy: 	2.6607250598E-3	 eV
# Rel speed: 	7.9852612553E+4	 cm/s
# Tot sigma: 	2.4220619179E+2	 a.u.
# Int sigma: 	2.4220619179E+2	 a.u.
# 		
# Columns:		
# the <- scattering angle (rad)		
# dcs <- dsigma/dOmega*2*pi*sin(the) (a.u. = 2.8002852056E-17 cm^2)		
# wei <- weight for cross section integration (approx. width of angle bin)		
# 		
# the	dcs	wei
7.6907532846E-6	7.4210034086E-3	1.9736940383E-5
4.0521979771E-5	3.9100688506E-2	4.5943520243E-5
9.9587300392E-5	9.6094315618E-2	7.2188137769E-5
1.8489884726E-4	1.7841358088E-1	9.8434919423E-5
2.9645680168E-4	2.8605862986E-1	1.2468073282E-4
4.3425968311E-4	4.1902797016E-1	1.5092466531E-4
5.9830531657E-4	5.7731938451E-1	1.7716615272E-4
7.8859101285E-4	7.6093007961E-1	2.0340471372E-4
1.0051136166E-3	9.6985670258E-1	2.2963989267E-4
1.2478695220E-3	1.2040953217E+0	2.5587124334E-4
1.5168546797E-3	1.4636413933E+0	2.8209832342E-4
1.8120645986E-3	1.7484897199E+0	3.0832069259E-4
2.1334943481E-3	2.0586344031E+0	3.3453791144E-4
2.4811385584E-3	2.3940687906E+0	3.6074954110E-4
2.8549914211E-3	2.7547854183E+0	3.8695514312E-4
3.2550466893E-3	3.1407759477E+0	4.1315427928E-4
3.6812976783E-3	3.5520310986E+0	4.3934651156E-4
4.1337372652E-3	3.9885405770E+0	4.6553140213E-4
4.6123578895E-3	4.4502929980E+0	4.9170851331E-4
5.1171515529E-3	4.9372758050E+0	5.1787740760E-4
5.6481098199E-3	5.4494751834E+0	5.4403764760E-4
6.2052238176E-3	5.9868759703E+0	5.7018879612E-4
6.7884842360E-3	6.5494615590E+0	5.9633041614E-4
7.3978813281E-3	7.1372138002E+0	6.2246207073E-4
8.0334049101E-3	7.7501128976E+0	6.4858332323E-4
8.6950443616E-3	8.3881372994E+0	6.7469373705E-4
9.3827886258E-3	9.0512635856E+0	7.0079287589E-4
1.0096626210E-2	9.7394663510E+0	7.2688030358E-4
1.0836545184E-2	1.0452718084E+1	7.5295558414E-4
1.1602533184E-2	1.1190989039E+1	7.7901828182E-4
1.2394577408E-2	1.1954247110E+1	8.0506796108E-4
1.3212664621E-2	1.2742457693E+1	8.3110418659E-4
1.4056781152E-2	1.3555583551E+1	8.5712652325E-4
1.4926912893E-2	1.4393584668E+1	8.8313453619E-4
1.5823045305E-2	1.5256418107E+1	9.0912779076E-4
1.6745163410E-2	1.6144037856E+1	9.3510585261E-4
1.7693251801E-2	1.7056394676E+1	9.6106828758E-4
1.8667294632E-2	1.7993435946E+1	9.8701466182E-4
1.9667275626E-2	1.8955105495E+1	1.0129445417E-3
2.0693178073E-2	1.9941343443E+1	1.0388574939E-3
2.1744984827E-2	2.0952086029E+1	1.0647530855E-3
2.2822678313E-2	2.1987265442E+1	1.0906308836E-3
2.3926240519E-2	2.3046809642E+1	1.1164904558E-3
2.5055653005E-2	2.4130642186E+1	1.1423313699E-3
2.6210896896E-2	2.5238682040E+1	1.1681531941E-3
2.7391952886E-2	2.6370843403E+1	1.1939554970E-3
2.8598801239E-2	2.7527035510E+1	1.2197378472E-3
2.9831421786E-2	2.8707162451E+1	1.2454998140E-3
3.1089793929E-2	2.9911122971E+1	1.2712409668E-3
3.2373896638E-2	3.1138810277E+1	1.2969608754E-3
3.3683708455E-2	3.2390111841E+1	1.3226591101E-3
3.5019207490E-2	3.3664909200E+1	1.3483352414E-3
3.6380371427E-2	3.4963077753E+1	1.3739888402E-3
3.7767177517E-2	3.6284486557E+1	1.3996194778E-3
3.9179602586E-2	3.7628998122E+1	1.4252267258E-3
4.0617623030E-2	3.8996468204E+1	1.4508101565E-3
4.2081214817E-2	4.0386745597E+1	1.4763693421E-3
4.3570353490E-2	4.1799671919E+1	1.5019038556E-3
4.5085014162E-2	4.3235081408E+1	1.5274132703E-3
4.6625171522E-2	4.4692800705E+1	1.5528971598E-3
4.8190799831E-2	4.6172648646E+1	1.5783550984E-3
4.9781872927E-2	4.7674436045E+1	1.6037866605E-3
5.1398364219E-2	4.9197965485E+1	1.6291914212E-3
5.3040246694E-2	5.0743031103E+1	1.6545689559E-3
5.4707492914E-2	5.2309418383E+1	1.6799188405E-3
5.6400075017E-2	5.3896903935E+1	1.7052406515E-3
5.8117964718E-2	5.5505255295E+1	1.7305339655E-3
5.9861133308E-2	5.7134230706E+1	1.7557983600E-3
6.1629551657E-2	5.8783578916E+1	1.7810334128E-3
6.3423190212E-2	6.0453038969E+1	1.8062387021E-3
6.5242019000E-2	6.2142340001E+1	1.8314138067E-3
6.7086007624E-2	6.3851201036E+1	1.8565583060E-3
6.8955125270E-2	6.5579330788E+1	1.8816717796E-3
7.0849340702E-2	6.7326427462E+1	1.9067538080E-3
7.2768622264E-2	6.9092178563E+1	1.9318039720E-3
7.4712937885E-2	7.0876260702E+1	1.9568218529E-3
7.6682255070E-2	7.2678339412E+1	1.9818070327E-3
7.8676540910E-2	7.4498068964E+1	2.0067590939E-3
8.0695762079E-2	7.6335092191E+1	2.0316776194E-3
8.2739884832E-2	7.8189040312E+1	2.0565621928E-3
8.4808875009E-2	8.0059532766E+1	2.0814123983E-3
8.6902698034E-2	8.1946177050E+1	2.1062278206E-3
8.9021318917E-2	8.3848568560E+1	2.1310080450E-3
9.1164702253E-2	8.5766290446E+1	2.1557526574E-3
9.3332812224E-2	8.7698913462E+1	2.1804612443E-3
9.5525612596E-2	8.9645995836E+1	2.2051333928E-3
9.7743066726E-2	9.1607083135E+1	2.2297686905E-3
9.9985137556E-2	9.3581708152E+1	2.2543667257E-3
1.0225178762E-1	9.5569390784E+1	2.2789270875E-3
1.0454297904E-1	9.7569637936E+1	2.3034493653E-3
1.0685867352E-1	9.9581943423E+1	2.3279331494E-3
1.0919883237E-1	1.0160578788E+2	2.3523780306E-3
1.1156341648E-1	1.0364063871E+2	2.3767836004E-3
1.1395238633E-1	1.0568594997E+2	2.4011494510E-3
1.1636570200E-1	1.0774116237E+2	2.4254751751E-3
1.1880332317E-1	1.0980570320E+2	2.4497603662E-3
1.2126520909E-1	1.1187898632E+2	2.4740046186E-3
1.2375131862E-1	1.1396041209E+2	2.4982075270E-3
1.2626161023E-1	1.1604936745E+2	2.5223686871E-3
1.2879604195E-1	1.1814522583E+2	2.5464876949E-3
1.3135457143E-1	1.2024734724E+2	2.5705641475E-3
1.3393715592E-1	1.2235507827E+2	2.5945976426E-3
1.3654375226E-1	1.2446775216E+2	2.6185877784E-3
1.3917431689E-1	1.2658468882E+2	2.6425341541E-3
1.4182880585E-1	1.2870519496E+2	2.6664363695E-3
1.4450717478E-1	1.3082856413E+2	2.6902940251E-3
1.4720937892E-1	1.3295407688E+2	2.7141067224E-3
1.4993537310E-1	1.3508100083E+2	2.7378740632E-3
1.5268511179E-1	1.3720859086E+2	2.7615956505E-3
1.5545854902E-1	1.3933608922E+2	2.7852710878E-3
1.5825563845E-1	1.4146272575E+2	2.8088999795E-3
1.6107633333E-1	1.4358771802E+2	2.8324819307E-3
1.6392058653E-1	1.4571027161E+2	2.8560165473E-3
1.6678835052E-1	1.4782958027E+2	2.8795034361E-3
1.6967957737E-1	1.4994482618E+2	2.9029422044E-3
1.7259421876E-1	1.5205518025E+2	2.9263324607E-3
1.7553222599E-1	1.5415980238E+2	2.9496738141E-3
1.7849354996E-1	1.5625784174E+2	2.9729658744E-3
1.8147814117E-1	1.5834843715E+2	2.9962082525E-3
1.8448594977E-1	1.6043071736E+2	3.0194005599E-3
1.8751692548E-1	1.6250380145E+2	3.0425424091E-3
1.9057101764E-1	1.6456679921E+2	3.0656334132E-3
1.9364817522E-1	1.6661881152E+2	3.0886731866E-3
1.9674834681E-1	1.6865893079E+2	3.1116613440E-3
1.9987148058E-1	1.7068624142E+2	3.1345975014E-3
2.0301752435E-1	1.7269982022E+2	3.1574812755E-3
2.0618642554E-1	1.7469873692E+2	3.1803122838E-3
2.0937813120E-1	1.7668205469E+2	3.2030901448E-3
2.1259258799E-1	1.7864883063E+2	3.2258144779E-3
2.1582974219E-1	1.8059811635E+2	3.2484849032E-3
2.1908953970E-1	1.8252895850E+2	3.2711010421E-3
2.2237192605E-1	1.8444039939E+2	3.2936625164E-3
2.2567684639E-1	1.8633147757E+2	3.3161689492E-3
2.2900424548E-1	1.8820122849E+2	3.3386199643E-3
2.3235406772E-1	1.9004868510E+2	3.3610151867E-3
2.3572625713E-1	1.9187287857E+2	3.3833542419E-3
2.3912075735E-1	1.9367283893E+2	3.4056367567E-3
2.4253751167E-1	1.9544759578E+2	3.4278623588E-3
2.4597646298E-1	1.9719617905E+2	3.4500306767E-3
2.4943755380E-1	1.9891761970E+2	3.4721413399E-3
2.5292072631E-1	2.0061095050E+2	3.4941939790E-3
2.5642592230E-1	2.0227520681E+2	3.5161882254E-3
2.5995308318E-1	2.0390942733E+2	3.5381237115E-3
2.6350215001E-1	2.0551265499E+2	3.5600000709E-3
2.6707306349E-1	2.0708393770E+2	3.5818169379E-3
2.7066576394E-1	2.0862232922E+2	3.6035739479E-3
2.7428019131E-1	2.1012689003E+2	3.6252707373E-3
2.7791628522E-1	2.1159668816E+2	3.6469069436E-3
2.8157398488E-1	2.1303080011E+2	3.6684822051E-3
2.8525322919E-1	2.1442831171E+2	3.6899961614E-3
2.8895395665E-1	2.1578831907E+2	3.7114484529E-3
2.9267610542E-1	2.1710992942E+2	3.7328387211E-3
2.9641961330E-1	2.1839226213E+2	3.7541666086E-3
3.0018441773E-1	2.1963444955E+2	3.7754317588E-3
3.0397045579E-1	2.2083563802E+2	3.7966338166E-3
3.0777766421E-1	2.2199498878E+2	3.8177724274E-3
3.1160597938E-1	2.2311167893E+2	3.8388472382E-3
3.1545533730E-1	2.2418490238E+2	3.8598578967E-3
3.1932567367E-1	2.2521387083E+2	3.8808040517E-3
3.2321692379E-1	2.2619781471E+2	3.9016853533E-3
3.2712902264E-1	2.2713598416E+2	3.9225014525E-3
3.3106190484E-1	2.2802764997E+2	3.9432520014E-3
3.3501550468E-1	2.2887210454E+2	3.9639366533E-3
3.3898975607E-1	2.2966866288E+2	3.9845550624E-3
3.4298459261E-1	2.3041666348E+2	4.0051068843E-3
3.4699994753E-1	2.3111546933E+2	4.0255917754E-3
3.5103575373E-1	2.3176446883E+2	4.0460093936E-3
3.5509194378E-1	2.3236307671E+2	4.0663593974E-3
3.5916844988E-1	2.3291073494E+2	4.0866414469E-3
3.6326520391E-1	2.3340691369E+2	4.1068552032E-3
3.6738213741E-1	2.3385111215E+2	4.1270003283E-3
3.7151918157E-1	2.3424285945E+2	4.1470764858E-3
3.7567626728E-1	2.3458171552E+2	4.1670833400E-3
3.7985332504E-1	2.3486727193E+2	4.1870205567E-3
3.8405028507E-1	2.3509915269E+2	4.2068878026E-3
3.8826707721E-1	2.3527701510E+2	4.2266847457E-3
3.9250363101E-1	2.3540055048E+2	4.2464110553E-3
3.9675987567E-1	2.3546948496E+2	4.2660664016E-3
4.0103574005E-1	2.3548358020E+2	4.2856504563E-3
4.0533115271E-1	2.3544263407E+2	4.3051628919E-3
4.0964604185E-1	2.3534648136E+2	4.3246033825E-3
4.1398033538E-1	2.3519499440E+2	4.3439716031E-3
4.1833396086E-1	2.3498808367E+2	4.3632672302E-3
4.2270684554E-1	2.3472569838E+2	4.3824899412E-3
4.2709891633E-1	2.3440782701E+2	4.4016394148E-3
4.3151009985E-1	2.3403449782E+2	4.4207153312E-3
4.3594032237E-1	2.3360577932E+2	4.4397173715E-3
4.4038950986E-1	2.3312178065E+2	4.4586452181E-3
4.4485758797E-1	2.3258265206E+2	4.4774985548E-3
4.4934448203E-1	2.3198858516E+2	4.4962770664E-3
4.5385011706E-1	2.3133981326E+2	4.5149804392E-3
4.5837441776E-1	2.3063661163E+2	4.5336083606E-3
4.6291730852E-1	2.2987929770E+2	4.5521605193E-3
4.6747871344E-1	2.2906823124E+2	4.5706366053E-3
4.7205855627E-1	2.2820381442E+2	4.5890363098E-3
4.7665676049E-1	2.2728649195E+2	4.6073593254E-3
4.8127324926E-1	2.2631675102E+2	4.6256053458E-3
4.8590794542E-1	2.2529512133E+2	4.6437740661E-3
4.9056077152E-1	2.2422217495E+2	4.6618651826E-3
4.9523164982E-1	2.2309852619E+2	4.6798783932E-3
4.9992050224E-1	2.2192483144E+2	4.6978133967E-3
5.0462725044E-1	2.2070178884E+2	4.7156698934E-3
5.0935181576E-1	2.1943013808E+2	4.7334475849E-3
5.1409411924E-1	2.1811065994E+2	4.7511461741E-3
5.1885408164E-1	2.1674417595E+2	4.7687653653E-3
5.2363162341E-1	2.1533154787E+2	4.7863048641E-3
5.2842666471E-1	2.1387367719E+2	4.8037643772E-3
5.3323912540E-1	2.1237150454E+2	4.8211436130E-3
5.3806892508E-1	2.1082600904E+2	4.8384422809E-3
5.4291598301E-1	2.0923820762E+2	4.8556600920E-3
5.4778021821E-1	2.0760915426E+2	4.8727967585E-3
5.5266154939E-1	2.0593993918E+2	4.8898519940E-3
5.5755989496E-1	2.0423168799E+2	4.9068255135E-3
5.6247517308E-1	2.0248556077E+2	4.9237170334E-3
5.6740730160E-1	2.0070275108E+2	4.9405262713E-3
5.7235619810E-1	1.9888448499E+2	4.9572529464E-3
5.7732177988E-1	1.9703201993E+2	4.9738967791E-3
5.8230396395E-1	1.9514664363E+2	4.9904574913E-3
5.8730266706E-1	1.9322967291E+2	5.0069348063E-3
5.9231780568E-1	1.9128245245E+2	5.0233284486E-3
5.9734929598E-1	1.8930635353E+2	5.0396381444E-3
6.0239705389E-1	1.8730277270E+2	5.0558636210E-3
6.0746099506E-1	1.8527313043E+2	5.0720046074E-3
6.1254103485E-1	1.8321886969E+2	5.0880608338E-3
6.1763708838E-1	1.8114145448E+2	5.1040320318E-3
6.2274907048E-1	1.7904236838E+2	5.1199179345E-3
6.2787689573E-1	1.7692311297E+2	5.1357182766E-3
6.3302047843E-1	1.7478520633E+2	5.1514327939E-3
6.3817973262E-1	1.7263018136E+2	5.1670612238E-3
6.4335457209E-1	1.7045958423E+2	5.1826033052E-3
6.4854491036E-1	1.6827497266E+2	5.1980587783E-3
6.5375066070E-1	1.6607791426E+2	5.2134273849E-3
6.5897173609E-1	1.6386998478E+2	5.2287088681E-3
6.6420804930E-1	1.6165276645E+2	5.2439029725E-3
6.6945951283E-1	1.5942784613E+2	5.2590094442E-3
6.7472603890E-1	1.5719681362E+2	5.2740280309E-3
6.8000753951E-1	1.5496125980E+2	5.2889584814E-3
6.8530392640E-1	1.5272277488E+2	5.3038005463E-3
6.9061511106E-1	1.5048294657E+2	5.3185539776E-3
6.9594100473E-1	1.4824335828E+2	5.3332185287E-3
7.0128151841E-1	1.4600558728E+2	5.3477939546E-3
7.0663656285E-1	1.4377120288E+2	5.3622800116E-3
7.1200604856E-1	1.4154176464E+2	5.3766764577E-3
7.1738988581E-1	1.3931882053E+2	5.3909830523E-3
7.2278798463E-1	1.3710390514E+2	5.4051995564E-3
7.2820025482E-1	1.3489853791E+2	5.4193257323E-3
7.3362660591E-1	1.3270422129E+2	5.4333613439E-3
7.3906694724E-1	1.3052243905E+2	5.4473061568E-3
7.4452118788E-1	1.2835465449E+2	5.4611599379E-3
7.4998923669E-1	1.2620230877E+2	5.4749224557E-3
7.5547100229E-1	1.2406681917E+2	5.4885934801E-3
7.6096639308E-1	1.2194957747E+2	5.5021727828E-3
7.6647531721E-1	1.1985194831E+2	5.5156601367E-3
7.7199768263E-1	1.1777526758E+2	5.5290553166E-3
7.7753339704E-1	1.1572084091E+2	5.5423580985E-3
7.8308236795E-1	1.1368994210E+2	5.5555682601E-3
7.8864450262E-1	1.1168381170E+2	5.5686855808E-3
7.9421970809E-1	1.0970365555E+2	5.5817098412E-3
7.9980789121E-1	1.0775064343E+2	5.5946408237E-3
8.0540895857E-1	1.0582590772E+2	5.6074783123E-3
8.1102281659E-1	1.0393054215E+2	5.6202220924E-3
8.1664937145E-1	1.0206560055E+2	5.6328719509E-3
8.2228852912E-1	1.0023209574E+2	5.6454276767E-3
8.2794019536E-1	9.8430998409E+1	5.6578890597E-3
8.3360427572E-1	9.6663236075E+1	5.6702558918E-3
8.3928067556E-1	9.4929692137E+1	5.6825279663E-3
8.4496930000E-1	9.3231204960E+1	5.6947050782E-3
8.5067005399E-1	9.1568567046E+1	5.7067870238E-3
8.5638284226E-1	8.9942524268E+1	5.7187736014E-3
8.6210756934E-1	8.8353775172E+1	5.7306646105E-3
8.6784413956E-1	8.6802970361E+1	5.7424598526E-3
8.7359245705E-1	8.5290711942E+1	5.7541591304E-3
8.7935242576E-1	8.3817553050E+1	5.7657622485E-3
8.8512394943E-1	8.2383997452E+1	5.7772690129E-3
8.9090693161E-1	8.0990499221E+1	5.7886792314E-3
8.9670127565E-1	7.9637462488E+1	5.7999927133E-3
9.0250688473E-1	7.8325241271E+1	5.8112092696E-3
9.0832366182E-1	7.7054139380E+1	5.8223287127E-3
9.1415150972E-1	7.5824410402E+1	5.8333508568E-3
9.1999033104E-1	7.4636257759E+1	5.8442755178E-3
9.2584002820E-1	7.3489834845E+1	5.8551025132E-3
9.3170050345E-1	7.2385245240E+1	5.8658316618E-3
9.3757165885E-1	7.1322542997E+1	5.8764627846E-3
9.4345339628E-1	7.0301733008E+1	5.8869957037E-3
9.4934561746E-1	6.9322771441E+1	5.8974302433E-3
9.5524822392E-1	6.8385566253E+1	5.9077662288E-3
9.6116111701E-1	6.7489977773E+1	5.9180034877E-3
9.6708419793E-1	6.6635819358E+1	5.9281418487E-3
9.7301736769E-1	6.5822858118E+1	5.9381811425E-3
9.7896052713E-1	6.5050815708E+1	5.9481212013E-3
9.8491357695E-1	6.4319369188E+1	5.9579618591E-3
9.9087641766E-1	6.3628151944E+1	5.9677029512E-3
9.9684894961E-1	6.2976754678E+1	5.9773443150E-3
1.0028310730E+0	6.2364726452E+1	5.9868857894E-3
1.0088226878E+0	6.1791575793E+1	5.9963272149E-3
1.0148236940E+0	6.1256771858E+1	6.0056684336E-3
1.0208339913E+0	6.0759745640E+1	6.0149092896E-3
1.0268534791E+0	6.0299891241E+1	6.0240496283E-3
1.0328820570E+0	5.9876567184E+1	6.0330892971E-3
1.0389196241E+0	5.9489097771E+1	6.0420281448E-3
1.0449660796E+0	5.9136774485E+1	6.0508660221E-3
1.0510213224E+0	5.8818857435E+1	6.0596027814E-3
1.0570852514E+0	5.8534576834E+1	6.0682382765E-3
1.0631577652E+0	5.8283134514E+1	6.0767723631E-3
1.0692387623E+0	5.8063705466E+1	6.0852048988E-3
1.0753281411E+0	5.7875439421E+1	6.0935357425E-3
1.0814257998E+0	5.7717462439E+1	6.1017647550E-3
1.0875316366E+0	5.7588878530E+1	6.1098917988E-3
1.0936455494E+0	5.7488771297E+1	6.1179167381E-3
1.0997674360E+0	5.7416205581E+1	6.1258394388E-3
1.1058971941E+0	5.7370229127E+1	6.1336597685E-3
1.1120347214E+0	5.7349874261E+1	6.1413775965E-3
1.1181799151E+0	5.7354159564E+1	6.1489927938E-3
1.1243326727E+0	5.7382091553E+1	6.1565052331E-3
1.1304928913E+0	5.7432666364E+1	6.1639147890E-3
1.1366604679E+0	5.7504871424E+1	6.1712213376E-3
1.1428352996E+0	5.7597687119E+1	6.1784247568E-3
1.1490172830E+0	5.7710088454E+1	6.1855249261E-3
1.1552063150E+0	5.7841046695E+1	6.1925217271E-3
1.1614022920E+0	5.7989531000E+1	6.1994150427E-3
1.1676051105E+0	5.8154510021E+1	6.2062047577E-3
1.1738146669E+0	5.8334953497E+1	6.2128907587E-3
1.1800308574E+0	5.8529833812E+1	6.2194729339E-3
1.1862535782E+0	5.8738127526E+1	6.2259511734E-3
1.1924827251E+0	5.8958816883E+1	6.2323253688E-3
1.1987181942E+0	5.9190891277E+1	6.2385954138E-3
1.2049598812E+0	5.9433348688E+1	6.2447612034E-3
1.2112076818E+0	5.9685197079E+1	6.2508226346E-3
1.2174614916E+0	5.9945455754E+1	6.2567796062E-3
1.2237212062E+0	6.0213156673E+1	6.2626320186E-3
1.2299867208E+0	6.0487345722E+1	6.2683797740E-3
1.2362579308E+0	6.0767083941E+1	6.2740227763E-3
1.2425347314E+0	6.1051448699E+1	6.2795609313E-3
1.2488170177E+0	6.1339534828E+1	6.2849941464E-3
1.2551046847E+0	6.1630455693E+1	6.2903223308E-3
1.2613976273E+0	6.1923344227E+1	6.2955453954E-3
1.2676957404E+0	6.2217353898E+1	6.3006632530E-3
1.2739989187E+0	6.2511659630E+1	6.3056758180E-3
1.2803070569E+0	6.2805458668E+1	6.3105830068E-3
1.2866200496E+0	6.3097971379E+1	6.3153847371E-3
1.2929377912E+0	6.3388442010E+1	6.3200809290E-3
1.2992601762E+0	6.3676139376E+1	6.3246715037E-3
1.3055870990E+0	6.3960357498E+1	6.3291563847E-3
1.3119184537E+0	6.4240416177E+1	6.3335354970E-3
1.3182541347E+0	6.4515661516E+1	6.3378087674E-3
1.3245940360E+0	6.4785466380E+1	6.3419761245E-3
1.3309380516E+0	6.5049230797E+1	6.3460374987E-3
1.3372860756E+0	6.5306382305E+1	6.3499928220E-3
1.3436380019E+0	6.5556376235E+1	6.3538420284E-3
1.3499937243E+0	6.5798695948E+1	6.3575850535E-3
1.3563531366E+0	6.6032853001E+1	6.3612218349E-3
1.3627161325E+0	6.6258387270E+1	6.3647523117E-3
1.3690826057E+0	6.6474867010E+1	6.3681764249E-3
1.3754524499E+0	6.6681888866E+1	6.3714941173E-3
1.3818255585E+0	6.6879077827E+1	6.3747053335E-3
1.3882018250E+0	6.7066087133E+1	6.3778100198E-3
1.3945811430E+0	6.7242598126E+1	6.3808081243E-3
1.4009634057E+0	6.7408320055E+1	6.3836995970E-3
1.4073485066E+0	6.7562989834E+1	6.3864843894E-3
1.4137363389E+0	6.7706371752E+1	6.3891624551E-3
1.4201267959E+0	6.7838257137E+1	6.3917337493E-3
1.4265197708E+0	6.7958463980E+1	6.3941982290E-3
1.4329151568E+0	6.8066836516E+1	6.3965558531E-3
1.4393128469E+0	6.8163244767E+1	6.3988065821E-3
1.4457127343E+0	6.8247584040E+1	6.4009503785E-3
1.4521147120E+0	6.8319774404E+1	6.4029872063E-3
1.4585186731E+0	6.8379760115E+1	6.4049170317E-3
1.4649245104E+0	6.8427509023E+1	6.4067398222E-3
1.4713321170E+0	6.8463011942E+1	6.4084555476E-3
1.4777413858E+0	6.8486281992E+1	6.4100641790E-3
1.4841522097E+0	6.8497353921E+1	6.4115656896E-3
1.4905644815E+0	6.8496283394E+1	6.4129600544E-3
1.4969780940E+0	6.8483146266E+1	6.4142472499E-3
1.5033929402E+0	6.8458037833E+1	6.4154272548E-3
1.5098089128E+0	6.8421072070E+1	6.4165000493E-3
1.5162259046E+0	6.8372380843E+1	6.4174656154E-3
1.5226438083E+0	6.8312113115E+1	6.4183239370E-3
1.5290625167E+0	6.8240434143E+1	6.4190749998E-3
1.5354819225E+0	6.8157524654E+1	6.4197187912E-3
1.5419019185E+0	6.8063580027E+1	6.4202553005E-3
1.5483223974E+0	6.7958809455E+1	6.4206845187E-3
1.5547432518E+0	6.7843435116E+1	6.4210064386E-3
1.5611643745E+0	6.7717691335E+1	6.4212210549E-3
1.5675856581E+0	6.7581823747E+1	6.4213283639E-3
1.5740069954E+0	6.7436088460E+1	6.4213283639E-3
1.5804282791E+0	6.7280751227E+1	6.4212210549E-3
1.5868494018E+0	6.7116086616E+1	6.4210064386E-3
1.5932702562E+0	6.6942377190E+1	6.4206845187E-3
1.5996907351E+0	6.6759912699E+1	6.4202553005E-3
1.6061107310E+0	6.6568989273E+1	6.4197187912E-3
1.6125301369E+0	6.6369908634E+1	6.4190749998E-3
1.6189488453E+0	6.6162977319E+1	6.4183239370E-3
1.6253667490E+0	6.5948505912E+1	6.4174656154E-3
1.6317837408E+0	6.5726808297E+1	6.4165000493E-3
1.6381997134E+0	6.5498200927E+1	6.4154272548E-3
1.6446145595E+0	6.5263002105E+1	6.4142472499E-3
1.6510281721E+0	6.5021531291E+1	6.4129600544E-3
1.6574404439E+0	6.4774108423E+1	6.4115656896E-3
1.6638512678E+0	6.4521053259E+1	6.4100641790E-3
1.6702605366E+0	6.4262684745E+1	6.4084555476E-3
1.6766681432E+0	6.3999320399E+1	6.4067398222E-3
1.6830739805E+0	6.3731275719E+1	6.4049170317E-3
1.6894779416E+0	6.3458863618E+1	6.4029872063E-3
1.6958799193E+0	6.3182393880E+1	6.4009503785E-3
1.7022798067E+0	6.2902172635E+1	6.3988065821E-3
1.7086774968E+0	6.2618501874E+1	6.3965558531E-3
1.7150728827E+0	6.2331678970E+1	6.3941982290E-3
1.7214658576E+0	6.2041996235E+1	6.3917337493E-3
1.7278563146E+0	6.1749740506E+1	6.3891624551E-3
1.7342441470E+0	6.1455192745E+1	6.3864843894E-3
1.7406292478E+0	6.1158627671E+1	6.3836995970E-3
1.7470115106E+0	6.0860313422E+1	6.3808081243E-3
1.7533908286E+0	6.0560511234E+1	6.3778100198E-3
1.7597670951E+0	6.0259475149E+1	6.3747053335E-3
1.7661402037E+0	5.9957451750E+1	6.3714941173E-3
1.7725100479E+0	5.9654679918E+1	6.3681764249E-3
1.7788765211E+0	5.9351390617E+1	6.3647523117E-3
1.7852395170E+0	5.9047806697E+1	6.3612218349E-3
1.7915989293E+0	5.8744142731E+1	6.3575850535E-3
1.7979546517E+0	5.8440604866E+1	6.3538420284E-3
1.8043065780E+0	5.8137390700E+1	6.3499928220E-3
1.8106546020E+0	5.7834689188E+1	6.3460374987E-3
1.8169986176E+0	5.7532680557E+1	6.3419761245E-3
1.8233385189E+0	5.7231536257E+1	6.3378087674E-3
1.8296741999E+0	5.6931418920E+1	6.3335354970E-3
1.8360055546E+0	5.6632482347E+1	6.3291563847E-3
1.8423324774E+0	5.6334871516E+1	6.3246715037E-3
1.8486548624E+0	5.6038722599E+1	6.3200809290E-3
1.8549726040E+0	5.5744163009E+1	6.3153847371E-3
1.8612855967E+0	5.5451311454E+1	6.3105830068E-3
1.8675937349E+0	5.5160278016E+1	6.3056758180E-3
1.8738969132E+0	5.4871164243E+1	6.3006632530E-3
1.8801950263E+0	5.4584063250E+1	6.2955453954E-3
1.8864879689E+0	5.4299059848E+1	6.2903223308E-3
1.8927756359E+0	5.4016230672E+1	6.2849941464E-3
1.8990579222E+0	5.3735644329E+1	6.2795609313E-3
1.9053347228E+0	5.3457361562E+1	6.2740227763E-3
1.9116059328E+0	5.3181435413E+1	6.2683797740E-3
1.9178714474E+0	5.2907911411E+1	6.2626320186E-3
1.9241311620E+0	5.2636827757E+1	6.2567796062E-3
1.9303849718E+0	5.2368215527E+1	6.2508226346E-3
1.9366327724E+0	5.2102098875E+1	6.2447612034E-3
1.9428744594E+0	5.1838495254E+1	6.2385954138E-3
1.9491099285E+0	5.1577415630E+1	6.2323253688E-3
1.9553390754E+0	5.1318864713E+1	6.2259511734E-3
1.9615617961E+0	5.1062841191E+1	6.2194729339E-3
1.9677779867E+0	5.0809337959E+1	6.2128907587E-3
1.9739875431E+0	5.0558342367E+1	6.2062047577E-3
1.9801903616E+0	5.0309836459E+1	6.1994150427E-3
1.9863863386E+0	5.0063797220E+1	6.1925217271E-3
1.9925753706E+0	4.9820196819E+1	6.1855249261E-3
1.9987573540E+0	4.9579002863E+1	6.1784247568E-3
2.0049321857E+0	4.9340178643E+1	6.1712213376E-3
2.0110997623E+0	4.9103683381E+1	6.1639147890E-3
2.0172599809E+0	4.8869472480E+1	6.1565052331E-3
2.0234127385E+0	4.8637497769E+1	6.1489927938E-3
2.0295579322E+0	4.8407707750E+1	6.1413775965E-3
2.0356954595E+0	4.8180047838E+1	6.1336597685E-3
2.0418252176E+0	4.7954460606E+1	6.1258394388E-3
2.0479471042E+0	4.7730886014E+1	6.1179167381E-3
2.0540610170E+0	4.7509261652E+1	6.1098917988E-3
2.0601668538E+0	4.7289522961E+1	6.1017647550E-3
2.0662645125E+0	4.7071603467E+1	6.0935357425E-3
2.0723538913E+0	4.6855434995E+1	6.0852048988E-3
2.0784348884E+0	4.6640947886E+1	6.0767723631E-3
2.0845074022E+0	4.6428071214E+1	6.0682382765E-3
2.0905713312E+0	4.6216732982E+1	6.0596027814E-3
2.0966265740E+0	4.6006860332E+1	6.0508660221E-3
2.1026730295E+0	4.5798379728E+1	6.0420281448E-3
2.1087105966E+0	4.5591217155E+1	6.0330892971E-3
2.1147391745E+0	4.5385298292E+1	6.0240496283E-3
2.1207586623E+0	4.5180548689E+1	6.0149092896E-3
2.1267689596E+0	4.4976893941E+1	6.0056684336E-3
2.1327699657E+0	4.4774259843E+1	5.9963272149E-3
2.1387615806E+0	4.4572572548E+1	5.9868857894E-3
2.1447437040E+0	4.4371758716E+1	5.9773443150E-3
2.1507162359E+0	4.4171745657E+1	5.9677029512E-3
2.1566790766E+0	4.3972461461E+1	5.9579618591E-3
2.1626321265E+0	4.3773835131E+1	5.9481212013E-3
2.1685752859E+0	4.3575796700E+1	5.9381811425E-3
2.1745084557E+0	4.3378277348E+1	5.9281418487E-3
2.1804315366E+0	4.3181209507E+1	5.9180034877E-3
2.1863444297E+0	4.2984526963E+1	5.9077662288E-3
2.1922470361E+0	4.2788164949E+1	5.8974302433E-3
2.1981392573E+0	4.2592060232E+1	5.8869957037E-3
2.2040209947E+0	4.2396151192E+1	5.8764627846E-3
2.2098921501E+0	4.2200377901E+1	5.8658316618E-3
2.2157526254E+0	4.2004682183E+1	5.8551025132E-3
2.2216023226E+0	4.1809007683E+1	5.8442755178E-3
2.2274411439E+0	4.1613299915E+1	5.8333508568E-3
2.2332689918E+0	4.1417506319E+1	5.8223287127E-3
2.2390857689E+0	4.1221576299E+1	5.8112092696E-3
2.2448913779E+0	4.1025461260E+1	5.7999927133E-3
2.2506857220E+0	4.0829114645E+1	5.7886792314E-3
2.2564687042E+0	4.0632491958E+1	5.7772690129E-3
2.2622402278E+0	4.0435550789E+1	5.7657622485E-3
2.2680001965E+0	4.0238250825E+1	5.7541591304E-3
2.2737485140E+0	4.0040553870E+1	5.7424598526E-3
2.2794850843E+0	3.9842423844E+1	5.7306646105E-3
2.2852098113E+0	3.9643826792E+1	5.7187736014E-3
2.2909225996E+0	3.9444730877E+1	5.7067870238E-3
2.2966233536E+0	3.9245106379E+1	5.6947050782E-3
2.3023119780E+0	3.9044925683E+1	5.6825279663E-3
2.3079883779E+0	3.8844163267E+1	5.6702558918E-3
2.3136524582E+0	3.8642795682E+1	5.6578890597E-3
2.3193041245E+0	3.8440801537E+1	5.6454276767E-3
2.3249432821E+0	3.8238161469E+1	5.6328719509E-3
2.3305698370E+0	3.8034858123E+1	5.6202220924E-3
2.3361836950E+0	3.7830876118E+1	5.6074783123E-3
2.3417847624E+0	3.7626202020E+1	5.5946408237E-3
2.3473729455E+0	3.7420824301E+1	5.5817098412E-3
2.3529481510E+0	3.7214733309E+1	5.5686855808E-3
2.3585102856E+0	3.7007921225E+1	5.5555682601E-3
2.3640592565E+0	3.6800382027E+1	5.5423580985E-3
2.3695949710E+0	3.6592111443E+1	5.5290553166E-3
2.3751173364E+0	3.6383106908E+1	5.5156601367E-3
2.3806262605E+0	3.6173367522E+1	5.5021727828E-3
2.3861216513E+0	3.5962893999E+1	5.4885934801E-3
2.3916034169E+0	3.5751688624E+1	5.4749224557E-3
2.3970714657E+0	3.5539755200E+1	5.4611599379E-3
2.4025257064E+0	3.5327099001E+1	5.4473061568E-3
2.4079660477E+0	3.5113726719E+1	5.4333613439E-3
2.4133923988E+0	3.4899646418E+1	5.4193257323E-3
2.4188046690E+0	3.4684867478E+1	5.4051995564E-3
2.4242027678E+0	3.4469400547E+1	5.3909830523E-3
2.4295866050E+0	3.4253257484E+1	5.3766764577E-3
2.4349560907E+0	3.4036451315E+1	5.3622800116E-3
2.4403111352E+0	3.3818996174E+1	5.3477939546E-3
2.4456516489E+0	3.3600907253E+1	5.3332185287E-3
2.4509775425E+0	3.3382200753E+1	5.3185539776E-3
2.4562887272E+0	3.3162893832E+1	5.3038005463E-3
2.4615851141E+0	3.2943004549E+1	5.2889584814E-3
2.4668666147E+0	3.2722551823E+1	5.2740280309E-3
2.4721331408E+0	3.2501555372E+1	5.2590094442E-3
2.4773846043E+0	3.2280035674E+1	5.2439029725E-3
2.4826209175E+0	3.2058013912E+1	5.2287088681E-3
2.4878419929E+0	3.1835511927E+1	5.2134273849E-3
2.4930477432E+0	3.1612552173E+1	5.1980587783E-3
2.4982380815E+0	3.1389157670E+1	5.1826033052E-3
2.5034129210E+0	3.1165351958E+1	5.1670612238E-3
2.5085721752E+0	3.0941159051E+1	5.1514327939E-3
2.5137157579E+0	3.0716603399E+1	5.1357182766E-3
2.5188435831E+0	3.0491709840E+1	5.1199179345E-3
2.5239555652E+0	3.0266503561E+1	5.1040320318E-3
2.5290516187E+0	3.0041010059E+1	5.0880608338E-3
2.5341316585E+0	2.9815255099E+1	5.0720046074E-3
2.5391955997E+0	2.9589264678E+1	5.0558636210E-3
2.5442433576E+0	2.9363064990E+1	5.0396381444E-3
2.5492748479E+0	2.9136682386E+1	5.0233284486E-3
2.5542899865E+0	2.8910143343E+1	5.0069348063E-3
2.5592886896E+0	2.8683474428E+1	4.9904574913E-3
2.5642708737E+0	2.8456702269E+1	4.9738967791E-3
2.5692364555E+0	2.8229853522E+1	4.9572529464E-3
2.5741853520E+0	2.8002954843E+1	4.9405262713E-3
2.5791174805E+0	2.7776032857E+1	4.9237170334E-3
2.5840327586E+0	2.7549114134E+1	4.9068255135E-3
2.5889311042E+0	2.7322225159E+1	4.8898519940E-3
2.5938124354E+0	2.7095392310E+1	4.8727967585E-3
2.5986766706E+0	2.6868641836E+1	4.8556600920E-3
2.6035237285E+0	2.6641999829E+1	4.8384422809E-3
2.6083535282E+0	2.6415492207E+1	4.8211436130E-3
2.6131659889E+0	2.6189144692E+1	4.8037643772E-3
2.6179610302E+0	2.5962982791E+1	4.7863048641E-3
2.6227385719E+0	2.5737031779E+1	4.7687653653E-3
2.6274985343E+0	2.5511316682E+1	4.7511461741E-3
2.6322408378E+0	2.5285862257E+1	4.7334475849E-3
2.6369654032E+0	2.5060692983E+1	4.7156698934E-3
2.6416721513E+0	2.4835833045E+1	4.6978133967E-3
2.6463610038E+0	2.4611306319E+1	4.6798783932E-3
2.6510318821E+0	2.4387136362E+1	4.6618651826E-3
2.6556847082E+0	2.4163346402E+1	4.6437740661E-3
2.6603194043E+0	2.3939959327E+1	4.6256053458E-3
2.6649358931E+0	2.3716997672E+1	4.6073593254E-3
2.6695340973E+0	2.3494483620E+1	4.5890363098E-3
2.6741139402E+0	2.3272438985E+1	4.5706366053E-3
2.6786753451E+0	2.3050885210E+1	4.5521605193E-3
2.6832182358E+0	2.2829843362E+1	4.5336083606E-3
2.6877425365E+0	2.2609334123E+1	4.5149804392E-3
2.6922481716E+0	2.2389377791E+1	4.4962770664E-3
2.6967350656E+0	2.2169994271E+1	4.4774985548E-3
2.7012031437E+0	2.1951203076E+1	4.4586452181E-3
2.7056523312E+0	2.1733023324E+1	4.4397173715E-3
2.7100825537E+0	2.1515473732E+1	4.4207153312E-3
2.7144937373E+0	2.1298572623E+1	4.4016394148E-3
2.7188858081E+0	2.1082337919E+1	4.3824899412E-3
2.7232586927E+0	2.0866787143E+1	4.3632672302E-3
2.7276123182E+0	2.0651937419E+1	4.3439716031E-3
2.7319466117E+0	2.0437805476E+1	4.3246033825E-3
2.7362615009E+0	2.0224407646E+1	4.3051628919E-3
2.7405569135E+0	2.0011759866E+1	4.2856504563E-3
2.7448327779E+0	1.9799877685E+1	4.2660664016E-3
2.7490890226E+0	1.9588776261E+1	4.2464110553E-3
2.7533255764E+0	1.9378470368E+1	4.2266847457E-3
2.7575423685E+0	1.9168974397E+1	4.2068878026E-3
2.7617393285E+0	1.8960302363E+1	4.1870205567E-3
2.7659163863E+0	1.8752467907E+1	4.1670833400E-3
2.7700734720E+0	1.8545484300E+1	4.1470764858E-3
2.7742105162E+0	1.8339364450E+1	4.1270003283E-3
2.7783274497E+0	1.8134120904E+1	4.1068552032E-3
2.7824242037E+0	1.7929765856E+1	4.0866414469E-3
2.7865007098E+0	1.7726311152E+1	4.0663593974E-3
2.7905568999E+0	1.7523768293E+1	4.0460093936E-3
2.7945927061E+0	1.7322148445E+1	4.0255917754E-3
2.7986080610E+0	1.7121462442E+1	4.0051068843E-3
2.8026028975E+0	1.6921720793E+1	3.9845550624E-3
2.8065771489E+0	1.6722933686E+1	3.9639366533E-3
2.8105307487E+0	1.6525110999E+1	3.9432520014E-3
2.8144636309E+0	1.6328262304E+1	3.9225014525E-3
2.8183757298E+0	1.6132396871E+1	3.9016853533E-3
2.8222669799E+0	1.5937523680E+1	3.8808040517E-3
2.8261373163E+0	1.5743651422E+1	3.8598578967E-3
2.8299866742E+0	1.5550788510E+1	3.8388472382E-3
2.8338149894E+0	1.5358943082E+1	3.8177724274E-3
2.8376221978E+0	1.5168123012E+1	3.7966338166E-3
2.8414082359E+0	1.4978335913E+1	3.7754317588E-3
2.8451730403E+0	1.4789589146E+1	3.7541666086E-3
2.8489165482E+0	1.4601889825E+1	3.7328387211E-3
2.8526386969E+0	1.4415244826E+1	3.7114484529E-3
2.8563394244E+0	1.4229660789E+1	3.6899961614E-3
2.8600186687E+0	1.4045144132E+1	3.6684822051E-3
2.8636763684E+0	1.3861701052E+1	3.6469069436E-3
2.8673124623E+0	1.3679337530E+1	3.6252707373E-3
2.8709268897E+0	1.3498059344E+1	3.6035739479E-3
2.8745195901E+0	1.3317872071E+1	3.5818169379E-3
2.8780905036E+0	1.3138781094E+1	3.5600000709E-3
2.8816395704E+0	1.2960791606E+1	3.5381237115E-3
2.8851667313E+0	1.2783908623E+1	3.5161882254E-3
2.8886719273E+0	1.2608136981E+1	3.4941939790E-3
2.8921550998E+0	1.2433481349E+1	3.4721413399E-3
2.8956161906E+0	1.2259946233E+1	3.4500306767E-3
2.8990551419E+0	1.2087535979E+1	3.4278623588E-3
2.9024718962E+0	1.1916254783E+1	3.4056367567E-3
2.9058663965E+0	1.1746106691E+1	3.3833542419E-3
2.9092385859E+0	1.1577095613E+1	3.3610151867E-3
2.9125884081E+0	1.1409225318E+1	3.3386199643E-3
2.9159158072E+0	1.1242499448E+1	3.3161689492E-3
2.9192207275E+0	1.1076921517E+1	3.2936625164E-3
2.9225031139E+0	1.0912494920E+1	3.2711010421E-3
2.9257629114E+0	1.0749222937E+1	3.2484849032E-3
2.9290000656E+0	1.0587108734E+1	3.2258144779E-3
2.9322145224E+0	1.0426155373E+1	3.2030901448E-3
2.9354062280E+0	1.0266365814E+1	3.1803122838E-3
2.9385751292E+0	1.0107742920E+1	3.1574812755E-3
2.9417211730E+0	9.9502894594E+0	3.1345975014E-3
2.9448443068E+0	9.7940081120E+0	3.1116613440E-3
2.9479444784E+0	9.6389014729E+0	3.0886731866E-3
2.9510216360E+0	9.4849720559E+0	3.0656334132E-3
2.9540757281E+0	9.3322222971E+0	3.0425424091E-3
2.9571067038E+0	9.1806545592E+0	3.0194005599E-3
2.9601145124E+0	9.0302711342E+0	2.9962082525E-3
2.9630991036E+0	8.8810742475E+0	2.9729658744E-3
2.9660604276E+0	8.7330660610E+0	2.9496738141E-3
2.9689984348E+0	8.5862486758E+0	2.9263324607E-3
2.9719130762E+0	8.4406241360E+0	2.9029422044E-3
2.9748043031E+0	8.2961944311E+0	2.8795034361E-3
2.9776720671E+0	8.1529614989E+0	2.8560165473E-3
2.9805163203E+0	8.0109272286E+0	2.8324819307E-3
2.9833370151E+0	7.8700934627E+0	2.8088999795E-3
2.9861341046E+0	7.7304620003E+0	2.7852710878E-3
2.9889075418E+0	7.5920345988E+0	2.7615956505E-3
2.9916572805E+0	7.4548129766E+0	2.7378740632E-3
2.9943832747E+0	7.3187988152E+0	2.7141067224E-3
2.9970854788E+0	7.1839937611E+0	2.6902940251E-3
2.9997638477E+0	7.0503994282E+0	2.6664363695E-3
3.0024183367E+0	6.9180173992E+0	2.6425341541E-3
3.0050489013E+0	6.7868492279E+0	2.6185877784E-3
3.0076554977E+0	6.6568964403E+0	2.5945976426E-3
3.0102380822E+0	6.5281605368E+0	2.5705641475E-3
3.0127966116E+0	6.4006429937E+0	2.5464876949E-3
3.0153310434E+0	6.2743452640E+0	2.5223686871E-3
3.0178413350E+0	6.1492687796E+0	2.4982075270E-3
3.0203274445E+0	6.0254149522E+0	2.4740046186E-3
3.0227893304E+0	5.9027851743E+0	2.4497603662E-3
3.0252269516E+0	5.7813808209E+0	2.4254751751E-3
3.0276402673E+0	5.6612032500E+0	2.4011494510E-3
3.0300292371E+0	5.5422538038E+0	2.3767836004E-3
3.0323938212E+0	5.4245338100E+0	2.3523780306E-3
3.0347339801E+0	5.3080445820E+0	2.3279331494E-3
3.0370496746E+0	5.1927874202E+0	2.3034493653E-3
3.0393408660E+0	5.0787636125E+0	2.2789270875E-3
3.0416075160E+0	4.9659744350E+0	2.2543667257E-3
3.0438495869E+0	4.8544211527E+0	2.2297686905E-3
3.0460670410E+0	4.7441050200E+0	2.2051333928E-3
3.0482598414E+0	4.6350272814E+0	2.1804612443E-3
3.0504279513E+0	4.5271891714E+0	2.1557526574E-3
3.0525713347E+0	4.4205919157E+0	2.1310080450E-3
3.0546899556E+0	4.3152367311E+0	2.1062278206E-3
3.0567837786E+0	4.2111248256E+0	2.0814123983E-3
3.0588527688E+0	4.1082573992E+0	2.0565621928E-3
3.0608968915E+0	4.0066356440E+0	2.0316776194E-3
3.0629161127E+0	3.9062607441E+0	2.0067590939E-3
3.0649103985E+0	3.8071338760E+0	1.9818070327E-3
3.0668797157E+0	3.7092562087E+0	1.9568218529E-3
3.0688240313E+0	3.6126289038E+0	1.9318039720E-3
3.0707433129E+0	3.5172531155E+0	1.9067538080E-3
3.0726375283E+0	3.4231299906E+0	1.8816717796E-3
3.0745066460E+0	3.3302606687E+0	1.8565583060E-3
3.0763506346E+0	3.2386462819E+0	1.8314138067E-3
3.0781694634E+0	3.1482879550E+0	1.8062387021E-3
3.0799631019E+0	3.0591868050E+0	1.7810334128E-3
3.0817315203E+0	2.9713439418E+0	1.7557983600E-3
3.0834746889E+0	2.8847604671E+0	1.7305339655E-3
3.0851925786E+0	2.7994374750E+0	1.7052406515E-3
3.0868851607E+0	2.7153760514E+0	1.6799188405E-3
3.0885524069E+0	2.6325772743E+0	1.6545689559E-3
3.0901942894E+0	2.5510422130E+0	1.6291914212E-3
3.0918107807E+0	2.4707719283E+0	1.6037866605E-3
3.0934018538E+0	2.3917674723E+0	1.5783550984E-3
3.0949674821E+0	2.3140298878E+0	1.5528971598E-3
3.0965076394E+0	2.2375602085E+0	1.5274132703E-3
3.0980223001E+0	2.1623594586E+0	1.5019038556E-3
3.0995114388E+0	2.0884286523E+0	1.4763693421E-3
3.1009750306E+0	2.0157687938E+0	1.4508101565E-3
3.1024130510E+0	1.9443808770E+0	1.4252267258E-3
3.1038254761E+0	1.8742658851E+0	1.3996194778E-3
3.1052122822E+0	1.8054247903E+0	1.3739888402E-3
3.1065734461E+0	1.7378585536E+0	1.3483352414E-3
3.1079089451E+0	1.6715681245E+0	1.3226591101E-3
3.1092187570E+0	1.6065544407E+0	1.2969608754E-3
3.1105028597E+0	1.5428184278E+0	1.2712409668E-3
3.1117612318E+0	1.4803609987E+0	1.2454998140E-3
3.1129938524E+0	1.4191830537E+0	1.2197378472E-3
3.1142007007E+0	1.3592854802E+0	1.1939554970E-3
3.1153817567E+0	1.3006691521E+0	1.1681531941E-3
3.1165370006E+0	1.2433349294E+0	1.1423313699E-3
3.1176664131E+0	1.1872836585E+0	1.1164904558E-3
3.1187699753E+0	1.1325161713E+0	1.0906308836E-3
3.1198476688E+0	1.0790332852E+0	1.0647530855E-3
3.1208994755E+0	1.0268358025E+0	1.0388574939E-3
3.1219253780E+0	9.7592451066E-1	1.0129445417E-3
3.1229253590E+0	9.2630018138E-1	9.8701466182E-4
3.1238994018E+0	8.7796357075E-1	9.6106828758E-4
3.1248474902E+0	8.3091541874E-1	9.3510585261E-4
3.1257696083E+0	7.8515644903E-1	9.0912779076E-4
3.1266657407E+0	7.4068736868E-1	8.8313453619E-4
3.1275358724E+0	6.9750886789E-1	8.5712652325E-4
3.1283799890E+0	6.5562161971E-1	8.3110418659E-4
3.1291980762E+0	6.1502627981E-1	8.0506796108E-4
3.1299901204E+0	5.7572348619E-1	7.7901828182E-4
3.1307561084E+0	5.3771385900E-1	7.5295558414E-4
3.1314960274E+0	5.0099800022E-1	7.2688030358E-4
3.1322098650E+0	4.6557649348E-1	7.0079287589E-4
3.1328976092E+0	4.3144990382E-1	6.7469373705E-4
3.1335592487E+0	3.9861877746E-1	6.4858332323E-4
3.1341947723E+0	3.6708364162E-1	6.2246207073E-4
3.1348041694E+0	3.3684500427E-1	5.9633041614E-4
3.1353874298E+0	3.0790335396E-1	5.7018879612E-4
3.1359445438E+0	2.8025915963E-1	5.4403764760E-4
3.1364755020E+0	2.5391287043E-1	5.1787740760E-4
3.1369802957E+0	2.2886491551E-1	4.9170851331E-4
3.1374589163E+0	2.0511570391E-1	4.6553140213E-4
3.1379113559E+0	1.8266562435E-1	4.3934651156E-4
3.1383376069E+0	1.6151504510E-1	4.1315427928E-4
3.1387376622E+0	1.4166431384E-1	3.8695514312E-4
3.1391115150E+0	1.2311375751E-1	3.6074954110E-4
3.1394591592E+0	1.0586368219E-1	3.3453791144E-4
3.1397805890E+0	8.9914372957E-2	3.0832069259E-4
3.1400757989E+0	7.5266093788E-2	2.8209832342E-4
3.1403447841E+0	6.1919087423E-2	2.5587124334E-4
3.1405875400E+0	4.9873575242E-2	2.2963989267E-4
3.1408040626E+0	3.9129757118E-2	2.0340471372E-4
3.1409943483E+0	2.9687811200E-2	1.7716615272E-4
3.1411583939E+0	2.1547893541E-2	1.5092466531E-4
3.1412961968E+0	1.4710137243E-2	1.2468073282E-4
3.1414077547E+0	9.1746500314E-3	9.8434919423E-5
3.1414930663E+0	4.9415052608E-3	7.2188137769E-5
3.1415521316E+0	2.0106938863E-3	4.5943520243E-5
3.1415849628E+0	3.8161389683E-4	1.9736940383E-5