# Differential cross section		
# Author: P. Swaczyna	Princeton University	(swaczyna@princeton.edu)
# Date: 	Fri 4 Dec 2020 01:29:08	
# 		
# Elastic collision: H^0 + He^0 -> H^0 + He^0		
# 		
# Red. mass: 	7.5005505498E+8	 eV/c^2
# CM energy: 	1.5848931925E+3	 eV
# Rel speed: 	6.1629568866E+7	 cm/s
# Tot sigma: 	1.8725187137E+1	 a.u.
# Int sigma: 	1.8725189357E+1	 a.u.
# 		
# Columns:		
# the <- scattering angle (rad)		
# dcs <- dsigma/dOmega*2*pi*sin(the) (a.u. = 2.8002852056E-17 cm^2)		
# wei <- weight for cross section integration (approx. width of angle bin)		
# 		
# the	dcs	wei
7.6907532846E-6	7.4028661827E+1	1.9736940383E-5
4.0521979771E-5	3.8980430103E+2	4.5943520243E-5
9.9587300392E-5	9.5482199791E+2	7.2188137769E-5
1.8489884726E-4	1.7556645735E+3	9.8434919423E-5
2.9645680168E-4	2.7553469470E+3	1.2468073282E-4
4.3425968311E-4	3.8782157904E+3	1.5092466531E-4
5.9830531657E-4	4.9994367700E+3	1.7716615272E-4
7.8859101285E-4	5.9501476188E+3	2.0340471372E-4
1.0051136166E-3	6.5488577111E+3	2.2963989267E-4
1.2478695220E-3	6.6587941834E+3	2.5587124334E-4
1.5168546797E-3	6.2496308706E+3	2.8209832342E-4
1.8120645986E-3	5.4249961930E+3	3.0832069259E-4
2.1334943481E-3	4.3876088885E+3	3.3453791144E-4
2.4811385584E-3	3.3556508622E+3	3.6074954110E-4
2.8549914211E-3	2.4822331119E+3	3.8695514312E-4
3.2550466893E-3	1.8240115781E+3	4.1315427928E-4
3.6812976783E-3	1.3623334595E+3	4.3934651156E-4
4.1337372652E-3	1.0460972235E+3	4.6553140213E-4
4.6123578895E-3	8.2500423435E+2	4.9170851331E-4
5.1171515529E-3	6.6278000483E+2	5.1787740760E-4
5.6481098199E-3	5.3750754935E+2	5.4403764760E-4
6.2052238176E-3	4.3741905174E+2	5.7018879612E-4
6.7884842360E-3	3.5608086908E+2	5.9633041614E-4
7.3978813281E-3	2.8982813891E+2	6.2246207073E-4
8.0334049101E-3	2.3630936725E+2	6.4858332323E-4
8.6950443616E-3	1.9333632267E+2	6.7469373705E-4
9.3827886258E-3	1.5914367155E+2	7.0079287589E-4
1.0096626210E-2	1.3206757960E+2	7.2688030358E-4
1.0836545184E-2	1.1064092070E+2	7.5295558414E-4
1.1602533184E-2	9.3696784843E+1	7.7901828182E-4
1.2394577408E-2	8.0208582830E+1	8.0506796108E-4
1.3212664621E-2	6.9415746542E+1	8.3110418659E-4
1.4056781152E-2	6.0681355321E+1	8.5712652325E-4
1.4926912893E-2	5.3531849755E+1	8.8313453619E-4
1.5823045305E-2	4.7601543136E+1	9.0912779076E-4
1.6745163410E-2	4.2606475582E+1	9.3510585261E-4
1.7693251801E-2	3.8346805338E+1	9.6106828758E-4
1.8667294632E-2	3.4665465256E+1	9.8701466182E-4
1.9667275626E-2	3.1444449336E+1	1.0129445417E-3
2.0693178073E-2	2.8613609851E+1	1.0388574939E-3
2.1744984827E-2	2.6093121349E+1	1.0647530855E-3
2.2822678313E-2	2.3847499209E+1	1.0906308836E-3
2.3926240519E-2	2.1839883933E+1	1.1164904558E-3
2.5055653005E-2	2.0030593430E+1	1.1423313699E-3
2.6210896896E-2	1.8403841121E+1	1.1681531941E-3
2.7391952886E-2	1.6938692647E+1	1.1939554970E-3
2.8598801239E-2	1.5611532877E+1	1.2197378472E-3
2.9831421786E-2	1.4409074754E+1	1.2454998140E-3
3.1089793929E-2	1.3319346149E+1	1.2712409668E-3
3.2373896638E-2	1.2328489703E+1	1.2969608754E-3
3.3683708455E-2	1.1425395329E+1	1.3226591101E-3
3.5019207490E-2	1.0601460658E+1	1.3483352414E-3
3.6380371427E-2	9.8483696888E+0	1.3739888402E-3
3.7767177517E-2	9.1583567272E+0	1.3996194778E-3
3.9179602586E-2	8.5250823624E+0	1.4252267258E-3
4.0617623030E-2	7.9433770232E+0	1.4508101565E-3
4.2081214817E-2	7.4085598445E+0	1.4763693421E-3
4.3570353490E-2	6.9161803383E+0	1.5019038556E-3
4.5085014162E-2	6.4621306928E+0	1.5274132703E-3
4.6625171522E-2	6.0427757234E+0	1.5528971598E-3
4.8190799831E-2	5.6549545229E+0	1.5783550984E-3
4.9781872927E-2	5.2959002546E+0	1.6037866605E-3
5.1398364219E-2	4.9631541118E+0	1.6291914212E-3
5.3040246694E-2	4.6545057547E+0	1.6545689559E-3
5.4707492914E-2	4.3679573210E+0	1.6799188405E-3
5.6400075017E-2	4.1016990102E+0	1.7052406515E-3
5.8117964718E-2	3.8540891687E+0	1.7305339655E-3
5.9861133308E-2	3.6236376022E+0	1.7557983600E-3
6.1629551657E-2	3.4089913615E+0	1.7810334128E-3
6.3423190212E-2	3.2089183476E+0	1.8062387021E-3
6.5242019000E-2	3.0222829851E+0	1.8314138067E-3
6.7086007624E-2	2.8480194067E+0	1.8565583060E-3
6.8955125270E-2	2.6851292062E+0	1.8816717796E-3
7.0849340702E-2	2.5327324330E+0	1.9067538080E-3
7.2768622264E-2	2.3901387577E+0	1.9318039720E-3
7.4712937885E-2	2.2568113979E+0	1.9568218529E-3
7.6682255070E-2	2.1321459323E+0	1.9818070327E-3
7.8676540910E-2	2.0152936771E+0	2.0067590939E-3
8.0695762079E-2	1.9054236241E+0	2.0316776194E-3
8.2739884832E-2	1.8022041695E+0	2.0565621928E-3
8.4808875009E-2	1.7055809782E+0	2.0814123983E-3
8.6902698034E-2	1.6149683692E+0	2.1062278206E-3
8.9021318917E-2	1.5295071383E+0	2.1310080450E-3
9.1164702253E-2	1.4490937925E+0	2.1557526574E-3
9.3332812224E-2	1.3737441550E+0	2.1804612443E-3
9.5525612596E-2	1.3027181456E+0	2.2051333928E-3
9.7743066726E-2	1.2356957110E+0	2.2297686905E-3
9.9985137556E-2	1.1727166400E+0	2.2543667257E-3
1.0225178762E-1	1.1132952898E+0	2.2789270875E-3
1.0454297904E-1	1.0572703336E+0	2.3034493653E-3
1.0685867352E-1	1.0044427819E+0	2.3279331494E-3
1.0919883237E-1	9.5464849186E-1	2.3523780306E-3
1.1156341648E-1	9.0759993322E-1	2.3767836004E-3
1.1395238633E-1	8.6317035847E-1	2.4011494510E-3
1.1636570200E-1	8.2122227555E-1	2.4254751751E-3
1.1880332317E-1	7.8144874250E-1	2.4497603662E-3
1.2126520909E-1	7.4399912372E-1	2.4740046186E-3
1.2375131862E-1	7.0839628297E-1	2.4982075270E-3
1.2626161023E-1	6.7492712211E-1	2.5223686871E-3
1.2879604195E-1	6.4306861231E-1	2.5464876949E-3
1.3135457143E-1	6.1306210182E-1	2.5705641475E-3
1.3393715592E-1	5.8453879476E-1	2.5945976426E-3
1.3654375226E-1	5.5751549343E-1	2.6185877784E-3
1.3917431689E-1	5.3198254408E-1	2.6425341541E-3
1.4182880585E-1	5.0761827973E-1	2.6664363695E-3
1.4450717478E-1	4.8469270245E-1	2.6902940251E-3
1.4720937892E-1	4.6281760005E-1	2.7141067224E-3
1.4993537310E-1	4.4207363315E-1	2.7378740632E-3
1.5268511179E-1	4.2244308416E-1	2.7615956505E-3
1.5545854902E-1	4.0371863721E-1	2.7852710878E-3
1.5825563845E-1	3.8596773635E-1	2.8088999795E-3
1.6107633333E-1	3.6913291148E-1	2.8324819307E-3
1.6392058653E-1	3.5310524255E-1	2.8560165473E-3
1.6678835052E-1	3.3786536982E-1	2.8795034361E-3
1.6967957737E-1	3.2336225970E-1	2.9029422044E-3
1.7259421876E-1	3.0955225685E-1	2.9263324607E-3
1.7553222599E-1	2.9643209765E-1	2.9496738141E-3
1.7849354996E-1	2.8396521352E-1	2.9729658744E-3
1.8147814117E-1	2.7208291249E-1	2.9962082525E-3
1.8448594977E-1	2.6074406608E-1	3.0194005599E-3
1.8751692548E-1	2.4993930054E-1	3.0425424091E-3
1.9057101764E-1	2.3965574216E-1	3.0656334132E-3
1.9364817522E-1	2.2986392502E-1	3.0886731866E-3
1.9674834681E-1	2.2052922172E-1	3.1116613440E-3
1.9987148058E-1	2.1162161544E-1	3.1345975014E-3
2.0301752435E-1	2.0311643006E-1	3.1574812755E-3
2.0618642554E-1	1.9499332902E-1	3.1803122838E-3
2.0937813120E-1	1.8723647485E-1	3.2030901448E-3
2.1259258799E-1	1.7983287800E-1	3.2258144779E-3
2.1582974219E-1	1.7276846822E-1	3.2484849032E-3
2.1908953970E-1	1.6602567689E-1	3.2711010421E-3
2.2237192605E-1	1.5958515429E-1	3.2936625164E-3
2.2567684639E-1	1.5342961144E-1	3.3161689492E-3
2.2900424548E-1	1.4754561484E-1	3.3386199643E-3
2.3235406772E-1	1.4192162450E-1	3.3610151867E-3
2.3572625713E-1	1.3654482155E-1	3.3833542419E-3
2.3912075735E-1	1.3140077112E-1	3.4056367567E-3
2.4253751167E-1	1.2647655016E-1	3.4278623588E-3
2.4597646298E-1	1.2176313412E-1	3.4500306767E-3
2.4943755380E-1	1.1725318081E-1	3.4721413399E-3
2.5292072631E-1	1.1293661424E-1	3.4941939790E-3
2.5642592230E-1	1.0880031691E-1	3.5161882254E-3
2.5995308318E-1	1.0483328788E-1	3.5381237115E-3
2.6350215001E-1	1.0103066264E-1	3.5600000709E-3
2.6707306349E-1	9.7390278204E-2	3.5818169379E-3
2.7066576394E-1	9.3905107387E-2	3.6035739479E-3
2.7428019131E-1	9.0562153652E-2	3.6252707373E-3
2.7791628522E-1	8.7351576069E-2	3.6469069436E-3
2.8157398488E-1	8.4273198999E-2	3.6684822051E-3
2.8525322919E-1	8.1326061810E-2	3.6899961614E-3
2.8895395665E-1	7.8495518457E-2	3.7114484529E-3
2.9267610542E-1	7.5768339829E-2	3.7328387211E-3
2.9641961330E-1	7.3154843634E-2	3.7541666086E-3
3.0018441773E-1	7.0661047647E-2	3.7754317588E-3
3.0397045579E-1	6.8255967643E-2	3.7966338166E-3
3.0777766421E-1	6.5926611835E-2	3.8177724274E-3
3.1160597938E-1	6.3707586736E-2	3.8388472382E-3
3.1545533730E-1	6.1586004029E-2	3.8598578967E-3
3.1932567367E-1	5.9520971026E-2	3.8808040517E-3
3.2321692379E-1	5.7547353774E-2	3.9016853533E-3
3.2712902264E-1	5.5660214802E-2	3.9225014525E-3
3.3106190484E-1	5.3820794040E-2	3.9432520014E-3
3.3501550468E-1	5.2073342439E-2	3.9639366533E-3
3.3898975607E-1	5.0387278078E-2	3.9845550624E-3
3.4298459261E-1	4.8753342278E-2	4.0051068843E-3
3.4699994753E-1	4.7200039411E-2	4.0255917754E-3
3.5103575373E-1	4.5683032519E-2	4.0460093936E-3
3.5509194378E-1	4.4239466089E-2	4.0663593974E-3
3.5916844988E-1	4.2836707661E-2	4.0866414469E-3
3.6326520391E-1	4.1492261697E-2	4.1068552032E-3
3.6738213741E-1	4.0194553762E-2	4.1270003283E-3
3.7151918157E-1	3.8946026601E-2	4.1470764858E-3
3.7567626728E-1	3.7742546451E-2	4.1670833400E-3
3.7985332504E-1	3.6581909556E-2	4.1870205567E-3
3.8405028507E-1	3.5462198253E-2	4.2068878026E-3
3.8826707721E-1	3.4384219717E-2	4.2266847457E-3
3.9250363101E-1	3.3344119960E-2	4.2464110553E-3
3.9675987567E-1	3.2339798351E-2	4.2660664016E-3
4.0103574005E-1	3.1370505578E-2	4.2856504563E-3
4.0533115271E-1	3.0432626141E-2	4.3051628919E-3
4.0964604185E-1	2.9532161025E-2	4.3246033825E-3
4.1398033538E-1	2.8663037193E-2	4.3439716031E-3
4.1833396086E-1	2.7820064399E-2	4.3632672302E-3
4.2270684554E-1	2.7010554143E-2	4.3824899412E-3
4.2709891633E-1	2.6222545342E-2	4.4016394148E-3
4.3151009985E-1	2.5464949924E-2	4.4207153312E-3
4.3594032237E-1	2.4738743056E-2	4.4397173715E-3
4.4038950986E-1	2.4026972818E-2	4.4586452181E-3
4.4485758797E-1	2.3339891868E-2	4.4774985548E-3
4.4934448203E-1	2.2683927674E-2	4.4962770664E-3
4.5385011706E-1	2.2045057947E-2	4.5149804392E-3
4.5837441776E-1	2.1423631353E-2	4.5336083606E-3
4.6291730852E-1	2.0827998898E-2	4.5521605193E-3
4.6747871344E-1	2.0252774893E-2	4.5706366053E-3
4.7205855627E-1	1.9691625779E-2	4.5890363098E-3
4.7665676049E-1	1.9148555305E-2	4.6073593254E-3
4.8127324926E-1	1.8627032080E-2	4.6256053458E-3
4.8590794542E-1	1.8123298847E-2	4.6437740661E-3
4.9056077152E-1	1.7632952555E-2	4.6618651826E-3
4.9523164982E-1	1.7155910612E-2	4.6798783932E-3
4.9992050224E-1	1.6694359655E-2	4.6978133967E-3
5.0462725044E-1	1.6249579219E-2	4.7156698934E-3
5.0935181576E-1	1.5820666445E-2	4.7334475849E-3
5.1409411924E-1	1.5405076410E-2	4.7511461741E-3
5.1885408164E-1	1.5000723493E-2	4.7687653653E-3
5.2363162341E-1	1.4607504233E-2	4.7863048641E-3
5.2842666471E-1	1.4226315287E-2	4.8037643772E-3
5.3323912540E-1	1.3857303982E-2	4.8211436130E-3
5.3806892508E-1	1.3499974519E-2	4.8384422809E-3
5.4291598301E-1	1.3154143898E-2	4.8556600920E-3
5.4778021821E-1	1.2819383034E-2	4.8727967585E-3
5.5266154939E-1	1.2494413058E-2	4.8898519940E-3
5.5755989496E-1	1.2178560217E-2	4.9068255135E-3
5.6247517308E-1	1.1872493827E-2	4.9237170334E-3
5.6740730160E-1	1.1576248798E-2	4.9405262713E-3
5.7235619810E-1	1.1288337425E-2	4.9572529464E-3
5.7732177988E-1	1.1007934589E-2	4.9738967791E-3
5.8230396395E-1	1.0736001890E-2	4.9904574913E-3
5.8730266706E-1	1.0472996679E-2	5.0069348063E-3
5.9231780568E-1	1.0217402333E-2	5.0233284486E-3
5.9734929598E-1	9.9681918864E-3	5.0396381444E-3
6.0239705389E-1	9.7265464983E-3	5.0558636210E-3
6.0746099506E-1	9.4931625138E-3	5.0720046074E-3
6.1254103485E-1	9.2664259972E-3	5.0880608338E-3
6.1763708838E-1	9.0450670193E-3	5.1040320318E-3
6.2274907048E-1	8.8299634630E-3	5.1199179345E-3
6.2787689573E-1	8.6217510055E-3	5.1357182766E-3
6.3302047843E-1	8.4190618833E-3	5.1514327939E-3
6.3817973262E-1	8.2208183700E-3	5.1670612238E-3
6.4335457209E-1	8.0281226648E-3	5.1826033052E-3
6.4854491036E-1	7.8420546124E-3	5.1980587783E-3
6.5375066070E-1	7.6617419119E-3	5.2134273849E-3
6.5897173609E-1	7.4860890249E-3	5.2287088681E-3
6.6420804930E-1	7.3151716359E-3	5.2439029725E-3
6.6945951283E-1	7.1488586281E-3	5.2590094442E-3
6.7472603890E-1	6.9861899201E-3	5.2740280309E-3
6.8000753951E-1	6.8272605245E-3	5.2889584814E-3
6.8530392640E-1	6.6737725919E-3	5.3038005463E-3
6.9061511106E-1	6.5261279457E-3	5.3185539776E-3
6.9594100473E-1	6.3818718314E-3	5.3332185287E-3
7.0128151841E-1	6.2391444660E-3	5.3477939546E-3
7.0663656285E-1	6.0999283709E-3	5.3622800116E-3
7.1200604856E-1	5.9668766986E-3	5.3766764577E-3
7.1738988581E-1	5.8382306192E-3	5.3909830523E-3
7.2278798463E-1	5.7104580991E-3	5.4051995564E-3
7.2820025482E-1	5.5849966878E-3	5.4193257323E-3
7.3362660591E-1	5.4654725755E-3	5.4333613439E-3
7.3906694724E-1	5.3496043129E-3	5.4473061568E-3
7.4452118788E-1	5.2336928356E-3	5.4611599379E-3
7.4998923669E-1	5.1212506269E-3	5.4749224557E-3
7.5547100229E-1	5.0147371326E-3	5.4885934801E-3
7.6096639308E-1	4.9090865023E-3	5.5021727828E-3
7.6647531721E-1	4.8043985549E-3	5.5156601367E-3
7.7199768263E-1	4.7051439037E-3	5.5290553166E-3
7.7753339704E-1	4.6074068077E-3	5.5423580985E-3
7.8308236795E-1	4.5102695534E-3	5.5555682601E-3
7.8864450262E-1	4.4183671859E-3	5.5686855808E-3
7.9421970809E-1	4.3277141867E-3	5.5817098412E-3
7.9980789121E-1	4.2384298871E-3	5.5946408237E-3
8.0540895857E-1	4.1536867502E-3	5.6074783123E-3
8.1102281659E-1	4.0686114154E-3	5.6202220924E-3
8.1664937145E-1	3.9861707765E-3	5.6328719509E-3
8.2228852912E-1	3.9064954696E-3	5.6454276767E-3
8.2794019536E-1	3.8271402912E-3	5.6578890597E-3
8.3360427572E-1	3.7521134074E-3	5.6702558918E-3
8.3928067556E-1	3.6772382320E-3	5.6825279663E-3
8.4496930000E-1	3.6048133769E-3	5.6947050782E-3
8.5067005399E-1	3.5343215717E-3	5.7067870238E-3
8.5638284226E-1	3.4643363099E-3	5.7187736014E-3
8.6210756934E-1	3.3968363073E-3	5.7306646105E-3
8.6784413956E-1	3.3302394568E-3	5.7424598526E-3
8.7359245705E-1	3.2668261303E-3	5.7541591304E-3
8.7935242576E-1	3.2036212537E-3	5.7657622485E-3
8.8512394943E-1	3.1425588743E-3	5.7772690129E-3
8.9090693161E-1	3.0825768039E-3	5.7886792314E-3
8.9670127565E-1	3.0240161448E-3	5.7999927133E-3
9.0250688473E-1	2.9660092288E-3	5.8112092696E-3
9.0832366182E-1	2.9101127481E-3	5.8223287127E-3
9.1415150972E-1	2.8559342480E-3	5.8333508568E-3
9.1999033104E-1	2.8025959849E-3	5.8442755178E-3
9.2584002820E-1	2.7503582012E-3	5.8551025132E-3
9.3170050345E-1	2.6994793477E-3	5.8658316618E-3
9.3757165885E-1	2.6497321440E-3	5.8764627846E-3
9.4345339628E-1	2.6002164070E-3	5.8869957037E-3
9.4934561746E-1	2.5528849667E-3	5.8974302433E-3
9.5524822392E-1	2.5065531787E-3	5.9077662288E-3
9.6116111701E-1	2.4613383969E-3	5.9180034877E-3
9.6708419793E-1	2.4165652984E-3	5.9281418487E-3
9.7301736769E-1	2.3731415285E-3	5.9381811425E-3
9.7896052713E-1	2.3308154044E-3	5.9481212013E-3
9.8491357695E-1	2.2883086031E-3	5.9579618591E-3
9.9087641766E-1	2.2481671920E-3	5.9677029512E-3
9.9684894961E-1	2.2082228262E-3	5.9773443150E-3
1.0028310730E+0	2.1694417630E-3	5.9868857894E-3
1.0088226878E+0	2.1314036155E-3	5.9963272149E-3
1.0148236940E+0	2.0936369232E-3	6.0056684336E-3
1.0208339913E+0	2.0578059969E-3	6.0149092896E-3
1.0268534791E+0	2.0214635663E-3	6.0240496283E-3
1.0328820570E+0	1.9864058073E-3	6.0330892971E-3
1.0389196241E+0	1.9530210056E-3	6.0420281448E-3
1.0449660796E+0	1.9188057118E-3	6.0508660221E-3
1.0510213224E+0	1.8861412228E-3	6.0596027814E-3
1.0570852514E+0	1.8545077461E-3	6.0682382765E-3
1.0631577652E+0	1.8224619932E-3	6.0767723631E-3
1.0692387623E+0	1.7920103397E-3	6.0852048988E-3
1.0753281411E+0	1.7620828600E-3	6.0935357425E-3
1.0814257998E+0	1.7319793109E-3	6.1017647550E-3
1.0875316366E+0	1.7034658280E-3	6.1098917988E-3
1.0936455494E+0	1.6753754702E-3	6.1179167381E-3
1.0997674360E+0	1.6470996976E-3	6.1258394388E-3
1.1058971941E+0	1.6203175883E-3	6.1336597685E-3
1.1120347214E+0	1.5940892463E-3	6.1413775965E-3
1.1181799151E+0	1.5673573312E-3	6.1489927938E-3
1.1243326727E+0	1.5417332959E-3	6.1565052331E-3
1.1304928913E+0	1.5172676056E-3	6.1639147890E-3
1.1366604679E+0	1.4925298657E-3	6.1712213376E-3
1.1428352996E+0	1.4682037630E-3	6.1784247568E-3
1.1490172830E+0	1.4451226951E-3	6.1855249261E-3
1.1552063150E+0	1.4222024819E-3	6.1925217271E-3
1.1614022920E+0	1.3990035727E-3	6.1994150427E-3
1.1676051105E+0	1.3766180846E-3	6.2062047577E-3
1.1738146669E+0	1.3553505138E-3	6.2128907587E-3
1.1800308574E+0	1.3342765073E-3	6.2194729339E-3
1.1862535782E+0	1.3130425695E-3	6.2259511734E-3
1.1924827251E+0	1.2923529975E-3	6.2323253688E-3
1.1987181942E+0	1.2725212194E-3	6.2385954138E-3
1.2049598812E+0	1.2528502677E-3	6.2447612034E-3
1.2112076818E+0	1.2330949022E-3	6.2508226346E-3
1.2174614916E+0	1.2140664016E-3	6.2567796062E-3
1.2237212062E+0	1.1960096508E-3	6.2626320186E-3
1.2299867208E+0	1.1780294363E-3	6.2683797740E-3
1.2362579308E+0	1.1597063756E-3	6.2740227763E-3
1.2425347314E+0	1.1417121629E-3	6.2795609313E-3
1.2488170177E+0	1.1246010965E-3	6.2849941464E-3
1.2551046847E+0	1.1081016610E-3	6.2903223308E-3
1.2613976273E+0	1.0916261097E-3	6.2955453954E-3
1.2676957404E+0	1.0750769195E-3	6.3006632530E-3
1.2739989187E+0	1.0588787707E-3	6.3056758180E-3
1.2803070569E+0	1.0432478964E-3	6.3105830068E-3
1.2866200496E+0	1.0279523316E-3	6.3153847371E-3
1.2929377912E+0	1.0128446379E-3	6.3200809290E-3
1.2992601762E+0	9.9798052896E-4	6.3246715037E-3
1.3055870990E+0	9.8339710893E-4	6.3291563847E-3
1.3119184537E+0	9.6916557610E-4	6.3335354970E-3
1.3182541347E+0	9.5522204988E-4	6.3378087674E-3
1.3245940360E+0	9.4135155678E-4	6.3419761245E-3
1.3309380516E+0	9.2763330235E-4	6.3460374987E-3
1.3372860756E+0	9.1434641187E-4	6.3499928220E-3
1.3436380019E+0	9.0141341760E-4	6.3538420284E-3
1.3499937243E+0	8.8862257987E-4	6.3575850535E-3
1.3563531366E+0	8.7598829537E-4	6.3612218349E-3
1.3627161325E+0	8.6352018233E-4	6.3647523117E-3
1.3690826057E+0	8.5123359096E-4	6.3681764249E-3
1.3754524499E+0	8.3930238633E-4	6.3714941173E-3
1.3818255585E+0	8.2774902390E-4	6.3747053335E-3
1.3882018250E+0	8.1631210900E-4	6.3778100198E-3
1.3945811430E+0	8.0491133099E-4	6.3808081243E-3
1.4009634057E+0	7.9370942143E-4	6.3836995970E-3
1.4073485066E+0	7.8274312005E-4	6.3864843894E-3
1.4137363389E+0	7.7195977142E-4	6.3891624551E-3
1.4201267959E+0	7.6143367562E-4	6.3917337493E-3
1.4265197708E+0	7.5111800058E-4	6.3941982290E-3
1.4329151568E+0	7.4081078495E-4	6.3965558531E-3
1.4393128469E+0	7.3063078593E-4	6.3988065821E-3
1.4457127343E+0	7.2080702881E-4	6.4009503785E-3
1.4521147120E+0	7.1118625190E-4	6.4029872063E-3
1.4585186731E+0	7.0165018678E-4	6.4049170317E-3
1.4649245104E+0	6.9235510876E-4	6.4067398222E-3
1.4713321170E+0	6.8315421073E-4	6.4084555476E-3
1.4777413858E+0	6.7391462131E-4	6.4100641790E-3
1.4841522097E+0	6.6497282855E-4	6.4115656896E-3
1.4905644815E+0	6.5634646355E-4	6.4129600544E-3
1.4969780940E+0	6.4770240778E-4	6.4142472499E-3
1.5033929402E+0	6.3919216532E-4	6.4154272548E-3
1.5098089128E+0	6.3091431153E-4	6.4165000493E-3
1.5162259046E+0	6.2254851456E-4	6.4174656154E-3
1.5226438083E+0	6.1430188101E-4	6.4183239370E-3
1.5290625167E+0	6.0648885391E-4	6.4190749998E-3
1.5354819225E+0	5.9874997248E-4	6.4197187912E-3
1.5419019185E+0	5.9101264189E-4	6.4202553005E-3
1.5483223974E+0	5.8358986307E-4	6.4206845187E-3
1.5547432518E+0	5.7619531552E-4	6.4210064386E-3
1.5611643745E+0	5.6867833302E-4	6.4212210549E-3
1.5675856581E+0	5.6145999145E-4	6.4213283639E-3
1.5740069954E+0	5.5442188454E-4	6.4213283639E-3
1.5804282791E+0	5.4729730944E-4	6.4212210549E-3
1.5868494018E+0	5.4043598824E-4	6.4210064386E-3
1.5932702562E+0	5.3382767695E-4	6.4206845187E-3
1.5996907351E+0	5.2709516465E-4	6.4202553005E-3
1.6061107310E+0	5.2047550953E-4	6.4197187912E-3
1.6125301369E+0	5.1409839271E-4	6.4190749998E-3
1.6189488453E+0	5.0763028686E-4	6.4183239370E-3
1.6253667490E+0	5.0125030550E-4	6.4174656154E-3
1.6317837408E+0	4.9523675965E-4	6.4165000493E-3
1.6381997134E+0	4.8927386563E-4	6.4154272548E-3
1.6446145595E+0	4.8327623070E-4	6.4142472499E-3
1.6510281721E+0	4.7745455062E-4	6.4129600544E-3
1.6574404439E+0	4.7160745935E-4	6.4115656896E-3
1.6638512678E+0	4.6567617373E-4	6.4100641790E-3
1.6702605366E+0	4.6000124689E-4	6.4084555476E-3
1.6766681432E+0	4.5456333218E-4	6.4067398222E-3
1.6830739805E+0	4.4914933835E-4	6.4049170317E-3
1.6894779416E+0	4.4385027308E-4	6.4029872063E-3
1.6958799193E+0	4.3862339759E-4	6.4009503785E-3
1.7022798067E+0	4.3327959911E-4	6.3988065821E-3
1.7086774968E+0	4.2798812430E-4	6.3965558531E-3
1.7150728827E+0	4.2295562671E-4	6.3941982290E-3
1.7214658576E+0	4.1805624370E-4	6.3917337493E-3
1.7278563146E+0	4.1319642019E-4	6.3891624551E-3
1.7342441470E+0	4.0841270332E-4	6.3864843894E-3
1.7406292478E+0	4.0359960100E-4	6.3836995970E-3
1.7470115106E+0	3.9871849674E-4	6.3808081243E-3
1.7533908286E+0	3.9398427162E-4	6.3778100198E-3
1.7597670951E+0	3.8949379092E-4	6.3747053335E-3
1.7661402037E+0	3.8508723087E-4	6.3714941173E-3
1.7725100479E+0	3.8068470680E-4	6.3681764249E-3
1.7788765211E+0	3.7629881152E-4	6.3647523117E-3
1.7852395170E+0	3.7187189517E-4	6.3612218349E-3
1.7915989293E+0	3.6749671913E-4	6.3575850535E-3
1.7979546517E+0	3.6337715398E-4	6.3538420284E-3
1.8043065780E+0	3.5939997888E-4	6.3499928220E-3
1.8106546020E+0	3.5531279639E-4	6.3460374987E-3
1.8169986176E+0	3.5117380214E-4	6.3419761245E-3
1.8233385189E+0	3.4712146772E-4	6.3378087674E-3
1.8296741999E+0	3.4317099871E-4	6.3335354970E-3
1.8360055546E+0	3.3940277253E-4	6.3291563847E-3
1.8423324774E+0	3.3575510416E-4	6.3246715037E-3
1.8486548624E+0	3.3193960690E-4	6.3200809290E-3
1.8549726040E+0	3.2800545841E-4	6.3153847371E-3
1.8612855967E+0	3.2431422107E-4	6.3105830068E-3
1.8675937349E+0	3.2087683665E-4	6.3056758180E-3
1.8738969132E+0	3.1743365085E-4	6.3006632530E-3
1.8801950263E+0	3.1389167125E-4	6.2955453954E-3
1.8864879689E+0	3.1027843441E-4	6.2903223308E-3
1.8927756359E+0	3.0673994927E-4	6.2849941464E-3
1.8990579222E+0	3.0347654896E-4	6.2795609313E-3
1.9053347228E+0	3.0032359338E-4	6.2740227763E-3
1.9116059328E+0	2.9696536794E-4	6.2683797740E-3
1.9178714474E+0	2.9357564881E-4	6.2626320186E-3
1.9241311620E+0	2.9045852285E-4	6.2567796062E-3
1.9303849718E+0	2.8741114053E-4	6.2508226346E-3
1.9366327724E+0	2.8417989564E-4	6.2447612034E-3
1.9428744594E+0	2.8098058627E-4	6.2385954138E-3
1.9491099285E+0	2.7804774747E-4	6.2323253688E-3
1.9553390754E+0	2.7520044173E-4	6.2259511734E-3
1.9615617961E+0	2.7217660747E-4	6.2194729339E-3
1.9677779867E+0	2.6907810371E-4	6.2128907587E-3
1.9739875431E+0	2.6619264947E-4	6.2062047577E-3
1.9801903616E+0	2.6347707868E-4	6.1994150427E-3
1.9863863386E+0	2.6065450459E-4	6.1925217271E-3
1.9925753706E+0	2.5780991412E-4	6.1855249261E-3
1.9987573540E+0	2.5517534037E-4	6.1784247568E-3
2.0049321857E+0	2.5251803183E-4	6.1712213376E-3
2.0110997623E+0	2.4966071499E-4	6.1639147890E-3
2.0172599809E+0	2.4697970721E-4	6.1565052331E-3
2.0234127385E+0	2.4454075235E-4	6.1489927938E-3
2.0295579322E+0	2.4193576352E-4	6.1413775965E-3
2.0356954595E+0	2.3930255092E-4	6.1336597685E-3
2.0418252176E+0	2.3689572717E-4	6.1258394388E-3
2.0479471042E+0	2.3435447359E-4	6.1179167381E-3
2.0540610170E+0	2.3173380173E-4	6.1098917988E-3
2.0601668538E+0	2.2943879732E-4	6.1017647550E-3
2.0662645125E+0	2.2711664047E-4	6.0935357425E-3
2.0723538913E+0	2.2466370551E-4	6.0852048988E-3
2.0784348884E+0	2.2245342661E-4	6.0767723631E-3
2.0845074022E+0	2.2011865597E-4	6.0682382765E-3
2.0905713312E+0	2.1767294718E-4	6.0596027814E-3
2.0966265740E+0	2.1554326118E-4	6.0508660221E-3
2.1026730295E+0	2.1328326709E-4	6.0420281448E-3
2.1087105966E+0	2.1103003216E-4	6.0330892971E-3
2.1147391745E+0	2.0900882148E-4	6.0240496283E-3
2.1207586623E+0	2.0670828373E-4	6.0149092896E-3
2.1267689596E+0	2.0455847805E-4	6.0056684336E-3
2.1327699657E+0	2.0249741941E-4	5.9963272149E-3
2.1387615806E+0	2.0029512402E-4	5.9868857894E-3
2.1447437040E+0	1.9841321494E-4	5.9773443150E-3
2.1507162359E+0	1.9634202436E-4	5.9677029512E-3
2.1566790766E+0	1.9435886460E-4	5.9579618591E-3
2.1626321265E+0	1.9241319522E-4	5.9481212013E-3
2.1685752859E+0	1.9031510522E-4	5.9381811425E-3
2.1745084557E+0	1.8849123678E-4	5.9281418487E-3
2.1804315366E+0	1.8645377929E-4	5.9180034877E-3
2.1863444297E+0	1.8467736778E-4	5.9077662288E-3
2.1922470361E+0	1.8274424674E-4	5.8974302433E-3
2.1981392573E+0	1.8088760001E-4	5.8869957037E-3
2.2040209947E+0	1.7901688210E-4	5.8764627846E-3
2.2098921501E+0	1.7714381596E-4	5.8658316618E-3
2.2157526254E+0	1.7539659358E-4	5.8551025132E-3
2.2216023226E+0	1.7357135373E-4	5.8442755178E-3
2.2274411439E+0	1.7193472307E-4	5.8333508568E-3
2.2332689918E+0	1.7013868877E-4	5.8223287127E-3
2.2390857689E+0	1.6848537411E-4	5.8112092696E-3
2.2448913779E+0	1.6668697543E-4	5.7999927133E-3
2.2506857220E+0	1.6508220191E-4	5.7886792314E-3
2.2564687042E+0	1.6335341351E-4	5.7772690129E-3
2.2622402278E+0	1.6176180810E-4	5.7657622485E-3
2.2680001965E+0	1.6011396602E-4	5.7541591304E-3
2.2737485140E+0	1.5850458336E-4	5.7424598526E-3
2.2794850843E+0	1.5687540494E-4	5.7306646105E-3
2.2852098113E+0	1.5521708912E-4	5.7187736014E-3
2.2909225996E+0	1.5372471606E-4	5.7067870238E-3
2.2966233536E+0	1.5210235298E-4	5.6947050782E-3
2.3023119780E+0	1.5066902579E-4	5.6825279663E-3
2.3079883779E+0	1.4911485912E-4	5.6702558918E-3
2.3136524582E+0	1.4766312726E-4	5.6578890597E-3
2.3193041245E+0	1.4617122675E-4	5.6454276767E-3
2.3249432821E+0	1.4462661415E-4	5.6328719509E-3
2.3305698370E+0	1.4326825211E-4	5.6202220924E-3
2.3361836950E+0	1.4179295246E-4	5.6074783123E-3
2.3417847624E+0	1.4037391386E-4	5.5946408237E-3
2.3473729455E+0	1.3900699375E-4	5.5817098412E-3
2.3529481510E+0	1.3753318062E-4	5.5686855808E-3
2.3585102856E+0	1.3614525624E-4	5.5555682601E-3
2.3640592565E+0	1.3475618137E-4	5.5423580985E-3
2.3695949710E+0	1.3334084583E-4	5.5290553166E-3
2.3751173364E+0	1.3206071414E-4	5.5156601367E-3
2.3806262605E+0	1.3077188322E-4	5.5021727828E-3
2.3861216513E+0	1.2940647604E-4	5.4885934801E-3
2.3916034169E+0	1.2812074251E-4	5.4749224557E-3
2.3970714657E+0	1.2686345869E-4	5.4611599379E-3
2.4025257064E+0	1.2553227414E-4	5.4473061568E-3
2.4079660477E+0	1.2424166631E-4	5.4333613439E-3
2.4133923988E+0	1.2305750288E-4	5.4193257323E-3
2.4188046690E+0	1.2185986908E-4	5.4051995564E-3
2.4242027678E+0	1.2058974864E-4	5.3909830523E-3
2.4295866050E+0	1.1933028641E-4	5.3766764577E-3
2.4349560907E+0	1.1812267120E-4	5.3622800116E-3
2.4403111352E+0	1.1691348742E-4	5.3477939546E-3
2.4456516489E+0	1.1568277162E-4	5.3332185287E-3
2.4509775425E+0	1.1448562819E-4	5.3185539776E-3
2.4562887272E+0	1.1335821951E-4	5.3038005463E-3
2.4615851141E+0	1.1225806642E-4	5.2889584814E-3
2.4668666147E+0	1.1112502179E-4	5.2740280309E-3
2.4721331408E+0	1.0995978400E-4	5.2590094442E-3
2.4773846043E+0	1.0880450696E-4	5.2439029725E-3
2.4826209175E+0	1.0768193575E-4	5.2287088681E-3
2.4878419929E+0	1.0659145863E-4	5.2134273849E-3
2.4930477432E+0	1.0553433540E-4	5.1980587783E-3
2.4982380815E+0	1.0450134291E-4	5.1826033052E-3
2.5034129210E+0	1.0345219274E-4	5.1670612238E-3
2.5085721752E+0	1.0235642924E-4	5.1514327939E-3
2.5137157579E+0	1.0124328595E-4	5.1357182766E-3
2.5188435831E+0	1.0016131646E-4	5.1199179345E-3
2.5239555652E+0	9.9113795319E-5	5.1040320318E-3
2.5290516187E+0	9.8081338232E-5	5.0880608338E-3
2.5341316585E+0	9.7072275968E-5	5.0720046074E-3
2.5391955997E+0	9.6097577892E-5	5.0558636210E-3
2.5442433576E+0	9.5124079451E-5	5.0396381444E-3
2.5492748479E+0	9.4113603565E-5	5.0233284486E-3
2.5542899865E+0	9.3090647094E-5	5.0069348063E-3
2.5592886896E+0	9.2107338711E-5	4.9904574913E-3
2.5642708737E+0	9.1162945280E-5	4.9738967791E-3
2.5692364555E+0	9.0221939988E-5	4.9572529464E-3
2.5741853520E+0	8.9283901512E-5	4.9405262713E-3
2.5791174805E+0	8.8369903709E-5	4.9237170334E-3
2.5840327586E+0	8.7460020807E-5	4.9068255135E-3
2.5889311042E+0	8.6511490394E-5	4.8898519940E-3
2.5938124354E+0	8.5535681380E-5	4.8727967585E-3
2.5986766706E+0	8.4592085222E-5	4.8556600920E-3
2.6035237285E+0	8.3700950039E-5	4.8384422809E-3
2.6083535282E+0	8.2825380545E-5	4.8211436130E-3
2.6131659889E+0	8.1944127143E-5	4.8037643772E-3
2.6179610302E+0	8.1076950974E-5	4.7863048641E-3
2.6227385719E+0	8.0227164082E-5	4.7687653653E-3
2.6274985343E+0	7.9359167646E-5	4.7511461741E-3
2.6322408378E+0	7.8458711374E-5	4.7334475849E-3
2.6369654032E+0	7.7569894115E-5	4.7156698934E-3
2.6416721513E+0	7.6735593039E-5	4.6978133967E-3
2.6463610038E+0	7.5935110928E-5	4.6798783932E-3
2.6510318821E+0	7.5122405304E-5	4.6618651826E-3
2.6556847082E+0	7.4297765802E-5	4.6437740661E-3
2.6603194043E+0	7.3493637495E-5	4.6256053458E-3
2.6649358931E+0	7.2705482681E-5	4.6073593254E-3
2.6695340973E+0	7.1888906788E-5	4.5890363098E-3
2.6741139402E+0	7.1034001762E-5	4.5706366053E-3
2.6786753451E+0	7.0195480139E-5	4.5521605193E-3
2.6832182358E+0	6.9415905238E-5	4.5336083606E-3
2.6877425365E+0	6.8663662748E-5	4.5149804392E-3
2.6922481716E+0	6.7897819150E-5	4.4962770664E-3
2.6967350656E+0	6.7135416620E-5	4.4774985548E-3
2.7012031437E+0	6.6391380593E-5	4.4586452181E-3
2.7056523312E+0	6.5640955661E-5	4.4397173715E-3
2.7100825537E+0	6.4879543356E-5	4.4207153312E-3
2.7144937373E+0	6.4111833759E-5	4.4016394148E-3
2.7188858081E+0	6.3342067246E-5	4.3824899412E-3
2.7232586927E+0	6.2614396744E-5	4.3632672302E-3
2.7276123182E+0	6.1922600880E-5	4.3439716031E-3
2.7319466117E+0	6.1223764244E-5	4.3246033825E-3
2.7362615009E+0	6.0527410444E-5	4.3051628919E-3
2.7405569135E+0	5.9820138418E-5	4.2856504563E-3
2.7448327779E+0	5.9116754911E-5	4.2660664016E-3
2.7490890226E+0	5.8412030902E-5	4.2464110553E-3
2.7533255764E+0	5.7689013607E-5	4.2266847457E-3
2.7575423685E+0	5.6973012748E-5	4.2068878026E-3
2.7617393285E+0	5.6266754042E-5	4.1870205567E-3
2.7659163863E+0	5.5600010568E-5	4.1670833400E-3
2.7700734720E+0	5.4946772843E-5	4.1470764858E-3
2.7742105162E+0	5.4304743907E-5	4.1270003283E-3
2.7783274497E+0	5.3647848209E-5	4.1068552032E-3
2.7824242037E+0	5.2992592831E-5	4.0866414469E-3
2.7865007098E+0	5.2332902128E-5	4.0663593974E-3
2.7905568999E+0	5.1679806000E-5	4.0460093936E-3
2.7945927061E+0	5.1024748853E-5	4.0255917754E-3
2.7986080610E+0	5.0372948759E-5	4.0051068843E-3
2.8026028975E+0	4.9735216136E-5	3.9845550624E-3
2.8065771489E+0	4.9115851542E-5	3.9639366533E-3
2.8105307487E+0	4.8519546590E-5	3.9432520014E-3
2.8144636309E+0	4.7928478013E-5	3.9225014525E-3
2.8183757298E+0	4.7328873883E-5	3.9016853533E-3
2.8222669799E+0	4.6718059985E-5	3.8808040517E-3
2.8261373163E+0	4.6100912030E-5	3.8598578967E-3
2.8299866742E+0	4.5488392700E-5	3.8388472382E-3
2.8338149894E+0	4.4883596925E-5	3.8177724274E-3
2.8376221978E+0	4.4282571808E-5	3.7966338166E-3
2.8414082359E+0	4.3685221142E-5	3.7754317588E-3
2.8451730403E+0	4.3098115067E-5	3.7541666086E-3
2.8489165482E+0	4.2529416812E-5	3.7328387211E-3
2.8526386969E+0	4.1978968711E-5	3.7114484529E-3
2.8563394244E+0	4.1434107785E-5	3.6899961614E-3
2.8600186687E+0	4.0879456789E-5	3.6684822051E-3
2.8636763684E+0	4.0311533257E-5	3.6469069436E-3
2.8673124623E+0	3.9740945750E-5	3.6252707373E-3
2.8709268897E+0	3.9180613257E-5	3.6035739479E-3
2.8745195901E+0	3.8633919391E-5	3.5818169379E-3
2.8780905036E+0	3.8094410043E-5	3.5600000709E-3
2.8816395704E+0	3.7555681597E-5	3.5381237115E-3
2.8851667313E+0	3.7019902350E-5	3.5161882254E-3
2.8886719273E+0	3.6495835030E-5	3.4941939790E-3
2.8921550998E+0	3.5988587873E-5	3.4721413399E-3
2.8956161906E+0	3.5491996122E-5	3.4500306767E-3
2.8990551419E+0	3.4992132717E-5	3.4278623588E-3
2.9024718962E+0	3.4479108559E-5	3.4056367567E-3
2.9058663965E+0	3.3955597934E-5	3.3833542419E-3
2.9092385859E+0	3.3433835207E-5	3.3610151867E-3
2.9125884081E+0	3.2924547681E-5	3.3386199643E-3
2.9159158072E+0	3.2428726749E-5	3.3161689492E-3
2.9192207275E+0	3.1939279554E-5	3.2936625164E-3
2.9225031139E+0	3.1449704000E-5	3.2711010421E-3
2.9257629114E+0	3.0960958624E-5	3.2484849032E-3
2.9290000656E+0	3.0480327060E-5	3.2258144779E-3
2.9322145224E+0	3.0013867423E-5	3.2030901448E-3
2.9354062280E+0	2.9559720111E-5	3.1803122838E-3
2.9385751292E+0	2.9108469408E-5	3.1574812755E-3
2.9417211730E+0	2.8650293203E-5	3.1345975014E-3
2.9448443068E+0	2.8182604457E-5	3.1116613440E-3
2.9479444784E+0	2.7711641545E-5	3.0886731866E-3
2.9510216360E+0	2.7247139886E-5	3.0656334132E-3
2.9540757281E+0	2.6795276984E-5	3.0425424091E-3
2.9571067038E+0	2.6355654329E-5	3.0194005599E-3
2.9601145124E+0	2.5923304122E-5	2.9962082525E-3
2.9630991036E+0	2.5492546824E-5	2.9729658744E-3
2.9660604276E+0	2.5060334353E-5	2.9496738141E-3
2.9689984348E+0	2.4629439428E-5	2.9263324607E-3
2.9719130762E+0	2.4208129544E-5	2.9029422044E-3
2.9748043031E+0	2.3800682192E-5	2.8795034361E-3
2.9776720671E+0	2.3398835618E-5	2.8560165473E-3
2.9805163203E+0	2.2991956165E-5	2.8324819307E-3
2.9833370151E+0	2.2581221584E-5	2.8088999795E-3
2.9861341046E+0	2.2167994665E-5	2.7852710878E-3
2.9889075418E+0	2.1749667059E-5	2.7615956505E-3
2.9916572805E+0	2.1339133145E-5	2.7378740632E-3
2.9943832747E+0	2.0943602362E-5	2.7141067224E-3
2.9970854788E+0	2.0552899302E-5	2.6902940251E-3
2.9997638477E+0	2.0172979608E-5	2.6664363695E-3
3.0024183367E+0	1.9795513042E-5	2.6425341541E-3
3.0050489013E+0	1.9414389795E-5	2.6185877784E-3
3.0076554977E+0	1.9040692385E-5	2.5945976426E-3
3.0102380822E+0	1.8664450999E-5	2.5705641475E-3
3.0127966116E+0	1.8301829309E-5	2.5464876949E-3
3.0153310434E+0	1.7941047077E-5	2.5223686871E-3
3.0178413350E+0	1.7590911566E-5	2.4982075270E-3
3.0203274445E+0	1.7238016424E-5	2.4740046186E-3
3.0227893304E+0	1.6888898090E-5	2.4497603662E-3
3.0252269516E+0	1.6532298120E-5	2.4254751751E-3
3.0276402673E+0	1.6181231456E-5	2.4011494510E-3
3.0300292371E+0	1.5826185428E-5	2.3767836004E-3
3.0323938212E+0	1.5483808099E-5	2.3523780306E-3
3.0347339801E+0	1.5144631777E-5	2.3279331494E-3
3.0370496746E+0	1.4815778742E-5	2.3034493653E-3
3.0393408660E+0	1.4495647131E-5	2.2789270875E-3
3.0416075160E+0	1.4174580078E-5	2.2543667257E-3
3.0438495869E+0	1.3860919239E-5	2.2297686905E-3
3.0460670410E+0	1.3547420166E-5	2.2051333928E-3
3.0482598414E+0	1.3232268907E-5	2.1804612443E-3
3.0504279513E+0	1.2924529267E-5	2.1557526574E-3
3.0525713347E+0	1.2621139426E-5	2.1310080450E-3
3.0546899556E+0	1.2318949924E-5	2.1062278206E-3
3.0567837786E+0	1.2023110227E-5	2.0814123983E-3
3.0588527688E+0	1.1734126566E-5	2.0565621928E-3
3.0608968915E+0	1.1446563443E-5	2.0316776194E-3
3.0629161127E+0	1.1158168919E-5	2.0067590939E-3
3.0649103985E+0	1.0871268008E-5	1.9818070327E-3
3.0668797157E+0	1.0587736824E-5	1.9568218529E-3
3.0688240313E+0	1.0307354001E-5	1.9318039720E-3
3.0707433129E+0	1.0029643355E-5	1.9067538080E-3
3.0726375283E+0	9.7552891880E-6	1.8816717796E-3
3.0745066460E+0	9.4857286288E-6	1.8565583060E-3
3.0763506346E+0	9.2220440336E-6	1.8314138067E-3
3.0781694634E+0	8.9644080897E-6	1.8062387021E-3
3.0799631019E+0	8.7122262198E-6	1.7810334128E-3
3.0817315203E+0	8.4645624356E-6	1.7557983600E-3
3.0834746889E+0	8.2205237628E-6	1.7305339655E-3
3.0851925786E+0	7.9794872482E-6	1.7052406515E-3
3.0868851607E+0	7.7411721050E-6	1.6799188405E-3
3.0885524069E+0	7.5056008871E-6	1.6545689559E-3
3.0901942894E+0	7.2730006618E-6	1.6291914212E-3
3.0918107807E+0	7.0436903500E-6	1.6037866605E-3
3.0934018538E+0	6.8179892176E-6	1.5783550984E-3
3.0949674821E+0	6.5961637526E-6	1.5528971598E-3
3.0965076394E+0	6.3784059723E-6	1.5274132703E-3
3.0980223001E+0	6.1648105972E-6	1.5019038556E-3
3.0995114388E+0	5.9553084890E-6	1.4763693421E-3
3.1009750306E+0	5.7495534623E-6	1.4508101565E-3
3.1024130510E+0	5.5468798643E-6	1.4252267258E-3
3.1038254761E+0	5.3465883847E-6	1.3996194778E-3
3.1052122822E+0	5.1486343751E-6	1.3739888402E-3
3.1065734461E+0	4.9540421914E-6	1.3483352414E-3
3.1079089451E+0	4.7640507079E-6	1.3226591101E-3
3.1092187570E+0	4.5784025738E-6	1.2969608754E-3
3.1105028597E+0	4.3952077344E-6	1.2712409668E-3
3.1117612318E+0	4.2141537322E-6	1.2454998140E-3
3.1129938524E+0	4.0380528316E-6	1.2197378472E-3
3.1142007007E+0	3.8678134339E-6	1.1939554970E-3
3.1153817567E+0	3.7000580924E-6	1.1681531941E-3
3.1165370006E+0	3.5350048920E-6	1.1423313699E-3
3.1176664131E+0	3.3765602042E-6	1.1164904558E-3
3.1187699753E+0	3.2216122529E-6	1.0906308836E-3
3.1198476688E+0	3.0685118244E-6	1.0647530855E-3
3.1208994755E+0	2.9221006179E-6	1.0388574939E-3
3.1219253780E+0	2.7779548717E-6	1.0129445417E-3
3.1229253590E+0	2.6369034416E-6	9.8701466182E-4
3.1238994018E+0	2.5017241780E-6	9.6106828758E-4
3.1248474902E+0	2.3671487024E-6	9.3510585261E-4
3.1257696083E+0	2.2390079513E-6	9.0912779076E-4
3.1266657407E+0	2.1119490658E-6	8.8313453619E-4
3.1275358724E+0	1.9903172927E-6	8.5712652325E-4
3.1283799890E+0	1.8706822185E-6	8.3110418659E-4
3.1291980762E+0	1.7559388682E-6	8.0506796108E-4
3.1299901204E+0	1.6433375988E-6	7.7901828182E-4
3.1307561084E+0	1.5359688106E-6	7.5295558414E-4
3.1314960274E+0	1.4302231533E-6	7.2688030358E-4
3.1322098650E+0	1.3303187254E-6	7.0079287589E-4
3.1328976092E+0	1.2319014738E-6	6.7469373705E-4
3.1335592487E+0	1.1387154889E-6	6.4858332323E-4
3.1341947723E+0	1.0487505427E-6	6.2246207073E-4
3.1348041694E+0	9.6166030069E-7	5.9633041614E-4
3.1353874298E+0	8.7980583201E-7	5.7018879612E-4
3.1359445438E+0	8.0052371524E-7	5.4403764760E-4
3.1364755020E+0	7.2478568404E-7	5.1787740760E-4
3.1369802957E+0	6.5386013828E-7	4.9170851331E-4
3.1374589163E+0	5.8602365740E-7	4.6553140213E-4
3.1379113559E+0	5.2134747179E-7	4.3934651156E-4
3.1383376069E+0	4.6106492500E-7	4.1315427928E-4
3.1387376622E+0	4.0480118728E-7	3.8695514312E-4
3.1391115150E+0	3.5175046279E-7	3.6074954110E-4
3.1394591592E+0	3.0214045698E-7	3.3453791144E-4
3.1397805890E+0	2.5650607532E-7	3.0832069259E-4
3.1400757989E+0	2.1486317576E-7	2.8209832342E-4
3.1403447841E+0	1.7695296791E-7	2.5587124334E-4
3.1405875400E+0	1.4259565781E-7	2.2963989267E-4
3.1408040626E+0	1.1182027969E-7	2.0340471372E-4
3.1409943483E+0	8.4746964446E-8	1.7716615272E-4
3.1411583939E+0	6.1444479409E-8	1.5092466531E-4
3.1412961968E+0	4.1913505392E-8	1.2468073282E-4
3.1414077547E+0	2.6129293717E-8	9.8434919423E-5
3.1414930663E+0	1.4070317510E-8	7.2188137769E-5
3.1415521316E+0	5.7247725336E-9	4.5943520243E-5
3.1415849628E+0	1.0865012847E-9	1.9736940383E-5