# Differential cross section		
# Author: P. Swaczyna	Princeton University	(swaczyna@princeton.edu)
# Date: 	Fri 4 Dec 2020 01:15:27	
# 		
# Elastic collision: H^0 + He^0 -> H^0 + He^0		
# 		
# Red. mass: 	7.5005505498E+8	 eV/c^2
# CM energy: 	4.6773514129E-4	 eV
# Rel speed: 	3.3480283716E+4	 cm/s
# Tot sigma: 	2.0610227410E+2	 a.u.
# Int sigma: 	2.0610227410E+2	 a.u.
# 		
# Columns:		
# the <- scattering angle (rad)		
# dcs <- dsigma/dOmega*2*pi*sin(the) (a.u. = 2.8002852056E-17 cm^2)		
# wei <- weight for cross section integration (approx. width of angle bin)		
# 		
# the	dcs	wei
7.6907532846E-6	1.4819914600E-3	1.9736940383E-5
4.0521979771E-5	7.8084975154E-3	4.5943520243E-5
9.9587300392E-5	1.9190256468E-2	7.2188137769E-5
1.8489884726E-4	3.5629605800E-2	9.8434919423E-5
2.9645680168E-4	5.7126579465E-2	1.2468073282E-4
4.3425968311E-4	8.3680890036E-2	1.5092466531E-4
5.9830531657E-4	1.1529211443E-1	1.7716615272E-4
7.8859101285E-4	1.5195972781E-1	2.0340471372E-4
1.0051136166E-3	1.9368311184E-1	2.2963989267E-4
1.2478695220E-3	2.4046155657E-1	2.5587124334E-4
1.5168546797E-3	2.9229426039E-1	2.8209832342E-4
1.8120645986E-3	3.4918032902E-1	3.0832069259E-4
2.1334943481E-3	4.1111877418E-1	3.3453791144E-4
2.4811385584E-3	4.7810851194E-1	3.6074954110E-4
2.8549914211E-3	5.5014836086E-1	3.8695514312E-4
3.2550466893E-3	6.2723703992E-1	4.1315427928E-4
3.6812976783E-3	7.0937316632E-1	4.3934651156E-4
4.1337372652E-3	7.9655525311E-1	4.6553140213E-4
4.6123578895E-3	8.8878170663E-1	4.9170851331E-4
5.1171515529E-3	9.8605082381E-1	5.1787740760E-4
5.6481098199E-3	1.0883607893E+0	5.4403764760E-4
6.2052238176E-3	1.1957096727E+0	5.7018879612E-4
6.7884842360E-3	1.3080954248E+0	5.9633041614E-4
7.3978813281E-3	1.4255158750E+0	6.2246207073E-4
8.0334049101E-3	1.5479687274E+0	6.4858332323E-4
8.6950443616E-3	1.6754515573E+0	6.7469373705E-4
9.3827886258E-3	1.8079618076E+0	7.0079287589E-4
1.0096626210E-2	1.9454967845E+0	7.2688030358E-4
1.0836545184E-2	2.0880536539E+0	7.5295558414E-4
1.1602533184E-2	2.2356294371E+0	7.7901828182E-4
1.2394577408E-2	2.3882210061E+0	8.0506796108E-4
1.3212664621E-2	2.5458250797E+0	8.3110418659E-4
1.4056781152E-2	2.7084382184E+0	8.5712652325E-4
1.4926912893E-2	2.8760568200E+0	8.8313453619E-4
1.5823045305E-2	3.0486771143E+0	9.0912779076E-4
1.6745163410E-2	3.2262951585E+0	9.3510585261E-4
1.7693251801E-2	3.4089068317E+0	9.6106828758E-4
1.8667294632E-2	3.5965078300E+0	9.8701466182E-4
1.9667275626E-2	3.7890936604E+0	1.0129445417E-3
2.0693178073E-2	3.9866596358E+0	1.0388574939E-3
2.1744984827E-2	4.1892008693E+0	1.0647530855E-3
2.2822678313E-2	4.3967122680E+0	1.0906308836E-3
2.3926240519E-2	4.6091885272E+0	1.1164904558E-3
2.5055653005E-2	4.8266241247E+0	1.1423313699E-3
2.6210896896E-2	5.0490133138E+0	1.1681531941E-3
2.7391952886E-2	5.2763501179E+0	1.1939554970E-3
2.8598801239E-2	5.5086283234E+0	1.2197378472E-3
2.9831421786E-2	5.7458414734E+0	1.2454998140E-3
3.1089793929E-2	5.9879828611E+0	1.2712409668E-3
3.2373896638E-2	6.2350455228E+0	1.2969608754E-3
3.3683708455E-2	6.4870222312E+0	1.3226591101E-3
3.5019207490E-2	6.7439054885E+0	1.3483352414E-3
3.6380371427E-2	7.0056875188E+0	1.3739888402E-3
3.7767177517E-2	7.2723602615E+0	1.3996194778E-3
3.9179602586E-2	7.5439153637E+0	1.4252267258E-3
4.0617623030E-2	7.8203441728E+0	1.4508101565E-3
4.2081214817E-2	8.1016377289E+0	1.4763693421E-3
4.3570353490E-2	8.3877867577E+0	1.5019038556E-3
4.5085014162E-2	8.6787816622E+0	1.5274132703E-3
4.6625171522E-2	8.9746125151E+0	1.5528971598E-3
4.8190799831E-2	9.2752690513E+0	1.5783550984E-3
4.9781872927E-2	9.5807406597E+0	1.6037866605E-3
5.1398364219E-2	9.8910163751E+0	1.6291914212E-3
5.3040246694E-2	1.0206084870E+1	1.6545689559E-3
5.4707492914E-2	1.0525934448E+1	1.6799188405E-3
5.6400075017E-2	1.0850553032E+1	1.7052406515E-3
5.8117964718E-2	1.1179928160E+1	1.7305339655E-3
5.9861133308E-2	1.1514046974E+1	1.7557983600E-3
6.1629551657E-2	1.1852896213E+1	1.7810334128E-3
6.3423190212E-2	1.2196462204E+1	1.8062387021E-3
6.5242019000E-2	1.2544730854E+1	1.8314138067E-3
6.7086007624E-2	1.2897687639E+1	1.8565583060E-3
6.8955125270E-2	1.3255317601E+1	1.8816717796E-3
7.0849340702E-2	1.3617605332E+1	1.9067538080E-3
7.2768622264E-2	1.3984534972E+1	1.9318039720E-3
7.4712937885E-2	1.4356090195E+1	1.9568218529E-3
7.6682255070E-2	1.4732254205E+1	1.9818070327E-3
7.8676540910E-2	1.5113009722E+1	2.0067590939E-3
8.0695762079E-2	1.5498338980E+1	2.0316776194E-3
8.2739884832E-2	1.5888223711E+1	2.0565621928E-3
8.4808875009E-2	1.6282645141E+1	2.0814123983E-3
8.6902698034E-2	1.6681583981E+1	2.1062278206E-3
8.9021318917E-2	1.7085020413E+1	2.1310080450E-3
9.1164702253E-2	1.7492934090E+1	2.1557526574E-3
9.3332812224E-2	1.7905304120E+1	2.1804612443E-3
9.5525612596E-2	1.8322109059E+1	2.2051333928E-3
9.7743066726E-2	1.8743326904E+1	2.2297686905E-3
9.9985137556E-2	1.9168935084E+1	2.2543667257E-3
1.0225178762E-1	1.9598910448E+1	2.2789270875E-3
1.0454297904E-1	2.0033229262E+1	2.3034493653E-3
1.0685867352E-1	2.0471867194E+1	2.3279331494E-3
1.0919883237E-1	2.0914799311E+1	2.3523780306E-3
1.1156341648E-1	2.1362000068E+1	2.3767836004E-3
1.1395238633E-1	2.1813443297E+1	2.4011494510E-3
1.1636570200E-1	2.2269102205E+1	2.4254751751E-3
1.1880332317E-1	2.2728949359E+1	2.4497603662E-3
1.2126520909E-1	2.3192956682E+1	2.4740046186E-3
1.2375131862E-1	2.3661095444E+1	2.4982075270E-3
1.2626161023E-1	2.4133336252E+1	2.5223686871E-3
1.2879604195E-1	2.4609649044E+1	2.5464876949E-3
1.3135457143E-1	2.5090003081E+1	2.5705641475E-3
1.3393715592E-1	2.5574366938E+1	2.5945976426E-3
1.3654375226E-1	2.6062708496E+1	2.6185877784E-3
1.3917431689E-1	2.6554994938E+1	2.6425341541E-3
1.4182880585E-1	2.7051192736E+1	2.6664363695E-3
1.4450717478E-1	2.7551267648E+1	2.6902940251E-3
1.4720937892E-1	2.8055184711E+1	2.7141067224E-3
1.4993537310E-1	2.8562908228E+1	2.7378740632E-3
1.5268511179E-1	2.9074401769E+1	2.7615956505E-3
1.5545854902E-1	2.9589628160E+1	2.7852710878E-3
1.5825563845E-1	3.0108549475E+1	2.8088999795E-3
1.6107633333E-1	3.0631127035E+1	2.8324819307E-3
1.6392058653E-1	3.1157321395E+1	2.8560165473E-3
1.6678835052E-1	3.1687092343E+1	2.8795034361E-3
1.6967957737E-1	3.2220398891E+1	2.9029422044E-3
1.7259421876E-1	3.2757199272E+1	2.9263324607E-3
1.7553222599E-1	3.3297450933E+1	2.9496738141E-3
1.7849354996E-1	3.3841110528E+1	2.9729658744E-3
1.8147814117E-1	3.4388133917E+1	2.9962082525E-3
1.8448594977E-1	3.4938476157E+1	3.0194005599E-3
1.8751692548E-1	3.5492091499E+1	3.0425424091E-3
1.9057101764E-1	3.6048933385E+1	3.0656334132E-3
1.9364817522E-1	3.6608954442E+1	3.0886731866E-3
1.9674834681E-1	3.7172106479E+1	3.1116613440E-3
1.9987148058E-1	3.7738340481E+1	3.1345975014E-3
2.0301752435E-1	3.8307606610E+1	3.1574812755E-3
2.0618642554E-1	3.8879854197E+1	3.1803122838E-3
2.0937813120E-1	3.9455031742E+1	3.2030901448E-3
2.1259258799E-1	4.0033086913E+1	3.2258144779E-3
2.1582974219E-1	4.0613966538E+1	3.2484849032E-3
2.1908953970E-1	4.1197616609E+1	3.2711010421E-3
2.2237192605E-1	4.1783982275E+1	3.2936625164E-3
2.2567684639E-1	4.2373007846E+1	3.3161689492E-3
2.2900424548E-1	4.2964636788E+1	3.3386199643E-3
2.3235406772E-1	4.3558811723E+1	3.3610151867E-3
2.3572625713E-1	4.4155474428E+1	3.3833542419E-3
2.3912075735E-1	4.4754565837E+1	3.4056367567E-3
2.4253751167E-1	4.5356026039E+1	3.4278623588E-3
2.4597646298E-1	4.5959794281E+1	3.4500306767E-3
2.4943755380E-1	4.6565808964E+1	3.4721413399E-3
2.5292072631E-1	4.7174007649E+1	3.4941939790E-3
2.5642592230E-1	4.7784327059E+1	3.5161882254E-3
2.5995308318E-1	4.8396703075E+1	3.5381237115E-3
2.6350215001E-1	4.9011070745E+1	3.5600000709E-3
2.6707306349E-1	4.9627364283E+1	3.5818169379E-3
2.7066576394E-1	5.0245517074E+1	3.6035739479E-3
2.7428019131E-1	5.0865461673E+1	3.6252707373E-3
2.7791628522E-1	5.1487129817E+1	3.6469069436E-3
2.8157398488E-1	5.2110452420E+1	3.6684822051E-3
2.8525322919E-1	5.2735359586E+1	3.6899961614E-3
2.8895395665E-1	5.3361780608E+1	3.7114484529E-3
2.9267610542E-1	5.3989643976E+1	3.7328387211E-3
2.9641961330E-1	5.4618877383E+1	3.7541666086E-3
3.0018441773E-1	5.5249407729E+1	3.7754317588E-3
3.0397045579E-1	5.5881161133E+1	3.7966338166E-3
3.0777766421E-1	5.6514062932E+1	3.8177724274E-3
3.1160597938E-1	5.7148037698E+1	3.8388472382E-3
3.1545533730E-1	5.7783009237E+1	3.8598578967E-3
3.1932567367E-1	5.8418900605E+1	3.8808040517E-3
3.2321692379E-1	5.9055634111E+1	3.9016853533E-3
3.2712902264E-1	5.9693131331E+1	3.9225014525E-3
3.3106190484E-1	6.0331313113E+1	3.9432520014E-3
3.3501550468E-1	6.0970099592E+1	3.9639366533E-3
3.3898975607E-1	6.1609410199E+1	3.9845550624E-3
3.4298459261E-1	6.2249163668E+1	4.0051068843E-3
3.4699994753E-1	6.2889278054E+1	4.0255917754E-3
3.5103575373E-1	6.3529670743E+1	4.0460093936E-3
3.5509194378E-1	6.4170258461E+1	4.0663593974E-3
3.5916844988E-1	6.4810957292E+1	4.0866414469E-3
3.6326520391E-1	6.5451682686E+1	4.1068552032E-3
3.6738213741E-1	6.6092349478E+1	4.1270003283E-3
3.7151918157E-1	6.6732871900E+1	4.1470764858E-3
3.7567626728E-1	6.7373163596E+1	4.1670833400E-3
3.7985332504E-1	6.8013137636E+1	4.1870205567E-3
3.8405028507E-1	6.8652706533E+1	4.2068878026E-3
3.8826707721E-1	6.9291782260E+1	4.2266847457E-3
3.9250363101E-1	6.9930276264E+1	4.2464110553E-3
3.9675987567E-1	7.0568099485E+1	4.2660664016E-3
4.0103574005E-1	7.1205162374E+1	4.2856504563E-3
4.0533115271E-1	7.1841374909E+1	4.3051628919E-3
4.0964604185E-1	7.2476646614E+1	4.3246033825E-3
4.1398033538E-1	7.3110886579E+1	4.3439716031E-3
4.1833396086E-1	7.3744003478E+1	4.3632672302E-3
4.2270684554E-1	7.4375905588E+1	4.3824899412E-3
4.2709891633E-1	7.5006500813E+1	4.4016394148E-3
4.3151009985E-1	7.5635696700E+1	4.4207153312E-3
4.3594032237E-1	7.6263400461E+1	4.4397173715E-3
4.4038950986E-1	7.6889518997E+1	4.4586452181E-3
4.4485758797E-1	7.7513958917E+1	4.4774985548E-3
4.4934448203E-1	7.8136626562E+1	4.4962770664E-3
4.5385011706E-1	7.8757428026E+1	4.5149804392E-3
4.5837441776E-1	7.9376269181E+1	4.5336083606E-3
4.6291730852E-1	7.9993055698E+1	4.5521605193E-3
4.6747871344E-1	8.0607693074E+1	4.5706366053E-3
4.7205855627E-1	8.1220086653E+1	4.5890363098E-3
4.7665676049E-1	8.1830141652E+1	4.6073593254E-3
4.8127324926E-1	8.2437763187E+1	4.6256053458E-3
4.8590794542E-1	8.3042856295E+1	4.6437740661E-3
4.9056077152E-1	8.3645325963E+1	4.6618651826E-3
4.9523164982E-1	8.4245077154E+1	4.6798783932E-3
4.9992050224E-1	8.4842014830E+1	4.6978133967E-3
5.0462725044E-1	8.5436043980E+1	4.7156698934E-3
5.0935181576E-1	8.6027069649E+1	4.7334475849E-3
5.1409411924E-1	8.6614996964E+1	4.7511461741E-3
5.1885408164E-1	8.7199731159E+1	4.7687653653E-3
5.2363162341E-1	8.7781177607E+1	4.7863048641E-3
5.2842666471E-1	8.8359241844E+1	4.8037643772E-3
5.3323912540E-1	8.8933829601E+1	4.8211436130E-3
5.3806892508E-1	8.9504846829E+1	4.8384422809E-3
5.4291598301E-1	9.0072199731E+1	4.8556600920E-3
5.4778021821E-1	9.0635794787E+1	4.8727967585E-3
5.5266154939E-1	9.1195538788E+1	4.8898519940E-3
5.5755989496E-1	9.1751338861E+1	4.9068255135E-3
5.6247517308E-1	9.2303102503E+1	4.9237170334E-3
5.6740730160E-1	9.2850737605E+1	4.9405262713E-3
5.7235619810E-1	9.3394152486E+1	4.9572529464E-3
5.7732177988E-1	9.3933255922E+1	4.9738967791E-3
5.8230396395E-1	9.4467957177E+1	4.9904574913E-3
5.8730266706E-1	9.4998166031E+1	5.0069348063E-3
5.9231780568E-1	9.5523792812E+1	5.0233284486E-3
5.9734929598E-1	9.6044748425E+1	5.0396381444E-3
6.0239705389E-1	9.6560944384E+1	5.0558636210E-3
6.0746099506E-1	9.7072292842E+1	5.0720046074E-3
6.1254103485E-1	9.7578706621E+1	5.0880608338E-3
6.1763708838E-1	9.8080099242E+1	5.1040320318E-3
6.2274907048E-1	9.8576384956E+1	5.1199179345E-3
6.2787689573E-1	9.9067478778E+1	5.1357182766E-3
6.3302047843E-1	9.9553296509E+1	5.1514327939E-3
6.3817973262E-1	1.0003375478E+2	5.1670612238E-3
6.4335457209E-1	1.0050877106E+2	5.1826033052E-3
6.4854491036E-1	1.0097826371E+2	5.1980587783E-3
6.5375066070E-1	1.0144215200E+2	5.2134273849E-3
6.5897173609E-1	1.0190035616E+2	5.2287088681E-3
6.6420804930E-1	1.0235279735E+2	5.2439029725E-3
6.6945951283E-1	1.0279939778E+2	5.2590094442E-3
6.7472603890E-1	1.0324008065E+2	5.2740280309E-3
6.8000753951E-1	1.0367477026E+2	5.2889584814E-3
6.8530392640E-1	1.0410339196E+2	5.3038005463E-3
6.9061511106E-1	1.0452587225E+2	5.3185539776E-3
6.9594100473E-1	1.0494213876E+2	5.3332185287E-3
7.0128151841E-1	1.0535212030E+2	5.3477939546E-3
7.0663656285E-1	1.0575574689E+2	5.3622800116E-3
7.1200604856E-1	1.0615294977E+2	5.3766764577E-3
7.1738988581E-1	1.0654366145E+2	5.3909830523E-3
7.2278798463E-1	1.0692781572E+2	5.4051995564E-3
7.2820025482E-1	1.0730534768E+2	5.4193257323E-3
7.3362660591E-1	1.0767619377E+2	5.4333613439E-3
7.3906694724E-1	1.0804029181E+2	5.4473061568E-3
7.4452118788E-1	1.0839758098E+2	5.4611599379E-3
7.4998923669E-1	1.0874800192E+2	5.4749224557E-3
7.5547100229E-1	1.0909149666E+2	5.4885934801E-3
7.6096639308E-1	1.0942800874E+2	5.5021727828E-3
7.6647531721E-1	1.0975748316E+2	5.5156601367E-3
7.7199768263E-1	1.1007986643E+2	5.5290553166E-3
7.7753339704E-1	1.1039510663E+2	5.5423580985E-3
7.8308236795E-1	1.1070315335E+2	5.5555682601E-3
7.8864450262E-1	1.1100395779E+2	5.5686855808E-3
7.9421970809E-1	1.1129747275E+2	5.5817098412E-3
7.9980789121E-1	1.1158365262E+2	5.5946408237E-3
8.0540895857E-1	1.1186245346E+2	5.6074783123E-3
8.1102281659E-1	1.1213383298E+2	5.6202220924E-3
8.1664937145E-1	1.1239775057E+2	5.6328719509E-3
8.2228852912E-1	1.1265416731E+2	5.6454276767E-3
8.2794019536E-1	1.1290304600E+2	5.6578890597E-3
8.3360427572E-1	1.1314435116E+2	5.6702558918E-3
8.3928067556E-1	1.1337804908E+2	5.6825279663E-3
8.4496930000E-1	1.1360410779E+2	5.6947050782E-3
8.5067005399E-1	1.1382249709E+2	5.7067870238E-3
8.5638284226E-1	1.1403318860E+2	5.7187736014E-3
8.6210756934E-1	1.1423615571E+2	5.7306646105E-3
8.6784413956E-1	1.1443137365E+2	5.7424598526E-3
8.7359245705E-1	1.1461881947E+2	5.7541591304E-3
8.7935242576E-1	1.1479847205E+2	5.7657622485E-3
8.8512394943E-1	1.1497031213E+2	5.7772690129E-3
8.9090693161E-1	1.1513432230E+2	5.7886792314E-3
8.9670127565E-1	1.1529048703E+2	5.7999927133E-3
9.0250688473E-1	1.1543879264E+2	5.8112092696E-3
9.0832366182E-1	1.1557922736E+2	5.8223287127E-3
9.1415150972E-1	1.1571178127E+2	5.8333508568E-3
9.1999033104E-1	1.1583644639E+2	5.8442755178E-3
9.2584002820E-1	1.1595321659E+2	5.8551025132E-3
9.3170050345E-1	1.1606208767E+2	5.8658316618E-3
9.3757165885E-1	1.1616305733E+2	5.8764627846E-3
9.4345339628E-1	1.1625612515E+2	5.8869957037E-3
9.4934561746E-1	1.1634129265E+2	5.8974302433E-3
9.5524822392E-1	1.1641856324E+2	5.9077662288E-3
9.6116111701E-1	1.1648794223E+2	5.9180034877E-3
9.6708419793E-1	1.1654943684E+2	5.9281418487E-3
9.7301736769E-1	1.1660305618E+2	5.9381811425E-3
9.7896052713E-1	1.1664881128E+2	5.9481212013E-3
9.8491357695E-1	1.1668671505E+2	5.9579618591E-3
9.9087641766E-1	1.1671678228E+2	5.9677029512E-3
9.9684894961E-1	1.1673902966E+2	5.9773443150E-3
1.0028310730E+0	1.1675347573E+2	5.9868857894E-3
1.0088226878E+0	1.1676014093E+2	5.9963272149E-3
1.0148236940E+0	1.1675904753E+2	6.0056684336E-3
1.0208339913E+0	1.1675021967E+2	6.0149092896E-3
1.0268534791E+0	1.1673368331E+2	6.0240496283E-3
1.0328820570E+0	1.1670946625E+2	6.0330892971E-3
1.0389196241E+0	1.1667759810E+2	6.0420281448E-3
1.0449660796E+0	1.1663811027E+2	6.0508660221E-3
1.0510213224E+0	1.1659103597E+2	6.0596027814E-3
1.0570852514E+0	1.1653641017E+2	6.0682382765E-3
1.0631577652E+0	1.1647426960E+2	6.0767723631E-3
1.0692387623E+0	1.1640465275E+2	6.0852048988E-3
1.0753281411E+0	1.1632759981E+2	6.0935357425E-3
1.0814257998E+0	1.1624315268E+2	6.1017647550E-3
1.0875316366E+0	1.1615135495E+2	6.1098917988E-3
1.0936455494E+0	1.1605225190E+2	6.1179167381E-3
1.0997674360E+0	1.1594589043E+2	6.1258394388E-3
1.1058971941E+0	1.1583231907E+2	6.1336597685E-3
1.1120347214E+0	1.1571158796E+2	6.1413775965E-3
1.1181799151E+0	1.1558374882E+2	6.1489927938E-3
1.1243326727E+0	1.1544885493E+2	6.1565052331E-3
1.1304928913E+0	1.1530696111E+2	6.1639147890E-3
1.1366604679E+0	1.1515812366E+2	6.1712213376E-3
1.1428352996E+0	1.1500240041E+2	6.1784247568E-3
1.1490172830E+0	1.1483985061E+2	6.1855249261E-3
1.1552063150E+0	1.1467053495E+2	6.1925217271E-3
1.1614022920E+0	1.1449451553E+2	6.1994150427E-3
1.1676051105E+0	1.1431185581E+2	6.2062047577E-3
1.1738146669E+0	1.1412262062E+2	6.2128907587E-3
1.1800308574E+0	1.1392687607E+2	6.2194729339E-3
1.1862535782E+0	1.1372468960E+2	6.2259511734E-3
1.1924827251E+0	1.1351612986E+2	6.2323253688E-3
1.1987181942E+0	1.1330126676E+2	6.2385954138E-3
1.2049598812E+0	1.1308017138E+2	6.2447612034E-3
1.2112076818E+0	1.1285291598E+2	6.2508226346E-3
1.2174614916E+0	1.1261957393E+2	6.2567796062E-3
1.2237212062E+0	1.1238021971E+2	6.2626320186E-3
1.2299867208E+0	1.1213492884E+2	6.2683797740E-3
1.2362579308E+0	1.1188377789E+2	6.2740227763E-3
1.2425347314E+0	1.1162684441E+2	6.2795609313E-3
1.2488170177E+0	1.1136420691E+2	6.2849941464E-3
1.2551046847E+0	1.1109594483E+2	6.2903223308E-3
1.2613976273E+0	1.1082213849E+2	6.2955453954E-3
1.2676957404E+0	1.1054286906E+2	6.3006632530E-3
1.2739989187E+0	1.1025821854E+2	6.3056758180E-3
1.2803070569E+0	1.0996826969E+2	6.3105830068E-3
1.2866200496E+0	1.0967310601E+2	6.3153847371E-3
1.2929377912E+0	1.0937281174E+2	6.3200809290E-3
1.2992601762E+0	1.0906747176E+2	6.3246715037E-3
1.3055870990E+0	1.0875717158E+2	6.3291563847E-3
1.3119184537E+0	1.0844199732E+2	6.3335354970E-3
1.3182541347E+0	1.0812203566E+2	6.3378087674E-3
1.3245940360E+0	1.0779737377E+2	6.3419761245E-3
1.3309380516E+0	1.0746809933E+2	6.3460374987E-3
1.3372860756E+0	1.0713430045E+2	6.3499928220E-3
1.3436380019E+0	1.0679606567E+2	6.3538420284E-3
1.3499937243E+0	1.0645348387E+2	6.3575850535E-3
1.3563531366E+0	1.0610664427E+2	6.3612218349E-3
1.3627161325E+0	1.0575563639E+2	6.3647523117E-3
1.3690826057E+0	1.0540055000E+2	6.3681764249E-3
1.3754524499E+0	1.0504147510E+2	6.3714941173E-3
1.3818255585E+0	1.0467850184E+2	6.3747053335E-3
1.3882018250E+0	1.0431172056E+2	6.3778100198E-3
1.3945811430E+0	1.0394122166E+2	6.3808081243E-3
1.4009634057E+0	1.0356709565E+2	6.3836995970E-3
1.4073485066E+0	1.0318943304E+2	6.3864843894E-3
1.4137363389E+0	1.0280832435E+2	6.3891624551E-3
1.4201267959E+0	1.0242386007E+2	6.3917337493E-3
1.4265197708E+0	1.0203613059E+2	6.3941982290E-3
1.4329151568E+0	1.0164522622E+2	6.3965558531E-3
1.4393128469E+0	1.0125123709E+2	6.3988065821E-3
1.4457127343E+0	1.0085425318E+2	6.4009503785E-3
1.4521147120E+0	1.0045436422E+2	6.4029872063E-3
1.4585186731E+0	1.0005165971E+2	6.4049170317E-3
1.4649245104E+0	9.9646228857E+1	6.4067398222E-3
1.4713321170E+0	9.9238160560E+1	6.4084555476E-3
1.4777413858E+0	9.8827543354E+1	6.4100641790E-3
1.4841522097E+0	9.8414465395E+1	6.4115656896E-3
1.4905644815E+0	9.7999014419E+1	6.4129600544E-3
1.4969780940E+0	9.7581277717E+1	6.4142472499E-3
1.5033929402E+0	9.7161342097E+1	6.4154272548E-3
1.5098089128E+0	9.6739293860E+1	6.4165000493E-3
1.5162259046E+0	9.6315218764E+1	6.4174656154E-3
1.5226438083E+0	9.5889201998E+1	6.4183239370E-3
1.5290625167E+0	9.5461328152E+1	6.4190749998E-3
1.5354819225E+0	9.5031681186E+1	6.4197187912E-3
1.5419019185E+0	9.4600344408E+1	6.4202553005E-3
1.5483223974E+0	9.4167400442E+1	6.4206845187E-3
1.5547432518E+0	9.3732931201E+1	6.4210064386E-3
1.5611643745E+0	9.3297017865E+1	6.4212210549E-3
1.5675856581E+0	9.2859740852E+1	6.4213283639E-3
1.5740069954E+0	9.2421179796E+1	6.4213283639E-3
1.5804282791E+0	9.1981413519E+1	6.4212210549E-3
1.5868494018E+0	9.1540520015E+1	6.4210064386E-3
1.5932702562E+0	9.1098576417E+1	6.4206845187E-3
1.5996907351E+0	9.0655658986E+1	6.4202553005E-3
1.6061107310E+0	9.0211843082E+1	6.4197187912E-3
1.6125301369E+0	8.9767203147E+1	6.4190749998E-3
1.6189488453E+0	8.9321812684E+1	6.4183239370E-3
1.6253667490E+0	8.8875744238E+1	6.4174656154E-3
1.6317837408E+0	8.8429069379E+1	6.4165000493E-3
1.6381997134E+0	8.7981858684E+1	6.4154272548E-3
1.6446145595E+0	8.7534181719E+1	6.4142472499E-3
1.6510281721E+0	8.7086107023E+1	6.4129600544E-3
1.6574404439E+0	8.6637702095E+1	6.4115656896E-3
1.6638512678E+0	8.6189033377E+1	6.4100641790E-3
1.6702605366E+0	8.5740166242E+1	6.4084555476E-3
1.6766681432E+0	8.5291164980E+1	6.4067398222E-3
1.6830739805E+0	8.4842092785E+1	6.4049170317E-3
1.6894779416E+0	8.4393011745E+1	6.4029872063E-3
1.6958799193E+0	8.3943982834E+1	6.4009503785E-3
1.7022798067E+0	8.3495065893E+1	6.3988065821E-3
1.7086774968E+0	8.3046319633E+1	6.3965558531E-3
1.7150728827E+0	8.2597801615E+1	6.3941982290E-3
1.7214658576E+0	8.2149568253E+1	6.3917337493E-3
1.7278563146E+0	8.1701674798E+1	6.3891624551E-3
1.7342441470E+0	8.1254175338E+1	6.3864843894E-3
1.7406292478E+0	8.0807122789E+1	6.3836995970E-3
1.7470115106E+0	8.0360568893E+1	6.3808081243E-3
1.7533908286E+0	7.9914564214E+1	6.3778100198E-3
1.7597670951E+0	7.9469158131E+1	6.3747053335E-3
1.7661402037E+0	7.9024398841E+1	6.3714941173E-3
1.7725100479E+0	7.8580333355E+1	6.3681764249E-3
1.7788765211E+0	7.8137007495E+1	6.3647523117E-3
1.7852395170E+0	7.7694465896E+1	6.3612218349E-3
1.7915989293E+0	7.7252752009E+1	6.3575850535E-3
1.7979546517E+0	7.6811908095E+1	6.3538420284E-3
1.8043065780E+0	7.6371975233E+1	6.3499928220E-3
1.8106546020E+0	7.5932993321E+1	6.3460374987E-3
1.8169986176E+0	7.5495001079E+1	6.3419761245E-3
1.8233385189E+0	7.5058036051E+1	6.3378087674E-3
1.8296741999E+0	7.4622134612E+1	6.3335354970E-3
1.8360055546E+0	7.4187331972E+1	6.3291563847E-3
1.8423324774E+0	7.3753662181E+1	6.3246715037E-3
1.8486548624E+0	7.3321158137E+1	6.3200809290E-3
1.8549726040E+0	7.2889851591E+1	6.3153847371E-3
1.8612855967E+0	7.2459773157E+1	6.3105830068E-3
1.8675937349E+0	7.2030952318E+1	6.3056758180E-3
1.8738969132E+0	7.1603417433E+1	6.3006632530E-3
1.8801950263E+0	7.1177195750E+1	6.2955453954E-3
1.8864879689E+0	7.0752313416E+1	6.2903223308E-3
1.8927756359E+0	7.0328795481E+1	6.2849941464E-3
1.8990579222E+0	6.9906665916E+1	6.2795609313E-3
1.9053347228E+0	6.9485947619E+1	6.2740227763E-3
1.9116059328E+0	6.9066662430E+1	6.2683797740E-3
1.9178714474E+0	6.8648831142E+1	6.2626320186E-3
1.9241311620E+0	6.8232473511E+1	6.2567796062E-3
1.9303849718E+0	6.7817608275E+1	6.2508226346E-3
1.9366327724E+0	6.7404253160E+1	6.2447612034E-3
1.9428744594E+0	6.6992424900E+1	6.2385954138E-3
1.9491099285E+0	6.6582139248E+1	6.2323253688E-3
1.9553390754E+0	6.6173410989E+1	6.2259511734E-3
1.9615617961E+0	6.5766253960E+1	6.2194729339E-3
1.9677779867E+0	6.5360681061E+1	6.2128907587E-3
1.9739875431E+0	6.4956704272E+1	6.2062047577E-3
1.9801903616E+0	6.4554334667E+1	6.1994150427E-3
1.9863863386E+0	6.4153582433E+1	6.1925217271E-3
1.9925753706E+0	6.3754456886E+1	6.1855249261E-3
1.9987573540E+0	6.3356966483E+1	6.1784247568E-3
2.0049321857E+0	6.2961118847E+1	6.1712213376E-3
2.0110997623E+0	6.2566920775E+1	6.1639147890E-3
2.0172599809E+0	6.2174378263E+1	6.1565052331E-3
2.0234127385E+0	6.1783496519E+1	6.1489927938E-3
2.0295579322E+0	6.1394279982E+1	6.1413775965E-3
2.0356954595E+0	6.1006732338E+1	6.1336597685E-3
2.0418252176E+0	6.0620856543E+1	6.1258394388E-3
2.0479471042E+0	6.0236654834E+1	6.1179167381E-3
2.0540610170E+0	5.9854128754E+1	6.1098917988E-3
2.0601668538E+0	5.9473279163E+1	6.1017647550E-3
2.0662645125E+0	5.9094106265E+1	6.0935357425E-3
2.0723538913E+0	5.8716609618E+1	6.0852048988E-3
2.0784348884E+0	5.8340788158E+1	6.0767723631E-3
2.0845074022E+0	5.7966640214E+1	6.0682382765E-3
2.0905713312E+0	5.7594163532E+1	6.0596027814E-3
2.0966265740E+0	5.7223355284E+1	6.0508660221E-3
2.1026730295E+0	5.6854212097E+1	6.0420281448E-3
2.1087105966E+0	5.6486730065E+1	6.0330892971E-3
2.1147391745E+0	5.6120904768E+1	6.0240496283E-3
2.1207586623E+0	5.5756731294E+1	6.0149092896E-3
2.1267689596E+0	5.5394204252E+1	6.0056684336E-3
2.1327699657E+0	5.5033317795E+1	5.9963272149E-3
2.1387615806E+0	5.4674065636E+1	5.9868857894E-3
2.1447437040E+0	5.4316441067E+1	5.9773443150E-3
2.1507162359E+0	5.3960436976E+1	5.9677029512E-3
2.1566790766E+0	5.3606045864E+1	5.9579618591E-3
2.1626321265E+0	5.3253259866E+1	5.9481212013E-3
2.1685752859E+0	5.2902070766E+1	5.9381811425E-3
2.1745084557E+0	5.2552470015E+1	5.9281418487E-3
2.1804315366E+0	5.2204448748E+1	5.9180034877E-3
2.1863444297E+0	5.1857997802E+1	5.9077662288E-3
2.1922470361E+0	5.1513107733E+1	5.8974302433E-3
2.1981392573E+0	5.1169768831E+1	5.8869957037E-3
2.2040209947E+0	5.0827971139E+1	5.8764627846E-3
2.2098921501E+0	5.0487704466E+1	5.8658316618E-3
2.2157526254E+0	5.0148958408E+1	5.8551025132E-3
2.2216023226E+0	4.9811722358E+1	5.8442755178E-3
2.2274411439E+0	4.9475985528E+1	5.8333508568E-3
2.2332689918E+0	4.9141736959E+1	5.8223287127E-3
2.2390857689E+0	4.8808965538E+1	5.8112092696E-3
2.2448913779E+0	4.8477660015E+1	5.7999927133E-3
2.2506857220E+0	4.8147809016E+1	5.7886792314E-3
2.2564687042E+0	4.7819401054E+1	5.7772690129E-3
2.2622402278E+0	4.7492424552E+1	5.7657622485E-3
2.2680001965E+0	4.7166867846E+1	5.7541591304E-3
2.2737485140E+0	4.6842719206E+1	5.7424598526E-3
2.2794850843E+0	4.6519966849E+1	5.7306646105E-3
2.2852098113E+0	4.6198598948E+1	5.7187736014E-3
2.2909225996E+0	4.5878603648E+1	5.7067870238E-3
2.2966233536E+0	4.5559969076E+1	5.6947050782E-3
2.3023119780E+0	4.5242683356E+1	5.6825279663E-3
2.3079883779E+0	4.4926734619E+1	5.6702558918E-3
2.3136524582E+0	4.4612111014E+1	5.6578890597E-3
2.3193041245E+0	4.4298800720E+1	5.6454276767E-3
2.3249432821E+0	4.3986791958E+1	5.6328719509E-3
2.3305698370E+0	4.3676073001E+1	5.6202220924E-3
2.3361836950E+0	4.3366632180E+1	5.6074783123E-3
2.3417847624E+0	4.3058457903E+1	5.5946408237E-3
2.3473729455E+0	4.2751538654E+1	5.5817098412E-3
2.3529481510E+0	4.2445863013E+1	5.5686855808E-3
2.3585102856E+0	4.2141419656E+1	5.5555682601E-3
2.3640592565E+0	4.1838197368E+1	5.5423580985E-3
2.3695949710E+0	4.1536185051E+1	5.5290553166E-3
2.3751173364E+0	4.1235371733E+1	5.5156601367E-3
2.3806262605E+0	4.0935746574E+1	5.5021727828E-3
2.3861216513E+0	4.0637298873E+1	5.4885934801E-3
2.3916034169E+0	4.0340018078E+1	5.4749224557E-3
2.3970714657E+0	4.0043893788E+1	5.4611599379E-3
2.4025257064E+0	3.9748915768E+1	5.4473061568E-3
2.4079660477E+0	3.9455073944E+1	5.4333613439E-3
2.4133923988E+0	3.9162358417E+1	5.4193257323E-3
2.4188046690E+0	3.8870759469E+1	5.4051995564E-3
2.4242027678E+0	3.8580267561E+1	5.3909830523E-3
2.4295866050E+0	3.8290873345E+1	5.3766764577E-3
2.4349560907E+0	3.8002567668E+1	5.3622800116E-3
2.4403111352E+0	3.7715341572E+1	5.3477939546E-3
2.4456516489E+0	3.7429186303E+1	5.3332185287E-3
2.4509775425E+0	3.7144093311E+1	5.3185539776E-3
2.4562887272E+0	3.6860054259E+1	5.3038005463E-3
2.4615851141E+0	3.6577061018E+1	5.2889584814E-3
2.4668666147E+0	3.6295105680E+1	5.2740280309E-3
2.4721331408E+0	3.6014180552E+1	5.2590094442E-3
2.4773846043E+0	3.5734278164E+1	5.2439029725E-3
2.4826209175E+0	3.5455391269E+1	5.2287088681E-3
2.4878419929E+0	3.5177512848E+1	5.2134273849E-3
2.4930477432E+0	3.4900636105E+1	5.1980587783E-3
2.4982380815E+0	3.4624754476E+1	5.1826033052E-3
2.5034129210E+0	3.4349861627E+1	5.1670612238E-3
2.5085721752E+0	3.4075951455E+1	5.1514327939E-3
2.5137157579E+0	3.3803018089E+1	5.1357182766E-3
2.5188435831E+0	3.3531055892E+1	5.1199179345E-3
2.5239555652E+0	3.3260059459E+1	5.1040320318E-3
2.5290516187E+0	3.2990023618E+1	5.0880608338E-3
2.5341316585E+0	3.2720943433E+1	5.0720046074E-3
2.5391955997E+0	3.2452814199E+1	5.0558636210E-3
2.5442433576E+0	3.2185631445E+1	5.0396381444E-3
2.5492748479E+0	3.1919390931E+1	5.0233284486E-3
2.5542899865E+0	3.1654088652E+1	5.0069348063E-3
2.5592886896E+0	3.1389720829E+1	4.9904574913E-3
2.5642708737E+0	3.1126283915E+1	4.9738967791E-3
2.5692364555E+0	3.0863774593E+1	4.9572529464E-3
2.5741853520E+0	3.0602189769E+1	4.9405262713E-3
2.5791174805E+0	3.0341526577E+1	4.9237170334E-3
2.5840327586E+0	3.0081782373E+1	4.9068255135E-3
2.5889311042E+0	2.9822954736E+1	4.8898519940E-3
2.5938124354E+0	2.9565041464E+1	4.8727967585E-3
2.5986766706E+0	2.9308040571E+1	4.8556600920E-3
2.6035237285E+0	2.9051950288E+1	4.8384422809E-3
2.6083535282E+0	2.8796769058E+1	4.8211436130E-3
2.6131659889E+0	2.8542495534E+1	4.8037643772E-3
2.6179610302E+0	2.8289128578E+1	4.7863048641E-3
2.6227385719E+0	2.8036667254E+1	4.7687653653E-3
2.6274985343E+0	2.7785110830E+1	4.7511461741E-3
2.6322408378E+0	2.7534458773E+1	4.7334475849E-3
2.6369654032E+0	2.7284710745E+1	4.7156698934E-3
2.6416721513E+0	2.7035866602E+1	4.6978133967E-3
2.6463610038E+0	2.6787926389E+1	4.6798783932E-3
2.6510318821E+0	2.6540890337E+1	4.6618651826E-3
2.6556847082E+0	2.6294758861E+1	4.6437740661E-3
2.6603194043E+0	2.6049532556E+1	4.6256053458E-3
2.6649358931E+0	2.5805212191E+1	4.6073593254E-3
2.6695340973E+0	2.5561798711E+1	4.5890363098E-3
2.6741139402E+0	2.5319293227E+1	4.5706366053E-3
2.6786753451E+0	2.5077697016E+1	4.5521605193E-3
2.6832182358E+0	2.4837011520E+1	4.5336083606E-3
2.6877425365E+0	2.4597238335E+1	4.5149804392E-3
2.6922481716E+0	2.4358379214E+1	4.4962770664E-3
2.6967350656E+0	2.4120436060E+1	4.4774985548E-3
2.7012031437E+0	2.3883410922E+1	4.4586452181E-3
2.7056523312E+0	2.3647305993E+1	4.4397173715E-3
2.7100825537E+0	2.3412123605E+1	4.4207153312E-3
2.7144937373E+0	2.3177866225E+1	4.4016394148E-3
2.7188858081E+0	2.2944536453E+1	4.3824899412E-3
2.7232586927E+0	2.2712137015E+1	4.3632672302E-3
2.7276123182E+0	2.2480670761E+1	4.3439716031E-3
2.7319466117E+0	2.2250140663E+1	4.3246033825E-3
2.7362615009E+0	2.2020549807E+1	4.3051628919E-3
2.7405569135E+0	2.1791901391E+1	4.2856504563E-3
2.7448327779E+0	2.1564198724E+1	4.2660664016E-3
2.7490890226E+0	2.1337445218E+1	4.2464110553E-3
2.7533255764E+0	2.1111644385E+1	4.2266847457E-3
2.7575423685E+0	2.0886799836E+1	4.2068878026E-3
2.7617393285E+0	2.0662915274E+1	4.1870205567E-3
2.7659163863E+0	2.0439994493E+1	4.1670833400E-3
2.7700734720E+0	2.0218041372E+1	4.1470764858E-3
2.7742105162E+0	1.9997059871E+1	4.1270003283E-3
2.7783274497E+0	1.9777054030E+1	4.1068552032E-3
2.7824242037E+0	1.9558027966E+1	4.0866414469E-3
2.7865007098E+0	1.9339985863E+1	4.0663593974E-3
2.7905568999E+0	1.9122931976E+1	4.0460093936E-3
2.7945927061E+0	1.8906870623E+1	4.0255917754E-3
2.7986080610E+0	1.8691806185E+1	4.0051068843E-3
2.8026028975E+0	1.8477743098E+1	3.9845550624E-3
2.8065771489E+0	1.8264685853E+1	3.9639366533E-3
2.8105307487E+0	1.8052638992E+1	3.9432520014E-3
2.8144636309E+0	1.7841607106E+1	3.9225014525E-3
2.8183757298E+0	1.7631594828E+1	3.9016853533E-3
2.8222669799E+0	1.7422606833E+1	3.8808040517E-3
2.8261373163E+0	1.7214647836E+1	3.8598578967E-3
2.8299866742E+0	1.7007722584E+1	3.8388472382E-3
2.8338149894E+0	1.6801835859E+1	3.8177724274E-3
2.8376221978E+0	1.6596992469E+1	3.7966338166E-3
2.8414082359E+0	1.6393197252E+1	3.7754317588E-3
2.8451730403E+0	1.6190455065E+1	3.7541666086E-3
2.8489165482E+0	1.5988770790E+1	3.7328387211E-3
2.8526386969E+0	1.5788149323E+1	3.7114484529E-3
2.8563394244E+0	1.5588595578E+1	3.6899961614E-3
2.8600186687E+0	1.5390114482E+1	3.6684822051E-3
2.8636763684E+0	1.5192710968E+1	3.6469069436E-3
2.8673124623E+0	1.4996389981E+1	3.6252707373E-3
2.8709268897E+0	1.4801156470E+1	3.6035739479E-3
2.8745195901E+0	1.4607015386E+1	3.5818169379E-3
2.8780905036E+0	1.4413971681E+1	3.5600000709E-3
2.8816395704E+0	1.4222030305E+1	3.5381237115E-3
2.8851667313E+0	1.4031196204E+1	3.5161882254E-3
2.8886719273E+0	1.3841474319E+1	3.4941939790E-3
2.8921550998E+0	1.3652869583E+1	3.4721413399E-3
2.8956161906E+0	1.3465386917E+1	3.4500306767E-3
2.8990551419E+0	1.3279031233E+1	3.4278623588E-3
2.9024718962E+0	1.3093807425E+1	3.4056367567E-3
2.9058663965E+0	1.2909720376E+1	3.3833542419E-3
2.9092385859E+0	1.2726774948E+1	3.3610151867E-3
2.9125884081E+0	1.2544975986E+1	3.3386199643E-3
2.9159158072E+0	1.2364328313E+1	3.3161689492E-3
2.9192207275E+0	1.2184836730E+1	3.2936625164E-3
2.9225031139E+0	1.2006506014E+1	3.2711010421E-3
2.9257629114E+0	1.1829340917E+1	3.2484849032E-3
2.9290000656E+0	1.1653346164E+1	3.2258144779E-3
2.9322145224E+0	1.1478526451E+1	3.2030901448E-3
2.9354062280E+0	1.1304886447E+1	3.1803122838E-3
2.9385751292E+0	1.1132430788E+1	3.1574812755E-3
2.9417211730E+0	1.0961164078E+1	3.1345975014E-3
2.9448443068E+0	1.0791090889E+1	3.1116613440E-3
2.9479444784E+0	1.0622215760E+1	3.0886731866E-3
2.9510216360E+0	1.0454543192E+1	3.0656334132E-3
2.9540757281E+0	1.0288077653E+1	3.0425424091E-3
2.9571067038E+0	1.0122823570E+1	3.0194005599E-3
2.9601145124E+0	9.9587853350E+0	2.9962082525E-3
2.9630991036E+0	9.7959673008E+0	2.9729658744E-3
2.9660604276E+0	9.6343737798E+0	2.9496738141E-3
2.9689984348E+0	9.4740090443E+0	2.9263324607E-3
2.9719130762E+0	9.3148773255E+0	2.9029422044E-3
2.9748043031E+0	9.1569828126E+0	2.8795034361E-3
2.9776720671E+0	9.0003296527E+0	2.8560165473E-3
2.9805163203E+0	8.8449219497E+0	2.8324819307E-3
2.9833370151E+0	8.6907637641E+0	2.8088999795E-3
2.9861341046E+0	8.5378591123E+0	2.7852710878E-3
2.9889075418E+0	8.3862119661E+0	2.7615956505E-3
2.9916572805E+0	8.2358262527E+0	2.7378740632E-3
2.9943832747E+0	8.0867058536E+0	2.7141067224E-3
2.9970854788E+0	7.9388546048E+0	2.6902940251E-3
2.9997638477E+0	7.7922762966E+0	2.6664363695E-3
3.0024183367E+0	7.6469746726E+0	2.6425341541E-3
3.0050489013E+0	7.5029534301E+0	2.6185877784E-3
3.0076554977E+0	7.3602162198E+0	2.5945976426E-3
3.0102380822E+0	7.2187666453E+0	2.5705641475E-3
3.0127966116E+0	7.0786082632E+0	2.5464876949E-3
3.0153310434E+0	6.9397445830E+0	2.5223686871E-3
3.0178413350E+0	6.8021790668E+0	2.4982075270E-3
3.0203274445E+0	6.6659151294E+0	2.4740046186E-3
3.0227893304E+0	6.5309561382E+0	2.4497603662E-3
3.0252269516E+0	6.3973054132E+0	2.4254751751E-3
3.0276402673E+0	6.2649662269E+0	2.4011494510E-3
3.0300292371E+0	6.1339418046E+0	2.3767836004E-3
3.0323938212E+0	6.0042353241E+0	2.3523780306E-3
3.0347339801E+0	5.8758499161E+0	2.3279331494E-3
3.0370496746E+0	5.7487886639E+0	2.3034493653E-3
3.0393408660E+0	5.6230546041E+0	2.2789270875E-3
3.0416075160E+0	5.4986507260E+0	2.2543667257E-3
3.0438495869E+0	5.3755799725E+0	2.2297686905E-3
3.0460670410E+0	5.2538452396E+0	2.2051333928E-3
3.0482598414E+0	5.1334493773E+0	2.1804612443E-3
3.0504279513E+0	5.0143951889E+0	2.1557526574E-3
3.0525713347E+0	4.8966854322E+0	2.1310080450E-3
3.0546899556E+0	4.7803228189E+0	2.1062278206E-3
3.0567837786E+0	4.6653100155E+0	2.0814123983E-3
3.0588527688E+0	4.5516496429E+0	2.0565621928E-3
3.0608968915E+0	4.4393442773E+0	2.0316776194E-3
3.0629161127E+0	4.3283964502E+0	2.0067590939E-3
3.0649103985E+0	4.2188086485E+0	1.9818070327E-3
3.0668797157E+0	4.1105833153E+0	1.9568218529E-3
3.0688240313E+0	4.0037228496E+0	1.9318039720E-3
3.0707433129E+0	3.8982296072E+0	1.9067538080E-3
3.0726375283E+0	3.7941059006E+0	1.8816717796E-3
3.0745066460E+0	3.6913539996E+0	1.8565583060E-3
3.0763506346E+0	3.5899761314E+0	1.8314138067E-3
3.0781694634E+0	3.4899744812E+0	1.8062387021E-3
3.0799631019E+0	3.3913511925E+0	1.7810334128E-3
3.0817315203E+0	3.2941083672E+0	1.7557983600E-3
3.0834746889E+0	3.1982480663E+0	1.7305339655E-3
3.0851925786E+0	3.1037723102E+0	1.7052406515E-3
3.0868851607E+0	3.0106830788E+0	1.6799188405E-3
3.0885524069E+0	2.9189823122E+0	1.6545689559E-3
3.0901942894E+0	2.8286719109E+0	1.6291914212E-3
3.0918107807E+0	2.7397537363E+0	1.6037866605E-3
3.0934018538E+0	2.6522296108E+0	1.5783550984E-3
3.0949674821E+0	2.5661013187E+0	1.5528971598E-3
3.0965076394E+0	2.4813706059E+0	1.5274132703E-3
3.0980223001E+0	2.3980391810E+0	1.5019038556E-3
3.0995114388E+0	2.3161087149E+0	1.4763693421E-3
3.1009750306E+0	2.2355808419E+0	1.4508101565E-3
3.1024130510E+0	2.1564571598E+0	1.4252267258E-3
3.1038254761E+0	2.0787392300E+0	1.3996194778E-3
3.1052122822E+0	2.0024285783E+0	1.3739888402E-3
3.1065734461E+0	1.9275266950E+0	1.3483352414E-3
3.1079089451E+0	1.8540350354E+0	1.3226591101E-3
3.1092187570E+0	1.7819550202E+0	1.2969608754E-3
3.1105028597E+0	1.7112880357E+0	1.2712409668E-3
3.1117612318E+0	1.6420354343E+0	1.2454998140E-3
3.1129938524E+0	1.5741985346E+0	1.2197378472E-3
3.1142007007E+0	1.5077786223E+0	1.1939554970E-3
3.1153817567E+0	1.4427769500E+0	1.1681531941E-3
3.1165370006E+0	1.3791947377E+0	1.1423313699E-3
3.1176664131E+0	1.3170331734E+0	1.1164904558E-3
3.1187699753E+0	1.2562934129E+0	1.0906308836E-3
3.1198476688E+0	1.1969765808E+0	1.0647530855E-3
3.1208994755E+0	1.1390837702E+0	1.0388574939E-3
3.1219253780E+0	1.0826160434E+0	1.0129445417E-3
3.1229253590E+0	1.0275744322E+0	9.8701466182E-4
3.1238994018E+0	9.7395993778E-1	9.6106828758E-4
3.1248474902E+0	9.2177353169E-1	9.3510585261E-4
3.1257696083E+0	8.7101615559E-1	9.0912779076E-4
3.1266657407E+0	8.2168872174E-1	8.8313453619E-4
3.1275358724E+0	7.7379211330E-1	8.5712652325E-4
3.1283799890E+0	7.2732718455E-1	8.3110418659E-4
3.1291980762E+0	6.8229476117E-1	8.0506796108E-4
3.1299901204E+0	6.3869564052E-1	7.7901828182E-4
3.1307561084E+0	5.9653059186E-1	7.5295558414E-4
3.1314960274E+0	5.5580035664E-1	7.2688030358E-4
3.1322098650E+0	5.1650564868E-1	7.0079287589E-4
3.1328976092E+0	4.7864715446E-1	6.7469373705E-4
3.1335592487E+0	4.4222553331E-1	6.4858332323E-4
3.1341947723E+0	4.0724141763E-1	6.2246207073E-4
3.1348041694E+0	3.7369541309E-1	5.9633041614E-4
3.1353874298E+0	3.4158809886E-1	5.7018879612E-4
3.1359445438E+0	3.1092002777E-1	5.4403764760E-4
3.1364755020E+0	2.8169172651E-1	5.1787740760E-4
3.1369802957E+0	2.5390369582E-1	4.9170851331E-4
3.1374589163E+0	2.2755641063E-1	4.6553140213E-4
3.1379113559E+0	2.0265032022E-1	4.3934651156E-4
3.1383376069E+0	1.7918584841E-1	4.1315427928E-4
3.1387376622E+0	1.5716339368E-1	3.8695514312E-4
3.1391115150E+0	1.3658332927E-1	3.6074954110E-4
3.1394591592E+0	1.1744600338E-1	3.3453791144E-4
3.1397805890E+0	9.9751739197E-2	3.0832069259E-4
3.1400757989E+0	8.3500835072E-2	2.8209832342E-4
3.1403447841E+0	6.8693564551E-2	2.5587124334E-4
3.1405875400E+0	5.5330176460E-2	2.2963989267E-4
3.1408040626E+0	4.3410894909E-2	2.0340471372E-4
3.1409943483E+0	3.2935919227E-2	1.7716615272E-4
3.1411583939E+0	2.3905423688E-2	1.5092466531E-4
3.1412961968E+0	1.6319556698E-2	1.2468073282E-4
3.1414077547E+0	1.0178438209E-2	9.8434919423E-5
3.1414930663E+0	5.4821498395E-3	7.2188137769E-5
3.1415521316E+0	2.2306816653E-3	4.5943520243E-5
3.1415849628E+0	4.2336584845E-4	1.9736940383E-5