# Differential cross section		
# Author: P. Swaczyna	Princeton University	(swaczyna@princeton.edu)
# Date: 	Fri 4 Dec 2020 01:27:26	
# 		
# Elastic collision: H^0 + He^0 -> H^0 + He^0		
# 		
# Red. mass: 	7.5005505498E+8	 eV/c^2
# CM energy: 	7.7624711663E-1	 eV
# Rel speed: 	1.3639207281E+6	 cm/s
# Tot sigma: 	1.5063013830E+2	 a.u.
# Int sigma: 	1.5063013830E+2	 a.u.
# 		
# Columns:		
# the <- scattering angle (rad)		
# dcs <- dsigma/dOmega*2*pi*sin(the) (a.u. = 2.8002852056E-17 cm^2)		
# wei <- weight for cross section integration (approx. width of angle bin)		
# 		
# the	dcs	wei
7.6907532846E-6	7.1966101039E-1	1.9736940383E-5
4.0521979771E-5	3.7918343048E+0	4.5943520243E-5
9.9587300392E-5	9.3188124485E+0	7.2188137769E-5
1.8489884726E-4	1.7301537643E+1	9.8434919423E-5
2.9645680168E-4	2.7739484861E+1	1.2468073282E-4
4.3425968311E-4	4.0631337717E+1	1.5092466531E-4
5.9830531657E-4	5.5974704090E+1	1.7716615272E-4
7.8859101285E-4	7.3765670459E+1	2.0340471372E-4
1.0051136166E-3	9.3998256890E+1	2.2963989267E-4
1.2478695220E-3	1.1666378304E+2	2.5587124334E-4
1.5168546797E-3	1.4175014873E+2	2.8209832342E-4
1.8120645986E-3	1.6924103190E+2	3.0832069259E-4
2.1334943481E-3	1.9911500685E+2	3.3453791144E-4
2.4811385584E-3	2.3134458705E+2	3.6074954110E-4
2.8549914211E-3	2.6589519728E+2	3.8695514312E-4
3.2550466893E-3	3.0272408183E+2	4.1315427928E-4
3.6812976783E-3	3.4177915667E+2	4.3934651156E-4
4.1337372652E-3	3.8299781548E+2	4.6553140213E-4
4.6123578895E-3	4.2630570128E+2	4.9170851331E-4
5.1171515529E-3	4.7161545800E+2	5.1787740760E-4
5.6481098199E-3	5.1882547816E+2	5.4403764760E-4
6.2052238176E-3	5.6781866607E+2	5.7018879612E-4
6.7884842360E-3	6.1846123810E+2	5.9633041614E-4
7.3978813281E-3	6.7060158480E+2	6.2246207073E-4
8.0334049101E-3	7.2406922226E+2	6.4858332323E-4
8.6950443616E-3	7.7867386296E+2	6.7469373705E-4
9.3827886258E-3	8.3420463910E+2	7.0079287589E-4
1.0096626210E-2	8.9042951366E+2	7.2688030358E-4
1.0836545184E-2	9.4709491684E+2	7.5295558414E-4
1.1602533184E-2	1.0039256468E+3	7.7901828182E-4
1.2394577408E-2	1.0606250750E+3	8.0506796108E-4
1.3212664621E-2	1.1168756964E+3	8.3110418659E-4
1.4056781152E-2	1.1723400645E+3	8.5712652325E-4
1.4926912893E-2	1.2266621489E+3	8.8313453619E-4
1.5823045305E-2	1.2794691503E+3	9.0912779076E-4
1.6745163410E-2	1.3303738041E+3	9.3510585261E-4
1.7693251801E-2	1.3789771969E+3	9.6106828758E-4
1.8667294632E-2	1.4248721122E+3	9.8701466182E-4
1.9667275626E-2	1.4676469146E+3	1.0129445417E-3
2.0693178073E-2	1.5068899671E+3	1.0388574939E-3
2.1744984827E-2	1.5421945670E+3	1.0647530855E-3
2.2822678313E-2	1.5731643677E+3	1.0906308836E-3
2.3926240519E-2	1.5994192410E+3	1.1164904558E-3
2.5055653005E-2	1.6206015135E+3	1.1423313699E-3
2.6210896896E-2	1.6363824964E+3	1.1681531941E-3
2.7391952886E-2	1.6464692051E+3	1.1939554970E-3
2.8598801239E-2	1.6506111486E+3	1.2197378472E-3
2.9831421786E-2	1.6486070509E+3	1.2454998140E-3
3.1089793929E-2	1.6403113473E+3	1.2712409668E-3
3.2373896638E-2	1.6256402859E+3	1.2969608754E-3
3.3683708455E-2	1.6045774534E+3	1.3226591101E-3
3.5019207490E-2	1.5771785338E+3	1.3483352414E-3
3.6380371427E-2	1.5435751101E+3	1.3739888402E-3
3.7767177517E-2	1.5039773175E+3	1.3996194778E-3
3.9179602586E-2	1.4586751690E+3	1.4252267258E-3
4.0617623030E-2	1.4080383907E+3	1.4508101565E-3
4.2081214817E-2	1.3525146240E+3	1.4763693421E-3
4.3570353490E-2	1.2926258907E+3	1.5019038556E-3
4.5085014162E-2	1.2289632477E+3	1.5274132703E-3
4.6625171522E-2	1.1621796115E+3	1.5528971598E-3
4.8190799831E-2	1.0929807808E+3	1.5783550984E-3
4.9781872927E-2	1.0221147451E+3	1.6037866605E-3
5.1398364219E-2	9.5035942755E+2	1.6291914212E-3
5.3040246694E-2	8.7850907323E+2	1.6545689559E-3
5.4707492914E-2	8.0735955633E+2	1.6799188405E-3
5.6400075017E-2	7.3769293667E+2	1.7052406515E-3
5.8117964718E-2	6.7026164933E+2	1.7305339655E-3
5.9861133308E-2	6.0577275359E+2	1.7557983600E-3
6.1629551657E-2	5.4487269844E+2	1.7810334128E-3
6.3423190212E-2	4.8813307872E+2	1.8062387021E-3
6.5242019000E-2	4.3603785579E+2	1.8314138067E-3
6.7086007624E-2	3.8897249852E+2	1.8565583060E-3
6.8955125270E-2	3.4721546273E+2	1.8816717796E-3
7.0849340702E-2	3.1093237036E+2	1.9067538080E-3
7.2768622264E-2	2.8017317461E+2	1.9318039720E-3
7.4712937885E-2	2.5487250453E+2	1.9568218529E-3
7.6682255070E-2	2.3485327725E+2	1.9818070327E-3
7.8676540910E-2	2.1983354906E+2	2.0067590939E-3
8.0695762079E-2	2.0943645520E+2	2.0316776194E-3
8.2739884832E-2	2.0320296533E+2	2.0565621928E-3
8.4808875009E-2	2.0060706520E+2	2.0814123983E-3
8.6902698034E-2	2.0107286830E+2	2.1062278206E-3
8.9021318917E-2	2.0399307259E+2	2.1310080450E-3
9.1164702253E-2	2.0874810966E+2	2.1557526574E-3
9.3332812224E-2	2.1472529260E+2	2.1804612443E-3
9.5525612596E-2	2.2133725738E+2	2.2051333928E-3
9.7743066726E-2	2.2803901203E+2	2.2297686905E-3
9.9985137556E-2	2.3434295928E+2	2.2543667257E-3
1.0225178762E-1	2.3983134003E+2	2.2789270875E-3
1.0454297904E-1	2.4416565325E+2	2.3034493653E-3
1.0685867352E-1	2.4709273913E+2	2.3279331494E-3
1.0919883237E-1	2.4844735928E+2	2.3523780306E-3
1.1156341648E-1	2.4815126417E+2	2.3767836004E-3
1.1395238633E-1	2.4620889487E+2	2.4011494510E-3
1.1636570200E-1	2.4270001668E+2	2.4254751751E-3
1.1880332317E-1	2.3776971684E+2	2.4497603662E-3
1.2126520909E-1	2.3161631143E+2	2.4740046186E-3
1.2375131862E-1	2.2447779032E+2	2.4982075270E-3
1.2626161023E-1	2.1661748048E+2	2.5223686871E-3
1.2879604195E-1	2.0830962311E+2	2.5464876949E-3
1.3135457143E-1	1.9982553933E+2	2.5705641475E-3
1.3393715592E-1	1.9142100373E+2	2.5945976426E-3
1.3654375226E-1	1.8332535852E+2	2.6185877784E-3
1.3917431689E-1	1.7573278850E+2	2.6425341541E-3
1.4182880585E-1	1.6879604646E+2	2.6664363695E-3
1.4450717478E-1	1.6262277647E+2	2.6902940251E-3
1.4720937892E-1	1.5727443843E+2	2.7141067224E-3
1.4993537310E-1	1.5276769906E+2	2.7378740632E-3
1.5268511179E-1	1.4907803023E+2	2.7615956505E-3
1.5545854902E-1	1.4614515189E+2	2.7852710878E-3
1.5825563845E-1	1.4387987945E+2	2.8088999795E-3
1.6107633333E-1	1.4217188699E+2	2.8324819307E-3
1.6392058653E-1	1.4089788090E+2	2.8560165473E-3
1.6678835052E-1	1.3992969164E+2	2.8795034361E-3
1.6967957737E-1	1.3914183314E+2	2.9029422044E-3
1.7259421876E-1	1.3841814468E+2	2.9263324607E-3
1.7553222599E-1	1.3765721482E+2	2.9496738141E-3
1.7849354996E-1	1.3677638327E+2	2.9729658744E-3
1.8147814117E-1	1.3571421902E+2	2.9962082525E-3
1.8448594977E-1	1.3443147428E+2	3.0194005599E-3
1.8751692548E-1	1.3291060671E+2	3.0425424091E-3
1.9057101764E-1	1.3115404335E+2	3.0656334132E-3
1.9364817522E-1	1.2918142231E+2	3.0886731866E-3
1.9674834681E-1	1.2702609091E+2	3.1116613440E-3
1.9987148058E-1	1.2473116022E+2	3.1345975014E-3
2.0301752435E-1	1.2234541522E+2	3.1574812755E-3
2.0618642554E-1	1.1991935973E+2	3.1803122838E-3
2.0937813120E-1	1.1750163806E+2	3.2030901448E-3
2.1259258799E-1	1.1513602539E+2	3.2258144779E-3
2.1582974219E-1	1.1285912027E+2	3.2484849032E-3
2.1908953970E-1	1.1069881104E+2	3.2711010421E-3
2.2237192605E-1	1.0867352718E+2	3.2936625164E-3
2.2567684639E-1	1.0679223118E+2	3.3161689492E-3
2.2900424548E-1	1.0505506082E+2	3.3386199643E-3
2.3235406772E-1	1.0345449626E+2	3.3610151867E-3
2.3572625713E-1	1.0197690487E+2	3.3833542419E-3
2.3912075735E-1	1.0060430732E+2	3.4056367567E-3
2.4253751167E-1	9.9316211927E+1	3.4278623588E-3
2.4597646298E-1	9.8091377877E+1	3.4500306767E-3
2.4943755380E-1	9.6909390403E+1	3.4721413399E-3
2.5292072631E-1	9.5751958848E+1	3.4941939790E-3
2.5642592230E-1	9.4603879754E+1	3.5161882254E-3
2.5995308318E-1	9.3453638763E+1	3.5381237115E-3
2.6350215001E-1	9.2293654915E+1	3.5600000709E-3
2.6707306349E-1	9.1120197073E+1	3.5818169379E-3
2.7066576394E-1	8.9933023100E+1	3.6035739479E-3
2.7428019131E-1	8.8734807166E+1	3.6252707373E-3
2.7791628522E-1	8.7530428646E+1	3.6469069436E-3
2.8157398488E-1	8.6326197529E+1	3.6684822051E-3
2.8525322919E-1	8.5129086594E+1	3.6899961614E-3
2.8895395665E-1	8.3946030717E+1	3.7114484529E-3
2.9267610542E-1	8.2783339967E+1	3.7328387211E-3
2.9641961330E-1	8.1646257084E+1	3.7541666086E-3
3.0018441773E-1	8.0538673354E+1	3.7754317588E-3
3.0397045579E-1	7.9463001268E+1	3.7966338166E-3
3.0777766421E-1	7.8420189281E+1	3.8177724274E-3
3.1160597938E-1	7.7409854151E+1	3.8388472382E-3
3.1545533730E-1	7.6430500535E+1	3.8598578967E-3
3.1932567367E-1	7.5479795326E+1	3.8808040517E-3
3.2321692379E-1	7.4554865413E+1	3.9016853533E-3
3.2712902264E-1	7.3652591114E+1	3.9225014525E-3
3.3106190484E-1	7.2769872647E+1	3.9432520014E-3
3.3501550468E-1	7.1903852831E+1	3.9639366533E-3
3.3898975607E-1	7.1052085075E+1	3.9845550624E-3
3.4298459261E-1	7.0212641320E+1	4.0051068843E-3
3.4699994753E-1	6.9384159694E+1	4.0255917754E-3
3.5103575373E-1	6.8565836263E+1	4.0460093936E-3
3.5509194378E-1	6.7757369256E+1	4.0663593974E-3
3.5916844988E-1	6.6958867348E+1	4.0866414469E-3
3.6326520391E-1	6.6170735728E+1	4.1068552032E-3
3.6738213741E-1	6.5393554441E+1	4.1270003283E-3
3.7151918157E-1	6.4627962602E+1	4.1470764858E-3
3.7567626728E-1	6.3874559636E+1	4.1670833400E-3
3.7985332504E-1	6.3133830942E+1	4.1870205567E-3
3.8405028507E-1	6.2406101063E+1	4.2068878026E-3
3.8826707721E-1	6.1691513275E+1	4.2266847457E-3
3.9250363101E-1	6.0990031295E+1	4.2464110553E-3
3.9675987567E-1	6.0301457114E+1	4.2660664016E-3
4.0103574005E-1	5.9625458780E+1	4.2856504563E-3
4.0533115271E-1	5.8961603015E+1	4.3051628919E-3
4.0964604185E-1	5.8309389240E+1	4.3246033825E-3
4.1398033538E-1	5.7668283061E+1	4.3439716031E-3
4.1833396086E-1	5.7037748127E+1	4.3632672302E-3
4.2270684554E-1	5.6417275302E+1	4.3824899412E-3
4.2709891633E-1	5.5806407496E+1	4.4016394148E-3
4.3151009985E-1	5.5204757935E+1	4.4207153312E-3
4.3594032237E-1	5.4612019604E+1	4.4397173715E-3
4.4038950986E-1	5.4027964432E+1	4.4586452181E-3
4.4485758797E-1	5.3452432567E+1	4.4774985548E-3
4.4934448203E-1	5.2885314088E+1	4.4962770664E-3
4.5385011706E-1	5.2326527263E+1	4.5149804392E-3
4.5837441776E-1	5.1775998087E+1	4.5336083606E-3
4.6291730852E-1	5.1233645090E+1	4.5521605193E-3
4.6747871344E-1	5.0699371500E+1	4.5706366053E-3
4.7205855627E-1	5.0173064374E+1	4.5890363098E-3
4.7665676049E-1	4.9654598231E+1	4.6073593254E-3
4.8127324926E-1	4.9143839788E+1	4.6256053458E-3
4.8590794542E-1	4.8640650894E+1	4.6437740661E-3
4.9056077152E-1	4.8144888423E+1	4.6618651826E-3
4.9523164982E-1	4.7656401928E+1	4.6798783932E-3
4.9992050224E-1	4.7175031344E+1	4.6978133967E-3
5.0462725044E-1	4.6700607271E+1	4.7156698934E-3
5.0935181576E-1	4.6232955273E+1	4.7334475849E-3
5.1409411924E-1	4.5771903656E+1	4.7511461741E-3
5.1885408164E-1	4.5317292328E+1	4.7687653653E-3
5.2363162341E-1	4.4868979435E+1	4.7863048641E-3
5.2842666471E-1	4.4426843102E+1	4.8037643772E-3
5.3323912540E-1	4.3990777460E+1	4.8211436130E-3
5.3806892508E-1	4.3560684536E+1	4.8384422809E-3
5.4291598301E-1	4.3136465353E+1	4.8556600920E-3
5.4778021821E-1	4.2718013893E+1	4.8727967585E-3
5.5266154939E-1	4.2305216316E+1	4.8898519940E-3
5.5755989496E-1	4.1897955414E+1	4.9068255135E-3
5.6247517308E-1	4.1496117901E+1	4.9237170334E-3
5.6740730160E-1	4.1099600882E+1	4.9405262713E-3
5.7235619810E-1	4.0708314292E+1	4.9572529464E-3
5.7732177988E-1	4.0322178066E+1	4.9738967791E-3
5.8230396395E-1	3.9941115373E+1	4.9904574913E-3
5.8730266706E-1	3.9565045161E+1	5.0069348063E-3
5.9231780568E-1	3.9193877608E+1	5.0233284486E-3
5.9734929598E-1	3.8827514628E+1	5.0396381444E-3
6.0239705389E-1	3.8465855119E+1	5.0558636210E-3
6.0746099506E-1	3.8108802248E+1	5.0720046074E-3
6.1254103485E-1	3.7756269124E+1	5.0880608338E-3
6.1763708838E-1	3.7408180014E+1	5.1040320318E-3
6.2274907048E-1	3.7064466575E+1	5.1199179345E-3
6.2787689573E-1	3.6725061143E+1	5.1357182766E-3
6.3302047843E-1	3.6389890683E+1	5.1514327939E-3
6.3817973262E-1	3.6058874679E+1	5.1670612238E-3
6.4335457209E-1	3.5731928203E+1	5.1826033052E-3
6.4854491036E-1	3.5408968677E+1	5.1980587783E-3
6.5375066070E-1	3.5089922801E+1	5.2134273849E-3
6.5897173609E-1	3.4774729925E+1	5.2287088681E-3
6.6420804930E-1	3.4463339866E+1	5.2439029725E-3
6.6945951283E-1	3.4155706038E+1	5.2590094442E-3
6.7472603890E-1	3.3851777204E+1	5.2740280309E-3
6.8000753951E-1	3.3551491979E+1	5.2889584814E-3
6.8530392640E-1	3.3254778848E+1	5.3038005463E-3
6.9061511106E-1	3.2961561674E+1	5.3185539776E-3
6.9594100473E-1	3.2671767875E+1	5.3332185287E-3
7.0128151841E-1	3.2385335084E+1	5.3477939546E-3
7.0663656285E-1	3.2102212987E+1	5.3622800116E-3
7.1200604856E-1	3.1822359592E+1	5.3766764577E-3
7.1738988581E-1	3.1545734161E+1	5.3909830523E-3
7.2278798463E-1	3.1272290697E+1	5.4051995564E-3
7.2820025482E-1	3.1001975487E+1	5.4193257323E-3
7.3362660591E-1	3.0734729818E+1	5.4333613439E-3
7.3906694724E-1	3.0470496082E+1	5.4473061568E-3
7.4452118788E-1	3.0209223581E+1	5.4611599379E-3
7.4998923669E-1	2.9950870551E+1	5.4749224557E-3
7.5547100229E-1	2.9695401167E+1	5.4885934801E-3
7.6096639308E-1	2.9442779204E+1	5.5021727828E-3
7.6647531721E-1	2.9192962087E+1	5.5156601367E-3
7.7199768263E-1	2.8945898914E+1	5.5290553166E-3
7.7753339704E-1	2.8701533860E+1	5.5423580985E-3
7.8308236795E-1	2.8459813259E+1	5.5555682601E-3
7.8864450262E-1	2.8220692472E+1	5.5686855808E-3
7.9421970809E-1	2.7984138628E+1	5.5817098412E-3
7.9980789121E-1	2.7750127512E+1	5.5946408237E-3
8.0540895857E-1	2.7518636137E+1	5.6074783123E-3
8.1102281659E-1	2.7289634978E+1	5.6202220924E-3
8.1664937145E-1	2.7063084041E+1	5.6328719509E-3
8.2228852912E-1	2.6838934871E+1	5.6454276767E-3
8.2794019536E-1	2.6617137261E+1	5.6578890597E-3
8.3360427572E-1	2.6397646889E+1	5.6702558918E-3
8.3928067556E-1	2.6180429660E+1	5.6825279663E-3
8.4496930000E-1	2.5965460555E+1	5.6947050782E-3
8.5067005399E-1	2.5752717968E+1	5.7067870238E-3
8.5638284226E-1	2.5542177037E+1	5.7187736014E-3
8.6210756934E-1	2.5333805943E+1	5.7306646105E-3
8.6784413956E-1	2.5127567161E+1	5.7424598526E-3
8.7359245705E-1	2.4923422612E+1	5.7541591304E-3
8.7935242576E-1	2.4721339272E+1	5.7657622485E-3
8.8512394943E-1	2.4521291598E+1	5.7772690129E-3
8.9090693161E-1	2.4323259169E+1	5.7886792314E-3
8.9670127565E-1	2.4127220995E+1	5.7999927133E-3
9.0250688473E-1	2.3933150134E+1	5.8112092696E-3
9.0832366182E-1	2.3741012155E+1	5.8223287127E-3
9.1415150972E-1	2.3550768707E+1	5.8333508568E-3
9.1999033104E-1	2.3362384235E+1	5.8442755178E-3
9.2584002820E-1	2.3175831875E+1	5.8551025132E-3
9.3170050345E-1	2.2991094854E+1	5.8658316618E-3
9.3757165885E-1	2.2808162330E+1	5.8764627846E-3
9.4345339628E-1	2.2627021915E+1	5.8869957037E-3
9.4934561746E-1	2.2447653146E+1	5.8974302433E-3
9.5524822392E-1	2.2270025674E+1	5.9077662288E-3
9.6116111701E-1	2.2094103193E+1	5.9180034877E-3
9.6708419793E-1	2.1919850768E+1	5.9281418487E-3
9.7301736769E-1	2.1747241281E+1	5.9381811425E-3
9.7896052713E-1	2.1576257369E+1	5.9481212013E-3
9.8491357695E-1	2.1406887969E+1	5.9579618591E-3
9.9087641766E-1	2.1239121837E+1	5.9677029512E-3
9.9684894961E-1	2.1072942083E+1	5.9773443150E-3
1.0028310730E+0	2.0908324887E+1	5.9868857894E-3
1.0088226878E+0	2.0745242851E+1	5.9963272149E-3
1.0148236940E+0	2.0583670476E+1	6.0056684336E-3
1.0208339913E+0	2.0423588054E+1	6.0149092896E-3
1.0268534791E+0	2.0264981450E+1	6.0240496283E-3
1.0328820570E+0	2.0107838087E+1	6.0330892971E-3
1.0389196241E+0	1.9952141965E+1	6.0420281448E-3
1.0449660796E+0	1.9797871256E+1	6.0508660221E-3
1.0510213224E+0	1.9645000265E+1	6.0596027814E-3
1.0570852514E+0	1.9493504635E+1	6.0682382765E-3
1.0631577652E+0	1.9343366414E+1	6.0767723631E-3
1.0692387623E+0	1.9194575518E+1	6.0852048988E-3
1.0753281411E+0	1.9047126338E+1	6.0935357425E-3
1.0814257998E+0	1.8901011358E+1	6.1017647550E-3
1.0875316366E+0	1.8756215660E+1	6.1098917988E-3
1.0936455494E+0	1.8612715797E+1	6.1179167381E-3
1.0997674360E+0	1.8470483873E+1	6.1258394388E-3
1.1058971941E+0	1.8329494484E+1	6.1336597685E-3
1.1120347214E+0	1.8189730384E+1	6.1413775965E-3
1.1181799151E+0	1.8051183508E+1	6.1489927938E-3
1.1243326727E+0	1.7913850843E+1	6.1565052331E-3
1.1304928913E+0	1.7777727731E+1	6.1639147890E-3
1.1366604679E+0	1.7642802683E+1	6.1712213376E-3
1.1428352996E+0	1.7509056669E+1	6.1784247568E-3
1.1490172830E+0	1.7376466984E+1	6.1855249261E-3
1.1552063150E+0	1.7245012995E+1	6.1925217271E-3
1.1614022920E+0	1.7114680072E+1	6.1994150427E-3
1.1676051105E+0	1.6985459431E+1	6.2062047577E-3
1.1738146669E+0	1.6857344384E+1	6.2128907587E-3
1.1800308574E+0	1.6730325797E+1	6.2194729339E-3
1.1862535782E+0	1.6604389914E+1	6.2259511734E-3
1.1924827251E+0	1.6479519900E+1	6.2323253688E-3
1.1987181942E+0	1.6355699824E+1	6.2385954138E-3
1.2049598812E+0	1.6232918116E+1	6.2447612034E-3
1.2112076818E+0	1.6111167894E+1	6.2508226346E-3
1.2174614916E+0	1.5990443789E+1	6.2567796062E-3
1.2237212062E+0	1.5870737369E+1	6.2626320186E-3
1.2299867208E+0	1.5752034391E+1	6.2683797740E-3
1.2362579308E+0	1.5634315979E+1	6.2740227763E-3
1.2425347314E+0	1.5517563240E+1	6.2795609313E-3
1.2488170177E+0	1.5401762481E+1	6.2849941464E-3
1.2551046847E+0	1.5286907589E+1	6.2903223308E-3
1.2613976273E+0	1.5172997885E+1	6.2955453954E-3
1.2676957404E+0	1.5060032584E+1	6.3006632530E-3
1.2739989187E+0	1.4948005212E+1	6.3056758180E-3
1.2803070569E+0	1.4836901433E+1	6.3105830068E-3
1.2866200496E+0	1.4726701623E+1	6.3153847371E-3
1.2929377912E+0	1.4617386618E+1	6.3200809290E-3
1.2992601762E+0	1.4508943102E+1	6.3246715037E-3
1.3055870990E+0	1.4401365435E+1	6.3291563847E-3
1.3119184537E+0	1.4294652980E+1	6.3335354970E-3
1.3182541347E+0	1.4188804788E+1	6.3378087674E-3
1.3245940360E+0	1.4083815019E+1	6.3419761245E-3
1.3309380516E+0	1.3979671791E+1	6.3460374987E-3
1.3372860756E+0	1.3876359850E+1	6.3499928220E-3
1.3436380019E+0	1.3773865015E+1	6.3538420284E-3
1.3499937243E+0	1.3672177418E+1	6.3575850535E-3
1.3563531366E+0	1.3571291582E+1	6.3612218349E-3
1.3627161325E+0	1.3471203630E+1	6.3647523117E-3
1.3690826057E+0	1.3371907840E+1	6.3681764249E-3
1.3754524499E+0	1.3273395011E+1	6.3714941173E-3
1.3818255585E+0	1.3175653731E+1	6.3747053335E-3
1.3882018250E+0	1.3078673461E+1	6.3778100198E-3
1.3945811430E+0	1.2982447095E+1	6.3808081243E-3
1.4009634057E+0	1.2886970986E+1	6.3836995970E-3
1.4073485066E+0	1.2792242289E+1	6.3864843894E-3
1.4137363389E+0	1.2698255410E+1	6.3891624551E-3
1.4201267959E+0	1.2605000104E+1	6.3917337493E-3
1.4265197708E+0	1.2512462749E+1	6.3941982290E-3
1.4329151568E+0	1.2420630202E+1	6.3965558531E-3
1.4393128469E+0	1.2329493796E+1	6.3988065821E-3
1.4457127343E+0	1.2239050843E+1	6.4009503785E-3
1.4521147120E+0	1.2149302464E+1	6.4029872063E-3
1.4585186731E+0	1.2060248956E+1	6.4049170317E-3
1.4649245104E+0	1.1971885501E+1	6.4067398222E-3
1.4713321170E+0	1.1884200910E+1	6.4084555476E-3
1.4777413858E+0	1.1797180215E+1	6.4100641790E-3
1.4841522097E+0	1.1710809573E+1	6.4115656896E-3
1.4905644815E+0	1.1625080499E+1	6.4129600544E-3
1.4969780940E+0	1.1539990916E+1	6.4142472499E-3
1.5033929402E+0	1.1455542482E+1	6.4154272548E-3
1.5098089128E+0	1.1371735934E+1	6.4165000493E-3
1.5162259046E+0	1.1288567296E+1	6.4174656154E-3
1.5226438083E+0	1.1206027138E+1	6.4183239370E-3
1.5290625167E+0	1.1124103101E+1	6.4190749998E-3
1.5354819225E+0	1.1042783910E+1	6.4197187912E-3
1.5419019185E+0	1.0962062340E+1	6.4202553005E-3
1.5483223974E+0	1.0881935456E+1	6.4206845187E-3
1.5547432518E+0	1.0802402289E+1	6.4210064386E-3
1.5611643745E+0	1.0723460690E+1	6.4212210549E-3
1.5675856581E+0	1.0645105454E+1	6.4213283639E-3
1.5740069954E+0	1.0567328767E+1	6.4213283639E-3
1.5804282791E+0	1.0490122403E+1	6.4212210549E-3
1.5868494018E+0	1.0413479956E+1	6.4210064386E-3
1.5932702562E+0	1.0337397513E+1	6.4206845187E-3
1.5996907351E+0	1.0261872377E+1	6.4202553005E-3
1.6061107310E+0	1.0186900856E+1	6.4197187912E-3
1.6125301369E+0	1.0112476819E+1	6.4190749998E-3
1.6189488453E+0	1.0038592156E+1	6.4183239370E-3
1.6253667490E+0	9.9652389157E+0	6.4174656154E-3
1.6317837408E+0	9.8924116640E+0	6.4165000493E-3
1.6381997134E+0	9.8201083585E+0	6.4154272548E-3
1.6446145595E+0	9.7483289644E+0	6.4142472499E-3
1.6510281721E+0	9.6770725516E+0	6.4129600544E-3
1.6574404439E+0	9.6063346935E+0	6.4115656896E-3
1.6638512678E+0	9.5361069106E+0	6.4100641790E-3
1.6702605366E+0	9.4663786679E+0	6.4084555476E-3
1.6766681432E+0	9.3971408284E+0	6.4067398222E-3
1.6830739805E+0	9.3283884895E+0	6.4049170317E-3
1.6894779416E+0	9.2601214387E+0	6.4029872063E-3
1.6958799193E+0	9.1923418721E+0	6.4009503785E-3
1.7022798067E+0	9.1250506767E+0	6.3988065821E-3
1.7086774968E+0	9.0582444513E+0	6.3965558531E-3
1.7150728827E+0	8.9919150140E+0	6.3941982290E-3
1.7214658576E+0	8.9260516642E+0	6.3917337493E-3
1.7278563146E+0	8.8606448542E+0	6.3891624551E-3
1.7342441470E+0	8.7956891333E+0	6.3864843894E-3
1.7406292478E+0	8.7311837117E+0	6.3836995970E-3
1.7470115106E+0	8.6671304257E+0	6.3808081243E-3
1.7533908286E+0	8.6035303859E+0	6.3778100198E-3
1.7597670951E+0	8.5403812752E+0	6.3747053335E-3
1.7661402037E+0	8.4776767719E+0	6.3714941173E-3
1.7725100479E+0	8.4154082569E+0	6.3681764249E-3
1.7788765211E+0	8.3535676483E+0	6.3647523117E-3
1.7852395170E+0	8.2921496580E+0	6.3612218349E-3
1.7915989293E+0	8.2311522522E+0	6.3575850535E-3
1.7979546517E+0	8.1705752524E+0	6.3538420284E-3
1.8043065780E+0	8.1104181010E+0	6.3499928220E-3
1.8106546020E+0	8.0506781942E+0	6.3460374987E-3
1.8169986176E+0	7.9913506900E+0	6.3419761245E-3
1.8233385189E+0	7.9324297059E+0	6.3378087674E-3
1.8296741999E+0	7.8739099822E+0	6.3335354970E-3
1.8360055546E+0	7.8157878964E+0	6.3291563847E-3
1.8423324774E+0	7.7580612526E+0	6.3246715037E-3
1.8486548624E+0	7.7007281189E+0	6.3200809290E-3
1.8549726040E+0	7.6437856056E+0	6.3153847371E-3
1.8612855967E+0	7.5872294587E+0	6.3105830068E-3
1.8675937349E+0	7.5310547489E+0	6.3056758180E-3
1.8738969132E+0	7.4752571636E+0	6.3006632530E-3
1.8801950263E+0	7.4198339821E+0	6.2955453954E-3
1.8864879689E+0	7.3647840045E+0	6.2903223308E-3
1.8927756359E+0	7.3101063925E+0	6.2849941464E-3
1.8990579222E+0	7.2557991158E+0	6.2795609313E-3
1.9053347228E+0	7.2018580093E+0	6.2740227763E-3
1.9116059328E+0	7.1482771167E+0	6.2683797740E-3
1.9178714474E+0	7.0950502236E+0	6.2626320186E-3
1.9241311620E+0	7.0421727278E+0	6.2567796062E-3
1.9303849718E+0	6.9896427349E+0	6.2508226346E-3
1.9366327724E+0	6.9374606696E+0	6.2447612034E-3
1.9428744594E+0	6.8856275371E+0	6.2385954138E-3
1.9491099285E+0	6.8341427649E+0	6.2323253688E-3
1.9553390754E+0	6.7830028342E+0	6.2259511734E-3
1.9615617961E+0	6.7322014978E+0	6.2194729339E-3
1.9677779867E+0	6.6817315150E+0	6.2128907587E-3
1.9739875431E+0	6.6315869822E+0	6.2062047577E-3
1.9801903616E+0	6.5817650053E+0	6.1994150427E-3
1.9863863386E+0	6.5322658043E+0	6.1925217271E-3
1.9925753706E+0	6.4830911907E+0	6.1855249261E-3
1.9987573540E+0	6.4342422316E+0	6.1784247568E-3
2.0049321857E+0	6.3857173355E+0	6.1712213376E-3
2.0110997623E+0	6.3375117544E+0	6.1639147890E-3
2.0172599809E+0	6.2896187287E+0	6.1565052331E-3
2.0234127385E+0	6.2420316394E+0	6.1489927938E-3
2.0295579322E+0	6.1947460293E+0	6.1413775965E-3
2.0356954595E+0	6.1477604659E+0	6.1336597685E-3
2.0418252176E+0	6.1010758601E+0	6.1258394388E-3
2.0479471042E+0	6.0546936605E+0	6.1179167381E-3
2.0540610170E+0	6.0086138939E+0	6.1098917988E-3
2.0601668538E+0	5.9628340456E+0	6.1017647550E-3
2.0662645125E+0	5.9173492820E+0	6.0935357425E-3
2.0723538913E+0	5.8721538098E+0	6.0852048988E-3
2.0784348884E+0	5.8272426094E+0	6.0767723631E-3
2.0845074022E+0	5.7826126523E+0	6.0682382765E-3
2.0905713312E+0	5.7382630454E+0	6.0596027814E-3
2.0966265740E+0	5.6941941301E+0	6.0508660221E-3
2.1026730295E+0	5.6504060857E+0	6.0420281448E-3
2.1087105966E+0	5.6068977779E+0	6.0330892971E-3
2.1147391745E+0	5.5636663955E+0	6.0240496283E-3
2.1207586623E+0	5.5207079645E+0	6.0149092896E-3
2.1267689596E+0	5.4780183748E+0	6.0056684336E-3
2.1327699657E+0	5.4355943420E+0	5.9963272149E-3
2.1387615806E+0	5.3934338259E+0	5.9868857894E-3
2.1447437040E+0	5.3515357693E+0	5.9773443150E-3
2.1507162359E+0	5.3098993862E+0	5.9677029512E-3
2.1566790766E+0	5.2685234384E+0	5.9579618591E-3
2.1626321265E+0	5.2274058878E+0	5.9481212013E-3
2.1685752859E+0	5.1865440592E+0	5.9381811425E-3
2.1745084557E+0	5.1459351535E+0	5.9281418487E-3
2.1804315366E+0	5.1055767693E+0	5.9180034877E-3
2.1863444297E+0	5.0654671242E+0	5.9077662288E-3
2.1922470361E+0	5.0256048661E+0	5.8974302433E-3
2.1981392573E+0	4.9859886183E+0	5.8869957037E-3
2.2040209947E+0	4.9466165517E+0	5.8764627846E-3
2.2098921501E+0	4.9074862584E+0	5.8658316618E-3
2.2157526254E+0	4.8685950145E+0	5.8551025132E-3
2.2216023226E+0	4.8299402897E+0	5.8442755178E-3
2.2274411439E+0	4.7915202103E+0	5.8333508568E-3
2.2332689918E+0	4.7533336952E+0	5.8223287127E-3
2.2390857689E+0	4.7153801583E+0	5.8112092696E-3
2.2448913779E+0	4.6776589075E+0	5.7999927133E-3
2.2506857220E+0	4.6401685444E+0	5.7886792314E-3
2.2564687042E+0	4.6029066865E+0	5.7772690129E-3
2.2622402278E+0	4.5658701834E+0	5.7657622485E-3
2.2680001965E+0	4.5290557484E+0	5.7541591304E-3
2.2737485140E+0	4.4924607181E+0	5.7424598526E-3
2.2794850843E+0	4.4560835678E+0	5.7306646105E-3
2.2852098113E+0	4.4199239223E+0	5.7187736014E-3
2.2909225996E+0	4.3839820306E+0	5.7067870238E-3
2.2966233536E+0	4.3482579316E+0	5.6947050782E-3
2.3023119780E+0	4.3127506882E+0	5.6825279663E-3
2.3079883779E+0	4.2774580460E+0	5.6702558918E-3
2.3136524582E+0	4.2423766821E+0	5.6578890597E-3
2.3193041245E+0	4.2075029458E+0	5.6454276767E-3
2.3249432821E+0	4.1728337687E+0	5.6328719509E-3
2.3305698370E+0	4.1383673435E+0	5.6202220924E-3
2.3361836950E+0	4.1041032723E+0	5.6074783123E-3
2.3417847624E+0	4.0700421163E+0	5.5946408237E-3
2.3473729455E+0	4.0361845403E+0	5.5817098412E-3
2.3529481510E+0	4.0025304176E+0	5.5686855808E-3
2.3585102856E+0	3.9690782744E+0	5.5555682601E-3
2.3640592565E+0	3.9358253057E+0	5.5423580985E-3
2.3695949710E+0	3.9027679494E+0	5.5290553166E-3
2.3751173364E+0	3.8699027719E+0	5.5156601367E-3
2.3806262605E+0	3.8372272978E+0	5.5021727828E-3
2.3861216513E+0	3.8047404444E+0	5.4885934801E-3
2.3916034169E+0	3.7724423936E+0	5.4749224557E-3
2.3970714657E+0	3.7403339661E+0	5.4611599379E-3
2.4025257064E+0	3.7084157631E+0	5.4473061568E-3
2.4079660477E+0	3.6766874207E+0	5.4333613439E-3
2.4133923988E+0	3.6451472702E+0	5.4193257323E-3
2.4188046690E+0	3.6137925224E+0	5.4051995564E-3
2.4242027678E+0	3.5826198861E+0	5.3909830523E-3
2.4295866050E+0	3.5516263645E+0	5.3766764577E-3
2.4349560907E+0	3.5208099168E+0	5.3622800116E-3
2.4403111352E+0	3.4901697370E+0	5.3477939546E-3
2.4456516489E+0	3.4597060609E+0	5.3332185287E-3
2.4509775425E+0	3.4294195963E+0	5.3185539776E-3
2.4562887272E+0	3.3993108067E+0	5.3038005463E-3
2.4615851141E+0	3.3693793227E+0	5.2889584814E-3
2.4668666147E+0	3.3396236939E+0	5.2740280309E-3
2.4721331408E+0	3.3100415518E+0	5.2590094442E-3
2.4773846043E+0	3.2806301048E+0	5.2439029725E-3
2.4826209175E+0	3.2513867644E+0	5.2287088681E-3
2.4878419929E+0	3.2223096707E+0	5.2134273849E-3
2.4930477432E+0	3.1933979339E+0	5.1980587783E-3
2.4982380815E+0	3.1646515226E+0	5.1826033052E-3
2.5034129210E+0	3.1360708624E+0	5.1670612238E-3
2.5085721752E+0	3.1076563020E+0	5.1514327939E-3
2.5137157579E+0	3.0794076442E+0	5.1357182766E-3
2.5188435831E+0	3.0513238992E+0	5.1199179345E-3
2.5239555652E+0	3.0234033311E+0	5.1040320318E-3
2.5290516187E+0	2.9956437594E+0	5.0880608338E-3
2.5341316585E+0	2.9680429957E+0	5.0720046074E-3
2.5391955997E+0	2.9405992575E+0	5.0558636210E-3
2.5442433576E+0	2.9133114209E+0	5.0396381444E-3
2.5492748479E+0	2.8861790410E+0	5.0233284486E-3
2.5542899865E+0	2.8592021503E+0	5.0069348063E-3
2.5592886896E+0	2.8323809201E+0	4.9904574913E-3
2.5642708737E+0	2.8057153068E+0	4.9738967791E-3
2.5692364555E+0	2.7792047991E+0	4.9572529464E-3
2.5741853520E+0	2.7528483399E+0	4.9405262713E-3
2.5791174805E+0	2.7266444333E+0	4.9237170334E-3
2.5840327586E+0	2.7005913852E+0	4.9068255135E-3
2.5889311042E+0	2.6746875908E+0	4.8898519940E-3
2.5938124354E+0	2.6489317726E+0	4.8727967585E-3
2.5986766706E+0	2.6233230993E+0	4.8556600920E-3
2.6035237285E+0	2.5978611606E+0	4.8384422809E-3
2.6083535282E+0	2.5725458176E+0	4.8211436130E-3
2.6131659889E+0	2.5473769887E+0	4.8037643772E-3
2.6179610302E+0	2.5223544410E+0	4.7863048641E-3
2.6227385719E+0	2.4974776516E+0	4.7687653653E-3
2.6274985343E+0	2.4727457722E+0	4.7511461741E-3
2.6322408378E+0	2.4481576981E+0	4.7334475849E-3
2.6369654032E+0	2.4237122083E+0	4.7156698934E-3
2.6416721513E+0	2.3994081295E+0	4.6978133967E-3
2.6463610038E+0	2.3752444716E+0	4.6798783932E-3
2.6510318821E+0	2.3512204990E+0	4.6618651826E-3
2.6556847082E+0	2.3273357234E+0	4.6437740661E-3
2.6603194043E+0	2.3035898304E+0	4.6256053458E-3
2.6649358931E+0	2.2799825672E+0	4.6073593254E-3
2.6695340973E+0	2.2565136295E+0	4.5890363098E-3
2.6741139402E+0	2.2331825794E+0	4.5706366053E-3
2.6786753451E+0	2.2099888132E+0	4.5521605193E-3
2.6832182358E+0	2.1869315835E+0	4.5336083606E-3
2.6877425365E+0	2.1640100601E+0	4.5149804392E-3
2.6922481716E+0	2.1412234097E+0	4.4962770664E-3
2.6967350656E+0	2.1185708688E+0	4.4774985548E-3
2.7012031437E+0	2.0960517895E+0	4.4586452181E-3
2.7056523312E+0	2.0736656513E+0	4.4397173715E-3
2.7100825537E+0	2.0514120379E+0	4.4207153312E-3
2.7144937373E+0	2.0292905921E+0	4.4016394148E-3
2.7188858081E+0	2.0073009639E+0	4.3824899412E-3
2.7232586927E+0	1.9854427670E+0	4.3632672302E-3
2.7276123182E+0	1.9637155543E+0	4.3439716031E-3
2.7319466117E+0	1.9421188177E+0	4.3246033825E-3
2.7362615009E+0	1.9206520064E+0	4.3051628919E-3
2.7405569135E+0	1.8993145580E+0	4.2856504563E-3
2.7448327779E+0	1.8781059302E+0	4.2660664016E-3
2.7490890226E+0	1.8570256237E+0	4.2464110553E-3
2.7533255764E+0	1.8360731929E+0	4.2266847457E-3
2.7575423685E+0	1.8152482400E+0	4.2068878026E-3
2.7617393285E+0	1.7945503995E+0	4.1870205567E-3
2.7659163863E+0	1.7739793171E+0	4.1670833400E-3
2.7700734720E+0	1.7535346305E+0	4.1470764858E-3
2.7742105162E+0	1.7332159584E+0	4.1270003283E-3
2.7783274497E+0	1.7130228991E+0	4.1068552032E-3
2.7824242037E+0	1.6929550395E+0	4.0866414469E-3
2.7865007098E+0	1.6730119696E+0	4.0663593974E-3
2.7905568999E+0	1.6531932989E+0	4.0460093936E-3
2.7945927061E+0	1.6334986687E+0	4.0255917754E-3
2.7986080610E+0	1.6139277573E+0	4.0051068843E-3
2.8026028975E+0	1.5944802765E+0	3.9845550624E-3
2.8065771489E+0	1.5751559600E+0	3.9639366533E-3
2.8105307487E+0	1.5559545484E+0	3.9432520014E-3
2.8144636309E+0	1.5368757731E+0	3.9225014525E-3
2.8183757298E+0	1.5179193449E+0	3.9016853533E-3
2.8222669799E+0	1.4990849492E+0	3.8808040517E-3
2.8261373163E+0	1.4803722500E+0	3.8598578967E-3
2.8299866742E+0	1.4617809007E+0	3.8388472382E-3
2.8338149894E+0	1.4433105598E+0	3.8177724274E-3
2.8376221978E+0	1.4249609075E+0	3.7966338166E-3
2.8414082359E+0	1.4067316596E+0	3.7754317588E-3
2.8451730403E+0	1.3886225750E+0	3.7541666086E-3
2.8489165482E+0	1.3706334561E+0	3.7328387211E-3
2.8526386969E+0	1.3527641409E+0	3.7114484529E-3
2.8563394244E+0	1.3350144897E+0	3.6899961614E-3
2.8600186687E+0	1.3173843683E+0	3.6684822051E-3
2.8636763684E+0	1.2998736316E+0	3.6469069436E-3
2.8673124623E+0	1.2824821111E+0	3.6252707373E-3
2.8709268897E+0	1.2652096076E+0	3.6035739479E-3
2.8745195901E+0	1.2480558921E+0	3.5818169379E-3
2.8780905036E+0	1.2310207125E+0	3.5600000709E-3
2.8816395704E+0	1.2141038063E+0	3.5381237115E-3
2.8851667313E+0	1.1973049160E+0	3.5161882254E-3
2.8886719273E+0	1.1806238042E+0	3.4941939790E-3
2.8921550998E+0	1.1640602662E+0	3.4721413399E-3
2.8956161906E+0	1.1476141377E+0	3.4500306767E-3
2.8990551419E+0	1.1312852965E+0	3.4278623588E-3
2.9024718962E+0	1.1150736577E+0	3.4056367567E-3
2.9058663965E+0	1.0989791649E+0	3.3833542419E-3
2.9092385859E+0	1.0830017771E+0	3.3610151867E-3
2.9125884081E+0	1.0671414548E+0	3.3386199643E-3
2.9159158072E+0	1.0513981474E+0	3.3161689492E-3
2.9192207275E+0	1.0357717838E+0	3.2936625164E-3
2.9225031139E+0	1.0202622674E+0	3.2711010421E-3
2.9257629114E+0	1.0048694752E+0	3.2484849032E-3
2.9290000656E+0	9.8959326287E-1	3.2258144779E-3
2.9322145224E+0	9.7443347267E-1	3.2030901448E-3
2.9354062280E+0	9.5938994390E-1	3.1803122838E-3
2.9385751292E+0	9.4446252401E-1	3.1574812755E-3
2.9417211730E+0	9.2965107871E-1	3.1345975014E-3
2.9448443068E+0	9.1495549973E-1	3.1116613440E-3
2.9479444784E+0	9.0037570923E-1	3.0886731866E-3
2.9510216360E+0	8.8591166070E-1	3.0656334132E-3
2.9540757281E+0	8.7156333612E-1	3.0425424091E-3
2.9571067038E+0	8.5733074033E-1	3.0194005599E-3
2.9601145124E+0	8.4321389336E-1	2.9962082525E-3
2.9630991036E+0	8.2921282185E-1	2.9729658744E-3
2.9660604276E+0	8.1532755077E-1	2.9496738141E-3
2.9689984348E+0	8.0155809636E-1	2.9263324607E-3
2.9719130762E+0	7.8790446115E-1	2.9029422044E-3
2.9748043031E+0	7.7436663130E-1	2.8795034361E-3
2.9776720671E+0	7.6094457668E-1	2.8560165473E-3
2.9805163203E+0	7.4763825308E-1	2.8324819307E-3
2.9833370151E+0	7.3444760645E-1	2.8088999795E-3
2.9861341046E+0	7.2137257827E-1	2.7852710878E-3
2.9889075418E+0	7.0841311144E-1	2.7615956505E-3
2.9916572805E+0	6.9556915603E-1	2.7378740632E-3
2.9943832747E+0	6.8284067412E-1	2.7141067224E-3
2.9970854788E+0	6.7022764350E-1	2.6902940251E-3
2.9997638477E+0	6.5773005970E-1	2.6664363695E-3
3.0024183367E+0	6.4534793649E-1	2.6425341541E-3
3.0050489013E+0	6.3308130482E-1	2.6185877784E-3
3.0076554977E+0	6.2093021044E-1	2.5945976426E-3
3.0102380822E+0	6.0889471064E-1	2.5705641475E-3
3.0127966116E+0	5.9697487041E-1	2.5464876949E-3
3.0153310434E+0	5.8517075851E-1	2.5223686871E-3
3.0178413350E+0	5.7348244374E-1	2.4982075270E-3
3.0203274445E+0	5.6190999185E-1	2.4740046186E-3
3.0227893304E+0	5.5045346314E-1	2.4497603662E-3
3.0252269516E+0	5.3911291103E-1	2.4254751751E-3
3.0276402673E+0	5.2788838157E-1	2.4011494510E-3
3.0300292371E+0	5.1677991371E-1	2.3767836004E-3
3.0323938212E+0	5.0578754049E-1	2.3523780306E-3
3.0347339801E+0	4.9491129060E-1	2.3279331494E-3
3.0370496746E+0	4.8415119047E-1	2.3034493653E-3
3.0393408660E+0	4.7350726637E-1	2.2789270875E-3
3.0416075160E+0	4.6297954652E-1	2.2543667257E-3
3.0438495869E+0	4.5256806304E-1	2.2297686905E-3
3.0460670410E+0	4.4227285343E-1	2.2051333928E-3
3.0482598414E+0	4.3209396176E-1	2.1804612443E-3
3.0504279513E+0	4.2203143930E-1	2.1557526574E-3
3.0525713347E+0	4.1208534474E-1	2.1310080450E-3
3.0546899556E+0	4.0225574393E-1	2.1062278206E-3
3.0567837786E+0	3.9254270932E-1	2.0814123983E-3
3.0588527688E+0	3.8294631906E-1	2.0565621928E-3
3.0608968915E+0	3.7346665594E-1	2.0316776194E-3
3.0629161127E+0	3.6410380620E-1	2.0067590939E-3
3.0649103985E+0	3.5485785835E-1	1.9818070327E-3
3.0668797157E+0	3.4572890204E-1	1.9568218529E-3
3.0688240313E+0	3.3671702703E-1	1.9318039720E-3
3.0707433129E+0	3.2782232236E-1	1.9067538080E-3
3.0726375283E+0	3.1904487570E-1	1.8816717796E-3
3.0745066460E+0	3.1038477285E-1	1.8565583060E-3
3.0763506346E+0	3.0184209753E-1	1.8314138067E-3
3.0781694634E+0	2.9341693126E-1	1.8062387021E-3
3.0799631019E+0	2.8510935348E-1	1.7810334128E-3
3.0817315203E+0	2.7691944169E-1	1.7557983600E-3
3.0834746889E+0	2.6884727185E-1	1.7305339655E-3
3.0851925786E+0	2.6089291864E-1	1.7052406515E-3
3.0868851607E+0	2.5305645592E-1	1.6799188405E-3
3.0885524069E+0	2.4533795711E-1	1.6545689559E-3
3.0901942894E+0	2.3773749553E-1	1.6291914212E-3
3.0918107807E+0	2.3025514477E-1	1.6037866605E-3
3.0934018538E+0	2.2289097894E-1	1.5783550984E-3
3.0949674821E+0	2.1564507288E-1	1.5528971598E-3
3.0965076394E+0	2.0851750231E-1	1.5274132703E-3
3.0980223001E+0	2.0150834390E-1	1.5019038556E-3
3.0995114388E+0	1.9461767527E-1	1.4763693421E-3
3.1009750306E+0	1.8784557497E-1	1.4508101565E-3
3.1024130510E+0	1.8119212235E-1	1.4252267258E-3
3.1038254761E+0	1.7465739748E-1	1.3996194778E-3
3.1052122822E+0	1.6824148092E-1	1.3739888402E-3
3.1065734461E+0	1.6194445360E-1	1.3483352414E-3
3.1079089451E+0	1.5576639656E-1	1.3226591101E-3
3.1092187570E+0	1.4970739081E-1	1.2969608754E-3
3.1105028597E+0	1.4376751712E-1	1.2712409668E-3
3.1117612318E+0	1.3794685579E-1	1.2454998140E-3
3.1129938524E+0	1.3224548652E-1	1.2197378472E-3
3.1142007007E+0	1.2666348825E-1	1.1939554970E-3
3.1153817567E+0	1.2120093899E-1	1.1681531941E-3
3.1165370006E+0	1.1585791572E-1	1.1423313699E-3
3.1176664131E+0	1.1063449428E-1	1.1164904558E-3
3.1187699753E+0	1.0553074927E-1	1.0906308836E-3
3.1198476688E+0	1.0054675399E-1	1.0647530855E-3
3.1208994755E+0	9.5682580375E-2	1.0388574939E-3
3.1219253780E+0	9.0938298961E-2	1.0129445417E-3
3.1229253590E+0	8.6313978839E-2	9.8701466182E-4
3.1238994018E+0	8.1809687634E-2	9.6106828758E-4
3.1248474902E+0	7.7425491485E-2	9.3510585261E-4
3.1257696083E+0	7.3161455032E-2	9.0912779076E-4
3.1266657407E+0	6.9017641407E-2	8.8313453619E-4
3.1275358724E+0	6.4994112222E-2	8.5712652325E-4
3.1283799890E+0	6.1090927562E-2	8.3110418659E-4
3.1291980762E+0	5.7308145982E-2	8.0506796108E-4
3.1299901204E+0	5.3645824491E-2	7.7901828182E-4
3.1307561084E+0	5.0104018550E-2	7.5295558414E-4
3.1314960274E+0	4.6682782057E-2	7.2688030358E-4
3.1322098650E+0	4.3382167335E-2	7.0079287589E-4
3.1328976092E+0	4.0202225115E-2	6.7469373705E-4
3.1335592487E+0	3.7143004524E-2	6.4858332323E-4
3.1341947723E+0	3.4204553063E-2	6.2246207073E-4
3.1348041694E+0	3.1386916590E-2	5.9633041614E-4
3.1353874298E+0	2.8690139296E-2	5.7018879612E-4
3.1359445438E+0	2.6114263685E-2	5.4403764760E-4
3.1364755020E+0	2.3659330551E-2	5.1787740760E-4
3.1369802957E+0	2.1325378955E-2	4.9170851331E-4
3.1374589163E+0	1.9112446200E-2	4.6553140213E-4
3.1379113559E+0	1.7020567812E-2	4.3934651156E-4
3.1383376069E+0	1.5049777510E-2	4.1315427928E-4
3.1387376622E+0	1.3200107190E-2	3.8695514312E-4
3.1391115150E+0	1.1471586896E-2	3.6074954110E-4
3.1394591592E+0	9.8642448069E-3	3.3453791144E-4
3.1397805890E+0	8.3781072087E-3	3.0832069259E-4
3.1400757989E+0	7.0131984782E-3	2.8209832342E-4
3.1403447841E+0	5.7695410627E-3	2.5587124334E-4
3.1405875400E+0	4.6471554603E-3	2.2963989267E-4
3.1408040626E+0	3.6460601991E-3	2.0340471372E-4
3.1409943483E+0	2.7662718107E-3	1.7716615272E-4
3.1411583939E+0	2.0078047893E-3	1.5092466531E-4
3.1412961968E+0	1.3706715075E-3	1.2468073282E-4
3.1414077547E+0	8.5488198490E-4	9.8434919423E-5
3.1414930663E+0	4.6044304703E-4	7.2188137769E-5
3.1415521316E+0	1.8735384667E-4	4.5943520243E-5
3.1415849628E+0	3.5558287608E-5	1.9736940383E-5