# Differential cross section		
# Author: P. Swaczyna	Princeton University	(swaczyna@princeton.edu)
# Date: 	Fri 4 Dec 2020 01:26:46	
# 		
# Elastic collision: H^0 + He^0 -> H^0 + He^0		
# 		
# Red. mass: 	7.5005505498E+8	 eV/c^2
# CM energy: 	3.8904514499E-1	 eV
# Rel speed: 	9.6558192970E+5	 cm/s
# Tot sigma: 	1.6558189269E+2	 a.u.
# Int sigma: 	1.6558189269E+2	 a.u.
# 		
# Columns:		
# the <- scattering angle (rad)		
# dcs <- dsigma/dOmega*2*pi*sin(the) (a.u. = 2.8002852056E-17 cm^2)		
# wei <- weight for cross section integration (approx. width of angle bin)		
# 		
# the	dcs	wei
7.6907532846E-6	4.2970140423E-1	1.9736940383E-5
4.0521979771E-5	2.2640620877E+0	4.5943520243E-5
9.9587300392E-5	5.5641714787E+0	7.2188137769E-5
1.8489884726E-4	1.0330644888E+1	9.8434919423E-5
2.9645680168E-4	1.6563316863E+1	1.2468073282E-4
4.3425968311E-4	2.4261723108E+1	1.5092466531E-4
5.9830531657E-4	3.3425033031E+1	1.7716615272E-4
7.8859101285E-4	4.4051909871E+1	2.0340471372E-4
1.0051136166E-3	5.6140335096E+1	2.2963989267E-4
1.2478695220E-3	6.9687402875E+1	2.5587124334E-4
1.5168546797E-3	8.4689086158E+1	2.8209832342E-4
1.8120645986E-3	1.0113997510E+2	3.0832069259E-4
2.1334943481E-3	1.1903298848E+2	3.3453791144E-4
2.4811385584E-3	1.3835905891E+2	3.6074954110E-4
2.8549914211E-3	1.5910679269E+2	3.8695514312E-4
3.2550466893E-3	1.8126210562E+2	4.1315427928E-4
3.6812976783E-3	2.0480783608E+2	4.3934651156E-4
4.1337372652E-3	2.2972333733E+2	4.6553140213E-4
4.6123578895E-3	2.5598405100E+2	4.9170851331E-4
5.1171515529E-3	2.8356106450E+2	5.1787740760E-4
5.6481098199E-3	3.1242065536E+2	5.4403764760E-4
6.2052238176E-3	3.4252382589E+2	5.7018879612E-4
6.7884842360E-3	3.7382583248E+2	5.9633041614E-4
7.3978813281E-3	4.0627571391E+2	6.2246207073E-4
8.0334049101E-3	4.3981582417E+2	6.4858332323E-4
8.6950443616E-3	4.7438137563E+2	6.7469373705E-4
9.3827886258E-3	5.0989999901E+2	7.0079287589E-4
1.0096626210E-2	5.4629132754E+2	7.2688030358E-4
1.0836545184E-2	5.8346661317E+2	7.5295558414E-4
1.1602533184E-2	6.2132838329E+2	7.7901828182E-4
1.2394577408E-2	6.5977014730E+2	8.0506796108E-4
1.3212664621E-2	6.9867616264E+2	8.3110418659E-4
1.4056781152E-2	7.3792127060E+2	8.5712652325E-4
1.4926912893E-2	7.7737081262E+2	8.8313453619E-4
1.5823045305E-2	8.1688063794E+2	9.0912779076E-4
1.6745163410E-2	8.5629721393E+2	9.3510585261E-4
1.7693251801E-2	8.9545784998E+2	9.6106828758E-4
1.8667294632E-2	9.3419104617E+2	9.8701466182E-4
1.9667275626E-2	9.7231697701E+2	1.0129445417E-3
2.0693178073E-2	1.0096481202E+3	1.0388574939E-3
2.1744984827E-2	1.0459900395E+3	1.0647530855E-3
2.2822678313E-2	1.0811423284E+3	1.0906308836E-3
2.3926240519E-2	1.1148997229E+3	1.1164904558E-3
2.5055653005E-2	1.1470533842E+3	1.1423313699E-3
2.6210896896E-2	1.1773923566E+3	1.1681531941E-3
2.7391952886E-2	1.2057051977E+3	1.1939554970E-3
2.8598801239E-2	1.2317817774E+3	1.2197378472E-3
2.9831421786E-2	1.2554152395E+3	1.2454998140E-3
3.1089793929E-2	1.2764041146E+3	1.2712409668E-3
3.2373896638E-2	1.2945545694E+3	1.2969608754E-3
3.3683708455E-2	1.3096827735E+3	1.3226591101E-3
3.5019207490E-2	1.3216173616E+3	1.3483352414E-3
3.6380371427E-2	1.3302019612E+3	1.3739888402E-3
3.7767177517E-2	1.3352977558E+3	1.3996194778E-3
3.9179602586E-2	1.3367860453E+3	1.4252267258E-3
4.0617623030E-2	1.3345707643E+3	1.4508101565E-3
4.2081214817E-2	1.3285809121E+3	1.4763693421E-3
4.3570353490E-2	1.3187728480E+3	1.5019038556E-3
4.5085014162E-2	1.3051324002E+3	1.5274132703E-3
4.6625171522E-2	1.2876767369E+3	1.5528971598E-3
4.8190799831E-2	1.2664559447E+3	1.5783550984E-3
4.9781872927E-2	1.2415542626E+3	1.6037866605E-3
5.1398364219E-2	1.2130909193E+3	1.6291914212E-3
5.3040246694E-2	1.1812205241E+3	1.6545689559E-3
5.4707492914E-2	1.1461329679E+3	1.6799188405E-3
5.6400075017E-2	1.1080527944E+3	1.7052406515E-3
5.8117964718E-2	1.0672380106E+3	1.7305339655E-3
5.9861133308E-2	1.0239783137E+3	1.7557983600E-3
6.1629551657E-2	9.7859272184E+2	1.7810334128E-3
6.3423190212E-2	9.3142660931E+2	1.8062387021E-3
6.5242019000E-2	8.8284815774E+2	1.8314138067E-3
6.7086007624E-2	8.3324425069E+2	1.8565583060E-3
6.8955125270E-2	7.8301585253E+2	1.8816717796E-3
7.0849340702E-2	7.3257292822E+2	1.9067538080E-3
7.2768622264E-2	6.8232897503E+2	1.9318039720E-3
7.4712937885E-2	6.3269525225E+2	1.9568218529E-3
7.6682255070E-2	5.8407480781E+2	1.9818070327E-3
7.8676540910E-2	5.3685641335E+2	2.0067590939E-3
8.0695762079E-2	4.9140852864E+2	2.0316776194E-3
8.2739884832E-2	4.4807342439E+2	2.0565621928E-3
8.4808875009E-2	4.0716159653E+2	2.0814123983E-3
8.6902698034E-2	3.6894660669E+2	2.1062278206E-3
8.9021318917E-2	3.3366048092E+2	2.1310080450E-3
9.1164702253E-2	3.0148979249E+2	2.1557526574E-3
9.3332812224E-2	2.7257254420E+2	2.1804612443E-3
9.5525612596E-2	2.4699595122E+2	2.2051333928E-3
9.7743066726E-2	2.2479520722E+2	2.2297686905E-3
9.9985137556E-2	2.0595329487E+2	2.2543667257E-3
1.0225178762E-1	1.9040187649E+2	2.2789270875E-3
1.0454297904E-1	1.7802327373E+2	2.3034493653E-3
1.0685867352E-1	1.6865351543E+2	2.3279331494E-3
1.0919883237E-1	1.6208640302E+2	2.3523780306E-3
1.1156341648E-1	1.5807851273E+2	2.3767836004E-3
1.1395238633E-1	1.5635502484E+2	2.4011494510E-3
1.1636570200E-1	1.5661624345E+2	2.4254751751E-3
1.1880332317E-1	1.5854464669E+2	2.4497603662E-3
1.2126520909E-1	1.6181228763E+2	2.4740046186E-3
1.2375131862E-1	1.6608835205E+2	2.4982075270E-3
1.2626161023E-1	1.7104667034E+2	2.5223686871E-3
1.2879604195E-1	1.7637297881E+2	2.5464876949E-3
1.3135457143E-1	1.8177172996E+2	2.5705641475E-3
1.3393715592E-1	1.8697226275E+2	2.5945976426E-3
1.3654375226E-1	1.9173416153E+2	2.6185877784E-3
1.3917431689E-1	1.9585165671E+2	2.6425341541E-3
1.4182880585E-1	1.9915694948E+2	2.6664363695E-3
1.4450717478E-1	2.0152237729E+2	2.6902940251E-3
1.4720937892E-1	2.0286137416E+2	2.7141067224E-3
1.4993537310E-1	2.0312821928E+2	2.7378740632E-3
1.5268511179E-1	2.0231660774E+2	2.7615956505E-3
1.5545854902E-1	2.0045711598E+2	2.7852710878E-3
1.5825563845E-1	1.9761367128E+2	2.8088999795E-3
1.6107633333E-1	1.9387916740E+2	2.8324819307E-3
1.6392058653E-1	1.8937039539E+2	2.8560165473E-3
1.6678835052E-1	1.8422248005E+2	2.8795034361E-3
1.6967957737E-1	1.7858302579E+2	2.9029422044E-3
1.7259421876E-1	1.7260618160E+2	2.9263324607E-3
1.7553222599E-1	1.6644683268E+2	2.9496738141E-3
1.7849354996E-1	1.6025511587E+2	2.9729658744E-3
1.8147814117E-1	1.5417143861E+2	2.9962082525E-3
1.8448594977E-1	1.4832215639E+2	3.0194005599E-3
1.8751692548E-1	1.4281603397E+2	3.0425424091E-3
1.9057101764E-1	1.3774158098E+2	3.0656334132E-3
1.9364817522E-1	1.3316531572E+2	3.0886731866E-3
1.9674834681E-1	1.2913097248E+2	3.1116613440E-3
1.9987148058E-1	1.2565962993E+2	3.1345975014E-3
2.0301752435E-1	1.2275070267E+2	3.1574812755E-3
2.0618642554E-1	1.2038370596E+2	3.1803122838E-3
2.0937813120E-1	1.1852067637E+2	3.2030901448E-3
2.1259258799E-1	1.1710911046E+2	3.2258144779E-3
2.1582974219E-1	1.1608526869E+2	3.2484849032E-3
2.1908953970E-1	1.1537768526E+2	3.2711010421E-3
2.2237192605E-1	1.1491072406E+2	3.2936625164E-3
2.2567684639E-1	1.1460802851E+2	3.3161689492E-3
2.2900424548E-1	1.1439572614E+2	3.3386199643E-3
2.3235406772E-1	1.1420526819E+2	3.3610151867E-3
2.3572625713E-1	1.1397580752E+2	3.3833542419E-3
2.3912075735E-1	1.1365604514E+2	3.4056367567E-3
2.4253751167E-1	1.1320550348E+2	3.4278623588E-3
2.4597646298E-1	1.1259521370E+2	3.4500306767E-3
2.4943755380E-1	1.1180783151E+2	3.4721413399E-3
2.5292072631E-1	1.1083722140E+2	3.4941939790E-3
2.5642592230E-1	1.0968757110E+2	3.5161882254E-3
2.5995308318E-1	1.0837211541E+2	3.5381237115E-3
2.6350215001E-1	1.0691156131E+2	3.5600000709E-3
2.6707306349E-1	1.0533231360E+2	3.5818169379E-3
2.7066576394E-1	1.0366460209E+2	3.6035739479E-3
2.7428019131E-1	1.0194060855E+2	3.6252707373E-3
2.7791628522E-1	1.0019268363E+2	3.6469069436E-3
2.8157398488E-1	9.8451732382E+1	3.6684822051E-3
2.8525322919E-1	9.6745832145E+1	3.6899961614E-3
2.8895395665E-1	9.5099129685E+1	3.7114484529E-3
2.9267610542E-1	9.3531046406E+1	3.7328387211E-3
2.9641961330E-1	9.2055802397E+1	3.7541666086E-3
3.0018441773E-1	9.0682252869E+1	3.7754317588E-3
3.0397045579E-1	8.9414015022E+1	3.7966338166E-3
3.0777766421E-1	8.8249850396E+1	3.8177724274E-3
3.1160597938E-1	8.7184257594E+1	3.8388472382E-3
3.1545533730E-1	8.6208223450E+1	3.8598578967E-3
3.1932567367E-1	8.5310077214E+1	3.8808040517E-3
3.2321692379E-1	8.4476392093E+1	3.9016853533E-3
3.2712902264E-1	8.3692881325E+1	3.9225014525E-3
3.3106190484E-1	8.2945241338E+1	3.9432520014E-3
3.3501550468E-1	8.2219902074E+1	3.9639366533E-3
3.3898975607E-1	8.1504653543E+1	3.9845550624E-3
3.4298459261E-1	8.0789127533E+1	4.0051068843E-3
3.4699994753E-1	8.0065123522E+1	4.0255917754E-3
3.5103575373E-1	7.9326777597E+1	4.0460093936E-3
3.5509194378E-1	7.8570582104E+1	4.0663593974E-3
3.5916844988E-1	7.7795271357E+1	4.0866414469E-3
3.6326520391E-1	7.7001594773E+1	4.1068552032E-3
3.6738213741E-1	7.6192002988E+1	4.1270003283E-3
3.7151918157E-1	7.5370274836E+1	4.1470764858E-3
3.7567626728E-1	7.4541113509E+1	4.1670833400E-3
3.7985332504E-1	7.3709738983E+1	4.1870205567E-3
3.8405028507E-1	7.2881501012E+1	4.2068878026E-3
3.8826707721E-1	7.2061533097E+1	4.2266847457E-3
3.9250363101E-1	7.1254463054E+1	4.2464110553E-3
3.9675987567E-1	7.0464190627E+1	4.2660664016E-3
4.0103574005E-1	6.9693737295E+1	4.2856504563E-3
4.0533115271E-1	6.8945168421E+1	4.3051628919E-3
4.0964604185E-1	6.8219583442E+1	4.3246033825E-3
4.1398033538E-1	6.7517166157E+1	4.3439716031E-3
4.1833396086E-1	6.6837284409E+1	4.3632672302E-3
4.2270684554E-1	6.6178626792E+1	4.3824899412E-3
4.2709891633E-1	6.5539363233E+1	4.4016394148E-3
4.3151009985E-1	6.4917316515E+1	4.4207153312E-3
4.3594032237E-1	6.4310132750E+1	4.4397173715E-3
4.4038950986E-1	6.3715440380E+1	4.4586452181E-3
4.4485758797E-1	6.3130989340E+1	4.4774985548E-3
4.4934448203E-1	6.2554764230E+1	4.4962770664E-3
4.5385011706E-1	6.1985067757E+1	4.5149804392E-3
4.5837441776E-1	6.1420572984E+1	4.5336083606E-3
4.6291730852E-1	6.0860345071E+1	4.5521605193E-3
4.6747871344E-1	6.0303835014E+1	4.5706366053E-3
4.7205855627E-1	5.9750849390E+1	4.5890363098E-3
4.7665676049E-1	5.9201501217E+1	4.6073593254E-3
4.8127324926E-1	5.8656147632E+1	4.6256053458E-3
4.8590794542E-1	5.8115320332E+1	4.6437740661E-3
4.9056077152E-1	5.7579654470E+1	4.6618651826E-3
4.9523164982E-1	5.7049821100E+1	4.6798783932E-3
4.9992050224E-1	5.6526467342E+1	4.6978133967E-3
5.0462725044E-1	5.6010167324E+1	4.7156698934E-3
5.0935181576E-1	5.5501385756E+1	4.7334475849E-3
5.1409411924E-1	5.5000454743E+1	4.7511461741E-3
5.1885408164E-1	5.4507563437E+1	4.7687653653E-3
5.2363162341E-1	5.4022759174E+1	4.7863048641E-3
5.2842666471E-1	5.3545958198E+1	4.8037643772E-3
5.3323912540E-1	5.3076963668E+1	4.8211436130E-3
5.3806892508E-1	5.2615488576E+1	4.8384422809E-3
5.4291598301E-1	5.2161181295E+1	4.8556600920E-3
5.4778021821E-1	5.1713651700E+1	4.8727967585E-3
5.5266154939E-1	5.1272496141E+1	4.8898519940E-3
5.5755989496E-1	5.0837319882E+1	4.9068255135E-3
5.6247517308E-1	5.0407755940E+1	4.9237170334E-3
5.6740730160E-1	4.9983479599E+1	4.9405262713E-3
5.7235619810E-1	4.9564218177E+1	4.9572529464E-3
5.7732177988E-1	4.9149755915E+1	4.9738967791E-3
5.8230396395E-1	4.8739934194E+1	4.9904574913E-3
5.8730266706E-1	4.8334647563E+1	5.0069348063E-3
5.9231780568E-1	4.7933836386E+1	5.0233284486E-3
5.9734929598E-1	4.7537477107E+1	5.0396381444E-3
6.0239705389E-1	4.7145571277E+1	5.0558636210E-3
6.0746099506E-1	4.6758134522E+1	5.0720046074E-3
6.1254103485E-1	4.6375186450E+1	5.0880608338E-3
6.1763708838E-1	4.5996742299E+1	5.1040320318E-3
6.2274907048E-1	4.5622806766E+1	5.1199179345E-3
6.2787689573E-1	4.5253370141E+1	5.1357182766E-3
6.3302047843E-1	4.4888406523E+1	5.1514327939E-3
6.3817973262E-1	4.4527873749E+1	5.1670612238E-3
6.4335457209E-1	4.4171714512E+1	5.1826033052E-3
6.4854491036E-1	4.3819858232E+1	5.1980587783E-3
6.5375066070E-1	4.3472223324E+1	5.2134273849E-3
6.5897173609E-1	4.3128719679E+1	5.2287088681E-3
6.6420804930E-1	4.2789251270E+1	5.2439029725E-3
6.6945951283E-1	4.2453718905E+1	5.2590094442E-3
6.7472603890E-1	4.2122023075E+1	5.2740280309E-3
6.8000753951E-1	4.1794066816E+1	5.2889584814E-3
6.8530392640E-1	4.1469758371E+1	5.3038005463E-3
6.9061511106E-1	4.1149013377E+1	5.3185539776E-3
6.9594100473E-1	4.0831756279E+1	5.3332185287E-3
7.0128151841E-1	4.0517920769E+1	5.3477939546E-3
7.0663656285E-1	4.0207449183E+1	5.3622800116E-3
7.1200604856E-1	3.9900291019E+1	5.3766764577E-3
7.1738988581E-1	3.9596400885E+1	5.3909830523E-3
7.2278798463E-1	3.9295736308E+1	5.4051995564E-3
7.2820025482E-1	3.8998255845E+1	5.4193257323E-3
7.3362660591E-1	3.8703917800E+1	5.4333613439E-3
7.3906694724E-1	3.8412679694E+1	5.4473061568E-3
7.4452118788E-1	3.8124498382E+1	5.4611599379E-3
7.4998923669E-1	3.7839330565E+1	5.4749224557E-3
7.5547100229E-1	3.7557133368E+1	5.4885934801E-3
7.6096639308E-1	3.7277864659E+1	5.5021727828E-3
7.6647531721E-1	3.7001482964E+1	5.5156601367E-3
7.7199768263E-1	3.6727946976E+1	5.5290553166E-3
7.7753339704E-1	3.6457214861E+1	5.5423580985E-3
7.8308236795E-1	3.6189243643E+1	5.5555682601E-3
7.8864450262E-1	3.5923988945E+1	5.5686855808E-3
7.9421970809E-1	3.5661405256E+1	5.5817098412E-3
7.9980789121E-1	3.5401446705E+1	5.5946408237E-3
8.0540895857E-1	3.5144068148E+1	5.6074783123E-3
8.1102281659E-1	3.4889226254E+1	5.6202220924E-3
8.1664937145E-1	3.4636880271E+1	5.6328719509E-3
8.2228852912E-1	3.4386992247E+1	5.6454276767E-3
8.2794019536E-1	3.4139526648E+1	5.6578890597E-3
8.3360427572E-1	3.3894449545E+1	5.6702558918E-3
8.3928067556E-1	3.3651727646E+1	5.6825279663E-3
8.4496930000E-1	3.3411327513E+1	5.6947050782E-3
8.5067005399E-1	3.3173215237E+1	5.7067870238E-3
8.5638284226E-1	3.2937356638E+1	5.7187736014E-3
8.6210756934E-1	3.2703717910E+1	5.7306646105E-3
8.6784413956E-1	3.2472266423E+1	5.7424598526E-3
8.7359245705E-1	3.2242971360E+1	5.7541591304E-3
8.7935242576E-1	3.2015803921E+1	5.7657622485E-3
8.8512394943E-1	3.1790736972E+1	5.7772690129E-3
8.9090693161E-1	3.1567744238E+1	5.7886792314E-3
8.9670127565E-1	3.1346799298E+1	5.7999927133E-3
9.0250688473E-1	3.1127874733E+1	5.8112092696E-3
9.0832366182E-1	3.0910941733E+1	5.8223287127E-3
9.1415150972E-1	3.0695970296E+1	5.8333508568E-3
9.1999033104E-1	3.0482929977E+1	5.8442755178E-3
9.2584002820E-1	3.0271790927E+1	5.8551025132E-3
9.3170050345E-1	3.0062524867E+1	5.8658316618E-3
9.3757165885E-1	2.9855105680E+1	5.8764627846E-3
9.4345339628E-1	2.9649509414E+1	5.8869957037E-3
9.4934561746E-1	2.9445713731E+1	5.8974302433E-3
9.5524822392E-1	2.9243697003E+1	5.9077662288E-3
9.6116111701E-1	2.9043437386E+1	5.9180034877E-3
9.6708419793E-1	2.8844912209E+1	5.9281418487E-3
9.7301736769E-1	2.8648097870E+1	5.9381811425E-3
9.7896052713E-1	2.8452970238E+1	5.9481212013E-3
9.8491357695E-1	2.8259505398E+1	5.9579618591E-3
9.9087641766E-1	2.8067680407E+1	5.9677029512E-3
9.9684894961E-1	2.7877473778E+1	5.9773443150E-3
1.0028310730E+0	2.7688865489E+1	5.9868857894E-3
1.0088226878E+0	2.7501836534E+1	5.9963272149E-3
1.0148236940E+0	2.7316368177E+1	6.0056684336E-3
1.0208339913E+0	2.7132441244E+1	6.0149092896E-3
1.0268534791E+0	2.6950035711E+1	6.0240496283E-3
1.0328820570E+0	2.6769130785E+1	6.0330892971E-3
1.0389196241E+0	2.6589705448E+1	6.0420281448E-3
1.0449660796E+0	2.6411739266E+1	6.0508660221E-3
1.0510213224E+0	2.6235213143E+1	6.0596027814E-3
1.0570852514E+0	2.6060109724E+1	6.0682382765E-3
1.0631577652E+0	2.5886413269E+1	6.0767723631E-3
1.0692387623E+0	2.5714109030E+1	6.0852048988E-3
1.0753281411E+0	2.5543182336E+1	6.0935357425E-3
1.0814257998E+0	2.5373617727E+1	6.1017647550E-3
1.0875316366E+0	2.5205398454E+1	6.1098917988E-3
1.0936455494E+0	2.5038506521E+1	6.1179167381E-3
1.0997674360E+0	2.4872923274E+1	6.1258394388E-3
1.1058971941E+0	2.4708630301E+1	6.1336597685E-3
1.1120347214E+0	2.4545610331E+1	6.1413775965E-3
1.1181799151E+0	2.4383847797E+1	6.1489927938E-3
1.1243326727E+0	2.4223328882E+1	6.1565052331E-3
1.1304928913E+0	2.4064041024E+1	6.1639147890E-3
1.1366604679E+0	2.3905972111E+1	6.1712213376E-3
1.1428352996E+0	2.3749109638E+1	6.1784247568E-3
1.1490172830E+0	2.3593440168E+1	6.1855249261E-3
1.1552063150E+0	2.3438949251E+1	6.1925217271E-3
1.1614022920E+0	2.3285621818E+1	6.1994150427E-3
1.1676051105E+0	2.3133442860E+1	6.2062047577E-3
1.1738146669E+0	2.2982398099E+1	6.2128907587E-3
1.1800308574E+0	2.2832474399E+1	6.2194729339E-3
1.1862535782E+0	2.2683659743E+1	6.2259511734E-3
1.1924827251E+0	2.2535942822E+1	6.2323253688E-3
1.1987181942E+0	2.2389312409E+1	6.2385954138E-3
1.2049598812E+0	2.2243756801E+1	6.2447612034E-3
1.2112076818E+0	2.2099263564E+1	6.2508226346E-3
1.2174614916E+0	2.1955819696E+1	6.2567796062E-3
1.2237212062E+0	2.1813412144E+1	6.2626320186E-3
1.2299867208E+0	2.1672028456E+1	6.2683797740E-3
1.2362579308E+0	2.1531657299E+1	6.2740227763E-3
1.2425347314E+0	2.1392288614E+1	6.2795609313E-3
1.2488170177E+0	2.1253913318E+1	6.2849941464E-3
1.2551046847E+0	2.1116522660E+1	6.2903223308E-3
1.2613976273E+0	2.0980107462E+1	6.2955453954E-3
1.2676957404E+0	2.0844657553E+1	6.3006632530E-3
1.2739989187E+0	2.0710161601E+1	6.3056758180E-3
1.2803070569E+0	2.0576607447E+1	6.3105830068E-3
1.2866200496E+0	2.0443982798E+1	6.3153847371E-3
1.2929377912E+0	2.0312276045E+1	6.3200809290E-3
1.2992601762E+0	2.0181476897E+1	6.3246715037E-3
1.3055870990E+0	2.0051576589E+1	6.3291563847E-3
1.3119184537E+0	1.9922567600E+1	6.3335354970E-3
1.3182541347E+0	1.9794442987E+1	6.3378087674E-3
1.3245940360E+0	1.9667195580E+1	6.3419761245E-3
1.3309380516E+0	1.9540817343E+1	6.3460374987E-3
1.3372860756E+0	1.9415299115E+1	6.3499928220E-3
1.3436380019E+0	1.9290630815E+1	6.3538420284E-3
1.3499937243E+0	1.9166802003E+1	6.3575850535E-3
1.3563531366E+0	1.9043802578E+1	6.3612218349E-3
1.3627161325E+0	1.8921623327E+1	6.3647523117E-3
1.3690826057E+0	1.8800256146E+1	6.3681764249E-3
1.3754524499E+0	1.8679693864E+1	6.3714941173E-3
1.3818255585E+0	1.8559929766E+1	6.3747053335E-3
1.3882018250E+0	1.8440957036E+1	6.3778100198E-3
1.3945811430E+0	1.8322768338E+1	6.3808081243E-3
1.4009634057E+0	1.8205355710E+1	6.3836995970E-3
1.4073485066E+0	1.8088710784E+1	6.3864843894E-3
1.4137363389E+0	1.7972825218E+1	6.3891624551E-3
1.4201267959E+0	1.7857691157E+1	6.3917337493E-3
1.4265197708E+0	1.7743301495E+1	6.3941982290E-3
1.4329151568E+0	1.7629649840E+1	6.3965558531E-3
1.4393128469E+0	1.7516730181E+1	6.3988065821E-3
1.4457127343E+0	1.7404536405E+1	6.4009503785E-3
1.4521147120E+0	1.7293061871E+1	6.4029872063E-3
1.4585186731E+0	1.7182299222E+1	6.4049170317E-3
1.4649245104E+0	1.7072240538E+1	6.4067398222E-3
1.4713321170E+0	1.6962877777E+1	6.4084555476E-3
1.4777413858E+0	1.6854203338E+1	6.4100641790E-3
1.4841522097E+0	1.6746210527E+1	6.4115656896E-3
1.4905644815E+0	1.6638893728E+1	6.4129600544E-3
1.4969780940E+0	1.6532248207E+1	6.4142472499E-3
1.5033929402E+0	1.6426269601E+1	6.4154272548E-3
1.5098089128E+0	1.6320953281E+1	6.4165000493E-3
1.5162259046E+0	1.6216293826E+1	6.4174656154E-3
1.5226438083E+0	1.6112284789E+1	6.4183239370E-3
1.5290625167E+0	1.6008918871E+1	6.4190749998E-3
1.5354819225E+0	1.5906188412E+1	6.4197187912E-3
1.5419019185E+0	1.5804086037E+1	6.4202553005E-3
1.5483223974E+0	1.5702605224E+1	6.4206845187E-3
1.5547432518E+0	1.5601740580E+1	6.4210064386E-3
1.5611643745E+0	1.5501487749E+1	6.4212210549E-3
1.5675856581E+0	1.5401842983E+1	6.4213283639E-3
1.5740069954E+0	1.5302802557E+1	6.4213283639E-3
1.5804282791E+0	1.5204362222E+1	6.4212210549E-3
1.5868494018E+0	1.5106516905E+1	6.4210064386E-3
1.5932702562E+0	1.5009260736E+1	6.4206845187E-3
1.5996907351E+0	1.4912587373E+1	6.4202553005E-3
1.6061107310E+0	1.4816490492E+1	6.4197187912E-3
1.6125301369E+0	1.4720964236E+1	6.4190749998E-3
1.6189488453E+0	1.4626003483E+1	6.4183239370E-3
1.6253667490E+0	1.4531603833E+1	6.4174656154E-3
1.6317837408E+0	1.4437761350E+1	6.4165000493E-3
1.6381997134E+0	1.4344472185E+1	6.4154272548E-3
1.6446145595E+0	1.4251732224E+1	6.4142472499E-3
1.6510281721E+0	1.4159536915E+1	6.4129600544E-3
1.6574404439E+0	1.4067881312E+1	6.4115656896E-3
1.6638512678E+0	1.3976760309E+1	6.4100641790E-3
1.6702605366E+0	1.3886168954E+1	6.4084555476E-3
1.6766681432E+0	1.3796102698E+1	6.4067398222E-3
1.6830739805E+0	1.3706557476E+1	6.4049170317E-3
1.6894779416E+0	1.3617529582E+1	6.4029872063E-3
1.6958799193E+0	1.3529015404E+1	6.4009503785E-3
1.7022798067E+0	1.3441011111E+1	6.3988065821E-3
1.7086774968E+0	1.3353512453E+1	6.3965558531E-3
1.7150728827E+0	1.3266514742E+1	6.3941982290E-3
1.7214658576E+0	1.3180013048E+1	6.3917337493E-3
1.7278563146E+0	1.3094002528E+1	6.3891624551E-3
1.7342441470E+0	1.3008478772E+1	6.3864843894E-3
1.7406292478E+0	1.2923438020E+1	6.3836995970E-3
1.7470115106E+0	1.2838877169E+1	6.3808081243E-3
1.7533908286E+0	1.2754793545E+1	6.3778100198E-3
1.7597670951E+0	1.2671184515E+1	6.3747053335E-3
1.7661402037E+0	1.2588047089E+1	6.3714941173E-3
1.7725100479E+0	1.2505377635E+1	6.3681764249E-3
1.7788765211E+0	1.2423171830E+1	6.3647523117E-3
1.7852395170E+0	1.2341424860E+1	6.3612218349E-3
1.7915989293E+0	1.2260131814E+1	6.3575850535E-3
1.7979546517E+0	1.2179288122E+1	6.3538420284E-3
1.8043065780E+0	1.2098889908E+1	6.3499928220E-3
1.8106546020E+0	1.2018934115E+1	6.3460374987E-3
1.8169986176E+0	1.1939418381E+1	6.3419761245E-3
1.8233385189E+0	1.1860340693E+1	6.3378087674E-3
1.8296741999E+0	1.1781698951E+1	6.3335354970E-3
1.8360055546E+0	1.1703490576E+1	6.3291563847E-3
1.8423324774E+0	1.1625712300E+1	6.3246715037E-3
1.8486548624E+0	1.1548360192E+1	6.3200809290E-3
1.8549726040E+0	1.1471429911E+1	6.3153847371E-3
1.8612855967E+0	1.1394917085E+1	6.3105830068E-3
1.8675937349E+0	1.1318817697E+1	6.3056758180E-3
1.8738969132E+0	1.1243128343E+1	6.3006632530E-3
1.8801950263E+0	1.1167846291E+1	6.2955453954E-3
1.8864879689E+0	1.1092969332E+1	6.2903223308E-3
1.8927756359E+0	1.1018495492E+1	6.2849941464E-3
1.8990579222E+0	1.0944422693E+1	6.2795609313E-3
1.9053347228E+0	1.0870748496E+1	6.2740227763E-3
1.9116059328E+0	1.0797469988E+1	6.2683797740E-3
1.9178714474E+0	1.0724583846E+1	6.2626320186E-3
1.9241311620E+0	1.0652086534E+1	6.2567796062E-3
1.9303849718E+0	1.0579974562E+1	6.2508226346E-3
1.9366327724E+0	1.0508244703E+1	6.2447612034E-3
1.9428744594E+0	1.0436894116E+1	6.2385954138E-3
1.9491099285E+0	1.0365920322E+1	6.2323253688E-3
1.9553390754E+0	1.0295321074E+1	6.2259511734E-3
1.9615617961E+0	1.0225094172E+1	6.2194729339E-3
1.9677779867E+0	1.0155237287E+1	6.2128907587E-3
1.9739875431E+0	1.0085747879E+1	6.2062047577E-3
1.9801903616E+0	1.0016623201E+1	6.1994150427E-3
1.9863863386E+0	9.9478604067E+0	6.1925217271E-3
1.9925753706E+0	9.8794567003E+0	6.1855249261E-3
1.9987573540E+0	9.8114094627E+0	6.1784247568E-3
2.0049321857E+0	9.7437163146E+0	6.1712213376E-3
2.0110997623E+0	9.6763750854E+0	6.1639147890E-3
2.0172599809E+0	9.6093837030E+0	6.1565052331E-3
2.0234127385E+0	9.5427400472E+0	6.1489927938E-3
2.0295579322E+0	9.4764418249E+0	6.1413775965E-3
2.0356954595E+0	9.4104865153E+0	6.1336597685E-3
2.0418252176E+0	9.3448714101E+0	6.1258394388E-3
2.0479471042E+0	9.2795937387E+0	6.1179167381E-3
2.0540610170E+0	9.2146508357E+0	6.1098917988E-3
2.0601668538E+0	9.1500402936E+0	6.1017647550E-3
2.0662645125E+0	9.0857600451E+0	6.0935357425E-3
2.0723538913E+0	9.0218083427E+0	6.0852048988E-3
2.0784348884E+0	8.9581836375E+0	6.0767723631E-3
2.0845074022E+0	8.8948843923E+0	6.0682382765E-3
2.0905713312E+0	8.8319088882E+0	6.0596027814E-3
2.0966265740E+0	8.7692550854E+0	6.0508660221E-3
2.1026730295E+0	8.7069205863E+0	6.0420281448E-3
2.1087105966E+0	8.6449027136E+0	6.0330892971E-3
2.1147391745E+0	8.5831986839E+0	6.0240496283E-3
2.1207586623E+0	8.5218058244E+0	6.0149092896E-3
2.1267689596E+0	8.4607217694E+0	6.0056684336E-3
2.1327699657E+0	8.3999445757E+0	5.9963272149E-3
2.1387615806E+0	8.3394727231E+0	5.9868857894E-3
2.1447437040E+0	8.2793049980E+0	5.9773443150E-3
2.1507162359E+0	8.2194402950E+0	5.9677029512E-3
2.1566790766E+0	8.1598773916E+0	5.9579618591E-3
2.1626321265E+0	8.1006147633E+0	5.9481212013E-3
2.1685752859E+0	8.0416504888E+0	5.9381811425E-3
2.1745084557E+0	7.9829822725E+0	5.9281418487E-3
2.1804315366E+0	7.9246075758E+0	5.9180034877E-3
2.1863444297E+0	7.8665238187E+0	5.9077662288E-3
2.1922470361E+0	7.8087285940E+0	5.8974302433E-3
2.1981392573E+0	7.7512198364E+0	5.8869957037E-3
2.2040209947E+0	7.6939958990E+0	5.8764627846E-3
2.2098921501E+0	7.6370555220E+0	5.8658316618E-3
2.2157526254E+0	7.5803977035E+0	5.8551025132E-3
2.2216023226E+0	7.5240215109E+0	5.8442755178E-3
2.2274411439E+0	7.4679258862E+0	5.8333508568E-3
2.2332689918E+0	7.4121094968E+0	5.8223287127E-3
2.2390857689E+0	7.3565706680E+0	5.8112092696E-3
2.2448913779E+0	7.3013074135E+0	5.7999927133E-3
2.2506857220E+0	7.2463175483E+0	5.7886792314E-3
2.2564687042E+0	7.1915988529E+0	5.7772690129E-3
2.2622402278E+0	7.1371492419E+0	5.7657622485E-3
2.2680001965E+0	7.0829668929E+0	5.7541591304E-3
2.2737485140E+0	7.0290503072E+0	5.7424598526E-3
2.2794850843E+0	6.9753982875E+0	5.7306646105E-3
2.2852098113E+0	6.9220098471E+0	5.7187736014E-3
2.2909225996E+0	6.8688840756E+0	5.7067870238E-3
2.2966233536E+0	6.8160199992E+0	5.6947050782E-3
2.3023119780E+0	6.7634164709E+0	5.6825279663E-3
2.3079883779E+0	6.7110721163E+0	5.6702558918E-3
2.3136524582E+0	6.6589853427E+0	5.6578890597E-3
2.3193041245E+0	6.6071544072E+0	5.6454276767E-3
2.3249432821E+0	6.5555775180E+0	5.6328719509E-3
2.3305698370E+0	6.5042529449E+0	5.6202220924E-3
2.3361836950E+0	6.4531791077E+0	5.6074783123E-3
2.3417847624E+0	6.4023546244E+0	5.5946408237E-3
2.3473729455E+0	6.3517783106E+0	5.5817098412E-3
2.3529481510E+0	6.3014491345E+0	5.5686855808E-3
2.3585102856E+0	6.2513661433E+0	5.5555682601E-3
2.3640592565E+0	6.2015283817E+0	5.5423580985E-3
2.3695949710E+0	6.1519348235E+0	5.5290553166E-3
2.3751173364E+0	6.1025843319E+0	5.5156601367E-3
2.3806262605E+0	6.0534756546E+0	5.5021727828E-3
2.3861216513E+0	6.0046074520E+0	5.4885934801E-3
2.3916034169E+0	5.9559783465E+0	5.4749224557E-3
2.3970714657E+0	5.9075869790E+0	5.4611599379E-3
2.4025257064E+0	5.8594320580E+0	5.4473061568E-3
2.4079660477E+0	5.8115123881E+0	5.4333613439E-3
2.4133923988E+0	5.7638268750E+0	5.4193257323E-3
2.4188046690E+0	5.7163745070E+0	5.4051995564E-3
2.4242027678E+0	5.6691543222E+0	5.3909830523E-3
2.4295866050E+0	5.6221653695E+0	5.3766764577E-3
2.4349560907E+0	5.5754066771E+0	5.3622800116E-3
2.4403111352E+0	5.5288772336E+0	5.3477939546E-3
2.4456516489E+0	5.4825759872E+0	5.3332185287E-3
2.4509775425E+0	5.4365018606E+0	5.3185539776E-3
2.4562887272E+0	5.3906537756E+0	5.3038005463E-3
2.4615851141E+0	5.3450306807E+0	5.2889584814E-3
2.4668666147E+0	5.2996315717E+0	5.2740280309E-3
2.4721331408E+0	5.2544555018E+0	5.2590094442E-3
2.4773846043E+0	5.2095015773E+0	5.2439029725E-3
2.4826209175E+0	5.1647689411E+0	5.2287088681E-3
2.4878419929E+0	5.1202567492E+0	5.2134273849E-3
2.4930477432E+0	5.0759641469E+0	5.1980587783E-3
2.4982380815E+0	5.0318902509E+0	5.1826033052E-3
2.5034129210E+0	4.9880341426E+0	5.1670612238E-3
2.5085721752E+0	4.9443948752E+0	5.1514327939E-3
2.5137157579E+0	4.9009714917E+0	5.1357182766E-3
2.5188435831E+0	4.8577630502E+0	5.1199179345E-3
2.5239555652E+0	4.8147686501E+0	5.1040320318E-3
2.5290516187E+0	4.7719874528E+0	5.0880608338E-3
2.5341316585E+0	4.7294186911E+0	5.0720046074E-3
2.5391955997E+0	4.6870616654E+0	5.0558636210E-3
2.5442433576E+0	4.6449157270E+0	5.0396381444E-3
2.5492748479E+0	4.6029802521E+0	5.0233284486E-3
2.5542899865E+0	4.5612546114E+0	5.0069348063E-3
2.5592886896E+0	4.5197381431E+0	4.9904574913E-3
2.5642708737E+0	4.4784301348E+0	4.9738967791E-3
2.5692364555E+0	4.4373298172E+0	4.9572529464E-3
2.5741853520E+0	4.3964363732E+0	4.9405262713E-3
2.5791174805E+0	4.3557489587E+0	4.9237170334E-3
2.5840327586E+0	4.3152667319E+0	4.9068255135E-3
2.5889311042E+0	4.2749888848E+0	4.8898519940E-3
2.5938124354E+0	4.2349146714E+0	4.8727967585E-3
2.5986766706E+0	4.1950434260E+0	4.8556600920E-3
2.6035237285E+0	4.1553745680E+0	4.8384422809E-3
2.6083535282E+0	4.1159075941E+0	4.8211436130E-3
2.6131659889E+0	4.0766420569E+0	4.8037643772E-3
2.6179610302E+0	4.0375775355E+0	4.7863048641E-3
2.6227385719E+0	3.9987136040E+0	4.7687653653E-3
2.6274985343E+0	3.9600498022E+0	4.7511461741E-3
2.6322408378E+0	3.9215856149E+0	4.7334475849E-3
2.6369654032E+0	3.8833204633E+0	4.7156698934E-3
2.6416721513E+0	3.8452537095E+0	4.6978133967E-3
2.6463610038E+0	3.8073846731E+0	4.6798783932E-3
2.6510318821E+0	3.7697126565E+0	4.6618651826E-3
2.6556847082E+0	3.7322369757E+0	4.6437740661E-3
2.6603194043E+0	3.6949569887E+0	4.6256053458E-3
2.6649358931E+0	3.6578721191E+0	4.6073593254E-3
2.6695340973E+0	3.6209818703E+0	4.5890363098E-3
2.6741139402E+0	3.5842858270E+0	4.5706366053E-3
2.6786753451E+0	3.5477836464E+0	4.5521605193E-3
2.6832182358E+0	3.5114750384E+0	4.5336083606E-3
2.6877425365E+0	3.4753597403E+0	4.5149804392E-3
2.6922481716E+0	3.4394374892E+0	4.4962770664E-3
2.6967350656E+0	3.4037079963E+0	4.4774985548E-3
2.7012031437E+0	3.3681709281E+0	4.4586452181E-3
2.7056523312E+0	3.3328258964E+0	4.4397173715E-3
2.7100825537E+0	3.2976724580E+0	4.4207153312E-3
2.7144937373E+0	3.2627101245E+0	4.4016394148E-3
2.7188858081E+0	3.2279383806E+0	4.3824899412E-3
2.7232586927E+0	3.1933567059E+0	4.3632672302E-3
2.7276123182E+0	3.1589645991E+0	4.3439716031E-3
2.7319466117E+0	3.1247616000E+0	4.3246033825E-3
2.7362615009E+0	3.0907473053E+0	4.3051628919E-3
2.7405569135E+0	3.0569213780E+0	4.2856504563E-3
2.7448327779E+0	3.0232835478E+0	4.2660664016E-3
2.7490890226E+0	2.9898336033E+0	4.2464110553E-3
2.7533255764E+0	2.9565713783E+0	4.2266847457E-3
2.7575423685E+0	2.9234967329E+0	4.2068878026E-3
2.7617393285E+0	2.8906095333E+0	4.1870205567E-3
2.7659163863E+0	2.8579096331E+0	4.1670833400E-3
2.7700734720E+0	2.8253968578E+0	4.1470764858E-3
2.7742105162E+0	2.7930709949E+0	4.1270003283E-3
2.7783274497E+0	2.7609317908E+0	4.1068552032E-3
2.7824242037E+0	2.7289789541E+0	4.0866414469E-3
2.7865007098E+0	2.6972121645E+0	4.0663593974E-3
2.7905568999E+0	2.6656310862E+0	4.0460093936E-3
2.7945927061E+0	2.6342353838E+0	4.0255917754E-3
2.7986080610E+0	2.6030247380E+0	4.0051068843E-3
2.8026028975E+0	2.5719988596E+0	3.9845550624E-3
2.8065771489E+0	2.5411575008E+0	3.9639366533E-3
2.8105307487E+0	2.5105004607E+0	3.9432520014E-3
2.8144636309E+0	2.4800275868E+0	3.9225014525E-3
2.8183757298E+0	2.4497387715E+0	3.9016853533E-3
2.8222669799E+0	2.4196339437E+0	3.8808040517E-3
2.8261373163E+0	2.3897130584E+0	3.8598578967E-3
2.8299866742E+0	2.3599760844E+0	3.8388472382E-3
2.8338149894E+0	2.3304229913E+0	3.8177724274E-3
2.8376221978E+0	2.3010537393E+0	3.7966338166E-3
2.8414082359E+0	2.2718682700E+0	3.7754317588E-3
2.8451730403E+0	2.2428665013E+0	3.7541666086E-3
2.8489165482E+0	2.2140483259E+0	3.7328387211E-3
2.8526386969E+0	2.1854136131E+0	3.7114484529E-3
2.8563394244E+0	2.1569622137E+0	3.6899961614E-3
2.8600186687E+0	2.1286939675E+0	3.6684822051E-3
2.8636763684E+0	2.1006087118E+0	3.6469069436E-3
2.8673124623E+0	2.0727062909E+0	3.6252707373E-3
2.8709268897E+0	2.0449865644E+0	3.6035739479E-3
2.8745195901E+0	2.0174494142E+0	3.5818169379E-3
2.8780905036E+0	1.9900947500E+0	3.5600000709E-3
2.8816395704E+0	1.9629225114E+0	3.5381237115E-3
2.8851667313E+0	1.9359326685E+0	3.5161882254E-3
2.8886719273E+0	1.9091252196E+0	3.4941939790E-3
2.8921550998E+0	1.8825001869E+0	3.4721413399E-3
2.8956161906E+0	1.8560576113E+0	3.4500306767E-3
2.8990551419E+0	1.8297975455E+0	3.4278623588E-3
2.9024718962E+0	1.8037200479E+0	3.4056367567E-3
2.9058663965E+0	1.7778251762E+0	3.3833542419E-3
2.9092385859E+0	1.7521129825E+0	3.3610151867E-3
2.9125884081E+0	1.7265835092E+0	3.3386199643E-3
2.9159158072E+0	1.7012367869E+0	3.3161689492E-3
2.9192207275E+0	1.6760728335E+0	3.2936625164E-3
2.9225031139E+0	1.6510916557E+0	3.2711010421E-3
2.9257629114E+0	1.6262932502E+0	3.2484849032E-3
2.9290000656E+0	1.6016776081E+0	3.2258144779E-3
2.9322145224E+0	1.5772447178E+0	3.2030901448E-3
2.9354062280E+0	1.5529945696E+0	3.1803122838E-3
2.9385751292E+0	1.5289271600E+0	3.1574812755E-3
2.9417211730E+0	1.5050424951E+0	3.1345975014E-3
2.9448443068E+0	1.4813405935E+0	3.1116613440E-3
2.9479444784E+0	1.4578214887E+0	3.0886731866E-3
2.9510216360E+0	1.4344852302E+0	3.0656334132E-3
2.9540757281E+0	1.4113318836E+0	3.0425424091E-3
2.9571067038E+0	1.3883615299E+0	3.0194005599E-3
2.9601145124E+0	1.3655742644E+0	2.9962082525E-3
2.9630991036E+0	1.3429701939E+0	2.9729658744E-3
2.9660604276E+0	1.3205494350E+0	2.9496738141E-3
2.9689984348E+0	1.2983121108E+0	2.9263324607E-3
2.9719130762E+0	1.2762583486E+0	2.9029422044E-3
2.9748043031E+0	1.2543882770E+0	2.8795034361E-3
2.9776720671E+0	1.2327020243E+0	2.8560165473E-3
2.9805163203E+0	1.2111997160E+0	2.8324819307E-3
2.9833370151E+0	1.1898814742E+0	2.8088999795E-3
2.9861341046E+0	1.1687474168E+0	2.7852710878E-3
2.9889075418E+0	1.1477976568E+0	2.7615956505E-3
2.9916572805E+0	1.1270323035E+0	2.7378740632E-3
2.9943832747E+0	1.1064514624E+0	2.7141067224E-3
2.9970854788E+0	1.0860552365E+0	2.6902940251E-3
2.9997638477E+0	1.0658437277E+0	2.6664363695E-3
3.0024183367E+0	1.0458170381E+0	2.6425341541E-3
3.0050489013E+0	1.0259752710E+0	2.6185877784E-3
3.0076554977E+0	1.0063185326E+0	2.5945976426E-3
3.0102380822E+0	9.8684693311E-1	2.5705641475E-3
3.0127966116E+0	9.6756058746E-1	2.5464876949E-3
3.0153310434E+0	9.4845961620E-1	2.5223686871E-3
3.0178413350E+0	9.2954414588E-1	2.4982075270E-3
3.0203274445E+0	9.1081430927E-1	2.4740046186E-3
3.0227893304E+0	8.9227024529E-1	2.4497603662E-3
3.0252269516E+0	8.7391209873E-1	2.4254751751E-3
3.0276402673E+0	8.5574001979E-1	2.4011494510E-3
3.0300292371E+0	8.3775416349E-1	2.3767836004E-3
3.0323938212E+0	8.1995468891E-1	2.3523780306E-3
3.0347339801E+0	8.0234175847E-1	2.3279331494E-3
3.0370496746E+0	7.8491553707E-1	2.3034493653E-3
3.0393408660E+0	7.6767619138E-1	2.2789270875E-3
3.0416075160E+0	7.5062388906E-1	2.2543667257E-3
3.0438495869E+0	7.3375879812E-1	2.2297686905E-3
3.0460670410E+0	7.1708108637E-1	2.2051333928E-3
3.0482598414E+0	7.0059092095E-1	2.1804612443E-3
3.0504279513E+0	6.8428846798E-1	2.1557526574E-3
3.0525713347E+0	6.6817389230E-1	2.1310080450E-3
3.0546899556E+0	6.5224735738E-1	2.1062278206E-3
3.0567837786E+0	6.3650902522E-1	2.0814123983E-3
3.0588527688E+0	6.2095905640E-1	2.0565621928E-3
3.0608968915E+0	6.0559761017E-1	2.0316776194E-3
3.0629161127E+0	5.9042484463E-1	2.0067590939E-3
3.0649103985E+0	5.7544091686E-1	1.9818070327E-3
3.0668797157E+0	5.6064598315E-1	1.9568218529E-3
3.0688240313E+0	5.4604019921E-1	1.9318039720E-3
3.0707433129E+0	5.3162372034E-1	1.9067538080E-3
3.0726375283E+0	5.1739670166E-1	1.8816717796E-3
3.0745066460E+0	5.0335929823E-1	1.8565583060E-3
3.0763506346E+0	4.8951166519E-1	1.8314138067E-3
3.0781694634E+0	4.7585395788E-1	1.8062387021E-3
3.0799631019E+0	4.6238633186E-1	1.7810334128E-3
3.0817315203E+0	4.4910894297E-1	1.7557983600E-3
3.0834746889E+0	4.3602194730E-1	1.7305339655E-3
3.0851925786E+0	4.2312550118E-1	1.7052406515E-3
3.0868851607E+0	4.1041976106E-1	1.6799188405E-3
3.0885524069E+0	3.9790488344E-1	1.6545689559E-3
3.0901942894E+0	3.8558102478E-1	1.6291914212E-3
3.0918107807E+0	3.7344834134E-1	1.6037866605E-3
3.0934018538E+0	3.6150698902E-1	1.5783550984E-3
3.0949674821E+0	3.4975712324E-1	1.5528971598E-3
3.0965076394E+0	3.3819889878E-1	1.5274132703E-3
3.0980223001E+0	3.2683246962E-1	1.5019038556E-3
3.0995114388E+0	3.1565798877E-1	1.4763693421E-3
3.1009750306E+0	3.0467560814E-1	1.4508101565E-3
3.1024130510E+0	2.9388547840E-1	1.4252267258E-3
3.1038254761E+0	2.8328774884E-1	1.3996194778E-3
3.1052122822E+0	2.7288256723E-1	1.3739888402E-3
3.1065734461E+0	2.6267007975E-1	1.3483352414E-3
3.1079089451E+0	2.5265043083E-1	1.3226591101E-3
3.1092187570E+0	2.4282376309E-1	1.2969608754E-3
3.1105028597E+0	2.3319021727E-1	1.2712409668E-3
3.1117612318E+0	2.2374993210E-1	1.2454998140E-3
3.1129938524E+0	2.1450304429E-1	1.2197378472E-3
3.1142007007E+0	2.0544968842E-1	1.1939554970E-3
3.1153817567E+0	1.9658999693E-1	1.1681531941E-3
3.1165370006E+0	1.8792410006E-1	1.1423313699E-3
3.1176664131E+0	1.7945212578E-1	1.1164904558E-3
3.1187699753E+0	1.7117419978E-1	1.0906308836E-3
3.1198476688E+0	1.6309044543E-1	1.0647530855E-3
3.1208994755E+0	1.5520098374E-1	1.0388574939E-3
3.1219253780E+0	1.4750593334E-1	1.0129445417E-3
3.1229253590E+0	1.4000541043E-1	9.8701466182E-4
3.1238994018E+0	1.3269952876E-1	9.6106828758E-4
3.1248474902E+0	1.2558839962E-1	9.3510585261E-4
3.1257696083E+0	1.1867213178E-1	9.0912779076E-4
3.1266657407E+0	1.1195083148E-1	8.8313453619E-4
3.1275358724E+0	1.0542460241E-1	8.5712652325E-4
3.1283799890E+0	9.9093545631E-2	8.3110418659E-4
3.1291980762E+0	9.2957759626E-2	8.0506796108E-4
3.1299901204E+0	8.7017340199E-2	7.7901828182E-4
3.1307561084E+0	8.1272380480E-2	7.5295558414E-4
3.1314960274E+0	7.5722970881E-2	7.2688030358E-4
3.1322098650E+0	7.0369199074E-2	7.0079287589E-4
3.1328976092E+0	6.5211149953E-2	6.7469373705E-4
3.1335592487E+0	6.0248905605E-2	6.4858332323E-4
3.1341947723E+0	5.5482545281E-2	6.2246207073E-4
3.1348041694E+0	5.0912145363E-2	5.9633041614E-4
3.1353874298E+0	4.6537779336E-2	5.7018879612E-4
3.1359445438E+0	4.2359517756E-2	5.4403764760E-4
3.1364755020E+0	3.8377428223E-2	5.1787740760E-4
3.1369802957E+0	3.4591575354E-2	4.9170851331E-4
3.1374589163E+0	3.1002020753E-2	4.6553140213E-4
3.1379113559E+0	2.7608822983E-2	4.3934651156E-4
3.1383376069E+0	2.4412037548E-2	4.1315427928E-4
3.1387376622E+0	2.1411716861E-2	3.8695514312E-4
3.1391115150E+0	1.8607910224E-2	3.6074954110E-4
3.1394591592E+0	1.6000663806E-2	3.3453791144E-4
3.1397805890E+0	1.3590020620E-2	3.0832069259E-4
3.1400757989E+0	1.1376020506E-2	2.8209832342E-4
3.1403447841E+0	9.3587001051E-3	2.5587124334E-4
3.1405875400E+0	7.5380928435E-3	2.2963989267E-4
3.1408040626E+0	5.9142289045E-3	2.0340471372E-4
3.1409943483E+0	4.4871351958E-3	1.7716615272E-4
3.1411583939E+0	3.2568352914E-3	1.5092466531E-4
3.1412961968E+0	2.2233493008E-3	1.2468073282E-4
3.1414077547E+0	1.3866935011E-3	9.8434919423E-5
3.1414930663E+0	7.4687897680E-4	7.2188137769E-5
3.1415521316E+0	3.0390435971E-4	4.5943520243E-5
3.1415849628E+0	5.7678658974E-5	1.9736940383E-5