# Differential cross section		
# Author: P. Swaczyna	Princeton University	(swaczyna@princeton.edu)
# Date: 	Wed 17 Feb 2021 06:51:07	
# 		
# Indistinguishable particle collision: He^0 + He^+ -> He^0 + He^+		
# 		
# Red. mass: 	1.8640723202E+9	 eV/c^2
# CM energy: 	6.3095734448E-3	 eV
# Rel speed: 	7.8001745615E+4	 cm/s
# Tot sigma: 	1.6148137826E+3	 a.u.
# Int sigma: 	1.6148137825E+3	 a.u.
# 		
# Columns:		
# the <- scattering angle (rad)		
# dcs <- dsigma/dOmega*2*pi*sin(the) (a.u. = 2.8002852056E-17 cm^2)		
# wei <- weight for cross section integration (approx. width of angle bin)		
# 		
# the	dcs	wei
7.6907532846E-6	5.7617259221E+0	1.9736940383E-5
4.0521979771E-5	3.0357866713E+1	4.5943520243E-5
9.9587300392E-5	7.4605051718E+1	7.2188137769E-5
1.8489884726E-4	1.3850027568E+2	9.8434919423E-5
2.9645680168E-4	2.2200976664E+2	1.2468073282E-4
4.3425968311E-4	3.2505895117E+2	1.5092466531E-4
5.9830531657E-4	4.4751048347E+2	1.7716615272E-4
7.8859101285E-4	5.8913752980E+2	2.0340471372E-4
1.0051136166E-3	7.4959421418E+2	2.2963989267E-4
1.2478695220E-3	9.2838554035E+2	2.5587124334E-4
1.5168546797E-3	1.1248400211E+3	2.8209832342E-4
1.8120645986E-3	1.3380892259E+3	3.0832069259E-4
2.1334943481E-3	1.5670592303E+3	3.3453791144E-4
2.4811385584E-3	1.8104791786E+3	3.6074954110E-4
2.8549914211E-3	2.0669114518E+3	3.8695514312E-4
3.2550466893E-3	2.3348058788E+3	4.1315427928E-4
3.6812976783E-3	2.6125768099E+3	4.3934651156E-4
4.1337372652E-3	2.8986967789E+3	4.6553140213E-4
4.6123578895E-3	3.1917945219E+3	4.9170851331E-4
5.1171515529E-3	3.4907394976E+3	5.1787740760E-4
5.6481098199E-3	3.7946915236E+3	5.4403764760E-4
6.2052238176E-3	4.1030946989E+3	5.7018879612E-4
6.7884842360E-3	4.4156012070E+3	5.9633041614E-4
7.3978813281E-3	4.7319237252E+3	6.2246207073E-4
8.0334049101E-3	5.0516342486E+3	6.4858332323E-4
8.6950443616E-3	5.3739490887E+3	6.7469373705E-4
9.3827886258E-3	5.6975588109E+3	7.0079287589E-4
1.0096626210E-2	6.0205695801E+3	7.2688030358E-4
1.0836545184E-2	6.3406096129E+3	7.5295558414E-4
1.1602533184E-2	6.6551151398E+3	7.7901828182E-4
1.2394577408E-2	6.9617475175E+3	8.0506796108E-4
1.3212664621E-2	7.2588241104E+3	8.3110418659E-4
1.4056781152E-2	7.5456009106E+3	8.5712652325E-4
1.4926912893E-2	7.8222578349E+3	8.8313453619E-4
1.5823045305E-2	8.0895253350E+3	9.0912779076E-4
1.6745163410E-2	8.3480370512E+3	9.3510585261E-4
1.7693251801E-2	8.5976442881E+3	9.6106828758E-4
1.8667294632E-2	8.8370085476E+3	9.8701466182E-4
1.9667275626E-2	9.0637310007E+3	1.0129445417E-3
2.0693178073E-2	9.2750623998E+3	1.0388574939E-3
2.1744984827E-2	9.4689271212E+3	1.0647530855E-3
2.2822678313E-2	9.6447461843E+3	1.0906308836E-3
2.3926240519E-2	9.8035430676E+3	1.1164904558E-3
2.5055653005E-2	9.9471504905E+3	1.1423313699E-3
2.6210896896E-2	1.0076878260E+4	1.1681531941E-3
2.7391952886E-2	1.0192428926E+4	1.1939554970E-3
2.8598801239E-2	1.0291825867E+4	1.2197378472E-3
2.9831421786E-2	1.0372544304E+4	1.2454998140E-3
3.1089793929E-2	1.0433186672E+4	1.2712409668E-3
3.2373896638E-2	1.0474509506E+4	1.2969608754E-3
3.3683708455E-2	1.0498922276E+4	1.3226591101E-3
3.5019207490E-2	1.0508693570E+4	1.3483352414E-3
3.6380371427E-2	1.0504221362E+4	1.3739888402E-3
3.7767177517E-2	1.0483850418E+4	1.3996194778E-3
3.9179602586E-2	1.0445537486E+4	1.4252267258E-3
4.0617623030E-2	1.0389005818E+4	1.4508101565E-3
4.2081214817E-2	1.0316396600E+4	1.4763693421E-3
4.3570353490E-2	1.0230670617E+4	1.5019038556E-3
4.5085014162E-2	1.0133204878E+4	1.5274132703E-3
4.6625171522E-2	1.0022994178E+4	1.5528971598E-3
4.8190799831E-2	9.8983787478E+3	1.5783550984E-3
4.9781872927E-2	9.7595493504E+3	1.6037866605E-3
5.1398364219E-2	9.6090697760E+3	1.6291914212E-3
5.3040246694E-2	9.4497422165E+3	1.6545689559E-3
5.4707492914E-2	9.2822363892E+3	1.6799188405E-3
5.6400075017E-2	9.1053123527E+3	1.7052406515E-3
5.8117964718E-2	8.9183983353E+3	1.7305339655E-3
5.9861133308E-2	8.7232981649E+3	1.7557983600E-3
6.1629551657E-2	8.5228166099E+3	1.7810334128E-3
6.3423190212E-2	8.3181263524E+3	1.8062387021E-3
6.5242019000E-2	8.1084306703E+3	1.8314138067E-3
6.7086007624E-2	7.8933299286E+3	1.8565583060E-3
6.8955125270E-2	7.6744883782E+3	1.8816717796E-3
7.0849340702E-2	7.4542285210E+3	1.9067538080E-3
7.2768622264E-2	7.2332470297E+3	1.9318039720E-3
7.4712937885E-2	7.0108967822E+3	1.9568218529E-3
7.6682255070E-2	6.7874294013E+3	1.9818070327E-3
7.8676540910E-2	6.5645776822E+3	2.0067590939E-3
8.0695762079E-2	6.3437047454E+3	2.0316776194E-3
8.2739884832E-2	6.1247295179E+3	2.0565621928E-3
8.4808875009E-2	5.9074739302E+3	2.0814123983E-3
8.6902698034E-2	5.6928783221E+3	2.1062278206E-3
8.9021318917E-2	5.4820641951E+3	2.1310080450E-3
9.1164702253E-2	5.2752190687E+3	2.1557526574E-3
9.3332812224E-2	5.0722638700E+3	2.1804612443E-3
9.5525612596E-2	4.8737154670E+3	2.2051333928E-3
9.7743066726E-2	4.6801404523E+3	2.2297686905E-3
9.9985137556E-2	4.4916336554E+3	2.2543667257E-3
1.0225178762E-1	4.3083372331E+3	2.2789270875E-3
1.0454297904E-1	4.1305584379E+3	2.3034493653E-3
1.0685867352E-1	3.9582606570E+3	2.3279331494E-3
1.0919883237E-1	3.7914069888E+3	2.3523780306E-3
1.1156341648E-1	3.6303932982E+3	2.3767836004E-3
1.1395238633E-1	3.4752198593E+3	2.4011494510E-3
1.1636570200E-1	3.3253115267E+3	2.4254751751E-3
1.1880332317E-1	3.1808035732E+3	2.4497603662E-3
1.2126520909E-1	3.0422251691E+3	2.4740046186E-3
1.2375131862E-1	2.9089463643E+3	2.4982075270E-3
1.2626161023E-1	2.7802679156E+3	2.5223686871E-3
1.2879604195E-1	2.6568719910E+3	2.5464876949E-3
1.3135457143E-1	2.5388305030E+3	2.5705641475E-3
1.3393715592E-1	2.4248653752E+3	2.5945976426E-3
1.3654375226E-1	2.3150616527E+3	2.6185877784E-3
1.3917431689E-1	2.2102644811E+3	2.6425341541E-3
1.4182880585E-1	2.1093585514E+3	2.6664363695E-3
1.4450717478E-1	2.0115637479E+3	2.6902940251E-3
1.4720937892E-1	1.9180236054E+3	2.7141067224E-3
1.4993537310E-1	1.8282761763E+3	2.7378740632E-3
1.5268511179E-1	1.7409331894E+3	2.7615956505E-3
1.5545854902E-1	1.6569867710E+3	2.7852710878E-3
1.5825563845E-1	1.5766729930E+3	2.8088999795E-3
1.6107633333E-1	1.4983855590E+3	2.8324819307E-3
1.6392058653E-1	1.4228066497E+3	2.8560165473E-3
1.6678835052E-1	1.3506674485E+3	2.8795034361E-3
1.6967957737E-1	1.2803981414E+3	2.9029422044E-3
1.7259421876E-1	1.2124505479E+3	2.9263324607E-3
1.7553222599E-1	1.1478055061E+3	2.9496738141E-3
1.7849354996E-1	1.0850119825E+3	2.9729658744E-3
1.8147814117E-1	1.0244708659E+3	2.9962082525E-3
1.8448594977E-1	9.6719809742E+2	3.0194005599E-3
1.8751692548E-1	9.1185303112E+2	3.0425424091E-3
1.9057101764E-1	8.5896325981E+2	3.0656334132E-3
1.9364817522E-1	8.0938299517E+2	3.0886731866E-3
1.9674834681E-1	7.6188441869E+2	3.1116613440E-3
1.9987148058E-1	7.1722937440E+2	3.1345975014E-3
2.0301752435E-1	6.7591556145E+2	3.1574812755E-3
2.0618642554E-1	6.3691539127E+2	3.1803122838E-3
2.0937813120E-1	6.0119407052E+2	3.2030901448E-3
2.1259258799E-1	5.6874704396E+2	3.2258144779E-3
2.1582974219E-1	5.3892044211E+2	3.2484849032E-3
2.1908953970E-1	5.1266092669E+2	3.2711010421E-3
2.2237192605E-1	4.8948627597E+2	3.2936625164E-3
2.2567684639E-1	4.6925048610E+2	3.3161689492E-3
2.2900424548E-1	4.5252975864E+2	3.3386199643E-3
2.3235406772E-1	4.3865008229E+2	3.3610151867E-3
2.3572625713E-1	4.2785228652E+2	3.3833542419E-3
2.3912075735E-1	4.2012351913E+2	3.4056367567E-3
2.4253751167E-1	4.1499334169E+2	3.4278623588E-3
2.4597646298E-1	4.1266270875E+2	3.4500306767E-3
2.4943755380E-1	4.1273353271E+2	3.4721413399E-3
2.5292072631E-1	4.1502316703E+2	3.4941939790E-3
2.5642592230E-1	4.1935907728E+2	3.5161882254E-3
2.5995308318E-1	4.2540108133E+2	3.5381237115E-3
2.6350215001E-1	4.3288847496E+2	3.5600000709E-3
2.6707306349E-1	4.4150687020E+2	3.5818169379E-3
2.7066576394E-1	4.5097813366E+2	3.6035739479E-3
2.7428019131E-1	4.6082866525E+2	3.6252707373E-3
2.7791628522E-1	4.7094208290E+2	3.6469069436E-3
2.8157398488E-1	4.8071917850E+2	3.6684822051E-3
2.8525322919E-1	4.8999712236E+2	3.6899961614E-3
2.8895395665E-1	4.9842577851E+2	3.7114484529E-3
2.9267610542E-1	5.0548565022E+2	3.7328387211E-3
2.9641961330E-1	5.1126352053E+2	3.7541666086E-3
3.0018441773E-1	5.1497943997E+2	3.7754317588E-3
3.0397045579E-1	5.1687722700E+2	3.7966338166E-3
3.0777766421E-1	5.1637661100E+2	3.8177724274E-3
3.1160597938E-1	5.1344607560E+2	3.8388472382E-3
3.1545533730E-1	5.0806898279E+2	3.8598578967E-3
3.1932567367E-1	4.9979340737E+2	3.8808040517E-3
3.2321692379E-1	4.8913304850E+2	3.9016853533E-3
3.2712902264E-1	4.7545400207E+2	3.9225014525E-3
3.3106190484E-1	4.5946431074E+2	3.9432520014E-3
3.3501550468E-1	4.4073597143E+2	3.9639366533E-3
3.3898975607E-1	4.1982249133E+2	3.9845550624E-3
3.4298459261E-1	3.9676330650E+2	4.0051068843E-3
3.4699994753E-1	3.7180065612E+2	4.0255917754E-3
3.5103575373E-1	3.4546465781E+2	4.0460093936E-3
3.5509194378E-1	3.1773941436E+2	4.0663593974E-3
3.5916844988E-1	2.8948764938E+2	4.0866414469E-3
3.6326520391E-1	2.6059496649E+2	4.1068552032E-3
3.6738213741E-1	2.3204011571E+2	4.1270003283E-3
3.7151918157E-1	2.0376070909E+2	4.1470764858E-3
3.7567626728E-1	1.7667313626E+2	4.1670833400E-3
3.7985332504E-1	1.5084389554E+2	4.1870205567E-3
3.8405028507E-1	1.2702473549E+2	4.2068878026E-3
3.8826707721E-1	1.0540687958E+2	4.2266847457E-3
3.9250363101E-1	8.6543239805E+1	4.2464110553E-3
3.9675987567E-1	7.0690455469E+1	4.2660664016E-3
4.0103574005E-1	5.8209554989E+1	4.2856504563E-3
4.0533115271E-1	4.9341678527E+1	4.3051628919E-3
4.0964604185E-1	4.4278697759E+1	4.3246033825E-3
4.1398033538E-1	4.3170060811E+1	4.3439716031E-3
4.1833396086E-1	4.6061668576E+1	4.3632672302E-3
4.2270684554E-1	5.2954946810E+1	4.3824899412E-3
4.2709891633E-1	6.3767986631E+1	4.4016394148E-3
4.3151009985E-1	7.8323821914E+1	4.4207153312E-3
4.3594032237E-1	9.6426326867E+1	4.4397173715E-3
4.4038950986E-1	1.1771659724E+2	4.4586452181E-3
4.4485758797E-1	1.4189570242E+2	4.4774985548E-3
4.4934448203E-1	1.6844472316E+2	4.4962770664E-3
4.5385011706E-1	1.9697289622E+2	4.5149804392E-3
4.5837441776E-1	2.2684657451E+2	4.5336083606E-3
4.6291730852E-1	2.5759393108E+2	4.5521605193E-3
4.6747871344E-1	2.8853238127E+2	4.5706366053E-3
4.7205855627E-1	3.1911895223E+2	4.5890363098E-3
4.7665676049E-1	3.4870369800E+2	4.6073593254E-3
4.8127324926E-1	3.7668171098E+2	4.6256053458E-3
4.8590794542E-1	4.0252479336E+2	4.6437740661E-3
4.9056077152E-1	4.2557763588E+2	4.6618651826E-3
4.9523164982E-1	4.4551720760E+2	4.6798783932E-3
4.9992050224E-1	4.6165899712E+2	4.6978133967E-3
5.0462725044E-1	4.7394479251E+2	4.7156698934E-3
5.0935181576E-1	4.8170260900E+2	4.7334475849E-3
5.1409411924E-1	4.8515531644E+2	4.7511461741E-3
5.1885408164E-1	4.8371550468E+2	4.7687653653E-3
5.2363162341E-1	4.7784635766E+2	4.7863048641E-3
5.2842666471E-1	4.6714754849E+2	4.8037643772E-3
5.3323912540E-1	4.5222757568E+2	4.8211436130E-3
5.3806892508E-1	4.3298717673E+2	4.8384422809E-3
5.4291598301E-1	4.1005826919E+2	4.8556600920E-3
5.4778021821E-1	3.8372685513E+2	4.8727967585E-3
5.5266154939E-1	3.5454834612E+2	4.8898519940E-3
5.5755989496E-1	3.2319689529E+2	4.9068255135E-3
5.6247517308E-1	2.9012278780E+2	4.9237170334E-3
5.6740730160E-1	2.5627769324E+2	4.9405262713E-3
5.7235619810E-1	2.2206453840E+2	4.9572529464E-3
5.7732177988E-1	1.8850939286E+2	4.9738967791E-3
5.8230396395E-1	1.5606695940E+2	4.9904574913E-3
5.8730266706E-1	1.2562492292E+2	5.0069348063E-3
5.9231780568E-1	9.7739984247E+1	5.0233284486E-3
5.9734929598E-1	7.3040703654E+1	5.0396381444E-3
6.0239705389E-1	5.2117746745E+1	5.0558636210E-3
6.0746099506E-1	3.5351929139E+1	5.0720046074E-3
6.1254103485E-1	2.3207847161E+1	5.0880608338E-3
6.1763708838E-1	1.5891813388E+1	5.1040320318E-3
6.2274907048E-1	1.3611929522E+1	5.1199179345E-3
6.2787689573E-1	1.6412789767E+1	5.1357182766E-3
6.3302047843E-1	2.4248346312E+1	5.1514327939E-3
6.3817973262E-1	3.6921693306E+1	5.1670612238E-3
6.4335457209E-1	5.4221942717E+1	5.1826033052E-3
6.4854491036E-1	7.5664002217E+1	5.1980587783E-3
6.5375066070E-1	1.0088691196E+2	5.2134273849E-3
6.5897173609E-1	1.2924126706E+2	5.2287088681E-3
6.6420804930E-1	1.6010494344E+2	5.2439029725E-3
6.6945951283E-1	1.9287570213E+2	5.2590094442E-3
6.7472603890E-1	2.2663328504E+2	5.2740280309E-3
6.8000753951E-1	2.6085335961E+2	5.2889584814E-3
6.8530392640E-1	2.9456619681E+2	5.3038005463E-3
6.9061511106E-1	3.2711099105E+2	5.3185539776E-3
6.9594100473E-1	3.5783015966E+2	5.3332185287E-3
7.0128151841E-1	3.8582635358E+2	5.3477939546E-3
7.0663656285E-1	4.1077957922E+2	5.3622800116E-3
7.1200604856E-1	4.3189093813E+2	5.3766764577E-3
7.1738988581E-1	4.4882314905E+2	5.3909830523E-3
7.2278798463E-1	4.6131355716E+2	5.4051995564E-3
7.2820025482E-1	4.6886352328E+2	5.4193257323E-3
7.3362660591E-1	4.7165701075E+2	5.4333613439E-3
7.3906694724E-1	4.6944948375E+2	5.4473061568E-3
7.4452118788E-1	4.6238078674E+2	5.4611599379E-3
7.4998923669E-1	4.5082725562E+2	5.4749224557E-3
7.5547100229E-1	4.3481894827E+2	5.4885934801E-3
7.6096639308E-1	4.1502755477E+2	5.5021727828E-3
7.6647531721E-1	3.9184342071E+2	5.5156601367E-3
7.7199768263E-1	3.6573961965E+2	5.5290553166E-3
7.7753339704E-1	3.3756963074E+2	5.5423580985E-3
7.8308236795E-1	3.0776332591E+2	5.5555682601E-3
7.8864450262E-1	2.7711560584E+2	5.5686855808E-3
7.9421970809E-1	2.4637783437E+2	5.5817098412E-3
7.9980789121E-1	2.1605104610E+2	5.5946408237E-3
8.0540895857E-1	1.8696045780E+2	5.6074783123E-3
8.1102281659E-1	1.5963396289E+2	5.6202220924E-3
8.1664937145E-1	1.3456223278E+2	5.6328719509E-3
8.2228852912E-1	1.1234190202E+2	5.6454276767E-3
8.2794019536E-1	9.3253058233E+1	5.6578890597E-3
8.3360427572E-1	7.7624309677E+1	5.6702558918E-3
8.3928067556E-1	6.5700712769E+1	5.6825279663E-3
8.4496930000E-1	5.7516656330E+1	5.6947050782E-3
8.5067005399E-1	5.3119496076E+1	5.7067870238E-3
8.5638284226E-1	5.2411329946E+1	5.7187736014E-3
8.6210756934E-1	5.5195670909E+1	5.7306646105E-3
8.6784413956E-1	6.1215878850E+1	5.7424598526E-3
8.7359245705E-1	7.0123857487E+1	5.7541591304E-3
8.7935242576E-1	8.1537099157E+1	5.7657622485E-3
8.8512394943E-1	9.4969830702E+1	5.7772690129E-3
8.9090693161E-1	1.0995475436E+2	5.7886792314E-3
8.9670127565E-1	1.2600707096E+2	5.7999927133E-3
9.0250688473E-1	1.4254529131E+2	5.8112092696E-3
9.0832366182E-1	1.5911800589E+2	5.8223287127E-3
9.1415150972E-1	1.7524633064E+2	5.8333508568E-3
9.1999033104E-1	1.9039515361E+2	5.8442755178E-3
9.2584002820E-1	2.0424193027E+2	5.8551025132E-3
9.3170050345E-1	2.1641671003E+2	5.8658316618E-3
9.3757165885E-1	2.2654009244E+2	5.8764627846E-3
9.4345339628E-1	2.3448904687E+2	5.8869957037E-3
9.4934561746E-1	2.4007109708E+2	5.8974302433E-3
9.5524822392E-1	2.4311499792E+2	5.9077662288E-3
9.6116111701E-1	2.4371414515E+2	5.9180034877E-3
9.6708419793E-1	2.4187094524E+2	5.9281418487E-3
9.7301736769E-1	2.3761319477E+2	5.9381811425E-3
9.7896052713E-1	2.3121490311E+2	5.9481212013E-3
9.8491357695E-1	2.2284037781E+2	5.9579618591E-3
9.9087641766E-1	2.1265831330E+2	5.9677029512E-3
9.9684894961E-1	2.0104872410E+2	5.9773443150E-3
1.0028310730E+0	1.8827023016E+2	5.9868857894E-3
1.0088226878E+0	1.7454925042E+2	5.9963272149E-3
1.0148236940E+0	1.6028140084E+2	6.0056684336E-3
1.0208339913E+0	1.4574119420E+2	6.0149092896E-3
1.0268534791E+0	1.3113201918E+2	6.0240496283E-3
1.0328820570E+0	1.1678406119E+2	6.0330892971E-3
1.0389196241E+0	1.0292166039E+2	6.0420281448E-3
1.0449660796E+0	8.9669375575E+1	6.0508660221E-3
1.0510213224E+0	7.7240225159E+1	6.0596027814E-3
1.0570852514E+0	6.5770175237E+1	6.0682382765E-3
1.0631577652E+0	5.5285461851E+1	6.0767723631E-3
1.0692387623E+0	4.5868778088E+1	6.0852048988E-3
1.0753281411E+0	3.7561754059E+1	6.0935357425E-3
1.0814257998E+0	3.0307082182E+1	6.1017647550E-3
1.0875316366E+0	2.4079409908E+1	6.1098917988E-3
1.0936455494E+0	1.8846323930E+1	6.1179167381E-3
1.0997674360E+0	1.4503184963E+1	6.1258394388E-3
1.1058971941E+0	1.0960949192E+1	6.1336597685E-3
1.1120347214E+0	8.1473494885E+0	6.1413775965E-3
1.1181799151E+0	5.9507112143E+0	6.1489927938E-3
1.1243326727E+0	4.2665228942E+0	6.1565052331E-3
1.1304928913E+0	3.0171599959E+0	6.1639147890E-3
1.1366604679E+0	2.1137631321E+0	6.1712213376E-3
1.1428352996E+0	1.4722388700E+0	6.1784247568E-3
1.1490172830E+0	1.0339077718E+0	6.1855249261E-3
1.1552063150E+0	7.4549605795E-1	6.1925217271E-3
1.1614022920E+0	5.5859680335E-1	6.1994150427E-3
1.1676051105E+0	4.4271699079E-1	6.2062047577E-3
1.1738146669E+0	3.7775165855E-1	6.2128907587E-3
1.1800308574E+0	3.4773763488E-1	6.2194729339E-3
1.1862535782E+0	3.4609231893E-1	6.2259511734E-3
1.1924827251E+0	3.7524603404E-1	6.2323253688E-3
1.1987181942E+0	4.3978603464E-1	6.2385954138E-3
1.2049598812E+0	5.4625856324E-1	6.2447612034E-3
1.2112076818E+0	7.0815885276E-1	6.2508226346E-3
1.2174614916E+0	9.4092204779E-1	6.2567796062E-3
1.2237212062E+0	1.2562379599E+0	6.2626320186E-3
1.2299867208E+0	1.6713732234E+0	6.2683797740E-3
1.2362579308E+0	2.2100995676E+0	6.2740227763E-3
1.2425347314E+0	2.8902595911E+0	6.2795609313E-3
1.2488170177E+0	3.7320436736E+0	6.2849941464E-3
1.2551046847E+0	4.7694901146E+0	6.2903223308E-3
1.2613976273E+0	6.0346649744E+0	6.2955453954E-3
1.2676957404E+0	7.5555557172E+0	6.3006632530E-3
1.2739989187E+0	9.3766177578E+0	6.3056758180E-3
1.2803070569E+0	1.1549333282E+1	6.3105830068E-3
1.2866200496E+0	1.4114904719E+1	6.3153847371E-3
1.2929377912E+0	1.7122705219E+1	6.3200809290E-3
1.2992601762E+0	2.0635503113E+1	6.3246715037E-3
1.3055870990E+0	2.4704347988E+1	6.3291563847E-3
1.3119184537E+0	2.9372100873E+1	6.3335354970E-3
1.3182541347E+0	3.4690018484E+1	6.3378087674E-3
1.3245940360E+0	4.0699572076E+1	6.3419761245E-3
1.3309380516E+0	4.7419974912E+1	6.3460374987E-3
1.3372860756E+0	5.4863210560E+1	6.3499928220E-3
1.3436380019E+0	6.3029885559E+1	6.3538420284E-3
1.3499937243E+0	7.1893285449E+1	6.3575850535E-3
1.3563531366E+0	8.1405587316E+1	6.3612218349E-3
1.3627161325E+0	9.1500755943E+1	6.3647523117E-3
1.3690826057E+0	1.0208571102E+2	6.3681764249E-3
1.3754524499E+0	1.1304530147E+2	6.3714941173E-3
1.3818255585E+0	1.2424462028E+2	6.3747053335E-3
1.3882018250E+0	1.3552209609E+2	6.3778100198E-3
1.3945811430E+0	1.4670234536E+2	6.3808081243E-3
1.4009634057E+0	1.5760571891E+2	6.3836995970E-3
1.4073485066E+0	1.6803290427E+2	6.3864843894E-3
1.4137363389E+0	1.7777560900E+2	6.3891624551E-3
1.4201267959E+0	1.8664737312E+2	6.3917337493E-3
1.4265197708E+0	1.9446866775E+2	6.3941982290E-3
1.4329151568E+0	2.0105187078E+2	6.3965558531E-3
1.4393128469E+0	2.0624412012E+2	6.3988065821E-3
1.4457127343E+0	2.0994123983E+2	6.4009503785E-3
1.4521147120E+0	2.1204492275E+2	6.4029872063E-3
1.4585186731E+0	2.1247836566E+2	6.4049170317E-3
1.4649245104E+0	2.1123918022E+2	6.4067398222E-3
1.4713321170E+0	2.0836693190E+2	6.4084555476E-3
1.4777413858E+0	2.0390219820E+2	6.4100641790E-3
1.4841522097E+0	1.9794041436E+2	6.4115656896E-3
1.4905644815E+0	1.9065286151E+2	6.4129600544E-3
1.4969780940E+0	1.8221487575E+2	6.4142472499E-3
1.5033929402E+0	1.7280278774E+2	6.4154272548E-3
1.5098089128E+0	1.6265960344E+2	6.4165000493E-3
1.5162259046E+0	1.5205925082E+2	6.4174656154E-3
1.5226438083E+0	1.4123552641E+2	6.4183239370E-3
1.5290625167E+0	1.3042794419E+2	6.4190749998E-3
1.5354819225E+0	1.1991953059E+2	6.4197187912E-3
1.5419019185E+0	1.0995776378E+2	6.4202553005E-3
1.5483223974E+0	1.0072683320E+2	6.4206845187E-3
1.5547432518E+0	9.2420522894E+1	6.4210064386E-3
1.5611643745E+0	8.5229038010E+1	6.4212210549E-3
1.5675856581E+0	7.9258102463E+1	6.4213283639E-3
1.5740069954E+0	7.4560483174E+1	6.4213283639E-3
1.5804282791E+0	7.1198125851E+1	6.4212210549E-3
1.5868494018E+0	6.9185703398E+1	6.4210064386E-3
1.5932702562E+0	6.8448757468E+1	6.4206845187E-3
1.5996907351E+0	6.8896515194E+1	6.4202553005E-3
1.6061107310E+0	7.0443855482E+1	6.4197187912E-3
1.6125301369E+0	7.2941606580E+1	6.4190749998E-3
1.6189488453E+0	7.6190476600E+1	6.4183239370E-3
1.6253667490E+0	8.0017462098E+1	6.4174656154E-3
1.6317837408E+0	8.4250812528E+1	6.4165000493E-3
1.6381997134E+0	8.8669917755E+1	6.4154272548E-3
1.6446145595E+0	9.3062579508E+1	6.4142472499E-3
1.6510281721E+0	9.7269265629E+1	6.4129600544E-3
1.6574404439E+0	1.0112646899E+2	6.4115656896E-3
1.6638512678E+0	1.0445614388E+2	6.4100641790E-3
1.6702605366E+0	1.0713534128E+2	6.4084555476E-3
1.6766681432E+0	1.0909068198E+2	6.4067398222E-3
1.6830739805E+0	1.1023854785E+2	6.4049170317E-3
1.6894779416E+0	1.1051513615E+2	6.4029872063E-3
1.6958799193E+0	1.0992487912E+2	6.4009503785E-3
1.7022798067E+0	1.0849199804E+2	6.3988065821E-3
1.7086774968E+0	1.0622695984E+2	6.3965558531E-3
1.7150728827E+0	1.0318018458E+2	6.3941982290E-3
1.7214658576E+0	9.9447448805E+1	6.3917337493E-3
1.7278563146E+0	9.5107134248E+1	6.3891624551E-3
1.7342441470E+0	9.0229734769E+1	6.3864843894E-3
1.7406292478E+0	8.4925973267E+1	6.3836995970E-3
1.7470115106E+0	7.9310350302E+1	6.3808081243E-3
1.7533908286E+0	7.3461383295E+1	6.3778100198E-3
1.7597670951E+0	6.7465716150E+1	6.3747053335E-3
1.7661402037E+0	6.1433246603E+1	6.3714941173E-3
1.7725100479E+0	5.5446093617E+1	6.3681764249E-3
1.7788765211E+0	4.9563962288E+1	6.3647523117E-3
1.7852395170E+0	4.3869393187E+1	6.3612218349E-3
1.7915989293E+0	3.8445636084E+1	6.3575850535E-3
1.7979546517E+0	3.3348658373E+1	6.3538420284E-3
1.8043065780E+0	2.8643099655E+1	6.3499928220E-3
1.8106546020E+0	2.4415348043E+1	6.3460374987E-3
1.8169986176E+0	2.0742302315E+1	6.3419761245E-3
1.8233385189E+0	1.7699844002E+1	6.3378087674E-3
1.8296741999E+0	1.5386919118E+1	6.3335354970E-3
1.8360055546E+0	1.3909562384E+1	6.3291563847E-3
1.8423324774E+0	1.3373893359E+1	6.3246715037E-3
1.8486548624E+0	1.3899670222E+1	6.3200809290E-3
1.8549726040E+0	1.5610659069E+1	6.3153847371E-3
1.8612855967E+0	1.8629426876E+1	6.3105830068E-3
1.8675937349E+0	2.3084917322E+1	6.3056758180E-3
1.8738969132E+0	2.9091944953E+1	6.3006632530E-3
1.8801950263E+0	3.6744320647E+1	6.2955453954E-3
1.8864879689E+0	4.6136555973E+1	6.2903223308E-3
1.8927756359E+0	5.7335894315E+1	6.2849941464E-3
1.8990579222E+0	7.0352389991E+1	6.2795609313E-3
1.9053347228E+0	8.5180806435E+1	6.2740227763E-3
1.9116059328E+0	1.0179443130E+2	6.2683797740E-3
1.9178714474E+0	1.2008004937E+2	6.2626320186E-3
1.9241311620E+0	1.3987686707E+2	6.2567796062E-3
1.9303849718E+0	1.6102278305E+2	6.2508226346E-3
1.9366327724E+0	1.8327320398E+2	6.2447612034E-3
1.9428744594E+0	2.0629938603E+2	6.2385954138E-3
1.9491099285E+0	2.2978953658E+2	6.2323253688E-3
1.9553390754E+0	2.5339540426E+2	6.2259511734E-3
1.9615617961E+0	2.7666786225E+2	6.2194729339E-3
1.9677779867E+0	2.9917891739E+2	6.2128907587E-3
1.9739875431E+0	3.2053684244E+2	6.2062047577E-3
1.9801903616E+0	3.4027057409E+2	6.1994150427E-3
1.9863863386E+0	3.5792123553E+2	6.1925217271E-3
1.9925753706E+0	3.7313696368E+2	6.1855249261E-3
1.9987573540E+0	3.8554506848E+2	6.1784247568E-3
2.0049321857E+0	3.9477313665E+2	6.1712213376E-3
2.0110997623E+0	4.0059915565E+2	6.1639147890E-3
2.0172599809E+0	4.0285474469E+2	6.1565052331E-3
2.0234127385E+0	4.0136583736E+2	6.1489927938E-3
2.0295579322E+0	3.9611335298E+2	6.1413775965E-3
2.0356954595E+0	3.8719340281E+2	6.1336597685E-3
2.0418252176E+0	3.7469688788E+2	6.1258394388E-3
2.0479471042E+0	3.5883874499E+2	6.1179167381E-3
2.0540610170E+0	3.3997550157E+2	6.1098917988E-3
2.0601668538E+0	3.1845825869E+2	6.1017647550E-3
2.0662645125E+0	2.9470812157E+2	6.0935357425E-3
2.0723538913E+0	2.6927200287E+2	6.0852048988E-3
2.0784348884E+0	2.4268211080E+2	6.0767723631E-3
2.0845074022E+0	2.1547889597E+2	6.0682382765E-3
2.0905713312E+0	1.8827919408E+2	6.0596027814E-3
2.0966265740E+0	1.6166363006E+2	6.0508660221E-3
2.1026730295E+0	1.3616583892E+2	6.0420281448E-3
2.1087105966E+0	1.1233115381E+2	6.0330892971E-3
2.1147391745E+0	9.0639480667E+1	6.0240496283E-3
2.1207586623E+0	7.1486455648E+1	6.0149092896E-3
2.1267689596E+0	5.5219866926E+1	6.0056684336E-3
2.1327699657E+0	4.2095232496E+1	5.9963272149E-3
2.1387615806E+0	3.2272172039E+1	5.9868857894E-3
2.1447437040E+0	2.5823801861E+1	5.9773443150E-3
2.1507162359E+0	2.2717413483E+1	5.9677029512E-3
2.1566790766E+0	2.2841428223E+1	5.9579618591E-3
2.1626321265E+0	2.5987122336E+1	5.9481212013E-3
2.1685752859E+0	3.1846813477E+1	5.9381811425E-3
2.1745084557E+0	4.0076976846E+1	5.9281418487E-3
2.1804315366E+0	5.0251913825E+1	5.9180034877E-3
2.1863444297E+0	6.1875089623E+1	5.9077662288E-3
2.1922470361E+0	7.4474544213E+1	5.8974302433E-3
2.1981392573E+0	8.7526664807E+1	5.8869957037E-3
2.2040209947E+0	1.0048110518E+2	5.8764627846E-3
2.2098921501E+0	1.1287631185E+2	5.8658316618E-3
2.2157526254E+0	1.2423137276E+2	5.8551025132E-3
2.2216023226E+0	1.3408953957E+2	5.8442755178E-3
2.2274411439E+0	1.4213468471E+2	5.8333508568E-3
2.2332689918E+0	1.4805295058E+2	5.8223287127E-3
2.2390857689E+0	1.5160199545E+2	5.8112092696E-3
2.2448913779E+0	1.5270430585E+2	5.7999927133E-3
2.2506857220E+0	1.5128925629E+2	5.7886792314E-3
2.2564687042E+0	1.4739188977E+2	5.7772690129E-3
2.2622402278E+0	1.4119883312E+2	5.7657622485E-3
2.2680001965E+0	1.3289354320E+2	5.7541591304E-3
2.2737485140E+0	1.2277749884E+2	5.7424598526E-3
2.2794850843E+0	1.1125347767E+2	5.7306646105E-3
2.2852098113E+0	9.8705704355E+1	5.7187736014E-3
2.2909225996E+0	8.5619596770E+1	5.7067870238E-3
2.2966233536E+0	7.2508983550E+1	5.6947050782E-3
2.3023119780E+0	5.9857828843E+1	5.6825279663E-3
2.3079883779E+0	4.8202090100E+1	5.6702558918E-3
2.3136524582E+0	3.8038180751E+1	5.6578890597E-3
2.3193041245E+0	2.9825073228E+1	5.6454276767E-3
2.3249432821E+0	2.4001221325E+1	5.6328719509E-3
2.3305698370E+0	2.0932177437E+1	5.6202220924E-3
2.3361836950E+0	2.0928078765E+1	5.6074783123E-3
2.3417847624E+0	2.4212966171E+1	5.5946408237E-3
2.3473729455E+0	3.0948700349E+1	5.5817098412E-3
2.3529481510E+0	4.1198841201E+1	5.5686855808E-3
2.3585102856E+0	5.4928393756E+1	5.5555682601E-3
2.3640592565E+0	7.2064372028E+1	5.5423580985E-3
2.3695949710E+0	9.2384087911E+1	5.5290553166E-3
2.3751173364E+0	1.1563302095E+2	5.5156601367E-3
2.3806262605E+0	1.4150013625E+2	5.5021727828E-3
2.3861216513E+0	1.6952962825E+2	5.4885934801E-3
2.3916034169E+0	1.9933305442E+2	5.4749224557E-3
2.3970714657E+0	2.3039112678E+2	5.4611599379E-3
2.4025257064E+0	2.6216359639E+2	5.4473061568E-3
2.4079660477E+0	2.9419268842E+2	5.4333613439E-3
2.4133923988E+0	3.2585575938E+2	5.4193257323E-3
2.4188046690E+0	3.5669662737E+2	5.4051995564E-3
2.4242027678E+0	3.8621457167E+2	5.3909830523E-3
2.4295866050E+0	4.1388376315E+2	5.3766764577E-3
2.4349560907E+0	4.3939540897E+2	5.3622800116E-3
2.4403111352E+0	4.6227956235E+2	5.3477939546E-3
2.4456516489E+0	4.8229519157E+2	5.3332185287E-3
2.4509775425E+0	4.9921991710E+2	5.3185539776E-3
2.4562887272E+0	5.1280459201E+2	5.3038005463E-3
2.4615851141E+0	5.2308080001E+2	5.2889584814E-3
2.4668666147E+0	5.2990642403E+2	5.2740280309E-3
2.4721331408E+0	5.3340285969E+2	5.2590094442E-3
2.4773846043E+0	5.3368371032E+2	5.2439029725E-3
2.4826209175E+0	5.3085308412E+2	5.2287088681E-3
2.4878419929E+0	5.2526105098E+2	5.2134273849E-3
2.4930477432E+0	5.1705387223E+2	5.1980587783E-3
2.4982380815E+0	5.0665058387E+2	5.1826033052E-3
2.5034129210E+0	4.9434837949E+2	5.1670612238E-3
2.5085721752E+0	4.8049438344E+2	5.1514327939E-3
2.5137157579E+0	4.6553909426E+2	5.1357182766E-3
2.5188435831E+0	4.4974752950E+2	5.1199179345E-3
2.5239555652E+0	4.3360460667E+2	5.1040320318E-3
2.5290516187E+0	4.1736293710E+2	5.0880608338E-3
2.5341316585E+0	4.0140623202E+2	5.0720046074E-3
2.5391955997E+0	3.8601683972E+2	5.0558636210E-3
2.5442433576E+0	3.7141781362E+2	5.0396381444E-3
2.5492748479E+0	3.5788909435E+2	5.0233284486E-3
2.5542899865E+0	3.4551662458E+2	5.0069348063E-3
2.5592886896E+0	3.3450532511E+2	4.9904574913E-3
2.5642708737E+0	3.2485810070E+2	4.9738967791E-3
2.5692364555E+0	3.1665038429E+2	4.9572529464E-3
2.5741853520E+0	3.0983806949E+2	4.9405262713E-3
2.5791174805E+0	3.0436098819E+2	4.9237170334E-3
2.5840327586E+0	3.0013439033E+2	4.9068255135E-3
2.5889311042E+0	2.9699642824E+2	4.8898519940E-3
2.5938124354E+0	2.9481523646E+2	4.8727967585E-3
2.5986766706E+0	2.9337520260E+2	4.8556600920E-3
2.6035237285E+0	2.9249883350E+2	4.8384422809E-3
2.6083535282E+0	2.9195761282E+2	4.8211436130E-3
2.6131659889E+0	2.9154673362E+2	4.8037643772E-3
2.6179610302E+0	2.9105132947E+2	4.7863048641E-3
2.6227385719E+0	2.9027023142E+2	4.7687653653E-3
2.6274985343E+0	2.8901744572E+2	4.7511461741E-3
2.6322408378E+0	2.8712885852E+2	4.7334475849E-3
2.6369654032E+0	2.8445704358E+2	4.7156698934E-3
2.6416721513E+0	2.8090175480E+2	4.6978133967E-3
2.6463610038E+0	2.7636194589E+2	4.6798783932E-3
2.6510318821E+0	2.7081675875E+2	4.6618651826E-3
2.6556847082E+0	2.6421782740E+2	4.6437740661E-3
2.6603194043E+0	2.5662741420E+2	4.6256053458E-3
2.6649358931E+0	2.4805299632E+2	4.6073593254E-3
2.6695340973E+0	2.3863388083E+2	4.5890363098E-3
2.6741139402E+0	2.2843155830E+2	4.5706366053E-3
2.6786753451E+0	2.1764928980E+2	4.5521605193E-3
2.6832182358E+0	2.0639483267E+2	4.5336083606E-3
2.6877425365E+0	1.9491793563E+2	4.5149804392E-3
2.6922481716E+0	1.8335931302E+2	4.4962770664E-3
2.6967350656E+0	1.7199551764E+2	4.4774985548E-3
2.7012031437E+0	1.6098277357E+2	4.4586452181E-3
2.7056523312E+0	1.5060422975E+2	4.4397173715E-3
2.7100825537E+0	1.4101210951E+2	4.4207153312E-3
2.7144937373E+0	1.3247675088E+2	4.4016394148E-3
2.7188858081E+0	1.2512711231E+2	4.3824899412E-3
2.7232586927E+0	1.1920313036E+2	4.3632672302E-3
2.7276123182E+0	1.1479370914E+2	4.3439716031E-3
2.7319466117E+0	1.1209332405E+2	4.3246033825E-3
2.7362615009E+0	1.1113842930E+2	4.3051628919E-3
2.7405569135E+0	1.1206593806E+2	4.2856504563E-3
2.7448327779E+0	1.1485326737E+2	4.2660664016E-3
2.7490890226E+0	1.1957085606E+2	4.2464110553E-3
2.7533255764E+0	1.2613699832E+2	4.2266847457E-3
2.7575423685E+0	1.3455016948E+2	4.2068878026E-3
2.7617393285E+0	1.4467568136E+2	4.1870205567E-3
2.7659163863E+0	1.5643849465E+2	4.1670833400E-3
2.7700734720E+0	1.6966186627E+2	4.1470764858E-3
2.7742105162E+0	1.8420062191E+2	4.1270003283E-3
2.7783274497E+0	1.9984913830E+2	4.1068552032E-3
2.7824242037E+0	2.1640173364E+2	4.0866414469E-3
2.7865007098E+0	2.3363628116E+2	4.0663593974E-3
2.7905568999E+0	2.5130334714E+2	4.0460093936E-3
2.7945927061E+0	2.6917358816E+2	4.0255917754E-3
2.7986080610E+0	2.8697683144E+2	4.0051068843E-3
2.8026028975E+0	3.0448272522E+2	3.9845550624E-3
2.8065771489E+0	3.2142586885E+2	3.9639366533E-3
2.8105307487E+0	3.3758105938E+2	3.9432520014E-3
2.8144636309E+0	3.5270947328E+2	3.9225014525E-3
2.8183757298E+0	3.6660161137E+2	3.9016853533E-3
2.8222669799E+0	3.7905782633E+2	3.8808040517E-3
2.8261373163E+0	3.8990094502E+2	3.8598578967E-3
2.8299866742E+0	3.9897388662E+2	3.8388472382E-3
2.8338149894E+0	4.0614934952E+2	3.8177724274E-3
2.8376221978E+0	4.1131447695E+2	3.7966338166E-3
2.8414082359E+0	4.1439995255E+2	3.7754317588E-3
2.8451730403E+0	4.1534608750E+2	3.7541666086E-3
2.8489165482E+0	4.1413465320E+2	3.7328387211E-3
2.8526386969E+0	4.1077384085E+2	3.7114484529E-3
2.8563394244E+0	4.0528438834E+2	3.6899961614E-3
2.8600186687E+0	3.9774616954E+2	3.6684822051E-3
2.8636763684E+0	3.8822122961E+2	3.6469069436E-3
2.8673124623E+0	3.7683924585E+2	3.6252707373E-3
2.8709268897E+0	3.6372386746E+2	3.6035739479E-3
2.8745195901E+0	3.4902137493E+2	3.5818169379E-3
2.8780905036E+0	3.3292555041E+2	3.5600000709E-3
2.8816395704E+0	3.1559351200E+2	3.5381237115E-3
2.8851667313E+0	2.9725501142E+2	3.5161882254E-3
2.8886719273E+0	2.7810878547E+2	3.4941939790E-3
2.8921550998E+0	2.5836897105E+2	3.4721413399E-3
2.8956161906E+0	2.3828905380E+2	3.4500306767E-3
2.8990551419E+0	2.1806490619E+2	3.4278623588E-3
2.9024718962E+0	1.9795425496E+2	3.4056367567E-3
2.9058663965E+0	1.7818084128E+2	3.3833542419E-3
2.9092385859E+0	1.5895058782E+2	3.3610151867E-3
2.9125884081E+0	1.4051570666E+2	3.3386199643E-3
2.9159158072E+0	1.2305574969E+2	3.3161689492E-3
2.9192207275E+0	1.0677915596E+2	3.2936625164E-3
2.9225031139E+0	9.1889406112E+1	3.2711010421E-3
2.9257629114E+0	7.8526684610E+1	3.2484849032E-3
2.9290000656E+0	6.6875569722E+1	3.2258144779E-3
2.9322145224E+0	5.7072215998E+1	3.2030901448E-3
2.9354062280E+0	4.9219197866E+1	3.1803122838E-3
2.9385751292E+0	4.3451969348E+1	3.1574812755E-3
2.9417211730E+0	3.9838572267E+1	3.1345975014E-3
2.9448443068E+0	3.8439064286E+1	3.1116613440E-3
2.9479444784E+0	3.9326843030E+1	3.0886731866E-3
2.9510216360E+0	4.2507874388E+1	3.0656334132E-3
2.9540757281E+0	4.7994073574E+1	3.0425424091E-3
2.9571067038E+0	5.5796062518E+1	3.0194005599E-3
2.9601145124E+0	6.5865436787E+1	2.9962082525E-3
2.9630991036E+0	7.8164474659E+1	2.9729658744E-3
2.9660604276E+0	9.2648153814E+1	2.9496738141E-3
2.9689984348E+0	1.0922246475E+2	2.9263324607E-3
2.9719130762E+0	1.2780380043E+2	2.9029422044E-3
2.9748043031E+0	1.4830247519E+2	2.8795034361E-3
2.9776720671E+0	1.7058924468E+2	2.8560165473E-3
2.9805163203E+0	1.9454255744E+2	2.8324819307E-3
2.9833370151E+0	2.2004020655E+2	2.8088999795E-3
2.9861341046E+0	2.4692964791E+2	2.7852710878E-3
2.9889075418E+0	2.7506208727E+2	2.7615956505E-3
2.9916572805E+0	3.0429440636E+2	2.7378740632E-3
2.9943832747E+0	3.3446324056E+2	2.7141067224E-3
2.9970854788E+0	3.6540497701E+2	2.6902940251E-3
2.9997638477E+0	3.9696589750E+2	2.6664363695E-3
3.0024183367E+0	4.2898303772E+2	2.6425341541E-3
3.0050489013E+0	4.6129113494E+2	2.6185877784E-3
3.0076554977E+0	4.9373530123E+2	2.5945976426E-3
3.0102380822E+0	5.2616122841E+2	2.5705641475E-3
3.0127966116E+0	5.5841403215E+2	2.5464876949E-3
3.0153310434E+0	5.9034733160E+2	2.5223686871E-3
3.0178413350E+0	6.2182085496E+2	2.4982075270E-3
3.0203274445E+0	6.5269815426E+2	2.4740046186E-3
3.0227893304E+0	6.8285090760E+2	2.4497603662E-3
3.0252269516E+0	7.1215799489E+2	2.4254751751E-3
3.0276402673E+0	7.4050458317E+2	2.4011494510E-3
3.0300292371E+0	7.6778621215E+2	2.3767836004E-3
3.0323938212E+0	7.9390720324E+2	2.3523780306E-3
3.0347339801E+0	8.1877680897E+2	2.3279331494E-3
3.0370496746E+0	8.4231411292E+2	2.3034493653E-3
3.0393408660E+0	8.6445141175E+2	2.2789270875E-3
3.0416075160E+0	8.8512736954E+2	2.2543667257E-3
3.0438495869E+0	9.0428471335E+2	2.2297686905E-3
3.0460670410E+0	9.2187831618E+2	2.2051333928E-3
3.0482598414E+0	9.3787649691E+2	2.1804612443E-3
3.0504279513E+0	9.5225185937E+2	2.1557526574E-3
3.0525713347E+0	9.6497982638E+2	2.1310080450E-3
3.0546899556E+0	9.7604767091E+2	2.1062278206E-3
3.0567837786E+0	9.8545586884E+2	2.0814123983E-3
3.0588527688E+0	9.9320848014E+2	2.0565621928E-3
3.0608968915E+0	9.9931001338E+2	2.0316776194E-3
3.0629161127E+0	1.0037737691E+3	2.0067590939E-3
3.0649103985E+0	1.0066258162E+3	1.9818070327E-3
3.0668797157E+0	1.0078971158E+3	1.9568218529E-3
3.0688240313E+0	1.0076169683E+3	1.9318039720E-3
3.0707433129E+0	1.0058178914E+3	1.9067538080E-3
3.0726375283E+0	1.0025427252E+3	1.8816717796E-3
3.0745066460E+0	9.9784195120E+2	1.8565583060E-3
3.0763506346E+0	9.9176538659E+2	1.8314138067E-3
3.0781694634E+0	9.8436051413E+2	1.8062387021E-3
3.0799631019E+0	9.7567874628E+2	1.7810334128E-3
3.0817315203E+0	9.6577944317E+2	1.7557983600E-3
3.0834746889E+0	9.5472578186E+2	1.7305339655E-3
3.0851925786E+0	9.4257836518E+2	1.7052406515E-3
3.0868851607E+0	9.2939473730E+2	1.6799188405E-3
3.0885524069E+0	9.1523433797E+2	1.6545689559E-3
3.0901942894E+0	9.0016170131E+2	1.6291914212E-3
3.0918107807E+0	8.8424386269E+2	1.6037866605E-3
3.0934018538E+0	8.6754540970E+2	1.5783550984E-3
3.0949674821E+0	8.5012682902E+2	1.5528971598E-3
3.0965076394E+0	8.3204725745E+2	1.5274132703E-3
3.0980223001E+0	8.1336781131E+2	1.5019038556E-3
3.0995114388E+0	7.9415170771E+2	1.4763693421E-3
3.1009750306E+0	7.7446133521E+2	1.4508101565E-3
3.1024130510E+0	7.5435544910E+2	1.4252267258E-3
3.1038254761E+0	7.3388898745E+2	1.3996194778E-3
3.1052122822E+0	7.1311511921E+2	1.3739888402E-3
3.1065734461E+0	6.9208721682E+2	1.3483352414E-3
3.1079089451E+0	6.7085897453E+2	1.3226591101E-3
3.1092187570E+0	6.4948282776E+2	1.2969608754E-3
3.1105028597E+0	6.2800819628E+2	1.2712409668E-3
3.1117612318E+0	6.0648090127E+2	1.2454998140E-3
3.1129938524E+0	5.8494393072E+2	1.2197378472E-3
3.1142007007E+0	5.6343871034E+2	1.1939554970E-3
3.1153817567E+0	5.4200587825E+2	1.1681531941E-3
3.1165370006E+0	5.2068513904E+2	1.1423313699E-3
3.1176664131E+0	4.9951448653E+2	1.1164904558E-3
3.1187699753E+0	4.7852942146E+2	1.0906308836E-3
3.1198476688E+0	4.5776264273E+2	1.0647530855E-3
3.1208994755E+0	4.3724429525E+2	1.0388574939E-3
3.1219253780E+0	4.1700252600E+2	1.0129445417E-3
3.1229253590E+0	3.9706400187E+2	9.8701466182E-4
3.1238994018E+0	3.7745415899E+2	9.6106828758E-4
3.1248474902E+0	3.5819715338E+2	9.3510585261E-4
3.1257696083E+0	3.3931563737E+2	9.0912779076E-4
3.1266657407E+0	3.2083053299E+2	8.8313453619E-4
3.1275358724E+0	3.0276092608E+2	8.5712652325E-4
3.1283799890E+0	2.8512411721E+2	8.3110418659E-4
3.1291980762E+0	2.6793579105E+2	8.0506796108E-4
3.1299901204E+0	2.5121023204E+2	7.7901828182E-4
3.1307561084E+0	2.3496051981E+2	7.5295558414E-4
3.1314960274E+0	2.1919866674E+2	7.2688030358E-4
3.1322098650E+0	2.0393569217E+2	7.0079287589E-4
3.1328976092E+0	1.8918165066E+2	6.7469373705E-4
3.1335592487E+0	1.7494564008E+2	6.4858332323E-4
3.1341947723E+0	1.6123581281E+2	6.2246207073E-4
3.1348041694E+0	1.4805940343E+2	5.9633041614E-4
3.1353874298E+0	1.3542277697E+2	5.7018879612E-4
3.1359445438E+0	1.2333149401E+2	5.4403764760E-4
3.1364755020E+0	1.1179038540E+2	5.1787740760E-4
3.1369802957E+0	1.0080362932E+2	4.9170851331E-4
3.1374589163E+0	9.0374824759E+1	4.6553140213E-4
3.1379113559E+0	8.0507058230E+1	4.3934651156E-4
3.1383376069E+0	7.1202962624E+1	4.1315427928E-4
3.1387376622E+0	6.2464768677E+1	3.8695514312E-4
3.1391115150E+0	5.4294350330E+1	3.6074954110E-4
3.1394591592E+0	4.6693265458E+1	3.3453791144E-4
3.1397805890E+0	3.9662793178E+1	3.0832069259E-4
3.1400757989E+0	3.3203968636E+1	2.8209832342E-4
3.1403447841E+0	2.7317615706E+1	2.5587124334E-4
3.1405875400E+0	2.2004377766E+1	2.2963989267E-4
3.1408040626E+0	1.7264746450E+1	2.0340471372E-4
3.1409943483E+0	1.3099088202E+1	1.7716615272E-4
3.1411583939E+0	9.5076683382E+0	1.5092466531E-4
3.1412961968E+0	6.4906722893E+0	1.2468073282E-4
3.1414077547E+0	4.0482233708E+0	9.8434919423E-5
3.1414930663E+0	2.1803947528E+0	7.2188137769E-5
3.1415521316E+0	8.8720122400E-1	4.5943520243E-5
3.1415849628E+0	1.6838384236E-1	1.9736940383E-5