# Differential cross section		
# Author: P. Swaczyna	Princeton University	(swaczyna@princeton.edu)
# Date: 	Wed 17 Feb 2021 06:47:14	
# 		
# Indistinguishable particle collision: He^0 + He^+ -> He^0 + He^+		
# 		
# Red. mass: 	1.8640723202E+9	 eV/c^2
# CM energy: 	2.7227013081E-3	 eV
# Rel speed: 	5.1239433782E+4	 cm/s
# Tot sigma: 	2.2801671755E+3	 a.u.
# Int sigma: 	2.2801671755E+3	 a.u.
# 		
# Columns:		
# the <- scattering angle (rad)		
# dcs <- dsigma/dOmega*2*pi*sin(the) (a.u. = 2.8002852056E-17 cm^2)		
# wei <- weight for cross section integration (approx. width of angle bin)		
# 		
# the	dcs	wei
7.6907532846E-6	3.6773424325E+0	1.9736940383E-5
4.0521979771E-5	1.9375548441E+1	4.5943520243E-5
9.9587300392E-5	4.7616521526E+1	7.2188137769E-5
1.8489884726E-4	8.8401500525E+1	9.8434919423E-5
2.9645680168E-4	1.4171777435E+2	1.2468073282E-4
4.3425968311E-4	2.0753687197E+2	1.5092466531E-4
5.9830531657E-4	2.8580633819E+2	1.7716615272E-4
7.8859101285E-4	3.7643935513E+2	2.0340471372E-4
1.0051136166E-3	4.7930284341E+2	2.2963989267E-4
1.2478695220E-3	5.9420460801E+2	2.5587124334E-4
1.5168546797E-3	7.2088030383E+2	2.8209832342E-4
1.8120645986E-3	8.5898127346E+2	3.0832069259E-4
2.1334943481E-3	1.0080645997E+3	3.3453791144E-4
2.4811385584E-3	1.1675869659E+3	3.6074954110E-4
2.8549914211E-3	1.3369040564E+3	3.8695514312E-4
3.2550466893E-3	1.5152771729E+3	4.1315427928E-4
3.6812976783E-3	1.7018883994E+3	4.3934651156E-4
4.1337372652E-3	1.8958649364E+3	4.6553140213E-4
4.6123578895E-3	2.0963121155E+3	4.9170851331E-4
5.1171515529E-3	2.3023531261E+3	5.1787740760E-4
5.6481098199E-3	2.5131717754E+3	5.4403764760E-4
6.2052238176E-3	2.7280529179E+3	5.7018879612E-4
6.7884842360E-3	2.9464138909E+3	5.9633041614E-4
7.3978813281E-3	3.1678198044E+3	6.2246207073E-4
8.0334049101E-3	3.3919762864E+3	6.4858332323E-4
8.6950443616E-3	3.6186955835E+3	6.7469373705E-4
9.3827886258E-3	3.8478358695E+3	7.0079287589E-4
1.0096626210E-2	4.0792189915E+3	7.2688030358E-4
1.0836545184E-2	4.3125380423E+3	7.5295558414E-4
1.1602533184E-2	4.5472719614E+3	7.7901828182E-4
1.2394577408E-2	4.7826282108E+3	8.0506796108E-4
1.3212664621E-2	5.0175344783E+3	8.3110418659E-4
1.4056781152E-2	5.2506944827E+3	8.5712652325E-4
1.4926912893E-2	5.4807103591E+3	8.8313453619E-4
1.5823045305E-2	5.7062558884E+3	9.0912779076E-4
1.6745163410E-2	5.9262649157E+3	9.3510585261E-4
1.7693251801E-2	6.1400843401E+3	9.6106828758E-4
1.8667294632E-2	6.3475386399E+3	9.8701466182E-4
1.9667275626E-2	6.5488684893E+3	1.0129445417E-3
2.0693178073E-2	6.7445395029E+3	1.0388574939E-3
2.1744984827E-2	6.9349610924E+3	1.0647530855E-3
2.2822678313E-2	7.1201960803E+3	1.0906308836E-3
2.3926240519E-2	7.2997627096E+3	1.1164904558E-3
2.5055653005E-2	7.4726182161E+3	1.1423313699E-3
2.6210896896E-2	7.6373617948E+3	1.1681531941E-3
2.7391952886E-2	7.7926134596E+3	1.1939554970E-3
2.8598801239E-2	7.9374405139E+3	1.2197378472E-3
2.9831421786E-2	8.0716550152E+3	1.2454998140E-3
3.1089793929E-2	8.1958302290E+3	1.2712409668E-3
3.2373896638E-2	8.3109902377E+3	1.2969608754E-3
3.3683708455E-2	8.4180791309E+3	1.3226591101E-3
3.5019207490E-2	8.5174435240E+3	1.3483352414E-3
3.6380371427E-2	8.6085910250E+3	1.3739888402E-3
3.7767177517E-2	8.6903815807E+3	1.3996194778E-3
3.9179602586E-2	8.7615967160E+3	1.4252267258E-3
4.0617623030E-2	8.8216095518E+3	1.4508101565E-3
4.2081214817E-2	8.8707780992E+3	1.4763693421E-3
4.3570353490E-2	8.9103000142E+3	1.5019038556E-3
4.5085014162E-2	8.9415709756E+3	1.5274132703E-3
4.6625171522E-2	8.9654117909E+3	1.5528971598E-3
4.8190799831E-2	8.9816534157E+3	1.5783550984E-3
4.9781872927E-2	8.9893786372E+3	1.6037866605E-3
5.1398364219E-2	8.9876977896E+3	1.6291914212E-3
5.3040246694E-2	8.9765448772E+3	1.6545689559E-3
5.4707492914E-2	8.9569159804E+3	1.6799188405E-3
5.6400075017E-2	8.9303426764E+3	1.7052406515E-3
5.8117964718E-2	8.8979703525E+3	1.7305339655E-3
5.9861133308E-2	8.8599471391E+3	1.7557983600E-3
6.1629551657E-2	8.8156185599E+3	1.7810334128E-3
6.3423190212E-2	8.7643862630E+3	1.8062387021E-3
6.5242019000E-2	8.7065203054E+3	1.8314138067E-3
6.7086007624E-2	8.6432199949E+3	1.8565583060E-3
6.8955125270E-2	8.5758627869E+3	1.8816717796E-3
7.0849340702E-2	8.5051223243E+3	1.9067538080E-3
7.2768622264E-2	8.4307685710E+3	1.9318039720E-3
7.4712937885E-2	8.3523223395E+3	1.9568218529E-3
7.6682255070E-2	8.2699104049E+3	1.9818070327E-3
7.8676540910E-2	8.1844681467E+3	2.0067590939E-3
8.0695762079E-2	8.0971098635E+3	2.0316776194E-3
8.2739884832E-2	8.0083605165E+3	2.0565621928E-3
8.4808875009E-2	7.9180631417E+3	2.0814123983E-3
8.6902698034E-2	7.8260048414E+3	2.1062278206E-3
8.9021318917E-2	7.7325100263E+3	2.1310080450E-3
9.1164702253E-2	7.6383358051E+3	2.1557526574E-3
9.3332812224E-2	7.5440700199E+3	2.1804612443E-3
9.5525612596E-2	7.4498096311E+3	2.2051333928E-3
9.7743066726E-2	7.3554627983E+3	2.2297686905E-3
9.9985137556E-2	7.2611872288E+3	2.2543667257E-3
1.0225178762E-1	7.1673655659E+3	2.2789270875E-3
1.0454297904E-1	7.0742384254E+3	2.3034493653E-3
1.0685867352E-1	6.9818056862E+3	2.3279331494E-3
1.0919883237E-1	6.8901197356E+3	2.3523780306E-3
1.1156341648E-1	6.7994190473E+3	2.3767836004E-3
1.1395238633E-1	6.7098191262E+3	2.4011494510E-3
1.1636570200E-1	6.6210943701E+3	2.4254751751E-3
1.1880332317E-1	6.5330421086E+3	2.4497603662E-3
1.2126520909E-1	6.4458984389E+3	2.4740046186E-3
1.2375131862E-1	6.3599965626E+3	2.4982075270E-3
1.2626161023E-1	6.2750764811E+3	2.5223686871E-3
1.2879604195E-1	6.1904517062E+3	2.5464876949E-3
1.3135457143E-1	6.1059699912E+3	2.5705641475E-3
1.3393715592E-1	6.0221846923E+3	2.5945976426E-3
1.3654375226E-1	5.9392321456E+3	2.6185877784E-3
1.3917431689E-1	5.8562183676E+3	2.6425341541E-3
1.4182880585E-1	5.7723627428E+3	2.6664363695E-3
1.4450717478E-1	5.6880987351E+3	2.6902940251E-3
1.4720937892E-1	5.6040607937E+3	2.7141067224E-3
1.4993537310E-1	5.5195347643E+3	2.7378740632E-3
1.5268511179E-1	5.4332403601E+3	2.7615956505E-3
1.5545854902E-1	5.3452801902E+3	2.7852710878E-3
1.5825563845E-1	5.2566475343E+3	2.8088999795E-3
1.6107633333E-1	5.1669601087E+3	2.8324819307E-3
1.6392058653E-1	5.0746754228E+3	2.8560165473E-3
1.6678835052E-1	4.9796305112E+3	2.8795034361E-3
1.6967957737E-1	4.8830601092E+3	2.9029422044E-3
1.7259421876E-1	4.7848294825E+3	2.9263324607E-3
1.7553222599E-1	4.6832882972E+3	2.9496738141E-3
1.7849354996E-1	4.5782607778E+3	2.9729658744E-3
1.8147814117E-1	4.4711995388E+3	2.9962082525E-3
1.8448594977E-1	4.3619919777E+3	3.0194005599E-3
1.8751692548E-1	4.2489705946E+3	3.0425424091E-3
1.9057101764E-1	4.1322941895E+3	3.0656334132E-3
1.9364817522E-1	4.0135939970E+3	3.0886731866E-3
1.9674834681E-1	3.8924811754E+3	3.1116613440E-3
1.9987148058E-1	3.7674489650E+3	3.1345975014E-3
2.0301752435E-1	3.6393408086E+3	3.1574812755E-3
2.0618642554E-1	3.5097248021E+3	3.1803122838E-3
2.0937813120E-1	3.3776950996E+3	3.2030901448E-3
2.1259258799E-1	3.2423309108E+3	3.2258144779E-3
2.1582974219E-1	3.1052863198E+3	3.2484849032E-3
2.1908953970E-1	2.9675288991E+3	3.2711010421E-3
2.2237192605E-1	2.8277661412E+3	3.2936625164E-3
2.2567684639E-1	2.6862588250E+3	3.3161689492E-3
2.2900424548E-1	2.5449975059E+3	3.3386199643E-3
2.3235406772E-1	2.4038351216E+3	3.3610151867E-3
2.3572625713E-1	2.2618972945E+3	3.3833542419E-3
2.3912075735E-1	2.1207761281E+3	3.4056367567E-3
2.4253751167E-1	1.9816860444E+3	3.4278623588E-3
2.4597646298E-1	1.8437016707E+3	3.4500306767E-3
2.4943755380E-1	1.7073865718E+3	3.4721413399E-3
2.5292072631E-1	1.5745939437E+3	3.4941939790E-3
2.5642592230E-1	1.4450891741E+3	3.5161882254E-3
2.5995308318E-1	1.3186293158E+3	3.5381237115E-3
2.6350215001E-1	1.1969330866E+3	3.5600000709E-3
2.6707306349E-1	1.0805299263E+3	3.5818169379E-3
2.7066576394E-1	9.6887710969E+2	3.6035739479E-3
2.7428019131E-1	8.6318219162E+2	3.6252707373E-3
2.7791628522E-1	7.6441730373E+2	3.6469069436E-3
2.8157398488E-1	6.7210051009E+2	3.6684822051E-3
2.8525322919E-1	5.8691272064E+2	3.6899961614E-3
2.8895395665E-1	5.0989214071E+2	3.7114484529E-3
2.9267610542E-1	4.4072957409E+2	3.7328387211E-3
2.9641961330E-1	3.7972380113E+2	3.7541666086E-3
3.0018441773E-1	3.2771373458E+2	3.7754317588E-3
3.0397045579E-1	2.8451046891E+2	3.7966338166E-3
3.0777766421E-1	2.5018297157E+2	3.8177724274E-3
3.1160597938E-1	2.2523173596E+2	3.8388472382E-3
3.1545533730E-1	2.0948526003E+2	3.8598578967E-3
3.1932567367E-1	2.0288283956E+2	3.8808040517E-3
3.2321692379E-1	2.0552869895E+2	3.9016853533E-3
3.2712902264E-1	2.1719205816E+2	3.9225014525E-3
3.3106190484E-1	2.3772565269E+2	3.9432520014E-3
3.3501550468E-1	2.6681879452E+2	3.9639366533E-3
3.3898975607E-1	3.0416610049E+2	3.9845550624E-3
3.4298459261E-1	3.4952799837E+2	4.0051068843E-3
3.4699994753E-1	4.0218463331E+2	4.0255917754E-3
3.5103575373E-1	4.6180769216E+2	4.0460093936E-3
3.5509194378E-1	5.2801150096E+2	4.0663593974E-3
3.5916844988E-1	5.9971344380E+2	4.0866414469E-3
3.6326520391E-1	6.7666026624E+2	4.1068552032E-3
3.6738213741E-1	7.5821572090E+2	4.1270003283E-3
3.7151918157E-1	8.4306166037E+2	4.1470764858E-3
3.7567626728E-1	9.3110948209E+2	4.1670833400E-3
3.7985332504E-1	1.0213365505E+3	4.1870205567E-3
3.8405028507E-1	1.1124365614E+3	4.2068878026E-3
3.8826707721E-1	1.2044764713E+3	4.2266847457E-3
3.9250363101E-1	1.2959573405E+3	4.2464110553E-3
3.9675987567E-1	1.3859373398E+3	4.2660664016E-3
4.0103574005E-1	1.4744424858E+3	4.2856504563E-3
4.0533115271E-1	1.5595994284E+3	4.3051628919E-3
4.0964604185E-1	1.6411520333E+3	4.3246033825E-3
4.1398033538E-1	1.7187146454E+3	4.3439716031E-3
4.1833396086E-1	1.7904706333E+3	4.3632672302E-3
4.2270684554E-1	1.8568754182E+3	4.3824899412E-3
4.2709891633E-1	1.9168196773E+3	4.4016394148E-3
4.3151009985E-1	1.9692385662E+3	4.4207153312E-3
4.3594032237E-1	2.0148135559E+3	4.4397173715E-3
4.4038950986E-1	2.0518754237E+3	4.4586452181E-3
4.4485758797E-1	2.0806283932E+3	4.4774985548E-3
4.4934448203E-1	2.1011672205E+3	4.4962770664E-3
4.5385011706E-1	2.1121255222E+3	4.5149804392E-3
4.5837441776E-1	2.1146908042E+3	4.5336083606E-3
4.6291730852E-1	2.1079810877E+3	4.5521605193E-3
4.6747871344E-1	2.0919817356E+3	4.5706366053E-3
4.7205855627E-1	2.0677047187E+3	4.5890363098E-3
4.7665676049E-1	2.0340461759E+3	4.6073593254E-3
4.8127324926E-1	1.9924254910E+3	4.6256053458E-3
4.8590794542E-1	1.9427276218E+3	4.6437740661E-3
4.9056077152E-1	1.8850460964E+3	4.6618651826E-3
4.9523164982E-1	1.8208911670E+3	4.6798783932E-3
4.9992050224E-1	1.7496148717E+3	4.6978133967E-3
5.0462725044E-1	1.6728345806E+3	4.7156698934E-3
5.0935181576E-1	1.5908571575E+3	4.7334475849E-3
5.1409411924E-1	1.5041176162E+3	4.7511461741E-3
5.1885408164E-1	1.4142360403E+3	4.7687653653E-3
5.2363162341E-1	1.3209646027E+3	4.7863048641E-3
5.2842666471E-1	1.2260491694E+3	4.8037643772E-3
5.3323912540E-1	1.1298349501E+3	4.8211436130E-3
5.3806892508E-1	1.0331448626E+3	4.8384422809E-3
5.4291598301E-1	9.3731323350E+2	4.8556600920E-3
5.4778021821E-1	8.4240516493E+2	4.8727967585E-3
5.5266154939E-1	7.5002767651E+2	4.8898519940E-3
5.5755989496E-1	6.6033700121E+2	4.9068255135E-3
5.6247517308E-1	5.7437620472E+2	4.9237170334E-3
5.6740730160E-1	4.9286864922E+2	4.9405262713E-3
5.7235619810E-1	4.1613309891E+2	4.9572529464E-3
5.7732177988E-1	3.4521541611E+2	4.9738967791E-3
5.8230396395E-1	2.8012093445E+2	4.9904574913E-3
5.8730266706E-1	2.2169218630E+2	5.0069348063E-3
5.9231780568E-1	1.7002700001E+2	5.0233284486E-3
5.9734929598E-1	1.2548787431E+2	5.0396381444E-3
6.0239705389E-1	8.8318295059E+1	5.0558636210E-3
6.0746099506E-1	5.8489929040E+1	5.0720046074E-3
6.1254103485E-1	3.6188383085E+1	5.0880608338E-3
6.1763708838E-1	2.1215769575E+1	5.1040320318E-3
6.2274907048E-1	1.3521477409E+1	5.1199179345E-3
6.2787689573E-1	1.2845174420E+1	5.1357182766E-3
6.3302047843E-1	1.8902857674E+1	5.1514327939E-3
6.3817973262E-1	3.1318467867E+1	5.1670612238E-3
6.4335457209E-1	4.9704819172E+1	5.1826033052E-3
6.4854491036E-1	7.3475381300E+1	5.1980587783E-3
6.5375066070E-1	1.0225127318E+2	5.2134273849E-3
6.5897173609E-1	1.3523007657E+2	5.2287088681E-3
6.6420804930E-1	1.7204157830E+2	5.2439029725E-3
6.6945951283E-1	2.1178635227E+2	5.2590094442E-3
6.7472603890E-1	2.5400813716E+2	5.2740280309E-3
6.8000753951E-1	2.9789115322E+2	5.2889584814E-3
6.8530392640E-1	3.4278787683E+2	5.3038005463E-3
6.9061511106E-1	3.8811359143E+2	5.3185539776E-3
6.9594100473E-1	4.3299488983E+2	5.3332185287E-3
7.0128151841E-1	4.7712949323E+2	5.3477939546E-3
7.0663656285E-1	5.1948458880E+2	5.3622800116E-3
7.1200604856E-1	5.5999065818E+2	5.3766764577E-3
7.1738988581E-1	5.9759892799E+2	5.3909830523E-3
7.2278798463E-1	6.3236155823E+2	5.4051995564E-3
7.2820025482E-1	6.6338049549E+2	5.4193257323E-3
7.3362660591E-1	6.9071105432E+2	5.4333613439E-3
7.3906694724E-1	7.1374304894E+2	5.4473061568E-3
7.4452118788E-1	7.3245098768E+2	5.4611599379E-3
7.4998923669E-1	7.4658814484E+2	5.4749224557E-3
7.5547100229E-1	7.5601685906E+2	5.4885934801E-3
7.6096639308E-1	7.6086136641E+2	5.5021727828E-3
7.6647531721E-1	7.6088869821E+2	5.5156601367E-3
7.7199768263E-1	7.5654628056E+2	5.5290553166E-3
7.7753339704E-1	7.4755314751E+2	5.5423580985E-3
7.8308236795E-1	7.3459880436E+2	5.5555682601E-3
7.8864450262E-1	7.1741091528E+2	5.5686855808E-3
7.9421970809E-1	6.9682863348E+2	5.5817098412E-3
7.9980789121E-1	6.7263693116E+2	5.5946408237E-3
8.0540895857E-1	6.4573757061E+2	5.6074783123E-3
8.1102281659E-1	6.1600342028E+2	5.6202220924E-3
8.1664937145E-1	5.8432692058E+2	5.6328719509E-3
8.2228852912E-1	5.5067835124E+2	5.6454276767E-3
8.2794019536E-1	5.1588755945E+2	5.6578890597E-3
8.3360427572E-1	4.8001304906E+2	5.6702558918E-3
8.3928067556E-1	4.4378681408E+2	5.6825279663E-3
8.4496930000E-1	4.0733306931E+2	5.6947050782E-3
8.5067005399E-1	3.7126589701E+2	5.7067870238E-3
8.5638284226E-1	3.3574569519E+2	5.7187736014E-3
8.6210756934E-1	3.0126035747E+2	5.7306646105E-3
8.6784413956E-1	2.6797573349E+2	5.7424598526E-3
8.7359245705E-1	2.3625391472E+2	5.7541591304E-3
8.7935242576E-1	2.0623880199E+2	5.7657622485E-3
8.8512394943E-1	1.7817328108E+2	5.7772690129E-3
8.9090693161E-1	1.5215823444E+2	5.7886792314E-3
8.9670127565E-1	1.2832836117E+2	5.7999927133E-3
9.0250688473E-1	1.0672832552E+2	5.8112092696E-3
9.0832366182E-1	8.7398783802E+1	5.8223287127E-3
9.1415150972E-1	7.0323170727E+1	5.8333508568E-3
9.1999033104E-1	5.5464346784E+1	5.8442755178E-3
9.2584002820E-1	4.2747089757E+1	5.8551025132E-3
9.3170050345E-1	3.2073896309E+1	5.8658316618E-3
9.3757165885E-1	2.3319801794E+1	5.8764627846E-3
9.4345339628E-1	1.6344648272E+1	5.8869957037E-3
9.4934561746E-1	1.0987351096E+1	5.8974302433E-3
9.5524822392E-1	7.0821732419E+0	5.9077662288E-3
9.6116111701E-1	4.4484126327E+0	5.9180034877E-3
9.6708419793E-1	2.9103304751E+0	5.9281418487E-3
9.7301736769E-1	2.2851238775E+0	5.9381811425E-3
9.7896052713E-1	2.4003976959E+0	5.9481212013E-3
9.8491357695E-1	3.0879970400E+0	5.9579618591E-3
9.9087641766E-1	4.1894707998E+0	5.9677029512E-3
9.9684894961E-1	5.5656966429E+0	5.9773443150E-3
1.0028310730E+0	7.0797967377E+0	5.9868857894E-3
1.0088226878E+0	8.6323817743E+0	5.9963272149E-3
1.0148236940E+0	1.0112887151E+1	6.0056684336E-3
1.0208339913E+0	1.1467719128E+1	6.0149092896E-3
1.0268534791E+0	1.2614828059E+1	6.0240496283E-3
1.0328820570E+0	1.3547342364E+1	6.0330892971E-3
1.0389196241E+0	1.4211911738E+1	6.0420281448E-3
1.0449660796E+0	1.4644218420E+1	6.0508660221E-3
1.0510213224E+0	1.4818324333E+1	6.0596027814E-3
1.0570852514E+0	1.4803841235E+1	6.0682382765E-3
1.0631577652E+0	1.4599897961E+1	6.0767723631E-3
1.0692387623E+0	1.4298197679E+1	6.0852048988E-3
1.0753281411E+0	1.3919689964E+1	6.0935357425E-3
1.0814257998E+0	1.3564878963E+1	6.1017647550E-3
1.0875316366E+0	1.3272250770E+1	6.1098917988E-3
1.0936455494E+0	1.3138445367E+1	6.1179167381E-3
1.0997674360E+0	1.3213817244E+1	6.1258394388E-3
1.1058971941E+0	1.3581165023E+1	6.1336597685E-3
1.1120347214E+0	1.4295323953E+1	6.1413775965E-3
1.1181799151E+0	1.5419582692E+1	6.1489927938E-3
1.1243326727E+0	1.7004136378E+1	6.1565052331E-3
1.1304928913E+0	1.9092141743E+1	6.1639147890E-3
1.1366604679E+0	2.1718917011E+1	6.1712213376E-3
1.1428352996E+0	2.4911441951E+1	6.1784247568E-3
1.1490172830E+0	2.8680224091E+1	6.1855249261E-3
1.1552063150E+0	3.3042858302E+1	6.1925217271E-3
1.1614022920E+0	3.7977527215E+1	6.1994150427E-3
1.1676051105E+0	4.3499374407E+1	6.2062047577E-3
1.1738146669E+0	4.9551522080E+1	6.2128907587E-3
1.1800308574E+0	5.6150793944E+1	6.2194729339E-3
1.1862535782E+0	6.3209135397E+1	6.2259511734E-3
1.1924827251E+0	7.0744155470E+1	6.2323253688E-3
1.1987181942E+0	7.8647580517E+1	6.2385954138E-3
1.2049598812E+0	8.6931319354E+1	6.2447612034E-3
1.2112076818E+0	9.5483338075E+1	6.2508226346E-3
1.2174614916E+0	1.0429939732E+2	6.2567796062E-3
1.2237212062E+0	1.1328200412E+2	6.2626320186E-3
1.2299867208E+0	1.2239997359E+2	6.2683797740E-3
1.2362579308E+0	1.3158551172E+2	6.2740227763E-3
1.2425347314E+0	1.4077387261E+2	6.2795609313E-3
1.2488170177E+0	1.4993417871E+2	6.2849941464E-3
1.2551046847E+0	1.5896944420E+2	6.2903223308E-3
1.2613976273E+0	1.6788221773E+2	6.2955453954E-3
1.2676957404E+0	1.7655377741E+2	6.3006632530E-3
1.2739989187E+0	1.8500661091E+2	6.3056758180E-3
1.2803070569E+0	1.9311769376E+2	6.3105830068E-3
1.2866200496E+0	2.0091045632E+2	6.3153847371E-3
1.2929377912E+0	2.0827657275E+2	6.3200809290E-3
1.2992601762E+0	2.1522290615E+2	6.3246715037E-3
1.3055870990E+0	2.2166983245E+2	6.3291563847E-3
1.3119184537E+0	2.2759851715E+2	6.3335354970E-3
1.3182541347E+0	2.3296210502E+2	6.3378087674E-3
1.3245940360E+0	2.3771910463E+2	6.3419761245E-3
1.3309380516E+0	2.4184880247E+2	6.3460374987E-3
1.3372860756E+0	2.4530093509E+2	6.3499928220E-3
1.3436380019E+0	2.4806795414E+2	6.3538420284E-3
1.3499937243E+0	2.5010926164E+2	6.3575850535E-3
1.3563531366E+0	2.5141907901E+2	6.3612218349E-3
1.3627161325E+0	2.5198084507E+2	6.3647523117E-3
1.3690826057E+0	2.5178860296E+2	6.3681764249E-3
1.3754524499E+0	2.5085337812E+2	6.3714941173E-3
1.3818255585E+0	2.4918007553E+2	6.3747053335E-3
1.3882018250E+0	2.4679893173E+2	6.3778100198E-3
1.3945811430E+0	2.4374626101E+2	6.3808081243E-3
1.4009634057E+0	2.4005702637E+2	6.3836995970E-3
1.4073485066E+0	2.3581913322E+2	6.3864843894E-3
1.4137363389E+0	2.3106202782E+2	6.3891624551E-3
1.4201267959E+0	2.2593298502E+2	6.3917337493E-3
1.4265197708E+0	2.2045946502E+2	6.3941982290E-3
1.4329151568E+0	2.1483544126E+2	6.3965558531E-3
1.4393128469E+0	2.0910656220E+2	6.3988065821E-3
1.4457127343E+0	2.0348137193E+2	6.4009503785E-3
1.4521147120E+0	1.9805358540E+2	6.4029872063E-3
1.4585186731E+0	1.9300575521E+2	6.4049170317E-3
1.4649245104E+0	1.8850426834E+2	6.4067398222E-3
1.4713321170E+0	1.8467350867E+2	6.4084555476E-3
1.4777413858E+0	1.8175538654E+2	6.4100641790E-3
1.4841522097E+0	1.7980701343E+2	6.4115656896E-3
1.4905644815E+0	1.7911740136E+2	6.4129600544E-3
1.4969780940E+0	1.7969507245E+2	6.4142472499E-3
1.5033929402E+0	1.8182001461E+2	6.4154272548E-3
1.5098089128E+0	1.8548980976E+2	6.4165000493E-3
1.5162259046E+0	1.9090848396E+2	6.4174656154E-3
1.5226438083E+0	1.9810002568E+2	6.4183239370E-3
1.5290625167E+0	2.0713853649E+2	6.4190749998E-3
1.5354819225E+0	2.1809049138E+2	6.4197187912E-3
1.5419019185E+0	2.3087935960E+2	6.4202553005E-3
1.5483223974E+0	2.4559659968E+2	6.4206845187E-3
1.5547432518E+0	2.6203497434E+2	6.4210064386E-3
1.5611643745E+0	2.8026291118E+2	6.4212210549E-3
1.5675856581E+0	2.9999386856E+2	6.4213283639E-3
1.5740069954E+0	3.2121271419E+2	6.4213283639E-3
1.5804282791E+0	3.4361489410E+2	6.4212210549E-3
1.5868494018E+0	3.6705390612E+2	6.4210064386E-3
1.5932702562E+0	3.9125428365E+2	6.4206845187E-3
1.5996907351E+0	4.1592427139E+2	6.4202553005E-3
1.6061107310E+0	4.4083471595E+2	6.4197187912E-3
1.6125301369E+0	4.6557645914E+2	6.4190749998E-3
1.6189488453E+0	4.8995330012E+2	6.4183239370E-3
1.6253667490E+0	5.1349962343E+2	6.4174656154E-3
1.6317837408E+0	5.3602173797E+2	6.4165000493E-3
1.6381997134E+0	5.5707099786E+2	6.4154272548E-3
1.6446145595E+0	5.7642909546E+2	6.4142472499E-3
1.6510281721E+0	5.9372711731E+2	6.4129600544E-3
1.6574404439E+0	6.0871565061E+2	6.4115656896E-3
1.6638512678E+0	6.2114159373E+2	6.4100641790E-3
1.6702605366E+0	6.3074511962E+2	6.4084555476E-3
1.6766681432E+0	6.3739485297E+2	6.4067398222E-3
1.6830739805E+0	6.4086214307E+2	6.4049170317E-3
1.6894779416E+0	6.4112133900E+2	6.4029872063E-3
1.6958799193E+0	6.3802230672E+2	6.4009503785E-3
1.7022798067E+0	6.3162135516E+2	6.3988065821E-3
1.7086774968E+0	6.2188333440E+2	6.3965558531E-3
1.7150728827E+0	6.0892762175E+2	6.3941982290E-3
1.7214658576E+0	5.9284856121E+2	6.3917337493E-3
1.7278563146E+0	5.7382034319E+2	6.3891624551E-3
1.7342441470E+0	5.5205734430E+2	6.3864843894E-3
1.7406292478E+0	5.2778867319E+2	6.3836995970E-3
1.7470115106E+0	5.0132143561E+2	6.3808081243E-3
1.7533908286E+0	4.7294062420E+2	6.3778100198E-3
1.7597670951E+0	4.4301105071E+2	6.3747053335E-3
1.7661402037E+0	4.1186745706E+2	6.3714941173E-3
1.7725100479E+0	3.7989884926E+2	6.3681764249E-3
1.7788765211E+0	3.4747220358E+2	6.3647523117E-3
1.7852395170E+0	3.1497376333E+2	6.3612218349E-3
1.7915989293E+0	2.8277498058E+2	6.3575850535E-3
1.7979546517E+0	2.5123919031E+2	6.3538420284E-3
1.8043065780E+0	2.2070987068E+2	6.3499928220E-3
1.8106546020E+0	1.9151131547E+2	6.3460374987E-3
1.8169986176E+0	1.6392910318E+2	6.3419761245E-3
1.8233385189E+0	1.3823322239E+2	6.3378087674E-3
1.8296741999E+0	1.1462988060E+2	6.3335354970E-3
1.8360055546E+0	9.3319075840E+1	6.3291563847E-3
1.8423324774E+0	7.4417428922E+1	6.3246715037E-3
1.8486548624E+0	5.8040176884E+1	6.3200809290E-3
1.8549726040E+0	4.4214843530E+1	6.3153847371E-3
1.8612855967E+0	3.2961298638E+1	6.3105830068E-3
1.8675937349E+0	2.4226357718E+1	6.3056758180E-3
1.8738969132E+0	1.7931662017E+1	6.3006632530E-3
1.8801950263E+0	1.3956172951E+1	6.2955453954E-3
1.8864879689E+0	1.2130507621E+1	6.2903223308E-3
1.8927756359E+0	1.2280391147E+1	6.2849941464E-3
1.8990579222E+0	1.4162813449E+1	6.2795609313E-3
1.9053347228E+0	1.7565289880E+1	6.2740227763E-3
1.9116059328E+0	2.2196674682E+1	6.2683797740E-3
1.9178714474E+0	2.7821536957E+1	6.2626320186E-3
1.9241311620E+0	3.4130560154E+1	6.2567796062E-3
1.9303849718E+0	4.0881230654E+1	6.2508226346E-3
1.9366327724E+0	4.7776386080E+1	6.2447612034E-3
1.9428744594E+0	5.4583068721E+1	6.2385954138E-3
1.9491099285E+0	6.1043295227E+1	6.2323253688E-3
1.9553390754E+0	6.6950594244E+1	6.2259511734E-3
1.9615617961E+0	7.2107272154E+1	6.2194729339E-3
1.9677779867E+0	7.6349344705E+1	6.2128907587E-3
1.9739875431E+0	7.9553211969E+1	6.2062047577E-3
1.9801903616E+0	8.1610750065E+1	6.1994150427E-3
1.9863863386E+0	8.2478629499E+1	6.1925217271E-3
1.9925753706E+0	8.2113600544E+1	6.1855249261E-3
1.9987573540E+0	8.0551596921E+1	6.1784247568E-3
2.0049321857E+0	7.7817569846E+1	6.1712213376E-3
2.0110997623E+0	7.4019418272E+1	6.1639147890E-3
2.0172599809E+0	6.9247313372E+1	6.1565052331E-3
2.0234127385E+0	6.3668646843E+1	6.1489927938E-3
2.0295579322E+0	5.7429716683E+1	6.1413775965E-3
2.0356954595E+0	5.0740982222E+1	6.1336597685E-3
2.0418252176E+0	4.3790606836E+1	6.1258394388E-3
2.0479471042E+0	3.6813030623E+1	6.1179167381E-3
2.0540610170E+0	3.0020355221E+1	6.1098917988E-3
2.0601668538E+0	2.3650608185E+1	6.1017647550E-3
2.0662645125E+0	1.7920055372E+1	6.0935357425E-3
2.0723538913E+0	1.3050016310E+1	6.0852048988E-3
2.0784348884E+0	9.2411951453E+0	6.0767723631E-3
2.0845074022E+0	6.6794097861E+0	6.0682382765E-3
2.0905713312E+0	5.5318942675E+0	6.0596027814E-3
2.0966265740E+0	5.9329929109E+0	6.0508660221E-3
2.1026730295E+0	8.0018728395E+0	6.0420281448E-3
2.1087105966E+0	1.1809385868E+1	6.0330892971E-3
2.1147391745E+0	1.7416467902E+1	6.0240496283E-3
2.1207586623E+0	2.4823253188E+1	6.0149092896E-3
2.1267689596E+0	3.4027409544E+1	6.0056684336E-3
2.1327699657E+0	4.4956392339E+1	5.9963272149E-3
2.1387615806E+0	5.7544944922E+1	5.9868857894E-3
2.1447437040E+0	7.1651200953E+1	5.9773443150E-3
2.1507162359E+0	8.7152528780E+1	5.9677029512E-3
2.1566790766E+0	1.0384605336E+2	5.9579618591E-3
2.1626321265E+0	1.2156196071E+2	5.9481212013E-3
2.1685752859E+0	1.4004889462E+2	5.9381811425E-3
2.1745084557E+0	1.5910380526E+2	5.9281418487E-3
2.1804315366E+0	1.7844255009E+2	5.9180034877E-3
2.1863444297E+0	1.9784540692E+2	5.9077662288E-3
2.1922470361E+0	2.1701305304E+2	5.8974302433E-3
2.1981392573E+0	2.3572698139E+2	5.8869957037E-3
2.2040209947E+0	2.5369085303E+2	5.8764627846E-3
2.2098921501E+0	2.7070523641E+2	5.8658316618E-3
2.2157526254E+0	2.8649416102E+2	5.8551025132E-3
2.2216023226E+0	3.0089379099E+2	5.8442755178E-3
2.2274411439E+0	3.1366391704E+2	5.8333508568E-3
2.2332689918E+0	3.2469029252E+2	5.8223287127E-3
2.2390857689E+0	3.3378087576E+2	5.8112092696E-3
2.2448913779E+0	3.4088148930E+2	5.7999927133E-3
2.2506857220E+0	3.4585697515E+2	5.7886792314E-3
2.2564687042E+0	3.4871945833E+2	5.7772690129E-3
2.2622402278E+0	3.4939532383E+2	5.7657622485E-3
2.2680001965E+0	3.4796453927E+2	5.7541591304E-3
2.2737485140E+0	3.4441562295E+2	5.7424598526E-3
2.2794850843E+0	3.3889308562E+2	5.7306646105E-3
2.2852098113E+0	3.3144442676E+2	5.7187736014E-3
2.2909225996E+0	3.2227071303E+2	5.7067870238E-3
2.2966233536E+0	3.1147214577E+2	5.6947050782E-3
2.3023119780E+0	2.9929411260E+2	5.6825279663E-3
2.3079883779E+0	2.8588092959E+2	5.6702558918E-3
2.3136524582E+0	2.7150653955E+2	5.6578890597E-3
2.3193041245E+0	2.5634938571E+2	5.6454276767E-3
2.3249432821E+0	2.4069365728E+2	5.6328719509E-3
2.3305698370E+0	2.2474139090E+2	5.6202220924E-3
2.3361836950E+0	2.0876742848E+2	5.6074783123E-3
2.3417847624E+0	1.9298697238E+2	5.5946408237E-3
2.3473729455E+0	1.7764616259E+2	5.5817098412E-3
2.3529481510E+0	1.6296336466E+2	5.5686855808E-3
2.3585102856E+0	1.4913866014E+2	5.5555682601E-3
2.3640592565E+0	1.3638391394E+2	5.5423580985E-3
2.3695949710E+0	1.2483969132E+2	5.5290553166E-3
2.3751173364E+0	1.1470157396E+2	5.5156601367E-3
2.3806262605E+0	1.0604289461E+2	5.5021727828E-3
2.3861216513E+0	9.9032409800E+1	5.4885934801E-3
2.3916034169E+0	9.3675694725E+1	5.4749224557E-3
2.3970714657E+0	9.0102916913E+1	5.4611599379E-3
2.4025257064E+0	8.8259150519E+1	5.4473061568E-3
2.4079660477E+0	8.8223195481E+1	5.4333613439E-3
2.4133923988E+0	8.9893885966E+1	5.4193257323E-3
2.4188046690E+0	9.3286224202E+1	5.4051995564E-3
2.4242027678E+0	9.8271560534E+1	5.3909830523E-3
2.4295866050E+0	1.0479177534E+2	5.3766764577E-3
2.4349560907E+0	1.1270980170E+2	5.3622800116E-3
2.4403111352E+0	1.2189202153E+2	5.3477939546E-3
2.4456516489E+0	1.3220722692E+2	5.3332185287E-3
2.4509775425E+0	1.4345470920E+2	5.3185539776E-3
2.4562887272E+0	1.5551416320E+2	5.3038005463E-3
2.4615851141E+0	1.6813899768E+2	5.2889584814E-3
2.4668666147E+0	1.8121394528E+2	5.2740280309E-3
2.4721331408E+0	1.9447872751E+2	5.2590094442E-3
2.4773846043E+0	2.0780925179E+2	5.2439029725E-3
2.4826209175E+0	2.2096796150E+2	5.2287088681E-3
2.4878419929E+0	2.3380786382E+2	5.2134273849E-3
2.4930477432E+0	2.4614402558E+2	5.1980587783E-3
2.4982380815E+0	2.5780257862E+2	5.1826033052E-3
2.5034129210E+0	2.6866378957E+2	5.1670612238E-3
2.5085721752E+0	2.7854085619E+2	5.1514327939E-3
2.5137157579E+0	2.8736940934E+2	5.1357182766E-3
2.5188435831E+0	2.9498109182E+2	5.1199179345E-3
2.5239555652E+0	3.0134018136E+2	5.1040320318E-3
2.5290516187E+0	3.0633394996E+2	5.0880608338E-3
2.5341316585E+0	3.0992775760E+2	5.0720046074E-3
2.5391955997E+0	3.1208849310E+2	5.0558636210E-3
2.5442433576E+0	3.1277311329E+2	5.0396381444E-3
2.5492748479E+0	3.1202340223E+2	5.0233284486E-3
2.5542899865E+0	3.0980557230E+2	5.0069348063E-3
2.5592886896E+0	3.0620331985E+2	4.9904574913E-3
2.5642708737E+0	3.0122648045E+2	4.9738967791E-3
2.5692364555E+0	2.9495993348E+2	4.9572529464E-3
2.5741853520E+0	2.8748164226E+2	4.9405262713E-3
2.5791174805E+0	2.7885809882E+2	4.9237170334E-3
2.5840327586E+0	2.6922619277E+2	4.9068255135E-3
2.5889311042E+0	2.5864980826E+2	4.8898519940E-3
2.5938124354E+0	2.4728319331E+2	4.8727967585E-3
2.5986766706E+0	2.3522202299E+2	4.8556600920E-3
2.6035237285E+0	2.2259506864E+2	4.8384422809E-3
2.6083535282E+0	2.0954538487E+2	4.8211436130E-3
2.6131659889E+0	1.9616809713E+2	4.8037643772E-3
2.6179610302E+0	1.8262741633E+2	4.7863048641E-3
2.6227385719E+0	1.6901501621E+2	4.7687653653E-3
2.6274985343E+0	1.5546800290E+2	4.7511461741E-3
2.6322408378E+0	1.4210489169E+2	4.7334475849E-3
2.6369654032E+0	1.2901300835E+2	4.7156698934E-3
2.6416721513E+0	1.1632646594E+2	4.6978133967E-3
2.6463610038E+0	1.0410799607E+2	4.6798783932E-3
2.6510318821E+0	9.2461495985E+1	4.6618651826E-3
2.6556847082E+0	8.1462540819E+1	4.6437740661E-3
2.6603194043E+0	7.1158631199E+1	4.6256053458E-3
2.6649358931E+0	6.1633975834E+1	4.6073593254E-3
2.6695340973E+0	5.2906361337E+1	4.5890363098E-3
2.6741139402E+0	4.5024897890E+1	4.5706366053E-3
2.6786753451E+0	3.8017860996E+1	4.5521605193E-3
2.6832182358E+0	3.1878855080E+1	4.5336083606E-3
2.6877425365E+0	2.6638855528E+1	4.5149804392E-3
2.6922481716E+0	2.2271635270E+1	4.4962770664E-3
2.6967350656E+0	1.8767509881E+1	4.4774985548E-3
2.7012031437E+0	1.6116657878E+1	4.4586452181E-3
2.7056523312E+0	1.4264437348E+1	4.4397173715E-3
2.7100825537E+0	1.3195098262E+1	4.4207153312E-3
2.7144937373E+0	1.2856059637E+1	4.4016394148E-3
2.7188858081E+0	1.3188207185E+1	4.3824899412E-3
2.7232586927E+0	1.4158803196E+1	4.3632672302E-3
2.7276123182E+0	1.5688471564E+1	4.3439716031E-3
2.7319466117E+0	1.7723981615E+1	4.3246033825E-3
2.7362615009E+0	2.0211299363E+1	4.3051628919E-3
2.7405569135E+0	2.3064531324E+1	4.2856504563E-3
2.7448327779E+0	2.6236792438E+1	4.2660664016E-3
2.7490890226E+0	2.9658126071E+1	4.2464110553E-3
2.7533255764E+0	3.3251246808E+1	4.2266847457E-3
2.7575423685E+0	3.6973617270E+1	4.2068878026E-3
2.7617393285E+0	4.0749925865E+1	4.1870205567E-3
2.7659163863E+0	4.4519374396E+1	4.1670833400E-3
2.7700734720E+0	4.8243522203E+1	4.1470764858E-3
2.7742105162E+0	5.1852142205E+1	4.1270003283E-3
2.7783274497E+0	5.5303500876E+1	4.1068552032E-3
2.7824242037E+0	5.8565172302E+1	4.0866414469E-3
2.7865007098E+0	6.1579341483E+1	4.0663593974E-3
2.7905568999E+0	6.4323108046E+1	4.0460093936E-3
2.7945927061E+0	6.6772824849E+1	4.0255917754E-3
2.7986080610E+0	6.8886655611E+1	4.0051068843E-3
2.8026028975E+0	7.0659052033E+1	3.9845550624E-3
2.8065771489E+0	7.2077415657E+1	3.9639366533E-3
2.8105307487E+0	7.3116297027E+1	3.9432520014E-3
2.8144636309E+0	7.3785372795E+1	3.9225014525E-3
2.8183757298E+0	7.4084188544E+1	3.9016853533E-3
2.8222669799E+0	7.4001900451E+1	3.8808040517E-3
2.8261373163E+0	7.3560722018E+1	3.8598578967E-3
2.8299866742E+0	7.2772209392E+1	3.8388472382E-3
2.8338149894E+0	7.1637091173E+1	3.8177724274E-3
2.8376221978E+0	7.0186796839E+1	3.7966338166E-3
2.8414082359E+0	6.8443809070E+1	3.7754317588E-3
2.8451730403E+0	6.6416980464E+1	3.7541666086E-3
2.8489165482E+0	6.4142965159E+1	3.7328387211E-3
2.8526386969E+0	6.1653435092E+1	3.7114484529E-3
2.8563394244E+0	5.8962282857E+1	3.6899961614E-3
2.8600186687E+0	5.6106842220E+1	3.6684822051E-3
2.8636763684E+0	5.3125648679E+1	3.6469069436E-3
2.8673124623E+0	5.0035618032E+1	3.6252707373E-3
2.8709268897E+0	4.6870097107E+1	3.6035739479E-3
2.8745195901E+0	4.3671281796E+1	3.5818169379E-3
2.8780905036E+0	4.0458569380E+1	3.5600000709E-3
2.8816395704E+0	3.7257478775E+1	3.5381237115E-3
2.8851667313E+0	3.4109308030E+1	3.5161882254E-3
2.8886719273E+0	3.1036524620E+1	3.4941939790E-3
2.8921550998E+0	2.8055270180E+1	3.4721413399E-3
2.8956161906E+0	2.5200013997E+1	3.4500306767E-3
2.8990551419E+0	2.2496475015E+1	3.4278623588E-3
2.9024718962E+0	1.9953482255E+1	3.4056367567E-3
2.9058663965E+0	1.7592838099E+1	3.3833542419E-3
2.9092385859E+0	1.5440895153E+1	3.3610151867E-3
2.9125884081E+0	1.3504428301E+1	3.3386199643E-3
2.9159158072E+0	1.1790188747E+1	3.3161689492E-3
2.9192207275E+0	1.0318514397E+1	3.2936625164E-3
2.9225031139E+0	9.0988770696E+0	3.2711010421E-3
2.9257629114E+0	8.1273105889E+0	3.2484849032E-3
2.9290000656E+0	7.4104523985E+0	3.2258144779E-3
2.9322145224E+0	6.9591164931E+0	3.2030901448E-3
2.9354062280E+0	6.7681283529E+0	3.1803122838E-3
2.9385751292E+0	6.8290418712E+0	3.1574812755E-3
2.9417211730E+0	7.1453406257E+0	3.1345975014E-3
2.9448443068E+0	7.7165352997E+0	3.1116613440E-3
2.9479444784E+0	8.5282626294E+0	3.0886731866E-3
2.9510216360E+0	9.5696065979E+0	3.0656334132E-3
2.9540757281E+0	1.0838968055E+1	3.0425424091E-3
2.9571067038E+0	1.2327149012E+1	3.0194005599E-3
2.9601145124E+0	1.4014870225E+1	2.9962082525E-3
2.9630991036E+0	1.5889033633E+1	2.9729658744E-3
2.9660604276E+0	1.7943458383E+1	2.9496738141E-3
2.9689984348E+0	2.0164046018E+1	2.9263324607E-3
2.9719130762E+0	2.2529304264E+1	2.9029422044E-3
2.9748043031E+0	2.5024237345E+1	2.8795034361E-3
2.9776720671E+0	2.7639874220E+1	2.8560165473E-3
2.9805163203E+0	3.0360726011E+1	2.8324819307E-3
2.9833370151E+0	3.3165034366E+1	2.8088999795E-3
2.9861341046E+0	3.6036480048E+1	2.7852710878E-3
2.9889075418E+0	3.8965081705E+1	2.7615956505E-3
2.9916572805E+0	4.1936763274E+1	2.7378740632E-3
2.9943832747E+0	4.4931364989E+1	2.7141067224E-3
2.9970854788E+0	4.7931992315E+1	2.6902940251E-3
2.9997638477E+0	5.0928611313E+1	2.6664363695E-3
3.0024183367E+0	5.3910386855E+1	2.6425341541E-3
3.0050489013E+0	5.6860820327E+1	2.6185877784E-3
3.0076554977E+0	5.9763572934E+1	2.5945976426E-3
3.0102380822E+0	6.2608536801E+1	2.5705641475E-3
3.0127966116E+0	6.5388431006E+1	2.5464876949E-3
3.0153310434E+0	6.8092302157E+1	2.5223686871E-3
3.0178413350E+0	7.0706403569E+1	2.4982075270E-3
3.0203274445E+0	7.3220399492E+1	2.4740046186E-3
3.0227893304E+0	7.5629027583E+1	2.4497603662E-3
3.0252269516E+0	7.7927238010E+1	2.4254751751E-3
3.0276402673E+0	8.0106595883E+1	2.4011494510E-3
3.0300292371E+0	8.2157961641E+1	2.3767836004E-3
3.0323938212E+0	8.4075999781E+1	2.3523780306E-3
3.0347339801E+0	8.5859066356E+1	2.3279331494E-3
3.0370496746E+0	8.7505123269E+1	2.3034493653E-3
3.0393408660E+0	8.9009560621E+1	2.2789270875E-3
3.0416075160E+0	9.0367530479E+1	2.2543667257E-3
3.0438495869E+0	9.1577249771E+1	2.2297686905E-3
3.0460670410E+0	9.2639960650E+1	2.2051333928E-3
3.0482598414E+0	9.3556959504E+1	2.1804612443E-3
3.0504279513E+0	9.4327620599E+1	2.1557526574E-3
3.0525713347E+0	9.4950600921E+1	2.1310080450E-3
3.0546899556E+0	9.5426395903E+1	2.1062278206E-3
3.0567837786E+0	9.5758123310E+1	2.0814123983E-3
3.0588527688E+0	9.5949842576E+1	2.0565621928E-3
3.0608968915E+0	9.6004534276E+1	2.0316776194E-3
3.0629161127E+0	9.5923909757E+1	2.0067590939E-3
3.0649103985E+0	9.5709970045E+1	1.9818070327E-3
3.0668797157E+0	9.5366450529E+1	1.9568218529E-3
3.0688240313E+0	9.4898682316E+1	1.9318039720E-3
3.0707433129E+0	9.4312191729E+1	1.9067538080E-3
3.0726375283E+0	9.3611527985E+1	1.8816717796E-3
3.0745066460E+0	9.2800350288E+1	1.8565583060E-3
3.0763506346E+0	9.1882484571E+1	1.8314138067E-3
3.0781694634E+0	9.0862843348E+1	1.8062387021E-3
3.0799631019E+0	8.9747402727E+1	1.7810334128E-3
3.0817315203E+0	8.8542374128E+1	1.7557983600E-3
3.0834746889E+0	8.7253359812E+1	1.7305339655E-3
3.0851925786E+0	8.5885154191E+1	1.7052406515E-3
3.0868851607E+0	8.4442225058E+1	1.6799188405E-3
3.0885524069E+0	8.2929383818E+1	1.6545689559E-3
3.0901942894E+0	8.1352101275E+1	1.6291914212E-3
3.0918107807E+0	7.9716283538E+1	1.6037866605E-3
3.0934018538E+0	7.8027744385E+1	1.5783550984E-3
3.0949674821E+0	7.6291777103E+1	1.5528971598E-3
3.0965076394E+0	7.4513082445E+1	1.5274132703E-3
3.0980223001E+0	7.2696027172E+1	1.5019038556E-3
3.0995114388E+0	7.0845006000E+1	1.4763693421E-3
3.1009750306E+0	6.8964662547E+1	1.4508101565E-3
3.1024130510E+0	6.7059858627E+1	1.4252267258E-3
3.1038254761E+0	6.5135451548E+1	1.3996194778E-3
3.1052122822E+0	6.3196036261E+1	1.3739888402E-3
3.1065734461E+0	6.1245794690E+1	1.3483352414E-3
3.1079089451E+0	5.9288506242E+1	1.3226591101E-3
3.1092187570E+0	5.7327679818E+1	1.2969608754E-3
3.1105028597E+0	5.5366717662E+1	1.2712409668E-3
3.1117612318E+0	5.3409027040E+1	1.2454998140E-3
3.1129938524E+0	5.1458039224E+1	1.2197378472E-3
3.1142007007E+0	4.9517146789E+1	1.1939554970E-3
3.1153817567E+0	4.7589603820E+1	1.1681531941E-3
3.1165370006E+0	4.5678438784E+1	1.1423313699E-3
3.1176664131E+0	4.3786412261E+1	1.1164904558E-3
3.1187699753E+0	4.1916025934E+1	1.0906308836E-3
3.1198476688E+0	4.0069568451E+1	1.0647530855E-3
3.1208994755E+0	3.8249174438E+1	1.0388574939E-3
3.1219253780E+0	3.6456874808E+1	1.0129445417E-3
3.1229253590E+0	3.4694625310E+1	9.8701466182E-4
3.1238994018E+0	3.2964310954E+1	9.6106828758E-4
3.1248474902E+0	3.1267732309E+1	9.3510585261E-4
3.1257696083E+0	2.9606583703E+1	9.0912779076E-4
3.1266657407E+0	2.7982432989E+1	8.8313453619E-4
3.1275358724E+0	2.6396709350E+1	8.5712652325E-4
3.1283799890E+0	2.4850701439E+1	8.3110418659E-4
3.1291980762E+0	2.3345564736E+1	8.0506796108E-4
3.1299901204E+0	2.1882334966E+1	7.7901828182E-4
3.1307561084E+0	2.0461943930E+1	7.5295558414E-4
3.1314960274E+0	1.9085234675E+1	7.2688030358E-4
3.1322098650E+0	1.7752974043E+1	7.0079287589E-4
3.1328976092E+0	1.6465861816E+1	6.7469373705E-4
3.1335592487E+0	1.5224536630E+1	6.4858332323E-4
3.1341947723E+0	1.4029579426E+1	6.2246207073E-4
3.1348041694E+0	1.2881515398E+1	5.9633041614E-4
3.1353874298E+0	1.1780815377E+1	5.7018879612E-4
3.1359445438E+0	1.0727897346E+1	5.4403764760E-4
3.1364755020E+0	9.7231284892E+0	5.1787740760E-4
3.1369802957E+0	8.7668279389E+0	4.9170851331E-4
3.1374589163E+0	7.8592701540E+0	4.6553140213E-4
3.1379113559E+0	7.0006887777E+0	4.3934651156E-4
3.1383376069E+0	6.1912807528E+0	4.1315427928E-4
3.1387376622E+0	5.4312104903E+0	3.8695514312E-4
3.1391115150E+0	4.7206139227E+0	3.6074954110E-4
3.1394591592E+0	4.0596023208E+0	3.3453791144E-4
3.1397805890E+0	3.4482658044E+0	3.0832069259E-4
3.1400757989E+0	2.8866765161E+0	2.8209832342E-4
3.1403447841E+0	2.3748914541E+0	2.5587124334E-4
3.1405875400E+0	1.9129549821E+0	2.2963989267E-4
3.1408040626E+0	1.5009010368E+0	2.0340471372E-4
3.1409943483E+0	1.1387550599E+0	1.7716615272E-4
3.1411583939E+0	8.2653567255E-1	1.5092466531E-4
3.1412961968E+0	5.6425610029E-1	1.2468073282E-4
3.1414077547E+0	3.5192532112E-1	9.8434919423E-5
3.1414930663E+0	1.8954875447E-1	7.2188137769E-5
3.1415521316E+0	7.7127251809E-2	4.5943520243E-5
3.1415849628E+0	1.4638147682E-2	1.9736940383E-5