# Differential cross section		
# Author: P. Swaczyna	Princeton University	(swaczyna@princeton.edu)
# Date: 	Wed 17 Feb 2021 06:48:08	
# 		
# Indistinguishable particle collision: He^0 + He^+ -> He^0 + He^+		
# 		
# Red. mass: 	1.8640723202E+9	 eV/c^2
# CM energy: 	3.3113112148E-3	 eV
# Rel speed: 	5.6507269472E+4	 cm/s
# Tot sigma: 	2.4082933677E+3	 a.u.
# Int sigma: 	2.4082933678E+3	 a.u.
# 		
# Columns:		
# the <- scattering angle (rad)		
# dcs <- dsigma/dOmega*2*pi*sin(the) (a.u. = 2.8002852056E-17 cm^2)		
# wei <- weight for cross section integration (approx. width of angle bin)		
# 		
# the	dcs	wei
7.6907532846E-6	4.9471522920E+0	1.9736940383E-5
4.0521979771E-5	2.6066047768E+1	4.5943520243E-5
9.9587300392E-5	6.4058788575E+1	7.2188137769E-5
1.8489884726E-4	1.1892696058E+2	9.8434919423E-5
2.9645680168E-4	1.9065323859E+2	1.2468073282E-4
4.3425968311E-4	2.7919884049E+2	1.5092466531E-4
5.9830531657E-4	3.8449233758E+2	1.7716615272E-4
7.8859101285E-4	5.0641558291E+2	2.0340471372E-4
1.0051136166E-3	6.4478766455E+2	2.2963989267E-4
1.2478695220E-3	7.9934772938E+2	2.5587124334E-4
1.5168546797E-3	9.6973784046E+2	2.8209832342E-4
1.8120645986E-3	1.1554874372E+3	3.0832069259E-4
2.1334943481E-3	1.3560013773E+3	3.3453791144E-4
2.4811385584E-3	1.5705538651E+3	3.6074954110E-4
2.8549914211E-3	1.7982906966E+3	3.8695514312E-4
3.2550466893E-3	2.0382420457E+3	4.1315427928E-4
3.6812976783E-3	2.2893473339E+3	4.3934651156E-4
4.1337372652E-3	2.5504924771E+3	4.6553140213E-4
4.6123578895E-3	2.8205579537E+3	4.9170851331E-4
5.1171515529E-3	3.0984738134E+3	5.1787740760E-4
5.6481098199E-3	3.3832752218E+3	5.4403764760E-4
6.2052238176E-3	3.6741498932E+3	5.7018879612E-4
6.7884842360E-3	3.9704674214E+3	5.9633041614E-4
7.3978813281E-3	4.2717807644E+3	6.2246207073E-4
8.0334049101E-3	4.5777925660E+3	6.4858332323E-4
8.6950443616E-3	4.8882839403E+3	6.7469373705E-4
9.3827886258E-3	5.2030106703E+3	7.0079287589E-4
1.0096626210E-2	5.5215806989E+3	7.2688030358E-4
1.0836545184E-2	5.8433357480E+3	7.5295558414E-4
1.1602533184E-2	6.1672664632E+3	7.7901828182E-4
1.2394577408E-2	6.4919915999E+3	8.0506796108E-4
1.3212664621E-2	6.8158244093E+3	8.3110418659E-4
1.4056781152E-2	7.1369318395E+3	8.5712652325E-4
1.4926912893E-2	7.4535657955E+3	8.8313453619E-4
1.5823045305E-2	7.7643162989E+3	9.0912779076E-4
1.6745163410E-2	8.0683141336E+3	9.3510585261E-4
1.7693251801E-2	8.3653072802E+3	9.6106828758E-4
1.8667294632E-2	8.6555595590E+3	9.8701466182E-4
1.9667275626E-2	8.9395710192E+3	1.0129445417E-3
2.0693178073E-2	9.2176855042E+3	1.0388574939E-3
2.1744984827E-2	9.4897091856E+3	1.0647530855E-3
2.2822678313E-2	9.7546884373E+3	1.0906308836E-3
2.3926240519E-2	1.0010965228E+4	1.1164904558E-3
2.5055653005E-2	1.0256538172E+4	1.1423313699E-3
2.6210896896E-2	1.0489628346E+4	1.1681531941E-3
2.7391952886E-2	1.0709231110E+4	1.1939554970E-3
2.8598801239E-2	1.0915394203E+4	1.2197378472E-3
2.9831421786E-2	1.1109045944E+4	1.2454998140E-3
3.1089793929E-2	1.1291395201E+4	1.2712409668E-3
3.2373896638E-2	1.1463154638E+4	1.2969608754E-3
3.3683708455E-2	1.1623977066E+4	1.3226591101E-3
3.5019207490E-2	1.1772441048E+4	1.3483352414E-3
3.6380371427E-2	1.1906662315E+4	1.3739888402E-3
3.7767177517E-2	1.2025247723E+4	1.3996194778E-3
3.9179602586E-2	1.2128050584E+4	1.4252267258E-3
4.0617623030E-2	1.2216229521E+4	1.4508101565E-3
4.2081214817E-2	1.2291501513E+4	1.4763693421E-3
4.3570353490E-2	1.2355011871E+4	1.5019038556E-3
4.5085014162E-2	1.2406561455E+4	1.5274132703E-3
4.6625171522E-2	1.2444764495E+4	1.5528971598E-3
4.8190799831E-2	1.2468097353E+4	1.5783550984E-3
4.9781872927E-2	1.2476122714E+4	1.6037866605E-3
5.1398364219E-2	1.2469956960E+4	1.6291914212E-3
5.3040246694E-2	1.2451558434E+4	1.6545689559E-3
5.4707492914E-2	1.2422345282E+4	1.6799188405E-3
5.6400075017E-2	1.2382257719E+4	1.7052406515E-3
5.8117964718E-2	1.2330083871E+4	1.7305339655E-3
5.9861133308E-2	1.2264818680E+4	1.7557983600E-3
6.1629551657E-2	1.2186874985E+4	1.7810334128E-3
6.3423190212E-2	1.2098021313E+4	1.8062387021E-3
6.5242019000E-2	1.2000067290E+4	1.8314138067E-3
6.7086007624E-2	1.1893539698E+4	1.8565583060E-3
6.8955125270E-2	1.1777652928E+4	1.8816717796E-3
7.0849340702E-2	1.1651613993E+4	1.9067538080E-3
7.2768622264E-2	1.1515920076E+4	1.9318039720E-3
7.4712937885E-2	1.1372273728E+4	1.9568218529E-3
7.6682255070E-2	1.1222216303E+4	1.9818070327E-3
7.8676540910E-2	1.1066005242E+4	2.0067590939E-3
8.0695762079E-2	1.0902986208E+4	2.0316776194E-3
8.2739884832E-2	1.0732985457E+4	2.0565621928E-3
8.4808875009E-2	1.0557054399E+4	2.0814123983E-3
8.6902698034E-2	1.0376704284E+4	2.1062278206E-3
8.9021318917E-2	1.0192646112E+4	2.1310080450E-3
9.1164702253E-2	1.0004625580E+4	2.1557526574E-3
9.3332812224E-2	9.8124712200E+3	2.1804612443E-3
9.5525612596E-2	9.6169025741E+3	2.2051333928E-3
9.7743066726E-2	9.4190635416E+3	2.2297686905E-3
9.9985137556E-2	9.2195504326E+3	2.2543667257E-3
1.0225178762E-1	9.0183183697E+3	2.2789270875E-3
1.0454297904E-1	8.8154575213E+3	2.3034493653E-3
1.0685867352E-1	8.6115942432E+3	2.3279331494E-3
1.0919883237E-1	8.4074063207E+3	2.3523780306E-3
1.1156341648E-1	8.2031678387E+3	2.3767836004E-3
1.1395238633E-1	7.9990251271E+3	2.4011494510E-3
1.1636570200E-1	7.7953658256E+3	2.4254751751E-3
1.1880332317E-1	7.5925912842E+3	2.4497603662E-3
1.2126520909E-1	7.3908344028E+3	2.4740046186E-3
1.2375131862E-1	7.1902781844E+3	2.4982075270E-3
1.2626161023E-1	6.9914250389E+3	2.5223686871E-3
1.2879604195E-1	6.7946147106E+3	2.5464876949E-3
1.3135457143E-1	6.5996621890E+3	2.5705641475E-3
1.3393715592E-1	6.4065234794E+3	2.5945976426E-3
1.3654375226E-1	6.2158400640E+3	2.6185877784E-3
1.3917431689E-1	6.0281028857E+3	2.6425341541E-3
1.4182880585E-1	5.8428743124E+3	2.6664363695E-3
1.4450717478E-1	5.6597809588E+3	2.6902940251E-3
1.4720937892E-1	5.4795486524E+3	2.7141067224E-3
1.4993537310E-1	5.3028490511E+3	2.7378740632E-3
1.5268511179E-1	5.1290301072E+3	2.7615956505E-3
1.5545854902E-1	4.9574658948E+3	2.7852710878E-3
1.5825563845E-1	4.7890178882E+3	2.8088999795E-3
1.6107633333E-1	4.6244266102E+3	2.8324819307E-3
1.6392058653E-1	4.4627550278E+3	2.8560165473E-3
1.6678835052E-1	4.3033414677E+3	2.8795034361E-3
1.6967957737E-1	4.1473191010E+3	2.9029422044E-3
1.7259421876E-1	3.9952418927E+3	2.9263324607E-3
1.7553222599E-1	3.8458111351E+3	2.9496738141E-3
1.7849354996E-1	3.6987117062E+3	2.9729658744E-3
1.8147814117E-1	3.5553801961E+3	2.9962082525E-3
1.8448594977E-1	3.4157678023E+3	3.0194005599E-3
1.8751692548E-1	3.2783893588E+3	3.0425424091E-3
1.9057101764E-1	3.1437535001E+3	3.0656334132E-3
1.9364817522E-1	3.0132191382E+3	3.0886731866E-3
1.9674834681E-1	2.8857862180E+3	3.1116613440E-3
1.9987148058E-1	2.7604773489E+3	3.1345975014E-3
2.0301752435E-1	2.6387382035E+3	3.1574812755E-3
2.0618642554E-1	2.5209704392E+3	3.1803122838E-3
2.0937813120E-1	2.4056009244E+3	3.2030901448E-3
2.1259258799E-1	2.2930661575E+3	3.2258144779E-3
2.1582974219E-1	2.1848014885E+3	3.2484849032E-3
2.1908953970E-1	2.0797267726E+3	3.2711010421E-3
2.2237192605E-1	1.9771600012E+3	3.2936625164E-3
2.2567684639E-1	1.8787012865E+3	3.3161689492E-3
2.2900424548E-1	1.7842223749E+3	3.3386199643E-3
2.3235406772E-1	1.6924379460E+3	3.3610151867E-3
2.3572625713E-1	1.6045010669E+3	3.3833542419E-3
2.3912075735E-1	1.5210905535E+3	3.4056367567E-3
2.4253751167E-1	1.4408683814E+3	3.4278623588E-3
2.4597646298E-1	1.3643786444E+3	3.4500306767E-3
2.4943755380E-1	1.2927303912E+3	3.4721413399E-3
2.5292072631E-1	1.2248323177E+3	3.4941939790E-3
2.5642592230E-1	1.1607456625E+3	3.5161882254E-3
2.5995308318E-1	1.1016786023E+3	3.5381237115E-3
2.6350215001E-1	1.0468396091E+3	3.5600000709E-3
2.6707306349E-1	9.9601713836E+2	3.5818169379E-3
2.7066576394E-1	9.5031939279E+2	3.6035739479E-3
2.7428019131E-1	9.0917492987E+2	3.6252707373E-3
2.7791628522E-1	8.7227930802E+2	3.6469069436E-3
2.8157398488E-1	8.4054569603E+2	3.6684822051E-3
2.8525322919E-1	8.1351323327E+2	3.6899961614E-3
2.8895395665E-1	7.9090213976E+2	3.7114484529E-3
2.9267610542E-1	7.7338388344E+2	3.7328387211E-3
2.9641961330E-1	7.6053029269E+2	3.7541666086E-3
3.0018441773E-1	7.5214325825E+2	3.7754317588E-3
3.0397045579E-1	7.4861681462E+2	3.7966338166E-3
3.0777766421E-1	7.4953745702E+2	3.8177724274E-3
3.1160597938E-1	7.5478542560E+2	3.8388472382E-3
3.1545533730E-1	7.6445001400E+2	3.8598578967E-3
3.1932567367E-1	7.7817585152E+2	3.8808040517E-3
3.2321692379E-1	7.9584803307E+2	3.9016853533E-3
3.2712902264E-1	8.1726713519E+2	3.9225014525E-3
3.3106190484E-1	8.4220634516E+2	3.9432520014E-3
3.3501550468E-1	8.7041369471E+2	3.9639366533E-3
3.3898975607E-1	9.0151539907E+2	3.9845550624E-3
3.4298459261E-1	9.3542792123E+2	4.0051068843E-3
3.4699994753E-1	9.7161106382E+2	4.0255917754E-3
3.5103575373E-1	1.0097477708E+3	4.0460093936E-3
3.5509194378E-1	1.0497541555E+3	4.0663593974E-3
3.5916844988E-1	1.0907875974E+3	4.0866414469E-3
3.6326520391E-1	1.1328282778E+3	4.1068552032E-3
3.6738213741E-1	1.1754804411E+3	4.1270003283E-3
3.7151918157E-1	1.2178794258E+3	4.1470764858E-3
3.7567626728E-1	1.2602950652E+3	4.1670833400E-3
3.7985332504E-1	1.3017735029E+3	4.1870205567E-3
3.8405028507E-1	1.3419376158E+3	4.2068878026E-3
3.8826707721E-1	1.3808946382E+3	4.2266847457E-3
3.9250363101E-1	1.4173737501E+3	4.2464110553E-3
3.9675987567E-1	1.4517402945E+3	4.2660664016E-3
4.0103574005E-1	1.4833337566E+3	4.2856504563E-3
4.0533115271E-1	1.5113986837E+3	4.3051628919E-3
4.0964604185E-1	1.5364809425E+3	4.3246033825E-3
4.1398033538E-1	1.5572411973E+3	4.3439716031E-3
4.1833396086E-1	1.5740691423E+3	4.3632672302E-3
4.2270684554E-1	1.5866433767E+3	4.3824899412E-3
4.2709891633E-1	1.5941183082E+3	4.4016394148E-3
4.3151009985E-1	1.5973444961E+3	4.4207153312E-3
4.3594032237E-1	1.5950856386E+3	4.4397173715E-3
4.4038950986E-1	1.5879394507E+3	4.4586452181E-3
4.4485758797E-1	1.5757427276E+3	4.4774985548E-3
4.4934448203E-1	1.5579143475E+3	4.4962770664E-3
4.5385011706E-1	1.5354811067E+3	4.5149804392E-3
4.5837441776E-1	1.5073809887E+3	4.5336083606E-3
4.6291730852E-1	1.4746277572E+3	4.5521605193E-3
4.6747871344E-1	1.4369687057E+3	4.5706366053E-3
4.7205855627E-1	1.3944378295E+3	4.5890363098E-3
4.7665676049E-1	1.3479735035E+3	4.6073593254E-3
4.8127324926E-1	1.2968748062E+3	4.6256053458E-3
4.8590794542E-1	1.2425169863E+3	4.6437740661E-3
4.9056077152E-1	1.1844457890E+3	4.6618651826E-3
4.9523164982E-1	1.1235133364E+3	4.6798783932E-3
4.9992050224E-1	1.0601776665E+3	4.6978133967E-3
5.0462725044E-1	9.9447398992E+2	4.7156698934E-3
5.0935181576E-1	9.2762728019E+2	4.7334475849E-3
5.1409411924E-1	8.5929047576E+2	4.7511461741E-3
5.1885408164E-1	7.9080649128E+2	4.7687653653E-3
5.2363162341E-1	7.2207678780E+2	4.7863048641E-3
5.2842666471E-1	6.5400315410E+2	4.8037643772E-3
5.3323912540E-1	5.8705412872E+2	4.8211436130E-3
5.3806892508E-1	5.2155511907E+2	4.8384422809E-3
5.4291598301E-1	4.5842490717E+2	4.8556600920E-3
5.4778021821E-1	3.9763676298E+2	4.8727967585E-3
5.5266154939E-1	3.4020903639E+2	4.8898519940E-3
5.5755989496E-1	2.8608048940E+2	4.9068255135E-3
5.6247517308E-1	2.3605454676E+2	4.9237170334E-3
5.6740730160E-1	1.9022615107E+2	4.9405262713E-3
5.7235619810E-1	1.4905239237E+2	4.9572529464E-3
5.7732177988E-1	1.1278631286E+2	4.9738967791E-3
5.8230396395E-1	8.1580544258E+1	4.9904574913E-3
5.8730266706E-1	5.5725374373E+1	5.0069348063E-3
5.9231780568E-1	3.5189321327E+1	5.0233284486E-3
5.9734929598E-1	2.0161116000E+1	5.0396381444E-3
6.0239705389E-1	1.0530173495E+1	5.0558636210E-3
6.0746099506E-1	6.3008880353E+0	5.0720046074E-3
6.1254103485E-1	7.3268283703E+0	5.0880608338E-3
6.1763708838E-1	1.3421991252E+1	5.1040320318E-3
6.2274907048E-1	2.4388208284E+1	5.1199179345E-3
6.2787689573E-1	3.9900495297E+1	5.1357182766E-3
6.3302047843E-1	5.9663352625E+1	5.1514327939E-3
6.3817973262E-1	8.3287776249E+1	5.1670612238E-3
6.4335457209E-1	1.1033794729E+2	5.1826033052E-3
6.4854491036E-1	1.4043051956E+2	5.1980587783E-3
6.5375066070E-1	1.7296992505E+2	5.2134273849E-3
6.5897173609E-1	2.0762762862E+2	5.2287088681E-3
6.6420804930E-1	2.4365874752E+2	5.2439029725E-3
6.6945951283E-1	2.8081583902E+2	5.2590094442E-3
6.7472603890E-1	3.1824022925E+2	5.2740280309E-3
6.8000753951E-1	3.5577449251E+2	5.2889584814E-3
6.8530392640E-1	3.9249662630E+2	5.3038005463E-3
6.9061511106E-1	4.2833881111E+2	5.3185539776E-3
6.9594100473E-1	4.6237038589E+2	5.3332185287E-3
7.0128151841E-1	4.9461026387E+2	5.3477939546E-3
7.0663656285E-1	5.2416946390E+2	5.3622800116E-3
7.1200604856E-1	5.5115242086E+2	5.3766764577E-3
7.1738988581E-1	5.7475241844E+2	5.3909830523E-3
7.2278798463E-1	5.9516117501E+2	5.4051995564E-3
7.2820025482E-1	6.1168252648E+2	5.4193257323E-3
7.3362660591E-1	6.2459943367E+2	5.4333613439E-3
7.3906694724E-1	6.3334188149E+2	5.4473061568E-3
7.4452118788E-1	6.3828830083E+2	5.4611599379E-3
7.4998923669E-1	6.3899872785E+2	5.4749224557E-3
7.5547100229E-1	6.3594927997E+2	5.4885934801E-3
7.6096639308E-1	6.2882405132E+2	5.5021727828E-3
7.6647531721E-1	6.1819496528E+2	5.5156601367E-3
7.7199768263E-1	6.0385651421E+2	5.5290553166E-3
7.7753339704E-1	5.8646885987E+2	5.5423580985E-3
7.8308236795E-1	5.6591801298E+2	5.5555682601E-3
7.8864450262E-1	5.4293815373E+2	5.5686855808E-3
7.9421970809E-1	5.1748523594E+2	5.5817098412E-3
7.9980789121E-1	4.9034628877E+2	5.5946408237E-3
8.0540895857E-1	4.6152539978E+2	5.6074783123E-3
8.1102281659E-1	4.3183472371E+2	5.6202220924E-3
8.1664937145E-1	4.0130664129E+2	5.6328719509E-3
8.2228852912E-1	3.7074529221E+2	5.6454276767E-3
8.2794019536E-1	3.4019516296E+2	5.6578890597E-3
8.3360427572E-1	3.1041577224E+2	5.6702558918E-3
8.3928067556E-1	2.8145205039E+2	5.6825279663E-3
8.4496930000E-1	2.5398165129E+2	5.6947050782E-3
8.5067005399E-1	2.2804262685E+2	5.7067870238E-3
8.5638284226E-1	2.0419654756E+2	5.7187736014E-3
8.6210756934E-1	1.8247027647E+2	5.7306646105E-3
8.6784413956E-1	1.6328235774E+2	5.7424598526E-3
8.7359245705E-1	1.4664490557E+2	5.7541591304E-3
8.7935242576E-1	1.3281804521E+2	5.7657622485E-3
8.8512394943E-1	1.2179373113E+2	5.7772690129E-3
8.9090693161E-1	1.1367321645E+2	5.7886792314E-3
8.9670127565E-1	1.0841905548E+2	5.7999927133E-3
9.0250688473E-1	1.0598946858E+2	5.8112092696E-3
9.0832366182E-1	1.0630432402E+2	5.8223287127E-3
9.1415150972E-1	1.0920917000E+2	5.8333508568E-3
9.1999033104E-1	1.1456632083E+2	5.8442755178E-3
9.2584002820E-1	1.2214810029E+2	5.8551025132E-3
9.3170050345E-1	1.3174811081E+2	5.8658316618E-3
9.3757165885E-1	1.4310544757E+2	5.8764627846E-3
9.4345339628E-1	1.5594456036E+2	5.8869957037E-3
9.4934561746E-1	1.7000222276E+2	5.8974302433E-3
9.5524822392E-1	1.8495021394E+2	5.9077662288E-3
9.6116111701E-1	2.0053734930E+2	5.9180034877E-3
9.6708419793E-1	2.1641815538E+2	5.9281418487E-3
9.7301736769E-1	2.3234964219E+2	5.9381811425E-3
9.7896052713E-1	2.4801831287E+2	5.9481212013E-3
9.8491357695E-1	2.6317371096E+2	5.9579618591E-3
9.9087641766E-1	2.7758440688E+2	5.9677029512E-3
9.9684894961E-1	2.9097860360E+2	5.9773443150E-3
1.0028310730E+0	3.0324018828E+2	5.9868857894E-3
1.0088226878E+0	3.1407980598E+2	5.9963272149E-3
1.0148236940E+0	3.2349751090E+2	6.0056684336E-3
1.0208339913E+0	3.3121795678E+2	6.0149092896E-3
1.0268534791E+0	3.3732091634E+2	6.0240496283E-3
1.0328820570E+0	3.4160105374E+2	6.0330892971E-3
1.0389196241E+0	3.4415572027E+2	6.0420281448E-3
1.0449660796E+0	3.4491049081E+2	6.0508660221E-3
1.0510213224E+0	3.4391918060E+2	6.0596027814E-3
1.0570852514E+0	3.4127431978E+2	6.0682382765E-3
1.0631577652E+0	3.3695732761E+2	6.0767723631E-3
1.0692387623E+0	3.3121313140E+2	6.0852048988E-3
1.0753281411E+0	3.2397334125E+2	6.0935357425E-3
1.0814257998E+0	3.1556478451E+2	6.1017647550E-3
1.0875316366E+0	3.0593642801E+2	6.1098917988E-3
1.0936455494E+0	2.9539433035E+2	6.1179167381E-3
1.0997674360E+0	2.8398203991E+2	6.1258394388E-3
1.1058971941E+0	2.7189568883E+2	6.1336597685E-3
1.1120347214E+0	2.5931410519E+2	6.1413775965E-3
1.1181799151E+0	2.4629251093E+2	6.1489927938E-3
1.1243326727E+0	2.3311753080E+2	6.1565052331E-3
1.1304928913E+0	2.1974693912E+2	6.1639147890E-3
1.1366604679E+0	2.0648555471E+2	6.1712213376E-3
1.1428352996E+0	1.9328542959E+2	6.1784247568E-3
1.1490172830E+0	1.8036336726E+2	6.1855249261E-3
1.1552063150E+0	1.6774896590E+2	6.1925217271E-3
1.1614022920E+0	1.5550830689E+2	6.1994150427E-3
1.1676051105E+0	1.4377044389E+2	6.2062047577E-3
1.1738146669E+0	1.3246785753E+2	6.2128907587E-3
1.1800308574E+0	1.2177618510E+2	6.2194729339E-3
1.1862535782E+0	1.1157778009E+2	6.2259511734E-3
1.1924827251E+0	1.0200425611E+2	6.2323253688E-3
1.1987181942E+0	9.2981573813E+1	6.2385954138E-3
1.2049598812E+0	8.4531820048E+1	6.2447612034E-3
1.2112076818E+0	7.6668245271E+1	6.2508226346E-3
1.2174614916E+0	6.9306879205E+1	6.2567796062E-3
1.2237212062E+0	6.2520056617E+1	6.2626320186E-3
1.2299867208E+0	5.6183474741E+1	6.2683797740E-3
1.2362579308E+0	5.0359229828E+1	6.2740227763E-3
1.2425347314E+0	4.4960197121E+1	6.2795609313E-3
1.2488170177E+0	3.9984914468E+1	6.2849941464E-3
1.2551046847E+0	3.5418919631E+1	6.2903223308E-3
1.2613976273E+0	3.1197772240E+1	6.2955453954E-3
1.2676957404E+0	2.7356943399E+1	6.3006632530E-3
1.2739989187E+0	2.3814907470E+1	6.3056758180E-3
1.2803070569E+0	2.0605463919E+1	6.3105830068E-3
1.2866200496E+0	1.7678844003E+1	6.3153847371E-3
1.2929377912E+0	1.5031911412E+1	6.3200809290E-3
1.2992601762E+0	1.2661257097E+1	6.3246715037E-3
1.3055870990E+0	1.0530255382E+1	6.3291563847E-3
1.3119184537E+0	8.6594133363E+0	6.3335354970E-3
1.3182541347E+0	7.0068567325E+0	6.3378087674E-3
1.3245940360E+0	5.5844331377E+0	6.3419761245E-3
1.3309380516E+0	4.3677864780E+0	6.3460374987E-3
1.3372860756E+0	3.3449221072E+0	6.3499928220E-3
1.3436380019E+0	2.5094514566E+0	6.3538420284E-3
1.3499937243E+0	1.8329417729E+0	6.3575850535E-3
1.3563531366E+0	1.3123430301E+0	6.3612218349E-3
1.3627161325E+0	9.1834232160E-1	6.3647523117E-3
1.3690826057E+0	6.3907648575E-1	6.3681764249E-3
1.3754524499E+0	4.5325659128E-1	6.3714941173E-3
1.3818255585E+0	3.3975694655E-1	6.3747053335E-3
1.3882018250E+0	2.8510969568E-1	6.3778100198E-3
1.3945811430E+0	2.6680377684E-1	6.3808081243E-3
1.4009634057E+0	2.7601344622E-1	6.3836995970E-3
1.4073485066E+0	2.9790343953E-1	6.3864843894E-3
1.4137363389E+0	3.2708817900E-1	6.3891624551E-3
1.4201267959E+0	3.6294299181E-1	6.3917337493E-3
1.4265197708E+0	4.0539961661E-1	6.3941982290E-3
1.4329151568E+0	4.7056466898E-1	6.3965558531E-3
1.4393128469E+0	5.6905593586E-1	6.3988065821E-3
1.4457127343E+0	7.3077957605E-1	6.4009503785E-3
1.4521147120E+0	9.8522827081E-1	6.4029872063E-3
1.4585186731E+0	1.3696204567E+0	6.4049170317E-3
1.4649245104E+0	1.9375526836E+0	6.4067398222E-3
1.4713321170E+0	2.7309263966E+0	6.4084555476E-3
1.4777413858E+0	3.8212912336E+0	6.4100641790E-3
1.4841522097E+0	5.2617998581E+0	6.4115656896E-3
1.4905644815E+0	7.1244817881E+0	6.4129600544E-3
1.4969780940E+0	9.4822945757E+0	6.4142472499E-3
1.5033929402E+0	1.2392715658E+1	6.4154272548E-3
1.5098089128E+0	1.5942978807E+1	6.4165000493E-3
1.5162259046E+0	2.0177743673E+1	6.4174656154E-3
1.5226438083E+0	2.5173388882E+1	6.4183239370E-3
1.5290625167E+0	3.0975651186E+1	6.4190749998E-3
1.5354819225E+0	3.7622477002E+1	6.4197187912E-3
1.5419019185E+0	4.5163913036E+1	6.4202553005E-3
1.5483223974E+0	5.3593949063E+1	6.4206845187E-3
1.5547432518E+0	6.2944560672E+1	6.4210064386E-3
1.5611643745E+0	7.3185033547E+1	6.4212210549E-3
1.5675856581E+0	8.4296038915E+1	6.4213283639E-3
1.5740069954E+0	9.6240564863E+1	6.4213283639E-3
1.5804282791E+0	1.0893572447E+2	6.4212210549E-3
1.5868494018E+0	1.2233043477E+2	6.4210064386E-3
1.5932702562E+0	1.3629967716E+2	6.4206845187E-3
1.5996907351E+0	1.5075080023E+2	6.4202553005E-3
1.6061107310E+0	1.6554917911E+2	6.4197187912E-3
1.6125301369E+0	1.8054604096E+2	6.4190749998E-3
1.6189488453E+0	1.9560883792E+2	6.4183239370E-3
1.6253667490E+0	2.1055181617E+2	6.4174656154E-3
1.6317837408E+0	2.2523157219E+2	6.4165000493E-3
1.6381997134E+0	2.3946279648E+2	6.4154272548E-3
1.6446145595E+0	2.5308073399E+2	6.4142472499E-3
1.6510281721E+0	2.6592447384E+2	6.4129600544E-3
1.6574404439E+0	2.7782261750E+2	6.4115656896E-3
1.6638512678E+0	2.8863926686E+2	6.4100641790E-3
1.6702605366E+0	2.9822707490E+2	6.4084555476E-3
1.6766681432E+0	3.0647234470E+2	6.4067398222E-3
1.6830739805E+0	3.1327181490E+2	6.4049170317E-3
1.6894779416E+0	3.1854661674E+2	6.4029872063E-3
1.6958799193E+0	3.2223867406E+2	6.4009503785E-3
1.7022798067E+0	3.2432290633E+2	6.3988065821E-3
1.7086774968E+0	3.2478705031E+2	6.3965558531E-3
1.7150728827E+0	3.2366173687E+2	6.3941982290E-3
1.7214658576E+0	3.2099565652E+2	6.3917337493E-3
1.7278563146E+0	3.1685794275E+2	6.3891624551E-3
1.7342441470E+0	3.1137268921E+2	6.3864843894E-3
1.7406292478E+0	3.0463766048E+2	6.3836995970E-3
1.7470115106E+0	2.9683703278E+2	6.3808081243E-3
1.7533908286E+0	2.8811470416E+2	6.3778100198E-3
1.7597670951E+0	2.7866870061E+2	6.3747053335E-3
1.7661402037E+0	2.6871411436E+2	6.3714941173E-3
1.7725100479E+0	2.5842446515E+2	6.3681764249E-3
1.7788765211E+0	2.4807454112E+2	6.3647523117E-3
1.7852395170E+0	2.3782144365E+2	6.3612218349E-3
1.7915989293E+0	2.2793597050E+2	6.3575850535E-3
1.7979546517E+0	2.1860271408E+2	6.3538420284E-3
1.8043065780E+0	2.1001385426E+2	6.3499928220E-3
1.8106546020E+0	2.0240387135E+2	6.3460374987E-3
1.8169986176E+0	1.9586383392E+2	6.3419761245E-3
1.8233385189E+0	1.9063332692E+2	6.3378087674E-3
1.8296741999E+0	1.8675106846E+2	6.3335354970E-3
1.8360055546E+0	1.8436932687E+2	6.3291563847E-3
1.8423324774E+0	1.8354404325E+2	6.3246715037E-3
1.8486548624E+0	1.8427372545E+2	6.3200809290E-3
1.8549726040E+0	1.8664740143E+2	6.3153847371E-3
1.8612855967E+0	1.9052860134E+2	6.3105830068E-3
1.8675937349E+0	1.9597583994E+2	6.3056758180E-3
1.8738969132E+0	2.0280850348E+2	6.3006632530E-3
1.8801950263E+0	2.1096216685E+2	6.2955453954E-3
1.8864879689E+0	2.2029920145E+2	6.2903223308E-3
1.8927756359E+0	2.3059334891E+2	6.2849941464E-3
1.8990579222E+0	2.4176285968E+2	6.2795609313E-3
1.9053347228E+0	2.5347472792E+2	6.2740227763E-3
1.9116059328E+0	2.6563781721E+2	6.2683797740E-3
1.9178714474E+0	2.7792549845E+2	6.2626320186E-3
1.9241311620E+0	2.9015698164E+2	6.2567796062E-3
1.9303849718E+0	3.0210342114E+2	6.2508226346E-3
1.9366327724E+0	3.1347307783E+2	6.2447612034E-3
1.9428744594E+0	3.2414728472E+2	6.2385954138E-3
1.9491099285E+0	3.3378541743E+2	6.2323253688E-3
1.9553390754E+0	3.4231936550E+2	6.2259511734E-3
1.9615617961E+0	3.4946496425E+2	6.2194729339E-3
1.9677779867E+0	3.5513132720E+2	6.2128907587E-3
1.9739875431E+0	3.5917118579E+2	6.2062047577E-3
1.9801903616E+0	3.6144366215E+2	6.1994150427E-3
1.9863863386E+0	3.6194968379E+2	6.1925217271E-3
1.9925753706E+0	3.6053551102E+2	6.1855249261E-3
1.9987573540E+0	3.5729872208E+2	6.1784247568E-3
2.0049321857E+0	3.5214471778E+2	6.1712213376E-3
2.0110997623E+0	3.4519691572E+2	6.1639147890E-3
2.0172599809E+0	3.3647755463E+2	6.1565052331E-3
2.0234127385E+0	3.2609109089E+2	6.1489927938E-3
2.0295579322E+0	3.1418664539E+2	6.1413775965E-3
2.0356954595E+0	3.0084906387E+2	6.1336597685E-3
2.0418252176E+0	2.8631677565E+2	6.1258394388E-3
2.0479471042E+0	2.7068484091E+2	6.1179167381E-3
2.0540610170E+0	2.5422176582E+2	6.1098917988E-3
2.0601668538E+0	2.3706395674E+2	6.1017647550E-3
2.0662645125E+0	2.1945972719E+2	6.0935357425E-3
2.0723538913E+0	2.0159606714E+2	6.0852048988E-3
2.0784348884E+0	1.8367686149E+2	6.0767723631E-3
2.0845074022E+0	1.6592182441E+2	6.0682382765E-3
2.0905713312E+0	1.4849059146E+2	6.0596027814E-3
2.0966265740E+0	1.3160163993E+2	6.0508660221E-3
2.1026730295E+0	1.1538159326E+2	6.0420281448E-3
2.1087105966E+0	1.0001444141E+2	6.0330892971E-3
2.1147391745E+0	8.5602226970E+1	6.0240496283E-3
2.1207586623E+0	7.2274155200E+1	6.0149092896E-3
2.1267689596E+0	6.0106750101E+1	6.0056684336E-3
2.1327699657E+0	4.9170089203E+1	5.9963272149E-3
2.1387615806E+0	3.9506838375E+1	5.9868857894E-3
2.1447437040E+0	3.1134947726E+1	5.9773443150E-3
2.1507162359E+0	2.4054208291E+1	5.9677029512E-3
2.1566790766E+0	1.8241454498E+1	5.9579618591E-3
2.1626321265E+0	1.3650332311E+1	5.9481212013E-3
2.1685752859E+0	1.0226016022E+1	5.9381811425E-3
2.1745084557E+0	7.8813147319E+0	5.9281418487E-3
2.1804315366E+0	6.5358109663E+0	5.9180034877E-3
2.1863444297E+0	6.0741130289E+0	5.9077662288E-3
2.1922470361E+0	6.3942094337E+0	5.8974302433E-3
2.1981392573E+0	7.3687048473E+0	5.8869957037E-3
2.2040209947E+0	8.8784673098E+0	5.8764627846E-3
2.2098921501E+0	1.0799742154E+1	5.8658316618E-3
2.2157526254E+0	1.3003156023E+1	5.8551025132E-3
2.2216023226E+0	1.5380815652E+1	5.8442755178E-3
2.2274411439E+0	1.7802757478E+1	5.8333508568E-3
2.2332689918E+0	2.0184667363E+1	5.8223287127E-3
2.2390857689E+0	2.2407273719E+1	5.8112092696E-3
2.2448913779E+0	2.4413445120E+1	5.7999927133E-3
2.2506857220E+0	2.6105549562E+1	5.7886792314E-3
2.2564687042E+0	2.7454258509E+1	5.7772690129E-3
2.2622402278E+0	2.8392221300E+1	5.7657622485E-3
2.2680001965E+0	2.8916731974E+1	5.7541591304E-3
2.2737485140E+0	2.8995679487E+1	5.7424598526E-3
2.2794850843E+0	2.8650824494E+1	5.7306646105E-3
2.2852098113E+0	2.7886033555E+1	5.7187736014E-3
2.2909225996E+0	2.6744772720E+1	5.7067870238E-3
2.2966233536E+0	2.5263648988E+1	5.6947050782E-3
2.3023119780E+0	2.3504503435E+1	5.6825279663E-3
2.3079883779E+0	2.1530264255E+1	5.6702558918E-3
2.3136524582E+0	1.9417152576E+1	5.6578890597E-3
2.3193041245E+0	1.7245880379E+1	5.6454276767E-3
2.3249432821E+0	1.5102341019E+1	5.6328719509E-3
2.3305698370E+0	1.3075477602E+1	5.6202220924E-3
2.3361836950E+0	1.1255534709E+1	5.6074783123E-3
2.3417847624E+0	9.7301103244E+0	5.5946408237E-3
2.3473729455E+0	8.5881298457E+0	5.5817098412E-3
2.3529481510E+0	7.9070551679E+0	5.5686855808E-3
2.3585102856E+0	7.7688540119E+0	5.5555682601E-3
2.3640592565E+0	8.2334578291E+0	5.5423580985E-3
2.3695949710E+0	9.3706910983E+0	5.5290553166E-3
2.3751173364E+0	1.1217387148E+1	5.5156601367E-3
2.3806262605E+0	1.3826874341E+1	5.5021727828E-3
2.3861216513E+0	1.7209422606E+1	5.4885934801E-3
2.3916034169E+0	2.1398617792E+1	5.4749224557E-3
2.3970714657E+0	2.6376949862E+1	5.4611599379E-3
2.4025257064E+0	3.2156252215E+1	5.4473061568E-3
2.4079660477E+0	3.8692300086E+1	5.4333613439E-3
2.4133923988E+0	4.5974380152E+1	5.4193257323E-3
2.4188046690E+0	5.3934824368E+1	5.4051995564E-3
2.4242027678E+0	6.2540646520E+1	5.3909830523E-3
2.4295866050E+0	7.1706019851E+1	5.3766764577E-3
2.4349560907E+0	8.1376805644E+1	5.3622800116E-3
2.4403111352E+0	9.1455983193E+1	5.3477939546E-3
2.4456516489E+0	1.0187000916E+2	5.3332185287E-3
2.4509775425E+0	1.1251880824E+2	5.3185539776E-3
2.4562887272E+0	1.2331168111E+2	5.3038005463E-3
2.4615851141E+0	1.3415410034E+2	5.2889584814E-3
2.4668666147E+0	1.4494100907E+2	5.2740280309E-3
2.4721331408E+0	1.5559156348E+2	5.2590094442E-3
2.4773846043E+0	1.6598996757E+2	5.2439029725E-3
2.4826209175E+0	1.7607562425E+2	5.2287088681E-3
2.4878419929E+0	1.8572689211E+2	5.2134273849E-3
2.4930477432E+0	1.9490726802E+2	5.1980587783E-3
2.4982380815E+0	2.0349591534E+2	5.1826033052E-3
2.5034129210E+0	2.1148064137E+2	5.1670612238E-3
2.5085721752E+0	2.1875002939E+2	5.1514327939E-3
2.5137157579E+0	2.2531247623E+2	5.1357182766E-3
2.5188435831E+0	2.3107611234E+2	5.1199179345E-3
2.5239555652E+0	2.3606296422E+2	5.1040320318E-3
2.5290516187E+0	2.4021090746E+2	5.0880608338E-3
2.5341316585E+0	2.4354730993E+2	5.0720046074E-3
2.5391955997E+0	2.4604761840E+2	5.0558636210E-3
2.5442433576E+0	2.4773778772E+2	5.0396381444E-3
2.5492748479E+0	2.4863341701E+2	5.0233284486E-3
2.5542899865E+0	2.4875670617E+2	5.0069348063E-3
2.5592886896E+0	2.4815868202E+2	4.9904574913E-3
2.5642708737E+0	2.4686124870E+2	4.9738967791E-3
2.5692364555E+0	2.4493914030E+2	4.9572529464E-3
2.5741853520E+0	2.4242169391E+2	4.9405262713E-3
2.5791174805E+0	2.3939226407E+2	4.9237170334E-3
2.5840327586E+0	2.3589495483E+2	4.9068255135E-3
2.5889311042E+0	2.3200937435E+2	4.8898519940E-3
2.5938124354E+0	2.2779557055E+2	4.8727967585E-3
2.5986766706E+0	2.2332507140E+2	4.8556600920E-3
2.6035237285E+0	2.1866608371E+2	4.8384422809E-3
2.6083535282E+0	2.1388597082E+2	4.8211436130E-3
2.6131659889E+0	2.0904815033E+2	4.8037643772E-3
2.6179610302E+0	2.0422113213E+2	4.7863048641E-3
2.6227385719E+0	1.9945510276E+2	4.7687653653E-3
2.6274985343E+0	1.9481653575E+2	4.7511461741E-3
2.6322408378E+0	1.9034665263E+2	4.7334475849E-3
2.6369654032E+0	1.8609494165E+2	4.7156698934E-3
2.6416721513E+0	1.8210733988E+2	4.6978133967E-3
2.6463610038E+0	1.7840059581E+2	4.6798783932E-3
2.6510318821E+0	1.7503148130E+2	4.6618651826E-3
2.6556847082E+0	1.7198698377E+2	4.6437740661E-3
2.6603194043E+0	1.6931685947E+2	4.6256053458E-3
2.6649358931E+0	1.6700712201E+2	4.6073593254E-3
2.6695340973E+0	1.6506595510E+2	4.5890363098E-3
2.6741139402E+0	1.6350958918E+2	4.5706366053E-3
2.6786753451E+0	1.6228937589E+2	4.5521605193E-3
2.6832182358E+0	1.6144537532E+2	4.5336083606E-3
2.6877425365E+0	1.6090690823E+2	4.5149804392E-3
2.6922481716E+0	1.6068539675E+2	4.4962770664E-3
2.6967350656E+0	1.6074990625E+2	4.4774985548E-3
2.7012031437E+0	1.6103851626E+2	4.4586452181E-3
2.7056523312E+0	1.6157617056E+2	4.4397173715E-3
2.7100825537E+0	1.6225849423E+2	4.4207153312E-3
2.7144937373E+0	1.6310063147E+2	4.4016394148E-3
2.7188858081E+0	1.6404488461E+2	4.3824899412E-3
2.7232586927E+0	1.6502401266E+2	4.3632672302E-3
2.7276123182E+0	1.6606034509E+2	4.3439716031E-3
2.7319466117E+0	1.6703722616E+2	4.3246033825E-3
2.7362615009E+0	1.6797198363E+2	4.3051628919E-3
2.7405569135E+0	1.6881261420E+2	4.2856504563E-3
2.7448327779E+0	1.6948352443E+2	4.2660664016E-3
2.7490890226E+0	1.7002354153E+2	4.2464110553E-3
2.7533255764E+0	1.7032430987E+2	4.2266847457E-3
2.7575423685E+0	1.7039643835E+2	4.2068878026E-3
2.7617393285E+0	1.7022818069E+2	4.1870205567E-3
2.7659163863E+0	1.6973178679E+2	4.1670833400E-3
2.7700734720E+0	1.6896651218E+2	4.1470764858E-3
2.7742105162E+0	1.6786360025E+2	4.1270003283E-3
2.7783274497E+0	1.6640574712E+2	4.1068552032E-3
2.7824242037E+0	1.6464186679E+2	4.0866414469E-3
2.7865007098E+0	1.6248898028E+2	4.0663593974E-3
2.7905568999E+0	1.5999558068E+2	4.0460093936E-3
2.7945927061E+0	1.5717134918E+2	4.0255917754E-3
2.7986080610E+0	1.5396215364E+2	4.0051068843E-3
2.8026028975E+0	1.5044892311E+2	3.9845550624E-3
2.8065771489E+0	1.4660775504E+2	3.9639366533E-3
2.8105307487E+0	1.4243084703E+2	3.9432520014E-3
2.8144636309E+0	1.3800079483E+2	3.9225014525E-3
2.8183757298E+0	1.3328005683E+2	3.9016853533E-3
2.8222669799E+0	1.2830178152E+2	3.8808040517E-3
2.8261373163E+0	1.2313484049E+2	3.8598578967E-3
2.8299866742E+0	1.1774476398E+2	3.8388472382E-3
2.8338149894E+0	1.1219056995E+2	3.8177724274E-3
2.8376221978E+0	1.0652501490E+2	3.7966338166E-3
2.8414082359E+0	1.0072412117E+2	3.7754317588E-3
2.8451730403E+0	9.4857990129E+1	3.7541666086E-3
2.8489165482E+0	8.8967018115E+1	3.7328387211E-3
2.8526386969E+0	8.3037550910E+1	3.7114484529E-3
2.8563394244E+0	7.7140068791E+1	3.6899961614E-3
2.8600186687E+0	7.1307428502E+1	3.6684822051E-3
2.8636763684E+0	6.5532479288E+1	3.6469069436E-3
2.8673124623E+0	5.9879288231E+1	3.6252707373E-3
2.8709268897E+0	5.4376833476E+1	3.6035739479E-3
2.8745195901E+0	4.9020232439E+1	3.5818169379E-3
2.8780905036E+0	4.3862855937E+1	3.5600000709E-3
2.8816395704E+0	3.8931780118E+1	3.5381237115E-3
2.8851667313E+0	3.4221613472E+1	3.5161882254E-3
2.8886719273E+0	2.9772193296E+1	3.4941939790E-3
2.8921550998E+0	2.5608931284E+1	3.4721413399E-3
2.8956161906E+0	2.1725283117E+1	3.4500306767E-3
2.8990551419E+0	1.8146024284E+1	3.4278623588E-3
2.9024718962E+0	1.4893323647E+1	3.4056367567E-3
2.9058663965E+0	1.1960530999E+1	3.3833542419E-3
2.9092385859E+0	9.3578623291E+0	3.3610151867E-3
2.9125884081E+0	7.1011111987E+0	3.3386199643E-3
2.9159158072E+0	5.1846557525E+0	3.3161689492E-3
2.9192207275E+0	3.6074690383E+0	3.2936625164E-3
2.9225031139E+0	2.3757535585E+0	3.2711010421E-3
2.9257629114E+0	1.4839392897E+0	3.2484849032E-3
2.9290000656E+0	9.2513952824E-1	3.2258144779E-3
2.9322145224E+0	6.9557202042E-1	3.2030901448E-3
2.9354062280E+0	7.8588987755E-1	3.1803122838E-3
2.9385751292E+0	1.1872723325E+0	3.1574812755E-3
2.9417211730E+0	1.8905081256E+0	3.1345975014E-3
2.9448443068E+0	2.8791637535E+0	3.1116613440E-3
2.9479444784E+0	4.1407249761E+0	3.0886731866E-3
2.9510216360E+0	5.6669250171E+0	3.0656334132E-3
2.9540757281E+0	7.4376912285E+0	3.0425424091E-3
2.9571067038E+0	9.4311997072E+0	3.0194005599E-3
2.9601145124E+0	1.1639420651E+1	2.9962082525E-3
2.9630991036E+0	1.4048727376E+1	2.9729658744E-3
2.9660604276E+0	1.6629853831E+1	2.9496738141E-3
2.9689984348E+0	1.9364381669E+1	2.9263324607E-3
2.9719130762E+0	2.2247603577E+1	2.9029422044E-3
2.9748043031E+0	2.5258566044E+1	2.8795034361E-3
2.9776720671E+0	2.8364969373E+1	2.8560165473E-3
2.9805163203E+0	3.1554533228E+1	2.8324819307E-3
2.9833370151E+0	3.4823914996E+1	2.8088999795E-3
2.9861341046E+0	3.8147778758E+1	2.7852710878E-3
2.9889075418E+0	4.1494624325E+1	2.7615956505E-3
2.9916572805E+0	4.4857198360E+1	2.7378740632E-3
2.9943832747E+0	4.8234190524E+1	2.7141067224E-3
2.9970854788E+0	5.1600377806E+1	2.6902940251E-3
2.9997638477E+0	5.4925703156E+1	2.6664363695E-3
3.0024183367E+0	5.8205447786E+1	2.6425341541E-3
3.0050489013E+0	6.1442490263E+1	2.6185877784E-3
3.0076554977E+0	6.4616406121E+1	2.5945976426E-3
3.0102380822E+0	6.7698094615E+1	2.5705641475E-3
3.0127966116E+0	7.0681802475E+1	2.5464876949E-3
3.0153310434E+0	7.3575632405E+1	2.5223686871E-3
3.0178413350E+0	7.6368917574E+1	2.4982075270E-3
3.0203274445E+0	7.9034839688E+1	2.4740046186E-3
3.0227893304E+0	8.1562335930E+1	2.4497603662E-3
3.0252269516E+0	8.3961687868E+1	2.4254751751E-3
3.0276402673E+0	8.6235717426E+1	2.4011494510E-3
3.0300292371E+0	8.8365663046E+1	2.3767836004E-3
3.0323938212E+0	9.0333646149E+1	2.3523780306E-3
3.0347339801E+0	9.2143974775E+1	2.3279331494E-3
3.0370496746E+0	9.3810239609E+1	2.3034493653E-3
3.0393408660E+0	9.5330119314E+1	2.2789270875E-3
3.0416075160E+0	9.6686375642E+1	2.2543667257E-3
3.0438495869E+0	9.7870612140E+1	2.2297686905E-3
3.0460670410E+0	9.8893853891E+1	2.2051333928E-3
3.0482598414E+0	9.9770043703E+1	2.1804612443E-3
3.0504279513E+0	1.0049746345E+2	2.1557526574E-3
3.0525713347E+0	1.0106334988E+2	2.1310080450E-3
3.0546899556E+0	1.0146346692E+2	2.1062278206E-3
3.0567837786E+0	1.0170980096E+2	2.0814123983E-3
3.0588527688E+0	1.0181768634E+2	2.0565621928E-3
3.0608968915E+0	1.0179036290E+2	2.0316776194E-3
3.0629161127E+0	1.0161996972E+2	2.0067590939E-3
3.0649103985E+0	1.0130202937E+2	1.9818070327E-3
3.0668797157E+0	1.0084507954E+2	1.9568218529E-3
3.0688240313E+0	1.0026499163E+2	1.9318039720E-3
3.0707433129E+0	9.9571997610E+1	1.9067538080E-3
3.0726375283E+0	9.8765324622E+1	1.8816717796E-3
3.0745066460E+0	9.7840176663E+1	1.8565583060E-3
3.0763506346E+0	9.6798297522E+1	1.8314138067E-3
3.0781694634E+0	9.5650972449E+1	1.8062387021E-3
3.0799631019E+0	9.4412457623E+1	1.7810334128E-3
3.0817315203E+0	9.3091385381E+1	1.7557983600E-3
3.0834746889E+0	9.1688435726E+1	1.7305339655E-3
3.0851925786E+0	9.0201508000E+1	1.7052406515E-3
3.0868851607E+0	8.8632726894E+1	1.6799188405E-3
3.0885524069E+0	8.6990947158E+1	1.6545689559E-3
3.0901942894E+0	8.5288297128E+1	1.6291914212E-3
3.0918107807E+0	8.3534473273E+1	1.6037866605E-3
3.0934018538E+0	8.1733655489E+1	1.5783550984E-3
3.0949674821E+0	7.9886000648E+1	1.5528971598E-3
3.0965076394E+0	7.7991849249E+1	1.5274132703E-3
3.0980223001E+0	7.6055128972E+1	1.5019038556E-3
3.0995114388E+0	7.4083674928E+1	1.4763693421E-3
3.1009750306E+0	7.2086766304E+1	1.4508101565E-3
3.1024130510E+0	7.0071998028E+1	1.4252267258E-3
3.1038254761E+0	6.8043616951E+1	1.3996194778E-3
3.1052122822E+0	6.6003090261E+1	1.3739888402E-3
3.1065734461E+0	6.3951146602E+1	1.3483352414E-3
3.1079089451E+0	6.1889817363E+1	1.3226591101E-3
3.1092187570E+0	5.9823322342E+1	1.2969608754E-3
3.1105028597E+0	5.7757540840E+1	1.2712409668E-3
3.1117612318E+0	5.5698630293E+1	1.2454998140E-3
3.1129938524E+0	5.3651671636E+1	1.2197378472E-3
3.1142007007E+0	5.1620003098E+1	1.1939554970E-3
3.1153817567E+0	4.9605412728E+1	1.1681531941E-3
3.1165370006E+0	4.7608916006E+1	1.1423313699E-3
3.1176664131E+0	4.5631647130E+1	1.1164904558E-3
3.1187699753E+0	4.3675460311E+1	1.0906308836E-3
3.1198476688E+0	4.1743062144E+1	1.0647530855E-3
3.1208994755E+0	3.9837733534E+1	1.0388574939E-3
3.1219253780E+0	3.7962846118E+1	1.0129445417E-3
3.1229253590E+0	3.6121401620E+1	9.8701466182E-4
3.1238994018E+0	3.4315752153E+1	9.6106828758E-4
3.1248474902E+0	3.2547551982E+1	9.3510585261E-4
3.1257696083E+0	3.0817898491E+1	9.0912779076E-4
3.1266657407E+0	2.9127570367E+1	8.8313453619E-4
3.1275358724E+0	2.7477267158E+1	8.5712652325E-4
3.1283799890E+0	2.5867782176E+1	8.3110418659E-4
3.1291980762E+0	2.4300080558E+1	8.0506796108E-4
3.1299901204E+0	2.2775289540E+1	7.7901828182E-4
3.1307561084E+0	2.1294629734E+1	7.5295558414E-4
3.1314960274E+0	1.9859322657E+1	7.2688030358E-4
3.1322098650E+0	1.8470504619E+1	7.0079287589E-4
3.1328976092E+0	1.7129165869E+1	6.7469373705E-4
3.1335592487E+0	1.5836121741E+1	6.4858332323E-4
3.1341947723E+0	1.4592013093E+1	6.2246207073E-4
3.1348041694E+0	1.3397327739E+1	5.9633041614E-4
3.1353874298E+0	1.2252432975E+1	5.7018879612E-4
3.1359445438E+0	1.1157610356E+1	5.4403764760E-4
3.1364755020E+0	1.0113086489E+1	5.1787740760E-4
3.1369802957E+0	9.1190564967E+0	4.9170851331E-4
3.1374589163E+0	8.1756993038E+0	4.6553140213E-4
3.1379113559E+0	7.2831856034E+0	4.3934651156E-4
3.1383376069E+0	6.4416802933E+0	4.1315427928E-4
3.1387376622E+0	5.6513413886E+0	3.8695514312E-4
3.1391115150E+0	4.9123172335E+0	3.6074954110E-4
3.1394591592E+0	4.2247433899E+0	3.3453791144E-4
3.1397805890E+0	3.5887400953E+0	3.0832069259E-4
3.1400757989E+0	3.0044107346E+0	2.8209832342E-4
3.1403447841E+0	2.4718414360E+0	2.5587124334E-4
3.1405875400E+0	1.9911016771E+0	2.2963989267E-4
3.1408040626E+0	1.5622456694E+0	2.0340471372E-4
3.1409943483E+0	1.1853142530E+0	1.7716615272E-4
3.1411583939E+0	8.6033704029E-1	1.5092466531E-4
3.1412961968E+0	5.8733458278E-1	1.2468073282E-4
3.1414077547E+0	3.6632035524E-1	9.8434919423E-5
3.1414930663E+0	1.9730224464E-1	7.2188137769E-5
3.1415521316E+0	8.0282176389E-2	4.5943520243E-5
3.1415849628E+0	1.5236928902E-2	1.9736940383E-5