# Differential cross section		
# Author: P. Swaczyna	Princeton University	(swaczyna@princeton.edu)
# Date: 	Wed 17 Feb 2021 07:02:26	
# 		
# Indistinguishable particle collision: He^0 + He^+ -> He^0 + He^+		
# 		
# Red. mass: 	1.8640723202E+9	 eV/c^2
# CM energy: 	2.2387211386E-1	 eV
# Rel speed: 	4.6462686992E+5	 cm/s
# Tot sigma: 	4.8301128870E+2	 a.u.
# Int sigma: 	4.8301324193E+2	 a.u.
# 		
# Columns:		
# the <- scattering angle (rad)		
# dcs <- dsigma/dOmega*2*pi*sin(the) (a.u. = 2.8002852056E-17 cm^2)		
# wei <- weight for cross section integration (approx. width of angle bin)		
# 		
# the	dcs	wei
7.6907532846E-6	1.6570172721E+1	1.9736940383E-5
4.0521979771E-5	8.7299915589E+1	4.5943520243E-5
9.9587300392E-5	2.1445905785E+2	7.2188137769E-5
1.8489884726E-4	3.9768620390E+2	9.8434919423E-5
2.9645680168E-4	6.3590966823E+2	1.2468073282E-4
4.3425968311E-4	9.2687217767E+2	1.5092466531E-4
5.9830531657E-4	1.2666388607E+3	1.7716615272E-4
7.8859101285E-4	1.6493161825E+3	2.0340471372E-4
1.0051136166E-3	2.0672558988E+3	2.2963989267E-4
1.2478695220E-3	2.5119529644E+3	2.5587124334E-4
1.5168546797E-3	2.9755538512E+3	2.8209832342E-4
1.8120645986E-3	3.4523873725E+3	3.0832069259E-4
2.1334943481E-3	3.9394832949E+3	3.3453791144E-4
2.4811385584E-3	4.4351611407E+3	3.6074954110E-4
2.8549914211E-3	4.9358718939E+3	3.8695514312E-4
3.2550466893E-3	5.4333048308E+3	4.1315427928E-4
3.6812976783E-3	5.9148911155E+3	4.3934651156E-4
4.1337372652E-3	6.3690418845E+3	4.6553140213E-4
4.6123578895E-3	6.7913944822E+3	4.9170851331E-4
5.1171515529E-3	7.1847939915E+3	5.1787740760E-4
5.6481098199E-3	7.5506840749E+3	5.4403764760E-4
6.2052238176E-3	7.8810897930E+3	5.7018879612E-4
6.7884842360E-3	8.1634670941E+3	5.9633041614E-4
7.3978813281E-3	8.3945696814E+3	6.2246207073E-4
8.0334049101E-3	8.5822897351E+3	6.4858332323E-4
8.6950443616E-3	8.7295124484E+3	6.7469373705E-4
9.3827886258E-3	8.8268601601E+3	7.0079287589E-4
1.0096626210E-2	8.8700953928E+3	7.2688030358E-4
1.0836545184E-2	8.8695109814E+3	7.5295558414E-4
1.1602533184E-2	8.8300332260E+3	7.7901828182E-4
1.2394577408E-2	8.7444651087E+3	8.0506796108E-4
1.3212664621E-2	8.6162862783E+3	8.3110418659E-4
1.4056781152E-2	8.4572457555E+3	8.5712652325E-4
1.4926912893E-2	8.2655754456E+3	8.8313453619E-4
1.5823045305E-2	8.0415306829E+3	9.0912779076E-4
1.6745163410E-2	7.7967027643E+3	9.3510585261E-4
1.7693251801E-2	7.5319505810E+3	9.6106828758E-4
1.8667294632E-2	7.2485557832E+3	9.8701466182E-4
1.9667275626E-2	6.9561167120E+3	1.0129445417E-3
2.0693178073E-2	6.6548037529E+3	1.0388574939E-3
2.1744984827E-2	6.3484536979E+3	1.0647530855E-3
2.2822678313E-2	6.0426205854E+3	1.0906308836E-3
2.3926240519E-2	5.7374062219E+3	1.1164904558E-3
2.5055653005E-2	5.4372523026E+3	1.1423313699E-3
2.6210896896E-2	5.1433024169E+3	1.1681531941E-3
2.7391952886E-2	4.8572183551E+3	1.1939554970E-3
2.8598801239E-2	4.5800575952E+3	1.2197378472E-3
2.9831421786E-2	4.3127017713E+3	1.2454998140E-3
3.1089793929E-2	4.0545914920E+3	1.2712409668E-3
3.2373896638E-2	3.8067207463E+3	1.2969608754E-3
3.3683708455E-2	3.5670697800E+3	1.3226591101E-3
3.5019207490E-2	3.3366554820E+3	1.3483352414E-3
3.6380371427E-2	3.1126688489E+3	1.3739888402E-3
3.7767177517E-2	2.8962087731E+3	1.3996194778E-3
3.9179602586E-2	2.6840956508E+3	1.4252267258E-3
4.0617623030E-2	2.4779033032E+3	1.4508101565E-3
4.2081214817E-2	2.2743367399E+3	1.4763693421E-3
4.3570353490E-2	2.0757341644E+3	1.5019038556E-3
4.5085014162E-2	1.8792222354E+3	1.5274132703E-3
4.6625171522E-2	1.6875057688E+3	1.5528971598E-3
4.8190799831E-2	1.4992886853E+3	1.5783550984E-3
4.9781872927E-2	1.3164593989E+3	1.6037866605E-3
5.1398364219E-2	1.1404789355E+3	1.6291914212E-3
5.3040246694E-2	9.7170579844E+2	1.6545689559E-3
5.4707492914E-2	8.1370836298E+2	1.6799188405E-3
5.6400075017E-2	6.6675527840E+2	1.7052406515E-3
5.8117964718E-2	5.3362856834E+2	1.7305339655E-3
5.9861133308E-2	4.1636802877E+2	1.7557983600E-3
6.1629551657E-2	3.1570351596E+2	1.7810334128E-3
6.3423190212E-2	2.3377649414E+2	1.8062387021E-3
6.5242019000E-2	1.7112628895E+2	1.8314138067E-3
6.7086007624E-2	1.2774552021E+2	1.8565583060E-3
6.8955125270E-2	1.0365941667E+2	1.8816717796E-3
7.0849340702E-2	9.7674997114E+1	1.9067538080E-3
7.2768622264E-2	1.0804303622E+2	1.9318039720E-3
7.4712937885E-2	1.3246302606E+2	1.9568218529E-3
7.6682255070E-2	1.6788083929E+2	1.9818070327E-3
7.8676540910E-2	2.1101484662E+2	2.0067590939E-3
8.0695762079E-2	2.5820896409E+2	2.0316776194E-3
8.2739884832E-2	3.0539441890E+2	2.0565621928E-3
8.4808875009E-2	3.4880642027E+2	2.0814123983E-3
8.6902698034E-2	3.8521534845E+2	2.1062278206E-3
8.9021318917E-2	4.1163867590E+2	2.1310080450E-3
9.1164702253E-2	4.2557086842E+2	2.1557526574E-3
9.3332812224E-2	4.2556130490E+2	2.1804612443E-3
9.5525612596E-2	4.1135066580E+2	2.2051333928E-3
9.7743066726E-2	3.8362395650E+2	2.2297686905E-3
9.9985137556E-2	3.4389763852E+2	2.2543667257E-3
1.0225178762E-1	2.9460448681E+2	2.2789270875E-3
1.0454297904E-1	2.3907911072E+2	2.3034493653E-3
1.0685867352E-1	1.8130792862E+2	2.3279331494E-3
1.0919883237E-1	1.2556313981E+2	2.3523780306E-3
1.1156341648E-1	7.6062298300E+1	2.3767836004E-3
1.1395238633E-1	3.6680902163E+1	2.4011494510E-3
1.1636570200E-1	1.0682761524E+1	2.4254751751E-3
1.1880332317E-1	4.5527988607E-1	2.4497603662E-3
1.2126520909E-1	7.2779673960E+0	2.4740046186E-3
1.2375131862E-1	3.1165539289E+1	2.4982075270E-3
1.2626161023E-1	7.0813801220E+1	2.5223686871E-3
1.2879604195E-1	1.2365728539E+2	2.5464876949E-3
1.3135457143E-1	1.8603402591E+2	2.5705641475E-3
1.3393715592E-1	2.5344513250E+2	2.5945976426E-3
1.3654375226E-1	3.2089110658E+2	2.6185877784E-3
1.3917431689E-1	3.8326092267E+2	2.6425341541E-3
1.4182880585E-1	4.3574406419E+2	2.6664363695E-3
1.4450717478E-1	4.7423139050E+2	2.6902940251E-3
1.4720937892E-1	4.9566923534E+2	2.7141067224E-3
1.4993537310E-1	4.9833316328E+2	2.7378740632E-3
1.5268511179E-1	4.8199340618E+2	2.7615956505E-3
1.5545854902E-1	4.4795275917E+2	2.7852710878E-3
1.5825563845E-1	3.9894889670E+2	2.8088999795E-3
1.6107633333E-1	3.3892567760E+2	2.8324819307E-3
1.6392058653E-1	2.7269083181E+2	2.8560165473E-3
1.6678835052E-1	2.0548915373E+2	2.8795034361E-3
1.6967957737E-1	1.4252967078E+2	2.9029422044E-3
1.7259421876E-1	8.8511116149E+1	2.9263324607E-3
1.7553222599E-1	4.7191694700E+1	2.9496738141E-3
1.7849354996E-1	2.1046368151E+1	2.9729658744E-3
1.8147814117E-1	1.1047916067E+1	2.9962082525E-3
1.8448594977E-1	1.6597226784E+1	3.0194005599E-3
1.8751692548E-1	3.5613861008E+1	3.0425424091E-3
1.9057101764E-1	6.4780182805E+1	3.0656334132E-3
1.9364817522E-1	9.9912760533E+1	3.0886731866E-3
1.9674834681E-1	1.3641752370E+2	3.1116613440E-3
1.9987148058E-1	1.6977662725E+2	3.1345975014E-3
2.0301752435E-1	1.9601838324E+2	3.1574812755E-3
2.0618642554E-1	2.1213058083E+2	3.1803122838E-3
2.0937813120E-1	2.1637845564E+2	3.2030901448E-3
2.1259258799E-1	2.0847883340E+2	3.2258144779E-3
2.1582974219E-1	1.8958536315E+2	3.2484849032E-3
2.1908953970E-1	1.6208340371E+2	3.2711010421E-3
2.2237192605E-1	1.2925362328E+2	3.2936625164E-3
2.2567684639E-1	9.4871597554E+1	3.3161689492E-3
2.2900424548E-1	6.2759611282E+1	3.3386199643E-3
2.3235406772E-1	3.6300496739E+1	3.3610151867E-3
2.3572625713E-1	1.8004797508E+1	3.3833542419E-3
2.3912075735E-1	9.2404968738E+0	3.4056367567E-3
2.4253751167E-1	1.0115786962E+1	3.4278623588E-3
2.4597646298E-1	1.9475997968E+1	3.4500306767E-3
2.4943755380E-1	3.5093390698E+1	3.4721413399E-3
2.5292072631E-1	5.4053627317E+1	3.4941939790E-3
2.5642592230E-1	7.3154621330E+1	3.5161882254E-3
2.5995308318E-1	8.9298878532E+1	3.5381237115E-3
2.6350215001E-1	9.9981313935E+1	3.5600000709E-3
2.6707306349E-1	1.0365466276E+2	3.5818169379E-3
2.7066576394E-1	9.9836468503E+1	3.6035739479E-3
2.7428019131E-1	8.9172334522E+1	3.6252707373E-3
2.7791628522E-1	7.3351089912E+1	3.6469069436E-3
2.8157398488E-1	5.4754870924E+1	3.6684822051E-3
2.8525322919E-1	3.6093220899E+1	3.6899961614E-3
2.8895395665E-1	1.9983012672E+1	3.7114484529E-3
2.9267610542E-1	8.5182198026E+0	3.7328387211E-3
2.9641961330E-1	2.9693826758E+0	3.7541666086E-3
3.0018441773E-1	3.5616712261E+0	3.7754317588E-3
3.0397045579E-1	9.5018673136E+0	3.7966338166E-3
3.0777766421E-1	1.9112318338E+1	3.8177724274E-3
3.1160597938E-1	3.0128730036E+1	3.8388472382E-3
3.1545533730E-1	4.0148876795E+1	3.8598578967E-3
3.1932567367E-1	4.7035264872E+1	3.8808040517E-3
3.2321692379E-1	4.9350531085E+1	3.9016853533E-3
3.2712902264E-1	4.6636356856E+1	3.9225014525E-3
3.3106190484E-1	3.9563786886E+1	3.9432520014E-3
3.3501550468E-1	2.9828984573E+1	3.9639366533E-3
3.3898975607E-1	1.9970049377E+1	3.9845550624E-3
3.4298459261E-1	1.2854275863E+1	4.0051068843E-3
3.4699994753E-1	1.1289990465E+1	4.0255917754E-3
3.5103575373E-1	1.7389911134E+1	4.0460093936E-3
3.5509194378E-1	3.2238987494E+1	4.0663593974E-3
3.5916844988E-1	5.5519307636E+1	4.0866414469E-3
3.6326520391E-1	8.5508863781E+1	4.1068552032E-3
3.6738213741E-1	1.1919472270E+2	4.1270003283E-3
3.7151918157E-1	1.5269661687E+2	4.1470764858E-3
3.7567626728E-1	1.8179813103E+2	4.1670833400E-3
3.7985332504E-1	2.0259569700E+2	4.1870205567E-3
3.8405028507E-1	2.1212389108E+2	4.2068878026E-3
3.8826707721E-1	2.0882653228E+2	4.2266847457E-3
3.9250363101E-1	1.9289460045E+2	4.2464110553E-3
3.9675987567E-1	1.6621337907E+2	4.2660664016E-3
4.0103574005E-1	1.3220215271E+2	4.2856504563E-3
4.0533115271E-1	9.5217562284E+1	4.3051628919E-3
4.0964604185E-1	5.9979098681E+1	4.3246033825E-3
4.1398033538E-1	3.0789580019E+1	4.3439716031E-3
4.1833396086E-1	1.0903511901E+1	4.3632672302E-3
4.2270684554E-1	2.0412371039E+0	4.3824899412E-3
4.2709891633E-1	4.1607275549E+0	4.4016394148E-3
4.3151009985E-1	1.5516179949E+1	4.4207153312E-3
4.3594032237E-1	3.3032774017E+1	4.4397173715E-3
4.4038950986E-1	5.2877311712E+1	4.4586452181E-3
4.4485758797E-1	7.1103360032E+1	4.4774985548E-3
4.4934448203E-1	8.4429280561E+1	4.4962770664E-3
4.5385011706E-1	9.0686637222E+1	4.5149804392E-3
4.5837441776E-1	8.9180699202E+1	4.5336083606E-3
4.6291730852E-1	8.0772537753E+1	4.5521605193E-3
4.6747871344E-1	6.7530033284E+1	4.5706366053E-3
4.7205855627E-1	5.2318875107E+1	4.5890363098E-3
4.7665676049E-1	3.8189044692E+1	4.6073593254E-3
4.8127324926E-1	2.7721739518E+1	4.6256053458E-3
4.8590794542E-1	2.2576448418E+1	4.6437740661E-3
4.9056077152E-1	2.3189249063E+1	4.6618651826E-3
4.9523164982E-1	2.8779386007E+1	4.6798783932E-3
4.9992050224E-1	3.7624975200E+1	4.6978133967E-3
5.0462725044E-1	4.7468691346E+1	4.7156698934E-3
5.0935181576E-1	5.6091774943E+1	4.7334475849E-3
5.1409411924E-1	6.1867221940E+1	4.7511461741E-3
5.1885408164E-1	6.4066099219E+1	4.7687653653E-3
5.2363162341E-1	6.2968701521E+1	4.7863048641E-3
5.2842666471E-1	5.9778055277E+1	4.8037643772E-3
5.3323912540E-1	5.6245995064E+1	4.8211436130E-3
5.3806892508E-1	5.4129085196E+1	4.8384422809E-3
5.4291598301E-1	5.4684284758E+1	4.8556600920E-3
5.4778021821E-1	5.8297173540E+1	4.8727967585E-3
5.5266154939E-1	6.4303497439E+1	4.8898519940E-3
5.5755989496E-1	7.1090772108E+1	4.9068255135E-3
5.6247517308E-1	7.6485296355E+1	4.9237170334E-3
5.6740730160E-1	7.8316411953E+1	4.9405262713E-3
5.7235619810E-1	7.5015186789E+1	4.9572529464E-3
5.7732177988E-1	6.6110865059E+1	4.9738967791E-3
5.8230396395E-1	5.2492794742E+1	4.9904574913E-3
5.8730266706E-1	3.6342195748E+1	5.0069348063E-3
5.9231780568E-1	2.0724495231E+1	5.0233284486E-3
5.9734929598E-1	8.9282843985E+0	5.0396381444E-3
6.0239705389E-1	3.7010842434E+0	5.0558636210E-3
6.0746099506E-1	6.5590598445E+0	5.0720046074E-3
6.1254103485E-1	1.7341338066E+1	5.0880608338E-3
6.1763708838E-1	3.4134955388E+1	5.1040320318E-3
6.2274907048E-1	5.3613561249E+1	5.1199179345E-3
6.2787689573E-1	7.1729932364E+1	5.1357182766E-3
6.3302047843E-1	8.4609271257E+1	5.1514327939E-3
6.3817973262E-1	8.9434022641E+1	5.1670612238E-3
6.4335457209E-1	8.5106015059E+1	5.1826033052E-3
6.4854491036E-1	7.2519367102E+1	5.1980587783E-3
6.5375066070E-1	5.4367580270E+1	5.2134273849E-3
6.5897173609E-1	3.4520585832E+1	5.2287088681E-3
6.6420804930E-1	1.7115461918E+1	5.2439029725E-3
6.6945951283E-1	5.5803535706E+0	5.2590094442E-3
6.7472603890E-1	1.8335879419E+0	5.2740280309E-3
6.8000753951E-1	5.8608495557E+0	5.2889584814E-3
6.8530392640E-1	1.5780416424E+1	5.3038005463E-3
6.9061511106E-1	2.8382393912E+1	5.3185539776E-3
6.9594100473E-1	4.0004349516E+1	5.3332185287E-3
7.0128151841E-1	4.7515500880E+1	5.3477939546E-3
7.0663656285E-1	4.9149667107E+1	5.3622800116E-3
7.1200604856E-1	4.4963825498E+1	5.3766764577E-3
7.1738988581E-1	3.6796467655E+1	5.3909830523E-3
7.2278798463E-1	2.7733454650E+1	5.4051995564E-3
7.2820025482E-1	2.1223488253E+1	5.4193257323E-3
7.3362660591E-1	2.0083957968E+1	5.4333613439E-3
7.3906694724E-1	2.5672698010E+1	5.4473061568E-3
7.4452118788E-1	3.7460671569E+1	5.4611599379E-3
7.4998923669E-1	5.3133825268E+1	5.4749224557E-3
7.5547100229E-1	6.9207049367E+1	5.4885934801E-3
7.6096639308E-1	8.1988694904E+1	5.5021727828E-3
7.6647531721E-1	8.8630838695E+1	5.5156601367E-3
7.7199768263E-1	8.7968618992E+1	5.5290553166E-3
7.7753339704E-1	8.0902619269E+1	5.5423580985E-3
7.8308236795E-1	7.0199792908E+1	5.5555682601E-3
7.8864450262E-1	5.9748887434E+1	5.5686855808E-3
7.9421970809E-1	5.3461921364E+1	5.5817098412E-3
7.9980789121E-1	5.4120209637E+1	5.5946408237E-3
8.0540895857E-1	6.2490280636E+1	5.6074783123E-3
8.1102281659E-1	7.6971827500E+1	5.6202220924E-3
8.1664937145E-1	9.3901476470E+1	5.6328719509E-3
8.2228852912E-1	1.0845881054E+2	5.6454276767E-3
8.2794019536E-1	1.1595263300E+2	5.6578890597E-3
8.3360427572E-1	1.1315242476E+2	5.6702558918E-3
8.3928067556E-1	9.9304660458E+1	5.6825279663E-3
8.4496930000E-1	7.6545088569E+1	5.6947050782E-3
8.5067005399E-1	4.9569127424E+1	5.7067870238E-3
8.5638284226E-1	2.4614291289E+1	5.7187736014E-3
8.6210756934E-1	7.9906797857E+0	5.7306646105E-3
8.6784413956E-1	4.5196631309E+0	5.7424598526E-3
8.7359245705E-1	1.6273560475E+1	5.7541591304E-3
8.7935242576E-1	4.1940896953E+1	5.7657622485E-3
8.8512394943E-1	7.6989844200E+1	5.7772690129E-3
8.9090693161E-1	1.1460570933E+2	5.7886792314E-3
8.9670127565E-1	1.4718710649E+2	5.7999927133E-3
9.0250688473E-1	1.6804769281E+2	5.8112092696E-3
9.0832366182E-1	1.7291942965E+2	5.8223287127E-3
9.1415150972E-1	1.6090048914E+2	5.8333508568E-3
9.1999033104E-1	1.3462407771E+2	5.8442755178E-3
9.2584002820E-1	9.9611944511E+1	5.8551025132E-3
9.3170050345E-1	6.2973551332E+1	5.8658316618E-3
9.3757165885E-1	3.1769877204E+1	5.8764627846E-3
9.4345339628E-1	1.1438135975E+1	5.8869957037E-3
9.4934561746E-1	4.6498270190E+0	5.8974302433E-3
9.5524822392E-1	1.0858745450E+1	5.9077662288E-3
9.6116111701E-1	2.6622581001E+1	5.9180034877E-3
9.6708419793E-1	4.6595823943E+1	5.9281418487E-3
9.7301736769E-1	6.4932413338E+1	5.9381811425E-3
9.7896052713E-1	7.6737079361E+1	5.9481212013E-3
9.8491357695E-1	7.9194057129E+1	5.9579618591E-3
9.9087641766E-1	7.2094822939E+1	5.9677029512E-3
9.9684894961E-1	5.7659765774E+1	5.9773443150E-3
1.0028310730E+0	3.9742861045E+1	5.9868857894E-3
1.0088226878E+0	2.2663352451E+1	5.9963272149E-3
1.0148236940E+0	9.9948060085E+0	6.0056684336E-3
1.0208339913E+0	3.6494759313E+0	6.0149092896E-3
1.0268534791E+0	3.5111065928E+0	6.0240496283E-3
1.0328820570E+0	7.6970069909E+0	6.0330892971E-3
1.0389196241E+0	1.3329599979E+1	6.0420281448E-3
1.0449660796E+0	1.7551470711E+1	6.0508660221E-3
1.0510213224E+0	1.8463340147E+1	6.0596027814E-3
1.0570852514E+0	1.5693594187E+1	6.0682382765E-3
1.0631577652E+0	1.0421474147E+1	6.0767723631E-3
1.0692387623E+0	4.8648656596E+0	6.0852048988E-3
1.0753281411E+0	1.4329954126E+0	6.0935357425E-3
1.0814257998E+0	1.8434741318E+0	6.1017647550E-3
1.0875316366E+0	6.4982867378E+0	6.1098917988E-3
1.0936455494E+0	1.4330959349E+1	6.1179167381E-3
1.0997674360E+0	2.3176233442E+1	6.1258394388E-3
1.1058971941E+0	3.0512556328E+1	6.1336597685E-3
1.1120347214E+0	3.4297266604E+1	6.1413775965E-3
1.1181799151E+0	3.3607007981E+1	6.1489927938E-3
1.1243326727E+0	2.8869001114E+1	6.1565052331E-3
1.1304928913E+0	2.1607078354E+1	6.1639147890E-3
1.1366604679E+0	1.3820883816E+1	6.1712213376E-3
1.1428352996E+0	7.2642257701E+0	6.1784247568E-3
1.1490172830E+0	2.9028370982E+0	6.1855249261E-3
1.1552063150E+0	7.4466600550E-1	6.1925217271E-3
1.1614022920E+0	8.7749788387E-2	6.1994150427E-3
1.1676051105E+0	4.9577457907E-2	6.2062047577E-3
1.1738146669E+0	1.1607783817E-1	6.2128907587E-3
1.1800308574E+0	4.4392751017E-1	6.2194729339E-3
1.1862535782E+0	1.7579763946E+0	6.2259511734E-3
1.1924827251E+0	4.8759445827E+0	6.2323253688E-3
1.1987181942E+0	1.0082433521E+1	6.2385954138E-3
1.2049598812E+0	1.6668162548E+1	6.2447612034E-3
1.2112076818E+0	2.2922310823E+1	6.2508226346E-3
1.2174614916E+0	2.6696621696E+1	6.2567796062E-3
1.2237212062E+0	2.6393919788E+1	6.2626320186E-3
1.2299867208E+0	2.2019156434E+1	6.2683797740E-3
1.2362579308E+0	1.5829117004E+1	6.2740227763E-3
1.2425347314E+0	1.2175319776E+1	6.2795609313E-3
1.2488170177E+0	1.6427409262E+1	6.2849941464E-3
1.2551046847E+0	3.3218938644E+1	6.2903223308E-3
1.2613976273E+0	6.4521102763E+1	6.2955453954E-3
1.2676957404E+0	1.0825409831E+2	6.3006632530E-3
1.2739989187E+0	1.5807014854E+2	6.3056758180E-3
1.2803070569E+0	2.0451578473E+2	6.3105830068E-3
1.2866200496E+0	2.3736297608E+2	6.3153847371E-3
1.2929377912E+0	2.4851530444E+2	6.3200809290E-3
1.2992601762E+0	2.3454059311E+2	6.3246715037E-3
1.3055870990E+0	1.9795260510E+2	6.3291563847E-3
1.3119184537E+0	1.4680079958E+2	6.3335354970E-3
1.3182541347E+0	9.2591580328E+1	6.3378087674E-3
1.3245940360E+0	4.7104850872E+1	6.3419761245E-3
1.3309380516E+0	1.9126537704E+1	6.3460374987E-3
1.3372860756E+0	1.2126035865E+1	6.3499928220E-3
1.3436380019E+0	2.3560696470E+1	6.3538420284E-3
1.3499937243E+0	4.6023521786E+1	6.3575850535E-3
1.3563531366E+0	6.9840710129E+1	6.3612218349E-3
1.3627161325E+0	8.6192076028E+1	6.3647523117E-3
1.3690826057E+0	8.9754706246E+1	6.3681764249E-3
1.3754524499E+0	8.0078542063E+1	6.3714941173E-3
1.3818255585E+0	6.1286443527E+1	6.3747053335E-3
1.3882018250E+0	4.0341600191E+1	6.3778100198E-3
1.3945811430E+0	2.4569930735E+1	6.3808081243E-3
1.4009634057E+0	1.9281421647E+1	6.3836995970E-3
1.4073485066E+0	2.6296346471E+1	6.3864843894E-3
1.4137363389E+0	4.3727452417E+1	6.3891624551E-3
1.4201267959E+0	6.6958410278E+1	6.3917337493E-3
1.4265197708E+0	9.0391057533E+1	6.3941982290E-3
1.4329151568E+0	1.0917830218E+2	6.3965558531E-3
1.4393128469E+0	1.2043935914E+2	6.3988065821E-3
1.4457127343E+0	1.2366814198E+2	6.4009503785E-3
1.4521147120E+0	1.2020497198E+2	6.4029872063E-3
1.4585186731E+0	1.1227077031E+2	6.4049170317E-3
1.4649245104E+0	1.0201113118E+2	6.4067398222E-3
1.4713321170E+0	9.0782883001E+1	6.4084555476E-3
1.4777413858E+0	7.9058987703E+1	6.4100641790E-3
1.4841522097E+0	6.6810935993E+1	6.4115656896E-3
1.4905644815E+0	5.4008667583E+1	6.4129600544E-3
1.4969780940E+0	4.1089366483E+1	6.4142472499E-3
1.5033929402E+0	2.9087095149E+1	6.4154272548E-3
1.5098089128E+0	1.9364135431E+1	6.4165000493E-3
1.5162259046E+0	1.3155693960E+1	6.4174656154E-3
1.5226438083E+0	1.1090901138E+1	6.4183239370E-3
1.5290625167E+0	1.2940426352E+1	6.4190749998E-3
1.5354819225E+0	1.7676250015E+1	6.4197187912E-3
1.5419019185E+0	2.3789670472E+1	6.4202553005E-3
1.5483223974E+0	2.9760966370E+1	6.4206845187E-3
1.5547432518E+0	3.4418662861E+1	6.4210064386E-3
1.5611643745E+0	3.7119136659E+1	6.4212210549E-3
1.5675856581E+0	3.7750310090E+1	6.4213283639E-3
1.5740069954E+0	3.6541717766E+1	6.4213283639E-3
1.5804282791E+0	3.3902007130E+1	6.4212210549E-3
1.5868494018E+0	3.0353976405E+1	6.4210064386E-3
1.5932702562E+0	2.6499853624E+1	6.4206845187E-3
1.5996907351E+0	2.3057799502E+1	6.4202553005E-3
1.6061107310E+0	2.0819070594E+1	6.4197187912E-3
1.6125301369E+0	2.0429868959E+1	6.4190749998E-3
1.6189488453E+0	2.2119320492E+1	6.4183239370E-3
1.6253667490E+0	2.5442445625E+1	6.4174656154E-3
1.6317837408E+0	2.9201580286E+1	6.4165000493E-3
1.6381997134E+0	3.1713120805E+1	6.4154272548E-3
1.6446145595E+0	3.1360822565E+1	6.4142472499E-3
1.6510281721E+0	2.7275220779E+1	6.4129600544E-3
1.6574404439E+0	1.9882994892E+1	6.4115656896E-3
1.6638512678E+0	1.1026977272E+1	6.4100641790E-3
1.6702605366E+0	3.5248732259E+0	6.4084555476E-3
1.6766681432E+0	2.5687866835E-1	6.4067398222E-3
1.6830739805E+0	3.0684461231E+0	6.4049170317E-3
1.6894779416E+0	1.1918123667E+1	6.4029872063E-3
1.6958799193E+0	2.4653389692E+1	6.4009503785E-3
1.7022798067E+0	3.7575474499E+1	6.3988065821E-3
1.7086774968E+0	4.6668223898E+1	6.3965558531E-3
1.7150728827E+0	4.9065430938E+1	6.3941982290E-3
1.7214658576E+0	4.4210188622E+1	6.3917337493E-3
1.7278563146E+0	3.4235758490E+1	6.3891624551E-3
1.7342441470E+0	2.3333872401E+1	6.3864843894E-3
1.7406292478E+0	1.6313520688E+1	6.3836995970E-3
1.7470115106E+0	1.6845969220E+1	6.3808081243E-3
1.7533908286E+0	2.6013632136E+1	6.3778100198E-3
1.7597670951E+0	4.1780837723E+1	6.3747053335E-3
1.7661402037E+0	5.9605171419E+1	6.3714941173E-3
1.7725100479E+0	7.3977379876E+1	6.3681764249E-3
1.7788765211E+0	8.0391820711E+1	6.3647523117E-3
1.7852395170E+0	7.6988894363E+1	6.3612218349E-3
1.7915989293E+0	6.5245843066E+1	6.3575850535E-3
1.7979546517E+0	4.9465802946E+1	6.3538420284E-3
1.8043065780E+0	3.5210551543E+1	6.3499928220E-3
1.8106546020E+0	2.7279272878E+1	6.3460374987E-3
1.8169986176E+0	2.7973328404E+1	6.3419761245E-3
1.8233385189E+0	3.6270064930E+1	6.3378087674E-3
1.8296741999E+0	4.8262394465E+1	6.3335354970E-3
1.8360055546E+0	5.8659310477E+1	6.3291563847E-3
1.8423324774E+0	6.2757885149E+1	6.3246715037E-3
1.8486548624E+0	5.8202490689E+1	6.3200809290E-3
1.8549726040E+0	4.5839233197E+1	6.3153847371E-3
1.8612855967E+0	2.9339172063E+1	6.3105830068E-3
1.8675937349E+0	1.3794784145E+1	6.3056758180E-3
1.8738969132E+0	3.8092659080E+0	6.3006632530E-3
1.8801950263E+0	1.8011632807E+0	6.2955453954E-3
1.8864879689E+0	7.1885560039E+0	6.2903223308E-3
1.8927756359E+0	1.6733073286E+1	6.2849941464E-3
1.8990579222E+0	2.5908176616E+1	6.2795609313E-3
1.9053347228E+0	3.0774949398E+1	6.2740227763E-3
1.9116059328E+0	2.9621856161E+1	6.2683797740E-3
1.9178714474E+0	2.3750204734E+1	6.2626320186E-3
1.9241311620E+0	1.7112101918E+1	6.2567796062E-3
1.9303849718E+0	1.4891572608E+1	6.2508226346E-3
1.9366327724E+0	2.1535821575E+1	6.2447612034E-3
1.9428744594E+0	3.8969957814E+1	6.2385954138E-3
1.9491099285E+0	6.5629687465E+1	6.2323253688E-3
1.9553390754E+0	9.6657549743E+1	6.2259511734E-3
1.9615617961E+0	1.2523229623E+2	6.2194729339E-3
1.9677779867E+0	1.4459688130E+2	6.2128907587E-3
1.9739875431E+0	1.5009647418E+2	6.2062047577E-3
1.9801903616E+0	1.4056381290E+2	6.1994150427E-3
1.9863863386E+0	1.1862683751E+2	6.1925217271E-3
1.9925753706E+0	8.9858087405E+1	6.1855249261E-3
1.9987573540E+0	6.1067972795E+1	6.1784247568E-3
2.0049321857E+0	3.8321318750E+1	6.1712213376E-3
2.0110997623E+0	2.5303334730E+1	6.1639147890E-3
2.0172599809E+0	2.2513960458E+1	6.1565052331E-3
2.0234127385E+0	2.7500651123E+1	6.1489927938E-3
2.0295579322E+0	3.5991906935E+1	6.1413775965E-3
2.0356954595E+0	4.3501159021E+1	6.1336597685E-3
2.0418252176E+0	4.6869667601E+1	6.1258394388E-3
2.0479471042E+0	4.5283876533E+1	6.1179167381E-3
2.0540610170E+0	4.0472293175E+1	6.1098917988E-3
2.0601668538E+0	3.6052726936E+1	6.1017647550E-3
2.0662645125E+0	3.6283776165E+1	6.0935357425E-3
2.0723538913E+0	4.4633821987E+1	6.0852048988E-3
2.0784348884E+0	6.2588738190E+1	6.0767723631E-3
2.0845074022E+0	8.9034322686E+1	6.0682382765E-3
2.0905713312E+0	1.2038218465E+2	6.0596027814E-3
2.0966265740E+0	1.5137711227E+2	6.0508660221E-3
2.1026730295E+0	1.7633068189E+2	6.0420281448E-3
2.1087105966E+0	1.9044766204E+2	6.0330892971E-3
2.1147391745E+0	1.9092386671E+2	6.0240496283E-3
2.1207586623E+0	1.7755816213E+2	6.0149092896E-3
2.1267689596E+0	1.5274525097E+2	6.0056684336E-3
2.1327699657E+0	1.2088519482E+2	5.9963272149E-3
2.1387615806E+0	8.7390620079E+1	5.9868857894E-3
2.1447437040E+0	5.7541101881E+1	5.9773443150E-3
2.1507162359E+0	3.5436540861E+1	5.9677029512E-3
2.1566790766E+0	2.3263934740E+1	5.9579618591E-3
2.1626321265E+0	2.1017744949E+1	5.9481212013E-3
2.1685752859E+0	2.6705830992E+1	5.9381811425E-3
2.1745084557E+0	3.6959483391E+1	5.9281418487E-3
2.1804315366E+0	4.7883784381E+1	5.9180034877E-3
2.1863444297E+0	5.5948724069E+1	5.9077662288E-3
2.1922470361E+0	5.8728043817E+1	5.8974302433E-3
2.1981392573E+0	5.5335328516E+1	5.8869957037E-3
2.2040209947E+0	4.6480247454E+1	5.8764627846E-3
2.2098921501E+0	3.4158837627E+1	5.8658316618E-3
2.2157526254E+0	2.1077027170E+1	5.8551025132E-3
2.2216023226E+0	9.9628848227E+0	5.8442755178E-3
2.2274411439E+0	2.9375784204E+0	5.8333508568E-3
2.2332689918E+0	1.0878403966E+0	5.8223287127E-3
2.2390857689E+0	4.3234755769E+0	5.8112092696E-3
2.2448913779E+0	1.1527720610E+1	5.7999927133E-3
2.2506857220E+0	2.0935123796E+1	5.7886792314E-3
2.2564687042E+0	3.0619754894E+1	5.7772690129E-3
2.2622402278E+0	3.8958989634E+1	5.7657622485E-3
2.2680001965E+0	4.4957766026E+1	5.7541591304E-3
2.2737485140E+0	4.8367022042E+1	5.7424598526E-3
2.2794850843E+0	4.9592035506E+1	5.7306646105E-3
2.2852098113E+0	4.9443181098E+1	5.7187736014E-3
2.2909225996E+0	4.8817948381E+1	5.7067870238E-3
2.2966233536E+0	4.8410921587E+1	5.6947050782E-3
2.3023119780E+0	4.8528633214E+1	5.6825279663E-3
2.3079883779E+0	4.9047368122E+1	5.6702558918E-3
2.3136524582E+0	4.9507260602E+1	5.6578890597E-3
2.3193041245E+0	4.9298787847E+1	5.6454276767E-3
2.3249432821E+0	4.7877664776E+1	5.6328719509E-3
2.3305698370E+0	4.4944614572E+1	5.6202220924E-3
2.3361836950E+0	4.0544470594E+1	5.6074783123E-3
2.3417847624E+0	3.5066806922E+1	5.5946408237E-3
2.3473729455E+0	2.9158401675E+1	5.5817098412E-3
2.3529481510E+0	2.3578422531E+1	5.5686855808E-3
2.3585102856E+0	1.9036104775E+1	5.5555682601E-3
2.3640592565E+0	1.6048026331E+1	5.5423580985E-3
2.3695949710E+0	1.4841436743E+1	5.5290553166E-3
2.3751173364E+0	1.5316508762E+1	5.5156601367E-3
2.3806262605E+0	1.7068264535E+1	5.5021727828E-3
2.3861216513E+0	1.9460611315E+1	5.4885934801E-3
2.3916034169E+0	2.1740302736E+1	5.4749224557E-3
2.3970714657E+0	2.3175954540E+1	5.4611599379E-3
2.4025257064E+0	2.3204482217E+1	5.4473061568E-3
2.4079660477E+0	2.1563650733E+1	5.4333613439E-3
2.4133923988E+0	1.8385893611E+1	5.4193257323E-3
2.4188046690E+0	1.4227859329E+1	5.4051995564E-3
2.4242027678E+0	1.0015393286E+1	5.3909830523E-3
2.4295866050E+0	6.8967440158E+0	5.3766764577E-3
2.4349560907E+0	6.0169232247E+0	5.3622800116E-3
2.4403111352E+0	8.2493843624E+0	5.3477939546E-3
2.4456516489E+0	1.3941038676E+1	5.3332185287E-3
2.4509775425E+0	2.2735926588E+1	5.3185539776E-3
2.4562887272E+0	3.3536143464E+1	5.3038005463E-3
2.4615851141E+0	4.4634346208E+1	5.2889584814E-3
2.4668666147E+0	5.4013949306E+1	5.2740280309E-3
2.4721331408E+0	5.9769401581E+1	5.2590094442E-3
2.4773846043E+0	6.0561100204E+1	5.2439029725E-3
2.4826209175E+0	5.5998820534E+1	5.2287088681E-3
2.4878419929E+0	4.6851843523E+1	5.2134273849E-3
2.4930477432E+0	3.5014986567E+1	5.1980587783E-3
2.4982380815E+0	2.3212078747E+1	5.1826033052E-3
2.5034129210E+0	1.4480421801E+1	5.1670612238E-3
2.5085721752E+0	1.1536319465E+1	5.1514327939E-3
2.5137157579E+0	1.6158083249E+1	5.1357182766E-3
2.5188435831E+0	2.8728547523E+1	5.1199179345E-3
2.5239555652E+0	4.8050746155E+1	5.1040320318E-3
2.5290516187E+0	7.1493089632E+1	5.0880608338E-3
2.5341316585E+0	9.5446781088E+1	5.0720046074E-3
2.5391955997E+0	1.1600577489E+2	5.0558636210E-3
2.5442433576E+0	1.2972626186E+2	5.0396381444E-3
2.5492748479E+0	1.3430201370E+2	5.0233284486E-3
2.5542899865E+0	1.2900922388E+2	5.0069348063E-3
2.5592886896E+0	1.1482548726E+2	4.9904574913E-3
2.5642708737E+0	9.4200127553E+1	4.9738967791E-3
2.5692364555E+0	7.0530623014E+1	4.9572529464E-3
2.5741853520E+0	4.7465006594E+1	4.9405262713E-3
2.5791174805E+0	2.8187796691E+1	4.9237170334E-3
2.5840327586E+0	1.4847483013E+1	4.9068255135E-3
2.5889311042E+0	8.2455183341E+0	4.8898519940E-3
2.5938124354E+0	7.8402679151E+0	4.8727967585E-3
2.5986766706E+0	1.2044577483E+1	4.8556600920E-3
2.6035237285E+0	1.8731969684E+1	4.8384422809E-3
2.6083535282E+0	2.5822252818E+1	4.8211436130E-3
2.6131659889E+0	3.1798246455E+1	4.8037643772E-3
2.6179610302E+0	3.6026338723E+1	4.7863048641E-3
2.6227385719E+0	3.8814809062E+1	4.7687653653E-3
2.6274985343E+0	4.1210165134E+1	4.7511461741E-3
2.6322408378E+0	4.4585299941E+1	4.7334475849E-3
2.6369654032E+0	5.0134261167E+1	4.7156698934E-3
2.6416721513E+0	5.8422477441E+1	4.6978133967E-3
2.6463610038E+0	6.9098805942E+1	4.6798783932E-3
2.6510318821E+0	8.0838384199E+1	4.6618651826E-3
2.6556847082E+0	9.1574583478E+1	4.6437740661E-3
2.6603194043E+0	9.8960351565E+1	4.6256053458E-3
2.6649358931E+0	1.0090791346E+2	4.6073593254E-3
2.6695340973E+0	9.6135857775E+1	4.5890363098E-3
2.6741139402E+0	8.4597936927E+1	4.5706366053E-3
2.6786753451E+0	6.7602141506E+1	4.5521605193E-3
2.6832182358E+0	4.7651323013E+1	4.5336083606E-3
2.6877425365E+0	2.8040530577E+1	4.5149804392E-3
2.6922481716E+0	1.2198015026E+1	4.4962770664E-3
2.6967350656E+0	2.9923340278E+0	4.4774985548E-3
2.7012031437E+0	2.1297611593E+0	4.4586452181E-3
2.7056523312E+0	9.7417629140E+0	4.4397173715E-3
2.7100825537E+0	2.4308388276E+1	4.4207153312E-3
2.7144937373E+0	4.2894686920E+1	4.4016394148E-3
2.7188858081E+0	6.1722677979E+1	4.3824899412E-3
2.7232586927E+0	7.6887691664E+1	4.3632672302E-3
2.7276123182E+0	8.5162754813E+1	4.3439716031E-3
2.7319466117E+0	8.4691261151E+1	4.3246033825E-3
2.7362615009E+0	7.5378338138E+1	4.3051628919E-3
2.7405569135E+0	5.9039279177E+1	4.2856504563E-3
2.7448327779E+0	3.9064121810E+1	4.2660664016E-3
2.7490890226E+0	1.9866704475E+1	4.2464110553E-3
2.7533255764E+0	6.0456182114E+0	4.2266847457E-3
2.7575423685E+0	1.5200681136E+0	4.2068878026E-3
2.7617393285E+0	8.7535326068E+0	4.1870205567E-3
2.7659163863E+0	2.8227015299E+1	4.1670833400E-3
2.7700734720E+0	5.8247438320E+1	4.1470764858E-3
2.7742105162E+0	9.5178984432E+1	4.1270003283E-3
2.7783274497E+0	1.3396011211E+2	4.1068552032E-3
2.7824242037E+0	1.6898331831E+2	4.0866414469E-3
2.7865007098E+0	1.9495591406E+2	4.0663593974E-3
2.7905568999E+0	2.0787816982E+2	4.0460093936E-3
2.7945927061E+0	2.0564237975E+2	4.0255917754E-3
2.7986080610E+0	1.8849911912E+2	4.0051068843E-3
2.8026028975E+0	1.5896512570E+2	3.9845550624E-3
2.8065771489E+0	1.2150391725E+2	3.9639366533E-3
2.8105307487E+0	8.1778428119E+1	3.9432520014E-3
2.8144636309E+0	4.5772474453E+1	3.9225014525E-3
2.8183757298E+0	1.8849506336E+1	3.9016853533E-3
2.8222669799E+0	4.8921612460E+0	3.8808040517E-3
2.8261373163E+0	5.7293434716E+0	3.8598578967E-3
2.8299866742E+0	2.0853682826E+1	3.8388472382E-3
2.8338149894E+0	4.7535848226E+1	3.8177724274E-3
2.8376221978E+0	8.1280153714E+1	3.7966338166E-3
2.8414082359E+0	1.1656444211E+2	3.7754317588E-3
2.8451730403E+0	1.4769119427E+2	3.7541666086E-3
2.8489165482E+0	1.6973361535E+2	3.7328387211E-3
2.8526386969E+0	1.7926421793E+2	3.7114484529E-3
2.8563394244E+0	1.7489465484E+2	3.6899961614E-3
2.8600186687E+0	1.5752370172E+2	3.6684822051E-3
2.8636763684E+0	1.3015005142E+2	3.6469069436E-3
2.8673124623E+0	9.7454609403E+1	3.6252707373E-3
2.8709268897E+0	6.5111646234E+1	3.6035739479E-3
2.8745195901E+0	3.8913026922E+1	3.5818169379E-3
2.8780905036E+0	2.3937726337E+1	3.5600000709E-3
2.8816395704E+0	2.3805764701E+1	3.5381237115E-3
2.8851667313E+0	4.0124099541E+1	3.5161882254E-3
2.8886719273E+0	7.2244365701E+1	3.4941939790E-3
2.8921550998E+0	1.1732189004E+2	3.4721413399E-3
2.8956161906E+0	1.7066960372E+2	3.4500306767E-3
2.8990551419E+0	2.2637124822E+2	3.4278623588E-3
2.9024718962E+0	2.7804198309E+2	3.4056367567E-3
2.9058663965E+0	3.1963798050E+2	3.3833542419E-3
2.9092385859E+0	3.4622783303E+2	3.3610151867E-3
2.9125884081E+0	3.5461251754E+2	3.3386199643E-3
2.9159158072E+0	3.4370667946E+2	3.3161689492E-3
2.9192207275E+0	3.1465386988E+2	3.2936625164E-3
2.9225031139E+0	2.7067704467E+2	3.2711010421E-3
2.9257629114E+0	2.1668103823E+2	3.2484849032E-3
2.9290000656E+0	1.5865740912E+2	3.2258144779E-3
2.9322145224E+0	1.0297523875E+2	3.2030901448E-3
2.9354062280E+0	5.5650832114E+1	3.1803122838E-3
2.9385751292E+0	2.1680966815E+1	3.1574812755E-3
2.9417211730E+0	4.5115446592E+0	3.1345975014E-3
2.9448443068E+0	5.6972038502E+0	3.1116613440E-3
2.9479444784E+0	2.4784148914E+1	3.0886731866E-3
2.9510216360E+0	5.9420178502E+1	3.0656334132E-3
2.9540757281E+0	1.0566860106E+2	3.0425424091E-3
2.9571067038E+0	1.5848096718E+2	3.0194005599E-3
2.9601145124E+0	2.1226898764E+2	2.9962082525E-3
2.9630991036E+0	2.6150893029E+2	2.9729658744E-3
2.9660604276E+0	3.0131219210E+2	2.9496738141E-3
2.9689984348E+0	3.2790323849E+2	2.9263324607E-3
2.9719130762E+0	3.3895954988E+2	2.9029422044E-3
2.9748043031E+0	3.3378572512E+2	2.8795034361E-3
2.9776720671E+0	3.1331317435E+2	2.8560165473E-3
2.9805163203E+0	2.7993560261E+2	2.8324819307E-3
2.9833370151E+0	2.3720675653E+2	2.8088999795E-3
2.9861341046E+0	1.8943917404E+2	2.7852710878E-3
2.9889075418E+0	1.4125001004E+2	2.7615956505E-3
2.9916572805E+0	9.7102080294E+1	2.7378740632E-3
2.9943832747E+0	6.0885316960E+1	2.7141067224E-3
2.9970854788E+0	3.5576601606E+1	2.6902940251E-3
2.9997638477E+0	2.3005540513E+1	2.6664363695E-3
3.0024183367E+0	2.3741494019E+1	2.6425341541E-3
3.0050489013E+0	3.7104445821E+1	2.6185877784E-3
3.0076554977E+0	6.1290389021E+1	2.5945976426E-3
3.0102380822E+0	9.3591893630E+1	2.5705641475E-3
3.0127966116E+0	1.3068718911E+2	2.5464876949E-3
3.0153310434E+0	1.6896688556E+2	2.5223686871E-3
3.0178413350E+0	2.0486646083E+2	2.4982075270E-3
3.0203274445E+0	2.3517463215E+2	2.4740046186E-3
3.0227893304E+0	2.5729223570E+2	2.4497603662E-3
3.0252269516E+0	2.6942261674E+2	2.4254751751E-3
3.0276402673E+0	2.7068206554E+2	2.4011494510E-3
3.0300292371E+0	2.6112676111E+2	2.3767836004E-3
3.0323938212E+0	2.4170022673E+2	2.3523780306E-3
3.0347339801E+0	2.1411170433E+2	2.3279331494E-3
3.0370496746E+0	1.8066055796E+2	2.3034493653E-3
3.0393408660E+0	1.4402468404E+2	2.2789270875E-3
3.0416075160E+0	1.0703224407E+2	2.2543667257E-3
3.0438495869E+0	7.2436126105E+1	2.2297686905E-3
3.0460670410E+0	4.2709102702E+1	2.2051333928E-3
3.0482598414E+0	1.9874204078E+1	2.1804612443E-3
3.0504279513E+0	5.3799835431E+0	2.1557526574E-3
3.0525713347E+0	2.5913291387E-2	2.1310080450E-3
3.0546899556E+0	3.9397838508E+0	2.1062278206E-3
3.0567837786E+0	1.6605177629E+1	2.0814123983E-3
3.0588527688E+0	3.6932544161E+1	2.0565621928E-3
3.0608968915E+0	6.3364760866E+1	2.0316776194E-3
3.0629161127E+0	9.4007521585E+1	2.0067590939E-3
3.0649103985E+0	1.2677339706E+2	1.9818070327E-3
3.0668797157E+0	1.5952783533E+2	1.9568218529E-3
3.0688240313E+0	1.9022813072E+2	1.9318039720E-3
3.0707433129E+0	2.1704666844E+2	1.9067538080E-3
3.0726375283E+0	2.3846997031E+2	1.8816717796E-3
3.0745066460E+0	2.5337205649E+2	1.8565583060E-3
3.0763506346E+0	2.6105992739E+2	1.8314138067E-3
3.0781694634E+0	2.6128603136E+2	1.8062387021E-3
3.0799631019E+0	2.5423596960E+2	1.7810334128E-3
3.0817315203E+0	2.4049451180E+2	1.7557983600E-3
3.0834746889E+0	2.2098586082E+2	1.7305339655E-3
3.0851925786E+0	1.9690491225E+2	1.7052406515E-3
3.0868851607E+0	1.6963951092E+2	1.6799188405E-3
3.0885524069E+0	1.4068424947E+2	1.6545689559E-3
3.0901942894E+0	1.1156228405E+2	1.6291914212E-3
3.0918107807E+0	8.3747962202E+1	1.6037866605E-3
3.0934018538E+0	5.8601091896E+1	1.5783550984E-3
3.0949674821E+0	3.7310803759E+1	1.5528971598E-3
3.0965076394E+0	2.0856509529E+1	1.5274132703E-3
3.0980223001E+0	9.9758452077E+0	1.5019038556E-3
3.0995114388E+0	5.1549136016E+0	1.4763693421E-3
3.1009750306E+0	6.6233630279E+0	1.4508101565E-3
3.1024130510E+0	1.4365033023E+1	1.4252267258E-3
3.1038254761E+0	2.8140079287E+1	1.3996194778E-3
3.1052122822E+0	4.7505200191E+1	1.3739888402E-3
3.1065734461E+0	7.1856293666E+1	1.3483352414E-3
3.1079089451E+0	1.0045071085E+2	1.3226591101E-3
3.1092187570E+0	1.3245921223E+2	1.2969608754E-3
3.1105028597E+0	1.6698754747E+2	1.2712409668E-3
3.1117612318E+0	2.0312352801E+2	1.2454998140E-3
3.1129938524E+0	2.3996180256E+2	1.2197378472E-3
3.1142007007E+0	2.7662934792E+2	1.1939554970E-3
3.1153817567E+0	3.1232309875E+2	1.1681531941E-3
3.1165370006E+0	3.4630024211E+2	1.1423313699E-3
3.1176664131E+0	3.7793215133E+2	1.1164904558E-3
3.1187699753E+0	4.0666740795E+2	1.0906308836E-3
3.1198476688E+0	4.3207714993E+2	1.0647530855E-3
3.1208994755E+0	4.5383367108E+2	1.0388574939E-3
3.1219253780E+0	4.7170263062E+2	1.0129445417E-3
3.1229253590E+0	4.8556885026E+2	9.8701466182E-4
3.1238994018E+0	4.9538781635E+2	9.6106828758E-4
3.1248474902E+0	5.0120378262E+2	9.3510585261E-4
3.1257696083E+0	5.0314320942E+2	9.0912779076E-4
3.1266657407E+0	5.0137480085E+2	8.8313453619E-4
3.1275358724E+0	4.9612731120E+2	8.5712652325E-4
3.1283799890E+0	4.8767624664E+2	8.3110418659E-4
3.1291980762E+0	4.7631136194E+2	8.0506796108E-4
3.1299901204E+0	4.6234672210E+2	7.7901828182E-4
3.1307561084E+0	4.4611727034E+2	7.5295558414E-4
3.1314960274E+0	4.2795260682E+2	7.2688030358E-4
3.1322098650E+0	4.0817495913E+2	7.0079287589E-4
3.1328976092E+0	3.8710625932E+2	6.7469373705E-4
3.1335592487E+0	3.6505699157E+2	6.4858332323E-4
3.1341947723E+0	3.4231450896E+2	6.2246207073E-4
3.1348041694E+0	3.1914565022E+2	5.9633041614E-4
3.1353874298E+0	2.9580081825E+2	5.7018879612E-4
3.1359445438E+0	2.7251013929E+2	5.4403764760E-4
3.1364755020E+0	2.4947858980E+2	5.1787740760E-4
3.1369802957E+0	2.2688659310E+2	4.9170851331E-4
3.1374589163E+0	2.0489356972E+2	4.6553140213E-4
3.1379113559E+0	1.8363994857E+2	4.3934651156E-4
3.1383376069E+0	1.6324719847E+2	4.1315427928E-4
3.1387376622E+0	1.4381794256E+2	3.8695514312E-4
3.1391115150E+0	1.2543733291E+2	3.6074954110E-4
3.1394591592E+0	1.0817526671E+2	3.3453791144E-4
3.1397805890E+0	9.2088586576E+1	3.0832069259E-4
3.1400757989E+0	7.7222867906E+1	2.8209832342E-4
3.1403447841E+0	6.3613875939E+1	2.5587124334E-4
3.1405875400E+0	5.1288905624E+1	2.2963989267E-4
3.1408040626E+0	4.0268115931E+1	2.0340471372E-4
3.1409943483E+0	3.0565848090E+1	1.7716615272E-4
3.1411583939E+0	2.2191866183E+1	1.5092466531E-4
3.1412961968E+0	1.5152466537E+1	1.2468073282E-4
3.1414077547E+0	9.4514287835E+0	9.8434919423E-5
3.1414930663E+0	5.0907984342E+0	7.2188137769E-5
3.1415521316E+0	2.0714715154E+0	4.5943520243E-5
3.1415849628E+0	3.9315011581E-1	1.9736940383E-5