# Differential cross section		
# Author: P. Swaczyna	Princeton University	(swaczyna@princeton.edu)
# Date: 	Wed 17 Feb 2021 07:01:58	
# 		
# Indistinguishable particle collision: He^0 + He^+ -> He^0 + He^+		
# 		
# Red. mass: 	1.8640723202E+9	 eV/c^2
# CM energy: 	1.9054607180E-1	 eV
# Rel speed: 	4.2865147448E+5	 cm/s
# Tot sigma: 	5.2238686861E+2	 a.u.
# Int sigma: 	5.2238811796E+2	 a.u.
# 		
# Columns:		
# the <- scattering angle (rad)		
# dcs <- dsigma/dOmega*2*pi*sin(the) (a.u. = 2.8002852056E-17 cm^2)		
# wei <- weight for cross section integration (approx. width of angle bin)		
# 		
# the	dcs	wei
7.6907532846E-6	1.4287847565E+1	1.9736940383E-5
4.0521979771E-5	7.5275999600E+1	4.5943520243E-5
9.9587300392E-5	1.8492788917E+2	7.2188137769E-5
1.8489884726E-4	3.4295973947E+2	9.8434919423E-5
2.9645680168E-4	5.4852333195E+2	1.2468073282E-4
4.3425968311E-4	7.9982627598E+2	1.5092466531E-4
5.9830531657E-4	1.0937254238E+3	1.7716615272E-4
7.8859101285E-4	1.4254634635E+3	2.0340471372E-4
1.0051136166E-3	1.7887585317E+3	2.2963989267E-4
1.2478695220E-3	2.1764275535E+3	2.5587124334E-4
1.5168546797E-3	2.5815360098E+3	2.8209832342E-4
1.8120645986E-3	2.9987083591E+3	3.0832069259E-4
2.1334943481E-3	3.4248580375E+3	3.3453791144E-4
2.4811385584E-3	3.8585406567E+3	3.6074954110E-4
2.8549914211E-3	4.2977450381E+3	3.8695514312E-4
3.2550466893E-3	4.7372083672E+3	4.1315427928E-4
3.6812976783E-3	5.1675316773E+3	4.3934651156E-4
4.1337372652E-3	5.5779858033E+3	4.6553140213E-4
4.6123578895E-3	5.9618665749E+3	4.9170851331E-4
5.1171515529E-3	6.3194263139E+3	5.1787740760E-4
5.6481098199E-3	6.6538980698E+3	5.4403764760E-4
6.2052238176E-3	6.9633963148E+3	5.7018879612E-4
6.7884842360E-3	7.2385662956E+3	5.9633041614E-4
7.3978813281E-3	7.4711931495E+3	6.2246207073E-4
8.0334049101E-3	7.6633738654E+3	6.4858332323E-4
8.6950443616E-3	7.8222899106E+3	6.7469373705E-4
9.3827886258E-3	7.9467748936E+3	7.0079287589E-4
1.0096626210E-2	8.0287332481E+3	7.2688030358E-4
1.0836545184E-2	8.0688171418E+3	7.5295558414E-4
1.1602533184E-2	8.0765623319E+3	7.7901828182E-4
1.2394577408E-2	8.0532334222E+3	8.0506796108E-4
1.3212664621E-2	7.9935640080E+3	8.3110418659E-4
1.4056781152E-2	7.9029839620E+3	8.5712652325E-4
1.4926912893E-2	7.7899679155E+3	8.8313453619E-4
1.5823045305E-2	7.6523282044E+3	9.0912779076E-4
1.6745163410E-2	7.4916510920E+3	9.3510585261E-4
1.7693251801E-2	7.3166375609E+3	9.6106828758E-4
1.8667294632E-2	7.1276294853E+3	9.8701466182E-4
1.9667275626E-2	6.9259307232E+3	1.0129445417E-3
2.0693178073E-2	6.7181406187E+3	1.0388574939E-3
2.1744984827E-2	6.5046325550E+3	1.0647530855E-3
2.2822678313E-2	6.2876576157E+3	1.0906308836E-3
2.3926240519E-2	6.0705781470E+3	1.1164904558E-3
2.5055653005E-2	5.8537570742E+3	1.1423313699E-3
2.6210896896E-2	5.6390058912E+3	1.1681531941E-3
2.7391952886E-2	5.4268443722E+3	1.1939554970E-3
2.8598801239E-2	5.2181986392E+3	1.2197378472E-3
2.9831421786E-2	5.0120138136E+3	1.2454998140E-3
3.1089793929E-2	4.8095262050E+3	1.2712409668E-3
3.2373896638E-2	4.6084603956E+3	1.2969608754E-3
3.3683708455E-2	4.4094035724E+3	1.3226591101E-3
3.5019207490E-2	4.2105085710E+3	1.3483352414E-3
3.6380371427E-2	4.0109232325E+3	1.3739888402E-3
3.7767177517E-2	3.8100495351E+3	1.3996194778E-3
3.9179602586E-2	3.6059654595E+3	1.4252267258E-3
4.0617623030E-2	3.3992336658E+3	1.4508101565E-3
4.2081214817E-2	3.1878458188E+3	1.4763693421E-3
4.3570353490E-2	2.9730729951E+3	1.5019038556E-3
4.5085014162E-2	2.7539050189E+3	1.5274132703E-3
4.6625171522E-2	2.5317145628E+3	1.5528971598E-3
4.8190799831E-2	2.3074730125E+3	1.5783550984E-3
4.9781872927E-2	2.0820031729E+3	1.6037866605E-3
5.1398364219E-2	1.8587875174E+3	1.6291914212E-3
5.3040246694E-2	1.6379044394E+3	1.6545689559E-3
5.4707492914E-2	1.4246612400E+3	1.6799188405E-3
5.6400075017E-2	1.2193754084E+3	1.7052406515E-3
5.8117964718E-2	1.0269459521E+3	1.7305339655E-3
5.9861133308E-2	8.4956750422E+2	1.7557983600E-3
6.1629551657E-2	6.8971528728E+2	1.7810334128E-3
6.3423190212E-2	5.5115884574E+2	1.8062387021E-3
6.5242019000E-2	4.3475098625E+2	1.8314138067E-3
6.7086007624E-2	3.4286063036E+2	1.8565583060E-3
6.8955125270E-2	2.7643617999E+2	1.8816717796E-3
7.0849340702E-2	2.3518170186E+2	1.9067538080E-3
7.2768622264E-2	2.1889864255E+2	1.9318039720E-3
7.4712937885E-2	2.2593675003E+2	1.9568218529E-3
7.6682255070E-2	2.5395820248E+2	1.9818070327E-3
7.8676540910E-2	2.9988257274E+2	2.0067590939E-3
8.0695762079E-2	3.5980185220E+2	2.0316776194E-3
8.2739884832E-2	4.2962612101E+2	2.0565621928E-3
8.4808875009E-2	5.0457495400E+2	2.0814123983E-3
8.6902698034E-2	5.7951103765E+2	2.1062278206E-3
8.9021318917E-2	6.4993957614E+2	2.1310080450E-3
9.1164702253E-2	7.1160423767E+2	2.1557526574E-3
9.3332812224E-2	7.6022845133E+2	2.1804612443E-3
9.5525612596E-2	7.9250125993E+2	2.2051333928E-3
9.7743066726E-2	8.0653576705E+2	2.2297686905E-3
9.9985137556E-2	8.0132400495E+2	2.2543667257E-3
1.0225178762E-1	7.7659354014E+2	2.2789270875E-3
1.0454297904E-1	7.3331854419E+2	2.3034493653E-3
1.0685867352E-1	6.7390532554E+2	2.3279331494E-3
1.0919883237E-1	6.0177110359E+2	2.3523780306E-3
1.1156341648E-1	5.2089124469E+2	2.3767836004E-3
1.1395238633E-1	4.3563702227E+2	2.4011494510E-3
1.1636570200E-1	3.5067935296E+2	2.4254751751E-3
1.1880332317E-1	2.7071364356E+2	2.4497603662E-3
1.2126520909E-1	2.0004889131E+2	2.4740046186E-3
1.2375131862E-1	1.4223372238E+2	2.4982075270E-3
1.2626161023E-1	9.9806550520E+1	2.5223686871E-3
1.2879604195E-1	7.4150899650E+1	2.5464876949E-3
1.3135457143E-1	6.5418442449E+1	2.5705641475E-3
1.3393715592E-1	7.2516600479E+1	2.5945976426E-3
1.3654375226E-1	9.3181284657E+1	2.6185877784E-3
1.3917431689E-1	1.2414936420E+2	2.6425341541E-3
1.4182880585E-1	1.6142505584E+2	2.6664363695E-3
1.4450717478E-1	2.0061715129E+2	2.6902940251E-3
1.4720937892E-1	2.3731554518E+2	2.7141067224E-3
1.4993537310E-1	2.6747335724E+2	2.7378740632E-3
1.5268511179E-1	2.8776148292E+2	2.7615956505E-3
1.5545854902E-1	2.9586426772E+2	2.7852710878E-3
1.5825563845E-1	2.9068855932E+2	2.8088999795E-3
1.6107633333E-1	2.7246437943E+2	2.8324819307E-3
1.6392058653E-1	2.4272407068E+2	2.8560165473E-3
1.6678835052E-1	2.0415751873E+2	2.8795034361E-3
1.6967957737E-1	1.6035293665E+2	2.9029422044E-3
1.7259421876E-1	1.1544449097E+2	2.9263324607E-3
1.7553222599E-1	7.3698453302E+1	2.9496738141E-3
1.7849354996E-1	3.9077365583E+1	2.9729658744E-3
1.8147814117E-1	1.4825890438E+1	2.9962082525E-3
1.8448594977E-1	3.1218653037E+0	3.0194005599E-3
1.8751692548E-1	4.8312830774E+0	3.0425424091E-3
1.9057101764E-1	1.9396677829E+1	3.0656334132E-3
1.9364817522E-1	4.4875454064E+1	3.0886731866E-3
1.9674834681E-1	7.8129347547E+1	3.1116613440E-3
1.9987148058E-1	1.1515010883E+2	3.1345975014E-3
2.0301752435E-1	1.5149137497E+2	3.1574812755E-3
2.0618642554E-1	1.8276391502E+2	3.1803122838E-3
2.0937813120E-1	2.0514184695E+2	3.2030901448E-3
2.1259258799E-1	2.1582177409E+2	3.2258144779E-3
2.1582974219E-1	2.1337673300E+2	3.2484849032E-3
2.1908953970E-1	1.9795543337E+2	3.2711010421E-3
2.2237192605E-1	1.7129698171E+2	3.2936625164E-3
2.2567684639E-1	1.3655931297E+2	3.3161689492E-3
2.2900424548E-1	9.7985044017E+1	3.3386199643E-3
2.3235406772E-1	6.0439458617E+1	3.3610151867E-3
2.3572625713E-1	2.8854766078E+1	3.3833542419E-3
2.3912075735E-1	7.6252783674E+0	3.4056367567E-3
2.4253751167E-1	3.3364025549E-2	3.4278623588E-3
2.4597646298E-1	7.8121598998E+0	3.4500306767E-3
2.4943755380E-1	3.0913259662E+1	3.4721413399E-3
2.5292072631E-1	6.7468629372E+1	3.4941939790E-3
2.5642592230E-1	1.1392648833E+2	3.5161882254E-3
2.5995308318E-1	1.6541400890E+2	3.5381237115E-3
2.6350215001E-1	2.1635200161E+2	3.5600000709E-3
2.6707306349E-1	2.6115781632E+2	3.5818169379E-3
2.7066576394E-1	2.9484141763E+2	3.6035739479E-3
2.7428019131E-1	3.1356079553E+2	3.6252707373E-3
2.7791628522E-1	3.1522465359E+2	3.6469069436E-3
2.8157398488E-1	2.9983722687E+2	3.6684822051E-3
2.8525322919E-1	2.6934970708E+2	3.6899961614E-3
2.8895395665E-1	2.2737988822E+2	3.7114484529E-3
2.9267610542E-1	1.7895776744E+2	3.7328387211E-3
2.9641961330E-1	1.2985629886E+2	3.7541666086E-3
3.0018441773E-1	8.5673788514E+1	3.7754317588E-3
3.0397045579E-1	5.1258139357E+1	3.7966338166E-3
3.0777766421E-1	3.0178569047E+1	3.8177724274E-3
3.1160597938E-1	2.4122683909E+1	3.8388472382E-3
3.1545533730E-1	3.2778532558E+1	3.8598578967E-3
3.1932567367E-1	5.3987279307E+1	3.8808040517E-3
3.2321692379E-1	8.3993914710E+1	3.9016853533E-3
3.2712902264E-1	1.1804927738E+2	3.9225014525E-3
3.3106190484E-1	1.5105626333E+2	3.9432520014E-3
3.3501550468E-1	1.7829535078E+2	3.9639366533E-3
3.3898975607E-1	1.9606796809E+2	3.9845550624E-3
3.4298459261E-1	2.0208405954E+2	4.0051068843E-3
3.4699994753E-1	1.9583761598E+2	4.0255917754E-3
3.5103575373E-1	1.7846353548E+2	4.0460093936E-3
3.5509194378E-1	1.5251933294E+2	4.0663593974E-3
3.5916844988E-1	1.2158709587E+2	4.0866414469E-3
3.6326520391E-1	8.9535707682E+1	4.1068552032E-3
3.6738213741E-1	6.0098518206E+1	4.1270003283E-3
3.7151918157E-1	3.6175241694E+1	4.1470764858E-3
3.7567626728E-1	1.9549343699E+1	4.1670833400E-3
3.7985332504E-1	1.0691460215E+1	4.1870205567E-3
3.8405028507E-1	8.7809980681E+0	4.2068878026E-3
3.8826707721E-1	1.2050789181E+1	4.2266847457E-3
3.9250363101E-1	1.8108387553E+1	4.2464110553E-3
3.9675987567E-1	2.4526723309E+1	4.2660664016E-3
4.0103574005E-1	2.9225781211E+1	4.2856504563E-3
4.0533115271E-1	3.0915690459E+1	4.3051628919E-3
4.0964604185E-1	2.9242026389E+1	4.3246033825E-3
4.1398033538E-1	2.4826767435E+1	4.3439716031E-3
4.1833396086E-1	1.9063025500E+1	4.3632672302E-3
4.2270684554E-1	1.3775886139E+1	4.3824899412E-3
4.2709891633E-1	1.0831350097E+1	4.4016394148E-3
4.3151009985E-1	1.1673915037E+1	4.4207153312E-3
4.3594032237E-1	1.7077531242E+1	4.4397173715E-3
4.4038950986E-1	2.6858114746E+1	4.4586452181E-3
4.4485758797E-1	4.0011313963E+1	4.4774985548E-3
4.4934448203E-1	5.4741699813E+1	4.4962770664E-3
4.5385011706E-1	6.8939148291E+1	4.5149804392E-3
4.5837441776E-1	8.0459620995E+1	4.5336083606E-3
4.6291730852E-1	8.7585613028E+1	4.5521605193E-3
4.6747871344E-1	8.9382386720E+1	4.5706366053E-3
4.7205855627E-1	8.5741037764E+1	4.5890363098E-3
4.7665676049E-1	7.7607474787E+1	4.6073593254E-3
4.8127324926E-1	6.6555889309E+1	4.6256053458E-3
4.8590794542E-1	5.4694831495E+1	4.6437740661E-3
4.9056077152E-1	4.4162639486E+1	4.6618651826E-3
4.9523164982E-1	3.6713913894E+1	4.6798783932E-3
4.9992050224E-1	3.3505113555E+1	4.6978133967E-3
5.0462725044E-1	3.4758088606E+1	4.7156698934E-3
5.0935181576E-1	3.9827538719E+1	4.7334475849E-3
5.1409411924E-1	4.7301909644E+1	4.7511461741E-3
5.1885408164E-1	5.5281125338E+1	4.7687653653E-3
5.2363162341E-1	6.1752197726E+1	4.7863048641E-3
5.2842666471E-1	6.4962264957E+1	4.8037643772E-3
5.3323912540E-1	6.3795945060E+1	4.8211436130E-3
5.3806892508E-1	5.7939721723E+1	4.8384422809E-3
5.4291598301E-1	4.7997658668E+1	4.8556600920E-3
5.4778021821E-1	3.5434572795E+1	4.8727967585E-3
5.5266154939E-1	2.2273649895E+1	4.8898519940E-3
5.5755989496E-1	1.0802796648E+1	4.9068255135E-3
5.6247517308E-1	3.2016019798E+0	4.9237170334E-3
5.6740730160E-1	1.1188490840E+0	4.9405262713E-3
5.7235619810E-1	5.3990947391E+0	4.9572529464E-3
5.7732177988E-1	1.5905883783E+1	4.9738967791E-3
5.8230396395E-1	3.1480888507E+1	4.9904574913E-3
5.8730266706E-1	5.0118550920E+1	5.0069348063E-3
5.9231780568E-1	6.9240165103E+1	5.0233284486E-3
5.9734929598E-1	8.6051783808E+1	5.0396381444E-3
6.0239705389E-1	9.8021754129E+1	5.0558636210E-3
6.0746099506E-1	1.0331520083E+2	5.0720046074E-3
6.1254103485E-1	1.0106428440E+2	5.0880608338E-3
6.1763708838E-1	9.1526819327E+1	5.1040320318E-3
6.2274907048E-1	7.6111083610E+1	5.1199179345E-3
6.2787689573E-1	5.7162729718E+1	5.1357182766E-3
6.3302047843E-1	3.7544949781E+1	5.1514327939E-3
6.3817973262E-1	2.0146687655E+1	5.1670612238E-3
6.4335457209E-1	7.3980664488E+0	5.1826033052E-3
6.4854491036E-1	8.3877812181E-1	5.1980587783E-3
6.5375066070E-1	8.3288867124E-1	5.2134273849E-3
6.5897173609E-1	6.5243724201E+0	5.2287088681E-3
6.6420804930E-1	1.6048866151E+1	5.2439029725E-3
6.6945951283E-1	2.6947376108E+1	5.2590094442E-3
6.7472603890E-1	3.6702727954E+1	5.2740280309E-3
6.8000753951E-1	4.3300767139E+1	5.2889584814E-3
6.8530392640E-1	4.5693659527E+1	5.3038005463E-3
6.9061511106E-1	4.4045680110E+1	5.3185539776E-3
6.9594100473E-1	3.9690988617E+1	5.3332185287E-3
7.0128151841E-1	3.4806754550E+1	5.3477939546E-3
7.0663656285E-1	3.1873213897E+1	5.3622800116E-3
7.1200604856E-1	3.3040683261E+1	5.3766764577E-3
7.1738988581E-1	3.9548642470E+1	5.3909830523E-3
7.2278798463E-1	5.1338446843E+1	5.4051995564E-3
7.2820025482E-1	6.6963751803E+1	5.4193257323E-3
7.3362660591E-1	8.3835132020E+1	5.4333613439E-3
7.3906694724E-1	9.8753545374E+1	5.4473061568E-3
7.4452118788E-1	1.0861347763E+2	5.4611599379E-3
7.4998923669E-1	1.1111103386E+2	5.4749224557E-3
7.5547100229E-1	1.0528723619E+2	5.4885934801E-3
7.6096639308E-1	9.1774224620E+1	5.5021727828E-3
7.6647531721E-1	7.2683219589E+1	5.5156601367E-3
7.7199768263E-1	5.1160502442E+1	5.5290553166E-3
7.7753339704E-1	3.0719028374E+1	5.5423580985E-3
7.8308236795E-1	1.4507257745E+1	5.5555682601E-3
7.8864450262E-1	4.6889321147E+0	5.5686855808E-3
7.9421970809E-1	2.0746318055E+0	5.5817098412E-3
7.9980789121E-1	6.0772670866E+0	5.5946408237E-3
8.0540895857E-1	1.4978400575E+1	5.6074783123E-3
8.1102281659E-1	2.6414252801E+1	5.6202220924E-3
8.1664937145E-1	3.7940875184E+1	5.6328719509E-3
8.2228852912E-1	4.7530167877E+1	5.6454276767E-3
8.2794019536E-1	5.3882672816E+1	5.6578890597E-3
8.3360427572E-1	5.6507383229E+1	5.6702558918E-3
8.3928067556E-1	5.5592369488E+1	5.6825279663E-3
8.4496930000E-1	5.1749663418E+1	5.6947050782E-3
8.5067005399E-1	4.5745322119E+1	5.7067870238E-3
8.5638284226E-1	3.8313396734E+1	5.7187736014E-3
8.6210756934E-1	3.0106345574E+1	5.7306646105E-3
8.6784413956E-1	2.1771359415E+1	5.7424598526E-3
8.7359245705E-1	1.4085058686E+1	5.7541591304E-3
8.7935242576E-1	8.0492093388E+0	5.7657622485E-3
8.8512394943E-1	4.8595034468E+0	5.7772690129E-3
8.9090693161E-1	5.7064776399E+0	5.7886792314E-3
8.9670127565E-1	1.1437061481E+1	5.7999927133E-3
9.0250688473E-1	2.2172771483E+1	5.8112092696E-3
9.0832366182E-1	3.7020795217E+1	5.8223287127E-3
9.1415150972E-1	5.4009397382E+1	5.8333508568E-3
9.1999033104E-1	7.0325814910E+1	5.8442755178E-3
9.2584002820E-1	8.2846235176E+1	5.8551025132E-3
9.3170050345E-1	8.8850027426E+1	5.8658316618E-3
9.3757165885E-1	8.6735937220E+1	5.8764627846E-3
9.4345339628E-1	7.6533371051E+1	5.8869957037E-3
9.4934561746E-1	6.0039901435E+1	5.8974302433E-3
9.5524822392E-1	4.0510044052E+1	5.9077662288E-3
9.6116111701E-1	2.1945043149E+1	5.9180034877E-3
9.6708419793E-1	8.1522056053E+0	5.9281418487E-3
9.7301736769E-1	1.8182434025E+0	5.9381811425E-3
9.7896052713E-1	3.8485662147E+0	5.9481212013E-3
9.8491357695E-1	1.3158090431E+1	5.9579618591E-3
9.9087641766E-1	2.6976187549E+1	5.9677029512E-3
9.9684894961E-1	4.1584278354E+1	5.9773443150E-3
1.0028310730E+0	5.3282224509E+1	5.9868857894E-3
1.0088226878E+0	5.9316248940E+1	5.9963272149E-3
1.0148236940E+0	5.8516218482E+1	6.0056684336E-3
1.0208339913E+0	5.1479274998E+1	6.0149092896E-3
1.0268534791E+0	4.0272567285E+1	6.0240496283E-3
1.0328820570E+0	2.7768281352E+1	6.0330892971E-3
1.0389196241E+0	1.6826095671E+1	6.0420281448E-3
1.0449660796E+0	9.5708950655E+0	6.0508660221E-3
1.0510213224E+0	6.9686496807E+0	6.0596027814E-3
1.0570852514E+0	8.7972620468E+0	6.0682382765E-3
1.0631577652E+0	1.3977690335E+1	6.0767723631E-3
1.0692387623E+0	2.1117019233E+1	6.0852048988E-3
1.0753281411E+0	2.9055835024E+1	6.0935357425E-3
1.0814257998E+0	3.7225079975E+1	6.1017647550E-3
1.0875316366E+0	4.5696116757E+1	6.1098917988E-3
1.0936455494E+0	5.4923939328E+1	6.1179167381E-3
1.0997674360E+0	6.5297141881E+1	6.1258394388E-3
1.1058971941E+0	7.6680520871E+1	6.1336597685E-3
1.1120347214E+0	8.8142253922E+1	6.1413775965E-3
1.1181799151E+0	9.7994973882E+1	6.1489927938E-3
1.1243326727E+0	1.0416953923E+2	6.1565052331E-3
1.1304928913E+0	1.0481940333E+2	6.1639147890E-3
1.1366604679E+0	9.8964014613E+1	6.1712213376E-3
1.1428352996E+0	8.6953339344E+1	6.1784247568E-3
1.1490172830E+0	7.0582609526E+1	6.1855249261E-3
1.1552063150E+0	5.2791696257E+1	6.1925217271E-3
1.1614022920E+0	3.7012356464E+1	6.1994150427E-3
1.1676051105E+0	2.6337296339E+1	6.2062047577E-3
1.1738146669E+0	2.2743114349E+1	6.2128907587E-3
1.1800308574E+0	2.6587703208E+1	6.2194729339E-3
1.1862535782E+0	3.6525514036E+1	6.2259511734E-3
1.1924827251E+0	4.9864024339E+1	6.2323253688E-3
1.1987181942E+0	6.3257653137E+1	6.2385954138E-3
1.2049598812E+0	7.3540679998E+1	6.2447612034E-3
1.2112076818E+0	7.8468682902E+1	6.2508226346E-3
1.2174614916E+0	7.7177301307E+1	6.2567796062E-3
1.2237212062E+0	7.0260576874E+1	6.2626320186E-3
1.2299867208E+0	5.9484093722E+1	6.2683797740E-3
1.2362579308E+0	4.7244867528E+1	6.2740227763E-3
1.2425347314E+0	3.5946188606E+1	6.2795609313E-3
1.2488170177E+0	2.7461186211E+1	6.2849941464E-3
1.2551046847E+0	2.2814958326E+1	6.2903223308E-3
1.2613976273E+0	2.2135067549E+1	6.2955453954E-3
1.2676957404E+0	2.4831506066E+1	6.3006632530E-3
1.2739989187E+0	2.9903698866E+1	6.3056758180E-3
1.2803070569E+0	3.6255173270E+1	6.3105830068E-3
1.2866200496E+0	4.2922426427E+1	6.3153847371E-3
1.2929377912E+0	4.9172662662E+1	6.3200809290E-3
1.2992601762E+0	5.4477153131E+1	6.3246715037E-3
1.3055870990E+0	5.8412645503E+1	6.3291563847E-3
1.3119184537E+0	6.0569749514E+1	6.3335354970E-3
1.3182541347E+0	6.0538171358E+1	6.3378087674E-3
1.3245940360E+0	5.7993313885E+1	6.3419761245E-3
1.3309380516E+0	5.2853440416E+1	6.3460374987E-3
1.3372860756E+0	4.5443053636E+1	6.3499928220E-3
1.3436380019E+0	3.6593851902E+1	6.3538420284E-3
1.3499937243E+0	2.7627755240E+1	6.3575850535E-3
1.3563531366E+0	2.0193797717E+1	6.3612218349E-3
1.3627161325E+0	1.5977444212E+1	6.3647523117E-3
1.3690826057E+0	1.6352718692E+1	6.3681764249E-3
1.3754524499E+0	2.2071179884E+1	6.3714941173E-3
1.3818255585E+0	3.3065337219E+1	6.3747053335E-3
1.3882018250E+0	4.8410659901E+1	6.3778100198E-3
1.3945811430E+0	6.6458630190E+1	6.3808081243E-3
1.4009634057E+0	8.5115169509E+1	6.3836995970E-3
1.4073485066E+0	1.0219444572E+2	6.3864843894E-3
1.4137363389E+0	1.1575816176E+2	6.3891624551E-3
1.4201267959E+0	1.2437324557E+2	6.3917337493E-3
1.4265197708E+0	1.2725953292E+2	6.3941982290E-3
1.4329151568E+0	1.2432292673E+2	6.3965558531E-3
1.4393128469E+0	1.1608586876E+2	6.3988065821E-3
1.4457127343E+0	1.0354891367E+2	6.4009503785E-3
1.4521147120E+0	8.8027731890E+1	6.4029872063E-3
1.4585186731E+0	7.0994119533E+1	6.4049170317E-3
1.4649245104E+0	5.3927517732E+1	6.4067398222E-3
1.4713321170E+0	3.8176727930E+1	6.4084555476E-3
1.4777413858E+0	2.4833159599E+1	6.4100641790E-3
1.4841522097E+0	1.4619291399E+1	6.4115656896E-3
1.4905644815E+0	7.8064051738E+0	6.4129600544E-3
1.4969780940E+0	4.1886524192E+0	6.4142472499E-3
1.5033929402E+0	3.1374573600E+0	6.4154272548E-3
1.5098089128E+0	3.7426910206E+0	6.4165000493E-3
1.5162259046E+0	5.0283688591E+0	6.4174656154E-3
1.5226438083E+0	6.2064317528E+0	6.4183239370E-3
1.5290625167E+0	6.9026329271E+0	6.4190749998E-3
1.5354819225E+0	7.2810987633E+0	6.4197187912E-3
1.5419019185E+0	8.0210929177E+0	6.4202553005E-3
1.5483223974E+0	1.0135890196E+1	6.4206845187E-3
1.5547432518E+0	1.4658554719E+1	6.4210064386E-3
1.5611643745E+0	2.2266835450E+1	6.4212210549E-3
1.5675856581E+0	3.2959413338E+1	6.4213283639E-3
1.5740069954E+0	4.5886292011E+1	6.4213283639E-3
1.5804282791E+0	5.9389782649E+1	6.4212210549E-3
1.5868494018E+0	7.1271428733E+1	6.4210064386E-3
1.5932702562E+0	7.9252960347E+1	6.4206845187E-3
1.5996907351E+0	8.1524821884E+1	6.4202553005E-3
1.6061107310E+0	7.7226407274E+1	6.4197187912E-3
1.6125301369E+0	6.6730926057E+1	6.4190749998E-3
1.6189488453E+0	5.1671426979E+1	6.4183239370E-3
1.6253667490E+0	3.4686901649E+1	6.4174656154E-3
1.6317837408E+0	1.8917829331E+1	6.4165000493E-3
1.6381997134E+0	7.3640459826E+0	6.4154272548E-3
1.6446145595E+0	2.2702551581E+0	6.4142472499E-3
1.6510281721E+0	4.6773560344E+0	6.4129600544E-3
1.6574404439E+0	1.4221106149E+1	6.4115656896E-3
1.6638512678E+0	2.9218240786E+1	6.4100641790E-3
1.6702605366E+0	4.7023517659E+1	6.4084555476E-3
1.6766681432E+0	6.4562257763E+1	6.4067398222E-3
1.6830739805E+0	7.8904069178E+1	6.4049170317E-3
1.6894779416E+0	8.7767589802E+1	6.4029872063E-3
1.6958799193E+0	8.9879020162E+1	6.4009503785E-3
1.7022798067E+0	8.5124767071E+1	6.3988065821E-3
1.7086774968E+0	7.4478919305E+1	6.3965558531E-3
1.7150728827E+0	5.9751361045E+1	6.3941982290E-3
1.7214658576E+0	4.3235697998E+1	6.3917337493E-3
1.7278563146E+0	2.7321065639E+1	6.3891624551E-3
1.7342441470E+0	1.4115150110E+1	6.3864843894E-3
1.7406292478E+0	5.1300432834E+0	6.3836995970E-3
1.7470115106E+0	1.0781531006E+0	6.3808081243E-3
1.7533908286E+0	1.7992411312E+0	6.3778100198E-3
1.7597670951E+0	6.3191565890E+0	6.3747053335E-3
1.7661402037E+0	1.3037800260E+1	6.3714941173E-3
1.7725100479E+0	2.0034526472E+1	6.3681764249E-3
1.7788765211E+0	2.5450962103E+1	6.3647523117E-3
1.7852395170E+0	2.7883452516E+1	6.3612218349E-3
1.7915989293E+0	2.6707034547E+1	6.3575850535E-3
1.7979546517E+0	2.2255758591E+1	6.3538420284E-3
1.8043065780E+0	1.5797801001E+1	6.3499928220E-3
1.8106546020E+0	9.2789176802E+0	6.3460374987E-3
1.8169986176E+0	4.8667221548E+0	6.3419761245E-3
1.8233385189E+0	4.3910379929E+0	6.3378087674E-3
1.8296741999E+0	8.8166403470E+0	6.3335354970E-3
1.8360055546E+0	1.7891512184E+1	6.3291563847E-3
1.8423324774E+0	3.0084423736E+1	6.3246715037E-3
1.8486548624E+0	4.2861854430E+1	6.3200809290E-3
1.8549726040E+0	5.3265708278E+1	6.3153847371E-3
1.8612855967E+0	5.8663303940E+1	6.3105830068E-3
1.8675937349E+0	5.7479538389E+1	6.3056758180E-3
1.8738969132E+0	4.9709817739E+1	6.3006632530E-3
1.8801950263E+0	3.7057513611E+1	6.2955453954E-3
1.8864879689E+0	2.2632119420E+1	6.2903223308E-3
1.8927756359E+0	1.0261449503E+1	6.2849941464E-3
1.8990579222E+0	3.5808173919E+0	6.2795609313E-3
1.9053347228E+0	5.1306093016E+0	6.2740227763E-3
1.9116059328E+0	1.5698597575E+1	6.2683797740E-3
1.9178714474E+0	3.4081994209E+1	6.2626320186E-3
1.9241311620E+0	5.7333735623E+1	6.2567796062E-3
1.9303849718E+0	8.1428511823E+1	6.2508226346E-3
1.9366327724E+0	1.0217253297E+2	6.2447612034E-3
1.9428744594E+0	1.1611904363E+2	6.2385954138E-3
1.9491099285E+0	1.2125777592E+2	6.2323253688E-3
1.9553390754E+0	1.1731866816E+2	6.2259511734E-3
1.9615617961E+0	1.0564469463E+2	6.2194729339E-3
1.9677779867E+0	8.8708807466E+1	6.2128907587E-3
1.9739875431E+0	6.9439191487E+1	6.2062047577E-3
1.9801903616E+0	5.0550979808E+1	6.1994150427E-3
1.9863863386E+0	3.4055757771E+1	6.1925217271E-3
1.9925753706E+0	2.1045850735E+1	6.1855249261E-3
1.9987573540E+0	1.1755414552E+1	6.1784247568E-3
2.0049321857E+0	5.8165412243E+0	6.1712213376E-3
2.0110997623E+0	2.5824860678E+0	6.1639147890E-3
2.0172599809E+0	1.3940254313E+0	6.1565052331E-3
2.0234127385E+0	1.7127450450E+0	6.1489927938E-3
2.0295579322E+0	3.1148583586E+0	6.1413775965E-3
2.0356954595E+0	5.2020814095E+0	6.1336597685E-3
2.0418252176E+0	7.5175510310E+0	6.1258394388E-3
2.0479471042E+0	9.5437095113E+0	6.1179167381E-3
2.0540610170E+0	1.0811747086E+1	6.1098917988E-3
2.0601668538E+0	1.1089345104E+1	6.1017647550E-3
2.0662645125E+0	1.0562225807E+1	6.0935357425E-3
2.0723538913E+0	9.9084751474E+0	6.0852048988E-3
2.0784348884E+0	1.0192763758E+1	6.0767723631E-3
2.0845074022E+0	1.2572942336E+1	6.0682382765E-3
2.0905713312E+0	1.7890966125E+1	6.0596027814E-3
2.0966265740E+0	2.6282974953E+1	6.0508660221E-3
2.1026730295E+0	3.6962437839E+1	6.0420281448E-3
2.1087105966E+0	4.8292517354E+1	6.0330892971E-3
2.1147391745E+0	5.8176322698E+1	6.0240496283E-3
2.1207586623E+0	6.4682771202E+1	6.0149092896E-3
2.1267689596E+0	6.6728810642E+1	6.0056684336E-3
2.1327699657E+0	6.4591898356E+1	5.9963272149E-3
2.1387615806E+0	6.0051884510E+1	5.9868857894E-3
2.1447437040E+0	5.6057972702E+1	5.9773443150E-3
2.1507162359E+0	5.5959163696E+1	5.9677029512E-3
2.1566790766E+0	6.2482926202E+1	5.9579618591E-3
2.1626321265E+0	7.6749563765E+1	5.9481212013E-3
2.1685752859E+0	9.7632140080E+1	5.9381811425E-3
2.1745084557E+0	1.2170012270E+2	5.9281418487E-3
2.1804315366E+0	1.4383395560E+2	5.9180034877E-3
2.1863444297E+0	1.5840786404E+2	5.9077662288E-3
2.1922470361E+0	1.6076378569E+2	5.8974302433E-3
2.1981392573E+0	1.4859298478E+2	5.8869957037E-3
2.2040209947E+0	1.2283839543E+2	5.8764627846E-3
2.2098921501E+0	8.7836041241E+1	5.8658316618E-3
2.2157526254E+0	5.0602677323E+1	5.8551025132E-3
2.2216023226E+0	1.9399194428E+1	5.8442755178E-3
2.2274411439E+0	1.8948192892E+0	5.8333508568E-3
2.2332689918E+0	3.3718140661E+0	5.8223287127E-3
2.2390857689E+0	2.5412111428E+1	5.8112092696E-3
2.2448913779E+0	6.5394779485E+1	5.7999927133E-3
2.2506857220E+0	1.1693596334E+2	5.7886792314E-3
2.2564687042E+0	1.7117296142E+2	5.7772690129E-3
2.2622402278E+0	2.1859116161E+2	5.7657622485E-3
2.2680001965E+0	2.5096799490E+2	5.7541591304E-3
2.2737485140E+0	2.6299123654E+2	5.7424598526E-3
2.2794850843E+0	2.5320035606E+2	5.7306646105E-3
2.2852098113E+0	2.2407187794E+2	5.7187736014E-3
2.2909225996E+0	1.8127629624E+2	5.7067870238E-3
2.2966233536E+0	1.3232233957E+2	5.6947050782E-3
2.3023119780E+0	8.4929527153E+1	5.6825279663E-3
2.3079883779E+0	4.5506036193E+1	5.6702558918E-3
2.3136524582E+0	1.8053996739E+1	5.6578890597E-3
2.3193041245E+0	3.6991200426E+0	5.6454276767E-3
2.3249432821E+0	8.8216135121E-1	5.6328719509E-3
2.3305698370E+0	6.0971863412E+0	5.6202220924E-3
2.3361836950E+0	1.4951261134E+1	5.6074783123E-3
2.3417847624E+0	2.3273428449E+1	5.5946408237E-3
2.3473729455E+0	2.8021456357E+1	5.5817098412E-3
2.3529481510E+0	2.7810167204E+1	5.5686855808E-3
2.3585102856E+0	2.2991138591E+1	5.5555682601E-3
2.3640592565E+0	1.5322105076E+1	5.5423580985E-3
2.3695949710E+0	7.3505602249E+0	5.5290553166E-3
2.3751173364E+0	1.6835717533E+0	5.5156601367E-3
2.3806262605E+0	3.1951935705E-1	5.5021727828E-3
2.3861216513E+0	4.1827648718E+0	5.4885934801E-3
2.3916034169E+0	1.2942188841E+1	5.4749224557E-3
2.3970714657E+0	2.5125467180E+1	5.4611599379E-3
2.4025257064E+0	3.8478427816E+1	5.4473061568E-3
2.4079660477E+0	5.0474239027E+1	5.4333613439E-3
2.4133923988E+0	5.8856307435E+1	5.4193257323E-3
2.4188046690E+0	6.2101899962E+1	5.4051995564E-3
2.4242027678E+0	5.9716909085E+1	5.3909830523E-3
2.4295866050E+0	5.2309833102E+1	5.3766764577E-3
2.4349560907E+0	4.1437863264E+1	5.3622800116E-3
2.4403111352E+0	2.9262284776E+1	5.3477939546E-3
2.4456516489E+0	1.8086452526E+1	5.3332185287E-3
2.4509775425E+0	9.8709870812E+0	5.3185539776E-3
2.4562887272E+0	5.8244506093E+0	5.3038005463E-3
2.4615851141E+0	6.1543318055E+0	5.2889584814E-3
2.4668666147E+0	1.0035236501E+1	5.2740280309E-3
2.4721331408E+0	1.5811036051E+1	5.2590094442E-3
2.4773846043E+0	2.1399132325E+1	5.2439029725E-3
2.4826209175E+0	2.4817418360E+1	5.2287088681E-3
2.4878419929E+0	2.4722072382E+1	5.2134273849E-3
2.4930477432E+0	2.0836594872E+1	5.1980587783E-3
2.4982380815E+0	1.4168228247E+1	5.1826033052E-3
2.5034129210E+0	6.9422883235E+0	5.1670612238E-3
2.5085721752E+0	2.2383469941E+0	5.1514327939E-3
2.5137157579E+0	3.3808389705E+0	5.1357182766E-3
2.5188435831E+0	1.3199533549E+1	5.1199179345E-3
2.5239555652E+0	3.3309384493E+1	5.1040320318E-3
2.5290516187E+0	6.3563746575E+1	5.0880608338E-3
2.5341316585E+0	1.0181639391E+2	5.0720046074E-3
2.5391955997E+0	1.4407540986E+2	5.0558636210E-3
2.5442433576E+0	1.8504631108E+2	5.0396381444E-3
2.5492748479E+0	2.1897958041E+2	5.0233284486E-3
2.5542899865E+0	2.4068059801E+2	5.0069348063E-3
2.5592886896E+0	2.4649314394E+2	4.9904574913E-3
2.5642708737E+0	2.3505037464E+2	4.9738967791E-3
2.5692364555E+0	2.0763685382E+2	4.9572529464E-3
2.5741853520E+0	1.6808644392E+2	4.9405262713E-3
2.5791174805E+0	1.2221169879E+2	4.9237170334E-3
2.5840327586E+0	7.6850530617E+1	4.9068255135E-3
2.5889311042E+0	3.8712423899E+1	4.8898519940E-3
2.5938124354E+0	1.3240300014E+1	4.8727967585E-3
2.5986766706E+0	3.6868974967E+0	4.8556600920E-3
2.6035237285E+0	1.0579611162E+1	4.8384422809E-3
2.6083535282E+0	3.1683759396E+1	4.8211436130E-3
2.6131659889E+0	6.2454424954E+1	4.8037643772E-3
2.6179610302E+0	9.6879532783E+1	4.7863048641E-3
2.6227385719E+0	1.2857580258E+2	4.7687653653E-3
2.6274985343E+0	1.5191567178E+2	4.7511461741E-3
2.6322408378E+0	1.6296736491E+2	4.7334475849E-3
2.6369654032E+0	1.6011908122E+2	4.7156698934E-3
2.6416721513E+0	1.4425303804E+2	4.6978133967E-3
2.6463610038E+0	1.1846082763E+2	4.6798783932E-3
2.6510318821E+0	8.7399670517E+1	4.6618651826E-3
2.6556847082E+0	5.6381923663E+1	4.6437740661E-3
2.6603194043E+0	3.0409015762E+1	4.6256053458E-3
2.6649358931E+0	1.3311944144E+1	4.6073593254E-3
2.6695340973E+0	7.1530428064E+0	4.5890363098E-3
2.6741139402E+0	1.1974366515E+1	4.5706366053E-3
2.6786753451E+0	2.5927317867E+1	4.5521605193E-3
2.6832182358E+0	4.5732744708E+1	4.5336083606E-3
2.6877425365E+0	6.7341398091E+1	4.5149804392E-3
2.6922481716E+0	8.6727771496E+1	4.4962770664E-3
2.6967350656E+0	1.0055501803E+2	4.4774985548E-3
2.7012031437E+0	1.0673824933E+2	4.4586452181E-3
2.7056523312E+0	1.0466632934E+2	4.4397173715E-3
2.7100825537E+0	9.5198011965E+1	4.4207153312E-3
2.7144937373E+0	8.0353259827E+1	4.4016394148E-3
2.7188858081E+0	6.2840214838E+1	4.3824899412E-3
2.7232586927E+0	4.5495285830E+1	4.3632672302E-3
2.7276123182E+0	3.0743871389E+1	4.3439716031E-3
2.7319466117E+0	2.0199693407E+1	4.3246033825E-3
2.7362615009E+0	1.4445455892E+1	4.3051628919E-3
2.7405569135E+0	1.3038850187E+1	4.2856504563E-3
2.7448327779E+0	1.4720845586E+1	4.2660664016E-3
2.7490890226E+0	1.7766019054E+1	4.2464110553E-3
2.7533255764E+0	2.0411323934E+1	4.2266847457E-3
2.7575423685E+0	2.1261718103E+1	4.2068878026E-3
2.7617393285E+0	1.9597575595E+1	4.1870205567E-3
2.7659163863E+0	1.5544645088E+1	4.1670833400E-3
2.7700734720E+0	1.0035069794E+1	4.1470764858E-3
2.7742105162E+0	4.6415226445E+0	4.1270003283E-3
2.7783274497E+0	1.2330617122E+0	4.1068552032E-3
2.7824242037E+0	1.6067291076E+0	4.0866414469E-3
2.7865007098E+0	7.0936812570E+0	4.0663593974E-3
2.7905568999E+0	1.8258461518E+1	4.0460093936E-3
2.7945927061E+0	3.4715808398E+1	4.0255917754E-3
2.7986080610E+0	5.5137275808E+1	4.0051068843E-3
2.8026028975E+0	7.7374750446E+1	3.9845550624E-3
2.8065771489E+0	9.8792663099E+1	3.9639366533E-3
2.8105307487E+0	1.1664274783E+2	3.9432520014E-3
2.8144636309E+0	1.2847108852E+2	3.9225014525E-3
2.8183757298E+0	1.3255645866E+2	3.9016853533E-3
2.8222669799E+0	1.2815035059E+2	3.8808040517E-3
2.8261373163E+0	1.1564864752E+2	3.8598578967E-3
2.8299866742E+0	9.6603761230E+1	3.8388472382E-3
2.8338149894E+0	7.3499058876E+1	3.8177724274E-3
2.8376221978E+0	4.9460610576E+1	3.7966338166E-3
2.8414082359E+0	2.7856537184E+1	3.7754317588E-3
2.8451730403E+0	1.1822226614E+1	3.7541666086E-3
2.8489165482E+0	3.8561922457E+0	3.7328387211E-3
2.8526386969E+0	5.4831944233E+0	3.7114484529E-3
2.8563394244E+0	1.7031775723E+1	3.6899961614E-3
2.8600186687E+0	3.7587316040E+1	3.6684822051E-3
2.8636763684E+0	6.5088709530E+1	3.6469069436E-3
2.8673124623E+0	9.6567728826E+1	3.6252707373E-3
2.8709268897E+0	1.2852300453E+2	3.6035739479E-3
2.8745195901E+0	1.5734501745E+2	3.5818169379E-3
2.8780905036E+0	1.7973496799E+2	3.5600000709E-3
2.8816395704E+0	1.9310231191E+2	3.5381237115E-3
2.8851667313E+0	1.9588665564E+2	3.5161882254E-3
2.8886719273E+0	1.8773771042E+2	3.4941939790E-3
2.8921550998E+0	1.6954249299E+2	3.4721413399E-3
2.8956161906E+0	1.4332217803E+2	3.4500306767E-3
2.8990551419E+0	1.1200995000E+2	3.4278623588E-3
2.9024718962E+0	7.9122251988E+1	3.4056367567E-3
2.9058663965E+0	4.8362057871E+1	3.3833542419E-3
2.9092385859E+0	2.3209553013E+1	3.3610151867E-3
2.9125884081E+0	6.5490333613E+0	3.3386199643E-3
2.9159158072E+0	3.6729236401E-1	3.3161689492E-3
2.9192207275E+0	5.5503914508E+0	3.2936625164E-3
2.9225031139E+0	2.1798631786E+1	3.2711010421E-3
2.9257629114E+0	4.7667750599E+1	3.2484849032E-3
2.9290000656E+0	8.0729109501E+1	3.2258144779E-3
2.9322145224E+0	1.1782789851E+2	3.2030901448E-3
2.9354062280E+0	1.5540908792E+2	3.1803122838E-3
2.9385751292E+0	1.8987602736E+2	3.1574812755E-3
2.9417211730E+0	2.1794533291E+2	3.1345975014E-3
2.9448443068E+0	2.3696359154E+2	3.1116613440E-3
2.9479444784E+0	2.4515635294E+2	3.0886731866E-3
2.9510216360E+0	2.4178752459E+2	3.0656334132E-3
2.9540757281E+0	2.2721682333E+2	3.0425424091E-3
2.9571067038E+0	2.0285325040E+2	3.0194005599E-3
2.9601145124E+0	1.7101251120E+2	2.9962082525E-3
2.9630991036E+0	1.3469492250E+2	2.9729658744E-3
2.9660604276E+0	9.7306911775E+1	2.9496738141E-3
2.9689984348E+0	6.2353258028E+1	2.9263324607E-3
2.9719130762E+0	3.3128561134E+1	2.9029422044E-3
2.9748043031E+0	1.2435124398E+1	2.8795034361E-3
2.9776720671E+0	2.3507897550E+0	2.8560165473E-3
2.9805163203E+0	4.0647625076E+0	2.8324819307E-3
2.9833370151E+0	1.7792715484E+1	2.8088999795E-3
2.9861341046E+0	4.2775148509E+1	2.7852710878E-3
2.9889075418E+0	7.7355772714E+1	2.7615956505E-3
2.9916572805E+0	1.1913020227E+2	2.7378740632E-3
2.9943832747E+0	1.6514996923E+2	2.7141067224E-3
2.9970854788E+0	2.1216318468E+2	2.6902940251E-3
2.9997638477E+0	2.5687123913E+2	2.6664363695E-3
3.0024183367E+0	2.9618078756E+2	2.6425341541E-3
3.0050489013E+0	3.2743176801E+2	2.6185877784E-3
3.0076554977E+0	3.4858511020E+2	2.5945976426E-3
3.0102380822E+0	3.5835778731E+2	2.5705641475E-3
3.0127966116E+0	3.5629759758E+2	2.5464876949E-3
3.0153310434E+0	3.4279513912E+2	2.5223686871E-3
3.0178413350E+0	3.1903538422E+2	2.4982075270E-3
3.0203274445E+0	2.8689552350E+2	2.4740046186E-3
3.0227893304E+0	2.4879892182E+2	2.4497603662E-3
3.0252269516E+0	2.0753715600E+2	2.4254751751E-3
3.0276402673E+0	1.6607372339E+2	2.4011494510E-3
3.0300292371E+0	1.2734436258E+2	2.3767836004E-3
3.0323938212E+0	9.4068946187E+1	2.3523780306E-3
3.0347339801E+0	6.8586944673E+1	2.3279331494E-3
3.0370496746E+0	5.2723486681E+1	2.3034493653E-3
3.0393408660E+0	4.7690777729E+1	2.2789270875E-3
3.0416075160E+0	5.4032067510E+1	2.2543667257E-3
3.0438495869E+0	7.1614577796E+1	2.2297686905E-3
3.0460670410E+0	9.9666133358E+1	2.2051333928E-3
3.0482598414E+0	1.3684032335E+2	2.1804612443E-3
3.0504279513E+0	1.8130599659E+2	2.1557526574E-3
3.0525713347E+0	2.3087009334E+2	2.1310080450E-3
3.0546899556E+0	2.8312264807E+2	2.1062278206E-3
3.0567837786E+0	3.3557118487E+2	2.0814123983E-3
3.0588527688E+0	3.8576359134E+2	2.0565621928E-3
3.0608968915E+0	4.3142176050E+2	2.0316776194E-3
3.0629161127E+0	4.7055956448E+2	2.0067590939E-3
3.0649103985E+0	5.0155419500E+2	1.9818070327E-3
3.0668797157E+0	5.2320601317E+2	1.9568218529E-3
3.0688240313E+0	5.3478933593E+2	1.9318039720E-3
3.0707433129E+0	5.3605231793E+2	1.9067538080E-3
3.0726375283E+0	5.2719846437E+2	1.8816717796E-3
3.0745066460E+0	5.0886247027E+2	1.8565583060E-3
3.0763506346E+0	4.8204945012E+2	1.8314138067E-3
3.0781694634E+0	4.4806999234E+2	1.8062387021E-3
3.0799631019E+0	4.0846534471E+2	1.7810334128E-3
3.0817315203E+0	3.6492676226E+2	1.7557983600E-3
3.0834746889E+0	3.1921863443E+2	1.7305339655E-3
3.0851925786E+0	2.7309202701E+2	1.7052406515E-3
3.0868851607E+0	2.2823176359E+2	1.6799188405E-3
3.0885524069E+0	1.8617639246E+2	1.6545689559E-3
3.0901942894E+0	1.4828326785E+2	1.6291914212E-3
3.0918107807E+0	1.1568817321E+2	1.6037866605E-3
3.0934018538E+0	8.9268066705E+1	1.5783550984E-3
3.0949674821E+0	6.9655725755E+1	1.5528971598E-3
3.0965076394E+0	5.7198509616E+1	1.5274132703E-3
3.0980223001E+0	5.2015419931E+1	1.5019038556E-3
3.0995114388E+0	5.3961381287E+1	1.4763693421E-3
3.1009750306E+0	6.2706917216E+1	1.4508101565E-3
3.1024130510E+0	7.7711531990E+1	1.4252267258E-3
3.1038254761E+0	9.8313361672E+1	1.3996194778E-3
3.1052122822E+0	1.2370604111E+2	1.3739888402E-3
3.1065734461E+0	1.5303303677E+2	1.3483352414E-3
3.1079089451E+0	1.8535984534E+2	1.3226591101E-3
3.1092187570E+0	2.1976829417E+2	1.2969608754E-3
3.1105028597E+0	2.5532311268E+2	1.2712409668E-3
3.1117612318E+0	2.9115328186E+2	1.2454998140E-3
3.1129938524E+0	3.2642733746E+2	1.2197378472E-3
3.1142007007E+0	3.6039700436E+2	1.1939554970E-3
3.1153817567E+0	3.9240596767E+2	1.1681531941E-3
3.1165370006E+0	4.2187630115E+2	1.1423313699E-3
3.1176664131E+0	4.4835415651E+2	1.1164904558E-3
3.1187699753E+0	4.7146333138E+2	1.0906308836E-3
3.1198476688E+0	4.9093910672E+2	1.0647530855E-3
3.1208994755E+0	5.0661459849E+2	1.0388574939E-3
3.1219253780E+0	5.1839481717E+2	1.0129445417E-3
3.1229253590E+0	5.2628335502E+2	9.8701466182E-4
3.1238994018E+0	5.3034795601E+2	9.6106828758E-4
3.1248474902E+0	5.3071054864E+2	9.3510585261E-4
3.1257696083E+0	5.2755986182E+2	9.0912779076E-4
3.1266657407E+0	5.2112050129E+2	8.8313453619E-4
3.1275358724E+0	5.1164362678E+2	8.5712652325E-4
3.1283799890E+0	4.9941529244E+2	8.3110418659E-4
3.1291980762E+0	4.8473654696E+2	8.0506796108E-4
3.1299901204E+0	4.6790937989E+2	7.7901828182E-4
3.1307561084E+0	4.4924247065E+2	7.5295558414E-4
3.1314960274E+0	4.2904585292E+2	7.2688030358E-4
3.1322098650E+0	4.0761696466E+2	7.0079287589E-4
3.1328976092E+0	3.8523837411E+2	6.7469373705E-4
3.1335592487E+0	3.6218116962E+2	6.4858332323E-4
3.1341947723E+0	3.3870149394E+2	6.2246207073E-4
3.1348041694E+0	3.1503445285E+2	5.9633041614E-4
3.1353874298E+0	2.9139321799E+2	5.7018879612E-4
3.1359445438E+0	2.6797159737E+2	5.4403764760E-4
3.1364755020E+0	2.4494502506E+2	5.1787740760E-4
3.1369802957E+0	2.2246950468E+2	4.9170851331E-4
3.1374589163E+0	2.0068107861E+2	4.6553140213E-4
3.1379113559E+0	1.7969702589E+2	4.3934651156E-4
3.1383376069E+0	1.5961791511E+2	4.1315427928E-4
3.1387376622E+0	1.4052938453E+2	3.8695514312E-4
3.1391115150E+0	1.2250339512E+2	3.6074954110E-4
3.1394591592E+0	1.0559930995E+2	3.3453791144E-4
3.1397805890E+0	8.9865123529E+1	3.0832069259E-4
3.1400757989E+0	7.5338881158E+1	2.8209832342E-4
3.1403447841E+0	6.2050153781E+1	2.5587124334E-4
3.1405875400E+0	5.0021432665E+1	2.2963989267E-4
3.1408040626E+0	3.9269381732E+1	2.0340471372E-4
3.1409943483E+0	2.9805945222E+1	1.7716615272E-4
3.1411583939E+0	2.1639329090E+1	1.5092466531E-4
3.1412961968E+0	1.4774869827E+1	1.2468073282E-4
3.1414077547E+0	9.2157929287E+0	9.8434919423E-5
3.1414930663E+0	4.9638523620E+0	7.2188137769E-5
3.1415521316E+0	2.0198128998E+0	4.5943520243E-5
3.1415849628E+0	3.8334555776E-1	1.9736940383E-5