# Differential cross section		
# Author: P. Swaczyna	Princeton University	(swaczyna@princeton.edu)
# Date: 	Wed 17 Feb 2021 06:49:13	
# 		
# Indistinguishable particle collision: He^0 + He^+ -> He^0 + He^+		
# 		
# Red. mass: 	1.8640723202E+9	 eV/c^2
# CM energy: 	4.1686938347E-3	 eV
# Rel speed: 	6.3402199150E+4	 cm/s
# Tot sigma: 	2.4157970204E+3	 a.u.
# Int sigma: 	2.4157970203E+3	 a.u.
# 		
# Columns:		
# the <- scattering angle (rad)		
# dcs <- dsigma/dOmega*2*pi*sin(the) (a.u. = 2.8002852056E-17 cm^2)		
# wei <- weight for cross section integration (approx. width of angle bin)		
# 		
# the	dcs	wei
7.6907532846E-6	6.0368912192E+0	1.9736940383E-5
4.0521979771E-5	3.1807760617E+1	4.5943520243E-5
9.9587300392E-5	7.8169219748E+1	7.2188137769E-5
1.8489884726E-4	1.4512254262E+2	9.8434919423E-5
2.9645680168E-4	2.3264473635E+2	1.2468073282E-4
4.3425968311E-4	3.4068447641E+2	1.5092466531E-4
5.9830531657E-4	4.6914725198E+2	1.7716615272E-4
7.8859101285E-4	6.1787683541E+2	2.0340471372E-4
1.0051136166E-3	7.8663432979E+2	2.2963989267E-4
1.2478695220E-3	9.7507605690E+2	2.5587124334E-4
1.5168546797E-3	1.1827320323E+3	2.8209832342E-4
1.8120645986E-3	1.4089873607E+3	3.0832069259E-4
2.1334943481E-3	1.6530694416E+3	3.3453791144E-4
2.4811385584E-3	1.9140442548E+3	3.6074954110E-4
2.8549914211E-3	2.1908250032E+3	3.8695514312E-4
3.2550466893E-3	2.4821958228E+3	4.1315427928E-4
3.6812976783E-3	2.7868519209E+3	4.3934651156E-4
4.1337372652E-3	3.1034552795E+3	4.6553140213E-4
4.6123578895E-3	3.4307020126E+3	4.9170851331E-4
5.1171515529E-3	3.7673939196E+3	5.1787740760E-4
5.6481098199E-3	4.1125033248E+3	5.4403764760E-4
6.2052238176E-3	4.4652178376E+3	5.7018879612E-4
6.7884842360E-3	4.8249512405E+3	5.9633041614E-4
7.3978813281E-3	5.1913093147E+3	6.2246207073E-4
8.0334049101E-3	5.5640057056E+3	6.4858332323E-4
8.6950443616E-3	5.9427328950E+3	6.7469373705E-4
9.3827886258E-3	6.3270059744E+3	7.0079287589E-4
1.0096626210E-2	6.7160099336E+3	7.2688030358E-4
1.0836545184E-2	7.1084909104E+3	7.5295558414E-4
1.1602533184E-2	7.5027335939E+3	7.7901828182E-4
1.2394577408E-2	7.8966560349E+3	8.0506796108E-4
1.3212664621E-2	8.2880270023E+3	8.3110418659E-4
1.4056781152E-2	8.6747722729E+3	8.5712652325E-4
1.4926912893E-2	9.0552945855E+3	8.8313453619E-4
1.5823045305E-2	9.4287037573E+3	9.0912779076E-4
1.6745163410E-2	9.7948564965E+3	9.3510585261E-4
1.7693251801E-2	1.0154150465E+4	9.6106828758E-4
1.8667294632E-2	1.0507099227E+4	9.8701466182E-4
1.9667275626E-2	1.0853810022E+4	1.0129445417E-3
2.0693178073E-2	1.1193556970E+4	1.0388574939E-3
2.1744984827E-2	1.1524648439E+4	1.0647530855E-3
2.2822678313E-2	1.1844704150E+4	1.0906308836E-3
2.3926240519E-2	1.2151293649E+4	1.1164904558E-3
2.5055653005E-2	1.2442698666E+4	1.1423313699E-3
2.6210896896E-2	1.2718443112E+4	1.1681531941E-3
2.7391952886E-2	1.2979279611E+4	1.1939554970E-3
2.8598801239E-2	1.3226556057E+4	1.2197378472E-3
2.9831421786E-2	1.3461221302E+4	1.2454998140E-3
3.1089793929E-2	1.3682985617E+4	1.2712409668E-3
3.2373896638E-2	1.3890150663E+4	1.2969608754E-3
3.3683708455E-2	1.4080301593E+4	1.3226591101E-3
3.5019207490E-2	1.4251536635E+4	1.3483352414E-3
3.6380371427E-2	1.4403496649E+4	1.3739888402E-3
3.7767177517E-2	1.4537473535E+4	1.3996194778E-3
3.9179602586E-2	1.4655420783E+4	1.4252267258E-3
4.0617623030E-2	1.4758466502E+4	1.4508101565E-3
4.2081214817E-2	1.4845980907E+4	1.4763693421E-3
4.3570353490E-2	1.4915958055E+4	1.5019038556E-3
4.5085014162E-2	1.4966528123E+4	1.5274132703E-3
4.6625171522E-2	1.4997470923E+4	1.5528971598E-3
4.8190799831E-2	1.5010465497E+4	1.5783550984E-3
4.9781872927E-2	1.5007768662E+4	1.6037866605E-3
5.1398364219E-2	1.4990384249E+4	1.6291914212E-3
5.3040246694E-2	1.4957345367E+4	1.6545689559E-3
5.4707492914E-2	1.4906834583E+4	1.6799188405E-3
5.6400075017E-2	1.4838169865E+4	1.7052406515E-3
5.8117964718E-2	1.4752752239E+4	1.7305339655E-3
5.9861133308E-2	1.4652977831E+4	1.7557983600E-3
6.1629551657E-2	1.4540161925E+4	1.7810334128E-3
6.3423190212E-2	1.4413628148E+4	1.8062387021E-3
6.5242019000E-2	1.4271966177E+4	1.8314138067E-3
6.7086007624E-2	1.4115112896E+4	1.8565583060E-3
6.8955125270E-2	1.3944918747E+4	1.8816717796E-3
7.0849340702E-2	1.3763531612E+4	1.9067538080E-3
7.2768622264E-2	1.3571501036E+4	1.9318039720E-3
7.4712937885E-2	1.3367879332E+4	1.9568218529E-3
7.6682255070E-2	1.3152167840E+4	1.9818070327E-3
7.8676540910E-2	1.2925635916E+4	2.0067590939E-3
8.0695762079E-2	1.2690338266E+4	2.0316776194E-3
8.2739884832E-2	1.2447187635E+4	2.0565621928E-3
8.4808875009E-2	1.2195677189E+4	2.0814123983E-3
8.6902698034E-2	1.1935540699E+4	2.1062278206E-3
8.9021318917E-2	1.1667952556E+4	2.1310080450E-3
9.1164702253E-2	1.1394614207E+4	2.1557526574E-3
9.3332812224E-2	1.1116195312E+4	2.1804612443E-3
9.5525612596E-2	1.0832442470E+4	2.2051333928E-3
9.7743066726E-2	1.0543619410E+4	2.2297686905E-3
9.9985137556E-2	1.0250969163E+4	2.2543667257E-3
1.0225178762E-1	9.9556227973E+3	2.2789270875E-3
1.0454297904E-1	9.6578736671E+3	2.3034493653E-3
1.0685867352E-1	9.3578884656E+3	2.3279331494E-3
1.0919883237E-1	9.0564407292E+3	2.3523780306E-3
1.1156341648E-1	8.7544652169E+3	2.3767836004E-3
1.1395238633E-1	8.4524685632E+3	2.4011494510E-3
1.1636570200E-1	8.1508573991E+3	2.4254751751E-3
1.1880332317E-1	7.8503118107E+3	2.4497603662E-3
1.2126520909E-1	7.5514329235E+3	2.4740046186E-3
1.2375131862E-1	7.2545965784E+3	2.4982075270E-3
1.2626161023E-1	6.9604319017E+3	2.5223686871E-3
1.2879604195E-1	6.6697301871E+3	2.5464876949E-3
1.3135457143E-1	6.3827824728E+3	2.5705641475E-3
1.3393715592E-1	6.0997208646E+3	2.5945976426E-3
1.3654375226E-1	5.8213764030E+3	2.6185877784E-3
1.3917431689E-1	5.5486346879E+3	2.6425341541E-3
1.4182880585E-1	5.2814227401E+3	2.6664363695E-3
1.4450717478E-1	5.0197242509E+3	2.6902940251E-3
1.4720937892E-1	4.7646435980E+3	2.7141067224E-3
1.4993537310E-1	4.5169337434E+3	2.7378740632E-3
1.5268511179E-1	4.2760627658E+3	2.7615956505E-3
1.5545854902E-1	4.0421843753E+3	2.7852710878E-3
1.5825563845E-1	3.8166732839E+3	2.8088999795E-3
1.6107633333E-1	3.5997032828E+3	2.8324819307E-3
1.6392058653E-1	3.3904303854E+3	2.8560165473E-3
1.6678835052E-1	3.1896384052E+3	2.8795034361E-3
1.6967957737E-1	2.9985337144E+3	2.9029422044E-3
1.7259421876E-1	2.8163249133E+3	2.9263324607E-3
1.7553222599E-1	2.6425724955E+3	2.9496738141E-3
1.7849354996E-1	2.4787297070E+3	2.9729658744E-3
1.8147814117E-1	2.3248798340E+3	2.9962082525E-3
1.8448594977E-1	2.1797523838E+3	3.0194005599E-3
1.8751692548E-1	2.0441587592E+3	3.0425424091E-3
1.9057101764E-1	1.9190516630E+3	3.0656334132E-3
1.9364817522E-1	1.8030778233E+3	3.0886731866E-3
1.9674834681E-1	1.6960794375E+3	3.1116613440E-3
1.9987148058E-1	1.5993880369E+3	3.1345975014E-3
2.0301752435E-1	1.5120474395E+3	3.1574812755E-3
2.0618642554E-1	1.4331004408E+3	3.1803122838E-3
2.0937813120E-1	1.3637860002E+3	3.2030901448E-3
2.1259258799E-1	1.3036306443E+3	3.2258144779E-3
2.1582974219E-1	1.2512119674E+3	3.2484849032E-3
2.1908953970E-1	1.2074463160E+3	3.2711010421E-3
2.2237192605E-1	1.1721958491E+3	3.2936625164E-3
2.2567684639E-1	1.1438467666E+3	3.3161689492E-3
2.2900424548E-1	1.1229794019E+3	3.3386199643E-3
2.3235406772E-1	1.1095866586E+3	3.3610151867E-3
2.3572625713E-1	1.1020238066E+3	3.3833542419E-3
2.3912075735E-1	1.1006331263E+3	3.4056367567E-3
2.4253751167E-1	1.1053635629E+3	3.4278623588E-3
2.4597646298E-1	1.1146268111E+3	3.4500306767E-3
2.4943755380E-1	1.1286461204E+3	3.4721413399E-3
2.5292072631E-1	1.1472031292E+3	3.4941939790E-3
2.5642592230E-1	1.1688375012E+3	3.5161882254E-3
2.5995308318E-1	1.1937355621E+3	3.5381237115E-3
2.6350215001E-1	1.2214424429E+3	3.5600000709E-3
2.6707306349E-1	1.2507152716E+3	3.5818169379E-3
2.7066576394E-1	1.2817145706E+3	3.6035739479E-3
2.7428019131E-1	1.3137504251E+3	3.6252707373E-3
2.7791628522E-1	1.3458947438E+3	3.6469069436E-3
2.8157398488E-1	1.3782170791E+3	3.6684822051E-3
2.8525322919E-1	1.4098938303E+3	3.6899961614E-3
2.8895395665E-1	1.4403574090E+3	3.7114484529E-3
2.9267610542E-1	1.4694938530E+3	3.7328387211E-3
2.9641961330E-1	1.4965459698E+3	3.7541666086E-3
3.0018441773E-1	1.5212258657E+3	3.7754317588E-3
3.0397045579E-1	1.5432291903E+3	3.7966338166E-3
3.0777766421E-1	1.5620677250E+3	3.8177724274E-3
3.1160597938E-1	1.5775321506E+3	3.8388472382E-3
3.1545533730E-1	1.5893056903E+3	3.8598578967E-3
3.1932567367E-1	1.5971902031E+3	3.8808040517E-3
3.2321692379E-1	1.6009140719E+3	3.9016853533E-3
3.2712902264E-1	1.6004190544E+3	3.9225014525E-3
3.3106190484E-1	1.5955613280E+3	3.9432520014E-3
3.3501550468E-1	1.5861656668E+3	3.9639366533E-3
3.3898975607E-1	1.5724583875E+3	3.9845550624E-3
3.4298459261E-1	1.5541519023E+3	4.0051068843E-3
3.4699994753E-1	1.5315147508E+3	4.0255917754E-3
3.5103575373E-1	1.5046632904E+3	4.0460093936E-3
3.5509194378E-1	1.4734591788E+3	4.0663593974E-3
3.5916844988E-1	1.4385388863E+3	4.0866414469E-3
3.6326520391E-1	1.3996478333E+3	4.1068552032E-3
3.6738213741E-1	1.3573217227E+3	4.1270003283E-3
3.7151918157E-1	1.3118557741E+3	4.1470764858E-3
3.7567626728E-1	1.2632127848E+3	4.1670833400E-3
3.7985332504E-1	1.2122869437E+3	4.1870205567E-3
3.8405028507E-1	1.1588158670E+3	4.2068878026E-3
3.8826707721E-1	1.1036305314E+3	4.2266847457E-3
3.9250363101E-1	1.0469355255E+3	4.2464110553E-3
3.9675987567E-1	9.8894855527E+2	4.2660664016E-3
4.0103574005E-1	9.3053183285E+2	4.2856504563E-3
4.0533115271E-1	8.7143537404E+2	4.3051628919E-3
4.0964604185E-1	8.1270620566E+2	4.3246033825E-3
4.1398033538E-1	7.5421504169E+2	4.3439716031E-3
4.1833396086E-1	6.9659527128E+2	4.3632672302E-3
4.2270684554E-1	6.4024378881E+2	4.3824899412E-3
4.2709891633E-1	5.8518808121E+2	4.4016394148E-3
4.3151009985E-1	5.3226205403E+2	4.4207153312E-3
4.3594032237E-1	4.8115476676E+2	4.4397173715E-3
4.4038950986E-1	4.3272662774E+2	4.4586452181E-3
4.4485758797E-1	3.8674028177E+2	4.4774985548E-3
4.4934448203E-1	3.4371143783E+2	4.4962770664E-3
4.5385011706E-1	3.0371557532E+2	4.5149804392E-3
4.5837441776E-1	2.6681011609E+2	4.5336083606E-3
4.6291730852E-1	2.3335447130E+2	4.5521605193E-3
4.6747871344E-1	2.0307376905E+2	4.5706366053E-3
4.7205855627E-1	1.7641743076E+2	4.5890363098E-3
4.7665676049E-1	1.5299436127E+2	4.6073593254E-3
4.8127324926E-1	1.3314383094E+2	4.6256053458E-3
4.8590794542E-1	1.1652553787E+2	4.6437740661E-3
4.9056077152E-1	1.0326313966E+2	4.6618651826E-3
4.9523164982E-1	9.3128031552E+1	4.6798783932E-3
4.9992050224E-1	8.6031934085E+1	4.6978133967E-3
5.0462725044E-1	8.1830754984E+1	4.7156698934E-3
5.0935181576E-1	8.0296098045E+1	4.7334475849E-3
5.1409411924E-1	8.1303480274E+1	4.7511461741E-3
5.1885408164E-1	8.4571991725E+1	4.7687653653E-3
5.2363162341E-1	8.9938949417E+1	4.7863048641E-3
5.2842666471E-1	9.7138520717E+1	4.8037643772E-3
5.3323912540E-1	1.0594163490E+2	4.8211436130E-3
5.3806892508E-1	1.1613260921E+2	4.8384422809E-3
5.4291598301E-1	1.2741891943E+2	4.8556600920E-3
5.4778021821E-1	1.3964197189E+2	4.8727967585E-3
5.5266154939E-1	1.5246952793E+2	4.8898519940E-3
5.5755989496E-1	1.6579038314E+2	4.9068255135E-3
5.6247517308E-1	1.7926407825E+2	4.9237170334E-3
5.6740730160E-1	1.9281169632E+2	4.9405262713E-3
5.7235619810E-1	2.0611347302E+2	4.9572529464E-3
5.7732177988E-1	2.1910983372E+2	4.9738967791E-3
5.8230396395E-1	2.3152218946E+2	4.9904574913E-3
5.8730266706E-1	2.4330301516E+2	5.0069348063E-3
5.9231780568E-1	2.5422503128E+2	5.0233284486E-3
5.9734929598E-1	2.6425166286E+2	5.0396381444E-3
6.0239705389E-1	2.7320738397E+2	5.0558636210E-3
6.0746099506E-1	2.8107064111E+2	5.0720046074E-3
6.1254103485E-1	2.8771033451E+2	5.0880608338E-3
6.1763708838E-1	2.9312763552E+2	5.1040320318E-3
6.2274907048E-1	2.9722309053E+2	5.1199179345E-3
6.2787689573E-1	3.0003041321E+2	5.1357182766E-3
6.3302047843E-1	3.0146589235E+2	5.1514327939E-3
6.3817973262E-1	3.0160632583E+2	5.1670612238E-3
6.4335457209E-1	3.0036699827E+2	5.1826033052E-3
6.4854491036E-1	2.9787765224E+2	5.1980587783E-3
6.5375066070E-1	2.9403731146E+2	5.2134273849E-3
6.5897173609E-1	2.8903620843E+2	5.2287088681E-3
6.6420804930E-1	2.8274580981E+2	5.2439029725E-3
6.6945951283E-1	2.7542009949E+2	5.2590094442E-3
6.7472603890E-1	2.6689818527E+2	5.2740280309E-3
6.8000753951E-1	2.5749461690E+2	5.2889584814E-3
6.8530392640E-1	2.4702008223E+2	5.3038005463E-3
6.9061511106E-1	2.3583818521E+2	5.3185539776E-3
6.9594100473E-1	2.2374516518E+2	5.3332185287E-3
7.0128151841E-1	2.1113305410E+2	5.3477939546E-3
7.0663656285E-1	1.9780709041E+2	5.3622800116E-3
7.1200604856E-1	1.8415925092E+2	5.3766764577E-3
7.1738988581E-1	1.7003345529E+2	5.3909830523E-3
7.2278798463E-1	1.5578930159E+2	5.4051995564E-3
7.2820025482E-1	1.4133908322E+2	5.4193257323E-3
7.3362660591E-1	1.2698054762E+2	5.4333613439E-3
7.3906694724E-1	1.1271566117E+2	5.4473061568E-3
7.4452118788E-1	9.8761676626E+1	5.4611599379E-3
7.4998923669E-1	8.5214806071E+1	5.4749224557E-3
7.5547100229E-1	7.2210454341E+1	5.4885934801E-3
7.6096639308E-1	5.9922078522E+1	5.5021727828E-3
7.6647531721E-1	4.8420635807E+1	5.5156601367E-3
7.7199768263E-1	3.7920256361E+1	5.5290553166E-3
7.7753339704E-1	2.8457552320E+1	5.5423580985E-3
7.8308236795E-1	2.0241331507E+1	5.5555682601E-3
7.8864450262E-1	1.3303669317E+1	5.5686855808E-3
7.9421970809E-1	7.8082481450E+0	5.5817098412E-3
7.9980789121E-1	3.7971150004E+0	5.5946408237E-3
8.0540895857E-1	1.3693812137E+0	5.6074783123E-3
8.1102281659E-1	5.6744109958E-1	5.6202220924E-3
8.1664937145E-1	1.4310002378E+0	5.6328719509E-3
8.2228852912E-1	3.9735805999E+0	5.6454276767E-3
8.2794019536E-1	8.1949828494E+0	5.6578890597E-3
8.3360427572E-1	1.4049360192E+1	5.6702558918E-3
8.3928067556E-1	2.1510046595E+1	5.6825279663E-3
8.4496930000E-1	3.0462461080E+1	5.6947050782E-3
8.5067005399E-1	4.0844053004E+1	5.7067870238E-3
8.5638284226E-1	5.2493576901E+1	5.7187736014E-3
8.6210756934E-1	6.5282501212E+1	5.7306646105E-3
8.6784413956E-1	7.9043067967E+1	5.7424598526E-3
8.7359245705E-1	9.3555234597E+1	5.7541591304E-3
8.7935242576E-1	1.0867125354E+2	5.7657622485E-3
8.8512394943E-1	1.2409127571E+2	5.7772690129E-3
8.9090693161E-1	1.3967441855E+2	5.7886792314E-3
8.9670127565E-1	1.5510141084E+2	5.7999927133E-3
9.0250688473E-1	1.7019217273E+2	5.8112092696E-3
9.0832366182E-1	1.8468840641E+2	5.8223287127E-3
9.1415150972E-1	1.9833588151E+2	5.8333508568E-3
9.1999033104E-1	2.1098262231E+2	5.8442755178E-3
9.2584002820E-1	2.2232605042E+2	5.8551025132E-3
9.3170050345E-1	2.3229436437E+2	5.8658316618E-3
9.3757165885E-1	2.4062958169E+2	5.8764627846E-3
9.4345339628E-1	2.4726577807E+2	5.8869957037E-3
9.4934561746E-1	2.5209179439E+2	5.8974302433E-3
9.5524822392E-1	2.5500070108E+2	5.9077662288E-3
9.6116111701E-1	2.5605697618E+2	5.9180034877E-3
9.6708419793E-1	2.5515591230E+2	5.9281418487E-3
9.7301736769E-1	2.5246328137E+2	5.9381811425E-3
9.7896052713E-1	2.4798931394E+2	5.9481212013E-3
9.8491357695E-1	2.4188987388E+2	5.9579618591E-3
9.9087641766E-1	2.3436946551E+2	5.9677029512E-3
9.9684894961E-1	2.2553756639E+2	5.9773443150E-3
1.0028310730E+0	2.1574736310E+2	5.9868857894E-3
1.0088226878E+0	2.0514237613E+2	5.9963272149E-3
1.0148236940E+0	1.9407894123E+2	6.0056684336E-3
1.0208339913E+0	1.8284213282E+2	6.0149092896E-3
1.0268534791E+0	1.7168269617E+2	6.0240496283E-3
1.0328820570E+0	1.6101998726E+2	6.0330892971E-3
1.0389196241E+0	1.5103544469E+2	6.0420281448E-3
1.0449660796E+0	1.4213034997E+2	6.0508660221E-3
1.0510213224E+0	1.3454065325E+2	6.0596027814E-3
1.0570852514E+0	1.2849472543E+2	6.0682382765E-3
1.0631577652E+0	1.2431584136E+2	6.0767723631E-3
1.0692387623E+0	1.2206771732E+2	6.0852048988E-3
1.0753281411E+0	1.2201893197E+2	6.0935357425E-3
1.0814257998E+0	1.2421432020E+2	6.1017647550E-3
1.0875316366E+0	1.2869545563E+2	6.1098917988E-3
1.0936455494E+0	1.3556013796E+2	6.1179167381E-3
1.0997674360E+0	1.4463288399E+2	6.1258394388E-3
1.1058971941E+0	1.5593720852E+2	6.1336597685E-3
1.1120347214E+0	1.6926108039E+2	6.1413775965E-3
1.1181799151E+0	1.8438669905E+2	6.1489927938E-3
1.1243326727E+0	2.0116599644E+2	6.1565052331E-3
1.1304928913E+0	2.1918110514E+2	6.1639147890E-3
1.1366604679E+0	2.3822586551E+2	6.1712213376E-3
1.1428352996E+0	2.5790094808E+2	6.1784247568E-3
1.1490172830E+0	2.7779620045E+2	6.1855249261E-3
1.1552063150E+0	2.9763169295E+2	6.1925217271E-3
1.1614022920E+0	3.1688505054E+2	6.1994150427E-3
1.1676051105E+0	3.3526056788E+2	6.2062047577E-3
1.1738146669E+0	3.5236024355E+2	6.2128907587E-3
1.1800308574E+0	3.6776159248E+2	6.2194729339E-3
1.1862535782E+0	3.8124781910E+2	6.2259511734E-3
1.1924827251E+0	3.9241216075E+2	6.2323253688E-3
1.1987181942E+0	4.0106002094E+2	6.2385954138E-3
1.2049598812E+0	4.0700771487E+2	6.2447612034E-3
1.2112076818E+0	4.1002224710E+2	6.2508226346E-3
1.2174614916E+0	4.1011617768E+2	6.2567796062E-3
1.2237212062E+0	4.0718447477E+2	6.2626320186E-3
1.2299867208E+0	4.0126954138E+2	6.2683797740E-3
1.2362579308E+0	3.9251403583E+2	6.2740227763E-3
1.2425347314E+0	3.8098877347E+2	6.2795609313E-3
1.2488170177E+0	3.6697304985E+2	6.2849941464E-3
1.2551046847E+0	3.5070245719E+2	6.2903223308E-3
1.2613976273E+0	3.3246308737E+2	6.2955453954E-3
1.2676957404E+0	3.1265722934E+2	6.3006632530E-3
1.2739989187E+0	2.9161595155E+2	6.3056758180E-3
1.2803070569E+0	2.6977147212E+2	6.3105830068E-3
1.2866200496E+0	2.4755090202E+2	6.3153847371E-3
1.2929377912E+0	2.2535817953E+2	6.3200809290E-3
1.2992601762E+0	2.0364124467E+2	6.3246715037E-3
1.3055870990E+0	1.8279769463E+2	6.3291563847E-3
1.3119184537E+0	1.6321927468E+2	6.3335354970E-3
1.3182541347E+0	1.4526052562E+2	6.3378087674E-3
1.3245940360E+0	1.2924625528E+2	6.3419761245E-3
1.3309380516E+0	1.1544211234E+2	6.3460374987E-3
1.3372860756E+0	1.0406193899E+2	6.3499928220E-3
1.3436380019E+0	9.5294518148E+1	6.3538420284E-3
1.3499937243E+0	8.9205363694E+1	6.3575850535E-3
1.3563531366E+0	8.5863405735E+1	6.3612218349E-3
1.3627161325E+0	8.5253487809E+1	6.3647523117E-3
1.3690826057E+0	8.7247283981E+1	6.3681764249E-3
1.3754524499E+0	9.1769857488E+1	6.3714941173E-3
1.3818255585E+0	9.8578341235E+1	6.3747053335E-3
1.3882018250E+0	1.0742089953E+2	6.3778100198E-3
1.3945811430E+0	1.1807334338E+2	6.3808081243E-3
1.4009634057E+0	1.3012075642E+2	6.3836995970E-3
1.4073485066E+0	1.4327150903E+2	6.3864843894E-3
1.4137363389E+0	1.5716320161E+2	6.3891624551E-3
1.4201267959E+0	1.7133194771E+2	6.3917337493E-3
1.4265197708E+0	1.8550203374E+2	6.3941982290E-3
1.4329151568E+0	1.9922982663E+2	6.3965558531E-3
1.4393128469E+0	2.1213957577E+2	6.3988065821E-3
1.4457127343E+0	2.2399309973E+2	6.4009503785E-3
1.4521147120E+0	2.3437108575E+2	6.4029872063E-3
1.4585186731E+0	2.4307784506E+2	6.4049170317E-3
1.4649245104E+0	2.4992244078E+2	6.4067398222E-3
1.4713321170E+0	2.5462966346E+2	6.4084555476E-3
1.4777413858E+0	2.5720089930E+2	6.4100641790E-3
1.4841522097E+0	2.5751359360E+2	6.4115656896E-3
1.4905644815E+0	2.5551848488E+2	6.4129600544E-3
1.4969780940E+0	2.5136730630E+2	6.4142472499E-3
1.5033929402E+0	2.4504035403E+2	6.4154272548E-3
1.5098089128E+0	2.3672027727E+2	6.4165000493E-3
1.5162259046E+0	2.2663562006E+2	6.4174656154E-3
1.5226438083E+0	2.1489601097E+2	6.4183239370E-3
1.5290625167E+0	2.0184443094E+2	6.4190749998E-3
1.5354819225E+0	1.8772190141E+2	6.4197187912E-3
1.5419019185E+0	1.7275873576E+2	6.4202553005E-3
1.5483223974E+0	1.5734285761E+2	6.4206845187E-3
1.5547432518E+0	1.4168856471E+2	6.4210064386E-3
1.5611643745E+0	1.2609202600E+2	6.4212210549E-3
1.5675856581E+0	1.1087547323E+2	6.4213283639E-3
1.5740069954E+0	9.6206826897E+1	6.4213283639E-3
1.5804282791E+0	8.2362706862E+1	6.4212210549E-3
1.5868494018E+0	6.9531590513E+1	6.4210064386E-3
1.5932702562E+0	5.7820912606E+1	6.4206845187E-3
1.5996907351E+0	4.7406662706E+1	6.4202553005E-3
1.6061107310E+0	3.8329820012E+1	6.4197187912E-3
1.6125301369E+0	3.0621985096E+1	6.4190749998E-3
1.6189488453E+0	2.4316293944E+1	6.4183239370E-3
1.6253667490E+0	1.9334149250E+1	6.4174656154E-3
1.6317837408E+0	1.5621638956E+1	6.4165000493E-3
1.6381997134E+0	1.3080912413E+1	6.4154272548E-3
1.6446145595E+0	1.1560499776E+1	6.4142472499E-3
1.6510281721E+0	1.0931094185E+1	6.4129600544E-3
1.6574404439E+0	1.1019123146E+1	6.4115656896E-3
1.6638512678E+0	1.1647951408E+1	6.4100641790E-3
1.6702605366E+0	1.2650560117E+1	6.4084555476E-3
1.6766681432E+0	1.3848421846E+1	6.4067398222E-3
1.6830739805E+0	1.5082140645E+1	6.4049170317E-3
1.6894779416E+0	1.6203867324E+1	6.4029872063E-3
1.6958799193E+0	1.7088403400E+1	6.4009503785E-3
1.7022798067E+0	1.7630953851E+1	6.3988065821E-3
1.7086774968E+0	1.7756496955E+1	6.3965558531E-3
1.7150728827E+0	1.7424534791E+1	6.3941982290E-3
1.7214658576E+0	1.6614386803E+1	6.3917337493E-3
1.7278563146E+0	1.5350955259E+1	6.3891624551E-3
1.7342441470E+0	1.3683781740E+1	6.3864843894E-3
1.7406292478E+0	1.1687824098E+1	6.3836995970E-3
1.7470115106E+0	9.4788490656E+0	6.3808081243E-3
1.7533908286E+0	7.1829079632E+0	6.3778100198E-3
1.7597670951E+0	4.9529943984E+0	6.3747053335E-3
1.7661402037E+0	2.9594107260E+0	6.3714941173E-3
1.7725100479E+0	1.3757866205E+0	6.3681764249E-3
1.7788765211E+0	3.8643461112E-1	6.3647523117E-3
1.7852395170E+0	1.7084209284E-1	6.3612218349E-3
1.7915989293E+0	9.0505407661E-1	6.3575850535E-3
1.7979546517E+0	2.7459936898E+0	6.3538420284E-3
1.8043065780E+0	5.8406640236E+0	6.3499928220E-3
1.8106546020E+0	1.0310684647E+1	6.3460374987E-3
1.8169986176E+0	1.6240248789E+1	6.3419761245E-3
1.8233385189E+0	2.3706731044E+1	6.3378087674E-3
1.8296741999E+0	3.2727379539E+1	6.3335354970E-3
1.8360055546E+0	4.3296506883E+1	6.3291563847E-3
1.8423324774E+0	5.5387592243E+1	6.3246715037E-3
1.8486548624E+0	6.8896717242E+1	6.3200809290E-3
1.8549726040E+0	8.3732522067E+1	6.3153847371E-3
1.8612855967E+0	9.9743997308E+1	6.3105830068E-3
1.8675937349E+0	1.1673483040E+2	6.3056758180E-3
1.8738969132E+0	1.3453588765E+2	6.3006632530E-3
1.8801950263E+0	1.5288783726E+2	6.2955453954E-3
1.8864879689E+0	1.7155818923E+2	6.2903223308E-3
1.8927756359E+0	1.9030798559E+2	6.2849941464E-3
1.8990579222E+0	2.0883435011E+2	6.2795609313E-3
1.9053347228E+0	2.2691528583E+2	6.2740227763E-3
1.9116059328E+0	2.4427013403E+2	6.2683797740E-3
1.9178714474E+0	2.6064132334E+2	6.2626320186E-3
1.9241311620E+0	2.7583526160E+2	6.2567796062E-3
1.9303849718E+0	2.8959633522E+2	6.2508226346E-3
1.9366327724E+0	3.0177365064E+2	6.2447612034E-3
1.9428744594E+0	3.1221194522E+2	6.2385954138E-3
1.9491099285E+0	3.2076506688E+2	6.2323253688E-3
1.9553390754E+0	3.2739247716E+2	6.2259511734E-3
1.9615617961E+0	3.3201168311E+2	6.2194729339E-3
1.9677779867E+0	3.3463116112E+2	6.2128907587E-3
1.9739875431E+0	3.3529316479E+2	6.2062047577E-3
1.9801903616E+0	3.3403700750E+2	6.1994150427E-3
1.9863863386E+0	3.3099867407E+2	6.1925217271E-3
1.9925753706E+0	3.2629351696E+2	6.1855249261E-3
1.9987573540E+0	3.2009096351E+2	6.1784247568E-3
2.0049321857E+0	3.1259258840E+2	6.1712213376E-3
2.0110997623E+0	3.0399375522E+2	6.1639147890E-3
2.0172599809E+0	2.9453511290E+2	6.1565052331E-3
2.0234127385E+0	2.8444798509E+2	6.1489927938E-3
2.0295579322E+0	2.7397738573E+2	6.1413775965E-3
2.0356954595E+0	2.6336359554E+2	6.1336597685E-3
2.0418252176E+0	2.5285011971E+2	6.1258394388E-3
2.0479471042E+0	2.4265467226E+2	6.1179167381E-3
2.0540610170E+0	2.3299295025E+2	6.1098917988E-3
2.0601668538E+0	2.2406294214E+2	6.1017647550E-3
2.0662645125E+0	2.1601013755E+2	6.0935357425E-3
2.0723538913E+0	2.0900861055E+2	6.0852048988E-3
2.0784348884E+0	2.0313668846E+2	6.0767723631E-3
2.0845074022E+0	1.9849234180E+2	6.0682382765E-3
2.0905713312E+0	1.9513298314E+2	6.0596027814E-3
2.0966265740E+0	1.9303471452E+2	6.0508660221E-3
2.1026730295E+0	1.9224039945E+2	6.0420281448E-3
2.1087105966E+0	1.9264113186E+2	6.0330892971E-3
2.1147391745E+0	1.9419944162E+2	6.0240496283E-3
2.1207586623E+0	1.9680990869E+2	6.0149092896E-3
2.1267689596E+0	2.0030175032E+2	6.0056684336E-3
2.1327699657E+0	2.0460298701E+2	5.9963272149E-3
2.1387615806E+0	2.0945917497E+2	5.9868857894E-3
2.1447437040E+0	2.1476524211E+2	5.9773443150E-3
2.1507162359E+0	2.2030094418E+2	5.9677029512E-3
2.1566790766E+0	2.2585604782E+2	5.9579618591E-3
2.1626321265E+0	2.3130889412E+2	5.9481212013E-3
2.1685752859E+0	2.3637182297E+2	5.9381811425E-3
2.1745084557E+0	2.4097281675E+2	5.9281418487E-3
2.1804315366E+0	2.4486447198E+2	5.9180034877E-3
2.1863444297E+0	2.4793133901E+2	5.9077662288E-3
2.1922470361E+0	2.5006346748E+2	5.8974302433E-3
2.1981392573E+0	2.5107689587E+2	5.8869957037E-3
2.2040209947E+0	2.5099059012E+2	5.8764627846E-3
2.2098921501E+0	2.4962701216E+2	5.8658316618E-3
2.2157526254E+0	2.4704333904E+2	5.8551025132E-3
2.2216023226E+0	2.4317241314E+2	5.8442755178E-3
2.2274411439E+0	2.3803093137E+2	5.8333508568E-3
2.2332689918E+0	2.3170322420E+2	5.8223287127E-3
2.2390857689E+0	2.2416525663E+2	5.8112092696E-3
2.2448913779E+0	2.1560443458E+2	5.7999927133E-3
2.2506857220E+0	2.0602018068E+2	5.7886792314E-3
2.2564687042E+0	1.9561349721E+2	5.7772690129E-3
2.2622402278E+0	1.8447066931E+2	5.7657622485E-3
2.2680001965E+0	1.7274369757E+2	5.7541591304E-3
2.2737485140E+0	1.6061618210E+2	5.7424598526E-3
2.2794850843E+0	1.4818626351E+2	5.7306646105E-3
2.2852098113E+0	1.3568985893E+2	5.7187736014E-3
2.2909225996E+0	1.2320592430E+2	5.7067870238E-3
2.2966233536E+0	1.1095801160E+2	5.6947050782E-3
2.3023119780E+0	9.9040577013E+1	5.6825279663E-3
2.3079883779E+0	8.7619051493E+1	5.6702558918E-3
2.3136524582E+0	7.6811077252E+1	5.6578890597E-3
2.3193041245E+0	6.6712775442E+1	5.6454276767E-3
2.3249432821E+0	5.7445034323E+1	5.6328719509E-3
2.3305698370E+0	4.9048914340E+1	5.6202220924E-3
2.3361836950E+0	4.1618434288E+1	5.6074783123E-3
2.3417847624E+0	3.5159896911E+1	5.5946408237E-3
2.3473729455E+0	2.9718942810E+1	5.5817098412E-3
2.3529481510E+0	2.5279131024E+1	5.5686855808E-3
2.3585102856E+0	2.1833538185E+1	5.5555682601E-3
2.3640592565E+0	1.9343744664E+1	5.5423580985E-3
2.3695949710E+0	1.7760774431E+1	5.5290553166E-3
2.3751173364E+0	1.7019410458E+1	5.5156601367E-3
2.3806262605E+0	1.7045353969E+1	5.5021727828E-3
2.3861216513E+0	1.7743957011E+1	5.4885934801E-3
2.3916034169E+0	1.9030615573E+1	5.4749224557E-3
2.3970714657E+0	2.0785572469E+1	5.4611599379E-3
2.4025257064E+0	2.2923349767E+1	5.4473061568E-3
2.4079660477E+0	2.5310564057E+1	5.4333613439E-3
2.4133923988E+0	2.7864959231E+1	5.4193257323E-3
2.4188046690E+0	3.0455087024E+1	5.4051995564E-3
2.4242027678E+0	3.3003148474E+1	5.3909830523E-3
2.4295866050E+0	3.5395191672E+1	5.3766764577E-3
2.4349560907E+0	3.7558855025E+1	5.3622800116E-3
2.4403111352E+0	3.9410000519E+1	5.3477939546E-3
2.4456516489E+0	4.0883916032E+1	5.3332185287E-3
2.4509775425E+0	4.1933727509E+1	5.3185539776E-3
2.4562887272E+0	4.2505947824E+1	5.3038005463E-3
2.4615851141E+0	4.2593432697E+1	5.2889584814E-3
2.4668666147E+0	4.2158055425E+1	5.2740280309E-3
2.4721331408E+0	4.1230713167E+1	5.2590094442E-3
2.4773846043E+0	3.9792214884E+1	5.2439029725E-3
2.4826209175E+0	3.7906835064E+1	5.2287088681E-3
2.4878419929E+0	3.5576394790E+1	5.2134273849E-3
2.4930477432E+0	3.2892016203E+1	5.1980587783E-3
2.4982380815E+0	2.9876610054E+1	5.1826033052E-3
2.5034129210E+0	2.6640603879E+1	5.1670612238E-3
2.5085721752E+0	2.3226051347E+1	5.1514327939E-3
2.5137157579E+0	1.9754708973E+1	5.1357182766E-3
2.5188435831E+0	1.6284150093E+1	5.1199179345E-3
2.5239555652E+0	1.2939425976E+1	5.1040320318E-3
2.5290516187E+0	9.7888924556E+0	5.0880608338E-3
2.5341316585E+0	6.9530761358E+0	5.0720046074E-3
2.5391955997E+0	4.5058815236E+0	5.0558636210E-3
2.5442433576E+0	2.5559638886E+0	5.0396381444E-3
2.5492748479E+0	1.1775809695E+0	5.0233284486E-3
2.5542899865E+0	4.6095602994E-1	5.0069348063E-3
2.5592886896E+0	4.7588873368E-1	4.9904574913E-3
2.5642708737E+0	1.2888143181E+0	4.9738967791E-3
2.5692364555E+0	2.9607295345E+0	4.9572529464E-3
2.5741853520E+0	5.5306802932E+0	4.9405262713E-3
2.5791174805E+0	9.0467713152E+0	4.9237170334E-3
2.5840327586E+0	1.3519476475E+1	4.9068255135E-3
2.5889311042E+0	1.8979715363E+1	4.8898519940E-3
2.5938124354E+0	2.5411303138E+1	4.8727967585E-3
2.5986766706E+0	3.2822931663E+1	4.8556600920E-3
2.6035237285E+0	4.1177225820E+1	4.8384422809E-3
2.6083535282E+0	5.0454551337E+1	4.8211436130E-3
2.6131659889E+0	6.0605214556E+1	4.8037643772E-3
2.6179610302E+0	7.1574516971E+1	4.7863048641E-3
2.6227385719E+0	8.3311455647E+1	4.7687653653E-3
2.6274985343E+0	9.5720549678E+1	4.7511461741E-3
2.6322408378E+0	1.0875984432E+2	4.7334475849E-3
2.6369654032E+0	1.2229153476E+2	4.7156698934E-3
2.6416721513E+0	1.3628819437E+2	4.6978133967E-3
2.6463610038E+0	1.5057648203E+2	4.6798783932E-3
2.6510318821E+0	1.6513954359E+2	4.6618651826E-3
2.6556847082E+0	1.7978703306E+2	4.6437740661E-3
2.6603194043E+0	1.9449682158E+2	4.6256053458E-3
2.6649358931E+0	2.0909154240E+2	4.6073593254E-3
2.6695340973E+0	2.2351898360E+2	4.5890363098E-3
2.6741139402E+0	2.3764910975E+2	4.5706366053E-3
2.6786753451E+0	2.5137646170E+2	4.5521605193E-3
2.6832182358E+0	2.6464251912E+2	4.5336083606E-3
2.6877425365E+0	2.7728357908E+2	4.5149804392E-3
2.6922481716E+0	2.8930954438E+2	4.4962770664E-3
2.6967350656E+0	3.0052580857E+2	4.4774985548E-3
2.7012031437E+0	3.1097199072E+2	4.4586452181E-3
2.7056523312E+0	3.2048089431E+2	4.4397173715E-3
2.7100825537E+0	3.2906080518E+2	4.4207153312E-3
2.7144937373E+0	3.3663487377E+2	4.4016394148E-3
2.7188858081E+0	3.4313411353E+2	4.3824899412E-3
2.7232586927E+0	3.4859574593E+2	4.3632672302E-3
2.7276123182E+0	3.5288490261E+2	4.3439716031E-3
2.7319466117E+0	3.5610674785E+2	4.3246033825E-3
2.7362615009E+0	3.5813828281E+2	4.3051628919E-3
2.7405569135E+0	3.5905676821E+2	4.2856504563E-3
2.7448327779E+0	3.5884422797E+2	4.2660664016E-3
2.7490890226E+0	3.5748031462E+2	4.2464110553E-3
2.7533255764E+0	3.5507492012E+2	4.2266847457E-3
2.7575423685E+0	3.5154084862E+2	4.2068878026E-3
2.7617393285E+0	3.4702929570E+2	4.1870205567E-3
2.7659163863E+0	3.4150331620E+2	4.1670833400E-3
2.7700734720E+0	3.3503281905E+2	4.1470764858E-3
2.7742105162E+0	3.2771480177E+2	4.1270003283E-3
2.7783274497E+0	3.1951476381E+2	4.1068552032E-3
2.7824242037E+0	3.1060609135E+2	4.0866414469E-3
2.7865007098E+0	3.0096504235E+2	4.0663593974E-3
2.7905568999E+0	2.9069734902E+2	4.0460093936E-3
2.7945927061E+0	2.7990268910E+2	4.0255917754E-3
2.7986080610E+0	2.6857335282E+2	4.0051068843E-3
2.8026028975E+0	2.5688178915E+2	3.9845550624E-3
2.8065771489E+0	2.4482805966E+2	3.9639366533E-3
2.8105307487E+0	2.3250622158E+2	3.9432520014E-3
2.8144636309E+0	2.2003192998E+2	3.9225014525E-3
2.8183757298E+0	2.0739792428E+2	3.9016853533E-3
2.8222669799E+0	1.9475437475E+2	3.8808040517E-3
2.8261373163E+0	1.8213260449E+2	3.8598578967E-3
2.8299866742E+0	1.6958127820E+2	3.8388472382E-3
2.8338149894E+0	1.5722704985E+2	3.8177724274E-3
2.8376221978E+0	1.4506302844E+2	3.7966338166E-3
2.8414082359E+0	1.3318428790E+2	3.7754317588E-3
2.8451730403E+0	1.2165912078E+2	3.7541666086E-3
2.8489165482E+0	1.1048761777E+2	3.7328387211E-3
2.8526386969E+0	9.9771130914E+1	3.7114484529E-3
2.8563394244E+0	8.9529275796E+1	3.6899961614E-3
2.8600186687E+0	7.9782289352E+1	3.6684822051E-3
2.8636763684E+0	7.0608427152E+1	3.6469069436E-3
2.8673124623E+0	6.2001769570E+1	3.6252707373E-3
2.8709268897E+0	5.3993560867E+1	3.6035739479E-3
2.8745195901E+0	4.6630408849E+1	3.5818169379E-3
2.8780905036E+0	3.9897420490E+1	3.5600000709E-3
2.8816395704E+0	3.3823056817E+1	3.5381237115E-3
2.8851667313E+0	2.8426628463E+1	3.5161882254E-3
2.8886719273E+0	2.3691033610E+1	3.4941939790E-3
2.8921550998E+0	1.9632731374E+1	3.4721413399E-3
2.8956161906E+0	1.6251629297E+1	3.4500306767E-3
2.8990551419E+0	1.3529606509E+1	3.4278623588E-3
2.9024718962E+0	1.1467690464E+1	3.4056367567E-3
2.9058663965E+0	1.0052894675E+1	3.3833542419E-3
2.9092385859E+0	9.2659858636E+0	3.3610151867E-3
2.9125884081E+0	9.0930994598E+0	3.3386199643E-3
2.9159158072E+0	9.5121040701E+0	3.3161689492E-3
2.9192207275E+0	1.0503333458E+1	3.2936625164E-3
2.9225031139E+0	1.2040939736E+1	3.2711010421E-3
2.9257629114E+0	1.4094778188E+1	3.2484849032E-3
2.9290000656E+0	1.6646195077E+1	3.2258144779E-3
2.9322145224E+0	1.9662191775E+1	3.2030901448E-3
2.9354062280E+0	2.3103903276E+1	3.1803122838E-3
2.9385751292E+0	2.6954389607E+1	3.1574812755E-3
2.9417211730E+0	3.1180422220E+1	3.1345975014E-3
2.9448443068E+0	3.5733651716E+1	3.1116613440E-3
2.9479444784E+0	4.0596477060E+1	3.0886731866E-3
2.9510216360E+0	4.5743621196E+1	3.0656334132E-3
2.9540757281E+0	5.1119817764E+1	3.0425424091E-3
2.9571067038E+0	5.6699984493E+1	3.0194005599E-3
2.9601145124E+0	6.2472352899E+1	2.9962082525E-3
2.9630991036E+0	6.8384427642E+1	2.9729658744E-3
2.9660604276E+0	7.4395487314E+1	2.9496738141E-3
2.9689984348E+0	8.0503256238E+1	2.9263324607E-3
2.9719130762E+0	8.6673876184E+1	2.9029422044E-3
2.9748043031E+0	9.2851467977E+1	2.8795034361E-3
2.9776720671E+0	9.9026158042E+1	2.8560165473E-3
2.9805163203E+0	1.0519264115E+2	2.8324819307E-3
2.9833370151E+0	1.1129904771E+2	2.8088999795E-3
2.9861341046E+0	1.1730991812E+2	2.7852710878E-3
2.9889075418E+0	1.2323417920E+2	2.7615956505E-3
2.9916572805E+0	1.2905245930E+2	2.7378740632E-3
2.9943832747E+0	1.3471228960E+2	2.7141067224E-3
2.9970854788E+0	1.4020161529E+2	2.6902940251E-3
2.9997638477E+0	1.4553469747E+2	2.6664363695E-3
3.0024183367E+0	1.5068315615E+2	2.6425341541E-3
3.0050489013E+0	1.5560339252E+2	2.6185877784E-3
3.0076554977E+0	1.6029909816E+2	2.5945976426E-3
3.0102380822E+0	1.6478597131E+2	2.5705641475E-3
3.0127966116E+0	1.6903520843E+2	2.5464876949E-3
3.0153310434E+0	1.7301192410E+2	2.5223686871E-3
3.0178413350E+0	1.7672727436E+2	2.4982075270E-3
3.0203274445E+0	1.8020057475E+2	2.4740046186E-3
3.0227893304E+0	1.8340940528E+2	2.4497603662E-3
3.0252269516E+0	1.8632362927E+2	2.4254751751E-3
3.0276402673E+0	1.8895464234E+2	2.4011494510E-3
3.0300292371E+0	1.9132788760E+2	2.3767836004E-3
3.0323938212E+0	1.9343322029E+2	2.3523780306E-3
3.0347339801E+0	1.9524300366E+2	2.3279331494E-3
3.0370496746E+0	1.9676151771E+2	2.3034493653E-3
3.0393408660E+0	1.9801834821E+2	2.2789270875E-3
3.0416075160E+0	1.9902099989E+2	2.2543667257E-3
3.0438495869E+0	1.9974835830E+2	2.2297686905E-3
3.0460670410E+0	2.0019226637E+2	2.2051333928E-3
3.0482598414E+0	2.0037678195E+2	2.1804612443E-3
3.0504279513E+0	2.0032680874E+2	2.1557526574E-3
3.0525713347E+0	2.0003866015E+2	2.1310080450E-3
3.0546899556E+0	1.9949656278E+2	2.1062278206E-3
3.0567837786E+0	1.9870635934E+2	2.0814123983E-3
3.0588527688E+0	1.9769601137E+2	2.0565621928E-3
3.0608968915E+0	1.9648545177E+2	2.0316776194E-3
3.0629161127E+0	1.9507059975E+2	2.0067590939E-3
3.0649103985E+0	1.9344161233E+2	1.9818070327E-3
3.0668797157E+0	1.9160741592E+2	1.9568218529E-3
3.0688240313E+0	1.8959398240E+2	1.9318039720E-3
3.0707433129E+0	1.8742148888E+2	1.9067538080E-3
3.0726375283E+0	1.8509105832E+2	1.8816717796E-3
3.0745066460E+0	1.8259590586E+2	1.8565583060E-3
3.0763506346E+0	1.7994068846E+2	1.8314138067E-3
3.0781694634E+0	1.7714569084E+2	1.8062387021E-3
3.0799631019E+0	1.7423306263E+2	1.7810334128E-3
3.0817315203E+0	1.7121253975E+2	1.7557983600E-3
3.0834746889E+0	1.6808195204E+2	1.7305339655E-3
3.0851925786E+0	1.6483991913E+2	1.7052406515E-3
3.0868851607E+0	1.6149610995E+2	1.6799188405E-3
3.0885524069E+0	1.5806925651E+2	1.6545689559E-3
3.0901942894E+0	1.5457661858E+2	1.6291914212E-3
3.0918107807E+0	1.5102602907E+2	1.6037866605E-3
3.0934018538E+0	1.4741734325E+2	1.5783550984E-3
3.0949674821E+0	1.4375052156E+2	1.5528971598E-3
3.0965076394E+0	1.4003233125E+2	1.5274132703E-3
3.0980223001E+0	1.3627629311E+2	1.5019038556E-3
3.0995114388E+0	1.3249703672E+2	1.4763693421E-3
3.1009750306E+0	1.2870444590E+2	1.4508101565E-3
3.1024130510E+0	1.2490208299E+2	1.4252267258E-3
3.1038254761E+0	1.2109028974E+2	1.3996194778E-3
3.1052122822E+0	1.1727090022E+2	1.3739888402E-3
3.1065734461E+0	1.1345000629E+2	1.3483352414E-3
3.1079089451E+0	1.0963729018E+2	1.3226591101E-3
3.1092187570E+0	1.0584301603E+2	1.2969608754E-3
3.1105028597E+0	1.0207502364E+2	1.2712409668E-3
3.1117612318E+0	9.8337541535E+1	1.2454998140E-3
3.1129938524E+0	9.4632140927E+1	1.2197378472E-3
3.1142007007E+0	9.0959849102E+1	1.1939554970E-3
3.1153817567E+0	8.7323030721E+1	1.1681531941E-3
3.1165370006E+0	8.3726104604E+1	1.1423313699E-3
3.1176664131E+0	8.0174993843E+1	1.1164904558E-3
3.1187699753E+0	7.6675864577E+1	1.0906308836E-3
3.1198476688E+0	7.3233909940E+1	1.0647530855E-3
3.1208994755E+0	6.9852718619E+1	1.0388574939E-3
3.1219253780E+0	6.6534364043E+1	1.0129445417E-3
3.1229253590E+0	6.3280004082E+1	9.8701466182E-4
3.1238994018E+0	6.0090627592E+1	9.6106828758E-4
3.1248474902E+0	5.6967626867E+1	9.3510585261E-4
3.1257696083E+0	5.3913032550E+1	9.0912779076E-4
3.1266657407E+0	5.0929419100E+1	8.8313453619E-4
3.1275358724E+0	4.8019603729E+1	8.5712652325E-4
3.1283799890E+0	4.5186295873E+1	8.3110418659E-4
3.1291980762E+0	4.2431823142E+1	8.0506796108E-4
3.1299901204E+0	3.9757996682E+1	7.7901828182E-4
3.1307561084E+0	3.7166116752E+1	7.5295558414E-4
3.1314960274E+0	3.4657077892E+1	7.2688030358E-4
3.1322098650E+0	3.2231518031E+1	7.0079287589E-4
3.1328976092E+0	2.9889962092E+1	6.7469373705E-4
3.1335592487E+0	2.7632928406E+1	6.4858332323E-4
3.1341947723E+0	2.5460986162E+1	6.2246207073E-4
3.1348041694E+0	2.3374767932E+1	5.9633041614E-4
3.1353874298E+0	2.1374950358E+1	5.7018879612E-4
3.1359445438E+0	1.9462218639E+1	5.4403764760E-4
3.1364755020E+0	1.7637228440E+1	5.1787740760E-4
3.1369802957E+0	1.5900574489E+1	4.9170851331E-4
3.1374589163E+0	1.4252770378E+1	4.6553140213E-4
3.1379113559E+0	1.2694240259E+1	4.3934651156E-4
3.1383376069E+0	1.1225320533E+1	4.1315427928E-4
3.1387376622E+0	9.8462685253E+0	3.8695514312E-4
3.1391115150E+0	8.5572749631E+0	3.6074954110E-4
3.1394591592E+0	7.3584775831E+0	3.3453791144E-4
3.1397805890E+0	6.2499739991E+0	3.0832069259E-4
3.1400757989E+0	5.2318327291E+0	2.8209832342E-4
3.1403447841E+0	4.3041019526E+0	2.5587124334E-4
3.1405875400E+0	3.4668160250E+0	2.2963989267E-4
3.1408040626E+0	2.7200000455E+0	2.0340471372E-4
3.1409943483E+0	2.0636728840E+0	1.7716615272E-4
3.1411583939E+0	1.4978490777E+0	1.5092466531E-4
3.1412961968E+0	1.0225399356E+0	1.2468073282E-4
3.1414077547E+0	6.3775405264E-1	9.8434919423E-5
3.1414930663E+0	3.4349708536E-1	7.2188137769E-5
3.1415521316E+0	1.3976865209E-1	4.5943520243E-5
3.1415849628E+0	2.6526991966E-2	1.9736940383E-5