# Differential cross section		
# Author: P. Swaczyna	Princeton University	(swaczyna@princeton.edu)
# Date: 	Wed 17 Feb 2021 06:36:56	
# 		
# Indistinguishable particle collision: He^0 + He^+ -> He^0 + He^+		
# 		
# Red. mass: 	1.8640723202E+9	 eV/c^2
# CM energy: 	2.9853826189E-4	 eV
# Rel speed: 	1.6966971172E+4	 cm/s
# Tot sigma: 	6.8592602933E+3	 a.u.
# Int sigma: 	6.8592602933E+3	 a.u.
# 		
# Columns:		
# the <- scattering angle (rad)		
# dcs <- dsigma/dOmega*2*pi*sin(the) (a.u. = 2.8002852056E-17 cm^2)		
# wei <- weight for cross section integration (approx. width of angle bin)		
# 		
# the	dcs	wei
7.6907532846E-6	2.7691751971E+0	1.9736940383E-5
4.0521979771E-5	1.4590557547E+1	4.5943520243E-5
9.9587300392E-5	3.5857789540E+1	7.2188137769E-5
1.8489884726E-4	6.6574641462E+1	9.8434919423E-5
2.9645680168E-4	1.0673949983E+2	1.2468073282E-4
4.3425968311E-4	1.5634818463E+2	1.5092466531E-4
5.9830531657E-4	2.1539314079E+2	1.7716615272E-4
7.8859101285E-4	2.8386208275E+2	2.0340471372E-4
1.0051136166E-3	3.6173633799E+2	2.2963989267E-4
1.2478695220E-3	4.4898894260E+2	2.5587124334E-4
1.5168546797E-3	5.4558252235E+2	2.8209832342E-4
1.8120645986E-3	6.5146699815E+2	3.0832069259E-4
2.1334943481E-3	7.6657716681E+2	3.3453791144E-4
2.4811385584E-3	8.9083022343E+2	3.6074954110E-4
2.8549914211E-3	1.0241233093E+3	3.8695514312E-4
3.2550466893E-3	1.1663311879E+3	4.1315427928E-4
3.6812976783E-3	1.3173041696E+3	4.3934651156E-4
4.1337372652E-3	1.4768664250E+3	4.6553140213E-4
4.6123578895E-3	1.6448148368E+3	4.9170851331E-4
5.1171515529E-3	1.8209185515E+3	5.1787740760E-4
5.6481098199E-3	2.0049193870E+3	5.4403764760E-4
6.2052238176E-3	2.1965332427E+3	5.7018879612E-4
6.7884842360E-3	2.3954526281E+3	5.9633041614E-4
7.3978813281E-3	2.6013503824E+3	6.2246207073E-4
8.0334049101E-3	2.8138845960E+3	6.4858332323E-4
8.6950443616E-3	3.0327046614E+3	6.7469373705E-4
9.3827886258E-3	3.2574582861E+3	7.0079287589E-4
1.0096626210E-2	3.4877991904E+3	7.2688030358E-4
1.0836545184E-2	3.7233950971E+3	7.5295558414E-4
1.1602533184E-2	3.9639355150E+3	7.7901828182E-4
1.2394577408E-2	4.2091387214E+3	8.0506796108E-4
1.3212664621E-2	4.4587572899E+3	8.3110418659E-4
1.4056781152E-2	4.7125814910E+3	8.5712652325E-4
1.4926912893E-2	4.9704399365E+3	8.8313453619E-4
1.5823045305E-2	5.2321969483E+3	9.0912779076E-4
1.6745163410E-2	5.4977463237E+3	9.3510585261E-4
1.7693251801E-2	5.7670014337E+3	9.6106828758E-4
1.8667294632E-2	6.0398819294E+3	9.8701466182E-4
1.9667275626E-2	6.3162977254E+3	1.0129445417E-3
2.0693178073E-2	6.5961313449E+3	1.0388574939E-3
2.1744984827E-2	6.8792201183E+3	1.0647530855E-3
2.2822678313E-2	7.1653400651E+3	1.0906308836E-3
2.3926240519E-2	7.4541934988E+3	1.1164904558E-3
2.5055653005E-2	7.7454024112E+3	1.1423313699E-3
2.6210896896E-2	8.0385094463E+3	1.1681531941E-3
2.7391952886E-2	8.3329877199E+3	1.1939554970E-3
2.8598801239E-2	8.6282598719E+3	1.2197378472E-3
2.9831421786E-2	8.9237255797E+3	1.2454998140E-3
3.1089793929E-2	9.2187954274E+3	1.2712409668E-3
3.2373896638E-2	9.5129276913E+3	1.2969608754E-3
3.3683708455E-2	9.8056634836E+3	1.3226591101E-3
3.5019207490E-2	1.0096655077E+4	1.3483352414E-3
3.6380371427E-2	1.0385682321E+4	1.3739888402E-3
3.7767177517E-2	1.0672653024E+4	1.3996194778E-3
3.9179602586E-2	1.0957585057E+4	1.4252267258E-3
4.0617623030E-2	1.1240570509E+4	1.4508101565E-3
4.2081214817E-2	1.1521725315E+4	1.4763693421E-3
4.3570353490E-2	1.1801130712E+4	1.5019038556E-3
4.5085014162E-2	1.2078775339E+4	1.5274132703E-3
4.6625171522E-2	1.2354508025E+4	1.5528971598E-3
4.8190799831E-2	1.2628010949E+4	1.5783550984E-3
4.9781872927E-2	1.2898800630E+4	1.6037866605E-3
5.1398364219E-2	1.3166260041E+4	1.6291914212E-3
5.3040246694E-2	1.3429699543E+4	1.6545689559E-3
5.4707492914E-2	1.3688438127E+4	1.6799188405E-3
5.6400075017E-2	1.3941890868E+4	1.7052406515E-3
5.8117964718E-2	1.4189645032E+4	1.7305339655E-3
5.9861133308E-2	1.4431507250E+4	1.7557983600E-3
6.1629551657E-2	1.4667508316E+4	1.7810334128E-3
6.3423190212E-2	1.4897860225E+4	1.8062387021E-3
6.5242019000E-2	1.5122870697E+4	1.8314138067E-3
6.7086007624E-2	1.5342831318E+4	1.8565583060E-3
6.8955125270E-2	1.5557903753E+4	1.8816717796E-3
7.0849340702E-2	1.5768031799E+4	1.9067538080E-3
7.2768622264E-2	1.5972903644E+4	1.9318039720E-3
7.4712937885E-2	1.6171978465E+4	1.9568218529E-3
7.6682255070E-2	1.6364576034E+4	1.9818070327E-3
7.8676540910E-2	1.6550010669E+4	2.0067590939E-3
8.0695762079E-2	1.6727736231E+4	2.0316776194E-3
8.2739884832E-2	1.6897461987E+4	2.0565621928E-3
8.4808875009E-2	1.7059203336E+4	2.0814123983E-3
8.6902698034E-2	1.7213247425E+4	2.1062278206E-3
8.9021318917E-2	1.7360037962E+4	2.1310080450E-3
9.1164702253E-2	1.7500009289E+4	2.1557526574E-3
9.3332812224E-2	1.7633418605E+4	2.1804612443E-3
9.5525612596E-2	1.7760229922E+4	2.2051333928E-3
9.7743066726E-2	1.7880090868E+4	2.2297686905E-3
9.9985137556E-2	1.7992415758E+4	2.2543667257E-3
1.0225178762E-1	1.8096553187E+4	2.2789270875E-3
1.0454297904E-1	1.8191984888E+4	2.3034493653E-3
1.0685867352E-1	1.8278486920E+4	2.3279331494E-3
1.0919883237E-1	1.8356192449E+4	2.3523780306E-3
1.1156341648E-1	1.8425527662E+4	2.3767836004E-3
1.1395238633E-1	1.8487038835E+4	2.4011494510E-3
1.1636570200E-1	1.8541172000E+4	2.4254751751E-3
1.1880332317E-1	1.8588089163E+4	2.4497603662E-3
1.2126520909E-1	1.8627595390E+4	2.4740046186E-3
1.2375131862E-1	1.8659210558E+4	2.4982075270E-3
1.2626161023E-1	1.8682362004E+4	2.5223686871E-3
1.2879604195E-1	1.8696621963E+4	2.5464876949E-3
1.3135457143E-1	1.8701889918E+4	2.5705641475E-3
1.3393715592E-1	1.8698438406E+4	2.5945976426E-3
1.3654375226E-1	1.8686797626E+4	2.6185877784E-3
1.3917431689E-1	1.8667526447E+4	2.6425341541E-3
1.4182880585E-1	1.8640971850E+4	2.6664363695E-3
1.4450717478E-1	1.8607128173E+4	2.6902940251E-3
1.4720937892E-1	1.8565664387E+4	2.7141067224E-3
1.4993537310E-1	1.8516109572E+4	2.7378740632E-3
1.5268511179E-1	1.8458109175E+4	2.7615956505E-3
1.5545854902E-1	1.8391626146E+4	2.7852710878E-3
1.5825563845E-1	1.8316984529E+4	2.8088999795E-3
1.6107633333E-1	1.8234731314E+4	2.8324819307E-3
1.6392058653E-1	1.8145387200E+4	2.8560165473E-3
1.6678835052E-1	1.8049217394E+4	2.8795034361E-3
1.6967957737E-1	1.7946144861E+4	2.9029422044E-3
1.7259421876E-1	1.7835852780E+4	2.9263324607E-3
1.7553222599E-1	1.7718019463E+4	2.9496738141E-3
1.7849354996E-1	1.7592554038E+4	2.9729658744E-3
1.8147814117E-1	1.7459698925E+4	2.9962082525E-3
1.8448594977E-1	1.7319941086E+4	3.0194005599E-3
1.8751692548E-1	1.7173786632E+4	3.0425424091E-3
1.9057101764E-1	1.7021534928E+4	3.0656334132E-3
1.9364817522E-1	1.6863187581E+4	3.0886731866E-3
1.9674834681E-1	1.6698544040E+4	3.1116613440E-3
1.9987148058E-1	1.6527420029E+4	3.1345975014E-3
2.0301752435E-1	1.6349848925E+4	3.1574812755E-3
2.0618642554E-1	1.6166138822E+4	3.1803122838E-3
2.0937813120E-1	1.5976753688E+4	3.2030901448E-3
2.1259258799E-1	1.5782103639E+4	3.2258144779E-3
2.1582974219E-1	1.5582387182E+4	3.2484849032E-3
2.1908953970E-1	1.5377587723E+4	3.2711010421E-3
2.2237192605E-1	1.5167617704E+4	3.2936625164E-3
2.2567684639E-1	1.4952502829E+4	3.3161689492E-3
2.2900424548E-1	1.4732475764E+4	3.3386199643E-3
2.3235406772E-1	1.4507919342E+4	3.3610151867E-3
2.3572625713E-1	1.4279211709E+4	3.3833542419E-3
2.3912075735E-1	1.4046594547E+4	3.4056367567E-3
2.4253751167E-1	1.3810158960E+4	3.4278623588E-3
2.4597646298E-1	1.3569947163E+4	3.4500306767E-3
2.4943755380E-1	1.3326080289E+4	3.4721413399E-3
2.5292072631E-1	1.3078810555E+4	3.4941939790E-3
2.5642592230E-1	1.2828465679E+4	3.5161882254E-3
2.5995308318E-1	1.2575344954E+4	3.5381237115E-3
2.6350215001E-1	1.2319660600E+4	3.5600000709E-3
2.6707306349E-1	1.2061567529E+4	3.5818169379E-3
2.7066576394E-1	1.1801240713E+4	3.6035739479E-3
2.7428019131E-1	1.1538920917E+4	3.6252707373E-3
2.7791628522E-1	1.1274888241E+4	3.6469069436E-3
2.8157398488E-1	1.1009398893E+4	3.6684822051E-3
2.8525322919E-1	1.0742658401E+4	3.6899961614E-3
2.8895395665E-1	1.0474863173E+4	3.7114484529E-3
2.9267610542E-1	1.0206263374E+4	3.7328387211E-3
2.9641961330E-1	9.9371706276E+3	3.7541666086E-3
3.0018441773E-1	9.6678903394E+3	3.7754317588E-3
3.0397045579E-1	9.3986449608E+3	3.7966338166E-3
3.0777766421E-1	9.1295783722E+3	3.8177724274E-3
3.1160597938E-1	8.8608552184E+3	3.8388472382E-3
3.1545533730E-1	8.5927606568E+3	3.8598578967E-3
3.1932567367E-1	8.3256860690E+3	3.8808040517E-3
3.2321692379E-1	8.0599943077E+3	3.9016853533E-3
3.2712902264E-1	7.7958918453E+3	3.9225014525E-3
3.3106190484E-1	7.5334497006E+3	3.9432520014E-3
3.3501550468E-1	7.2727745254E+3	3.9639366533E-3
3.3898975607E-1	7.0141645449E+3	3.9845550624E-3
3.4298459261E-1	6.7580761099E+3	4.0051068843E-3
3.4699994753E-1	6.5049121356E+3	4.0255917754E-3
3.5103575373E-1	6.2548421023E+3	4.0460093936E-3
3.5509194378E-1	6.0078545957E+3	4.0663593974E-3
3.5916844988E-1	5.7640103576E+3	4.0866414469E-3
3.6326520391E-1	5.5236362711E+3	4.1068552032E-3
3.6738213741E-1	5.2872377212E+3	4.1270003283E-3
3.7151918157E-1	5.0552008719E+3	4.1470764858E-3
3.7567626728E-1	4.8275999391E+3	4.1670833400E-3
3.7985332504E-1	4.6043345471E+3	4.1870205567E-3
3.8405028507E-1	4.3854674272E+3	4.2068878026E-3
3.8826707721E-1	4.1713919624E+3	4.2266847457E-3
3.9250363101E-1	3.9626249202E+3	4.2464110553E-3
3.9675987567E-1	3.7594385962E+3	4.2660664016E-3
4.0103574005E-1	3.5617479154E+3	4.2856504563E-3
4.0533115271E-1	3.3693981475E+3	4.3051628919E-3
4.0964604185E-1	3.1825378165E+3	4.3246033825E-3
4.1398033538E-1	3.0016405492E+3	4.3439716031E-3
4.1833396086E-1	2.8271327980E+3	4.3632672302E-3
4.2270684554E-1	2.6590541555E+3	4.3824899412E-3
4.2709891633E-1	2.4971584290E+3	4.4016394148E-3
4.3151009985E-1	2.3413499939E+3	4.4207153312E-3
4.3594032237E-1	2.1919367325E+3	4.4397173715E-3
4.4038950986E-1	2.0493836993E+3	4.4586452181E-3
4.4485758797E-1	1.9138559980E+3	4.4774985548E-3
4.4934448203E-1	1.7851102432E+3	4.4962770664E-3
4.5385011706E-1	1.6628772125E+3	4.5149804392E-3
4.5837441776E-1	1.5472669379E+3	4.5336083606E-3
4.6291730852E-1	1.4386859400E+3	4.5521605193E-3
4.6747871344E-1	1.3373641329E+3	4.5706366053E-3
4.7205855627E-1	1.2430892566E+3	4.5890363098E-3
4.7665676049E-1	1.1554902742E+3	4.6073593254E-3
4.8127324926E-1	1.0745084003E+3	4.6256053458E-3
4.8590794542E-1	1.0004458970E+3	4.6437740661E-3
4.9056077152E-1	9.3352865046E+2	4.6618651826E-3
4.9523164982E-1	8.7355697130E+2	4.6798783932E-3
4.9992050224E-1	8.2010361734E+2	4.6978133967E-3
5.0462725044E-1	7.7299267531E+2	4.7156698934E-3
5.0935181576E-1	7.3241874199E+2	4.7334475849E-3
5.1409411924E-1	6.9855201389E+2	4.7511461741E-3
5.1885408164E-1	6.7117012036E+2	4.7687653653E-3
5.2363162341E-1	6.4981371833E+2	4.7863048641E-3
5.2842666471E-1	6.3424224819E+2	4.8037643772E-3
5.3323912540E-1	6.2455962236E+2	4.8211436130E-3
5.3806892508E-1	6.2084786856E+2	4.8384422809E-3
5.4291598301E-1	6.2283188388E+2	4.8556600920E-3
5.4778021821E-1	6.3003851393E+2	4.8727967585E-3
5.5266154939E-1	6.4220804749E+2	4.8898519940E-3
5.5755989496E-1	6.5937167508E+2	4.9068255135E-3
5.6247517308E-1	6.8150397827E+2	4.9237170334E-3
5.6740730160E-1	7.0826550360E+2	4.9405262713E-3
5.7235619810E-1	7.3919457397E+2	4.9572529464E-3
5.7732177988E-1	7.7404646415E+2	4.9738967791E-3
5.8230396395E-1	8.1278592520E+2	4.9904574913E-3
5.8730266706E-1	8.5527214711E+2	5.0069348063E-3
5.9231780568E-1	9.0111683910E+2	5.0233284486E-3
5.9734929598E-1	9.4990449030E+2	5.0396381444E-3
6.0239705389E-1	1.0014201103E+3	5.0558636210E-3
6.0746099506E-1	1.0555534423E+3	5.0720046074E-3
6.1254103485E-1	1.1120597219E+3	5.0880608338E-3
6.1763708838E-1	1.1705473236E+3	5.1040320318E-3
6.2274907048E-1	1.2306783763E+3	5.1199179345E-3
6.2787689573E-1	1.2922535977E+3	5.1357182766E-3
6.3302047843E-1	1.3550764472E+3	5.1514327939E-3
6.3817973262E-1	1.4188437829E+3	5.1670612238E-3
6.4335457209E-1	1.4832237579E+3	5.1826033052E-3
6.4854491036E-1	1.5479587438E+3	5.1980587783E-3
6.5375066070E-1	1.6128257452E+3	5.2134273849E-3
6.5897173609E-1	1.6775581088E+3	5.2287088681E-3
6.6420804930E-1	1.7418781074E+3	5.2439029725E-3
6.6945951283E-1	1.8055572100E+3	5.2590094442E-3
6.7472603890E-1	1.8683716819E+3	5.2740280309E-3
6.8000753951E-1	1.9300445002E+3	5.2889584814E-3
6.8530392640E-1	1.9903138705E+3	5.3038005463E-3
6.9061511106E-1	2.0490155823E+3	5.3185539776E-3
6.9594100473E-1	2.1059988760E+3	5.3332185287E-3
7.0128151841E-1	2.1610010833E+3	5.3477939546E-3
7.0663656285E-1	2.2137309386E+3	5.3622800116E-3
7.1200604856E-1	2.2640520961E+3	5.3766764577E-3
7.1738988581E-1	2.3119285440E+3	5.3909830523E-3
7.2278798463E-1	2.3571850643E+3	5.4051995564E-3
7.2820025482E-1	2.3995068236E+3	5.4193257323E-3
7.3362660591E-1	2.4387251255E+3	5.4333613439E-3
7.3906694724E-1	2.4748980294E+3	5.4473061568E-3
7.4452118788E-1	2.5080017600E+3	5.4611599379E-3
7.4998923669E-1	2.5377552256E+3	5.4749224557E-3
7.5547100229E-1	2.5639242951E+3	5.4885934801E-3
7.6096639308E-1	2.5865994106E+3	5.5021727828E-3
7.6647531721E-1	2.6059261767E+3	5.5156601367E-3
7.7199768263E-1	2.6217305493E+3	5.5290553166E-3
7.7753339704E-1	2.6337248982E+3	5.5423580985E-3
7.8308236795E-1	2.6419678845E+3	5.5555682601E-3
7.8864450262E-1	2.6467451388E+3	5.5686855808E-3
7.9421970809E-1	2.6480437244E+3	5.5817098412E-3
7.9980789121E-1	2.6455667814E+3	5.5946408237E-3
8.0540895857E-1	2.6393011587E+3	5.6074783123E-3
8.1102281659E-1	2.6296166924E+3	5.6202220924E-3
8.1664937145E-1	2.6166800855E+3	5.6328719509E-3
8.2228852912E-1	2.6002376143E+3	5.6454276767E-3
8.2794019536E-1	2.5801946814E+3	5.6578890597E-3
8.3360427572E-1	2.5569467882E+3	5.6702558918E-3
8.3928067556E-1	2.5308257341E+3	5.6825279663E-3
8.4496930000E-1	2.5016615257E+3	5.6947050782E-3
8.5067005399E-1	2.4692908424E+3	5.7067870238E-3
8.5638284226E-1	2.4340890822E+3	5.7187736014E-3
8.6210756934E-1	2.3965177556E+3	5.7306646105E-3
8.6784413956E-1	2.3565101274E+3	5.7424598526E-3
8.7359245705E-1	2.3138565556E+3	5.7541591304E-3
8.7935242576E-1	2.2688846206E+3	5.7657622485E-3
8.8512394943E-1	2.2221426141E+3	5.7772690129E-3
8.9090693161E-1	2.1736654928E+3	5.7886792314E-3
8.9670127565E-1	2.1232188176E+3	5.7999927133E-3
9.0250688473E-1	2.0710708812E+3	5.8112092696E-3
9.0832366182E-1	2.0178158970E+3	5.8223287127E-3
9.1415150972E-1	1.9635729982E+3	5.8333508568E-3
9.1999033104E-1	1.9080978126E+3	5.8442755178E-3
9.2584002820E-1	1.8515993619E+3	5.8551025132E-3
9.3170050345E-1	1.7946839295E+3	5.8658316618E-3
9.3757165885E-1	1.7375279549E+3	5.8764627846E-3
9.4345339628E-1	1.6798840179E+3	5.8869957037E-3
9.4934561746E-1	1.6219085530E+3	5.8974302433E-3
9.5524822392E-1	1.5641942525E+3	5.9077662288E-3
9.6116111701E-1	1.5069444246E+3	5.9180034877E-3
9.6708419793E-1	1.4499091147E+3	5.9281418487E-3
9.7301736769E-1	1.3932019483E+3	5.9381811425E-3
9.7896052713E-1	1.3373835323E+3	5.9481212013E-3
9.8491357695E-1	1.2826542995E+3	5.9579618591E-3
9.9087641766E-1	1.2287589141E+3	5.9677029512E-3
9.9684894961E-1	1.1757789172E+3	5.9773443150E-3
1.0028310730E+0	1.1242295738E+3	5.9868857894E-3
1.0088226878E+0	1.0742822187E+3	5.9963272149E-3
1.0148236940E+0	1.0256731141E+3	6.0056684336E-3
1.0208339913E+0	9.7846216068E+2	6.0149092896E-3
1.0268534791E+0	9.3310924169E+2	6.0240496283E-3
1.0328820570E+0	8.8973573062E+2	6.0330892971E-3
1.0389196241E+0	8.4806892470E+2	6.0420281448E-3
1.0449660796E+0	8.0815641640E+2	6.0508660221E-3
1.0510213224E+0	7.7039432853E+2	6.0596027814E-3
1.0570852514E+0	7.3483992483E+2	6.0682382765E-3
1.0631577652E+0	7.0121509169E+2	6.0767723631E-3
1.0692387623E+0	6.6956246454E+2	6.0852048988E-3
1.0753281411E+0	6.4020686073E+2	6.0935357425E-3
1.0814257998E+0	6.1313507620E+2	6.1017647550E-3
1.0875316366E+0	5.8807163747E+2	6.1098917988E-3
1.0936455494E+0	5.6505851845E+2	6.1179167381E-3
1.0997674360E+0	5.4434260988E+2	6.1258394388E-3
1.1058971941E+0	5.2584248965E+2	6.1336597685E-3
1.1120347214E+0	5.0929689757E+2	6.1413775965E-3
1.1181799151E+0	4.9474732866E+2	6.1489927938E-3
1.1243326727E+0	4.8235815692E+2	6.1565052331E-3
1.1304928913E+0	4.7199086885E+2	6.1639147890E-3
1.1366604679E+0	4.6341121301E+2	6.1712213376E-3
1.1428352996E+0	4.5665564043E+2	6.1784247568E-3
1.1490172830E+0	4.5180540459E+2	6.1855249261E-3
1.1552063150E+0	4.4868412699E+2	6.1925217271E-3
1.1614022920E+0	4.4709530125E+2	6.1994150427E-3
1.1676051105E+0	4.4706142222E+2	6.2062047577E-3
1.1738146669E+0	4.4858641357E+2	6.2128907587E-3
1.1800308574E+0	4.5148108878E+2	6.2194729339E-3
1.1862535782E+0	4.5559183083E+2	6.2259511734E-3
1.1924827251E+0	4.6091584270E+2	6.2323253688E-3
1.1987181942E+0	4.6739394616E+2	6.2385954138E-3
1.2049598812E+0	4.7485101273E+2	6.2447612034E-3
1.2112076818E+0	4.8317311044E+2	6.2508226346E-3
1.2174614916E+0	4.9232192151E+2	6.2567796062E-3
1.2237212062E+0	5.0219845698E+2	6.2626320186E-3
1.2299867208E+0	5.1266488418E+2	6.2683797740E-3
1.2362579308E+0	5.2363464824E+2	6.2740227763E-3
1.2425347314E+0	5.3502938996E+2	6.2795609313E-3
1.2488170177E+0	5.4674086183E+2	6.2849941464E-3
1.2551046847E+0	5.5868231530E+2	6.2903223308E-3
1.2613976273E+0	5.7077531959E+2	6.2955453954E-3
1.2676957404E+0	5.8290701414E+2	6.3006632530E-3
1.2739989187E+0	5.9499295170E+2	6.3056758180E-3
1.2803070569E+0	6.0699728857E+2	6.3105830068E-3
1.2866200496E+0	6.1882875608E+2	6.3153847371E-3
1.2929377912E+0	6.3035791775E+2	6.3200809290E-3
1.2992601762E+0	6.4155247679E+2	6.3246715037E-3
1.3055870990E+0	6.5241204115E+2	6.3291563847E-3
1.3119184537E+0	6.6281711988E+2	6.3335354970E-3
1.3182541347E+0	6.7265060694E+2	6.3378087674E-3
1.3245940360E+0	6.8194800584E+2	6.3419761245E-3
1.3309380516E+0	6.9071691214E+2	6.3460374987E-3
1.3372860756E+0	6.9880693275E+2	6.3499928220E-3
1.3436380019E+0	7.0614730264E+2	6.3538420284E-3
1.3499937243E+0	7.1283817285E+2	6.3575850535E-3
1.3563531366E+0	7.1886350286E+2	6.3612218349E-3
1.3627161325E+0	7.2405614555E+2	6.3647523117E-3
1.3690826057E+0	7.2842131221E+2	6.3681764249E-3
1.3754524499E+0	7.3210037921E+2	6.3714941173E-3
1.3818255585E+0	7.3502849262E+2	6.3747053335E-3
1.3882018250E+0	7.3705144163E+2	6.3778100198E-3
1.3945811430E+0	7.3826526570E+2	6.3808081243E-3
1.4009634057E+0	7.3881372884E+2	6.3836995970E-3
1.4073485066E+0	7.3857441669E+2	6.3864843894E-3
1.4137363389E+0	7.3744386069E+2	6.3891624551E-3
1.4201267959E+0	7.3560142889E+2	6.3917337493E-3
1.4265197708E+0	7.3314969495E+2	6.3941982290E-3
1.4329151568E+0	7.2992182185E+2	6.3965558531E-3
1.4393128469E+0	7.2589908557E+2	6.3988065821E-3
1.4457127343E+0	7.2131304933E+2	6.4009503785E-3
1.4521147120E+0	7.1619034136E+2	6.4029872063E-3
1.4585186731E+0	7.1035291553E+2	6.4049170317E-3
1.4649245104E+0	7.0388447177E+2	6.4067398222E-3
1.4713321170E+0	6.9702055773E+2	6.4084555476E-3
1.4777413858E+0	6.8969778864E+2	6.4100641790E-3
1.4841522097E+0	6.8177090766E+2	6.4115656896E-3
1.4905644815E+0	6.7341897486E+2	6.4129600544E-3
1.4969780940E+0	6.6482918350E+2	6.4142472499E-3
1.5033929402E+0	6.5586039530E+2	6.4154272548E-3
1.5098089128E+0	6.4644095890E+2	6.4165000493E-3
1.5162259046E+0	6.3681281280E+2	6.4174656154E-3
1.5226438083E+0	6.2707356406E+2	6.4183239370E-3
1.5290625167E+0	6.1703990433E+2	6.4190749998E-3
1.5354819225E+0	6.0673773182E+2	6.4197187912E-3
1.5419019185E+0	5.9642185532E+2	6.4202553005E-3
1.5483223974E+0	5.8608232476E+2	6.4206845187E-3
1.5547432518E+0	5.7554170584E+2	6.4210064386E-3
1.5611643745E+0	5.6492215135E+2	6.4212210549E-3
1.5675856581E+0	5.5443771527E+2	6.4213283639E-3
1.5740069954E+0	5.4398091541E+2	6.4213283639E-3
1.5804282791E+0	5.3342588859E+2	6.4212210549E-3
1.5868494018E+0	5.2296456935E+2	6.4210064386E-3
1.5932702562E+0	5.1272805642E+2	6.4206845187E-3
1.5996907351E+0	5.0254518307E+2	6.4202553005E-3
1.6061107310E+0	4.9237159700E+2	6.4197187912E-3
1.6125301369E+0	4.8242558140E+2	6.4190749998E-3
1.6189488453E+0	4.7273540156E+2	6.4183239370E-3
1.6253667490E+0	4.6311267559E+2	6.4174656154E-3
1.6317837408E+0	4.5360128674E+2	6.4165000493E-3
1.6381997134E+0	4.4439852707E+2	6.4154272548E-3
1.6446145595E+0	4.3543565802E+2	6.4142472499E-3
1.6510281721E+0	4.2655234450E+2	6.4129600544E-3
1.6574404439E+0	4.1786470027E+2	6.4115656896E-3
1.6638512678E+0	4.0951081124E+2	6.4100641790E-3
1.6702605366E+0	4.0135199341E+2	6.4084555476E-3
1.6766681432E+0	3.9328837787E+2	6.4067398222E-3
1.6830739805E+0	3.8547680427E+2	6.4049170317E-3
1.6894779416E+0	3.7797576891E+2	6.4029872063E-3
1.6958799193E+0	3.7061510674E+2	6.4009503785E-3
1.7022798067E+0	3.6336895202E+2	6.3988065821E-3
1.7086774968E+0	3.5639844932E+2	6.3965558531E-3
1.7150728827E+0	3.4968225785E+2	6.3941982290E-3
1.7214658576E+0	3.4305742747E+2	6.3917337493E-3
1.7278563146E+0	3.3656713276E+2	6.3891624551E-3
1.7342441470E+0	3.3034541359E+2	6.3864843894E-3
1.7406292478E+0	3.2430735906E+2	6.3836995970E-3
1.7470115106E+0	3.1832727294E+2	6.3808081243E-3
1.7533908286E+0	3.1249916136E+2	6.3778100198E-3
1.7597670951E+0	3.0690992147E+2	6.3747053335E-3
1.7661402037E+0	3.0143672861E+2	6.3714941173E-3
1.7725100479E+0	2.9600800471E+2	6.3681764249E-3
1.7788765211E+0	2.9074447219E+2	6.3647523117E-3
1.7852395170E+0	2.8567900675E+2	6.3612218349E-3
1.7915989293E+0	2.8067823753E+2	6.3575850535E-3
1.7979546517E+0	2.7572832130E+2	6.3538420284E-3
1.8043065780E+0	2.7095335074E+2	6.3499928220E-3
1.8106546020E+0	2.6633642548E+2	6.3460374987E-3
1.8169986176E+0	2.6175677958E+2	6.3419761245E-3
1.8233385189E+0	2.5725171113E+2	6.3378087674E-3
1.8296741999E+0	2.5293045642E+2	6.3335354970E-3
1.8360055546E+0	2.4873762807E+2	6.3291563847E-3
1.8423324774E+0	2.4458087800E+2	6.3246715037E-3
1.8486548624E+0	2.4053612286E+2	6.3200809290E-3
1.8549726040E+0	2.3668626647E+2	6.3153847371E-3
1.8612855967E+0	2.3295142858E+2	6.3105830068E-3
1.8675937349E+0	2.2927565105E+2	6.3056758180E-3
1.8738969132E+0	2.2575896353E+2	6.3006632530E-3
1.8801950263E+0	2.2245272115E+2	6.2955453954E-3
1.8864879689E+0	2.1926588782E+2	6.2903223308E-3
1.8927756359E+0	2.1618028614E+2	6.2849941464E-3
1.8990579222E+0	2.1330635500E+2	6.2795609313E-3
1.9053347228E+0	2.1066334299E+2	6.2740227763E-3
1.9116059328E+0	2.0815980282E+2	6.2683797740E-3
1.9178714474E+0	2.0581214349E+2	6.2626320186E-3
1.9241311620E+0	2.0372977926E+2	6.2567796062E-3
1.9303849718E+0	2.0190212427E+2	6.2508226346E-3
1.9366327724E+0	2.0024480513E+2	6.2447612034E-3
1.9428744594E+0	1.9880300811E+2	6.2385954138E-3
1.9491099285E+0	1.9767642519E+2	6.2323253688E-3
1.9553390754E+0	1.9682824439E+2	6.2259511734E-3
1.9615617961E+0	1.9618557426E+2	6.2194729339E-3
1.9677779867E+0	1.9581552326E+2	6.2128907587E-3
1.9739875431E+0	1.9580199759E+2	6.2062047577E-3
1.9801903616E+0	1.9608591327E+2	6.1994150427E-3
1.9863863386E+0	1.9660776419E+2	6.1925217271E-3
1.9925753706E+0	1.9744975856E+2	6.1855249261E-3
1.9987573540E+0	1.9867626364E+2	6.1784247568E-3
2.0049321857E+0	2.0020967718E+2	6.1712213376E-3
2.0110997623E+0	2.0200393794E+2	6.1639147890E-3
2.0172599809E+0	2.0415025492E+2	6.1565052331E-3
2.0234127385E+0	2.0669168268E+2	6.1489927938E-3
2.0295579322E+0	2.0953541091E+2	6.1413775965E-3
2.0356954595E+0	2.1264762948E+2	6.1336597685E-3
2.0418252176E+0	2.1612358884E+2	6.1258394388E-3
2.0479471042E+0	2.1998495367E+2	6.1179167381E-3
2.0540610170E+0	2.2412648397E+2	6.1098917988E-3
2.0601668538E+0	2.2852463417E+2	6.1017647550E-3
2.0662645125E+0	2.3327510551E+2	6.0935357425E-3
2.0723538913E+0	2.3837956675E+2	6.0852048988E-3
2.0784348884E+0	2.4372259442E+2	6.0767723631E-3
2.0845074022E+0	2.4928846978E+2	6.0682382765E-3
2.0905713312E+0	2.5517121233E+2	6.0596027814E-3
2.0966265740E+0	2.6135517493E+2	6.0508660221E-3
2.1026730295E+0	2.6771651534E+2	6.0420281448E-3
2.1087105966E+0	2.7424466798E+2	6.0330892971E-3
2.1147391745E+0	2.8103123699E+2	6.0240496283E-3
2.1207586623E+0	2.8804706152E+2	6.0149092896E-3
2.1267689596E+0	2.9516126615E+2	6.0056684336E-3
2.1327699657E+0	3.0236563073E+2	5.9963272149E-3
2.1387615806E+0	3.0974980641E+2	5.9868857894E-3
2.1447437040E+0	3.1727591294E+2	5.9773443150E-3
2.1507162359E+0	3.2480723030E+2	5.9677029512E-3
2.1566790766E+0	3.3233494336E+2	5.9579618591E-3
2.1626321265E+0	3.3994804548E+2	5.9481212013E-3
2.1685752859E+0	3.4760560599E+2	5.9381811425E-3
2.1745084557E+0	3.5516631978E+2	5.9281418487E-3
2.1804315366E+0	3.6261762623E+2	5.9180034877E-3
2.1863444297E+0	3.7004945553E+2	5.9077662288E-3
2.1922470361E+0	3.7742423985E+2	5.8974302433E-3
2.1981392573E+0	3.8459780616E+2	5.8869957037E-3
2.2040209947E+0	3.9155041449E+2	5.8764627846E-3
2.2098921501E+0	3.9837414131E+2	5.8658316618E-3
2.2157526254E+0	4.0504173104E+2	5.8551025132E-3
2.2216023226E+0	4.1140882343E+2	5.8442755178E-3
2.2274411439E+0	4.1744481567E+2	5.8333508568E-3
2.2332689918E+0	4.2324393691E+2	5.8223287127E-3
2.2390857689E+0	4.2879631692E+2	5.8112092696E-3
2.2448913779E+0	4.3396163378E+2	5.7999927133E-3
2.2506857220E+0	4.3869478703E+2	5.7886792314E-3
2.2564687042E+0	4.4309011729E+2	5.7772690129E-3
2.2622402278E+0	4.4716158947E+2	5.7657622485E-3
2.2680001965E+0	4.5077923972E+2	5.7541591304E-3
2.2737485140E+0	4.5388062142E+2	5.7424598526E-3
2.2794850843E+0	4.5655543003E+2	5.7306646105E-3
2.2852098113E+0	4.5884607407E+2	5.7187736014E-3
2.2909225996E+0	4.6064160948E+2	5.7067870238E-3
2.2966233536E+0	4.6186144658E+2	5.6947050782E-3
2.3023119780E+0	4.6258301243E+2	5.6825279663E-3
2.3079883779E+0	4.6287822723E+2	5.6702558918E-3
2.3136524582E+0	4.6266571549E+2	5.6578890597E-3
2.3193041245E+0	4.6184970874E+2	5.6454276767E-3
2.3249432821E+0	4.6048573373E+2	5.6328719509E-3
2.3305698370E+0	4.5867085390E+2	5.6202220924E-3
2.3361836950E+0	4.5636405910E+2	5.6074783123E-3
2.3417847624E+0	4.5346280530E+2	5.5946408237E-3
2.3473729455E+0	4.4999138924E+2	5.5817098412E-3
2.3529481510E+0	4.4606082776E+2	5.5686855808E-3
2.3585102856E+0	4.4167836835E+2	5.5555682601E-3
2.3640592565E+0	4.3674919783E+2	5.5423580985E-3
2.3695949710E+0	4.3126119271E+2	5.5290553166E-3
2.3751173364E+0	4.2532165239E+2	5.5156601367E-3
2.3806262605E+0	4.1898672649E+2	5.5021727828E-3
2.3861216513E+0	4.1218825074E+2	5.4885934801E-3
2.3916034169E+0	4.0488116934E+2	5.4749224557E-3
2.3970714657E+0	3.9714832260E+2	5.4611599379E-3
2.4025257064E+0	3.8908408536E+2	5.4473061568E-3
2.4079660477E+0	3.8066511804E+2	5.4333613439E-3
2.4133923988E+0	3.7182866636E+2	5.4193257323E-3
2.4188046690E+0	3.6261629837E+2	5.4051995564E-3
2.4242027678E+0	3.5313756884E+2	5.3909830523E-3
2.4295866050E+0	3.4342317825E+2	5.3766764577E-3
2.4349560907E+0	3.3341809812E+2	5.3622800116E-3
2.4403111352E+0	3.2311864789E+2	5.3477939546E-3
2.4456516489E+0	3.1261922466E+2	5.3332185287E-3
2.4509775425E+0	3.0199676090E+2	5.3185539776E-3
2.4562887272E+0	2.9123100653E+2	5.3038005463E-3
2.4615851141E+0	2.8028792257E+2	5.2889584814E-3
2.4668666147E+0	2.6922116596E+2	5.2740280309E-3
2.4721331408E+0	2.5812712422E+2	5.2590094442E-3
2.4773846043E+0	2.4703494242E+2	5.2439029725E-3
2.4826209175E+0	2.3591071751E+2	5.2287088681E-3
2.4878419929E+0	2.2476102514E+2	5.2134273849E-3
2.4930477432E+0	2.1366562758E+2	5.1980587783E-3
2.4982380815E+0	2.0269341481E+2	5.1826033052E-3
2.5034129210E+0	1.9184122706E+2	5.1670612238E-3
2.5085721752E+0	1.8108804172E+2	5.1514327939E-3
2.5137157579E+0	1.7047155251E+2	5.1357182766E-3
2.5188435831E+0	1.6006818597E+2	5.1199179345E-3
2.5239555652E+0	1.4991545136E+2	5.1040320318E-3
2.5290516187E+0	1.3999893383E+2	5.0880608338E-3
2.5341316585E+0	1.3031700000E+2	5.0720046074E-3
2.5391955997E+0	1.2091901866E+2	5.0558636210E-3
2.5442433576E+0	1.1186324857E+2	5.0396381444E-3
2.5492748479E+0	1.0316496093E+2	5.0233284486E-3
2.5542899865E+0	9.4811480261E+1	5.0069348063E-3
2.5592886896E+0	8.6814301586E+1	4.9904574913E-3
2.5642708737E+0	7.9218595163E+1	4.9738967791E-3
2.5692364555E+0	7.2061985924E+1	4.9572529464E-3
2.5741853520E+0	6.5348047389E+1	4.9405262713E-3
2.5791174805E+0	5.9069683513E+1	4.9237170334E-3
2.5840327586E+0	5.3242041297E+1	4.9068255135E-3
2.5889311042E+0	4.7897569345E+1	4.8898519940E-3
2.5938124354E+0	4.3056448899E+1	4.8727967585E-3
2.5986766706E+0	3.8717519011E+1	4.8556600920E-3
2.6035237285E+0	3.4878135441E+1	4.8384422809E-3
2.6083535282E+0	3.1549917294E+1	4.8211436130E-3
2.6131659889E+0	2.8749770072E+1	4.8037643772E-3
2.6179610302E+0	2.6484260202E+1	4.7863048641E-3
2.6227385719E+0	2.4750604757E+1	4.7687653653E-3
2.6274985343E+0	2.3548526161E+1	4.7511461741E-3
2.6322408378E+0	2.2882859602E+1	4.7334475849E-3
2.6369654032E+0	2.2755240328E+1	4.7156698934E-3
2.6416721513E+0	2.3160878024E+1	4.6978133967E-3
2.6463610038E+0	2.4095788914E+1	4.6798783932E-3
2.6510318821E+0	2.5560999895E+1	4.6618651826E-3
2.6556847082E+0	2.7555008160E+1	4.6437740661E-3
2.6603194043E+0	3.0066083178E+1	4.6256053458E-3
2.6649358931E+0	3.3078479930E+1	4.6073593254E-3
2.6695340973E+0	3.6585478987E+1	4.5890363098E-3
2.6741139402E+0	4.0589374473E+1	4.5706366053E-3
2.6786753451E+0	4.5085722492E+1	4.5521605193E-3
2.6832182358E+0	5.0052998349E+1	4.5336083606E-3
2.6877425365E+0	5.5463988450E+1	4.5149804392E-3
2.6922481716E+0	6.1305818035E+1	4.4962770664E-3
2.6967350656E+0	6.7581505139E+1	4.4774985548E-3
2.7012031437E+0	7.4288738770E+1	4.4586452181E-3
2.7056523312E+0	8.1402366916E+1	4.4397173715E-3
2.7100825537E+0	8.8884426398E+1	4.4207153312E-3
2.7144937373E+0	9.6710990928E+1	4.4016394148E-3
2.7188858081E+0	1.0488235504E+2	4.3824899412E-3
2.7232586927E+0	1.1340240523E+2	4.3632672302E-3
2.7276123182E+0	1.2225140011E+2	4.3439716031E-3
2.7319466117E+0	1.3138580419E+2	4.3246033825E-3
2.7362615009E+0	1.4076681574E+2	4.3051628919E-3
2.7405569135E+0	1.5038419001E+2	4.2856504563E-3
2.7448327779E+0	1.6024651490E+2	4.2660664016E-3
2.7490890226E+0	1.7034842602E+2	4.2464110553E-3
2.7533255764E+0	1.8065273790E+2	4.2266847457E-3
2.7575423685E+0	1.9110875369E+2	4.2068878026E-3
2.7617393285E+0	2.0168654606E+2	4.1870205567E-3
2.7659163863E+0	2.1238845940E+2	4.1670833400E-3
2.7700734720E+0	2.2322453792E+2	4.1470764858E-3
2.7742105162E+0	2.3417894370E+2	4.1270003283E-3
2.7783274497E+0	2.4520443324E+2	4.1068552032E-3
2.7824242037E+0	2.5625116411E+2	4.0866414469E-3
2.7865007098E+0	2.6729884098E+2	4.0663593974E-3
2.7905568999E+0	2.7835779287E+2	4.0460093936E-3
2.7945927061E+0	2.8943792478E+2	4.0255917754E-3
2.7986080610E+0	3.0051829914E+2	4.0051068843E-3
2.8026028975E+0	3.1154895358E+2	3.9845550624E-3
2.8065771489E+0	3.2248285545E+2	3.9639366533E-3
2.8105307487E+0	3.3330522058E+2	3.9432520014E-3
2.8144636309E+0	3.4403073674E+2	3.9225014525E-3
2.8183757298E+0	3.5467195966E+2	3.9016853533E-3
2.8222669799E+0	3.6521054214E+2	3.8808040517E-3
2.8261373163E+0	3.7559930586E+2	3.8598578967E-3
2.8299866742E+0	3.8579255207E+2	3.8388472382E-3
2.8338149894E+0	3.9577508531E+2	3.8177724274E-3
2.8376221978E+0	4.0556258251E+2	3.7966338166E-3
2.8414082359E+0	4.1517371510E+2	3.7754317588E-3
2.8451730403E+0	4.2460057896E+2	3.7541666086E-3
2.8489165482E+0	4.3380450298E+2	3.7328387211E-3
2.8526386969E+0	4.4274025257E+2	3.7114484529E-3
2.8563394244E+0	4.5138610131E+2	3.6899961614E-3
2.8600186687E+0	4.5975299555E+2	3.6684822051E-3
2.8636763684E+0	4.6786554075E+2	3.6469069436E-3
2.8673124623E+0	4.7573229006E+2	3.6252707373E-3
2.8709268897E+0	4.8333112334E+2	3.6035739479E-3
2.8745195901E+0	4.9062145242E+2	3.5818169379E-3
2.8780905036E+0	4.9757196719E+2	3.5600000709E-3
2.8816395704E+0	5.0418037447E+2	3.5381237115E-3
2.8851667313E+0	5.1046937858E+2	3.5161882254E-3
2.8886719273E+0	5.1646322003E+2	3.4941939790E-3
2.8921550998E+0	5.2216435951E+2	3.4721413399E-3
2.8956161906E+0	5.2754862200E+2	3.4500306767E-3
2.8990551419E+0	5.3258164834E+2	3.4278623588E-3
2.9024718962E+0	5.3724294700E+2	3.4056367567E-3
2.9058663965E+0	5.4153891238E+2	3.3833542419E-3
2.9092385859E+0	5.4549564030E+2	3.3610151867E-3
2.9125884081E+0	5.4913795319E+2	3.3386199643E-3
2.9159158072E+0	5.5247071041E+2	3.3161689492E-3
2.9192207275E+0	5.5547571989E+2	3.2936625164E-3
2.9225031139E+0	5.5812551815E+2	3.2711010421E-3
2.9257629114E+0	5.6040333018E+2	3.2484849032E-3
2.9290000656E+0	5.6231499341E+2	3.2258144779E-3
2.9322145224E+0	5.6388518034E+2	3.2030901448E-3
2.9354062280E+0	5.6514145984E+2	3.1803122838E-3
2.9385751292E+0	5.6609758720E+2	3.1574812755E-3
2.9417211730E+0	5.6674702616E+2	3.1345975014E-3
2.9448443068E+0	5.6707018833E+2	3.1116613440E-3
2.9479444784E+0	5.6704981603E+2	3.0886731866E-3
2.9510216360E+0	5.6668424654E+2	3.0656334132E-3
2.9540757281E+0	5.6599046249E+2	3.0425424091E-3
2.9571067038E+0	5.6499579068E+2	3.0194005599E-3
2.9601145124E+0	5.6372408656E+2	2.9962082525E-3
2.9630991036E+0	5.6218501925E+2	2.9729658744E-3
2.9660604276E+0	5.6037247913E+2	2.9496738141E-3
2.9689984348E+0	5.5827230542E+2	2.9263324607E-3
2.9719130762E+0	5.5587419943E+2	2.9029422044E-3
2.9748043031E+0	5.5318081118E+2	2.8795034361E-3
2.9776720671E+0	5.5020920875E+2	2.8560165473E-3
2.9805163203E+0	5.4698455296E+2	2.8324819307E-3
2.9833370151E+0	5.4353000657E+2	2.8088999795E-3
2.9861341046E+0	5.3985849955E+2	2.7852710878E-3
2.9889075418E+0	5.3597044107E+2	2.7615956505E-3
2.9916572805E+0	5.3185800988E+2	2.7378740632E-3
2.9943832747E+0	5.2751327928E+2	2.7141067224E-3
2.9970854788E+0	5.2293581788E+2	2.6902940251E-3
2.9997638477E+0	5.1813612062E+2	2.6664363695E-3
3.0024183367E+0	5.1313361442E+2	2.6425341541E-3
3.0050489013E+0	5.0795068138E+2	2.6185877784E-3
3.0076554977E+0	5.0260583235E+2	2.5945976426E-3
3.0102380822E+0	4.9710920037E+2	2.5705641475E-3
3.0127966116E+0	4.9146212318E+2	2.5464876949E-3
3.0153310434E+0	4.8566058180E+2	2.5223686871E-3
3.0178413350E+0	4.7970062230E+2	2.4982075270E-3
3.0203274445E+0	4.7358326499E+2	2.4740046186E-3
3.0227893304E+0	4.6731691517E+2	2.4497603662E-3
3.0252269516E+0	4.6091655365E+2	2.4254751751E-3
3.0276402673E+0	4.5440037229E+2	2.4011494510E-3
3.0300292371E+0	4.4778544911E+2	2.3767836004E-3
3.0323938212E+0	4.4108422973E+2	2.3523780306E-3
3.0347339801E+0	4.3430304914E+2	2.3279331494E-3
3.0370496746E+0	4.2744300579E+2	2.3034493653E-3
3.0393408660E+0	4.2050259840E+2	2.2789270875E-3
3.0416075160E+0	4.1348098027E+2	2.2543667257E-3
3.0438495869E+0	4.0638062134E+2	2.2297686905E-3
3.0460670410E+0	3.9920853616E+2	2.2051333928E-3
3.0482598414E+0	3.9197583747E+2	2.1804612443E-3
3.0504279513E+0	3.8469596598E+2	2.1557526574E-3
3.0525713347E+0	3.7738232922E+2	2.1310080450E-3
3.0546899556E+0	3.7004616670E+2	2.1062278206E-3
3.0567837786E+0	3.6269526948E+2	2.0814123983E-3
3.0588527688E+0	3.5533382832E+2	2.0565621928E-3
3.0608968915E+0	3.4796330640E+2	2.0316776194E-3
3.0629161127E+0	3.4058394770E+2	2.0067590939E-3
3.0649103985E+0	3.3319640907E+2	1.9818070327E-3
3.0668797157E+0	3.2580304770E+2	1.9568218529E-3
3.0688240313E+0	3.1840856310E+2	1.9318039720E-3
3.0707433129E+0	3.1101991364E+2	1.9067538080E-3
3.0726375283E+0	3.0364563201E+2	1.8816717796E-3
3.0745066460E+0	2.9629479872E+2	1.8565583060E-3
3.0763506346E+0	2.8897597703E+2	1.8314138067E-3
3.0781694634E+0	2.8169637167E+2	1.8062387021E-3
3.0799631019E+0	2.7446137586E+2	1.7810334128E-3
3.0817315203E+0	2.6727455181E+2	1.7557983600E-3
3.0834746889E+0	2.6013798265E+2	1.7305339655E-3
3.0851925786E+0	2.5305286119E+2	1.7052406515E-3
3.0868851607E+0	2.4602015303E+2	1.6799188405E-3
3.0885524069E+0	2.3904118420E+2	1.6545689559E-3
3.0901942894E+0	2.3211804669E+2	1.6291914212E-3
3.0918107807E+0	2.2525377142E+2	1.6037866605E-3
3.0934018538E+0	2.1845227429E+2	1.5783550984E-3
3.0949674821E+0	2.1171812385E+2	1.5528971598E-3
3.0965076394E+0	2.0505620430E+2	1.5274132703E-3
3.0980223001E+0	1.9847135263E+2	1.5019038556E-3
3.0995114388E+0	1.9196803847E+2	1.4763693421E-3
3.1009750306E+0	1.8555013385E+2	1.4508101565E-3
3.1024130510E+0	1.7922079548E+2	1.4252267258E-3
3.1038254761E+0	1.7298245854E+2	1.3996194778E-3
3.1052122822E+0	1.6683692280E+2	1.3739888402E-3
3.1065734461E+0	1.6078550112E+2	1.3483352414E-3
3.1079089451E+0	1.5482919687E+2	1.3226591101E-3
3.1092187570E+0	1.4896887950E+2	1.2969608754E-3
3.1105028597E+0	1.4320543400E+2	1.2712409668E-3
3.1117612318E+0	1.3753986943E+2	1.2454998140E-3
3.1129938524E+0	1.3197338031E+2	1.2197378472E-3
3.1142007007E+0	1.2650736266E+2	1.1939554970E-3
3.1153817567E+0	1.2114339236E+2	1.1681531941E-3
3.1165370006E+0	1.1588317650E+2	1.1423313699E-3
3.1176664131E+0	1.1072848961E+2	1.1164904558E-3
3.1187699753E+0	1.0568110586E+2	1.0906308836E-3
3.1198476688E+0	1.0074273618E+2	1.0647530855E-3
3.1208994755E+0	9.5914976708E+1	1.0388574939E-3
3.1219253780E+0	9.1199271911E+1	1.0129445417E-3
3.1229253590E+0	8.6596893604E+1	9.8701466182E-4
3.1238994018E+0	8.2108934653E+1	9.6106828758E-4
3.1248474902E+0	7.7736315105E+1	9.3510585261E-4
3.1257696083E+0	7.3479797582E+1	9.0912779076E-4
3.1266657407E+0	6.9340008628E+1	8.8313453619E-4
3.1275358724E+0	6.5317462908E+1	8.5712652325E-4
3.1283799890E+0	6.1412587627E+1	8.3110418659E-4
3.1291980762E+0	5.7625745189E+1	8.0506796108E-4
3.1299901204E+0	5.3957252768E+1	7.7901828182E-4
3.1307561084E+0	5.0407398083E+1	7.5295558414E-4
3.1314960274E+0	4.6976451181E+1	7.2688030358E-4
3.1322098650E+0	4.3664672431E+1	7.0079287589E-4
3.1328976092E+0	4.0472317206E+1	6.7469373705E-4
3.1335592487E+0	3.7399637861E+1	6.4858332323E-4
3.1341947723E+0	3.4446883687E+1	6.2246207073E-4
3.1348041694E+0	3.1614299489E+1	5.9633041614E-4
3.1353874298E+0	2.8902123367E+1	5.7018879612E-4
3.1359445438E+0	2.6310584183E+1	5.4403764760E-4
3.1364755020E+0	2.3839899076E+1	5.1787740760E-4
3.1369802957E+0	2.1490271296E+1	4.9170851331E-4
3.1374589163E+0	1.9261888501E+1	4.6553140213E-4
3.1379113559E+0	1.7154921607E+1	4.3934651156E-4
3.1383376069E+0	1.5169524200E+1	4.1315427928E-4
3.1387376622E+0	1.3305832475E+1	3.8695514312E-4
3.1391115150E+0	1.1563965630E+1	3.6074954110E-4
3.1394591592E+0	9.9440266441E+0	3.3453791144E-4
3.1397805890E+0	8.4461033466E+0	3.0832069259E-4
3.1400757989E+0	7.0702696775E+0	2.8209832342E-4
3.1403447841E+0	5.8165870766E+0	2.5587124334E-4
3.1405875400E+0	4.6851059157E+0	2.2963989267E-4
3.1408040626E+0	3.6758669207E+0	2.0340471372E-4
3.1409943483E+0	2.7889025285E+0	1.7716615272E-4
3.1411583939E+0	2.0242381347E+0	1.5092466531E-4
3.1412961968E+0	1.3818931752E+0	1.2468073282E-4
3.1414077547E+0	8.6188191859E-1	9.8434919423E-5
3.1414930663E+0	4.6421349100E-1	7.2188137769E-5
3.1415521316E+0	1.8888807151E-1	4.5943520243E-5
3.1415849628E+0	3.5849472685E-2	1.9736940383E-5