# Differential cross section		
# Author: P. Swaczyna	Princeton University	(swaczyna@princeton.edu)
# Date: 	Wed 17 Feb 2021 07:10:24	
# 		
# Indistinguishable particle collision: He^0 + He^+ -> He^0 + He^+		
# 		
# Red. mass: 	1.8640723202E+9	 eV/c^2
# CM energy: 	1.2589254118E+2	 eV
# Rel speed: 	1.1018039423E+7	 cm/s
# Tot sigma: 	1.6847493998E+2	 a.u.
# Int sigma: 	1.6847470866E+2	 a.u.
# 		
# Columns:		
# the <- scattering angle (rad)		
# dcs <- dsigma/dOmega*2*pi*sin(the) (a.u. = 2.8002852056E-17 cm^2)		
# wei <- weight for cross section integration (approx. width of angle bin)		
# 		
# the	dcs	wei
7.6907532846E-6	3.3216460041E+2	1.9736940383E-5
4.0521979771E-5	1.7472751644E+3	4.5943520243E-5
9.9587300392E-5	4.2598543732E+3	7.2188137769E-5
1.8489884726E-4	7.7597508085E+3	9.8434919423E-5
2.9645680168E-4	1.2087484262E+4	1.2468073282E-4
4.3425968311E-4	1.7048677696E+4	1.5092466531E-4
5.9830531657E-4	2.2280586458E+4	1.7716615272E-4
7.8859101285E-4	2.7360468012E+4	2.0340471372E-4
1.0051136166E-3	3.1706785335E+4	2.2963989267E-4
1.2478695220E-3	3.4688103557E+4	2.5587124334E-4
1.5168546797E-3	3.5668281766E+4	2.8209832342E-4
1.8120645986E-3	3.4172243136E+4	3.0832069259E-4
2.1334943481E-3	3.0072080103E+4	3.3453791144E-4
2.4811385584E-3	2.3757568350E+4	3.6074954110E-4
2.8549914211E-3	1.6208277048E+4	3.8695514312E-4
3.2550466893E-3	8.8647491809E+3	4.1315427928E-4
3.6812976783E-3	3.2458930431E+3	4.3934651156E-4
4.1337372652E-3	3.8633429417E+2	4.6553140213E-4
4.6123578895E-3	3.2596428827E+2	4.9170851331E-4
5.1171515529E-3	1.9912820323E+3	5.1787740760E-4
5.6481098199E-3	3.6879872157E+3	5.4403764760E-4
6.2052238176E-3	4.0443684589E+3	5.7018879612E-4
6.7884842360E-3	2.8354299146E+3	5.9633041614E-4
7.3978813281E-3	1.0506795770E+3	6.2246207073E-4
8.0334049101E-3	4.4140378906E+1	6.4858332323E-4
8.6950443616E-3	3.8234520089E+2	6.7469373705E-4
9.3827886258E-3	1.3868993732E+3	7.0079287589E-4
1.0096626210E-2	1.8420089079E+3	7.2688030358E-4
1.0836545184E-2	1.2381840837E+3	7.5295558414E-4
1.1602533184E-2	2.9985731964E+2	7.7901828182E-4
1.2394577408E-2	1.8617852693E+2	8.0506796108E-4
1.3212664621E-2	1.1657234534E+3	8.3110418659E-4
1.4056781152E-2	2.2403029453E+3	8.5712652325E-4
1.4926912893E-2	2.2275501312E+3	8.8313453619E-4
1.5823045305E-2	1.1240177435E+3	9.0912779076E-4
1.6745163410E-2	1.4205574446E+2	9.3510585261E-4
1.7693251801E-2	3.1882425378E+2	9.6106828758E-4
1.8667294632E-2	1.3255900622E+3	9.8701466182E-4
1.9667275626E-2	1.9107337763E+3	1.0129445417E-3
2.0693178073E-2	1.4098423996E+3	1.0388574939E-3
2.1744984827E-2	4.4897057228E+2	1.0647530855E-3
2.2822678313E-2	4.5120751828E+1	1.0906308836E-3
2.3926240519E-2	3.6061554805E+2	1.1164904558E-3
2.5055653005E-2	6.9098532561E+2	1.1423313699E-3
2.6210896896E-2	5.2063264551E+2	1.1681531941E-3
2.7391952886E-2	1.2745644809E+2	1.1939554970E-3
2.8598801239E-2	3.4152623776E+1	1.2197378472E-3
2.9831421786E-2	2.4980950930E+2	1.2454998140E-3
3.1089793929E-2	3.6669985462E+2	1.2712409668E-3
3.2373896638E-2	2.1376630990E+2	1.2969608754E-3
3.3683708455E-2	4.7659464387E+1	1.3226591101E-3
3.5019207490E-2	1.0309272815E+2	1.3483352414E-3
3.6380371427E-2	2.6492642059E+2	1.3739888402E-3
3.7767177517E-2	2.9836290217E+2	1.3996194778E-3
3.9179602586E-2	1.9108635688E+2	1.4252267258E-3
4.0617623030E-2	1.0605470316E+2	1.4508101565E-3
4.2081214817E-2	1.1425361208E+2	1.4763693421E-3
4.3570353490E-2	1.3660079395E+2	1.5019038556E-3
4.5085014162E-2	1.0646397299E+2	1.5274132703E-3
4.6625171522E-2	5.4980720903E+1	1.5528971598E-3
4.8190799831E-2	3.1076405156E+1	1.5783550984E-3
4.9781872927E-2	3.0363585395E+1	1.6037866605E-3
5.1398364219E-2	2.8303261904E+1	1.6291914212E-3
5.3040246694E-2	2.5727593774E+1	1.6545689559E-3
5.4707492914E-2	3.5149200290E+1	1.6799188405E-3
5.6400075017E-2	5.3674061373E+1	1.7052406515E-3
5.8117964718E-2	7.0006895187E+1	1.7305339655E-3
5.9861133308E-2	8.1557824085E+1	1.7557983600E-3
6.1629551657E-2	9.1519608691E+1	1.7810334128E-3
6.3423190212E-2	9.8708916277E+1	1.8062387021E-3
6.5242019000E-2	9.9191676635E+1	1.8314138067E-3
6.7086007624E-2	9.2370968033E+1	1.8565583060E-3
6.8955125270E-2	8.0829730073E+1	1.8816717796E-3
7.0849340702E-2	6.6584624137E+1	1.9067538080E-3
7.2768622264E-2	5.0824332295E+1	1.9318039720E-3
7.4712937885E-2	3.5358039231E+1	1.9568218529E-3
7.6682255070E-2	2.2502087091E+1	1.9818070327E-3
7.8676540910E-2	1.3941429940E+1	2.0067590939E-3
8.0695762079E-2	1.0414563859E+1	2.0316776194E-3
8.2739884832E-2	1.1914317510E+1	2.0565621928E-3
8.4808875009E-2	1.7721164873E+1	2.0814123983E-3
8.6902698034E-2	2.6479618375E+1	2.1062278206E-3
8.9021318917E-2	3.6531085384E+1	2.1310080450E-3
9.1164702253E-2	4.6215211532E+1	2.1557526574E-3
9.3332812224E-2	5.4087760112E+1	2.1804612443E-3
9.5525612596E-2	5.8997197473E+1	2.2051333928E-3
9.7743066726E-2	6.0214842440E+1	2.2297686905E-3
9.9985137556E-2	5.7514124785E+1	2.2543667257E-3
1.0225178762E-1	5.1246471320E+1	2.2789270875E-3
1.0454297904E-1	4.2329570132E+1	2.3034493653E-3
1.0685867352E-1	3.2106145155E+1	2.3279331494E-3
1.0919883237E-1	2.2106680294E+1	2.3523780306E-3
1.1156341648E-1	1.3730439547E+1	2.3767836004E-3
1.1395238633E-1	7.9871633557E+0	2.4011494510E-3
1.1636570200E-1	5.3863017001E+0	2.4254751751E-3
1.1880332317E-1	5.9475338687E+0	2.4497603662E-3
1.2126520909E-1	9.3021854024E+0	2.4740046186E-3
1.2375131862E-1	1.4784868238E+1	2.4982075270E-3
1.2626161023E-1	2.1501351397E+1	2.5223686871E-3
1.2879604195E-1	2.8359597962E+1	2.5464876949E-3
1.3135457143E-1	3.4227808868E+1	2.5705641475E-3
1.3393715592E-1	3.8095343126E+1	2.5945976426E-3
1.3654375226E-1	3.9327427500E+1	2.6185877784E-3
1.3917431689E-1	3.7786572932E+1	2.6425341541E-3
1.4182880585E-1	3.3839350442E+1	2.6664363695E-3
1.4450717478E-1	2.8208427765E+1	2.6902940251E-3
1.4720937892E-1	2.1756385747E+1	2.7141067224E-3
1.4993537310E-1	1.5322841661E+1	2.7378740632E-3
1.5268511179E-1	9.6620728016E+0	2.7615956505E-3
1.5545854902E-1	5.4202042933E+0	2.7852710878E-3
1.5825563845E-1	3.1058549822E+0	2.8088999795E-3
1.6107633333E-1	2.9972907200E+0	2.8324819307E-3
1.6392058653E-1	5.0260472123E+0	2.8560165473E-3
1.6678835052E-1	8.7276104857E+0	2.8795034361E-3
1.6967957737E-1	1.3341951464E+1	2.9029422044E-3
1.7259421876E-1	1.8007971030E+1	2.9263324607E-3
1.7553222599E-1	2.1988574389E+1	2.9496738141E-3
1.7849354996E-1	2.4775085457E+1	2.9729658744E-3
1.8147814117E-1	2.6091231961E+1	2.9962082525E-3
1.8448594977E-1	2.5821683266E+1	3.0194005599E-3
1.8751692548E-1	2.3971238532E+1	3.0425424091E-3
1.9057101764E-1	2.0705876441E+1	3.0656334132E-3
1.9364817522E-1	1.6425346852E+1	3.0886731866E-3
1.9674834681E-1	1.1756671485E+1	3.1116613440E-3
1.9987148058E-1	7.4389290569E+0	3.1345975014E-3
2.0301752435E-1	4.1255280816E+0	3.1574812755E-3
2.0618642554E-1	2.2076949047E+0	3.1803122838E-3
2.0937813120E-1	1.7676580888E+0	3.2030901448E-3
2.1259258799E-1	2.6641789530E+0	3.2258144779E-3
2.1582974219E-1	4.6546210614E+0	3.2484849032E-3
2.1908953970E-1	7.4534625836E+0	3.2711010421E-3
2.2237192605E-1	1.0710927660E+1	3.2936625164E-3
2.2567684639E-1	1.3963126875E+1	3.3161689492E-3
2.2900424548E-1	1.6655262250E+1	3.3386199643E-3
2.3235406772E-1	1.8278032411E+1	3.3610151867E-3
2.3572625713E-1	1.8541991268E+1	3.3833542419E-3
2.3912075735E-1	1.7476520391E+1	3.4056367567E-3
2.4253751167E-1	1.5386329028E+1	3.4278623588E-3
2.4597646298E-1	1.2687296743E+1	3.4500306767E-3
2.4943755380E-1	9.7547309970E+0	3.4721413399E-3
2.5292072631E-1	6.8744884777E+0	3.4941939790E-3
2.5642592230E-1	4.2924478468E+0	3.5161882254E-3
2.5995308318E-1	2.2900890603E+0	3.5381237115E-3
2.6350215001E-1	1.1665331547E+0	3.5600000709E-3
2.6707306349E-1	1.1256210692E+0	3.5818169379E-3
2.7066576394E-1	2.1481666721E+0	3.6035739479E-3
2.7428019131E-1	3.9605003766E+0	3.6252707373E-3
2.7791628522E-1	6.1397278744E+0	3.6469069436E-3
2.8157398488E-1	8.2900490884E+0	3.6684822051E-3
2.8525322919E-1	1.0159714406E+1	3.6899961614E-3
2.8895395665E-1	1.1628841702E+1	3.7114484529E-3
2.9267610542E-1	1.2605620531E+1	3.7328387211E-3
2.9641961330E-1	1.2946960082E+1	3.7541666086E-3
3.0018441773E-1	1.2485766492E+1	3.7754317588E-3
3.0397045579E-1	1.1157379313E+1	3.7966338166E-3
3.0777766421E-1	9.1226542933E+0	3.8177724274E-3
3.1160597938E-1	6.7567753328E+0	3.8388472382E-3
3.1545533730E-1	4.5105339278E+0	3.8598578967E-3
3.1932567367E-1	2.7247789237E+0	3.8808040517E-3
3.2321692379E-1	1.5368628208E+0	3.9016853533E-3
3.2712902264E-1	9.2641666110E-1	3.9225014525E-3
3.3106190484E-1	8.4685686544E-1	3.9432520014E-3
3.3501550468E-1	1.3085997795E+0	3.9639366533E-3
3.3898975607E-1	2.3445337873E+0	3.9845550624E-3
3.4298459261E-1	3.8904515205E+0	4.0051068843E-3
3.4699994753E-1	5.6979485928E+0	4.0255917754E-3
3.5103575373E-1	7.3791994500E+0	4.0460093936E-3
3.5509194378E-1	8.5704913020E+0	4.0663593974E-3
3.5916844988E-1	9.0997306552E+0	4.0866414469E-3
3.6326520391E-1	9.0359291863E+0	4.1068552032E-3
3.6738213741E-1	8.5781635731E+0	4.1270003283E-3
3.7151918157E-1	7.8861892812E+0	4.1470764858E-3
3.7567626728E-1	6.9856368799E+0	4.1670833400E-3
3.7985332504E-1	5.8172493130E+0	4.1870205567E-3
3.8405028507E-1	4.3795658840E+0	4.2068878026E-3
3.8826707721E-1	2.8444524474E+0	4.2266847457E-3
3.9250363101E-1	1.5190483139E+0	4.2464110553E-3
3.9675987567E-1	6.9457902376E-1	4.2660664016E-3
4.0103574005E-1	4.8193582422E-1	4.2856504563E-3
4.0533115271E-1	7.7222084995E-1	4.3051628919E-3
4.0964604185E-1	1.3457981063E+0	4.3246033825E-3
4.1398033538E-1	2.0395950315E+0	4.3439716031E-3
4.1833396086E-1	2.8362994873E+0	4.3632672302E-3
4.2270684554E-1	3.8044849060E+0	4.3824899412E-3
4.2709891633E-1	4.9461891725E+0	4.4016394148E-3
4.3151009985E-1	6.0874999669E+0	4.4207153312E-3
4.3594032237E-1	6.9140947450E+0	4.4397173715E-3
4.4038950986E-1	7.1446939060E+0	4.4586452181E-3
4.4485758797E-1	6.7084674618E+0	4.4774985548E-3
4.4934448203E-1	5.7943389613E+0	4.4962770664E-3
4.5385011706E-1	4.7325149407E+0	4.5149804392E-3
4.5837441776E-1	3.7901000050E+0	4.5336083606E-3
4.6291730852E-1	3.0339734328E+0	4.5521605193E-3
4.6747871344E-1	2.3613165658E+0	4.5706366053E-3
4.7205855627E-1	1.6542302348E+0	4.5890363098E-3
4.7665676049E-1	9.3479559988E-1	4.6073593254E-3
4.8127324926E-1	3.8990683999E-1	4.6256053458E-3
4.8590794542E-1	2.4463752501E-1	4.6437740661E-3
4.9056077152E-1	5.8667017842E-1	4.6618651826E-3
4.9523164982E-1	1.2810577710E+0	4.6798783932E-3
4.9992050224E-1	2.0478458474E+0	4.6978133967E-3
5.0462725044E-1	2.6471570403E+0	4.7156698934E-3
5.0935181576E-1	3.0310160413E+0	4.7334475849E-3
5.1409411924E-1	3.3444672630E+0	4.7511461741E-3
5.1885408164E-1	3.7757953302E+0	4.7687653653E-3
5.2363162341E-1	4.3704989547E+0	4.7863048641E-3
5.2842666471E-1	4.9501047529E+0	4.8037643772E-3
5.3323912540E-1	5.2117697031E+0	4.8211436130E-3
5.3806892508E-1	4.9284217649E+0	4.8384422809E-3
5.4291598301E-1	4.1170591592E+0	4.8556600920E-3
5.4778021821E-1	3.0444109736E+0	4.8727967585E-3
5.5266154939E-1	2.0652018872E+0	4.8898519940E-3
5.5755989496E-1	1.4140258429E+0	4.9068255135E-3
5.6247517308E-1	1.0872936616E+0	4.9237170334E-3
5.6740730160E-1	9.0261445748E-1	4.9405262713E-3
5.7235619810E-1	6.7543016062E-1	4.9572529464E-3
5.7732177988E-1	3.8121534727E-1	4.9738967791E-3
5.8230396395E-1	1.8030011260E-1	4.9904574913E-3
5.8730266706E-1	2.8875037478E-1	5.0069348063E-3
5.9231780568E-1	7.9494554704E-1	5.0233284486E-3
5.9734929598E-1	1.5615646198E+0	5.0396381444E-3
6.0239705389E-1	2.2909379787E+0	5.0558636210E-3
6.0746099506E-1	2.7120922391E+0	5.0720046074E-3
6.1254103485E-1	2.7570972397E+0	5.0880608338E-3
6.1763708838E-1	2.6011393426E+0	5.1040320318E-3
6.2274907048E-1	2.5345224408E+0	5.1199179345E-3
6.2787689573E-1	2.7505706056E+0	5.1357182766E-3
6.3302047843E-1	3.2020576494E+0	5.1514327939E-3
6.3817973262E-1	3.6186658312E+0	5.1670612238E-3
6.4335457209E-1	3.6819329174E+0	5.1826033052E-3
6.4854491036E-1	3.2356907556E+0	5.1980587783E-3
6.5375066070E-1	2.3927580158E+0	5.2134273849E-3
6.5897173609E-1	1.4689223042E+0	5.2287088681E-3
6.6420804930E-1	7.8856055189E-1	5.2439029725E-3
6.6945951283E-1	4.9729180406E-1	5.2590094442E-3
6.7472603890E-1	4.9979709500E-1	5.2740280309E-3
6.8000753951E-1	5.6049532250E-1	5.2889584814E-3
6.8530392640E-1	4.8846217939E-1	5.3038005463E-3
6.9061511106E-1	2.7774339638E-1	5.3185539776E-3
6.9594100473E-1	1.0725026736E-1	5.3332185287E-3
7.0128151841E-1	2.0307851500E-1	5.3477939546E-3
7.0663656285E-1	6.6132406611E-1	5.3622800116E-3
7.1200604856E-1	1.3559257412E+0	5.3766764577E-3
7.1738988581E-1	1.9980641461E+0	5.3909830523E-3
7.2278798463E-1	2.3112884410E+0	5.4051995564E-3
7.2820025482E-1	2.2075736297E+0	5.4193257323E-3
7.3362660591E-1	1.8469350831E+0	5.4333613439E-3
7.3906694724E-1	1.5406556217E+0	5.4473061568E-3
7.4452118788E-1	1.5558818436E+0	5.4611599379E-3
7.4998923669E-1	1.9443549547E+0	5.4749224557E-3
7.5547100229E-1	2.5052976837E+0	5.4885934801E-3
7.6096639308E-1	2.9026752921E+0	5.5021727828E-3
7.6647531721E-1	2.8661676694E+0	5.5156601367E-3
7.7199768263E-1	2.3493263839E+0	5.5290553166E-3
7.7753339704E-1	1.5535690762E+0	5.5423580985E-3
7.8308236795E-1	8.0511869554E-1	5.5555682601E-3
7.8864450262E-1	3.6695702491E-1	5.5686855808E-3
7.9421970809E-1	2.9946995170E-1	5.5817098412E-3
7.9980789121E-1	4.5277394837E-1	5.5946408237E-3
8.0540895857E-1	5.8548773948E-1	5.6074783123E-3
8.1102281659E-1	5.2959339697E-1	5.6202220924E-3
8.1664937145E-1	2.9664353406E-1	5.6328719509E-3
8.2228852912E-1	6.0549590967E-2	5.6454276767E-3
8.2794019536E-1	3.3187384376E-2	5.6578890597E-3
8.3360427572E-1	3.1561977216E-1	5.6702558918E-3
8.3928067556E-1	8.2081134473E-1	5.6825279663E-3
8.4496930000E-1	1.3172241304E+0	5.6947050782E-3
8.5067005399E-1	1.5665030435E+0	5.7067870238E-3
8.5638284226E-1	1.4700515144E+0	5.7187736014E-3
8.6210756934E-1	1.1340959483E+0	5.7306646105E-3
8.6784413956E-1	8.1252040868E-1	5.7424598526E-3
8.7359245705E-1	7.5976582159E-1	5.7541591304E-3
8.7935242576E-1	1.0802259655E+0	5.7657622485E-3
8.8512394943E-1	1.6628911798E+0	5.7772690129E-3
8.9090693161E-1	2.2366489948E+0	5.7886792314E-3
8.9670127565E-1	2.5161210916E+0	5.7999927133E-3
9.0250688473E-1	2.3544295210E+0	5.8112092696E-3
9.0832366182E-1	1.8161591252E+0	5.8223287127E-3
9.1415150972E-1	1.1370680128E+0	5.8333508568E-3
9.1999033104E-1	5.9408489343E-1	5.8442755178E-3
9.2584002820E-1	3.6210057383E-1	5.8551025132E-3
9.3170050345E-1	4.3686071454E-1	5.8658316618E-3
9.3757165885E-1	6.5848529142E-1	5.8764627846E-3
9.4345339628E-1	8.1748869982E-1	5.8869957037E-3
9.4934561746E-1	7.7644963842E-1	5.8974302433E-3
9.5524822392E-1	5.3987984377E-1	5.9077662288E-3
9.6116111701E-1	2.3619230138E-1	5.9180034877E-3
9.6708419793E-1	3.1143422699E-2	5.9281418487E-3
9.7301736769E-1	2.6002342643E-2	5.9381811425E-3
9.7896052713E-1	2.0096751264E-1	5.9481212013E-3
9.8491357695E-1	4.3412951169E-1	5.9579618591E-3
9.9087641766E-1	5.8025602207E-1	5.9677029512E-3
9.9684894961E-1	5.6047935427E-1	5.9773443150E-3
1.0028310730E+0	4.0986034663E-1	5.9868857894E-3
1.0088226878E+0	2.5613870102E-1	5.9963272149E-3
1.0148236940E+0	2.4356687862E-1	6.0056684336E-3
1.0208339913E+0	4.4675343961E-1	6.0149092896E-3
1.0268534791E+0	8.2381031030E-1	6.0240496283E-3
1.0328820570E+0	1.2346274208E+0	6.0330892971E-3
1.0389196241E+0	1.5131176733E+0	6.0420281448E-3
1.0449660796E+0	1.5528836702E+0	6.0508660221E-3
1.0510213224E+0	1.3599071674E+0	6.0596027814E-3
1.0570852514E+0	1.0454006350E+0	6.0682382765E-3
1.0631577652E+0	7.6491379627E-1	6.0767723631E-3
1.0692387623E+0	6.3830136965E-1	6.0852048988E-3
1.0753281411E+0	6.9373935808E-1	6.0935357425E-3
1.0814257998E+0	8.6247143137E-1	6.1017647550E-3
1.0875316366E+0	1.0228398376E+0	6.1098917988E-3
1.0936455494E+0	1.0678370718E+0	6.1179167381E-3
1.0997674360E+0	9.5750716209E-1	6.1258394388E-3
1.1058971941E+0	7.3129991418E-1	6.1336597685E-3
1.1120347214E+0	4.7810043153E-1	6.1413775965E-3
1.1181799151E+0	2.8435716142E-1	6.1489927938E-3
1.1243326727E+0	1.9085199049E-1	6.1565052331E-3
1.1304928913E+0	1.7982353989E-1	6.1639147890E-3
1.1366604679E+0	1.9680899035E-1	6.1712213376E-3
1.1428352996E+0	1.8940034922E-1	6.1784247568E-3
1.1490172830E+0	1.3920837978E-1	6.1855249261E-3
1.1552063150E+0	6.8779876823E-2	6.1925217271E-3
1.1614022920E+0	2.1197728573E-2	6.1994150427E-3
1.1676051105E+0	2.8003144638E-2	6.2062047577E-3
1.1738146669E+0	8.6212529353E-2	6.2128907587E-3
1.1800308574E+0	1.5963529956E-1	6.2194729339E-3
1.1862535782E+0	2.0322712570E-1	6.2259511734E-3
1.1924827251E+0	1.9535848526E-1	6.2323253688E-3
1.1987181942E+0	1.5673310666E-1	6.2385954138E-3
1.2049598812E+0	1.4213450254E-1	6.2447612034E-3
1.2112076818E+0	2.0842519105E-1	6.2508226346E-3
1.2174614916E+0	3.7592912749E-1	6.2567796062E-3
1.2237212062E+0	6.0692738612E-1	6.2626320186E-3
1.2299867208E+0	8.1654026252E-1	6.2683797740E-3
1.2362579308E+0	9.1307579794E-1	6.2740227763E-3
1.2425347314E+0	8.4817627134E-1	6.2795609313E-3
1.2488170177E+0	6.4965298463E-1	6.2849941464E-3
1.2551046847E+0	4.1684824345E-1	6.2903223308E-3
1.2613976273E+0	2.7731483618E-1	6.2955453954E-3
1.2676957404E+0	3.2443863256E-1	6.3006632530E-3
1.2739989187E+0	5.6701778322E-1	6.3056758180E-3
1.2803070569E+0	9.1752809892E-1	6.3105830068E-3
1.2866200496E+0	1.2274573699E+0	6.3153847371E-3
1.2929377912E+0	1.3546156296E+0	6.3200809290E-3
1.2992601762E+0	1.2306488132E+0	6.3246715037E-3
1.3055870990E+0	8.9577804700E-1	6.3291563847E-3
1.3119184537E+0	4.8305251795E-1	6.3335354970E-3
1.3182541347E+0	1.5876680613E-1	6.3378087674E-3
1.3245940360E+0	4.7068525163E-2	6.3419761245E-3
1.3309380516E+0	1.7455825031E-1	6.3460374987E-3
1.3372860756E+0	4.6098796293E-1	6.3499928220E-3
1.3436380019E+0	7.5974017061E-1	6.3538420284E-3
1.3499937243E+0	9.2781179974E-1	6.3575850535E-3
1.3563531366E+0	8.9128492455E-1	6.3612218349E-3
1.3627161325E+0	6.7529400945E-1	6.3647523117E-3
1.3690826057E+0	3.8558823980E-1	6.3681764249E-3
1.3754524499E+0	1.5270878666E-1	6.3714941173E-3
1.3818255585E+0	6.7605701191E-2	6.3747053335E-3
1.3882018250E+0	1.4061686440E-1	6.3778100198E-3
1.3945811430E+0	3.0293109820E-1	6.3808081243E-3
1.4009634057E+0	4.4777788441E-1	6.3836995970E-3
1.4073485066E+0	4.8880054730E-1	6.3864843894E-3
1.4137363389E+0	4.0516143300E-1	6.3891624551E-3
1.4201267959E+0	2.5054720324E-1	6.3917337493E-3
1.4265197708E+0	1.2226549786E-1	6.3941982290E-3
1.4329151568E+0	1.0724625238E-1	6.3965558531E-3
1.4393128469E+0	2.3349580158E-1	6.3988065821E-3
1.4457127343E+0	4.5246159493E-1	6.4009503785E-3
1.4521147120E+0	6.6163205416E-1	6.4029872063E-3
1.4585186731E+0	7.5601980777E-1	6.4049170317E-3
1.4649245104E+0	6.8238518922E-1	6.4067398222E-3
1.4713321170E+0	4.6849223203E-1	6.4084555476E-3
1.4777413858E+0	2.1217692393E-1	6.4100641790E-3
1.4841522097E+0	3.5245691564E-2	6.4115656896E-3
1.4905644815E+0	2.4828506958E-2	6.4129600544E-3
1.4969780940E+0	1.9109050761E-1	6.4142472499E-3
1.5033929402E+0	4.6216643820E-1	6.4154272548E-3
1.5098089128E+0	7.1862946342E-1	6.4165000493E-3
1.5162259046E+0	8.5028469782E-1	6.4174656154E-3
1.5226438083E+0	8.0749333409E-1	6.4183239370E-3
1.5290625167E+0	6.2220590446E-1	6.4190749998E-3
1.5354819225E+0	3.8904493548E-1	6.4197187912E-3
1.5419019185E+0	2.1693028314E-1	6.4202553005E-3
1.5483223974E+0	1.7598484706E-1	6.4206845187E-3
1.5547432518E+0	2.6578793855E-1	6.4210064386E-3
1.5611643745E+0	4.2005796810E-1	6.4212210549E-3
1.5675856581E+0	5.4445811208E-1	6.4213283639E-3
1.5740069954E+0	5.6716518182E-1	6.4213283639E-3
1.5804282791E+0	4.7592697425E-1	6.4212210549E-3
1.5868494018E+0	3.2307911037E-1	6.4210064386E-3
1.5932702562E+0	1.9637052502E-1	6.4206845187E-3
1.5996907351E+0	1.7101420539E-1	6.4202553005E-3
1.6061107310E+0	2.6833533979E-1	6.4197187912E-3
1.6125301369E+0	4.4264998188E-1	6.4190749998E-3
1.6189488453E+0	6.0325870141E-1	6.4183239370E-3
1.6253667490E+0	6.6080058380E-1	6.4174656154E-3
1.6317837408E+0	5.7445692579E-1	6.4165000493E-3
1.6381997134E+0	3.7535011890E-1	6.4154272548E-3
1.6446145595E+0	1.5373916727E-1	6.4142472499E-3
1.6510281721E+0	1.6150513613E-2	6.4129600544E-3
1.6574404439E+0	3.3409859833E-2	6.4115656896E-3
1.6638512678E+0	2.0532452727E-1	6.4100641790E-3
1.6702605366E+0	4.5998147108E-1	6.4084555476E-3
1.6766681432E+0	6.8813602797E-1	6.4067398222E-3
1.6830739805E+0	7.9542394334E-1	6.4049170317E-3
1.6894779416E+0	7.4667869529E-1	6.4029872063E-3
1.6958799193E+0	5.8078802664E-1	6.4009503785E-3
1.7022798067E+0	3.8908436446E-1	6.3988065821E-3
1.7086774968E+0	2.6862736356E-1	6.3965558531E-3
1.7150728827E+0	2.7439092730E-1	6.3941982290E-3
1.7214658576E+0	3.9434487155E-1	6.3917337493E-3
1.7278563146E+0	5.5917264681E-1	6.3891624551E-3
1.7342441470E+0	6.8062297734E-1	6.3864843894E-3
1.7406292478E+0	6.9810994199E-1	6.3836995970E-3
1.7470115106E+0	6.0927120764E-1	6.3808081243E-3
1.7533908286E+0	4.6886559725E-1	6.3778100198E-3
1.7597670951E+0	3.5723456812E-1	6.3747053335E-3
1.7661402037E+0	3.3561369915E-1	6.3714941173E-3
1.7725100479E+0	4.1234594518E-1	6.3681764249E-3
1.7788765211E+0	5.3807523896E-1	6.3647523117E-3
1.7852395170E+0	6.3245953285E-1	6.3612218349E-3
1.7915989293E+0	6.2805205142E-1	6.3575850535E-3
1.7979546517E+0	5.0771886560E-1	6.3538420284E-3
1.8043065780E+0	3.1523751090E-1	6.3499928220E-3
1.8106546020E+0	1.3301660759E-1	6.3460374987E-3
1.8169986176E+0	3.8618091612E-2	6.3419761245E-3
1.8233385189E+0	6.3449107235E-2	6.3378087674E-3
1.8296741999E+0	1.7620856529E-1	6.3335354970E-3
1.8360055546E+0	3.0056323118E-1	6.3291563847E-3
1.8423324774E+0	3.5791859435E-1	6.3246715037E-3
1.8486548624E+0	3.1206330727E-1	6.3200809290E-3
1.8549726040E+0	1.9072542361E-1	6.3153847371E-3
1.8612855967E+0	7.1089968387E-2	6.3105830068E-3
1.8675937349E+0	3.6007254904E-2	6.3056758180E-3
1.8738969132E+0	1.2442940652E-1	6.3006632530E-3
1.8801950263E+0	3.0418551223E-1	6.2955453954E-3
1.8864879689E+0	4.8434368733E-1	6.2903223308E-3
1.8927756359E+0	5.6325041739E-1	6.2849941464E-3
1.8990579222E+0	4.8795692130E-1	6.2795609313E-3
1.9053347228E+0	2.9235982971E-1	6.2740227763E-3
1.9116059328E+0	9.0439567713E-2	6.2683797740E-3
1.9178714474E+0	2.3741474516E-2	6.2626320186E-3
1.9241311620E+0	1.8721415094E-1	6.2567796062E-3
1.9303849718E+0	5.7128552508E-1	6.2508226346E-3
1.9366327724E+0	1.0527226979E+0	6.2447612034E-3
1.9428744594E+0	1.4438497480E+0	6.2385954138E-3
1.9491099285E+0	1.5793662128E+0	6.2323253688E-3
1.9553390754E+0	1.3990357315E+0	6.2259511734E-3
1.9615617961E+0	9.8472915021E-1	6.2194729339E-3
1.9677779867E+0	5.2945186752E-1	6.2128907587E-3
1.9739875431E+0	2.4998012751E-1	6.2062047577E-3
1.9801903616E+0	2.8515026996E-1	6.1994150427E-3
1.9863863386E+0	6.2768735010E-1	6.1925217271E-3
1.9925753706E+0	1.1254275944E+0	6.1855249261E-3
1.9987573540E+0	1.5512678328E+0	6.1784247568E-3
2.0049321857E+0	1.7103561907E+0	6.1712213376E-3
2.0110997623E+0	1.5295985454E+0	6.1639147890E-3
2.0172599809E+0	1.0887955235E+0	6.1565052331E-3
2.0234127385E+0	5.7639491668E-1	6.1489927938E-3
2.0295579322E+0	1.9548516932E-1	6.1413775965E-3
2.0356954595E+0	6.6756028456E-2	6.1336597685E-3
2.0418252176E+0	1.7776201714E-1	6.1258394388E-3
2.0479471042E+0	4.0204303406E-1	6.1179167381E-3
2.0540610170E+0	5.7471869026E-1	6.1098917988E-3
2.0601668538E+0	5.8301398428E-1	6.1017647550E-3
2.0662645125E+0	4.2276211392E-1	6.0935357425E-3
2.0723538913E+0	1.9257497293E-1	6.0852048988E-3
2.0784348884E+0	3.1254502681E-2	6.0767723631E-3
2.0845074022E+0	3.5251806210E-2	6.0682382765E-3
2.0905713312E+0	2.0335850999E-1	6.0596027814E-3
2.0966265740E+0	4.3918895045E-1	6.0508660221E-3
2.1026730295E+0	6.0954093485E-1	6.0420281448E-3
2.1087105966E+0	6.2488317225E-1	6.0330892971E-3
2.1147391745E+0	4.9532247366E-1	6.0240496283E-3
2.1207586623E+0	3.2919606135E-1	6.0149092896E-3
2.1267689596E+0	2.7387613163E-1	6.0056684336E-3
2.1327699657E+0	4.3128166962E-1	5.9963272149E-3
2.1387615806E+0	7.9555196688E-1	5.9868857894E-3
2.1447437040E+0	1.2486609645E+0	5.9773443150E-3
2.1507162359E+0	1.6177255331E+0	5.9677029512E-3
2.1566790766E+0	1.7633316830E+0	5.9579618591E-3
2.1626321265E+0	1.6507248114E+0	5.9481212013E-3
2.1685752859E+0	1.3651663556E+0	5.9381811425E-3
2.1745084557E+0	1.0637031540E+0	5.9281418487E-3
2.1804315366E+0	8.9056822036E-1	5.9180034877E-3
2.1863444297E+0	9.0317929906E-1	5.9077662288E-3
2.1922470361E+0	1.0487180420E+0	5.8974302433E-3
2.1981392573E+0	1.2010895146E+0	5.8869957037E-3
2.2040209947E+0	1.2351712701E+0	5.8764627846E-3
2.2098921501E+0	1.0954418561E+0	5.8658316618E-3
2.2157526254E+0	8.1992734264E-1	5.8551025132E-3
2.2216023226E+0	5.1118222956E-1	5.8442755178E-3
2.2274411439E+0	2.7379504924E-1	5.8333508568E-3
2.2332689918E+0	1.5844311479E-1	5.8223287127E-3
2.2390857689E+0	1.4420847621E-1	5.8112092696E-3
2.2448913779E+0	1.6676150024E-1	5.7999927133E-3
2.2506857220E+0	1.6992357237E-1	5.7886792314E-3
2.2564687042E+0	1.4609667674E-1	5.7772690129E-3
2.2622402278E+0	1.3911957723E-1	5.7657622485E-3
2.2680001965E+0	2.1004496446E-1	5.7541591304E-3
2.2737485140E+0	3.8986112007E-1	5.7424598526E-3
2.2794850843E+0	6.5295143580E-1	5.7306646105E-3
2.2852098113E+0	9.2946086465E-1	5.7187736014E-3
2.2909225996E+0	1.1489000280E+0	5.7067870238E-3
2.2966233536E+0	1.2853823678E+0	5.6947050782E-3
2.3023119780E+0	1.3726227801E+0	5.6825279663E-3
2.3079883779E+0	1.4770780326E+0	5.6702558918E-3
2.3136524582E+0	1.6462001666E+0	5.6578890597E-3
2.3193041245E+0	1.8667656133E+0	5.6454276767E-3
2.3249432821E+0	2.0631329971E+0	5.6328719509E-3
2.3305698370E+0	2.1393747956E+0	5.6202220924E-3
2.3361836950E+0	2.0393123201E+0	5.6074783123E-3
2.3417847624E+0	1.7848821534E+0	5.5946408237E-3
2.3473729455E+0	1.4658644265E+0	5.5817098412E-3
2.3529481510E+0	1.1861341223E+0	5.5686855808E-3
2.3585102856E+0	1.0016965372E+0	5.5555682601E-3
2.3640592565E+0	8.9147276604E-1	5.5423580985E-3
2.3695949710E+0	7.8208690828E-1	5.5290553166E-3
2.3751173364E+0	6.1014728572E-1	5.5156601367E-3
2.3806262605E+0	3.7808579930E-1	5.5021727828E-3
2.3861216513E+0	1.6371189829E-1	5.4885934801E-3
2.3916034169E+0	7.2941076222E-2	5.4749224557E-3
2.3970714657E+0	1.6679464213E-1	5.4611599379E-3
2.4025257064E+0	4.1469517380E-1	5.4473061568E-3
2.4079660477E+0	7.1020847705E-1	5.4333613439E-3
2.4133923988E+0	9.4331945506E-1	5.4193257323E-3
2.4188046690E+0	1.0808318148E+0	5.4051995564E-3
2.4242027678E+0	1.1965144286E+0	5.3909830523E-3
2.4295866050E+0	1.4220906013E+0	5.3766764577E-3
2.4349560907E+0	1.8464294086E+0	5.3622800116E-3
2.4403111352E+0	2.4297997687E+0	5.3477939546E-3
2.4456516489E+0	2.9970637546E+0	5.3332185287E-3
2.4509775425E+0	3.3247614310E+0	5.3185539776E-3
2.4562887272E+0	3.2723936651E+0	5.3038005463E-3
2.4615851141E+0	2.8729074858E+0	5.2889584814E-3
2.4668666147E+0	2.3184858815E+0	5.2740280309E-3
2.4721331408E+0	1.8450960784E+0	5.2590094442E-3
2.4773846043E+0	1.5889664911E+0	5.2439029725E-3
2.4826209175E+0	1.5104886001E+0	5.2287088681E-3
2.4878419929E+0	1.4386989153E+0	5.2134273849E-3
2.4930477432E+0	1.2085230534E+0	5.1980587783E-3
2.4982380815E+0	7.9429595670E-1	5.1826033052E-3
2.5034129210E+0	3.4478015777E-1	5.1670612238E-3
2.5085721752E+0	8.9461524825E-2	5.1514327939E-3
2.5137157579E+0	1.8034510032E-1	5.1357182766E-3
2.5188435831E+0	5.8132687458E-1	5.1199179345E-3
2.5239555652E+0	1.0899494338E+0	5.1040320318E-3
2.5290516187E+0	1.4823095040E+0	5.0880608338E-3
2.5341316585E+0	1.6791217433E+0	5.0720046074E-3
2.5391955997E+0	1.8093162981E+0	5.0558636210E-3
2.5442433576E+0	2.1146359603E+0	5.0396381444E-3
2.5492748479E+0	2.7538039502E+0	5.0233284486E-3
2.5542899865E+0	3.6456759455E+0	5.0069348063E-3
2.5592886896E+0	4.4725950846E+0	4.9904574913E-3
2.5642708737E+0	4.8572102909E+0	4.9738967791E-3
2.5692364555E+0	4.6002754121E+0	4.9572529464E-3
2.5741853520E+0	3.8151509794E+0	4.9405262713E-3
2.5791174805E+0	2.8597855081E+0	4.9237170334E-3
2.5840327586E+0	2.1077021155E+0	4.9068255135E-3
2.5889311042E+0	1.7171559062E+0	4.8898519940E-3
2.5938124354E+0	1.5618492657E+0	4.8727967585E-3
2.5986766706E+0	1.3710726583E+0	4.8556600920E-3
2.6035237285E+0	9.7482049304E-1	4.8384422809E-3
2.6083535282E+0	4.6580670529E-1	4.8211436130E-3
2.6131659889E+0	1.5275815662E-1	4.8037643772E-3
2.6179610302E+0	3.3236943117E-1	4.7863048641E-3
2.6227385719E+0	1.0522533455E+0	4.7687653653E-3
2.6274985343E+0	2.0499763527E+0	4.7511461741E-3
2.6322408378E+0	2.9252663020E+0	4.7334475849E-3
2.6369654032E+0	3.4241550117E+0	4.7156698934E-3
2.6416721513E+0	3.6187146090E+0	4.6978133967E-3
2.6463610038E+0	3.8361200061E+0	4.6798783932E-3
2.6510318821E+0	4.3795119729E+0	4.6618651826E-3
2.6556847082E+0	5.2476811831E+0	4.6437740661E-3
2.6603194043E+0	6.0744158198E+0	4.6256053458E-3
2.6649358931E+0	6.3507485414E+0	4.6073593254E-3
2.6695340973E+0	5.7780796577E+0	4.5890363098E-3
2.6741139402E+0	4.4928726266E+0	4.5706366053E-3
2.6786753451E+0	2.9921302518E+0	4.5521605193E-3
2.6832182358E+0	1.8094106072E+0	4.5336083606E-3
2.6877425365E+0	1.1838573158E+0	4.5149804392E-3
2.6922481716E+0	9.6907894941E-1	4.4962770664E-3
2.6967350656E+0	8.4324242134E-1	4.4774985548E-3
2.7012031437E+0	6.4334735375E-1	4.4586452181E-3
2.7056523312E+0	5.4669892057E-1	4.4397173715E-3
2.7100825537E+0	9.4241937248E-1	4.4207153312E-3
2.7144937373E+0	2.0867810545E+0	4.4016394148E-3
2.7188858081E+0	3.8224826479E+0	4.3824899412E-3
2.7232586927E+0	5.6021825120E+0	4.3632672302E-3
2.7276123182E+0	6.8231289462E+0	4.3439716031E-3
2.7319466117E+0	7.2249176422E+0	4.3246033825E-3
2.7362615009E+0	7.0394555074E+0	4.3051628919E-3
2.7405569135E+0	6.7685468015E+0	4.2856504563E-3
2.7448327779E+0	6.7586430058E+0	4.2660664016E-3
2.7490890226E+0	6.9102834729E+0	4.2464110553E-3
2.7533255764E+0	6.7593182650E+0	4.2266847457E-3
2.7575423685E+0	5.8737518168E+0	4.2068878026E-3
2.7617393285E+0	4.2518738168E+0	4.1870205567E-3
2.7659163863E+0	2.3974593781E+0	4.1670833400E-3
2.7700734720E+0	1.0057237493E+0	4.1470764858E-3
2.7742105162E+0	5.0401092368E-1	4.1270003283E-3
2.7783274497E+0	8.1200700207E-1	4.1068552032E-3
2.7824242037E+0	1.5057141497E+0	4.0866414469E-3
2.7865007098E+0	2.2370496089E+0	4.0663593974E-3
2.7905568999E+0	3.0450859614E+0	4.0460093936E-3
2.7945927061E+0	4.2861476609E+0	4.0255917754E-3
2.7986080610E+0	6.2308699285E+0	4.0051068843E-3
2.8026028975E+0	8.6707641029E+0	3.9845550624E-3
2.8065771489E+0	1.0888654525E+1	3.9639366533E-3
2.8105307487E+0	1.2058220528E+1	3.9432520014E-3
2.8144636309E+0	1.1780680006E+1	3.9225014525E-3
2.8183757298E+0	1.0338648706E+1	3.9016853533E-3
2.8222669799E+0	8.4651888132E+0	3.8808040517E-3
2.8261373163E+0	6.8117909201E+0	3.8598578967E-3
2.8299866742E+0	5.5439356037E+0	3.8388472382E-3
2.8338149894E+0	4.3822625062E+0	3.8177724274E-3
2.8376221978E+0	3.0310138120E+0	3.7966338166E-3
2.8414082359E+0	1.6088997001E+0	3.7754317588E-3
2.8451730403E+0	6.9771230665E-1	3.7541666086E-3
2.8489165482E+0	9.4467101536E-1	3.7328387211E-3
2.8526386969E+0	2.5460201826E+0	3.7114484529E-3
2.8563394244E+0	5.0475179756E+0	3.6899961614E-3
2.8600186687E+0	7.6421021032E+0	3.6684822051E-3
2.8636763684E+0	9.7249450838E+0	3.6469069436E-3
2.8673124623E+0	1.1246389812E+1	3.6252707373E-3
2.8709268897E+0	1.2571383932E+1	3.6035739479E-3
2.8745195901E+0	1.3974197927E+1	3.5818169379E-3
2.8780905036E+0	1.5216195550E+1	3.5600000709E-3
2.8816395704E+0	1.5595066458E+1	3.5381237115E-3
2.8851667313E+0	1.4454403795E+1	3.5161882254E-3
2.8886719273E+0	1.1752622137E+1	3.4941939790E-3
2.8921550998E+0	8.2138399524E+0	3.4721413399E-3
2.8956161906E+0	4.9302624640E+0	3.4500306767E-3
2.8990551419E+0	2.7234977157E+0	3.4278623588E-3
2.9024718962E+0	1.7680140429E+0	3.4056367567E-3
2.9058663965E+0	1.7496741083E+0	3.3833542419E-3
2.9092385859E+0	2.3707899449E+0	3.3610151867E-3
2.9125884081E+0	3.7282086025E+0	3.3386199643E-3
2.9159158072E+0	6.2115119468E+0	3.3161689492E-3
2.9192207275E+0	1.0000933182E+1	3.2936625164E-3
2.9225031139E+0	1.4613965849E+1	3.2711010421E-3
2.9257629114E+0	1.8934050573E+1	3.2484849032E-3
2.9290000656E+0	2.1760386365E+1	3.2258144779E-3
2.9322145224E+0	2.2476075797E+1	3.2030901448E-3
2.9354062280E+0	2.1325554623E+1	3.1803122838E-3
2.9385751292E+0	1.9097074535E+1	3.1574812755E-3
2.9417211730E+0	1.6497704006E+1	3.1345975014E-3
2.9448443068E+0	1.3738047528E+1	3.1116613440E-3
2.9479444784E+0	1.0656931290E+1	3.0886731866E-3
2.9510216360E+0	7.2341287958E+0	3.0656334132E-3
2.9540757281E+0	4.0116671856E+0	3.0425424091E-3
2.9571067038E+0	2.0119398499E+0	3.0194005599E-3
2.9601145124E+0	2.1736227656E+0	2.9962082525E-3
2.9630991036E+0	4.7402875431E+0	2.9729658744E-3
2.9660604276E+0	9.0887384040E+0	2.9496738141E-3
2.9689984348E+0	1.4130418331E+1	2.9263324607E-3
2.9719130762E+0	1.8955311590E+1	2.9029422044E-3
2.9748043031E+0	2.3206118045E+1	2.8795034361E-3
2.9776720671E+0	2.6912519166E+1	2.8560165473E-3
2.9805163203E+0	2.9985793463E+1	2.8324819307E-3
2.9833370151E+0	3.1861231207E+1	2.8088999795E-3
2.9861341046E+0	3.1655177891E+1	2.7852710878E-3
2.9889075418E+0	2.8762161869E+1	2.7615956505E-3
2.9916572805E+0	2.3432177360E+1	2.7378740632E-3
2.9943832747E+0	1.6862622823E+1	2.7141067224E-3
2.9970854788E+0	1.0697788193E+1	2.6902940251E-3
2.9997638477E+0	6.2903856259E+0	2.6664363695E-3
3.0024183367E+0	4.2405748736E+0	2.6425341541E-3
3.0050489013E+0	4.4843687866E+0	2.6185877784E-3
3.0076554977E+0	6.7590420637E+0	2.5945976426E-3
3.0102380822E+0	1.0989087479E+1	2.5705641475E-3
3.0127966116E+0	1.7241532236E+1	2.5464876949E-3
3.0153310434E+0	2.5290375049E+1	2.5223686871E-3
3.0178413350E+0	3.4193225049E+1	2.4982075270E-3
3.0203274445E+0	4.2300300522E+1	2.4740046186E-3
3.0227893304E+0	4.7798924026E+1	2.4497603662E-3
3.0252269516E+0	4.9476554009E+1	2.4254751751E-3
3.0276402673E+0	4.7204771632E+1	2.4011494510E-3
3.0300292371E+0	4.1856035611E+1	2.3767836004E-3
3.0323938212E+0	3.4756286087E+1	2.3523780306E-3
3.0347339801E+0	2.7102184910E+1	2.3279331494E-3
3.0370496746E+0	1.9734644155E+1	2.3034493653E-3
3.0393408660E+0	1.3339142062E+1	2.2789270875E-3
3.0416075160E+0	8.7895557753E+0	2.2543667257E-3
3.0438495869E+0	7.2429381161E+0	2.2297686905E-3
3.0460670410E+0	9.8010095948E+0	2.2051333928E-3
3.0482598414E+0	1.6904963944E+1	2.1804612443E-3
3.0504279513E+0	2.7882096804E+1	2.1557526574E-3
3.0525713347E+0	4.0990550289E+1	2.1310080450E-3
3.0546899556E+0	5.3968689889E+1	2.1062278206E-3
3.0567837786E+0	6.4742670540E+1	2.0814123983E-3
3.0588527688E+0	7.1934373438E+1	2.0565621928E-3
3.0608968915E+0	7.5020635400E+1	2.0316776194E-3
3.0629161127E+0	7.4086307339E+1	2.0067590939E-3
3.0649103985E+0	6.9324443298E+1	1.9818070327E-3
3.0668797157E+0	6.0915358425E+1	1.9568218529E-3
3.0688240313E+0	4.9636005321E+1	1.9318039720E-3
3.0707433129E+0	3.7262566099E+1	1.9067538080E-3
3.0726375283E+0	2.5903097368E+1	1.8816717796E-3
3.0745066460E+0	1.7509777398E+1	1.8565583060E-3
3.0763506346E+0	1.4545838052E+1	1.8314138067E-3
3.0781694634E+0	1.9302680056E+1	1.8062387021E-3
3.0799631019E+0	3.0919689749E+1	1.7810334128E-3
3.0817315203E+0	4.5824889991E+1	1.7557983600E-3
3.0834746889E+0	6.3536742883E+1	1.7305339655E-3
3.0851925786E+0	8.6551447862E+1	1.7052406515E-3
3.0868851607E+0	1.0983595584E+2	1.6799188405E-3
3.0885524069E+0	1.2057079558E+2	1.6545689559E-3
3.0901942894E+0	1.1889511686E+2	1.6291914212E-3
3.0918107807E+0	1.2412818322E+2	1.6037866605E-3
3.0934018538E+0	1.4041622852E+2	1.5783550984E-3
3.0949674821E+0	1.3601034356E+2	1.5528971598E-3
3.0965076394E+0	9.2506750644E+1	1.5274132703E-3
3.0980223001E+0	5.3127710570E+1	1.5019038556E-3
3.0995114388E+0	6.4137084319E+1	1.4763693421E-3
3.1009750306E+0	8.6164470242E+1	1.4508101565E-3
3.1024130510E+0	5.1719739269E+1	1.4252267258E-3
3.1038254761E+0	7.2367939257E+0	1.3996194778E-3
3.1052122822E+0	6.9781277884E+1	1.3739888402E-3
3.1065734461E+0	2.0576295925E+2	1.3483352414E-3
3.1079089451E+0	2.1860396678E+2	1.3226591101E-3
3.1092187570E+0	7.1431849447E+1	1.2969608754E-3
3.1105028597E+0	4.8519798396E+1	1.2712409668E-3
3.1117612318E+0	3.6879931511E+2	1.2454998140E-3
3.1129938524E+0	7.5107847237E+2	1.2197378472E-3
3.1142007007E+0	6.9519133417E+2	1.1939554970E-3
3.1153817567E+0	2.2830969655E+2	1.1681531941E-3
3.1165370006E+0	9.7785713721E+0	1.1423313699E-3
3.1176664131E+0	4.7408339541E+2	1.1164904558E-3
3.1187699753E+0	1.1498081071E+3	1.0906308836E-3
3.1198476688E+0	1.2089840409E+3	1.0647530855E-3
3.1208994755E+0	5.9822496061E+2	1.0388574939E-3
3.1219253780E+0	1.8174972932E+2	1.0129445417E-3
3.1229253590E+0	6.1225196634E+2	9.8701466182E-4
3.1238994018E+0	1.4183877252E+3	9.6106828758E-4
3.1248474902E+0	1.5733698326E+3	9.3510585261E-4
3.1257696083E+0	8.4644099868E+2	9.0912779076E-4
3.1266657407E+0	1.7567978754E+2	8.8313453619E-4
3.1275358724E+0	5.4200487313E+2	8.5712652325E-4
3.1283799890E+0	1.7289538300E+3	8.3110418659E-4
3.1291980762E+0	2.4981493248E+3	8.0506796108E-4
3.1299901204E+0	1.9871503383E+3	7.7901828182E-4
3.1307561084E+0	7.0491435064E+2	7.5295558414E-4
3.1314960274E+0	7.6440653046E+0	7.2688030358E-4
3.1322098650E+0	6.6367382593E+2	7.0079287589E-4
3.1328976092E+0	2.0595470324E+3	6.7469373705E-4
3.1335592487E+0	2.8347386047E+3	6.4858332323E-4
3.1341947723E+0	2.2363994559E+3	6.2246207073E-4
3.1348041694E+0	8.4073606949E+2	5.9633041614E-4
3.1353874298E+0	7.3727615793E+0	5.7018879612E-4
3.1359445438E+0	6.5328473112E+2	5.4403764760E-4
3.1364755020E+0	2.4721425711E+3	5.1787740760E-4
3.1369802957E+0	4.2143551905E+3	4.9170851331E-4
3.1374589163E+0	4.6906505960E+3	4.6553140213E-4
3.1379113559E+0	3.6352694642E+3	4.3934651156E-4
3.1383376069E+0	1.8108593279E+3	4.1315427928E-4
3.1387376622E+0	4.0762305904E+2	3.8695514312E-4
3.1391115150E+0	2.7606614921E+2	3.6074954110E-4
3.1394591592E+0	1.5166844225E+3	3.3453791144E-4
3.1397805890E+0	3.5789080047E+3	3.0832069259E-4
3.1400757989E+0	5.6645022146E+3	2.8209832342E-4
3.1403447841E+0	7.1244402846E+3	2.5587124334E-4
3.1405875400E+0	7.6579280041E+3	2.2963989267E-4
3.1408040626E+0	7.3008389535E+3	2.0340471372E-4
3.1409943483E+0	6.2969079277E+3	1.7716615272E-4
3.1411583939E+0	4.9542754208E+3	1.5092466531E-4
3.1412961968E+0	3.5461975047E+3	1.2468073282E-4
3.1414077547E+0	2.2679415593E+3	9.8434919423E-5
3.1414930663E+0	1.2354042891E+3	7.2188137769E-5
3.1415521316E+0	5.0462250172E+2	4.5943520243E-5
3.1415849628E+0	9.5843852585E+1	1.9736940383E-5