# Differential cross section		
# Author: P. Swaczyna	Princeton University	(swaczyna@princeton.edu)
# Date: 	Wed 17 Feb 2021 06:38:05	
# 		
# Indistinguishable particle collision: He^0 + He^+ -> He^0 + He^+		
# 		
# Red. mass: 	1.8640723202E+9	 eV/c^2
# CM energy: 	3.6728230050E-4	 eV
# Rel speed: 	1.8819337116E+4	 cm/s
# Tot sigma: 	5.0117231712E+3	 a.u.
# Int sigma: 	5.0117231712E+3	 a.u.
# 		
# Columns:		
# the <- scattering angle (rad)		
# dcs <- dsigma/dOmega*2*pi*sin(the) (a.u. = 2.8002852056E-17 cm^2)		
# wei <- weight for cross section integration (approx. width of angle bin)		
# 		
# the	dcs	wei
7.6907532846E-6	2.2097891081E+0	1.9736940383E-5
4.0521979771E-5	1.1643194594E+1	4.5943520243E-5
9.9587300392E-5	2.8614299300E+1	7.2188137769E-5
1.8489884726E-4	5.3125922369E+1	9.8434919423E-5
2.9645680168E-4	8.5176244310E+1	1.2468073282E-4
4.3425968311E-4	1.2476077418E+2	1.5092466531E-4
5.9830531657E-4	1.7187133882E+2	1.7716615272E-4
7.8859101285E-4	2.2649455373E+2	2.0340471372E-4
1.0051136166E-3	2.8860997703E+2	2.2963989267E-4
1.2478695220E-3	3.5818799696E+2	2.5587124334E-4
1.5168546797E-3	4.3518749213E+2	2.8209832342E-4
1.8120645986E-3	5.1955331354E+2	3.0832069259E-4
2.1334943481E-3	6.1121365319E+2	3.3453791144E-4
2.4811385584E-3	7.1007738392E+2	3.6074954110E-4
2.8549914211E-3	8.1603147691E+2	3.8695514312E-4
3.2550466893E-3	9.2893862572E+2	4.1315427928E-4
3.6812976783E-3	1.0486352282E+3	4.3934651156E-4
4.1337372652E-3	1.1749298960E+3	4.6553140213E-4
4.6123578895E-3	1.3076026735E+3	4.9170851331E-4
5.1171515529E-3	1.4464051533E+3	5.1787740760E-4
5.6481098199E-3	1.5910616622E+3	5.4403764760E-4
6.2052238176E-3	1.7412716677E+3	5.7018879612E-4
6.7884842360E-3	1.8967135064E+3	5.9633041614E-4
7.3978813281E-3	2.0570494676E+3	6.2246207073E-4
8.0334049101E-3	2.2219321715E+3	6.4858332323E-4
8.6950443616E-3	2.3910120719E+3	6.7469373705E-4
9.3827886258E-3	2.5639457802E+3	7.0079287589E-4
1.0096626210E-2	2.7404047779E+3	7.2688030358E-4
1.0836545184E-2	2.9200839458E+3	7.5295558414E-4
1.1602533184E-2	3.1027092346E+3	7.7901828182E-4
1.2394577408E-2	3.2880437209E+3	8.0506796108E-4
1.3212664621E-2	3.4758912773E+3	8.3110418659E-4
1.4056781152E-2	3.6660971371E+3	8.5712652325E-4
1.4926912893E-2	3.8585447745E+3	8.8313453619E-4
1.5823045305E-2	4.0531487543E+3	9.0912779076E-4
1.6745163410E-2	4.2498435316E+3	9.3510585261E-4
1.7693251801E-2	4.4485685961E+3	9.6106828758E-4
1.8667294632E-2	4.6492508220E+3	9.8701466182E-4
1.9667275626E-2	4.8517853802E+3	1.0129445417E-3
2.0693178073E-2	5.0560170294E+3	1.0388574939E-3
2.1744984827E-2	5.2617239658E+3	1.0647530855E-3
2.2822678313E-2	5.4686065913E+3	1.0906308836E-3
2.3926240519E-2	5.6762834814E+3	1.1164904558E-3
2.5055653005E-2	5.8842964067E+3	1.1423313699E-3
2.6210896896E-2	6.0921254589E+3	1.1681531941E-3
2.7391952886E-2	6.2992141380E+3	1.1939554970E-3
2.8598801239E-2	6.5050027770E+3	1.2197378472E-3
2.9831421786E-2	6.7089670719E+3	1.2454998140E-3
3.1089793929E-2	6.9106570152E+3	1.2712409668E-3
3.2373896638E-2	7.1097305250E+3	1.2969608754E-3
3.3683708455E-2	7.3059758233E+3	1.3226591101E-3
3.5019207490E-2	7.4993174024E+3	1.3483352414E-3
3.6380371427E-2	7.6898023012E+3	1.3739888402E-3
3.7767177517E-2	7.8775662796E+3	1.3996194778E-3
3.9179602586E-2	8.0627829667E+3	1.4252267258E-3
4.0617623030E-2	8.2456026191E+3	1.4508101565E-3
4.2081214817E-2	8.4260900874E+3	1.4763693421E-3
4.3570353490E-2	8.6041732536E+3	1.5019038556E-3
4.5085014162E-2	8.7796129775E+3	1.5274132703E-3
4.6625171522E-2	8.9520031184E+3	1.5528971598E-3
4.8190799831E-2	9.1208044599E+3	1.5783550984E-3
4.9781872927E-2	9.2854098677E+3	1.6037866605E-3
5.1398364219E-2	9.4452307900E+3	1.6291914212E-3
5.3040246694E-2	9.5997888549E+3	1.6545689559E-3
5.4707492914E-2	9.7487926313E+3	1.6799188405E-3
5.6400075017E-2	9.8921802175E+3	1.7052406515E-3
5.8117964718E-2	1.0030113946E+4	1.7305339655E-3
5.9861133308E-2	1.0162923626E+4	1.7557983600E-3
6.1629551657E-2	1.0291007381E+4	1.7810334128E-3
6.3423190212E-2	1.0414711188E+4	1.8062387021E-3
6.5242019000E-2	1.0534216287E+4	1.8314138067E-3
6.7086007624E-2	1.0649464832E+4	1.8565583060E-3
6.8955125270E-2	1.0760147222E+4	1.8816717796E-3
7.0849340702E-2	1.0865759993E+4	1.9067538080E-3
7.2768622264E-2	1.0965723982E+4	1.9318039720E-3
7.4712937885E-2	1.1059533476E+4	1.9568218529E-3
7.6682255070E-2	1.1146894269E+4	1.9818070327E-3
7.8676540910E-2	1.1227807292E+4	2.0067590939E-3
8.0695762079E-2	1.1302567305E+4	2.0316776194E-3
8.2739884832E-2	1.1371670919E+4	2.0565621928E-3
8.4808875009E-2	1.1435657911E+4	2.0814123983E-3
8.6902698034E-2	1.1494934501E+4	2.1062278206E-3
8.9021318917E-2	1.1549637505E+4	2.1310080450E-3
9.1164702253E-2	1.1599588804E+4	2.1557526574E-3
9.3332812224E-2	1.1644361467E+4	2.1804612443E-3
9.5525612596E-2	1.1683440106E+4	2.2051333928E-3
9.7743066726E-2	1.1716421477E+4	2.2297686905E-3
9.9985137556E-2	1.1743181481E+4	2.2543667257E-3
1.0225178762E-1	1.1763941933E+4	2.2789270875E-3
1.0454297904E-1	1.1779205610E+4	2.3034493653E-3
1.0685867352E-1	1.1789579734E+4	2.3279331494E-3
1.0919883237E-1	1.1795555609E+4	2.3523780306E-3
1.1156341648E-1	1.1797334450E+4	2.3767836004E-3
1.1395238633E-1	1.1794774673E+4	2.4011494510E-3
1.1636570200E-1	1.1787487439E+4	2.4254751751E-3
1.1880332317E-1	1.1775043418E+4	2.4497603662E-3
1.2126520909E-1	1.1757201550E+4	2.4740046186E-3
1.2375131862E-1	1.1734055511E+4	2.4982075270E-3
1.2626161023E-1	1.1706026857E+4	2.5223686871E-3
1.2879604195E-1	1.1673704266E+4	2.5464876949E-3
1.3135457143E-1	1.1637603511E+4	2.5705641475E-3
1.3393715592E-1	1.1597964553E+4	2.5945976426E-3
1.3654375226E-1	1.1554687061E+4	2.6185877784E-3
1.3917431689E-1	1.1507438364E+4	2.6425341541E-3
1.4182880585E-1	1.1455880048E+4	2.6664363695E-3
1.4450717478E-1	1.1399895477E+4	2.6902940251E-3
1.4720937892E-1	1.1339696533E+4	2.7141067224E-3
1.4993537310E-1	1.1275750833E+4	2.7378740632E-3
1.5268511179E-1	1.1208569732E+4	2.7615956505E-3
1.5545854902E-1	1.1138476649E+4	2.7852710878E-3
1.5825563845E-1	1.1065487257E+4	2.8088999795E-3
1.6107633333E-1	1.0989368751E+4	2.8324819307E-3
1.6392058653E-1	1.0909840930E+4	2.8560165473E-3
1.6678835052E-1	1.0826797478E+4	2.8795034361E-3
1.6967957737E-1	1.0740413242E+4	2.9029422044E-3
1.7259421876E-1	1.0651073954E+4	2.9263324607E-3
1.7553222599E-1	1.0559177195E+4	2.9496738141E-3
1.7849354996E-1	1.0464934879E+4	2.9729658744E-3
1.8147814117E-1	1.0368303376E+4	2.9962082525E-3
1.8448594977E-1	1.0269080765E+4	3.0194005599E-3
1.8751692548E-1	1.0167099596E+4	3.0425424091E-3
1.9057101764E-1	1.0062381940E+4	3.0656334132E-3
1.9364817522E-1	9.9551533452E+3	3.0886731866E-3
1.9674834681E-1	9.8457144677E+3	3.1116613440E-3
1.9987148058E-1	9.7342701504E+3	3.1345975014E-3
2.0301752435E-1	9.6208405285E+3	3.1574812755E-3
2.0618642554E-1	9.5053109000E+3	3.1803122838E-3
2.0937813120E-1	9.3875715971E+3	3.2030901448E-3
2.1259258799E-1	9.2676360180E+3	3.2258144779E-3
2.1582974219E-1	9.1456499394E+3	3.2484849032E-3
2.1908953970E-1	9.0217968702E+3	3.2711010421E-3
2.2237192605E-1	8.8961869809E+3	3.2936625164E-3
2.2567684639E-1	8.7688214568E+3	3.3161689492E-3
2.2900424548E-1	8.6396506289E+3	3.3386199643E-3
2.3235406772E-1	8.5086626055E+3	3.3610151867E-3
2.3572625713E-1	8.3759204385E+3	3.3833542419E-3
2.3912075735E-1	8.2415218068E+3	3.4056367567E-3
2.4253751167E-1	8.1055318021E+3	3.4278623588E-3
2.4597646298E-1	7.9679622263E+3	3.4500306767E-3
2.4943755380E-1	7.8288161965E+3	3.4721413399E-3
2.5292072631E-1	7.6881433190E+3	3.4941939790E-3
2.5642592230E-1	7.5460384436E+3	3.5161882254E-3
2.5995308318E-1	7.4025798281E+3	3.5381237115E-3
2.6350215001E-1	7.2577751034E+3	3.5600000709E-3
2.6707306349E-1	7.1115857243E+3	3.5818169379E-3
2.7066576394E-1	6.9640184896E+3	3.6035739479E-3
2.7428019131E-1	6.8151883500E+3	3.6252707373E-3
2.7791628522E-1	6.6652716705E+3	3.6469069436E-3
2.8157398488E-1	6.5143820684E+3	3.6684822051E-3
2.8525322919E-1	6.3624961419E+3	3.6899961614E-3
2.8895395665E-1	6.2095233849E+3	3.7114484529E-3
2.9267610542E-1	6.0554675523E+3	3.7328387211E-3
2.9641961330E-1	5.9005125976E+3	3.7541666086E-3
3.0018441773E-1	5.7449251437E+3	3.7754317588E-3
3.0397045579E-1	5.5888577149E+3	3.7966338166E-3
3.0777766421E-1	5.4322602135E+3	3.8177724274E-3
3.1160597938E-1	5.2750125197E+3	3.8388472382E-3
3.1545533730E-1	5.1171553228E+3	3.8598578967E-3
3.1932567367E-1	4.9589687215E+3	3.8808040517E-3
3.2321692379E-1	4.8007940162E+3	3.9016853533E-3
3.2712902264E-1	4.6427781832E+3	3.9225014525E-3
3.3106190484E-1	4.4848262026E+3	3.9432520014E-3
3.3501550468E-1	4.3268331557E+3	3.9639366533E-3
3.3898975607E-1	4.1689497179E+3	3.9845550624E-3
3.4298459261E-1	4.0115740997E+3	4.0051068843E-3
3.4699994753E-1	3.8550618105E+3	4.0255917754E-3
3.5103575373E-1	3.6994776175E+3	4.0460093936E-3
3.5509194378E-1	3.5446848531E+3	4.0663593974E-3
3.5916844988E-1	3.3906835189E+3	4.0866414469E-3
3.6326520391E-1	3.2378038283E+3	4.1068552032E-3
3.6738213741E-1	3.0865146719E+3	4.1270003283E-3
3.7151918157E-1	2.9370644348E+3	4.1470764858E-3
3.7567626728E-1	2.7893861983E+3	4.1670833400E-3
3.7985332504E-1	2.6433913778E+3	4.1870205567E-3
3.8405028507E-1	2.4992993645E+3	4.2068878026E-3
3.8826707721E-1	2.3575927061E+3	4.2266847457E-3
3.9250363101E-1	2.2186461517E+3	4.2464110553E-3
3.9675987567E-1	2.0824915926E+3	4.2660664016E-3
4.0103574005E-1	1.9490173373E+3	4.2856504563E-3
4.0533115271E-1	1.8183506065E+3	4.3051628919E-3
4.0964604185E-1	1.6909319263E+3	4.3246033825E-3
4.1398033538E-1	1.5671842502E+3	4.3439716031E-3
4.1833396086E-1	1.4472081023E+3	4.3632672302E-3
4.2270684554E-1	1.3308996658E+3	4.3824899412E-3
4.2709891633E-1	1.2183305931E+3	4.4016394148E-3
4.3151009985E-1	1.1098818946E+3	4.4207153312E-3
4.3594032237E-1	1.0059576109E+3	4.4397173715E-3
4.4038950986E-1	9.0667170988E+2	4.4586452181E-3
4.4485758797E-1	8.1192881834E+2	4.4774985548E-3
4.4934448203E-1	7.2177462432E+2	4.4962770664E-3
4.5385011706E-1	6.3652753171E+2	4.5149804392E-3
4.5837441776E-1	5.5652029154E+2	4.5336083606E-3
4.6291730852E-1	4.8182652392E+2	4.5521605193E-3
4.6747871344E-1	4.1234932728E+2	4.5706366053E-3
4.7205855627E-1	3.4812446046E+2	4.5890363098E-3
4.7665676049E-1	2.8939886653E+2	4.6073593254E-3
4.8127324926E-1	2.3639122113E+2	4.6256053458E-3
4.8590794542E-1	1.8909939215E+2	4.6437740661E-3
4.9056077152E-1	1.4742131181E+2	4.6618651826E-3
4.9523164982E-1	1.1138296188E+2	4.6798783932E-3
4.9992050224E-1	8.1134310025E+1	4.6978133967E-3
5.0462725044E-1	5.6748750796E+1	4.7156698934E-3
5.0935181576E-1	3.8144044306E+1	4.7334475849E-3
5.1409411924E-1	2.5219053280E+1	4.7511461741E-3
5.1885408164E-1	1.7966977751E+1	4.7687653653E-3
5.2363162341E-1	1.6401257940E+1	4.7863048641E-3
5.2842666471E-1	2.0446596710E+1	4.8037643772E-3
5.3323912540E-1	2.9971875340E+1	4.8211436130E-3
5.3806892508E-1	4.4875910890E+1	4.8384422809E-3
5.4291598301E-1	6.5066069594E+1	4.8556600920E-3
5.4778021821E-1	9.0390770321E+1	4.8727967585E-3
5.5266154939E-1	1.2067296633E+2	4.8898519940E-3
5.5755989496E-1	1.5577944914E+2	4.9068255135E-3
5.6247517308E-1	1.9556913860E+2	4.9237170334E-3
5.6740730160E-1	2.3979783085E+2	4.9405262713E-3
5.7235619810E-1	2.8817953795E+2	4.9572529464E-3
5.7732177988E-1	3.4052984619E+2	4.9738967791E-3
5.8230396395E-1	3.9671959007E+2	4.9904574913E-3
5.8730266706E-1	4.5647813746E+2	5.0069348063E-3
5.9231780568E-1	5.1939746344E+2	5.0233284486E-3
5.9734929598E-1	5.8517926509E+2	5.0396381444E-3
6.0239705389E-1	6.5370388379E+2	5.0558636210E-3
6.0746099506E-1	7.2475586645E+2	5.0720046074E-3
6.1254103485E-1	7.9786516285E+2	5.0880608338E-3
6.1763708838E-1	8.7258421552E+2	5.1040320318E-3
6.2274907048E-1	9.4875079533E+2	5.1199179345E-3
6.2787689573E-1	1.0262444705E+3	5.1357182766E-3
6.3302047843E-1	1.1046268640E+3	5.1514327939E-3
6.3817973262E-1	1.1833247203E+3	5.1670612238E-3
6.4335457209E-1	1.2620795024E+3	5.1826033052E-3
6.4854491036E-1	1.3408553388E+3	5.1980587783E-3
6.5375066070E-1	1.4193252265E+3	5.2134273849E-3
6.5897173609E-1	1.4968583767E+3	5.2287088681E-3
6.6420804930E-1	1.5730791643E+3	5.2439029725E-3
6.6945951283E-1	1.6479999055E+3	5.2590094442E-3
6.7472603890E-1	1.7214475813E+3	5.2740280309E-3
6.8000753951E-1	1.7928140390E+3	5.2889584814E-3
6.8530392640E-1	1.8616245692E+3	5.3038005463E-3
6.9061511106E-1	1.9279056462E+3	5.3185539776E-3
6.9594100473E-1	1.9916460665E+3	5.3332185287E-3
7.0128151841E-1	2.0523260627E+3	5.3477939546E-3
7.0663656285E-1	2.1094150006E+3	5.3622800116E-3
7.1200604856E-1	2.1629375278E+3	5.3766764577E-3
7.1738988581E-1	2.2130312889E+3	5.3909830523E-3
7.2278798463E-1	2.2593044316E+3	5.4051995564E-3
7.2820025482E-1	2.3012203881E+3	5.4193257323E-3
7.3362660591E-1	2.3388058361E+3	5.4333613439E-3
7.3906694724E-1	2.3723268679E+3	5.4473061568E-3
7.4452118788E-1	2.4015327579E+3	5.4611599379E-3
7.4998923669E-1	2.4259241226E+3	5.4749224557E-3
7.5547100229E-1	2.4455470318E+3	5.4885934801E-3
7.6096639308E-1	2.4607755422E+3	5.5021727828E-3
7.6647531721E-1	2.4714923870E+3	5.5156601367E-3
7.7199768263E-1	2.4772651112E+3	5.5290553166E-3
7.7753339704E-1	2.4781815890E+3	5.5423580985E-3
7.8308236795E-1	2.4747046745E+3	5.5555682601E-3
7.8864450262E-1	2.4668284660E+3	5.5686855808E-3
7.9421970809E-1	2.4542032669E+3	5.5817098412E-3
7.9980789121E-1	2.4369791177E+3	5.5946408237E-3
8.0540895857E-1	2.4156876453E+3	5.6074783123E-3
8.1102281659E-1	2.3904034329E+3	5.6202220924E-3
8.1664937145E-1	2.3608644416E+3	5.6328719509E-3
8.2228852912E-1	2.3272963509E+3	5.6454276767E-3
8.2794019536E-1	2.2902754519E+3	5.6578890597E-3
8.3360427572E-1	2.2499219705E+3	5.6702558918E-3
8.3928067556E-1	2.2060597844E+3	5.6825279663E-3
8.4496930000E-1	2.1589937426E+3	5.6947050782E-3
8.5067005399E-1	2.1093143051E+3	5.7067870238E-3
8.5638284226E-1	2.0571532997E+3	5.7187736014E-3
8.6210756934E-1	2.0024160372E+3	5.7306646105E-3
8.6784413956E-1	1.9454780997E+3	5.7424598526E-3
8.7359245705E-1	1.8869072513E+3	5.7541591304E-3
8.7935242576E-1	1.8268187996E+3	5.7657622485E-3
8.8512394943E-1	1.7651943840E+3	5.7772690129E-3
8.9090693161E-1	1.7024585894E+3	5.7886792314E-3
8.9670127565E-1	1.6391164687E+3	5.7999927133E-3
9.0250688473E-1	1.5752496006E+3	5.8112092696E-3
9.0832366182E-1	1.5109095838E+3	5.8223287127E-3
9.1415150972E-1	1.4465350097E+3	5.8333508568E-3
9.1999033104E-1	1.3825317453E+3	5.8442755178E-3
9.2584002820E-1	1.3189446758E+3	5.8551025132E-3
9.3170050345E-1	1.2558841539E+3	5.8658316618E-3
9.3757165885E-1	1.1937574438E+3	5.8764627846E-3
9.4345339628E-1	1.1328474705E+3	5.8869957037E-3
9.4934561746E-1	1.0731730454E+3	5.8974302433E-3
9.5524822392E-1	1.0148820281E+3	5.9077662288E-3
9.6116111701E-1	9.5830226608E+2	5.9180034877E-3
9.6708419793E-1	9.0359154465E+2	5.9281418487E-3
9.7301736769E-1	8.5076029745E+2	5.9381811425E-3
9.7896052713E-1	7.9995907553E+2	5.9481212013E-3
9.8491357695E-1	7.5139818672E+2	5.9579618591E-3
9.9087641766E-1	7.0513354970E+2	5.9677029512E-3
9.9684894961E-1	6.6118008978E+2	5.9773443150E-3
1.0028310730E+0	6.1964540176E+2	5.9868857894E-3
1.0088226878E+0	5.8060924646E+2	5.9963272149E-3
1.0148236940E+0	5.4406856835E+2	6.0056684336E-3
1.0208339913E+0	5.1003794173E+2	6.0149092896E-3
1.0268534791E+0	4.7853797703E+2	6.0240496283E-3
1.0328820570E+0	4.4954076922E+2	6.0330892971E-3
1.0389196241E+0	4.2302952760E+2	6.0420281448E-3
1.0449660796E+0	3.9899026769E+2	6.0508660221E-3
1.0510213224E+0	3.7733488586E+2	6.0596027814E-3
1.0570852514E+0	3.5798398849E+2	6.0682382765E-3
1.0631577652E+0	3.4093114620E+2	6.0767723631E-3
1.0692387623E+0	3.2609200870E+2	6.0852048988E-3
1.0753281411E+0	3.1328999195E+2	6.0935357425E-3
1.0814257998E+0	3.0246219595E+2	6.1017647550E-3
1.0875316366E+0	2.9359876076E+2	6.1098917988E-3
1.0936455494E+0	2.8651598722E+2	6.1179167381E-3
1.0997674360E+0	2.8101471553E+2	6.1258394388E-3
1.1058971941E+0	2.7709314208E+2	6.1336597685E-3
1.1120347214E+0	2.7469147478E+2	6.1413775965E-3
1.1181799151E+0	2.7354182784E+2	6.1489927938E-3
1.1243326727E+0	2.7351013657E+2	6.1565052331E-3
1.1304928913E+0	2.7464683254E+2	6.1639147890E-3
1.1366604679E+0	2.7679573560E+2	6.1712213376E-3
1.1428352996E+0	2.7967744302E+2	6.1784247568E-3
1.1490172830E+0	2.8328519759E+2	6.1855249261E-3
1.1552063150E+0	2.8765879222E+2	6.1925217271E-3
1.1614022920E+0	2.9254488671E+2	6.1994150427E-3
1.1676051105E+0	2.9775818057E+2	6.2062047577E-3
1.1738146669E+0	3.0341145518E+2	6.2128907587E-3
1.1800308574E+0	3.0945725232E+2	6.2194729339E-3
1.1862535782E+0	3.1561543444E+2	6.2259511734E-3
1.1924827251E+0	3.2187402793E+2	6.2323253688E-3
1.1987181942E+0	3.2838160880E+2	6.2385954138E-3
1.2049598812E+0	3.3497518845E+2	6.2447612034E-3
1.2112076818E+0	3.4146466991E+2	6.2508226346E-3
1.2174614916E+0	3.4800544098E+2	6.2567796062E-3
1.2237212062E+0	3.5467174903E+2	6.2626320186E-3
1.2299867208E+0	3.6124318197E+2	6.2683797740E-3
1.2362579308E+0	3.6771145136E+2	6.2740227763E-3
1.2425347314E+0	3.7429869572E+2	6.2795609313E-3
1.2488170177E+0	3.8094739601E+2	6.2849941464E-3
1.2551046847E+0	3.8749812861E+2	6.2903223308E-3
1.2613976273E+0	3.9412011195E+2	6.2955453954E-3
1.2676957404E+0	4.0096769153E+2	6.3006632530E-3
1.2739989187E+0	4.0789462198E+2	6.3056758180E-3
1.2803070569E+0	4.1489783841E+2	6.3105830068E-3
1.2866200496E+0	4.2221497062E+2	6.3153847371E-3
1.2929377912E+0	4.2985757095E+2	6.3200809290E-3
1.2992601762E+0	4.3770306164E+2	6.3246715037E-3
1.3055870990E+0	4.4589904700E+2	6.3291563847E-3
1.3119184537E+0	4.5461066597E+2	6.3335354970E-3
1.3182541347E+0	4.6374127170E+2	6.3378087674E-3
1.3245940360E+0	4.7328031595E+2	6.3419761245E-3
1.3309380516E+0	4.8341802127E+2	6.3460374987E-3
1.3372860756E+0	4.9417529448E+2	6.3499928220E-3
1.3436380019E+0	5.0544976945E+2	6.3538420284E-3
1.3499937243E+0	5.1733123005E+2	6.3575850535E-3
1.3563531366E+0	5.2992698640E+2	6.3612218349E-3
1.3627161325E+0	5.4315165203E+2	6.3647523117E-3
1.3690826057E+0	5.5696843504E+2	6.3681764249E-3
1.3754524499E+0	5.7147004771E+2	6.3714941173E-3
1.3818255585E+0	5.8663492441E+2	6.3747053335E-3
1.3882018250E+0	6.0236134956E+2	6.3778100198E-3
1.3945811430E+0	6.1865646865E+2	6.3808081243E-3
1.4009634057E+0	6.3552614906E+2	6.3836995970E-3
1.4073485066E+0	6.5287091866E+2	6.3864843894E-3
1.4137363389E+0	6.7061815267E+2	6.3891624551E-3
1.4201267959E+0	6.8874147448E+2	6.3917337493E-3
1.4265197708E+0	7.0715619776E+2	6.3941982290E-3
1.4329151568E+0	7.2575756588E+2	6.3965558531E-3
1.4393128469E+0	7.4446889154E+2	6.3988065821E-3
1.4457127343E+0	7.6319083848E+2	6.4009503785E-3
1.4521147120E+0	7.8181360175E+2	6.4029872063E-3
1.4585186731E+0	8.0023961533E+2	6.4049170317E-3
1.4649245104E+0	8.1833861460E+2	6.4067398222E-3
1.4713321170E+0	8.3598161366E+2	6.4084555476E-3
1.4777413858E+0	8.5308051432E+2	6.4100641790E-3
1.4841522097E+0	8.6950178041E+2	6.4115656896E-3
1.4905644815E+0	8.8507758869E+2	6.4129600544E-3
1.4969780940E+0	8.9972030210E+2	6.4142472499E-3
1.5033929402E+0	9.1333910844E+2	6.4154272548E-3
1.5098089128E+0	9.2574781967E+2	6.4165000493E-3
1.5162259046E+0	9.3682254326E+2	6.4174656154E-3
1.5226438083E+0	9.4652809820E+2	6.4183239370E-3
1.5290625167E+0	9.5472219510E+2	6.4190749998E-3
1.5354819225E+0	9.6123128856E+2	6.4197187912E-3
1.5419019185E+0	9.6603567916E+2	6.4202553005E-3
1.5483223974E+0	9.6909252250E+2	6.4206845187E-3
1.5547432518E+0	9.7022406642E+2	6.4210064386E-3
1.5611643745E+0	9.6936934234E+2	6.4212210549E-3
1.5675856581E+0	9.6658159035E+2	6.4213283639E-3
1.5740069954E+0	9.6176217474E+2	6.4213283639E-3
1.5804282791E+0	9.5479608937E+2	6.4212210549E-3
1.5868494018E+0	9.4576745707E+2	6.4210064386E-3
1.5932702562E+0	9.3471435211E+2	6.4206845187E-3
1.5996907351E+0	9.2152507173E+2	6.4202553005E-3
1.6061107310E+0	9.0624167411E+2	6.4197187912E-3
1.6125301369E+0	8.8902109239E+2	6.4190749998E-3
1.6189488453E+0	8.6984520260E+2	6.4183239370E-3
1.6253667490E+0	8.4869814325E+2	6.4174656154E-3
1.6317837408E+0	8.2577340851E+2	6.4165000493E-3
1.6381997134E+0	8.0119838279E+2	6.4154272548E-3
1.6446145595E+0	7.7495749811E+2	6.4142472499E-3
1.6510281721E+0	7.4719898327E+2	6.4129600544E-3
1.6574404439E+0	7.1816574581E+2	6.4115656896E-3
1.6638512678E+0	6.8792693733E+2	6.4100641790E-3
1.6702605366E+0	6.5656733721E+2	6.4084555476E-3
1.6766681432E+0	6.2435623300E+2	6.4067398222E-3
1.6830739805E+0	5.9148658766E+2	6.4049170317E-3
1.6894779416E+0	5.5803177079E+2	6.4029872063E-3
1.6958799193E+0	5.2420821014E+2	6.4009503785E-3
1.7022798067E+0	4.9029376611E+2	6.3988065821E-3
1.7086774968E+0	4.5641861240E+2	6.3965558531E-3
1.7150728827E+0	4.2273131865E+2	6.3941982290E-3
1.7214658576E+0	3.8951105146E+2	6.3917337493E-3
1.7278563146E+0	3.5696513823E+2	6.3891624551E-3
1.7342441470E+0	3.2521686557E+2	6.3864843894E-3
1.7406292478E+0	2.9448460763E+2	6.3836995970E-3
1.7470115106E+0	2.6500947079E+2	6.3808081243E-3
1.7533908286E+0	2.3693341416E+2	6.3778100198E-3
1.7597670951E+0	2.1041033460E+2	6.3747053335E-3
1.7661402037E+0	1.8565102656E+2	6.3714941173E-3
1.7725100479E+0	1.6281363648E+2	6.3681764249E-3
1.7788765211E+0	1.4201876160E+2	6.3647523117E-3
1.7852395170E+0	1.2341710563E+2	6.3612218349E-3
1.7915989293E+0	1.0714158569E+2	6.3575850535E-3
1.7979546517E+0	9.3292295508E+1	6.3538420284E-3
1.8043065780E+0	8.1974132231E+1	6.3499928220E-3
1.8106546020E+0	7.3264918168E+1	6.3460374987E-3
1.8169986176E+0	6.7217357250E+1	6.3419761245E-3
1.8233385189E+0	6.3905981644E+1	6.3378087674E-3
1.8296741999E+0	6.3368395746E+1	6.3335354970E-3
1.8360055546E+0	6.5580031807E+1	6.3291563847E-3
1.8423324774E+0	7.0559818620E+1	6.3246715037E-3
1.8486548624E+0	7.8337439702E+1	6.3200809290E-3
1.8549726040E+0	8.8829910753E+1	6.3153847371E-3
1.8612855967E+0	1.0195198026E+2	6.3105830068E-3
1.8675937349E+0	1.1771485806E+2	6.3056758180E-3
1.8738969132E+0	1.3604179426E+2	6.3006632530E-3
1.8801950263E+0	1.5673939530E+2	6.2955453954E-3
1.8864879689E+0	1.7973106741E+2	6.2903223308E-3
1.8927756359E+0	2.0498497718E+2	6.2849941464E-3
1.8990579222E+0	2.3227932406E+2	6.2795609313E-3
1.9053347228E+0	2.6139000927E+2	6.2740227763E-3
1.9116059328E+0	2.9227649746E+2	6.2683797740E-3
1.9178714474E+0	3.2479536946E+2	6.2626320186E-3
1.9241311620E+0	3.5861712840E+2	6.2567796062E-3
1.9303849718E+0	3.9357864664E+2	6.2508226346E-3
1.9366327724E+0	4.2963347934E+2	6.2447612034E-3
1.9428744594E+0	4.6649209638E+2	6.2385954138E-3
1.9491099285E+0	5.0382127894E+2	6.2323253688E-3
1.9553390754E+0	5.4155578383E+2	6.2259511734E-3
1.9615617961E+0	5.7956816054E+2	6.2194729339E-3
1.9677779867E+0	6.1746633930E+2	6.2128907587E-3
1.9739875431E+0	6.5502259240E+2	6.2062047577E-3
1.9801903616E+0	6.9223095835E+2	6.1994150427E-3
1.9863863386E+0	7.2883885170E+2	6.1925217271E-3
1.9925753706E+0	7.6445939973E+2	6.1855249261E-3
1.9987573540E+0	7.9902259791E+2	6.1784247568E-3
2.0049321857E+0	8.3250262884E+2	6.1712213376E-3
2.0110997623E+0	8.6454823655E+2	6.1639147890E-3
2.0172599809E+0	8.9489327412E+2	6.1565052331E-3
2.0234127385E+0	9.2360069698E+2	6.1489927938E-3
2.0295579322E+0	9.5056242915E+2	6.1413775965E-3
2.0356954595E+0	9.7541608036E+2	6.1336597685E-3
2.0418252176E+0	9.9808371041E+2	6.1258394388E-3
2.0479471042E+0	1.0186864288E+3	6.1179167381E-3
2.0540610170E+0	1.0370262116E+3	6.1098917988E-3
2.0601668538E+0	1.0528335738E+3	6.1017647550E-3
2.0662645125E+0	1.0662159844E+3	6.0935357425E-3
2.0723538913E+0	1.0772751237E+3	6.0852048988E-3
2.0784348884E+0	1.0857699342E+3	6.0767723631E-3
2.0845074022E+0	1.0915976003E+3	6.0682382765E-3
2.0905713312E+0	1.0949933972E+3	6.0596027814E-3
2.0966265740E+0	1.0959953531E+3	6.0508660221E-3
2.1026730295E+0	1.0943920150E+3	6.0420281448E-3
2.1087105966E+0	1.0902668280E+3	6.0330892971E-3
2.1147391745E+0	1.0839052465E+3	6.0240496283E-3
2.1207586623E+0	1.0752803895E+3	6.0149092896E-3
2.1267689596E+0	1.0642738095E+3	6.0056684336E-3
2.1327699657E+0	1.0511247018E+3	5.9963272149E-3
2.1387615806E+0	1.0361027067E+3	5.9868857894E-3
2.1447437040E+0	1.0191447695E+3	5.9773443150E-3
2.1507162359E+0	1.0002570457E+3	5.9677029512E-3
2.1566790766E+0	9.7977527779E+2	5.9579618591E-3
2.1626321265E+0	9.5791472359E+2	5.9481212013E-3
2.1685752859E+0	9.3461316479E+2	5.9381811425E-3
2.1745084557E+0	9.0999688527E+2	5.9281418487E-3
2.1804315366E+0	8.8443426435E+2	5.9180034877E-3
2.1863444297E+0	8.5807464022E+2	5.9077662288E-3
2.1922470361E+0	8.3088415647E+2	5.8974302433E-3
2.1981392573E+0	8.0307812673E+2	5.8869957037E-3
2.2040209947E+0	7.7500557423E+2	5.8764627846E-3
2.2098921501E+0	7.4675585827E+2	5.8658316618E-3
2.2157526254E+0	7.1833355453E+2	5.8551025132E-3
2.2216023226E+0	6.8999991062E+2	5.8442755178E-3
2.2274411439E+0	6.6205109663E+2	5.8333508568E-3
2.2332689918E+0	6.3452898909E+2	5.8223287127E-3
2.2390857689E+0	6.0747029699E+2	5.8112092696E-3
2.2448913779E+0	5.8113996402E+2	5.7999927133E-3
2.2506857220E+0	5.5576526625E+2	5.7886792314E-3
2.2564687042E+0	5.3135213382E+2	5.7772690129E-3
2.2622402278E+0	5.0795293155E+2	5.7657622485E-3
2.2680001965E+0	4.8580281037E+2	5.7541591304E-3
2.2737485140E+0	4.6505693646E+2	5.7424598526E-3
2.2794850843E+0	4.4569291550E+2	5.7306646105E-3
2.2852098113E+0	4.2775932570E+2	5.7187736014E-3
2.2909225996E+0	4.1143966978E+2	5.7067870238E-3
2.2966233536E+0	3.9682157668E+2	5.6947050782E-3
2.3023119780E+0	3.8385848974E+2	5.6825279663E-3
2.3079883779E+0	3.7257848665E+2	5.6702558918E-3
2.3136524582E+0	3.6310264399E+2	5.6578890597E-3
2.3193041245E+0	3.5545956033E+2	5.6454276767E-3
2.3249432821E+0	3.4958123944E+2	5.6328719509E-3
2.3305698370E+0	3.4546458887E+2	5.6202220924E-3
2.3361836950E+0	3.4316634500E+2	5.6074783123E-3
2.3417847624E+0	3.4266608437E+2	5.5946408237E-3
2.3473729455E+0	3.4387768732E+2	5.5817098412E-3
2.3529481510E+0	3.4676344100E+2	5.5686855808E-3
2.3585102856E+0	3.5132013987E+2	5.5555682601E-3
2.3640592565E+0	3.5748842602E+2	5.5423580985E-3
2.3695949710E+0	3.6516912927E+2	5.5290553166E-3
2.3751173364E+0	3.7429340077E+2	5.5156601367E-3
2.3806262605E+0	3.8480668090E+2	5.5021727828E-3
2.3861216513E+0	3.9661994439E+2	5.4885934801E-3
2.3916034169E+0	4.0962778446E+2	5.4749224557E-3
2.3970714657E+0	4.2373950809E+2	5.4611599379E-3
2.4025257064E+0	4.3886061162E+2	5.4473061568E-3
2.4079660477E+0	4.5488021785E+2	5.4333613439E-3
2.4133923988E+0	4.7169409947E+2	5.4193257323E-3
2.4188046690E+0	4.8920316930E+2	5.4051995564E-3
2.4242027678E+0	5.0728666005E+2	5.3909830523E-3
2.4295866050E+0	5.2581794990E+2	5.3766764577E-3
2.4349560907E+0	5.4470006029E+2	5.3622800116E-3
2.4403111352E+0	5.6384092675E+2	5.3477939546E-3
2.4456516489E+0	5.8310953734E+2	5.3332185287E-3
2.4509775425E+0	6.0236843410E+2	5.3185539776E-3
2.4562887272E+0	6.2153042865E+2	5.3038005463E-3
2.4615851141E+0	6.4052487923E+2	5.2889584814E-3
2.4668666147E+0	6.5922900731E+2	5.2740280309E-3
2.4721331408E+0	6.7749993758E+2	5.2590094442E-3
2.4773846043E+0	6.9525785292E+2	5.2439029725E-3
2.4826209175E+0	7.1246301199E+2	5.2287088681E-3
2.4878419929E+0	7.2902092992E+2	5.2134273849E-3
2.4930477432E+0	7.4479215130E+2	5.1980587783E-3
2.4982380815E+0	7.5969755060E+2	5.1826033052E-3
2.5034129210E+0	7.7372858876E+2	5.1670612238E-3
2.5085721752E+0	7.8683747382E+2	5.1514327939E-3
2.5137157579E+0	7.9890340923E+2	5.1357182766E-3
2.5188435831E+0	8.0984115895E+2	5.1199179345E-3
2.5239555652E+0	8.1966184532E+2	5.1040320318E-3
2.5290516187E+0	8.2837468920E+2	5.0880608338E-3
2.5341316585E+0	8.3589955572E+2	5.0720046074E-3
2.5391955997E+0	8.4214567584E+2	5.0558636210E-3
2.5442433576E+0	8.4712270239E+2	5.0396381444E-3
2.5492748479E+0	8.5089096780E+2	5.0233284486E-3
2.5542899865E+0	8.5343394489E+2	5.0069348063E-3
2.5592886896E+0	8.5467081784E+2	4.9904574913E-3
2.5642708737E+0	8.5458918781E+2	4.9738967791E-3
2.5692364555E+0	8.5327384252E+2	4.9572529464E-3
2.5741853520E+0	8.5078232252E+2	4.9405262713E-3
2.5791174805E+0	8.4707443034E+2	4.9237170334E-3
2.5840327586E+0	8.4211216078E+2	4.9068255135E-3
2.5889311042E+0	8.3596459942E+2	4.8898519940E-3
2.5938124354E+0	8.2874580927E+2	4.8727967585E-3
2.5986766706E+0	8.2048751624E+2	4.8556600920E-3
2.6035237285E+0	8.1115202141E+2	4.8384422809E-3
2.6083535282E+0	8.0076233635E+2	4.8211436130E-3
2.6131659889E+0	7.8944043442E+2	4.8037643772E-3
2.6179610302E+0	7.7729437582E+2	4.7863048641E-3
2.6227385719E+0	7.6433365152E+2	4.7687653653E-3
2.6274985343E+0	7.5054324082E+2	4.7511461741E-3
2.6322408378E+0	7.3599770681E+2	4.7334475849E-3
2.6369654032E+0	7.2083883280E+2	4.7156698934E-3
2.6416721513E+0	7.0515416592E+2	4.6978133967E-3
2.6463610038E+0	6.8894245079E+2	4.6798783932E-3
2.6510318821E+0	6.7221452103E+2	4.6618651826E-3
2.6556847082E+0	6.5507441188E+2	4.6437740661E-3
2.6603194043E+0	6.3766102366E+2	4.6256053458E-3
2.6649358931E+0	6.2004068425E+2	4.6073593254E-3
2.6695340973E+0	6.0220851257E+2	4.5890363098E-3
2.6741139402E+0	5.8419176784E+2	4.5706366053E-3
2.6786753451E+0	5.6610225897E+2	4.5521605193E-3
2.6832182358E+0	5.4806506976E+2	4.5336083606E-3
2.6877425365E+0	5.3012960184E+2	4.5149804392E-3
2.6922481716E+0	5.1228810298E+2	4.4962770664E-3
2.6967350656E+0	4.9457035668E+2	4.4774985548E-3
2.7012031437E+0	4.7707975882E+2	4.4586452181E-3
2.7056523312E+0	4.5992417453E+2	4.4397173715E-3
2.7100825537E+0	4.4314092409E+2	4.4207153312E-3
2.7144937373E+0	4.2671705991E+2	4.4016394148E-3
2.7188858081E+0	4.1067224997E+2	4.3824899412E-3
2.7232586927E+0	3.9509059201E+2	4.3632672302E-3
2.7276123182E+0	3.8006242926E+2	4.3439716031E-3
2.7319466117E+0	3.6561747179E+2	4.3246033825E-3
2.7362615009E+0	3.5173614676E+2	4.3051628919E-3
2.7405569135E+0	3.3841951801E+2	4.2856504563E-3
2.7448327779E+0	3.2572496872E+2	4.2660664016E-3
2.7490890226E+0	3.1372491247E+2	4.2464110553E-3
2.7533255764E+0	3.0244545238E+2	4.2266847457E-3
2.7575423685E+0	2.9186240886E+2	4.2068878026E-3
2.7617393285E+0	2.8195548540E+2	4.1870205567E-3
2.7659163863E+0	2.7275040492E+2	4.1670833400E-3
2.7700734720E+0	2.6429909221E+2	4.1470764858E-3
2.7742105162E+0	2.5662641189E+2	4.1270003283E-3
2.7783274497E+0	2.4970928282E+2	4.1068552032E-3
2.7824242037E+0	2.4351019946E+2	4.0866414469E-3
2.7865007098E+0	2.3802185599E+2	4.0663593974E-3
2.7905568999E+0	2.3327059444E+2	4.0460093936E-3
2.7945927061E+0	2.2927829974E+2	4.0255917754E-3
2.7986080610E+0	2.2602955656E+2	4.0051068843E-3
2.8026028975E+0	2.2348053621E+2	3.9845550624E-3
2.8065771489E+0	2.2159617886E+2	3.9639366533E-3
2.8105307487E+0	2.2037237453E+2	3.9432520014E-3
2.8144636309E+0	2.1982048315E+2	3.9225014525E-3
2.8183757298E+0	2.1993455241E+2	3.9016853533E-3
2.8222669799E+0	2.2067802191E+2	3.8808040517E-3
2.8261373163E+0	2.2200220787E+2	3.8598578967E-3
2.8299866742E+0	2.2387425187E+2	3.8388472382E-3
2.8338149894E+0	2.2628477351E+2	3.8177724274E-3
2.8376221978E+0	2.2922957012E+2	3.7966338166E-3
2.8414082359E+0	2.3268676656E+2	3.7754317588E-3
2.8451730403E+0	2.3661296605E+2	3.7541666086E-3
2.8489165482E+0	2.4096031247E+2	3.7328387211E-3
2.8526386969E+0	2.4569555309E+2	3.7114484529E-3
2.8563394244E+0	2.5080245518E+2	3.6899961614E-3
2.8600186687E+0	2.5626723346E+2	3.6684822051E-3
2.8636763684E+0	2.6206292742E+2	3.6469069436E-3
2.8673124623E+0	2.6814765933E+2	3.6252707373E-3
2.8709268897E+0	2.7447684567E+2	3.6035739479E-3
2.8745195901E+0	2.8101654858E+2	3.5818169379E-3
2.8780905036E+0	2.8774576233E+2	3.5600000709E-3
2.8816395704E+0	2.9464703521E+2	3.5381237115E-3
2.8851667313E+0	3.0169534362E+2	3.5161882254E-3
2.8886719273E+0	3.0885530539E+2	3.4941939790E-3
2.8921550998E+0	3.1608812014E+2	3.4721413399E-3
2.8956161906E+0	3.2336104387E+2	3.4500306767E-3
2.8990551419E+0	3.3065106768E+2	3.4278623588E-3
2.9024718962E+0	3.3794056337E+2	3.4056367567E-3
2.9058663965E+0	3.4520969916E+2	3.3833542419E-3
2.9092385859E+0	3.5243235765E+2	3.3610151867E-3
2.9125884081E+0	3.5957837777E+2	3.3386199643E-3
2.9159158072E+0	3.6661941351E+2	3.3161689492E-3
2.9192207275E+0	3.7353326291E+2	3.2936625164E-3
2.9225031139E+0	3.8030354688E+2	3.2711010421E-3
2.9257629114E+0	3.8691574640E+2	3.2484849032E-3
2.9290000656E+0	3.9335323937E+2	3.2258144779E-3
2.9322145224E+0	3.9959633811E+2	3.2030901448E-3
2.9354062280E+0	4.0562453632E+2	3.1803122838E-3
2.9385751292E+0	4.1141976263E+2	3.1574812755E-3
2.9417211730E+0	4.1696810306E+2	3.1345975014E-3
2.9448443068E+0	4.2225903066E+2	3.1116613440E-3
2.9479444784E+0	4.2728315611E+2	3.0886731866E-3
2.9510216360E+0	4.3203037174E+2	3.0656334132E-3
2.9540757281E+0	4.3648960049E+2	3.0425424091E-3
2.9571067038E+0	4.4064998422E+2	3.0194005599E-3
2.9601145124E+0	4.4450238686E+2	2.9962082525E-3
2.9630991036E+0	4.4804011209E+2	2.9729658744E-3
2.9660604276E+0	4.5125850482E+2	2.9496738141E-3
2.9689984348E+0	4.5415393998E+2	2.9263324607E-3
2.9719130762E+0	4.5672301212E+2	2.9029422044E-3
2.9748043031E+0	4.5896241571E+2	2.8795034361E-3
2.9776720671E+0	4.6086941307E+2	2.8560165473E-3
2.9805163203E+0	4.6244240427E+2	2.8324819307E-3
2.9833370151E+0	4.6368115280E+2	2.8088999795E-3
2.9861341046E+0	4.6458655656E+2	2.7852710878E-3
2.9889075418E+0	4.6516019696E+2	2.7615956505E-3
2.9916572805E+0	4.6540402038E+2	2.7378740632E-3
2.9943832747E+0	4.6532035659E+2	2.7141067224E-3
2.9970854788E+0	4.6491220173E+2	2.6902940251E-3
2.9997638477E+0	4.6418350319E+2	2.6664363695E-3
3.0024183367E+0	4.6313920413E+2	2.6425341541E-3
3.0050489013E+0	4.6178499183E+2	2.6185877784E-3
3.0076554977E+0	4.6012689774E+2	2.5945976426E-3
3.0102380822E+0	4.5817098886E+2	2.5705641475E-3
3.0127966116E+0	4.5592332719E+2	2.5464876949E-3
3.0153310434E+0	4.5339020692E+2	2.5223686871E-3
3.0178413350E+0	4.5057851291E+2	2.4982075270E-3
3.0203274445E+0	4.4749597538E+2	2.4740046186E-3
3.0227893304E+0	4.4415116103E+2	2.4497603662E-3
3.0252269516E+0	4.4055319158E+2	2.4254751751E-3
3.0276402673E+0	4.3671132421E+2	2.4011494510E-3
3.0300292371E+0	4.3263459117E+2	2.3767836004E-3
3.0323938212E+0	4.2833165492E+2	2.3523780306E-3
3.0347339801E+0	4.2381092481E+2	2.3279331494E-3
3.0370496746E+0	4.1908085864E+2	2.3034493653E-3
3.0393408660E+0	4.1415029368E+2	2.2789270875E-3
3.0416075160E+0	4.0902864950E+2	2.2543667257E-3
3.0438495869E+0	4.0372591251E+2	2.2297686905E-3
3.0460670410E+0	3.9825241304E+2	2.2051333928E-3
3.0482598414E+0	3.9261849107E+2	2.1804612443E-3
3.0504279513E+0	3.8683418233E+2	2.1557526574E-3
3.0525713347E+0	3.8090903470E+2	2.1310080450E-3
3.0546899556E+0	3.7485210480E+2	2.1062278206E-3
3.0567837786E+0	3.6867211337E+2	2.0814123983E-3
3.0588527688E+0	3.6237768383E+2	2.0565621928E-3
3.0608968915E+0	3.5597756794E+2	2.0316776194E-3
3.0629161127E+0	3.4948077755E+2	2.0067590939E-3
3.0649103985E+0	3.4289658334E+2	1.9818070327E-3
3.0668797157E+0	3.3623439063E+2	1.9568218529E-3
3.0688240313E+0	3.2950354163E+2	1.9318039720E-3
3.0707433129E+0	3.2271311034E+2	1.9067538080E-3
3.0726375283E+0	3.1587174965E+2	1.8816717796E-3
3.0745066460E+0	3.0898762604E+2	1.8565583060E-3
3.0763506346E+0	3.0206844734E+2	1.8314138067E-3
3.0781694634E+0	2.9512156177E+2	1.8062387021E-3
3.0799631019E+0	2.8815409098E+2	1.7810334128E-3
3.0817315203E+0	2.8117305585E+2	1.7557983600E-3
3.0834746889E+0	2.7418546246E+2	1.7305339655E-3
3.0851925786E+0	2.6719833092E+2	1.7052406515E-3
3.0868851607E+0	2.6021866705E+2	1.6799188405E-3
3.0885524069E+0	2.5325339155E+2	1.6545689559E-3
3.0901942894E+0	2.4630924898E+2	1.6291914212E-3
3.0918107807E+0	2.3939272041E+2	1.6037866605E-3
3.0934018538E+0	2.3250995810E+2	1.5783550984E-3
3.0949674821E+0	2.2566675314E+2	1.5528971598E-3
3.0965076394E+0	2.1886853725E+2	1.5274132703E-3
3.0980223001E+0	2.1212041318E+2	1.5019038556E-3
3.0995114388E+0	2.0542720326E+2	1.4763693421E-3
3.1009750306E+0	1.9879350405E+2	1.4508101565E-3
3.1024130510E+0	1.9222373646E+2	1.4252267258E-3
3.1038254761E+0	1.8572218331E+2	1.3996194778E-3
3.1052122822E+0	1.7929301058E+2	1.3739888402E-3
3.1065734461E+0	1.7294027211E+2	1.3483352414E-3
3.1079089451E+0	1.6666790052E+2	1.3226591101E-3
3.1092187570E+0	1.6047968918E+2	1.2969608754E-3
3.1105028597E+0	1.5437927040E+2	1.2712409668E-3
3.1117612318E+0	1.4837009479E+2	1.2454998140E-3
3.1129938524E+0	1.4245541530E+2	1.2197378472E-3
3.1142007007E+0	1.3663827817E+2	1.1939554970E-3
3.1153817567E+0	1.3092152137E+2	1.1681531941E-3
3.1165370006E+0	1.2530777993E+2	1.1423313699E-3
3.1176664131E+0	1.1979949665E+2	1.1164904558E-3
3.1187699753E+0	1.1439893646E+2	1.0906308836E-3
3.1198476688E+0	1.0910820238E+2	1.0647530855E-3
3.1208994755E+0	1.0392925150E+2	1.0388574939E-3
3.1219253780E+0	9.8863909606E+1	1.0129445417E-3
3.1229253590E+0	9.3913883816E+1	9.8701466182E-4
3.1238994018E+0	8.9080772650E+1	9.6106828758E-4
3.1248474902E+0	8.4366073706E+1	9.3510585261E-4
3.1257696083E+0	7.9771189151E+1	9.0912779076E-4
3.1266657407E+0	7.5297429513E+1	8.8313453619E-4
3.1275358724E+0	7.0946016292E+1	8.5712652325E-4
3.1283799890E+0	6.6718083903E+1	8.3110418659E-4
3.1291980762E+0	6.2614681401E+1	8.0506796108E-4
3.1299901204E+0	5.8636774329E+1	7.7901828182E-4
3.1307561084E+0	5.4785246933E+1	7.5295558414E-4
3.1314960274E+0	5.1060904849E+1	7.2688030358E-4
3.1322098650E+0	4.7464478322E+1	7.0079287589E-4
3.1328976092E+0	4.3996625902E+1	6.7469373705E-4
3.1335592487E+0	4.0657938533E+1	6.4858332323E-4
3.1341947723E+0	3.7448943948E+1	6.2246207073E-4
3.1348041694E+0	3.4370111216E+1	5.9633041614E-4
3.1353874298E+0	3.1421855359E+1	5.7018879612E-4
3.1359445438E+0	2.8604541925E+1	5.4403764760E-4
3.1364755020E+0	2.5918491434E+1	5.1787740760E-4
3.1369802957E+0	2.3363983637E+1	4.9170851331E-4
3.1374589163E+0	2.0941261559E+1	4.6553140213E-4
3.1379113559E+0	1.8650535275E+1	4.3934651156E-4
3.1383376069E+0	1.6491985431E+1	4.1315427928E-4
3.1387376622E+0	1.4465766494E+1	3.8695514312E-4
3.1391115150E+0	1.2572009750E+1	3.6074954110E-4
3.1394591592E+0	1.0810826046E+1	3.3453791144E-4
3.1397805890E+0	9.1823083040E+0	3.0832069259E-4
3.1400757989E+0	7.6865338030E+0	2.8209832342E-4
3.1403447841E+0	6.3235662638E+0	2.5587124334E-4
3.1405875400E+0	5.0934577278E+0	2.2963989267E-4
3.1408040626E+0	3.9962502481E+0	2.0340471372E-4
3.1409943483E+0	3.0319773942E+0	1.7716615272E-4
3.1411583939E+0	2.2006655665E+0	1.5092466531E-4
3.1412961968E+0	1.5023350927E+0	1.2468073282E-4
3.1414077547E+0	9.3700099722E-1	9.8434919423E-5
3.1414930663E+0	5.0467293596E-1	7.2188137769E-5
3.1415521316E+0	2.0535098084E-1	4.5943520243E-5
3.1415849628E+0	3.8974003447E-2	1.9736940383E-5