# Differential cross section		
# Author: P. Swaczyna	Princeton University	(swaczyna@princeton.edu)
# Date: 	Wed 17 Feb 2021 07:00:50	
# 		
# Indistinguishable particle collision: He^0 + He^+ -> He^0 + He^+		
# 		
# Red. mass: 	1.8640723202E+9	 eV/c^2
# CM energy: 	1.3182567386E-1	 eV
# Rel speed: 	3.5653676690E+5	 cm/s
# Tot sigma: 	5.8746317618E+2	 a.u.
# Int sigma: 	5.8746245691E+2	 a.u.
# 		
# Columns:		
# the <- scattering angle (rad)		
# dcs <- dsigma/dOmega*2*pi*sin(the) (a.u. = 2.8002852056E-17 cm^2)		
# wei <- weight for cross section integration (approx. width of angle bin)		
# 		
# the	dcs	wei
7.6907532846E-6	1.3501832020E+1	1.9736940383E-5
4.0521979771E-5	7.1136061062E+1	4.5943520243E-5
9.9587300392E-5	1.7477297168E+2	7.2188137769E-5
1.8489884726E-4	3.2421084321E+2	9.8434919423E-5
2.9645680168E-4	5.1883034926E+2	1.2468073282E-4
4.3425968311E-4	7.5731328624E+2	1.5092466531E-4
5.9830531657E-4	1.0373182748E+3	1.7716615272E-4
7.8859101285E-4	1.3552210769E+3	2.0340471372E-4
1.0051136166E-3	1.7060560348E+3	2.2963989267E-4
1.2478695220E-3	2.0838028190E+3	2.5587124334E-4
1.5168546797E-3	2.4820902468E+3	2.8209832342E-4
1.8120645986E-3	2.8952040559E+3	3.0832069259E-4
2.1334943481E-3	3.3190226669E+3	3.3453791144E-4
2.4811385584E-3	3.7513059250E+3	3.6074954110E-4
2.8549914211E-3	4.1908484594E+3	3.8695514312E-4
3.2550466893E-3	4.6355505609E+3	4.1315427928E-4
3.6812976783E-3	5.0803613767E+3	4.3934651156E-4
4.1337372652E-3	5.5167660021E+3	4.6553140213E-4
4.6123578895E-3	5.9350831048E+3	4.9170851331E-4
5.1171515529E-3	6.3287320429E+3	5.1787740760E-4
5.6481098199E-3	6.6969879428E+3	5.4403764760E-4
6.2052238176E-3	7.0426927568E+3	5.7018879612E-4
6.7884842360E-3	7.3658451442E+3	5.9633041614E-4
7.3978813281E-3	7.6595883782E+3	6.2246207073E-4
8.0334049101E-3	7.9145393862E+3	6.4858332323E-4
8.6950443616E-3	8.1278832471E+3	6.7469373705E-4
9.3827886258E-3	8.3052227143E+3	7.0079287589E-4
1.0096626210E-2	8.4507693898E+3	7.2688030358E-4
1.0836545184E-2	8.5594444571E+3	7.5295558414E-4
1.1602533184E-2	8.6245526789E+3	7.7901828182E-4
1.2394577408E-2	8.6497146991E+3	8.0506796108E-4
1.3212664621E-2	8.6433856305E+3	8.3110418659E-4
1.4056781152E-2	8.6047906088E+3	8.5712652325E-4
1.4926912893E-2	8.5289014063E+3	8.8313453619E-4
1.5823045305E-2	8.4210138033E+3	9.0912779076E-4
1.6745163410E-2	8.2894720538E+3	9.3510585261E-4
1.7693251801E-2	8.1325472941E+3	9.6106828758E-4
1.8667294632E-2	7.9498337657E+3	9.8701466182E-4
1.9667275626E-2	7.7499618809E+3	1.0129445417E-3
2.0693178073E-2	7.5357989887E+3	1.0388574939E-3
2.1744984827E-2	7.3060526092E+3	1.0647530855E-3
2.2822678313E-2	7.0671613177E+3	1.0906308836E-3
2.3926240519E-2	6.8228537708E+3	1.1164904558E-3
2.5055653005E-2	6.5727521854E+3	1.1423313699E-3
2.6210896896E-2	6.3216760168E+3	1.1681531941E-3
2.7391952886E-2	6.0718777385E+3	1.1939554970E-3
2.8598801239E-2	5.8240912851E+3	1.2197378472E-3
2.9831421786E-2	5.5812009163E+3	1.2454998140E-3
3.1089793929E-2	5.3440075024E+3	1.2712409668E-3
3.2373896638E-2	5.1137646865E+3	1.2969608754E-3
3.3683708455E-2	4.8906753280E+3	1.3226591101E-3
3.5019207490E-2	4.6759194163E+3	1.3483352414E-3
3.6380371427E-2	4.4685993837E+3	1.3739888402E-3
3.7767177517E-2	4.2689239054E+3	1.3996194778E-3
3.9179602586E-2	4.0767616511E+3	1.4252267258E-3
4.0617623030E-2	3.8899956873E+3	1.4508101565E-3
4.2081214817E-2	3.7100213980E+3	1.4763693421E-3
4.3570353490E-2	3.5329619816E+3	1.5019038556E-3
4.5085014162E-2	3.3609512424E+3	1.5274132703E-3
4.6625171522E-2	3.1897597283E+3	1.5528971598E-3
4.8190799831E-2	3.0214710533E+3	1.5783550984E-3
4.9781872927E-2	2.8524015520E+3	1.6037866605E-3
5.1398364219E-2	2.6845130500E+3	1.6291914212E-3
5.3040246694E-2	2.5148403843E+3	1.6545689559E-3
5.4707492914E-2	2.3456493054E+3	1.6799188405E-3
5.6400075017E-2	2.1744839667E+3	1.7052406515E-3
5.8117964718E-2	2.0043835497E+3	1.7305339655E-3
5.9861133308E-2	1.8332009259E+3	1.7557983600E-3
6.1629551657E-2	1.6648480139E+3	1.7810334128E-3
6.3423190212E-2	1.4976391556E+3	1.8062387021E-3
6.5242019000E-2	1.3357717382E+3	1.8314138067E-3
6.7086007624E-2	1.1786944157E+3	1.8565583060E-3
6.8955125270E-2	1.0296960093E+3	1.8816717796E-3
7.0849340702E-2	8.9010670358E+2	1.9067538080E-3
7.2768622264E-2	7.6141192252E+2	1.9318039720E-3
7.4712937885E-2	6.4646961970E+2	1.9568218529E-3
7.6682255070E-2	5.4554346471E+2	1.9818070327E-3
7.8676540910E-2	4.6109757583E+2	2.0067590939E-3
8.0695762079E-2	3.9361738381E+2	2.0316776194E-3
8.2739884832E-2	3.4365724733E+2	2.0565621928E-3
8.4808875009E-2	3.1180136077E+2	2.0814123983E-3
8.6902698034E-2	2.9733685177E+2	2.1062278206E-3
8.9021318917E-2	2.9961961607E+2	2.1310080450E-3
9.1164702253E-2	3.1724295614E+2	2.1557526574E-3
9.3332812224E-2	3.4843408498E+2	2.1804612443E-3
9.5525612596E-2	3.9086368628E+2	2.2051333928E-3
9.7743066726E-2	4.4169732831E+2	2.2297686905E-3
9.9985137556E-2	4.9830399956E+2	2.2543667257E-3
1.0225178762E-1	5.5738068708E+2	2.2789270875E-3
1.0454297904E-1	6.1539840231E+2	2.3034493653E-3
1.0685867352E-1	6.6960815702E+2	2.3279331494E-3
1.0919883237E-1	7.1708817350E+2	2.3523780306E-3
1.1156341648E-1	7.5471339418E+2	2.3767836004E-3
1.1395238633E-1	7.8042651744E+2	2.4011494510E-3
1.1636570200E-1	7.9295400543E+2	2.4254751751E-3
1.1880332317E-1	7.9101107769E+2	2.4497603662E-3
1.2126520909E-1	7.7393138128E+2	2.4740046186E-3
1.2375131862E-1	7.4230068954E+2	2.4982075270E-3
1.2626161023E-1	6.9742411561E+2	2.5223686871E-3
1.2879604195E-1	6.4082859413E+2	2.5464876949E-3
1.3135457143E-1	5.7454687436E+2	2.5705641475E-3
1.3393715592E-1	5.0136728080E+2	2.5945976426E-3
1.3654375226E-1	4.2450574079E+2	2.6185877784E-3
1.3917431689E-1	3.4715904813E+2	2.6425341541E-3
1.4182880585E-1	2.7237129109E+2	2.6664363695E-3
1.4450717478E-1	2.0305349846E+2	2.6902940251E-3
1.4720937892E-1	1.4187189948E+2	2.7141067224E-3
1.4993537310E-1	9.1012300494E+1	2.7378740632E-3
1.5268511179E-1	5.1991443100E+1	2.7615956505E-3
1.5545854902E-1	2.5591290049E+1	2.7852710878E-3
1.5825563845E-1	1.1867336085E+1	2.8088999795E-3
1.6107633333E-1	1.0172640657E+1	2.8324819307E-3
1.6392058653E-1	1.9194507254E+1	2.8560165473E-3
1.6678835052E-1	3.7031094889E+1	2.8795034361E-3
1.6967957737E-1	6.1322078085E+1	2.9029422044E-3
1.7259421876E-1	8.9422065838E+1	2.9263324607E-3
1.7553222599E-1	1.1859364424E+2	2.9496738141E-3
1.7849354996E-1	1.4619986079E+2	2.9729658744E-3
1.8147814117E-1	1.6988313043E+2	2.9962082525E-3
1.8448594977E-1	1.8772152450E+2	3.0194005599E-3
1.8751692548E-1	1.9835378485E+2	3.0425424091E-3
1.9057101764E-1	2.0106406076E+2	3.0656334132E-3
1.9364817522E-1	1.9581857094E+2	3.0886731866E-3
1.9674834681E-1	1.8324960587E+2	3.1116613440E-3
1.9987148058E-1	1.6458678440E+2	3.1345975014E-3
2.0301752435E-1	1.4154028717E+2	3.1574812755E-3
2.0618642554E-1	1.1614518194E+2	3.1803122838E-3
2.0937813120E-1	9.0579507759E+1	3.2030901448E-3
2.1259258799E-1	6.6971258023E+1	3.2258144779E-3
2.1582974219E-1	4.7210639678E+1	3.2484849032E-3
2.1908953970E-1	3.2783880124E+1	3.2711010421E-3
2.2237192605E-1	2.4643362014E+1	3.2936625164E-3
2.2567684639E-1	2.3126044251E+1	3.3161689492E-3
2.2900424548E-1	2.7928147817E+1	3.3386199643E-3
2.3235406772E-1	3.8139241361E+1	3.3610151867E-3
2.3572625713E-1	5.2333550930E+1	3.3833542419E-3
2.3912075735E-1	6.8711007792E+1	3.4056367567E-3
2.4253751167E-1	8.5275731010E+1	3.4278623588E-3
2.4597646298E-1	1.0003578107E+2	3.4500306767E-3
2.4943755380E-1	1.1120550413E+2	3.4721413399E-3
2.5292072631E-1	1.1739088704E+2	3.4941939790E-3
2.5642592230E-1	1.1773921226E+2	3.5161882254E-3
2.5995308318E-1	1.1203698813E+2	3.5381237115E-3
2.6350215001E-1	1.0074459444E+2	3.5600000709E-3
2.6707306349E-1	8.4962158975E+1	3.5818169379E-3
2.7066576394E-1	6.6328419674E+1	3.6035739479E-3
2.7428019131E-1	4.6861814410E+1	3.6252707373E-3
2.7791628522E-1	2.8759387282E+1	3.6469069436E-3
2.8157398488E-1	1.4172964983E+1	3.6684822051E-3
2.8525322919E-1	4.9831422509E+0	3.6899961614E-3
2.8895395665E-1	2.5913573495E+0	3.7114484529E-3
2.9267610542E-1	7.7509069133E+0	3.7328387211E-3
2.9641961330E-1	2.0459070690E+1	3.7541666086E-3
3.0018441773E-1	3.9930067374E+1	3.7754317588E-3
3.0397045579E-1	6.4656660682E+1	3.7966338166E-3
3.0777766421E-1	9.2548991623E+1	3.8177724274E-3
3.1160597938E-1	1.2112660497E+2	3.8388472382E-3
3.1545533730E-1	1.4774606279E+2	3.8598578967E-3
3.1932567367E-1	1.6986083792E+2	3.8808040517E-3
3.2321692379E-1	1.8530196399E+2	3.9016853533E-3
3.2712902264E-1	1.9253216820E+2	3.9225014525E-3
3.3106190484E-1	1.9081120083E+2	3.9432520014E-3
3.3501550468E-1	1.8025672348E+2	3.9639366533E-3
3.3898975607E-1	1.6184035163E+2	3.9845550624E-3
3.4298459261E-1	1.3733320017E+2	4.0051068843E-3
3.4699994753E-1	1.0915063251E+2	4.0255917754E-3
3.5103575373E-1	8.0079450850E+1	4.0460093936E-3
3.5509194378E-1	5.2973121049E+1	4.0663593974E-3
3.5916844988E-1	3.0483224175E+1	4.0866414469E-3
3.6326520391E-1	1.4794060930E+1	4.1068552032E-3
3.6738213741E-1	7.3707338392E+0	4.1270003283E-3
3.7151918157E-1	8.8209771544E+0	4.1470764858E-3
3.7567626728E-1	1.8863304291E+1	4.1670833400E-3
3.7985332504E-1	3.6334275456E+1	4.1870205567E-3
3.8405028507E-1	5.9327816027E+1	4.2068878026E-3
3.8826707721E-1	8.5479014015E+1	4.2266847457E-3
3.9250363101E-1	1.1218942099E+2	4.2464110553E-3
3.9675987567E-1	1.3685757411E+2	4.2660664016E-3
4.0103574005E-1	1.5726552922E+2	4.2856504563E-3
4.0533115271E-1	1.7180335638E+2	4.3051628919E-3
4.0964604185E-1	1.7948935644E+2	4.3246033825E-3
4.1398033538E-1	1.8015833605E+2	4.3439716031E-3
4.1833396086E-1	1.7447520905E+2	4.3632672302E-3
4.2270684554E-1	1.6362210852E+2	4.3824899412E-3
4.2709891633E-1	1.4924613044E+2	4.4016394148E-3
4.3151009985E-1	1.3327827411E+2	4.4207153312E-3
4.3594032237E-1	1.1746478918E+2	4.4397173715E-3
4.4038950986E-1	1.0333942374E+2	4.4586452181E-3
4.4485758797E-1	9.2036435573E+1	4.4774985548E-3
4.4934448203E-1	8.4005758587E+1	4.4962770664E-3
4.5385011706E-1	7.9258367841E+1	4.5149804392E-3
4.5837441776E-1	7.7267881550E+1	4.5336083606E-3
4.6291730852E-1	7.7092368878E+1	4.5521605193E-3
4.6747871344E-1	7.7735694243E+1	4.5706366053E-3
4.7205855627E-1	7.8099796421E+1	4.5890363098E-3
4.7665676049E-1	7.7360312465E+1	4.6073593254E-3
4.8127324926E-1	7.5012928964E+1	4.6256053458E-3
4.8590794542E-1	7.0907835861E+1	4.6437740661E-3
4.9056077152E-1	6.5349192599E+1	4.6618651826E-3
4.9523164982E-1	5.8887829804E+1	4.6798783932E-3
4.9992050224E-1	5.2294771707E+1	4.6978133967E-3
5.0462725044E-1	4.6334680050E+1	4.7156698934E-3
5.0935181576E-1	4.1637265858E+1	4.7334475849E-3
5.1409411924E-1	3.8552086629E+1	4.7511461741E-3
5.1885408164E-1	3.7103820116E+1	4.7687653653E-3
5.2363162341E-1	3.6932177226E+1	4.7863048641E-3
5.2842666471E-1	3.7455154538E+1	4.8037643772E-3
5.3323912540E-1	3.7860716042E+1	4.8211436130E-3
5.3806892508E-1	3.7433968045E+1	4.8384422809E-3
5.4291598301E-1	3.5536067531E+1	4.8556600920E-3
5.4778021821E-1	3.1939544009E+1	4.8727967585E-3
5.5266154939E-1	2.6715387227E+1	4.8898519940E-3
5.5755989496E-1	2.0430605763E+1	4.9068255135E-3
5.6247517308E-1	1.3908082003E+1	4.9237170334E-3
5.6740730160E-1	8.2414958481E+0	4.9405262713E-3
5.7235619810E-1	4.4881770304E+0	4.9572529464E-3
5.7732177988E-1	3.5694015352E+0	4.9738967791E-3
5.8230396395E-1	6.0385751077E+0	4.9904574913E-3
5.8730266706E-1	1.1985128885E+1	5.0069348063E-3
5.9231780568E-1	2.1013758016E+1	5.0233284486E-3
5.9734929598E-1	3.2236815410E+1	5.0396381444E-3
6.0239705389E-1	4.4481608317E+1	5.0558636210E-3
6.0746099506E-1	5.6384083437E+1	5.0720046074E-3
6.1254103485E-1	6.6672521966E+1	5.0880608338E-3
6.1763708838E-1	7.4325946383E+1	5.1040320318E-3
6.2274907048E-1	7.8695559754E+1	5.1199179345E-3
6.2787689573E-1	7.9673443228E+1	5.1357182766E-3
6.3302047843E-1	7.7520934349E+1	5.1514327939E-3
6.3817973262E-1	7.2972559699E+1	5.1670612238E-3
6.4335457209E-1	6.6894370820E+1	5.1826033052E-3
6.4854491036E-1	6.0250437074E+1	5.1980587783E-3
6.5375066070E-1	5.3864025014E+1	5.2134273849E-3
6.5897173609E-1	4.8281636780E+1	5.2287088681E-3
6.6420804930E-1	4.3771192306E+1	5.2439029725E-3
6.6945951283E-1	4.0251700354E+1	5.2590094442E-3
6.7472603890E-1	3.7428877003E+1	5.2740280309E-3
6.8000753951E-1	3.4879109465E+1	5.2889584814E-3
6.8530392640E-1	3.2189749527E+1	5.3038005463E-3
6.9061511106E-1	2.9068826571E+1	5.3185539776E-3
6.9594100473E-1	2.5419580157E+1	5.3332185287E-3
7.0128151841E-1	2.1350201133E+1	5.3477939546E-3
7.0663656285E-1	1.7124873969E+1	5.3622800116E-3
7.1200604856E-1	1.3096301021E+1	5.3766764577E-3
7.1738988581E-1	9.5886760563E+0	5.3909830523E-3
7.2278798463E-1	6.8194006645E+0	5.4051995564E-3
7.2820025482E-1	4.8473523665E+0	5.4193257323E-3
7.3362660591E-1	3.5679748841E+0	5.4333613439E-3
7.3906694724E-1	2.7644401585E+0	5.4473061568E-3
7.4452118788E-1	2.1816458850E+0	5.4611599379E-3
7.4998923669E-1	1.6261327844E+0	5.4749224557E-3
7.5547100229E-1	1.0309565682E+0	5.4885934801E-3
7.6096639308E-1	4.7976222465E-1	5.5021727828E-3
7.6647531721E-1	1.8994697725E-1	5.5156601367E-3
7.7199768263E-1	4.2864307006E-1	5.5290553166E-3
7.7753339704E-1	1.4111331896E+0	5.5423580985E-3
7.8308236795E-1	3.1985627950E+0	5.5555682601E-3
7.8864450262E-1	5.6227076994E+0	5.5686855808E-3
7.9421970809E-1	8.2969199900E+0	5.5817098412E-3
7.9980789121E-1	1.0681668730E+1	5.5946408237E-3
8.0540895857E-1	1.2199735454E+1	5.6074783123E-3
8.1102281659E-1	1.2419829218E+1	5.6202220924E-3
8.1664937145E-1	1.1212288092E+1	5.6328719509E-3
8.2228852912E-1	8.8147164338E+0	5.6454276767E-3
8.2794019536E-1	5.8326648701E+0	5.6578890597E-3
8.3360427572E-1	3.1371352648E+0	5.6702558918E-3
8.3928067556E-1	1.6389913643E+0	5.6825279663E-3
8.4496930000E-1	2.0288119198E+0	5.6947050782E-3
8.5067005399E-1	4.5522579605E+0	5.7067870238E-3
8.5638284226E-1	8.8594064631E+0	5.7187736014E-3
8.6210756934E-1	1.4007756728E+1	5.7306646105E-3
8.6784413956E-1	1.8656508059E+1	5.7424598526E-3
8.7359245705E-1	2.1398453252E+1	5.7541591304E-3
8.7935242576E-1	2.1169994559E+1	5.7657622485E-3
8.8512394943E-1	1.7672310302E+1	5.7772690129E-3
8.9090693161E-1	1.1671516398E+1	5.7886792314E-3
8.9670127565E-1	5.0519188946E+0	5.7999927133E-3
9.0250688473E-1	5.9014490003E-1	5.8112092696E-3
9.0832366182E-1	1.4751504518E+0	5.8223287127E-3
9.1415150972E-1	1.0624499044E+1	5.8333508568E-3
9.1999033104E-1	2.9922162596E+1	5.8442755178E-3
9.2584002820E-1	5.9573875266E+1	5.8551025132E-3
9.3170050345E-1	9.7751282559E+1	5.8658316618E-3
9.3757165885E-1	1.4061878038E+2	5.8764627846E-3
9.4345339628E-1	1.8278318265E+2	5.8869957037E-3
9.4934561746E-1	2.1814558195E+2	5.8974302433E-3
9.5524822392E-1	2.4102127065E+2	5.9077662288E-3
9.6116111701E-1	2.4728581181E+2	5.9180034877E-3
9.6708419793E-1	2.3528869038E+2	5.9281418487E-3
9.7301736769E-1	2.0634194657E+2	5.9381811425E-3
9.7896052713E-1	1.6467366054E+2	5.9481212013E-3
9.8491357695E-1	1.1681621863E+2	5.9579618591E-3
9.9087641766E-1	7.0504400390E+1	5.9677029512E-3
9.9684894961E-1	3.3283302432E+1	5.9773443150E-3
1.0028310730E+0	1.1114386348E+1	5.9868857894E-3
1.0088226878E+0	7.2727029533E+0	5.9963272149E-3
1.0148236940E+0	2.1756885199E+1	6.0056684336E-3
1.0208339913E+0	5.1323935595E+1	6.0149092896E-3
1.0268534791E+0	9.0140314253E+1	6.0240496283E-3
1.0328820570E+0	1.3092047790E+2	6.0330892971E-3
1.0389196241E+0	1.6632050077E+2	6.0420281448E-3
1.0449660796E+0	1.9029694072E+2	6.0508660221E-3
1.0510213224E+0	1.9915303601E+2	6.0596027814E-3
1.0570852514E+0	1.9207373775E+2	6.0682382765E-3
1.0631577652E+0	1.7107179640E+2	6.0767723631E-3
1.0692387623E+0	1.4039490945E+2	6.0852048988E-3
1.0753281411E+0	1.0555065851E+2	6.0935357425E-3
1.0814257998E+0	7.2173120338E+1	6.1017647550E-3
1.0875316366E+0	4.4972110155E+1	6.1098917988E-3
1.0936455494E+0	2.6970787563E+1	6.1179167381E-3
1.0997674360E+0	1.9158635058E+1	6.1258394388E-3
1.1058971941E+0	2.0584807918E+1	6.1336597685E-3
1.1120347214E+0	2.8818110738E+1	6.1413775965E-3
1.1181799151E+0	4.0628745783E+1	6.1489927938E-3
1.1243326727E+0	5.2718164831E+1	6.1565052331E-3
1.1304928913E+0	6.2338614328E+1	6.1639147890E-3
1.1366604679E+0	6.7693582740E+1	6.1712213376E-3
1.1428352996E+0	6.8077433405E+1	6.1784247568E-3
1.1490172830E+0	6.3778164618E+1	6.1855249261E-3
1.1552063150E+0	5.5815501415E+1	6.1925217271E-3
1.1614022920E+0	4.5607965879E+1	6.1994150427E-3
1.1676051105E+0	3.4656129917E+1	6.2062047577E-3
1.1738146669E+0	2.4301711186E+1	6.2128907587E-3
1.1800308574E+0	1.5585420080E+1	6.2194729339E-3
1.1862535782E+0	9.1933577518E+0	6.2259511734E-3
1.1924827251E+0	5.4619530700E+0	6.2323253688E-3
1.1987181942E+0	4.4085703115E+0	6.2385954138E-3
1.2049598812E+0	5.7661499324E+0	6.2447612034E-3
1.2112076818E+0	9.0179099511E+0	6.2508226346E-3
1.2174614916E+0	1.3443073790E+1	6.2567796062E-3
1.2237212062E+0	1.8189700789E+1	6.2626320186E-3
1.2299867208E+0	2.2383543590E+1	6.2683797740E-3
1.2362579308E+0	2.5265456906E+1	6.2740227763E-3
1.2425347314E+0	2.6331429094E+1	6.2795609313E-3
1.2488170177E+0	2.5437352794E+1	6.2849941464E-3
1.2551046847E+0	2.2831728576E+1	6.2903223308E-3
1.2613976273E+0	1.9095420293E+1	6.2955453954E-3
1.2676957404E+0	1.4994402013E+1	6.3006632530E-3
1.2739989187E+0	1.1280499786E+1	6.3056758180E-3
1.2803070569E+0	8.4959554262E+0	6.3105830068E-3
1.2866200496E+0	6.8416664086E+0	6.3153847371E-3
1.2929377912E+0	6.1528760948E+0	6.3200809290E-3
1.2992601762E+0	5.9935163131E+0	6.3246715037E-3
1.3055870990E+0	5.8411949620E+0	6.3291563847E-3
1.3119184537E+0	5.3021046947E+0	6.3335354970E-3
1.3182541347E+0	4.2809393894E+0	6.3378087674E-3
1.3245940360E+0	3.0418428802E+0	6.3419761245E-3
1.3309380516E+0	2.1308519770E+0	6.3460374987E-3
1.3372860756E+0	2.1782261707E+0	6.3499928220E-3
1.3436380019E+0	3.6448379312E+0	6.3538420284E-3
1.3499937243E+0	6.6040796226E+0	6.3575850535E-3
1.3563531366E+0	1.0648057428E+1	6.3612218349E-3
1.3627161325E+0	1.4972003717E+1	6.3647523117E-3
1.3690826057E+0	1.8632562547E+1	6.3681764249E-3
1.3754524499E+0	2.0911564735E+1	6.3714941173E-3
1.3818255585E+0	2.1668607284E+1	6.3747053335E-3
1.3882018250E+0	2.1551625215E+1	6.3778100198E-3
1.3945811430E+0	2.1963590095E+1	6.3808081243E-3
1.4009634057E+0	2.4750953319E+1	6.3836995970E-3
1.4073485066E+0	3.1667684593E+1	6.3864843894E-3
1.4137363389E+0	4.3751234766E+1	6.3891624551E-3
1.4201267959E+0	6.0796030876E+1	6.3917337493E-3
1.4265197708E+0	8.1106553383E+1	6.3941982290E-3
1.4329151568E+0	1.0165082331E+2	6.3965558531E-3
1.4393128469E+0	1.1862909815E+2	6.3988065821E-3
1.4457127343E+0	1.2834980922E+2	6.4009503785E-3
1.4521147120E+0	1.2820110969E+2	6.4029872063E-3
1.4585186731E+0	1.1745501754E+2	6.4049170317E-3
1.4649245104E+0	9.7662156376E+1	6.4067398222E-3
1.4713321170E+0	7.2488474097E+1	6.4084555476E-3
1.4777413858E+0	4.6989392243E+1	6.4100641790E-3
1.4841522097E+0	2.6473348272E+1	6.4115656896E-3
1.4905644815E+0	1.5231127258E+1	6.4129600544E-3
1.4969780940E+0	1.5461808108E+1	6.4142472499E-3
1.5033929402E+0	2.6690804838E+1	6.4154272548E-3
1.5098089128E+0	4.5855551689E+1	6.4165000493E-3
1.5162259046E+0	6.8059735725E+1	6.4174656154E-3
1.5226438083E+0	8.7814626349E+1	6.4183239370E-3
1.5290625167E+0	1.0044720669E+2	6.4190749998E-3
1.5354819225E+0	1.0330025047E+2	6.4197187912E-3
1.5419019185E+0	9.6397389148E+1	6.4202553005E-3
1.5483223974E+0	8.2386181964E+1	6.4206845187E-3
1.5547432518E+0	6.5767395272E+1	6.4210064386E-3
1.5611643745E+0	5.1615667614E+1	6.4212210549E-3
1.5675856581E+0	4.4140306502E+1	6.4213283639E-3
1.5740069954E+0	4.5483923515E+1	6.4213283639E-3
1.5804282791E+0	5.5095716616E+1	6.4212210549E-3
1.5868494018E+0	6.9860902521E+1	6.4210064386E-3
1.5932702562E+0	8.4960264417E+1	6.4206845187E-3
1.5996907351E+0	9.5231269827E+1	6.4202553005E-3
1.6061107310E+0	9.6661033246E+1	6.4197187912E-3
1.6125301369E+0	8.7601037391E+1	6.4190749998E-3
1.6189488453E+0	6.9365525721E+1	6.4183239370E-3
1.6253667490E+0	4.6040186436E+1	6.4174656154E-3
1.6317837408E+0	2.3539905771E+1	6.4165000493E-3
1.6381997134E+0	8.1558557051E+0	6.4154272548E-3
1.6446145595E+0	4.9682862559E+0	6.4142472499E-3
1.6510281721E+0	1.6535930554E+1	6.4129600544E-3
1.6574404439E+0	4.2197973947E+1	6.4115656896E-3
1.6638512678E+0	7.8162085260E+1	6.4100641790E-3
1.6702605366E+0	1.1834729074E+2	6.4084555476E-3
1.6766681432E+0	1.5575896630E+2	6.4067398222E-3
1.6830739805E+0	1.8404518480E+2	6.4049170317E-3
1.6894779416E+0	1.9885057515E+2	6.4029872063E-3
1.6958799193E+0	1.9865058211E+2	6.4009503785E-3
1.7022798067E+0	1.8489355486E+2	6.3988065821E-3
1.7086774968E+0	1.6145877396E+2	6.3965558531E-3
1.7150728827E+0	1.3360629620E+2	6.3941982290E-3
1.7214658576E+0	1.0670660701E+2	6.3917337493E-3
1.7278563146E+0	8.5069264249E+1	6.3891624551E-3
1.7342441470E+0	7.1137947493E+1	6.3864843894E-3
1.7406292478E+0	6.5204702733E+1	6.3836995970E-3
1.7470115106E+0	6.5653859084E+1	6.3808081243E-3
1.7533908286E+0	6.9615574336E+1	6.3778100198E-3
1.7597670951E+0	7.3822925734E+1	6.3747053335E-3
1.7661402037E+0	7.5442482974E+1	6.3714941173E-3
1.7725100479E+0	7.2685486509E+1	6.3681764249E-3
1.7788765211E+0	6.5087850640E+1	6.3647523117E-3
1.7852395170E+0	5.3445132004E+1	6.3612218349E-3
1.7915989293E+0	3.9475092496E+1	6.3575850535E-3
1.7979546517E+0	2.5334199586E+1	6.3538420284E-3
1.8043065780E+0	1.3126111731E+1	6.3499928220E-3
1.8106546020E+0	4.5138427731E+0	6.3460374987E-3
1.8169986176E+0	4.9706886481E-1	6.3419761245E-3
1.8233385189E+0	1.3606993871E+0	6.3378087674E-3
1.8296741999E+0	6.7573899325E+0	6.3335354970E-3
1.8360055546E+0	1.5865400069E+1	6.3291563847E-3
1.8423324774E+0	2.7565409354E+1	6.3246715037E-3
1.8486548624E+0	4.0598932883E+1	6.3200809290E-3
1.8549726040E+0	5.3695655258E+1	6.3153847371E-3
1.8612855967E+0	6.5676255238E+1	6.3105830068E-3
1.8675937349E+0	7.5544170789E+1	6.3056758180E-3
1.8738969132E+0	8.2573555134E+1	6.3006632530E-3
1.8801950263E+0	8.6386580858E+1	6.2955453954E-3
1.8864879689E+0	8.6999768016E+1	6.2903223308E-3
1.8927756359E+0	8.4814284262E+1	6.2849941464E-3
1.8990579222E+0	8.0533539572E+1	6.2795609313E-3
1.9053347228E+0	7.5011534412E+1	6.2740227763E-3
1.9116059328E+0	6.9060592488E+1	6.2683797740E-3
1.9178714474E+0	6.3267598676E+1	6.2626320186E-3
1.9241311620E+0	5.7874577618E+1	6.2567796062E-3
1.9303849718E+0	5.2767475046E+1	6.2508226346E-3
1.9366327724E+0	4.7587810192E+1	6.2447612034E-3
1.9428744594E+0	4.1943330416E+1	6.2385954138E-3
1.9491099285E+0	3.5657966968E+1	6.2323253688E-3
1.9553390754E+0	2.8980662818E+1	6.2259511734E-3
1.9615617961E+0	2.2675596801E+1	6.2194729339E-3
1.9677779867E+0	1.7944565948E+1	6.2128907587E-3
1.9739875431E+0	1.6179383582E+1	6.2062047577E-3
1.9801903616E+0	1.8595116920E+1	6.1994150427E-3
1.9863863386E+0	2.5837913883E+1	6.1925217271E-3
1.9925753706E+0	3.7679989489E+1	6.1855249261E-3
1.9987573540E+0	5.2901319781E+1	6.1784247568E-3
2.0049321857E+0	6.9414111882E+1	6.1712213376E-3
2.0110997623E+0	8.4622841714E+1	6.1639147890E-3
2.0172599809E+0	9.5946800910E+1	6.1565052331E-3
2.0234127385E+0	1.0138256675E+2	6.1489927938E-3
2.0295579322E+0	9.9965538101E+1	6.1413775965E-3
2.0356954595E+0	9.2009054262E+1	6.1336597685E-3
2.0418252176E+0	7.9052462687E+1	6.1258394388E-3
2.0479471042E+0	6.3522279310E+1	6.1179167381E-3
2.0540610170E+0	4.8184221455E+1	6.1098917988E-3
2.0601668538E+0	3.5518955588E+1	6.1017647550E-3
2.0662645125E+0	2.7176027853E+1	6.0935357425E-3
2.0723538913E+0	2.3642065562E+1	6.0852048988E-3
2.0784348884E+0	2.4204652845E+1	6.0767723631E-3
2.0845074022E+0	2.7216103370E+1	6.0682382765E-3
2.0905713312E+0	3.0582627743E+1	6.0596027814E-3
2.0966265740E+0	3.2346321835E+1	6.0508660221E-3
2.1026730295E+0	3.1206121551E+1	6.0420281448E-3
2.1087105966E+0	2.6844035751E+1	6.0330892971E-3
2.1147391745E+0	1.9977197370E+1	6.0240496283E-3
2.1207586623E+0	1.2129249121E+1	6.0149092896E-3
2.1267689596E+0	5.1882622750E+0	6.0056684336E-3
2.1327699657E+0	8.7505441770E-1	5.9963272149E-3
2.1387615806E+0	2.6989603766E-1	5.9868857894E-3
2.1447437040E+0	3.5281450600E+0	5.9773443150E-3
2.1507162359E+0	9.8601269803E+0	5.9677029512E-3
2.1566790766E+0	1.7775701573E+1	5.9579618591E-3
2.1626321265E+0	2.5523253898E+1	5.9481212013E-3
2.1685752859E+0	3.1603542917E+1	5.9381811425E-3
2.1745084557E+0	3.5218285700E+1	5.9281418487E-3
2.1804315366E+0	3.6525890584E+1	5.9180034877E-3
2.1863444297E+0	3.6625722391E+1	5.9077662288E-3
2.1922470361E+0	3.7269080621E+1	5.8974302433E-3
2.1981392573E+0	4.0372626978E+1	5.8869957037E-3
2.2040209947E+0	4.7459622482E+1	5.8764627846E-3
2.2098921501E+0	5.9168657957E+1	5.8658316618E-3
2.2157526254E+0	7.4957205924E+1	5.8551025132E-3
2.2216023226E+0	9.3088413136E+1	5.8442755178E-3
2.2274411439E+0	1.1091887279E+2	5.8333508568E-3
2.2332689918E+0	1.2542186000E+2	5.8223287127E-3
2.2390857689E+0	1.3382346219E+2	5.8112092696E-3
2.2448913779E+0	1.3421122261E+2	5.7999927133E-3
2.2506857220E+0	1.2597886633E+2	5.7886792314E-3
2.2564687042E+0	1.0999728147E+2	5.7772690129E-3
2.2622402278E+0	8.8469961347E+1	5.7657622485E-3
2.2680001965E+0	6.4517301151E+1	5.7541591304E-3
2.2737485140E+0	4.1587827684E+1	5.7424598526E-3
2.2794850843E+0	2.2817433694E+1	5.7306646105E-3
2.2852098113E+0	1.0476712824E+1	5.7187736014E-3
2.2909225996E+0	5.6316304643E+0	5.7067870238E-3
2.2966233536E+0	8.0729628353E+0	5.6947050782E-3
2.3023119780E+0	1.6504865711E+1	5.6825279663E-3
2.3079883779E+0	2.8945489156E+1	5.6702558918E-3
2.3136524582E+0	4.3235645973E+1	5.6578890597E-3
2.3193041245E+0	5.7514892706E+1	5.6454276767E-3
2.3249432821E+0	7.0567864851E+1	5.6328719509E-3
2.3305698370E+0	8.1984439912E+1	5.6202220924E-3
2.3361836950E+0	9.2089245604E+1	5.6074783123E-3
2.3417847624E+0	1.0167449510E+2	5.5946408237E-3
2.3473729455E+0	1.1163738844E+2	5.5817098412E-3
2.3529481510E+0	1.2259995485E+2	5.5686855808E-3
2.3585102856E+0	1.3461160919E+2	5.5555682601E-3
2.3640592565E+0	1.4703765817E+2	5.5423580985E-3
2.3695949710E+0	1.5862186598E+2	5.5290553166E-3
2.3751173364E+0	1.6771628050E+2	5.5156601367E-3
2.3806262605E+0	1.7268150078E+2	5.5021727828E-3
2.3861216513E+0	1.7228564869E+2	5.4885934801E-3
2.3916034169E+0	1.6600472544E+2	5.4749224557E-3
2.3970714657E+0	1.5425934742E+2	5.4611599379E-3
2.4025257064E+0	1.3842179872E+2	5.4473061568E-3
2.4079660477E+0	1.2056715179E+2	5.4333613439E-3
2.4133923988E+0	1.0315933921E+2	5.4193257323E-3
2.4188046690E+0	8.8606357883E+1	5.4051995564E-3
2.4242027678E+0	7.8767027284E+1	5.3909830523E-3
2.4295866050E+0	7.4639874940E+1	5.3766764577E-3
2.4349560907E+0	7.6164128584E+1	5.3622800116E-3
2.4403111352E+0	8.2210529175E+1	5.3477939546E-3
2.4456516489E+0	9.0818841707E+1	5.3332185287E-3
2.4509775425E+0	9.9551171185E+1	5.3185539776E-3
2.4562887272E+0	1.0595510927E+2	5.3038005463E-3
2.4615851141E+0	1.0801072363E+2	5.2889584814E-3
2.4668666147E+0	1.0450830222E+2	5.2740280309E-3
2.4721331408E+0	9.5271766263E+1	5.2590094442E-3
2.4773846043E+0	8.1169294279E+1	5.2439029725E-3
2.4826209175E+0	6.3993868822E+1	5.2287088681E-3
2.4878419929E+0	4.6117769246E+1	5.2134273849E-3
2.4930477432E+0	3.0103627609E+1	5.1980587783E-3
2.4982380815E+0	1.8282250702E+1	5.1826033052E-3
2.5034129210E+0	1.2348910399E+1	5.1670612238E-3
2.5085721752E+0	1.3133610587E+1	5.1514327939E-3
2.5137157579E+0	2.0458972307E+1	5.1357182766E-3
2.5188435831E+0	3.3209670211E+1	5.1199179345E-3
2.5239555652E+0	4.9521296118E+1	5.1040320318E-3
2.5290516187E+0	6.7083836740E+1	5.0880608338E-3
2.5341316585E+0	8.3494584325E+1	5.0720046074E-3
2.5391955997E+0	9.6608540441E+1	5.0558636210E-3
2.5442433576E+0	1.0481347729E+2	5.0396381444E-3
2.5492748479E+0	1.0722908192E+2	5.0233284486E-3
2.5542899865E+0	1.0375583676E+2	5.0069348063E-3
2.5592886896E+0	9.5035364075E+1	4.9904574913E-3
2.5642708737E+0	8.2284191802E+1	4.9738967791E-3
2.5692364555E+0	6.7079401028E+1	4.9572529464E-3
2.5741853520E+0	5.1107268461E+1	4.9405262713E-3
2.5791174805E+0	3.5927137780E+1	4.9237170334E-3
2.5840327586E+0	2.2786530079E+1	4.9068255135E-3
2.5889311042E+0	1.2497832779E+1	4.8898519940E-3
2.5938124354E+0	5.4035530643E+0	4.8727967585E-3
2.5986766706E+0	1.4074777583E+0	4.8556600920E-3
2.6035237285E+0	7.2479368628E-2	4.8384422809E-3
2.6083535282E+0	7.5045841081E-1	4.8211436130E-3
2.6131659889E+0	2.7251668454E+0	4.8037643772E-3
2.6179610302E+0	5.3400776532E+0	4.7863048641E-3
2.6227385719E+0	8.0947007177E+0	4.7687653653E-3
2.6274985343E+0	1.0690352477E+1	4.7511461741E-3
2.6322408378E+0	1.3040415600E+1	4.7334475849E-3
2.6369654032E+0	1.5215349861E+1	4.7156698934E-3
2.6416721513E+0	1.7393367243E+1	4.6978133967E-3
2.6463610038E+0	1.9748427455E+1	4.6798783932E-3
2.6510318821E+0	2.2401874410E+1	4.6618651826E-3
2.6556847082E+0	2.5331500980E+1	4.6437740661E-3
2.6603194043E+0	2.8366454172E+1	4.6256053458E-3
2.6649358931E+0	3.1187597423E+1	4.6073593254E-3
2.6695340973E+0	3.3362102222E+1	4.5890363098E-3
2.6741139402E+0	3.4447912033E+1	4.5706366053E-3
2.6786753451E+0	3.4043450416E+1	4.5521605193E-3
2.6832182358E+0	3.1920547356E+1	4.5336083606E-3
2.6877425365E+0	2.8077823132E+1	4.5149804392E-3
2.6922481716E+0	2.2789639647E+1	4.4962770664E-3
2.6967350656E+0	1.6635991186E+1	4.4774985548E-3
2.7012031437E+0	1.0436699475E+1	4.4586452181E-3
2.7056523312E+0	5.1946105424E+0	4.4397173715E-3
2.7100825537E+0	1.9724362315E+0	4.4207153312E-3
2.7144937373E+0	1.7519118604E+0	4.4016394148E-3
2.7188858081E+0	5.2979604246E+0	4.3824899412E-3
2.7232586927E+0	1.3024038892E+1	4.3632672302E-3
2.7276123182E+0	2.4907607331E+1	4.3439716031E-3
2.7319466117E+0	4.0426867224E+1	4.3246033825E-3
2.7362615009E+0	5.8578252158E+1	4.3051628919E-3
2.7405569135E+0	7.7961935432E+1	4.2856504563E-3
2.7448327779E+0	9.6878788452E+1	4.2660664016E-3
2.7490890226E+0	1.1351540824E+2	4.2464110553E-3
2.7533255764E+0	1.2616476457E+2	4.2266847457E-3
2.7575423685E+0	1.3339495266E+2	4.2068878026E-3
2.7617393285E+0	1.3423581786E+2	4.1870205567E-3
2.7659163863E+0	1.2835365987E+2	4.1670833400E-3
2.7700734720E+0	1.1611284357E+2	4.1470764858E-3
2.7742105162E+0	9.8568293607E+1	4.1270003283E-3
2.7783274497E+0	7.7423652690E+1	4.1068552032E-3
2.7824242037E+0	5.4895019700E+1	4.0866414469E-3
2.7865007098E+0	3.3488795068E+1	4.0663593974E-3
2.7905568999E+0	1.5761321910E+1	4.0460093936E-3
2.7945927061E+0	4.0717785512E+0	4.0255917754E-3
2.7986080610E+0	3.2697796288E-1	4.0051068843E-3
2.8026028975E+0	5.7619091453E+0	3.9845550624E-3
2.8065771489E+0	2.0793131710E+1	3.9639366533E-3
2.8105307487E+0	4.4946255816E+1	3.9432520014E-3
2.8144636309E+0	7.6861213343E+1	3.9225014525E-3
2.8183757298E+0	1.1439029590E+2	3.9016853533E-3
2.8222669799E+0	1.5478383403E+2	3.8808040517E-3
2.8261373163E+0	1.9493402861E+2	3.8598578967E-3
2.8299866742E+0	2.3164872831E+2	3.8388472382E-3
2.8338149894E+0	2.6193744655E+2	3.8177724274E-3
2.8376221978E+0	2.8328884447E+2	3.7966338166E-3
2.8414082359E+0	2.9390900861E+2	3.7754317588E-3
2.8451730403E+0	2.9289053540E+2	3.7541666086E-3
2.8489165482E+0	2.8029524052E+2	3.7328387211E-3
2.8526386969E+0	2.5714722254E+2	3.7114484529E-3
2.8563394244E+0	2.2534111071E+2	3.6899961614E-3
2.8600186687E+0	1.8747470042E+2	3.6684822051E-3
2.8636763684E+0	1.4662011823E+2	3.6469069436E-3
2.8673124623E+0	1.0605384821E+2	3.6252707373E-3
2.8709268897E+0	6.8971027049E+1	3.6035739479E-3
2.8745195901E+0	3.8211180632E+1	3.5818169379E-3
2.8780905036E+0	1.6020662872E+1	3.5600000709E-3
2.8816395704E+0	3.8724182678E+0	3.5381237115E-3
2.8851667313E+0	2.3574780467E+0	3.5161882254E-3
2.8886719273E+0	1.1155630326E+1	3.4941939790E-3
2.8921550998E+0	2.9085510146E+1	3.4721413399E-3
2.8956161906E+0	5.4227420018E+1	3.4500306767E-3
2.8990551419E+0	8.4106051681E+1	3.4278623588E-3
2.9024718962E+0	1.1591546625E+2	3.4056367567E-3
2.9058663965E+0	1.4676562036E+2	3.3833542419E-3
2.9092385859E+0	1.7392862582E+2	3.3610151867E-3
2.9125884081E+0	1.9506380993E+2	3.3386199643E-3
2.9159158072E+0	2.0840331967E+2	3.3161689492E-3
2.9192207275E+0	2.1288414245E+2	3.2936625164E-3
2.9225031139E+0	2.0821755477E+2	3.2711010421E-3
2.9257629114E+0	1.9489265037E+2	3.2484849032E-3
2.9290000656E+0	1.7411622875E+2	3.2258144779E-3
2.9322145224E+0	1.4769646503E+2	3.2030901448E-3
2.9354062280E+0	1.1788202961E+2	3.1803122838E-3
2.9385751292E+0	8.7171381181E+1	3.1574812755E-3
2.9417211730E+0	5.8108640923E+1	3.1345975014E-3
2.9448443068E+0	3.3082718920E+1	3.1116613440E-3
2.9479444784E+0	1.4145274765E+1	3.0886731866E-3
2.9510216360E+0	2.8608297719E+0	3.0656334132E-3
2.9540757281E+0	1.9916391032E-1	3.0425424091E-3
2.9571067038E+0	6.4763400635E+0	3.0194005599E-3
2.9601145124E+0	2.1346641657E+1	2.9962082525E-3
2.9630991036E+0	4.3843730536E+1	2.9729658744E-3
2.9660604276E+0	7.2465749259E+1	2.9496738141E-3
2.9689984348E+0	1.0529616801E+2	2.9263324607E-3
2.9719130762E+0	1.4015008033E+2	2.9029422044E-3
2.9748043031E+0	1.7473443298E+2	2.8795034361E-3
2.9776720671E+0	2.0681027980E+2	2.8560165473E-3
2.9805163203E+0	2.3434550677E+2	2.8324819307E-3
2.9833370151E+0	2.5564760652E+2	2.8088999795E-3
2.9861341046E+0	2.6946809754E+2	2.7852710878E-3
2.9889075418E+0	2.7507303875E+2	2.7615956505E-3
2.9916572805E+0	2.7227724471E+2	2.7378740632E-3
2.9943832747E+0	2.6144232228E+2	2.7141067224E-3
2.9970854788E+0	2.4344008879E+2	2.6902940251E-3
2.9997638477E+0	2.1958424977E+2	2.6664363695E-3
3.0024183367E+0	1.9153588199E+2	2.6425341541E-3
3.0050489013E+0	1.6119158136E+2	2.6185877784E-3
3.0076554977E+0	1.3056369336E+2	2.5945976426E-3
3.0102380822E+0	1.0165876344E+2	2.5705641475E-3
3.0127966116E+0	7.6358695746E+1	2.5464876949E-3
3.0153310434E+0	5.6313477347E+1	2.5223686871E-3
3.0178413350E+0	4.2856454223E+1	2.4982075270E-3
3.0203274445E+0	3.6943236975E+1	2.4740046186E-3
3.0227893304E+0	3.9107102519E+1	2.4497603662E-3
3.0252269516E+0	4.9436497134E+1	2.4254751751E-3
3.0276402673E+0	6.7589684367E+1	2.4011494510E-3
3.0300292371E+0	9.2835501322E+1	2.3767836004E-3
3.0323938212E+0	1.2409444076E+2	2.3523780306E-3
3.0347339801E+0	1.5999526320E+2	2.3279331494E-3
3.0370496746E+0	1.9896898201E+2	2.3034493653E-3
3.0393408660E+0	2.3933791784E+2	2.2789270875E-3
3.0416075160E+0	2.7937824231E+2	2.2543667257E-3
3.0438495869E+0	3.1741005021E+2	2.2297686905E-3
3.0460670410E+0	3.5189378334E+2	2.2051333928E-3
3.0482598414E+0	3.8147155868E+2	2.1804612443E-3
3.0504279513E+0	4.0501824315E+2	2.1557526574E-3
3.0525713347E+0	4.2170698033E+2	2.1310080450E-3
3.0546899556E+0	4.3100913715E+2	2.1062278206E-3
3.0567837786E+0	4.3270232011E+2	2.0814123983E-3
3.0588527688E+0	4.2688775237E+2	2.0565621928E-3
3.0608968915E+0	4.1394727028E+2	2.0316776194E-3
3.0629161127E+0	3.9452416739E+2	2.0067590939E-3
3.0649103985E+0	3.6949168849E+2	1.9818070327E-3
3.0668797157E+0	3.3989359302E+2	1.9568218529E-3
3.0688240313E+0	3.0690823688E+2	1.9318039720E-3
3.0707433129E+0	2.7179099168E+2	1.9067538080E-3
3.0726375283E+0	2.3582803982E+2	1.8816717796E-3
3.0745066460E+0	2.0028381131E+2	1.8565583060E-3
3.0763506346E+0	1.6636761985E+2	1.8314138067E-3
3.0781694634E+0	1.3518174467E+2	1.8062387021E-3
3.0799631019E+0	1.0770576414E+2	1.7810334128E-3
3.0817315203E+0	8.4760096832E+1	1.7557983600E-3
3.0834746889E+0	6.6994405743E+1	1.7305339655E-3
3.0851925786E+0	5.4882540168E+1	1.7052406515E-3
3.0868851607E+0	4.8704656607E+1	1.6799188405E-3
3.0885524069E+0	4.8576171200E+1	1.6545689559E-3
3.0901942894E+0	5.4422606442E+1	1.6291914212E-3
3.0918107807E+0	6.6034516601E+1	1.6037866605E-3
3.0934018538E+0	8.3038933619E+1	1.5783550984E-3
3.0949674821E+0	1.0496762359E+2	1.5528971598E-3
3.0965076394E+0	1.3123160853E+2	1.5274132703E-3
3.0980223001E+0	1.6118662905E+2	1.5019038556E-3
3.0995114388E+0	1.9412215987E+2	1.4763693421E-3
3.1009750306E+0	2.2930280828E+2	1.4508101565E-3
3.1024130510E+0	2.6598913998E+2	1.4252267258E-3
3.1038254761E+0	3.0343288470E+2	1.3996194778E-3
3.1052122822E+0	3.4094181933E+2	1.3739888402E-3
3.1065734461E+0	3.7782581591E+2	1.3483352414E-3
3.1079089451E+0	4.1348611230E+2	1.3226591101E-3
3.1092187570E+0	4.4735488497E+2	1.2969608754E-3
3.1105028597E+0	4.7894468479E+2	1.2712409668E-3
3.1117612318E+0	5.0785096136E+2	1.2454998140E-3
3.1129938524E+0	5.3371459228E+2	1.2197378472E-3
3.1142007007E+0	5.5628516572E+2	1.1939554970E-3
3.1153817567E+0	5.7536401467E+2	1.1681531941E-3
3.1165370006E+0	5.9081897002E+2	1.1423313699E-3
3.1176664131E+0	6.0260786749E+2	1.1164904558E-3
3.1187699753E+0	6.1072236026E+2	1.0906308836E-3
3.1198476688E+0	6.1521605872E+2	1.0647530855E-3
3.1208994755E+0	6.1620667719E+2	1.0388574939E-3
3.1219253780E+0	6.1383110056E+2	1.0129445417E-3
3.1229253590E+0	6.0826618733E+2	9.8701466182E-4
3.1238994018E+0	5.9973227631E+2	9.6106828758E-4
3.1248474902E+0	5.8845649570E+2	9.3510585261E-4
3.1257696083E+0	5.7467821959E+2	9.0912779076E-4
3.1266657407E+0	5.5866200465E+2	8.8313453619E-4
3.1275358724E+0	5.4067481070E+2	8.5712652325E-4
3.1283799890E+0	5.2097383348E+2	8.3110418659E-4
3.1291980762E+0	4.9981877734E+2	8.0506796108E-4
3.1299901204E+0	4.7747107896E+2	7.7901828182E-4
3.1307561084E+0	4.5417864271E+2	7.5295558414E-4
3.1314960274E+0	4.3017221196E+2	7.2688030358E-4
3.1322098650E+0	4.0567267111E+2	7.0079287589E-4
3.1328976092E+0	3.8089185861E+2	6.7469373705E-4
3.1335592487E+0	3.5602574519E+2	6.4858332323E-4
3.1341947723E+0	3.3125082777E+2	6.2246207073E-4
3.1348041694E+0	3.0672689050E+2	5.9633041614E-4
3.1353874298E+0	2.8260040329E+2	5.7018879612E-4
3.1359445438E+0	2.5900455883E+2	5.4403764760E-4
3.1364755020E+0	2.3605754633E+2	5.1787740760E-4
3.1369802957E+0	2.1386205524E+2	4.9170851331E-4
3.1374589163E+0	1.9250667718E+2	4.6553140213E-4
3.1379113559E+0	1.7206794308E+2	4.3934651156E-4
3.1383376069E+0	1.5261181992E+2	4.1315427928E-4
3.1387376622E+0	1.3419450289E+2	3.8695514312E-4
3.1391115150E+0	1.1686295965E+2	3.6074954110E-4
3.1394591592E+0	1.0065563573E+2	3.3453791144E-4
3.1397805890E+0	8.5603411094E+1	3.0832069259E-4
3.1400757989E+0	7.1730680503E+1	2.8209832342E-4
3.1403447841E+0	5.9056400638E+1	2.5587124334E-4
3.1405875400E+0	4.7595019432E+1	2.2963989267E-4
3.1408040626E+0	3.7357276501E+1	2.0340471372E-4
3.1409943483E+0	2.8350898529E+1	1.7716615272E-4
3.1411583939E+0	2.0581214835E+1	1.5092466531E-4
3.1412961968E+0	1.4051706005E+1	1.2468073282E-4
3.1414077547E+0	8.7644862150E+0	9.8434919423E-5
3.1414930663E+0	4.7207103147E+0	7.2188137769E-5
3.1415521316E+0	1.9208694219E+0	4.5943520243E-5
3.1415849628E+0	3.6456652910E-1	1.9736940383E-5