# Differential cross section		
# Author: P. Swaczyna	Princeton University	(swaczyna@princeton.edu)
# Date: 	Wed 17 Feb 2021 07:03:02	
# 		
# Indistinguishable particle collision: He^0 + He^+ -> He^0 + He^+		
# 		
# Red. mass: 	1.8640723202E+9	 eV/c^2
# CM energy: 	2.7542287033E-1	 eV
# Rel speed: 	5.1535242261E+5	 cm/s
# Tot sigma: 	4.7903462627E+2	 a.u.
# Int sigma: 	4.7903325384E+2	 a.u.
# 		
# Columns:		
# the <- scattering angle (rad)		
# dcs <- dsigma/dOmega*2*pi*sin(the) (a.u. = 2.8002852056E-17 cm^2)		
# wei <- weight for cross section integration (approx. width of angle bin)		
# 		
# the	dcs	wei
7.6907532846E-6	1.5970099807E+1	1.9736940383E-5
4.0521979771E-5	8.4137376613E+1	4.5943520243E-5
9.9587300392E-5	2.0667649898E+2	7.2188137769E-5
1.8489884726E-4	3.8318141452E+2	9.8434919423E-5
2.9645680168E-4	6.1246233918E+2	1.2468073282E-4
4.3425968311E-4	8.9202719686E+2	1.5092466531E-4
5.9830531657E-4	1.2175764366E+3	1.7716615272E-4
7.8859101285E-4	1.5827863668E+3	2.0340471372E-4
1.0051136166E-3	1.9796947166E+3	2.2963989267E-4
1.2478695220E-3	2.3998696145E+3	2.5587124334E-4
1.5168546797E-3	2.8361193092E+3	2.8209832342E-4
1.8120645986E-3	3.2838830809E+3	3.0832069259E-4
2.1334943481E-3	3.7410822465E+3	3.3453791144E-4
2.4811385584E-3	4.2057519866E+3	3.6074954110E-4
2.8549914211E-3	4.6724917397E+3	3.8695514312E-4
3.2550466893E-3	5.1307811189E+3	4.1315427928E-4
3.6812976783E-3	5.5681646899E+3	4.3934651156E-4
4.1337372652E-3	5.9770962454E+3	4.6553140213E-4
4.6123578895E-3	6.3584088916E+3	4.9170851331E-4
5.1171515529E-3	6.7153621734E+3	5.1787740760E-4
5.6481098199E-3	7.0436353048E+3	5.4403764760E-4
6.2052238176E-3	7.3315249834E+3	5.7018879612E-4
6.7884842360E-3	7.5731103238E+3	5.9633041614E-4
7.3978813281E-3	7.7747216293E+3	6.2246207073E-4
8.0334049101E-3	7.9412806782E+3	6.4858332323E-4
8.6950443616E-3	8.0655004009E+3	6.7469373705E-4
9.3827886258E-3	8.1424239151E+3	7.0079287589E-4
1.0096626210E-2	8.1809896230E+3	7.2688030358E-4
1.0836545184E-2	8.1863344086E+3	7.5295558414E-4
1.1602533184E-2	8.1525041936E+3	7.7901828182E-4
1.2394577408E-2	8.0832113381E+3	8.0506796108E-4
1.3212664621E-2	7.9881114568E+3	8.3110418659E-4
1.4056781152E-2	7.8650964000E+3	8.5712652325E-4
1.4926912893E-2	7.7163134733E+3	8.8313453619E-4
1.5823045305E-2	7.5504084172E+3	9.0912779076E-4
1.6745163410E-2	7.3666609694E+3	9.3510585261E-4
1.7693251801E-2	7.1684632649E+3	9.6106828758E-4
1.8667294632E-2	6.9610482517E+3	9.8701466182E-4
1.9667275626E-2	6.7442531378E+3	1.0129445417E-3
2.0693178073E-2	6.5218217258E+3	1.0388574939E-3
2.1744984827E-2	6.2950299480E+3	1.0647530855E-3
2.2822678313E-2	6.0651940433E+3	1.0906308836E-3
2.3926240519E-2	5.8329061060E+3	1.1164904558E-3
2.5055653005E-2	5.5994167521E+3	1.1423313699E-3
2.6210896896E-2	5.3635468017E+3	1.1681531941E-3
2.7391952886E-2	5.1265124279E+3	1.1939554970E-3
2.8598801239E-2	4.8864575078E+3	1.2197378472E-3
2.9831421786E-2	4.6439478737E+3	1.2454998140E-3
3.1089793929E-2	4.3973916887E+3	1.2712409668E-3
3.2373896638E-2	4.1469841654E+3	1.2969608754E-3
3.3683708455E-2	3.8915204681E+3	1.3226591101E-3
3.5019207490E-2	3.6318464392E+3	1.3483352414E-3
3.6380371427E-2	3.3667902441E+3	1.3739888402E-3
3.7767177517E-2	3.0989910569E+3	1.3996194778E-3
3.9179602586E-2	2.8270050549E+3	1.4252267258E-3
4.0617623030E-2	2.5557012211E+3	1.4508101565E-3
4.2081214817E-2	2.2839151306E+3	1.4763693421E-3
4.3570353490E-2	2.0174915366E+3	1.5019038556E-3
4.5085014162E-2	1.7574446431E+3	1.5274132703E-3
4.6625171522E-2	1.5079884797E+3	1.5528971598E-3
4.8190799831E-2	1.2737069799E+3	1.5783550984E-3
4.9781872927E-2	1.0564588176E+3	1.6037866605E-3
5.1398364219E-2	8.6182607541E+2	1.6291914212E-3
5.3040246694E-2	6.9212536611E+2	1.6545689559E-3
5.4707492914E-2	5.4982831302E+2	1.6799188405E-3
5.6400075017E-2	4.3805710887E+2	1.7052406515E-3
5.8117964718E-2	3.5716539449E+2	1.7305339655E-3
5.9861133308E-2	3.0736626178E+2	1.7557983600E-3
6.1629551657E-2	2.8812010042E+2	1.7810334128E-3
6.3423190212E-2	2.9697492560E+2	1.8062387021E-3
6.5242019000E-2	3.3070502252E+2	1.8314138067E-3
6.7086007624E-2	3.8506711262E+2	1.8565583060E-3
6.8955125270E-2	4.5473130949E+2	1.8816717796E-3
7.0849340702E-2	5.3397276729E+2	1.9067538080E-3
7.2768622264E-2	6.1656650676E+2	1.9318039720E-3
7.4712937885E-2	6.9591979552E+2	1.9568218529E-3
7.6682255070E-2	7.6596848509E+2	1.9818070327E-3
7.8676540910E-2	8.2156043761E+2	2.0067590939E-3
8.0695762079E-2	8.5827650594E+2	2.0316776194E-3
8.2739884832E-2	8.7267418241E+2	2.0565621928E-3
8.4808875009E-2	8.6291317714E+2	2.0814123983E-3
8.6902698034E-2	8.2903280120E+2	2.1062278206E-3
8.9021318917E-2	7.7274908131E+2	2.1310080450E-3
9.1164702253E-2	6.9717436485E+2	2.1557526574E-3
9.3332812224E-2	6.0666603930E+2	2.1804612443E-3
9.5525612596E-2	5.0666461371E+2	2.2051333928E-3
9.7743066726E-2	4.0335823532E+2	2.2297686905E-3
9.9985137556E-2	3.0318242359E+2	2.2543667257E-3
1.0225178762E-1	2.1226819147E+2	2.2789270875E-3
1.0454297904E-1	1.3593440747E+2	2.3034493653E-3
1.0685867352E-1	7.8265952840E+1	2.3279331494E-3
1.0919883237E-1	4.1792244995E+1	2.3523780306E-3
1.1156341648E-1	2.7282101866E+1	2.3767836004E-3
1.1395238633E-1	3.3676857358E+1	2.4011494510E-3
1.1636570200E-1	5.8179558234E+1	2.4254751751E-3
1.1880332317E-1	9.6503910709E+1	2.4497603662E-3
1.2126520909E-1	1.4326830568E+2	2.4740046186E-3
1.2375131862E-1	1.9250282283E+2	2.4982075270E-3
1.2626161023E-1	2.3822322871E+2	2.5223686871E-3
1.2879604195E-1	2.7501677235E+2	2.5464876949E-3
1.3135457143E-1	2.9858070017E+2	2.5705641475E-3
1.3393715592E-1	3.0615637806E+2	2.5945976426E-3
1.3654375226E-1	2.9680995780E+2	2.6185877784E-3
1.3917431689E-1	2.7152437078E+2	2.6425341541E-3
1.4182880585E-1	2.3308611415E+2	2.6664363695E-3
1.4450717478E-1	1.8577218247E+2	2.6902940251E-3
1.4720937892E-1	1.3486537474E+2	2.7141067224E-3
1.4993537310E-1	8.6047432003E+1	2.7378740632E-3
1.5268511179E-1	4.4736181531E+1	2.7615956505E-3
1.5545854902E-1	1.5442363484E+1	2.7852710878E-3
1.5825563845E-1	1.2221614128E+0	2.8088999795E-3
1.6107633333E-1	3.2923663565E+0	2.8324819307E-3
1.6392058653E-1	2.0858534731E+1	2.8560165473E-3
1.6678835052E-1	5.1185724450E+1	2.8795034361E-3
1.6967957737E-1	8.9917950035E+1	2.9029422044E-3
1.7259421876E-1	1.3162339567E+2	2.9263324607E-3
1.7553222599E-1	1.7050367727E+2	2.9496738141E-3
1.7849354996E-1	2.0116450767E+2	2.9729658744E-3
1.8147814117E-1	2.1932859621E+2	2.9962082525E-3
1.8448594977E-1	2.2240280075E+2	3.0194005599E-3
1.8751692548E-1	2.0986425626E+2	3.0425424091E-3
1.9057101764E-1	1.8343266619E+2	3.0656334132E-3
1.9364817522E-1	1.4693943190E+2	3.0886731866E-3
1.9674834681E-1	1.0581967718E+2	3.1116613440E-3
1.9987148058E-1	6.6327922638E+1	3.1345975014E-3
2.0301752435E-1	3.4706528513E+1	3.1574812755E-3
2.0618642554E-1	1.6389852006E+1	3.1803122838E-3
2.0937813120E-1	1.5187961752E+1	3.2030901448E-3
2.1259258799E-1	3.2617194463E+1	3.2258144779E-3
2.1582974219E-1	6.7659676359E+1	3.2484849032E-3
2.1908953970E-1	1.1685508700E+2	3.2711010421E-3
2.2237192605E-1	1.7460738144E+2	3.2936625164E-3
2.2567684639E-1	2.3397164650E+2	3.3161689492E-3
2.2900424548E-1	2.8769328160E+2	3.3386199643E-3
2.3235406772E-1	3.2899924880E+2	3.3610151867E-3
2.3572625713E-1	3.5258667023E+2	3.3833542419E-3
2.3912075735E-1	3.5563431643E+2	3.4056367567E-3
2.4253751167E-1	3.3789508255E+2	3.4278623588E-3
2.4597646298E-1	3.0172359638E+2	3.4500306767E-3
2.4943755380E-1	2.5206619971E+2	3.4721413399E-3
2.5292072631E-1	1.9532208477E+2	3.4941939790E-3
2.5642592230E-1	1.3849751857E+2	3.5161882254E-3
2.5995308318E-1	8.8393849804E+1	3.5381237115E-3
2.6350215001E-1	5.0227451878E+1	3.5600000709E-3
2.6707306349E-1	2.7193216183E+1	3.5818169379E-3
2.7066576394E-1	1.9981852118E+1	3.6035739479E-3
2.7428019131E-1	2.6721155108E+1	3.6252707373E-3
2.7791628522E-1	4.3566596460E+1	3.6469069436E-3
2.8157398488E-1	6.5345835340E+1	3.6684822051E-3
2.8525322919E-1	8.6593798159E+1	3.6899961614E-3
2.8895395665E-1	1.0251898463E+2	3.7114484529E-3
2.9267610542E-1	1.0987025705E+2	3.7328387211E-3
2.9641961330E-1	1.0741371688E+2	3.7541666086E-3
3.0018441773E-1	9.6178614499E+1	3.7754317588E-3
3.0397045579E-1	7.9007909358E+1	3.7966338166E-3
3.0777766421E-1	6.0105506228E+1	3.8177724274E-3
3.1160597938E-1	4.3909176002E+1	3.8388472382E-3
3.1545533730E-1	3.4379505057E+1	3.8598578967E-3
3.1932567367E-1	3.3908863490E+1	3.8808040517E-3
3.2321692379E-1	4.3039621729E+1	3.9016853533E-3
3.2712902264E-1	6.0078959967E+1	3.9225014525E-3
3.3106190484E-1	8.1644837833E+1	3.9432520014E-3
3.3501550468E-1	1.0314203669E+2	3.9639366533E-3
3.3898975607E-1	1.1987785044E+2	3.9845550624E-3
3.4298459261E-1	1.2793696844E+2	4.0051068843E-3
3.4699994753E-1	1.2508177545E+2	4.0255917754E-3
3.5103575373E-1	1.1129323240E+2	4.0460093936E-3
3.5509194378E-1	8.8744087495E+1	4.0663593974E-3
3.5916844988E-1	6.1531784047E+1	4.0866414469E-3
3.6326520391E-1	3.4722998382E+1	4.1068552032E-3
3.6738213741E-1	1.3416166658E+1	4.1270003283E-3
3.7151918157E-1	1.6120424049E+0	4.1470764858E-3
3.7567626728E-1	1.3555545370E+0	4.1670833400E-3
3.7985332504E-1	1.2278605227E+1	4.1870205567E-3
3.8405028507E-1	3.1638184227E+1	4.2068878026E-3
3.8826707721E-1	5.4890436381E+1	4.2266847457E-3
3.9250363101E-1	7.6620654294E+1	4.2464110553E-3
3.9675987567E-1	9.1807474392E+1	4.2660664016E-3
4.0103574005E-1	9.6905760541E+1	4.2856504563E-3
4.0533115271E-1	9.0676287589E+1	4.3051628919E-3
4.0964604185E-1	7.4640783943E+1	4.3246033825E-3
4.1398033538E-1	5.2771567042E+1	4.3439716031E-3
4.1833396086E-1	3.0690436407E+1	4.3632672302E-3
4.2270684554E-1	1.4555479075E+1	4.3824899412E-3
4.2709891633E-1	9.6593829565E+0	4.4016394148E-3
4.3151009985E-1	1.9189563501E+1	4.4207153312E-3
4.3594032237E-1	4.3454203793E+1	4.4397173715E-3
4.4038950986E-1	7.9635202626E+1	4.4586452181E-3
4.4485758797E-1	1.2221621196E+2	4.4774985548E-3
4.4934448203E-1	1.6403695575E+2	4.4962770664E-3
4.5385011706E-1	1.9768014725E+2	4.5149804392E-3
4.5837441776E-1	2.1694640784E+2	4.5336083606E-3
4.6291730852E-1	2.1816031500E+2	4.5521605193E-3
4.6747871344E-1	2.0096216639E+2	4.5706366053E-3
4.7205855627E-1	1.6837762917E+2	4.5890363098E-3
4.7665676049E-1	1.2620147910E+2	4.6073593254E-3
4.8127324926E-1	8.1843589980E+1	4.6256053458E-3
4.8590794542E-1	4.2838110116E+1	4.6437740661E-3
4.9056077152E-1	1.5315336109E+1	4.6618651826E-3
4.9523164982E-1	2.7903549792E+0	4.6798783932E-3
4.9992050224E-1	5.5442842944E+0	4.6978133967E-3
5.0462725044E-1	2.0714533068E+1	4.7156698934E-3
5.0935181576E-1	4.3054624377E+1	4.7334475849E-3
5.1409411924E-1	6.6194513695E+1	4.7511461741E-3
5.1885408164E-1	8.4126617376E+1	4.7687653653E-3
5.2363162341E-1	9.2582816117E+1	4.7863048641E-3
5.2842666471E-1	8.9984422497E+1	4.8037643772E-3
5.3323912540E-1	7.7745143792E+1	4.8211436130E-3
5.3806892508E-1	5.9859377914E+1	4.8384422809E-3
5.4291598301E-1	4.1874317110E+1	4.8556600920E-3
5.4778021821E-1	2.9486556276E+1	4.8727967585E-3
5.5266154939E-1	2.7092670876E+1	4.8898519940E-3
5.5755989496E-1	3.6639045185E+1	4.9068255135E-3
5.6247517308E-1	5.7053058361E+1	4.9237170334E-3
5.6740730160E-1	8.4406479411E+1	4.9405262713E-3
5.7235619810E-1	1.1279022902E+2	4.9572529464E-3
5.7732177988E-1	1.3570665177E+2	4.9738967791E-3
5.8230396395E-1	1.4765271545E+2	4.9904574913E-3
5.8730266706E-1	1.4550913817E+2	5.0069348063E-3
5.9231780568E-1	1.2938410439E+2	5.0233284486E-3
5.9734929598E-1	1.0268225090E+2	5.0396381444E-3
6.0239705389E-1	7.1354314677E+1	5.0558636210E-3
6.0746099506E-1	4.2487416791E+1	5.0720046074E-3
6.1254103485E-1	2.2569846457E+1	5.0880608338E-3
6.1763708838E-1	1.5861291632E+1	5.1040320318E-3
6.2274907048E-1	2.3290259562E+1	5.1199179345E-3
6.2787689573E-1	4.2181109043E+1	5.1357182766E-3
6.3302047843E-1	6.6908577663E+1	5.1514327939E-3
6.3817973262E-1	9.0337241656E+1	5.1670612238E-3
6.4335457209E-1	1.0568934062E+2	5.1826033052E-3
6.4854491036E-1	1.0835620022E+2	5.1980587783E-3
6.5375066070E-1	9.7165824221E+1	5.2134273849E-3
6.5897173609E-1	7.4749598051E+1	5.2287088681E-3
6.6420804930E-1	4.6885198605E+1	5.2439029725E-3
6.6945951283E-1	2.0970443435E+1	5.2590094442E-3
6.7472603890E-1	4.0277864170E+0	5.2740280309E-3
6.8000753951E-1	7.8051452457E-1	5.2889584814E-3
6.8530392640E-1	1.2334725720E+1	5.3038005463E-3
6.9061511106E-1	3.5842177788E+1	5.3185539776E-3
6.9594100473E-1	6.5248791253E+1	5.3332185287E-3
7.0128151841E-1	9.2927201708E+1	5.3477939546E-3
7.0663656285E-1	1.1173808132E+2	5.3622800116E-3
7.1200604856E-1	1.1694003704E+2	5.3766764577E-3
7.1738988581E-1	1.0741133947E+2	5.3909830523E-3
7.2278798463E-1	8.5848146877E+1	5.4051995564E-3
7.2820025482E-1	5.7904366663E+1	5.4193257323E-3
7.3362660591E-1	3.0547293987E+1	5.4333613439E-3
7.3906694724E-1	1.0126189030E+1	5.4473061568E-3
7.4452118788E-1	7.1972796957E-1	5.4611599379E-3
7.4998923669E-1	3.2234302731E+0	5.4749224557E-3
7.5547100229E-1	1.5396159085E+1	5.4885934801E-3
7.6096639308E-1	3.2785589930E+1	5.5021727828E-3
7.6647531721E-1	5.0192279491E+1	5.5156601367E-3
7.7199768263E-1	6.3190830327E+1	5.5290553166E-3
7.7753339704E-1	6.9244117038E+1	5.5423580985E-3
7.8308236795E-1	6.8111172141E+1	5.5555682601E-3
7.8864450262E-1	6.1502983940E+1	5.5686855808E-3
7.9421970809E-1	5.2194172360E+1	5.5817098412E-3
7.9980789121E-1	4.2960374176E+1	5.5946408237E-3
8.0540895857E-1	3.5724405345E+1	5.6074783123E-3
8.1102281659E-1	3.1167669055E+1	5.6202220924E-3
8.1664937145E-1	2.8864510899E+1	5.6328719509E-3
8.2228852912E-1	2.7806165382E+1	5.6454276767E-3
8.2794019536E-1	2.7051258490E+1	5.6578890597E-3
8.3360427572E-1	2.6207994233E+1	5.6702558918E-3
8.3928067556E-1	2.5547524839E+1	5.6825279663E-3
8.4496930000E-1	2.5739716610E+1	5.6947050782E-3
8.5067005399E-1	2.7378527289E+1	5.7067870238E-3
8.5638284226E-1	3.0529889377E+1	5.7187736014E-3
8.6210756934E-1	3.4509945269E+1	5.7306646105E-3
8.6784413956E-1	3.8021960306E+1	5.7424598526E-3
8.7359245705E-1	3.9616614753E+1	5.7541591304E-3
8.7935242576E-1	3.8253701607E+1	5.7657622485E-3
8.8512394943E-1	3.3710063908E+1	5.7772690129E-3
8.9090693161E-1	2.6692547933E+1	5.7886792314E-3
8.9670127565E-1	1.8608118758E+1	5.7999927133E-3
9.0250688473E-1	1.1050935968E+1	5.8112092696E-3
9.0832366182E-1	5.2462031710E+0	5.8223287127E-3
9.1415150972E-1	1.7217594364E+0	5.8333508568E-3
9.1999033104E-1	3.0839696441E-1	5.8442755178E-3
9.2584002820E-1	4.3841888163E-1	5.8551025132E-3
9.3170050345E-1	1.6071646115E+0	5.8658316618E-3
9.3757165885E-1	3.7397757404E+0	5.8764627846E-3
9.4345339628E-1	7.2579759942E+0	5.8869957037E-3
9.4934561746E-1	1.2804225585E+1	5.8974302433E-3
9.5524822392E-1	2.0721524347E+1	5.9077662288E-3
9.6116111701E-1	3.0546543744E+1	5.9180034877E-3
9.6708419793E-1	4.0795525700E+1	5.9281418487E-3
9.7301736769E-1	4.9197771032E+1	5.9381811425E-3
9.7896052713E-1	5.3370924825E+1	5.9481212013E-3
9.8491357695E-1	5.1697906504E+1	5.9579618591E-3
9.9087641766E-1	4.4064716953E+1	5.9677029512E-3
9.9684894961E-1	3.2154097216E+1	5.9773443150E-3
1.0028310730E+0	1.9104116203E+1	5.9868857894E-3
1.0088226878E+0	8.6349479438E+0	5.9963272149E-3
1.0148236940E+0	3.9292508179E+0	6.0056684336E-3
1.0208339913E+0	6.6657356711E+0	6.0149092896E-3
1.0268534791E+0	1.6567223057E+1	6.0240496283E-3
1.0328820570E+0	3.1569515970E+1	6.0330892971E-3
1.0389196241E+0	4.8573771626E+1	6.0420281448E-3
1.0449660796E+0	6.4424388398E+1	6.0508660221E-3
1.0510213224E+0	7.6732350757E+1	6.0596027814E-3
1.0570852514E+0	8.4323653954E+1	6.0682382765E-3
1.0631577652E+0	8.7135540230E+1	6.0767723631E-3
1.0692387623E+0	8.5770034295E+1	6.0852048988E-3
1.0753281411E+0	8.0954959080E+1	6.0935357425E-3
1.0814257998E+0	7.3204593025E+1	6.1017647550E-3
1.0875316366E+0	6.2822827992E+1	6.1098917988E-3
1.0936455494E+0	5.0194853339E+1	6.1179167381E-3
1.0997674360E+0	3.6191600396E+1	6.1258394388E-3
1.1058971941E+0	2.2329903314E+1	6.1336597685E-3
1.1120347214E+0	1.0633083687E+1	6.1413775965E-3
1.1181799151E+0	3.0931601654E+0	6.1489927938E-3
1.1243326727E+0	9.9486868661E-1	6.1565052331E-3
1.1304928913E+0	4.3833607166E+0	6.1639147890E-3
1.1366604679E+0	1.1929987406E+1	6.1712213376E-3
1.1428352996E+0	2.1271829896E+1	6.1784247568E-3
1.1490172830E+0	2.9731015950E+1	6.1855249261E-3
1.1552063150E+0	3.5118173030E+1	6.1925217271E-3
1.1614022920E+0	3.6281503134E+1	6.1994150427E-3
1.1676051105E+0	3.3317123171E+1	6.2062047577E-3
1.1738146669E+0	2.7268564351E+1	6.2128907587E-3
1.1800308574E+0	1.9687764233E+1	6.2194729339E-3
1.1862535782E+0	1.2124724554E+1	6.2259511734E-3
1.1924827251E+0	5.8529591660E+0	6.2323253688E-3
1.1987181942E+0	1.8046574378E+0	6.2385954138E-3
1.2049598812E+0	6.0656015364E-1	6.2447612034E-3
1.2112076818E+0	2.5723231712E+0	6.2508226346E-3
1.2174614916E+0	7.5184161020E+0	6.2567796062E-3
1.2237212062E+0	1.4518224032E+1	6.2626320186E-3
1.2299867208E+0	2.1773332812E+1	6.2683797740E-3
1.2362579308E+0	2.6905236595E+1	6.2740227763E-3
1.2425347314E+0	2.7729230862E+1	6.2795609313E-3
1.2488170177E+0	2.3377493281E+1	6.2849941464E-3
1.2551046847E+0	1.5313749921E+1	6.2903223308E-3
1.2613976273E+0	7.6499878769E+0	6.2955453954E-3
1.2676957404E+0	6.4168245963E+0	6.3006632530E-3
1.2739989187E+0	1.7692170963E+1	6.3056758180E-3
1.2803070569E+0	4.5191376233E+1	6.3105830068E-3
1.2866200496E+0	8.8142800574E+1	6.3153847371E-3
1.2929377912E+0	1.4042049527E+2	6.3200809290E-3
1.2992601762E+0	1.9156889791E+2	6.3246715037E-3
1.3055870990E+0	2.2951072793E+2	6.3291563847E-3
1.3119184537E+0	2.4430425773E+2	6.3335354970E-3
1.3182541347E+0	2.3142974200E+2	6.3378087674E-3
1.3245940360E+0	1.9358044726E+2	6.3419761245E-3
1.3309380516E+0	1.3999034252E+2	6.3460374987E-3
1.3372860756E+0	8.3643754853E+1	6.3499928220E-3
1.3436380019E+0	3.7199043987E+1	6.3538420284E-3
1.3499937243E+0	9.2026364556E+0	6.3575850535E-3
1.3563531366E+0	1.8868101697E+0	6.3612218349E-3
1.3627161325E+0	1.1290976580E+1	6.3647523117E-3
1.3690826057E+0	2.9475822078E+1	6.3681764249E-3
1.3754524499E+0	4.7823987334E+1	6.3714941173E-3
1.3818255585E+0	6.0045796733E+1	6.3747053335E-3
1.3882018250E+0	6.3796674765E+1	6.3778100198E-3
1.3945811430E+0	6.0437976960E+1	6.3808081243E-3
1.4009634057E+0	5.3386860275E+1	6.3836995970E-3
1.4073485066E+0	4.5980373437E+1	6.3864843894E-3
1.4137363389E+0	3.9950245731E+1	6.3891624551E-3
1.4201267959E+0	3.5125065863E+1	6.3917337493E-3
1.4265197708E+0	3.0316181523E+1	6.3941982290E-3
1.4329151568E+0	2.4743783392E+1	6.3965558531E-3
1.4393128469E+0	1.9077432929E+1	6.3988065821E-3
1.4457127343E+0	1.5480798446E+1	6.4009503785E-3
1.4521147120E+0	1.6554646663E+1	6.4029872063E-3
1.4585186731E+0	2.3763994461E+1	6.4049170317E-3
1.4649245104E+0	3.6211420438E+1	6.4067398222E-3
1.4713321170E+0	5.0501144082E+1	6.4084555476E-3
1.4777413858E+0	6.1913124054E+1	6.4100641790E-3
1.4841522097E+0	6.6386246352E+1	6.4115656896E-3
1.4905644815E+0	6.2413273774E+1	6.4129600544E-3
1.4969780940E+0	5.1866754803E+1	6.4142472499E-3
1.5033929402E+0	3.9313062230E+1	6.4154272548E-3
1.5098089128E+0	3.0044963462E+1	6.4165000493E-3
1.5162259046E+0	2.7728987049E+1	6.4174656154E-3
1.5226438083E+0	3.2766640596E+1	6.4183239370E-3
1.5290625167E+0	4.2170322455E+1	6.4190749998E-3
1.5354819225E+0	5.1026195996E+1	6.4197187912E-3
1.5419019185E+0	5.4905711670E+1	6.4202553005E-3
1.5483223974E+0	5.2035002929E+1	6.4206845187E-3
1.5547432518E+0	4.4262830264E+1	6.4210064386E-3
1.5611643745E+0	3.6246796755E+1	6.4212210549E-3
1.5675856581E+0	3.3330244352E+1	6.4213283639E-3
1.5740069954E+0	3.8977567260E+1	6.4213283639E-3
1.5804282791E+0	5.3058244765E+1	6.4212210549E-3
1.5868494018E+0	7.1707011080E+1	6.4210064386E-3
1.5932702562E+0	8.8845370561E+1	6.4206845187E-3
1.5996907351E+0	9.8680598007E+1	6.4202553005E-3
1.6061107310E+0	9.7969934991E+1	6.4197187912E-3
1.6125301369E+0	8.7171502508E+1	6.4190749998E-3
1.6189488453E+0	6.9896767859E+1	6.4183239370E-3
1.6253667490E+0	5.1185080674E+1	6.4174656154E-3
1.6317837408E+0	3.5343992880E+1	6.4165000493E-3
1.6381997134E+0	2.4504725199E+1	6.4154272548E-3
1.6446145595E+0	1.8423195660E+1	6.4142472499E-3
1.6510281721E+0	1.5493821698E+1	6.4129600544E-3
1.6574404439E+0	1.4322403708E+1	6.4115656896E-3
1.6638512678E+0	1.4855049311E+1	6.4100641790E-3
1.6702605366E+0	1.8499498658E+1	6.4084555476E-3
1.6766681432E+0	2.7042005172E+1	6.4067398222E-3
1.6830739805E+0	4.1061743700E+1	6.4049170317E-3
1.6894779416E+0	5.8687864374E+1	6.4029872063E-3
1.6958799193E+0	7.5545528182E+1	6.4009503785E-3
1.7022798067E+0	8.6136189260E+1	6.3988065821E-3
1.7086774968E+0	8.6077966425E+1	6.3965558531E-3
1.7150728827E+0	7.4316932264E+1	6.3941982290E-3
1.7214658576E+0	5.4053168327E+1	6.3917337493E-3
1.7278563146E+0	3.2001944508E+1	6.3891624551E-3
1.7342441470E+0	1.5954128645E+1	6.3864843894E-3
1.7406292478E+0	1.1796923017E+1	6.3836995970E-3
1.7470115106E+0	2.1074125625E+1	6.3808081243E-3
1.7533908286E+0	4.0288538996E+1	6.3778100198E-3
1.7597670951E+0	6.2190076669E+1	6.3747053335E-3
1.7661402037E+0	7.8564026498E+1	6.3714941173E-3
1.7725100479E+0	8.3385352183E+1	6.3681764249E-3
1.7788765211E+0	7.4969935714E+1	6.3647523117E-3
1.7852395170E+0	5.6398461629E+1	6.3612218349E-3
1.7915989293E+0	3.3987428637E+1	6.3575850535E-3
1.7979546517E+0	1.4700024345E+1	6.3538420284E-3
1.8043065780E+0	3.4830629683E+0	6.3499928220E-3
1.8106546020E+0	1.7491609849E+0	6.3460374987E-3
1.8169986176E+0	7.4082839590E+0	6.3419761245E-3
1.8233385189E+0	1.6324995178E+1	6.3378087674E-3
1.8296741999E+0	2.4359858207E+1	6.3335354970E-3
1.8360055546E+0	2.9045674897E+1	6.3291563847E-3
1.8423324774E+0	3.0195309554E+1	6.3246715037E-3
1.8486548624E+0	2.9314304974E+1	6.3200809290E-3
1.8549726040E+0	2.8268525172E+1	6.3153847371E-3
1.8612855967E+0	2.7994657791E+1	6.3105830068E-3
1.8675937349E+0	2.7926433679E+1	6.3056758180E-3
1.8738969132E+0	2.6439306415E+1	6.3006632530E-3
1.8801950263E+0	2.2043357485E+1	6.2955453954E-3
1.8864879689E+0	1.4665309656E+1	6.2903223308E-3
1.8927756359E+0	6.3417124908E+0	6.2849941464E-3
1.8990579222E+0	8.3497679964E-1	6.2795609313E-3
1.9053347228E+0	2.3170149542E+0	6.2740227763E-3
1.9116059328E+0	1.3595052779E+1	6.2683797740E-3
1.9178714474E+0	3.4673845395E+1	6.2626320186E-3
1.9241311620E+0	6.2318326730E+1	6.2567796062E-3
1.9303849718E+0	9.0779042836E+1	6.2508226346E-3
1.9366327724E+0	1.1353675009E+2	6.2447612034E-3
1.9428744594E+0	1.2529551433E+2	6.2385954138E-3
1.9491099285E+0	1.2356932541E+2	6.2323253688E-3
1.9553390754E+0	1.0930246116E+2	6.2259511734E-3
1.9615617961E+0	8.6299407222E+1	6.2194729339E-3
1.9677779867E+0	5.9928494280E+1	6.2128907587E-3
1.9739875431E+0	3.5411005225E+1	6.2062047577E-3
1.9801903616E+0	1.6538791254E+1	6.1994150427E-3
1.9863863386E+0	4.9800466562E+0	6.1925217271E-3
1.9925753706E+0	4.0696373204E-1	6.1855249261E-3
1.9987573540E+0	1.1492977179E+0	6.1784247568E-3
2.0049321857E+0	5.0550300207E+0	6.1712213376E-3
2.0110997623E+0	1.0210912394E+1	6.1639147890E-3
2.0172599809E+0	1.5358743155E+1	6.1565052331E-3
2.0234127385E+0	1.9957165696E+1	6.1489927938E-3
2.0295579322E+0	2.4043465733E+1	6.1413775965E-3
2.0356954595E+0	2.8012340321E+1	6.1336597685E-3
2.0418252176E+0	3.2381276513E+1	6.1258394388E-3
2.0479471042E+0	3.7633276388E+1	6.1179167381E-3
2.0540610170E+0	4.4008227222E+1	6.1098917988E-3
2.0601668538E+0	5.1340471040E+1	6.1017647550E-3
2.0662645125E+0	5.8935291926E+1	6.0935357425E-3
2.0723538913E+0	6.5544896467E+1	6.0852048988E-3
2.0784348884E+0	6.9636680167E+1	6.0767723631E-3
2.0845074022E+0	6.9800045518E+1	6.0682382765E-3
2.0905713312E+0	6.5293039810E+1	6.0596027814E-3
2.0966265740E+0	5.6499635123E+1	6.0508660221E-3
2.1026730295E+0	4.4984742791E+1	6.0420281448E-3
2.1087105966E+0	3.3180538311E+1	6.0330892971E-3
2.1147391745E+0	2.3639793145E+1	6.0240496283E-3
2.1207586623E+0	1.8141952848E+1	6.0149092896E-3
2.1267689596E+0	1.7045530908E+1	6.0056684336E-3
2.1327699657E+0	1.9118633149E+1	5.9963272149E-3
2.1387615806E+0	2.2033162182E+1	5.9868857894E-3
2.1447437040E+0	2.3349572772E+1	5.9773443150E-3
2.1507162359E+0	2.1644626491E+1	5.9677029512E-3
2.1566790766E+0	1.7315659119E+1	5.9579618591E-3
2.1626321265E+0	1.2663690317E+1	5.9481212013E-3
2.1685752859E+0	1.1191632774E+1	5.9381811425E-3
2.1745084557E+0	1.6279826734E+1	5.9281418487E-3
2.1804315366E+0	2.9718527497E+1	5.9180034877E-3
2.1863444297E+0	5.0686226314E+1	5.9077662288E-3
2.1922470361E+0	7.5573397288E+1	5.8974302433E-3
2.1981392573E+0	9.8816182764E+1	5.8869957037E-3
2.2040209947E+0	1.1449551316E+2	5.8764627846E-3
2.2098921501E+0	1.1816478369E+2	5.8658316618E-3
2.2157526254E+0	1.0832342162E+2	5.8551025132E-3
2.2216023226E+0	8.6997735895E+1	5.8442755178E-3
2.2274411439E+0	5.9219484149E+1	5.8333508568E-3
2.2332689918E+0	3.1626356191E+1	5.8223287127E-3
2.2390857689E+0	1.0630528583E+1	5.8112092696E-3
2.2448913779E+0	7.3344360378E-1	5.7999927133E-3
2.2506857220E+0	3.5337787572E+0	5.7886792314E-3
2.2564687042E+0	1.7663816007E+1	5.7772690129E-3
2.2622402278E+0	3.9554880068E+1	5.7657622485E-3
2.2680001965E+0	6.4705528867E+1	5.7541591304E-3
2.2737485140E+0	8.8971709279E+1	5.7424598526E-3
2.2794850843E+0	1.0944038144E+2	5.7306646105E-3
2.2852098113E+0	1.2469482615E+2	5.7187736014E-3
2.2909225996E+0	1.3452671536E+2	5.7067870238E-3
2.2966233536E+0	1.3931663027E+2	5.6947050782E-3
2.3023119780E+0	1.3941254029E+2	5.6825279663E-3
2.3079883779E+0	1.3481232896E+2	5.6702558918E-3
2.3136524582E+0	1.2526886973E+2	5.6578890597E-3
2.3193041245E+0	1.1071222406E+2	5.6454276767E-3
2.3249432821E+0	9.1753012399E+1	5.6328719509E-3
2.3305698370E+0	7.0009172056E+1	5.6202220924E-3
2.3361836950E+0	4.8062241317E+1	5.6074783123E-3
2.3417847624E+0	2.8990832495E+1	5.5946408237E-3
2.3473729455E+0	1.5608013049E+1	5.5817098412E-3
2.3529481510E+0	9.6625442918E+0	5.5686855808E-3
2.3585102856E+0	1.1287549909E+1	5.5555682601E-3
2.3640592565E+0	1.8894152710E+1	5.5423580985E-3
2.3695949710E+0	2.9557467972E+1	5.5290553166E-3
2.3751173364E+0	3.9783603288E+1	5.5156601367E-3
2.3806262605E+0	4.6428376201E+1	5.5021727828E-3
2.3861216513E+0	4.7497868485E+1	5.4885934801E-3
2.3916034169E+0	4.2609582632E+1	5.4749224557E-3
2.3970714657E+0	3.3009699308E+1	5.4611599379E-3
2.4025257064E+0	2.1180689222E+1	5.4473061568E-3
2.4079660477E+0	1.0184880590E+1	5.4333613439E-3
2.4133923988E+0	2.9411599008E+0	5.4193257323E-3
2.4188046690E+0	1.6174276089E+0	5.4051995564E-3
2.4242027678E+0	7.2574326558E+0	5.3909830523E-3
2.4295866050E+0	1.9676901288E+1	5.3766764577E-3
2.4349560907E+0	3.7591035124E+1	5.3622800116E-3
2.4403111352E+0	5.8894283371E+1	5.3477939546E-3
2.4456516489E+0	8.1008869044E+1	5.3332185287E-3
2.4509775425E+0	1.0124079770E+2	5.3185539776E-3
2.4562887272E+0	1.1711233217E+2	5.3038005463E-3
2.4615851141E+0	1.2666032277E+2	5.2889584814E-3
2.4668666147E+0	1.2869131993E+2	5.2740280309E-3
2.4721331408E+0	1.2297016997E+2	5.2590094442E-3
2.4773846043E+0	1.1030153609E+2	5.2439029725E-3
2.4826209175E+0	9.2459069818E+1	5.2287088681E-3
2.4878419929E+0	7.1935280685E+1	5.2134273849E-3
2.4930477432E+0	5.1526346076E+1	5.1980587783E-3
2.4982380815E+0	3.3818397389E+1	5.1826033052E-3
2.5034129210E+0	2.0685940790E+1	5.1670612238E-3
2.5085721752E+0	1.2929752551E+1	5.1514327939E-3
2.5137157579E+0	1.0159506829E+1	5.1357182766E-3
2.5188435831E+0	1.0967425139E+1	5.1199179345E-3
2.5239555652E+0	1.3358929616E+1	5.1040320318E-3
2.5290516187E+0	1.5329226501E+1	5.0880608338E-3
2.5341316585E+0	1.5426419446E+1	5.0720046074E-3
2.5391955997E+0	1.3139695964E+1	5.0558636210E-3
2.5442433576E+0	8.9985723903E+0	5.0396381444E-3
2.5492748479E+0	4.3533605037E+0	5.0233284486E-3
2.5542899865E+0	9.0284676721E-1	5.0069348063E-3
2.5592886896E+0	1.1307357314E-1	4.9904574913E-3
2.5642708737E+0	2.7064248696E+0	4.9738967791E-3
2.5692364555E+0	8.3811465783E+0	4.9572529464E-3
2.5741853520E+0	1.5852913199E+1	4.9405262713E-3
2.5791174805E+0	2.3212372536E+1	4.9237170334E-3
2.5840327586E+0	2.8495211469E+1	4.9068255135E-3
2.5889311042E+0	3.0293800770E+1	4.8898519940E-3
2.5938124354E+0	2.8222665842E+1	4.8727967585E-3
2.5986766706E+0	2.3089552003E+1	4.8556600920E-3
2.6035237285E+0	1.6708577052E+1	4.8384422809E-3
2.6083535282E+0	1.1397306107E+1	4.8211436130E-3
2.6131659889E+0	9.2948036167E+0	4.8037643772E-3
2.6179610302E+0	1.1694972083E+1	4.7863048641E-3
2.6227385719E+0	1.8591922522E+1	4.7687653653E-3
2.6274985343E+0	2.8580558216E+1	4.7511461741E-3
2.6322408378E+0	3.9160431219E+1	4.7334475849E-3
2.6369654032E+0	4.7379901598E+1	4.7156698934E-3
2.6416721513E+0	5.0660620557E+1	4.6978133967E-3
2.6463610038E+0	4.7586101627E+1	4.6798783932E-3
2.6510318821E+0	3.8439116865E+1	4.6618651826E-3
2.6556847082E+0	2.5331393255E+1	4.6437740661E-3
2.6603194043E+0	1.1869044852E+1	4.6256053458E-3
2.6649358931E+0	2.4114943553E+0	4.6073593254E-3
2.6695340973E+0	1.0837882565E+0	4.5890363098E-3
2.6741139402E+0	1.0769892594E+1	4.5706366053E-3
2.6786753451E+0	3.2327528550E+1	4.5521605193E-3
2.6832182358E+0	6.4214464076E+1	4.5336083606E-3
2.6877425365E+0	1.0262131626E+2	4.5149804392E-3
2.6922481716E+0	1.4209986863E+2	4.4962770664E-3
2.6967350656E+0	1.7656855314E+2	4.4774985548E-3
2.7012031437E+0	2.0047729822E+2	4.4586452181E-3
2.7056523312E+0	2.0987770322E+2	4.4397173715E-3
2.7100825537E+0	2.0319450604E+2	4.4207153312E-3
2.7144937373E+0	1.8155092807E+2	4.4016394148E-3
2.7188858081E+0	1.4855370054E+2	4.3824899412E-3
2.7232586927E+0	1.0959087745E+2	4.3632672302E-3
2.7276123182E+0	7.0834398540E+1	4.3439716031E-3
2.7319466117E+0	3.8122163303E+1	4.3246033825E-3
2.7362615009E+0	1.5910948863E+1	4.3051628919E-3
2.7405569135E+0	6.5520508053E+0	4.2856504563E-3
2.7448327779E+0	9.9994942023E+0	4.2660664016E-3
2.7490890226E+0	2.3954952355E+1	4.2464110553E-3
2.7533255764E+0	4.4441568816E+1	4.2266847457E-3
2.7575423685E+0	6.6642070092E+1	4.2068878026E-3
2.7617393285E+0	8.5841217272E+1	4.1870205567E-3
2.7659163863E+0	9.8299517437E+1	4.1670833400E-3
2.7700734720E+0	1.0184219786E+2	4.1470764858E-3
2.7742105162E+0	9.6160115287E+1	4.1270003283E-3
2.7783274497E+0	8.2710505858E+1	4.1068552032E-3
2.7824242037E+0	6.4275278806E+1	4.0866414469E-3
2.7865007098E+0	4.4359787466E+1	4.0663593974E-3
2.7905568999E+0	2.6433276373E+1	4.0460093936E-3
2.7945927061E+0	1.3290613449E+1	4.0255917754E-3
2.7986080610E+0	6.5694747303E+0	4.0051068843E-3
2.8026028975E+0	6.5299275526E+0	3.9845550624E-3
2.8065771489E+0	1.2123631800E+1	3.9639366533E-3
2.8105307487E+0	2.1311026763E+1	3.9432520014E-3
2.8144636309E+0	3.1531419323E+1	3.9225014525E-3
2.8183757298E+0	4.0266739792E+1	3.9016853533E-3
2.8222669799E+0	4.5518425252E+1	3.8808040517E-3
2.8261373163E+0	4.6183606710E+1	3.8598578967E-3
2.8299866742E+0	4.2195759946E+1	3.8388472382E-3
2.8338149894E+0	3.4475787549E+1	3.8177724274E-3
2.8376221978E+0	2.4670853688E+1	3.7966338166E-3
2.8414082359E+0	1.4780468633E+1	3.7754317588E-3
2.8451730403E+0	6.7204955609E+0	3.7541666086E-3
2.8489165482E+0	1.9423912287E+0	3.7328387211E-3
2.8526386969E+0	1.1534066225E+0	3.7114484529E-3
2.8563394244E+0	4.2096834502E+0	3.6899961614E-3
2.8600186687E+0	1.0186817875E+1	3.6684822051E-3
2.8636763684E+0	1.7595872955E+1	3.6469069436E-3
2.8673124623E+0	2.4733847863E+1	3.6252707373E-3
2.8709268897E+0	3.0038427637E+1	3.6035739479E-3
2.8745195901E+0	3.2441958838E+1	3.5818169379E-3
2.8780905036E+0	3.1606215910E+1	3.5600000709E-3
2.8816395704E+0	2.8007847178E+1	3.5381237115E-3
2.8851667313E+0	2.2886702212E+1	3.5161882254E-3
2.8886719273E+0	1.8008790728E+1	3.4941939790E-3
2.8921550998E+0	1.5349457363E+1	3.4721413399E-3
2.8956161906E+0	1.6706913032E+1	3.4500306767E-3
2.8990551419E+0	2.3345476581E+1	3.4278623588E-3
2.9024718962E+0	3.5709150904E+1	3.4056367567E-3
2.9058663965E+0	5.3272047426E+1	3.3833542419E-3
2.9092385859E+0	7.4566929850E+1	3.3610151867E-3
2.9125884081E+0	9.7337026287E+1	3.3386199643E-3
2.9159158072E+0	1.1885096708E+2	3.3161689492E-3
2.9192207275E+0	1.3632105916E+2	3.2936625164E-3
2.9225031139E+0	1.4730422918E+2	3.2711010421E-3
2.9257629114E+0	1.5008426939E+2	3.2484849032E-3
2.9290000656E+0	1.4398051867E+2	3.2258144779E-3
2.9322145224E+0	1.2948104986E+2	3.2030901448E-3
2.9354062280E+0	1.0820468513E+2	3.1803122838E-3
2.9385751292E+0	8.2724040552E+1	3.1574812755E-3
2.9417211730E+0	5.6245953862E+1	3.1345975014E-3
2.9448443068E+0	3.2183925206E+1	3.1116613440E-3
2.9479444784E+0	1.3701841716E+1	3.0886731866E-3
2.9510216360E+0	3.2944814357E+0	3.0656334132E-3
2.9540757281E+0	2.4505439164E+0	3.0425424091E-3
2.9571067038E+0	1.1443295757E+1	3.0194005599E-3
2.9601145124E+0	2.9282820061E+1	2.9962082525E-3
2.9630991036E+0	5.3835418202E+1	2.9729658744E-3
2.9660604276E+0	8.2089662827E+1	2.9496738141E-3
2.9689984348E+0	1.1053313770E+2	2.9263324607E-3
2.9719130762E+0	1.3559328280E+2	2.9029422044E-3
2.9748043031E+0	1.5408759607E+2	2.8795034361E-3
2.9776720671E+0	1.6362650215E+2	2.8560165473E-3
2.9805163203E+0	1.6291901196E+2	2.8324819307E-3
2.9833370151E+0	1.5194518173E+2	2.8088999795E-3
2.9861341046E+0	1.3197693224E+2	2.7852710878E-3
2.9889075418E+0	1.0544724180E+2	2.7615956505E-3
2.9916572805E+0	7.5685173969E+1	2.7378740632E-3
2.9943832747E+0	4.6549004354E+1	2.7141067224E-3
2.9970854788E+0	2.2000364433E+1	2.6902940251E-3
2.9997638477E+0	5.6677155170E+0	2.6664363695E-3
3.0024183367E+0	4.4718185166E-1	2.6425341541E-3
3.0050489013E+0	8.1831292598E+0	2.6185877784E-3
3.0076554977E+0	2.9460826271E+1	2.5945976426E-3
3.0102380822E+0	6.3530455894E+1	2.5705641475E-3
3.0127966116E+0	1.0836727170E+2	2.5464876949E-3
3.0153310434E+0	1.6085845320E+2	2.5223686871E-3
3.0178413350E+0	2.1709470238E+2	2.4982075270E-3
3.0203274445E+0	2.7273502904E+2	2.4740046186E-3
3.0227893304E+0	3.2340729128E+2	2.4497603662E-3
3.0252269516E+0	3.6510523523E+2	2.4254751751E-3
3.0276402673E+0	3.9454491566E+2	2.4011494510E-3
3.0300292371E+0	4.0944898039E+2	2.3767836004E-3
3.0323938212E+0	4.0873556765E+2	2.3523780306E-3
3.0347339801E+0	3.9259850220E+2	2.3279331494E-3
3.0370496746E+0	3.6247602439E+2	2.3034493653E-3
3.0393408660E+0	3.2091542389E+2	2.2789270875E-3
3.0416075160E+0	2.7134976906E+2	2.2543667257E-3
3.0438495869E+0	2.1780966703E+2	2.2297686905E-3
3.0460670410E+0	1.6459710610E+2	2.2051333928E-3
3.0482598414E+0	1.1594970868E+2	2.1804612443E-3
3.0504279513E+0	7.5722473519E+1	2.1557526574E-3
3.0525713347E+0	4.7111077439E+1	2.1310080450E-3
3.0546899556E+0	3.2436634729E+1	2.1062278206E-3
3.0567837786E+0	3.3006107503E+1	2.0814123983E-3
3.0588527688E+0	4.9054574092E+1	2.0565621928E-3
3.0608968915E+0	7.9766621315E+1	2.0316776194E-3
3.0629161127E+0	1.2336839576E+2	2.0067590939E-3
3.0649103985E+0	1.7728102642E+2	1.9818070327E-3
3.0668797157E+0	2.3832414733E+2	1.9568218529E-3
3.0688240313E+0	3.0295002520E+2	1.9318039720E-3
3.0707433129E+0	3.6748419661E+2	1.9067538080E-3
3.0726375283E+0	4.2835770130E+2	1.8816717796E-3
3.0745066460E+0	4.8232243815E+2	1.8565583060E-3
3.0763506346E+0	5.2663191513E+2	1.8314138067E-3
3.0781694634E+0	5.5917384036E+2	1.8062387021E-3
3.0799631019E+0	5.7856008332E+2	1.7810334128E-3
3.0817315203E+0	5.8416729154E+2	1.7557983600E-3
3.0834746889E+0	5.7611892838E+2	1.7305339655E-3
3.0851925786E+0	5.5523783555E+2	1.7052406515E-3
3.0868851607E+0	5.2296600716E+2	1.6799188405E-3
3.0885524069E+0	4.8123169035E+2	1.6545689559E-3
3.0901942894E+0	4.3232726996E+2	1.6291914212E-3
3.0918107807E+0	3.7877896672E+2	1.6037866605E-3
3.0934018538E+0	3.2317776335E+2	1.5783550984E-3
3.0949674821E+0	2.6807554673E+2	1.5528971598E-3
3.0965076394E+0	2.1586016196E+2	1.5274132703E-3
3.0980223001E+0	1.6863757176E+2	1.5019038556E-3
3.0995114388E+0	1.2819740879E+2	1.4763693421E-3
3.1009750306E+0	9.5915522481E+1	1.4508101565E-3
3.1024130510E+0	7.2762553796E+1	1.4252267258E-3
3.1038254761E+0	5.9281243863E+1	1.3996194778E-3
3.1052122822E+0	5.5597250400E+1	1.3739888402E-3
3.1065734461E+0	6.1472133779E+1	1.3483352414E-3
3.1079089451E+0	7.6313255524E+1	1.3226591101E-3
3.1092187570E+0	9.9269398786E+1	1.2969608754E-3
3.1105028597E+0	1.2924521347E+2	1.2712409668E-3
3.1117612318E+0	1.6500804355E+2	1.2454998140E-3
3.1129938524E+0	2.0520513439E+2	1.2197378472E-3
3.1142007007E+0	2.4846186490E+2	1.1939554970E-3
3.1153817567E+0	2.9339676193E+2	1.1681531941E-3
3.1165370006E+0	3.3869862266E+2	1.1423313699E-3
3.1176664131E+0	3.8313854548E+2	1.1164904558E-3
3.1187699753E+0	4.2561636264E+2	1.0906308836E-3
3.1198476688E+0	4.6517405105E+2	1.0647530855E-3
3.1208994755E+0	5.0100707308E+2	1.0388574939E-3
3.1219253780E+0	5.3248073048E+2	1.0129445417E-3
3.1229253590E+0	5.5911533518E+2	9.8701466182E-4
3.1238994018E+0	5.8059528527E+2	9.6106828758E-4
3.1248474902E+0	5.9674988841E+2	9.3510585261E-4
3.1257696083E+0	6.0754253316E+2	9.0912779076E-4
3.1266657407E+0	6.1305950816E+2	8.8313453619E-4
3.1275358724E+0	6.1348713551E+2	8.5712652325E-4
3.1283799890E+0	6.0909850781E+2	8.3110418659E-4
3.1291980762E+0	6.0023625095E+2	8.0506796108E-4
3.1299901204E+0	5.8729360399E+2	7.7901828182E-4
3.1307561084E+0	5.7070079810E+2	7.5295558414E-4
3.1314960274E+0	5.5091078379E+2	7.2688030358E-4
3.1322098650E+0	5.2838580522E+2	7.0079287589E-4
3.1328976092E+0	5.0358710038E+2	6.7469373705E-4
3.1335592487E+0	4.7696579301E+2	6.4858332323E-4
3.1341947723E+0	4.4895520080E+2	6.2246207073E-4
3.1348041694E+0	4.1996524216E+2	5.9633041614E-4
3.1353874298E+0	3.9037817670E+2	5.7018879612E-4
3.1359445438E+0	3.6054548745E+2	5.4403764760E-4
3.1364755020E+0	3.3078622696E+2	5.1787740760E-4
3.1369802957E+0	3.0138653662E+2	4.9170851331E-4
3.1374589163E+0	2.7259985124E+2	4.6553140213E-4
3.1379113559E+0	2.4464770888E+2	4.3934651156E-4
3.1383376069E+0	2.1772123033E+2	4.1315427928E-4
3.1387376622E+0	1.9198313457E+2	3.8695514312E-4
3.1391115150E+0	1.6757004643E+2	3.6074954110E-4
3.1394591592E+0	1.4459493430E+2	3.3453791144E-4
3.1397805890E+0	1.2314962002E+2	3.0832069259E-4
3.1400757989E+0	1.0330732654E+2	2.8209832342E-4
3.1403447841E+0	8.5125207947E+1	2.5587124334E-4
3.1405875400E+0	6.8646794665E+1	2.2963989267E-4
3.1408040626E+0	5.3904297895E+1	2.0340471372E-4
3.1409943483E+0	4.0920736668E+1	1.7716615272E-4
3.1411583939E+0	2.9711865470E+1	1.5092466531E-4
3.1412961968E+0	2.0287888067E+1	1.2468073282E-4
3.1414077547E+0	1.2654945926E+1	9.8434919423E-5
3.1414930663E+0	6.8163667679E+0	7.2188137769E-5
3.1415521316E+0	2.7736231587E+0	4.5943520243E-5
3.1415849628E+0	5.2641368704E-1	1.9736940383E-5