# Differential cross section		
# Author: P. Swaczyna	Princeton University	(swaczyna@princeton.edu)
# Date: 	Wed 17 Feb 2021 07:12:04	
# 		
# Indistinguishable particle collision: He^0 + He^+ -> He^0 + He^+		
# 		
# Red. mass: 	1.8640723202E+9	 eV/c^2
# CM energy: 	1.9952623150E+3	 eV
# Rel speed: 	4.3863604996E+7	 cm/s
# Tot sigma: 	8.8119973649E+1	 a.u.
# Int sigma: 	8.8121185521E+1	 a.u.
# 		
# Columns:		
# the <- scattering angle (rad)		
# dcs <- dsigma/dOmega*2*pi*sin(the) (a.u. = 2.8002852056E-17 cm^2)		
# wei <- weight for cross section integration (approx. width of angle bin)		
# 		
# the	dcs	wei
7.6907532846E-6	1.4857157302E+3	1.9736940383E-5
4.0521979771E-5	7.7573705600E+3	4.5943520243E-5
9.9587300392E-5	1.8406981298E+4	7.2188137769E-5
1.8489884726E-4	3.1997438804E+4	9.8434919423E-5
2.9645680168E-4	4.5583079452E+4	1.2468073282E-4
4.3425968311E-4	5.4721194630E+4	1.5092466531E-4
5.9830531657E-4	5.4603197583E+4	1.7716615272E-4
7.8859101285E-4	4.3056816879E+4	2.0340471372E-4
1.0051136166E-3	2.3904448470E+4	2.2963989267E-4
1.2478695220E-3	6.7339323647E+3	2.5587124334E-4
1.5168546797E-3	7.1309075403E+1	2.8209832342E-4
1.8120645986E-3	3.1023155257E+3	3.0832069259E-4
2.1334943481E-3	7.0000319457E+3	3.3453791144E-4
2.4811385584E-3	5.8338879833E+3	3.6074954110E-4
2.8549914211E-3	2.2140855980E+3	3.8695514312E-4
3.2550466893E-3	7.1253466939E+2	4.1315427928E-4
3.6812976783E-3	1.1688053399E+3	4.3934651156E-4
4.1337372652E-3	1.2019007379E+3	4.6553140213E-4
4.6123578895E-3	5.5404327467E+2	4.9170851331E-4
5.1171515529E-3	1.8203813940E+2	5.1787740760E-4
5.6481098199E-3	1.6015572914E+2	5.4403764760E-4
6.2052238176E-3	1.4387136519E+2	5.7018879612E-4
6.7884842360E-3	1.4237594171E+2	5.9633041614E-4
7.3978813281E-3	2.2324964609E+2	6.2246207073E-4
8.0334049101E-3	3.1786719965E+2	6.4858332323E-4
8.6950443616E-3	3.8626655934E+2	6.7469373705E-4
9.3827886258E-3	4.3529830442E+2	7.0079287589E-4
1.0096626210E-2	4.5628727401E+2	7.2688030358E-4
1.0836545184E-2	4.3999926165E+2	7.5295558414E-4
1.1602533184E-2	3.9243597308E+2	7.7901828182E-4
1.2394577408E-2	3.2412818921E+2	8.0506796108E-4
1.3212664621E-2	2.4550814636E+2	8.3110418659E-4
1.4056781152E-2	1.6783185665E+2	8.5712652325E-4
1.4926912893E-2	1.0112077335E+2	8.8313453619E-4
1.5823045305E-2	5.2082617857E+1	9.0912779076E-4
1.6745163410E-2	2.3906042927E+1	9.3510585261E-4
1.7693251801E-2	1.6182045581E+1	9.6106828758E-4
1.8667294632E-2	2.5512649651E+1	9.8701466182E-4
1.9667275626E-2	4.6481424198E+1	1.0129445417E-3
2.0693178073E-2	7.2724178450E+1	1.0388574939E-3
2.1744984827E-2	9.8054663748E+1	1.0647530855E-3
2.2822678313E-2	1.1743800443E+2	1.0906308836E-3
2.3926240519E-2	1.2767530445E+2	1.1164904558E-3
2.5055653005E-2	1.2758415737E+2	1.1423313699E-3
2.6210896896E-2	1.1795736498E+2	1.1681531941E-3
2.7391952886E-2	1.0094245896E+2	1.1939554970E-3
2.8598801239E-2	7.9600239784E+1	1.2197378472E-3
2.9831421786E-2	5.7219603079E+1	1.2454998140E-3
3.1089793929E-2	3.6765102347E+1	1.2712409668E-3
3.2373896638E-2	2.0564038795E+1	1.2969608754E-3
3.3683708455E-2	9.9678184215E+0	1.3226591101E-3
3.5019207490E-2	5.3042755727E+0	1.3483352414E-3
3.6380371427E-2	5.9658182210E+0	1.3739888402E-3
3.7767177517E-2	1.0679671222E+1	1.3996194778E-3
3.9179602586E-2	1.7828369327E+1	1.4252267258E-3
4.0617623030E-2	2.5762805466E+1	1.4508101565E-3
4.2081214817E-2	3.3049689043E+1	1.4763693421E-3
4.3570353490E-2	3.8591755564E+1	1.5019038556E-3
4.5085014162E-2	4.1714743331E+1	1.5274132703E-3
4.6625171522E-2	4.2160230112E+1	1.5528971598E-3
4.8190799831E-2	4.0096498721E+1	1.5783550984E-3
4.9781872927E-2	3.5986993593E+1	1.6037866605E-3
5.1398364219E-2	3.0512650988E+1	1.6291914212E-3
5.3040246694E-2	2.4402226615E+1	1.6545689559E-3
5.4707492914E-2	1.8336918032E+1	1.6799188405E-3
5.6400075017E-2	1.2844851875E+1	1.7052406515E-3
5.8117964718E-2	8.2928692752E+0	1.7305339655E-3
5.9861133308E-2	4.8855783648E+0	1.7557983600E-3
6.1629551657E-2	2.6935455394E+0	1.7810334128E-3
6.3423190212E-2	1.6650755765E+0	1.8062387021E-3
6.5242019000E-2	1.6525673357E+0	1.8314138067E-3
6.7086007624E-2	2.4313342305E+0	1.8565583060E-3
6.8955125270E-2	3.7411129293E+0	1.8816717796E-3
7.0849340702E-2	5.3212550142E+0	1.9067538080E-3
7.2768622264E-2	6.9470751963E+0	1.9318039720E-3
7.4712937885E-2	8.4478046947E+0	1.9568218529E-3
7.6682255070E-2	9.7101105705E+0	1.9818070327E-3
7.8676540910E-2	1.0664229535E+1	2.0067590939E-3
8.0695762079E-2	1.1270794777E+1	2.0316776194E-3
8.2739884832E-2	1.1514114386E+1	2.0565621928E-3
8.4808875009E-2	1.1404894808E+1	2.0814123983E-3
8.6902698034E-2	1.0973327605E+1	2.1062278206E-3
8.9021318917E-2	1.0274205798E+1	2.1310080450E-3
9.1164702253E-2	9.3804353166E+0	2.1557526574E-3
9.3332812224E-2	8.3696085427E+0	2.1804612443E-3
9.5525612596E-2	7.3075428077E+0	2.2051333928E-3
9.7743066726E-2	6.2529033714E+0	2.2297686905E-3
9.9985137556E-2	5.2393789827E+0	2.2543667257E-3
1.0225178762E-1	4.2910234994E+0	2.2789270875E-3
1.0454297904E-1	3.4232580126E+0	2.3034493653E-3
1.0685867352E-1	2.6460418299E+0	2.3279331494E-3
1.0919883237E-1	1.9723966834E+0	2.3523780306E-3
1.1156341648E-1	1.4106075648E+0	2.3767836004E-3
1.1395238633E-1	9.6478966796E-1	2.4011494510E-3
1.1636570200E-1	6.3216951759E-1	2.4254751751E-3
1.1880332317E-1	4.0281887255E-1	2.4497603662E-3
1.2126520909E-1	2.6128908629E-1	2.4740046186E-3
1.2375131862E-1	1.9096477388E-1	2.4982075270E-3
1.2626161023E-1	1.7715896738E-1	2.5223686871E-3
1.2879604195E-1	2.0840111879E-1	2.5464876949E-3
1.3135457143E-1	2.7654729723E-1	2.5705641475E-3
1.3393715592E-1	3.7575206679E-1	2.5945976426E-3
1.3654375226E-1	4.9919588585E-1	2.6185877784E-3
1.3917431689E-1	6.3944346072E-1	2.6425341541E-3
1.4182880585E-1	7.8694348780E-1	2.6664363695E-3
1.4450717478E-1	9.3211467687E-1	2.6902940251E-3
1.4720937892E-1	1.0665447553E+0	2.7141067224E-3
1.4993537310E-1	1.1857593816E+0	2.7378740632E-3
1.5268511179E-1	1.2878183676E+0	2.7615956505E-3
1.5545854902E-1	1.3745585272E+0	2.7852710878E-3
1.5825563845E-1	1.4489905321E+0	2.8088999795E-3
1.6107633333E-1	1.5142776816E+0	2.8324819307E-3
1.6392058653E-1	1.5723336691E+0	2.8560165473E-3
1.6678835052E-1	1.6216398604E+0	2.8795034361E-3
1.6967957737E-1	1.6594823779E+0	2.9029422044E-3
1.7259421876E-1	1.6823611316E+0	2.9263324607E-3
1.7553222599E-1	1.6876415274E+0	2.9496738141E-3
1.7849354996E-1	1.6743493107E+0	2.9729658744E-3
1.8147814117E-1	1.6442408214E+0	2.9962082525E-3
1.8448594977E-1	1.6012275251E+0	3.0194005599E-3
1.8751692548E-1	1.5502402229E+0	3.0425424091E-3
1.9057101764E-1	1.4964195392E+0	3.0656334132E-3
1.9364817522E-1	1.4436263205E+0	3.0886731866E-3
1.9674834681E-1	1.3929973857E+0	3.1116613440E-3
1.9987148058E-1	1.3442655460E+0	3.1345975014E-3
2.0301752435E-1	1.2954790616E+0	3.1574812755E-3
2.0618642554E-1	1.2436604312E+0	3.1803122838E-3
2.0937813120E-1	1.1867570429E+0	3.2030901448E-3
2.1259258799E-1	1.1236750388E+0	3.2258144779E-3
2.1582974219E-1	1.0550408612E+0	3.2484849032E-3
2.1908953970E-1	9.8318849658E-1	3.2711010421E-3
2.2237192605E-1	9.1099282172E-1	3.2936625164E-3
2.2567684639E-1	8.4173891063E-1	3.3161689492E-3
2.2900424548E-1	7.7785214759E-1	3.3386199643E-3
2.3235406772E-1	7.2067505071E-1	3.3610151867E-3
2.3572625713E-1	6.7029333267E-1	3.3833542419E-3
2.3912075735E-1	6.2526558976E-1	3.4056367567E-3
2.4253751167E-1	5.8370993042E-1	3.4278623588E-3
2.4597646298E-1	5.4348677274E-1	3.4500306767E-3
2.4943755380E-1	5.0297812703E-1	3.4721413399E-3
2.5292072631E-1	4.6133571359E-1	3.4941939790E-3
2.5642592230E-1	4.1858935821E-1	3.5161882254E-3
2.5995308318E-1	3.7587816635E-1	3.5381237115E-3
2.6350215001E-1	3.3455842863E-1	3.5600000709E-3
2.6707306349E-1	2.9623493915E-1	3.5818169379E-3
2.7066576394E-1	2.6210233192E-1	3.6035739479E-3
2.7428019131E-1	2.3282038418E-1	3.6252707373E-3
2.7791628522E-1	2.0840047051E-1	3.6469069436E-3
2.8157398488E-1	1.8801804772E-1	3.6684822051E-3
2.8525322919E-1	1.7066279638E-1	3.6899961614E-3
2.8895395665E-1	1.5503967195E-1	3.7114484529E-3
2.9267610542E-1	1.4008298231E-1	3.7328387211E-3
2.9641961330E-1	1.2510121174E-1	3.7541666086E-3
3.0018441773E-1	1.0977408643E-1	3.7754317588E-3
3.0397045579E-1	9.4300147825E-2	3.7966338166E-3
3.0777766421E-1	7.9223502615E-2	3.8177724274E-3
3.1160597938E-1	6.5199067261E-2	3.8388472382E-3
3.1545533730E-1	5.2845103855E-2	3.8598578967E-3
3.1932567367E-1	4.2570584127E-2	3.8808040517E-3
3.2321692379E-1	3.4478805990E-2	3.9016853533E-3
3.2712902264E-1	2.8459894066E-2	3.9225014525E-3
3.3106190484E-1	2.4074377199E-2	3.9432520014E-3
3.3501550468E-1	2.0801116034E-2	3.9639366533E-3
3.3898975607E-1	1.8105162663E-2	3.9845550624E-3
3.4298459261E-1	1.5571022259E-2	4.0051068843E-3
3.4699994753E-1	1.2948427143E-2	4.0255917754E-3
3.5103575373E-1	1.0165944400E-2	4.0460093936E-3
3.5509194378E-1	7.4051112717E-3	4.0663593974E-3
3.5916844988E-1	4.8499996425E-3	4.0866414469E-3
3.6326520391E-1	2.7882236934E-3	4.1068552032E-3
3.6738213741E-1	1.4105407801E-3	4.1270003283E-3
3.7151918157E-1	8.0876250080E-4	4.1470764858E-3
3.7567626728E-1	9.4015835219E-4	4.1670833400E-3
3.7985332504E-1	1.6393850600E-3	4.1870205567E-3
3.8405028507E-1	2.6613239778E-3	4.2068878026E-3
3.8826707721E-1	3.7432012934E-3	4.2266847457E-3
3.9250363101E-1	4.6551199663E-3	4.2464110553E-3
3.9675987567E-1	5.2735381743E-3	4.2660664016E-3
4.0103574005E-1	5.5840724330E-3	4.2856504563E-3
4.0533115271E-1	5.6882917555E-3	4.3051628919E-3
4.0964604185E-1	5.7812613144E-3	4.3246033825E-3
4.1398033538E-1	6.0888341425E-3	4.3439716031E-3
4.1833396086E-1	6.8211560019E-3	4.3632672302E-3
4.2270684554E-1	8.1158012625E-3	4.3824899412E-3
4.2709891633E-1	1.0011039045E-2	4.4016394148E-3
4.3151009985E-1	1.2416236953E-2	4.4207153312E-3
4.3594032237E-1	1.5159354151E-2	4.4397173715E-3
4.4038950986E-1	1.7961901761E-2	4.4586452181E-3
4.4485758797E-1	2.0533468091E-2	4.4774985548E-3
4.4934448203E-1	2.2628957274E-2	4.4962770664E-3
4.5385011706E-1	2.4060057299E-2	4.5149804392E-3
4.5837441776E-1	2.4756678938E-2	4.5336083606E-3
4.6291730852E-1	2.4785066401E-2	4.5521605193E-3
4.6747871344E-1	2.4342946782E-2	4.5706366053E-3
4.7205855627E-1	2.3663028140E-2	4.5890363098E-3
4.7665676049E-1	2.3080094110E-2	4.6073593254E-3
4.8127324926E-1	2.2871810410E-2	4.6256053458E-3
4.8590794542E-1	2.3281740947E-2	4.6437740661E-3
4.9056077152E-1	2.4430756334E-2	4.6618651826E-3
4.9523164982E-1	2.6314191713E-2	4.6798783932E-3
4.9992050224E-1	2.8826801352E-2	4.6978133967E-3
5.0462725044E-1	3.1701632003E-2	4.7156698934E-3
5.0935181576E-1	3.4656520985E-2	4.7334475849E-3
5.1409411924E-1	3.7349305483E-2	4.7511461741E-3
5.1885408164E-1	3.9488442637E-2	4.7687653653E-3
5.2363162341E-1	4.0849891141E-2	4.7863048641E-3
5.2842666471E-1	4.1311992737E-2	4.8037643772E-3
5.3323912540E-1	4.0884805959E-2	4.8211436130E-3
5.3806892508E-1	3.9741538219E-2	4.8384422809E-3
5.4291598301E-1	3.8076377438E-2	4.8556600920E-3
5.4778021821E-1	3.6238444217E-2	4.8727967585E-3
5.5266154939E-1	3.4529512041E-2	4.8898519940E-3
5.5755989496E-1	3.3273695758E-2	4.9068255135E-3
5.6247517308E-1	3.2702698171E-2	4.9237170334E-3
5.6740730160E-1	3.2941689538E-2	4.9405262713E-3
5.7235619810E-1	3.4016760934E-2	4.9572529464E-3
5.7732177988E-1	3.5815879152E-2	4.9738967791E-3
5.8230396395E-1	3.8116544716E-2	4.9904574913E-3
5.8730266706E-1	4.0645632773E-2	5.0069348063E-3
5.9231780568E-1	4.3091881821E-2	5.0233284486E-3
5.9734929598E-1	4.5125178229E-2	5.0396381444E-3
6.0239705389E-1	4.6499203777E-2	5.0558636210E-3
6.0746099506E-1	4.7041912169E-2	5.0720046074E-3
6.1254103485E-1	4.6698279347E-2	5.0880608338E-3
6.1763708838E-1	4.5493029179E-2	5.1040320318E-3
6.2274907048E-1	4.3619942334E-2	5.1199179345E-3
6.2787689573E-1	4.1263003796E-2	5.1357182766E-3
6.3302047843E-1	3.8772169269E-2	5.1514327939E-3
6.3817973262E-1	3.6420249385E-2	5.1670612238E-3
6.4335457209E-1	3.4497890580E-2	5.1826033052E-3
6.4854491036E-1	3.3218207411E-2	5.1980587783E-3
6.5375066070E-1	3.2732656270E-2	5.2134273849E-3
6.5897173609E-1	3.3060126534E-2	5.2287088681E-3
6.6420804930E-1	3.4148640264E-2	5.2439029725E-3
6.6945951283E-1	3.5818936988E-2	5.2590094442E-3
6.7472603890E-1	3.7867594260E-2	5.2740280309E-3
6.8000753951E-1	3.9998776313E-2	5.2889584814E-3
6.8530392640E-1	4.1928952916E-2	5.3038005463E-3
6.9061511106E-1	4.3411390895E-2	5.3185539776E-3
6.9594100473E-1	4.4242200788E-2	5.3332185287E-3
7.0128151841E-1	4.4297882539E-2	5.3477939546E-3
7.0663656285E-1	4.3550594171E-2	5.3622800116E-3
7.1200604856E-1	4.2058635601E-2	5.3766764577E-3
7.1738988581E-1	3.9963632008E-2	5.3909830523E-3
7.2278798463E-1	3.7474552156E-2	5.4051995564E-3
7.2820025482E-1	3.4840003162E-2	5.4193257323E-3
7.3362660591E-1	3.2325439728E-2	5.4333613439E-3
7.3906694724E-1	3.0171440117E-2	5.4473061568E-3
7.4452118788E-1	2.8576602060E-2	5.4611599379E-3
7.4998923669E-1	2.7676822537E-2	5.4749224557E-3
7.5547100229E-1	2.7513963162E-2	5.4885934801E-3
7.6096639308E-1	2.8062395988E-2	5.5021727828E-3
7.6647531721E-1	2.9222469597E-2	5.5156601367E-3
7.7199768263E-1	3.0816953013E-2	5.5290553166E-3
7.7753339704E-1	3.2633216568E-2	5.5423580985E-3
7.8308236795E-1	3.4428922751E-2	5.5555682601E-3
7.8864450262E-1	3.5986764768E-2	5.5686855808E-3
7.9421970809E-1	3.7100108113E-2	5.5817098412E-3
7.9980789121E-1	3.7628255604E-2	5.5946408237E-3
8.0540895857E-1	3.7476158432E-2	5.6074783123E-3
8.1102281659E-1	3.6630043492E-2	5.6202220924E-3
8.1664937145E-1	3.5148976751E-2	5.6328719509E-3
8.2228852912E-1	3.3172854965E-2	5.6454276767E-3
8.2794019536E-1	3.0847918793E-2	5.6578890597E-3
8.3360427572E-1	2.8394230950E-2	5.6702558918E-3
8.3928067556E-1	2.6021730520E-2	5.6825279663E-3
8.4496930000E-1	2.3928325345E-2	5.6947050782E-3
8.5067005399E-1	2.2286471918E-2	5.7067870238E-3
8.5638284226E-1	2.1212974700E-2	5.7187736014E-3
8.6210756934E-1	2.0779944151E-2	5.7306646105E-3
8.6784413956E-1	2.0977296089E-2	5.7424598526E-3
8.7359245705E-1	2.1739008305E-2	5.7541591304E-3
8.7935242576E-1	2.2948264768E-2	5.7657622485E-3
8.8512394943E-1	2.4458655299E-2	5.7772690129E-3
8.9090693161E-1	2.6070347736E-2	5.7886792314E-3
8.9670127565E-1	2.7602430127E-2	5.7999927133E-3
9.0250688473E-1	2.8874782582E-2	5.8112092696E-3
9.0832366182E-1	2.9734192285E-2	5.8223287127E-3
9.1415150972E-1	3.0076045523E-2	5.8333508568E-3
9.1999033104E-1	2.9847961278E-2	5.8442755178E-3
9.2584002820E-1	2.9040807906E-2	5.8551025132E-3
9.3170050345E-1	2.7716789874E-2	5.8658316618E-3
9.3757165885E-1	2.5975494869E-2	5.8764627846E-3
9.4345339628E-1	2.3951721728E-2	5.8869957037E-3
9.4934561746E-1	2.1801194001E-2	5.8974302433E-3
9.5524822392E-1	1.9716976087E-2	5.9077662288E-3
9.6116111701E-1	1.7833343107E-2	5.9180034877E-3
9.6708419793E-1	1.6309690431E-2	5.9281418487E-3
9.7301736769E-1	1.5245962387E-2	5.9381811425E-3
9.7896052713E-1	1.4702188911E-2	5.9481212013E-3
9.8491357695E-1	1.4692927985E-2	5.9579618591E-3
9.9087641766E-1	1.5184530934E-2	5.9677029512E-3
9.9684894961E-1	1.6097961961E-2	5.9773443150E-3
1.0028310730E+0	1.7320581909E-2	5.9868857894E-3
1.0088226878E+0	1.8708487006E-2	5.9963272149E-3
1.0148236940E+0	2.0116874424E-2	6.0056684336E-3
1.0208339913E+0	2.1401681156E-2	6.0149092896E-3
1.0268534791E+0	2.2419751636E-2	6.0240496283E-3
1.0328820570E+0	2.3060101815E-2	6.0330892971E-3
1.0389196241E+0	2.3264743508E-2	6.0420281448E-3
1.0449660796E+0	2.2982502887E-2	6.0508660221E-3
1.0510213224E+0	2.2236672361E-2	6.0596027814E-3
1.0570852514E+0	2.1073087336E-2	6.0682382765E-3
1.0631577652E+0	1.9573427925E-2	6.0767723631E-3
1.0692387623E+0	1.7853867490E-2	6.0852048988E-3
1.0753281411E+0	1.6044098600E-2	6.0935357425E-3
1.0814257998E+0	1.4278367388E-2	6.1017647550E-3
1.0875316366E+0	1.2683025013E-2	6.1098917988E-3
1.0936455494E+0	1.1372773897E-2	6.1179167381E-3
1.0997674360E+0	1.0432767976E-2	6.1258394388E-3
1.1058971941E+0	9.9134219279E-3	6.1336597685E-3
1.1120347214E+0	9.8372665415E-3	6.1413775965E-3
1.1181799151E+0	1.0186483500E-2	6.1489927938E-3
1.1243326727E+0	1.0897714320E-2	6.1565052331E-3
1.1304928913E+0	1.1894775825E-2	6.1639147890E-3
1.1366604679E+0	1.3073375241E-2	6.1712213376E-3
1.1428352996E+0	1.4311434899E-2	6.1784247568E-3
1.1490172830E+0	1.5492995772E-2	6.1855249261E-3
1.1552063150E+0	1.6505220064E-2	6.1925217271E-3
1.1614022920E+0	1.7253025877E-2	6.1994150427E-3
1.1676051105E+0	1.7659699399E-2	6.2062047577E-3
1.1738146669E+0	1.7684371509E-2	6.2128907587E-3
1.1800308574E+0	1.7318863425E-2	6.2194729339E-3
1.1862535782E+0	1.6582465414E-2	6.2259511734E-3
1.1924827251E+0	1.5525979243E-2	6.2323253688E-3
1.1987181942E+0	1.4223681860E-2	6.2385954138E-3
1.2049598812E+0	1.2772221638E-2	6.2447612034E-3
1.2112076818E+0	1.1272584560E-2	6.2508226346E-3
1.2174614916E+0	9.8356691123E-3	6.2567796062E-3
1.2237212062E+0	8.5596192817E-3	6.2626320186E-3
1.2299867208E+0	7.5286351652E-3	6.2683797740E-3
1.2362579308E+0	6.8079597706E-3	6.2740227763E-3
1.2425347314E+0	6.4326371588E-3	6.2795609313E-3
1.2488170177E+0	6.4192222042E-3	6.2849941464E-3
1.2551046847E+0	6.7471061813E-3	6.2903223308E-3
1.2613976273E+0	7.3727749075E-3	6.2955453954E-3
1.2676957404E+0	8.2275179853E-3	6.3006632530E-3
1.2739989187E+0	9.2350026388E-3	6.3056758180E-3
1.2803070569E+0	1.0291984091E-2	6.3105830068E-3
1.2866200496E+0	1.1317215781E-2	6.3153847371E-3
1.2929377912E+0	1.2207225932E-2	6.3200809290E-3
1.2992601762E+0	1.2889306628E-2	6.3246715037E-3
1.3055870990E+0	1.3312234146E-2	6.3291563847E-3
1.3119184537E+0	1.3421792913E-2	6.3335354970E-3
1.3182541347E+0	1.3212969832E-2	6.3378087674E-3
1.3245940360E+0	1.2698230752E-2	6.3419761245E-3
1.3309380516E+0	1.1913655963E-2	6.3460374987E-3
1.3372860756E+0	1.0909282413E-2	6.3499928220E-3
1.3436380019E+0	9.7580088900E-3	6.3538420284E-3
1.3499937243E+0	8.5436218170E-3	6.3575850535E-3
1.3563531366E+0	7.3481861639E-3	6.3612218349E-3
1.3627161325E+0	6.2561117584E-3	6.3647523117E-3
1.3690826057E+0	5.3374890943E-3	6.3681764249E-3
1.3754524499E+0	4.6511118774E-3	6.3714941173E-3
1.3818255585E+0	4.2354045044E-3	6.3747053335E-3
1.3882018250E+0	4.1091311736E-3	6.3778100198E-3
1.3945811430E+0	4.2660430938E-3	6.3808081243E-3
1.4009634057E+0	4.6816406121E-3	6.3836995970E-3
1.4073485066E+0	5.3111835221E-3	6.3864843894E-3
1.4137363389E+0	6.0956030915E-3	6.3891624551E-3
1.4201267959E+0	6.9649630238E-3	6.3917337493E-3
1.4265197708E+0	7.8420864514E-3	6.3941982290E-3
1.4329151568E+0	8.6543251005E-3	6.3965558531E-3
1.4393128469E+0	9.3300699795E-3	6.3988065821E-3
1.4457127343E+0	9.8186617895E-3	6.4009503785E-3
1.4521147120E+0	1.0080638163E-2	6.4029872063E-3
1.4585186731E+0	1.0090268188E-2	6.4049170317E-3
1.4649245104E+0	9.8428388767E-3	6.4067398222E-3
1.4713321170E+0	9.3575119101E-3	6.4084555476E-3
1.4777413858E+0	8.6728689602E-3	6.4100641790E-3
1.4841522097E+0	7.8306299064E-3	6.4115656896E-3
1.4905644815E+0	6.8934758106E-3	6.4129600544E-3
1.4969780940E+0	5.9292690294E-3	6.4142472499E-3
1.5033929402E+0	5.0010595562E-3	6.4154272548E-3
1.5098089128E+0	4.1728178961E-3	6.4165000493E-3
1.5162259046E+0	3.4978050847E-3	6.4174656154E-3
1.5226438083E+0	3.0178821811E-3	6.4183239370E-3
1.5290625167E+0	2.7575797922E-3	6.4190749998E-3
1.5354819225E+0	2.7251652688E-3	6.4197187912E-3
1.5419019185E+0	2.9142831166E-3	6.4202553005E-3
1.5483223974E+0	3.2963123287E-3	6.4206845187E-3
1.5547432518E+0	3.8351966334E-3	6.4210064386E-3
1.5611643745E+0	4.4816318858E-3	6.4212210549E-3
1.5675856581E+0	5.1735214032E-3	6.4213283639E-3
1.5740069954E+0	5.8603748588E-3	6.4213283639E-3
1.5804282791E+0	6.4791330617E-3	6.4212210549E-3
1.5868494018E+0	6.9801211448E-3	6.4210064386E-3
1.5932702562E+0	7.3286702631E-3	6.4206845187E-3
1.5996907351E+0	7.4886865739E-3	6.4202553005E-3
1.6061107310E+0	7.4541885731E-3	6.4197187912E-3
1.6125301369E+0	7.2250677630E-3	6.4190749998E-3
1.6189488453E+0	6.8170522082E-3	6.4183239370E-3
1.6253667490E+0	6.2647993100E-3	6.4174656154E-3
1.6317837408E+0	5.6043829529E-3	6.4165000493E-3
1.6381997134E+0	4.8864235111E-3	6.4154272548E-3
1.6446145595E+0	4.1614011332E-3	6.4142472499E-3
1.6510281721E+0	3.4783874772E-3	6.4129600544E-3
1.6574404439E+0	2.8851445723E-3	6.4115656896E-3
1.6638512678E+0	2.4180321954E-3	6.4100641790E-3
1.6702605366E+0	2.1045416310E-3	6.4084555476E-3
1.6766681432E+0	1.9605509136E-3	6.4067398222E-3
1.6830739805E+0	1.9853088255E-3	6.4049170317E-3
1.6894779416E+0	2.1677804662E-3	6.4029872063E-3
1.6958799193E+0	2.4861457609E-3	6.4009503785E-3
1.7022798067E+0	2.9066291440E-3	6.3988065821E-3
1.7086774968E+0	3.3877485105E-3	6.3965558531E-3
1.7150728827E+0	3.8852935601E-3	6.3941982290E-3
1.7214658576E+0	4.3592989226E-3	6.3917337493E-3
1.7278563146E+0	4.7683669322E-3	6.3891624551E-3
1.7342441470E+0	5.0794458981E-3	6.3864843894E-3
1.7406292478E+0	5.2665820228E-3	6.3836995970E-3
1.7470115106E+0	5.3148799674E-3	6.3808081243E-3
1.7533908286E+0	5.2241347513E-3	6.3778100198E-3
1.7597670951E+0	4.9996834247E-3	6.3747053335E-3
1.7661402037E+0	4.6640950304E-3	6.3714941173E-3
1.7725100479E+0	4.2430884822E-3	6.3681764249E-3
1.7788765211E+0	3.7685714194E-3	6.3647523117E-3
1.7852395170E+0	3.2788859074E-3	6.3612218349E-3
1.7915989293E+0	2.8079376047E-3	6.3575850535E-3
1.7979546517E+0	2.3901065183E-3	6.3538420284E-3
1.8043065780E+0	2.0522993426E-3	6.3499928220E-3
1.8106546020E+0	1.8151329060E-3	6.3460374987E-3
1.8169986176E+0	1.6888649670E-3	6.3419761245E-3
1.8233385189E+0	1.6742644973E-3	6.3378087674E-3
1.8296741999E+0	1.7630992245E-3	6.3335354970E-3
1.8360055546E+0	1.9396164930E-3	6.3291563847E-3
1.8423324774E+0	2.1791265707E-3	6.3246715037E-3
1.8486548624E+0	2.4538762481E-3	6.3200809290E-3
1.8549726040E+0	2.7375556542E-3	6.3153847371E-3
1.8612855967E+0	2.9970305030E-3	6.3105830068E-3
1.8675937349E+0	3.2119367731E-3	6.3056758180E-3
1.8738969132E+0	3.3587961995E-3	6.3006632530E-3
1.8801950263E+0	3.4295385196E-3	6.2955453954E-3
1.8864879689E+0	3.4141776260E-3	6.2903223308E-3
1.8927756359E+0	3.3217418279E-3	6.2849941464E-3
1.8990579222E+0	3.1595198721E-3	6.2795609313E-3
1.9053347228E+0	2.9447111186E-3	6.2740227763E-3
1.9116059328E+0	2.7019688734E-3	6.2683797740E-3
1.9178714474E+0	2.4506751116E-3	6.2626320186E-3
1.9241311620E+0	2.2144893102E-3	6.2567796062E-3
1.9303849718E+0	2.0130239770E-3	6.2508226346E-3
1.9366327724E+0	1.8630406157E-3	6.2447612034E-3
1.9428744594E+0	1.7740518769E-3	6.2385954138E-3
1.9491099285E+0	1.7460664215E-3	6.2323253688E-3
1.9553390754E+0	1.7774251056E-3	6.2259511734E-3
1.9615617961E+0	1.8550879261E-3	6.2194729339E-3
1.9677779867E+0	1.9629400666E-3	6.2128907587E-3
1.9739875431E+0	2.0820854018E-3	6.2062047577E-3
1.9801903616E+0	2.1920538026E-3	6.1994150427E-3
1.9863863386E+0	2.2736497343E-3	6.1925217271E-3
1.9925753706E+0	2.3127257270E-3	6.1855249261E-3
1.9987573540E+0	2.2984916323E-3	6.1784247568E-3
2.0049321857E+0	2.2274767505E-3	6.1712213376E-3
2.0110997623E+0	2.1042424400E-3	6.1639147890E-3
2.0172599809E+0	1.9399594658E-3	6.1565052331E-3
2.0234127385E+0	1.7518266715E-3	6.1489927938E-3
2.0295579322E+0	1.5615325917E-3	6.1413775965E-3
2.0356954595E+0	1.3919294963E-3	6.1336597685E-3
2.0418252176E+0	1.2665704805E-3	6.1258394388E-3
2.0479471042E+0	1.2047426675E-3	6.1179167381E-3
2.0540610170E+0	1.2191760172E-3	6.1098917988E-3
2.0601668538E+0	1.3157970813E-3	6.1017647550E-3
2.0662645125E+0	1.4915397284E-3	6.0935357425E-3
2.0723538913E+0	1.7322881068E-3	6.0852048988E-3
2.0784348884E+0	2.0172482887E-3	6.0767723631E-3
2.0845074022E+0	2.3186929073E-3	6.0682382765E-3
2.0905713312E+0	2.6040009497E-3	6.0596027814E-3
2.0966265740E+0	2.8369173746E-3	6.0508660221E-3
2.1026730295E+0	2.9898528414E-3	6.0420281448E-3
2.1087105966E+0	3.0361510178E-3	6.0330892971E-3
2.1147391745E+0	2.9629502917E-3	6.0240496283E-3
2.1207586623E+0	2.7635049110E-3	6.0149092896E-3
2.1267689596E+0	2.4523464722E-3	6.0056684336E-3
2.1327699657E+0	2.0519248367E-3	5.9963272149E-3
2.1387615806E+0	1.5966298911E-3	5.9868857894E-3
2.1447437040E+0	1.1317590253E-3	5.9773443150E-3
2.1507162359E+0	7.0824192043E-4	5.9677029512E-3
2.1566790766E+0	3.7596144984E-4	5.9579618591E-3
2.1626321265E+0	1.8035237648E-4	5.9481212013E-3
2.1685752859E+0	1.5648204820E-4	5.9381811425E-3
2.1745084557E+0	3.2513271162E-4	5.9281418487E-3
2.1804315366E+0	6.8981987125E-4	5.9180034877E-3
2.1863444297E+0	1.2325201967E-3	5.9077662288E-3
2.1922470361E+0	1.9182804079E-3	5.8974302433E-3
2.1981392573E+0	2.6927862516E-3	5.8869957037E-3
2.2040209947E+0	3.4907635664E-3	5.8764627846E-3
2.2098921501E+0	4.2387715785E-3	5.8658316618E-3
2.2157526254E+0	4.8659305487E-3	5.8551025132E-3
2.2216023226E+0	5.3040999617E-3	5.8442755178E-3
2.2274411439E+0	5.5085454044E-3	5.8333508568E-3
2.2332689918E+0	5.4481112965E-3	5.8223287127E-3
2.2390857689E+0	5.1237366341E-3	5.8112092696E-3
2.2448913779E+0	4.5607851451E-3	5.7999927133E-3
2.2506857220E+0	3.8112964319E-3	5.7886792314E-3
2.2564687042E+0	2.9592995701E-3	5.7772690129E-3
2.2622402278E+0	2.0944906664E-3	5.7657622485E-3
2.2680001965E+0	1.3251280949E-3	5.7541591304E-3
2.2737485140E+0	7.4920897450E-4	5.7424598526E-3
2.2794850843E+0	4.5872584860E-4	5.7306646105E-3
2.2852098113E+0	5.1889076848E-4	5.7187736014E-3
2.2909225996E+0	9.6330510304E-4	5.7067870238E-3
2.2966233536E+0	1.7901508694E-3	5.6947050782E-3
2.3023119780E+0	2.9533354764E-3	5.6825279663E-3
2.3079883779E+0	4.3752391955E-3	5.6702558918E-3
2.3136524582E+0	5.9381634573E-3	5.6578890597E-3
2.3193041245E+0	7.5164169836E-3	5.6454276767E-3
2.3249432821E+0	8.9594879997E-3	5.6328719509E-3
2.3305698370E+0	1.0141538805E-2	5.6202220924E-3
2.3361836950E+0	1.0938924409E-2	5.6074783123E-3
2.3417847624E+0	1.1284111984E-2	5.5946408237E-3
2.3473729455E+0	1.1146253380E-2	5.5817098412E-3
2.3529481510E+0	1.0548545196E-2	5.5686855808E-3
2.3585102856E+0	9.5695029666E-3	5.5555682601E-3
2.3640592565E+0	8.3372828666E-3	5.5423580985E-3
2.3695949710E+0	7.0193798908E-3	5.5290553166E-3
2.3751173364E+0	5.8040656256E-3	5.5156601367E-3
2.3806262605E+0	4.8811702972E-3	5.5021727828E-3
2.3861216513E+0	4.4200263819E-3	5.4885934801E-3
2.3916034169E+0	4.5506206425E-3	5.4749224557E-3
2.3970714657E+0	5.3484591666E-3	5.4611599379E-3
2.4025257064E+0	6.8165372130E-3	5.4473061568E-3
2.4079660477E+0	8.8828680123E-3	5.4333613439E-3
2.4133923988E+0	1.1405683089E-2	5.4193257323E-3
2.4188046690E+0	1.4185370144E-2	5.4051995564E-3
2.4242027678E+0	1.6984080480E-2	5.3909830523E-3
2.4295866050E+0	1.9556510807E-2	5.3766764577E-3
2.4349560907E+0	2.1660784834E-2	5.3622800116E-3
2.4403111352E+0	2.3121983117E-2	5.3477939546E-3
2.4456516489E+0	2.3811908774E-2	5.3332185287E-3
2.4509775425E+0	2.3711657348E-2	5.3185539776E-3
2.4562887272E+0	2.2896137454E-2	5.3038005463E-3
2.4615851141E+0	2.1536054513E-2	5.2889584814E-3
2.4668666147E+0	1.9882446985E-2	5.2740280309E-3
2.4721331408E+0	1.8235212455E-2	5.2590094442E-3
2.4773846043E+0	1.6935711095E-2	5.2439029725E-3
2.4826209175E+0	1.6279008421E-2	5.2287088681E-3
2.4878419929E+0	1.6528235147E-2	5.2134273849E-3
2.4930477432E+0	1.7836223507E-2	5.1980587783E-3
2.4982380815E+0	2.0242215439E-2	5.1826033052E-3
2.5034129210E+0	2.3646060504E-2	5.1670612238E-3
2.5085721752E+0	2.7838613320E-2	5.1514327939E-3
2.5137157579E+0	3.2489945711E-2	5.1357182766E-3
2.5188435831E+0	3.7214190366E-2	5.1199179345E-3
2.5239555652E+0	4.1582574533E-2	5.1040320318E-3
2.5290516187E+0	4.5222288423E-2	5.0880608338E-3
2.5341316585E+0	4.7832047139E-2	5.0720046074E-3
2.5391955997E+0	4.9244464539E-2	5.0558636210E-3
2.5442433576E+0	4.9454284026E-2	5.0396381444E-3
2.5492748479E+0	4.8628271608E-2	5.0233284486E-3
2.5542899865E+0	4.7092063167E-2	5.0069348063E-3
2.5592886896E+0	4.5293850974E-2	4.9904574913E-3
2.5642708737E+0	4.3761817641E-2	4.9738967791E-3
2.5692364555E+0	4.3020165122E-2	4.9572529464E-3
2.5741853520E+0	4.3521020195E-2	4.9405262713E-3
2.5791174805E+0	4.5582624166E-2	4.9237170334E-3
2.5840327586E+0	4.9334179915E-2	4.9068255135E-3
2.5889311042E+0	5.4688486522E-2	4.8898519940E-3
2.5938124354E+0	6.1331991574E-2	4.8727967585E-3
2.5986766706E+0	6.8761542619E-2	4.8556600920E-3
2.6035237285E+0	7.6369610621E-2	4.8384422809E-3
2.6083535282E+0	8.3491709964E-2	4.8211436130E-3
2.6131659889E+0	8.9521108786E-2	4.8037643772E-3
2.6179610302E+0	9.4000207809E-2	4.7863048641E-3
2.6227385719E+0	9.6700051426E-2	4.7687653653E-3
2.6274985343E+0	9.7661647412E-2	4.7511461741E-3
2.6322408378E+0	9.7215764424E-2	4.7334475849E-3
2.6369654032E+0	9.5947716855E-2	4.7156698934E-3
2.6416721513E+0	9.4592378142E-2	4.6978133967E-3
2.6463610038E+0	9.3981705554E-2	4.6798783932E-3
2.6510318821E+0	9.4888314264E-2	4.6618651826E-3
2.6556847082E+0	9.7902753310E-2	4.6437740661E-3
2.6603194043E+0	1.0334531772E-1	4.6256053458E-3
2.6649358931E+0	1.1118637358E-1	4.6073593254E-3
2.6695340973E+0	1.2102540577E-1	4.5890363098E-3
2.6741139402E+0	1.3214370351E-1	4.5706366053E-3
2.6786753451E+0	1.4364387157E-1	4.5521605193E-3
2.6832182358E+0	1.5450445539E-1	4.5336083606E-3
2.6877425365E+0	1.6380007626E-1	4.5149804392E-3
2.6922481716E+0	1.7087874798E-1	4.4962770664E-3
2.6967350656E+0	1.7539692238E-1	4.4774985548E-3
2.7012031437E+0	1.7751949725E-1	4.4586452181E-3
2.7056523312E+0	1.7777081094E-1	4.4397173715E-3
2.7100825537E+0	1.7713988877E-1	4.4207153312E-3
2.7144937373E+0	1.7676876036E-1	4.4016394148E-3
2.7188858081E+0	1.7783783883E-1	4.3824899412E-3
2.7232586927E+0	1.8138287459E-1	4.3632672302E-3
2.7276123182E+0	1.8806583287E-1	4.3439716031E-3
2.7319466117E+0	1.9803057383E-1	4.3246033825E-3
2.7362615009E+0	2.1085332306E-1	4.3051628919E-3
2.7405569135E+0	2.2565179830E-1	4.2856504563E-3
2.7448327779E+0	2.4111066733E-1	4.2660664016E-3
2.7490890226E+0	2.5576623646E-1	4.2464110553E-3
2.7533255764E+0	2.6829960702E-1	4.2266847457E-3
2.7575423685E+0	2.7773389203E-1	4.2068878026E-3
2.7617393285E+0	2.8360417616E-1	4.1870205567E-3
2.7659163863E+0	2.8616962319E-1	4.1670833400E-3
2.7700734720E+0	2.8632625039E-1	4.1470764858E-3
2.7742105162E+0	2.8539055550E-1	4.1270003283E-3
2.7783274497E+0	2.8505346144E-1	4.1068552032E-3
2.7824242037E+0	2.8686720400E-1	4.0866414469E-3
2.7865007098E+0	2.9199554666E-1	4.0663593974E-3
2.7905568999E+0	3.0103298511E-1	4.0460093936E-3
2.7945927061E+0	3.1371281795E-1	4.0255917754E-3
2.7986080610E+0	3.2903007971E-1	4.0051068843E-3
2.8026028975E+0	3.4533540445E-1	3.9845550624E-3
2.8065771489E+0	3.6074232767E-1	3.9639366533E-3
2.8105307487E+0	3.7336560039E-1	3.9432520014E-3
2.8144636309E+0	3.8182445007E-1	3.9225014525E-3
2.8183757298E+0	3.8546690026E-1	3.9016853533E-3
2.8222669799E+0	3.8460832276E-1	3.8808040517E-3
2.8261373163E+0	3.8039122844E-1	3.8598578967E-3
2.8299866742E+0	3.7458544165E-1	3.8388472382E-3
2.8338149894E+0	3.6930567622E-1	3.8177724274E-3
2.8376221978E+0	3.6631766549E-1	3.7966338166E-3
2.8414082359E+0	3.6682686925E-1	3.7754317588E-3
2.8451730403E+0	3.7109815854E-1	3.7541666086E-3
2.8489165482E+0	3.7834021703E-1	3.7328387211E-3
2.8526386969E+0	3.8684550973E-1	3.7114484529E-3
2.8563394244E+0	3.9437566362E-1	3.6899961614E-3
2.8600186687E+0	3.9871666126E-1	3.6684822051E-3
2.8636763684E+0	3.9804441673E-1	3.6469069436E-3
2.8673124623E+0	3.9146972203E-1	3.6252707373E-3
2.8709268897E+0	3.7929951767E-1	3.6035739479E-3
2.8745195901E+0	3.6282624680E-1	3.5818169379E-3
2.8780905036E+0	3.4412925847E-1	3.5600000709E-3
2.8816395704E+0	3.2540143811E-1	3.5381237115E-3
2.8851667313E+0	3.0859869569E-1	3.5161882254E-3
2.8886719273E+0	2.9475355469E-1	3.4941939790E-3
2.8921550998E+0	2.8372123262E-1	3.4721413399E-3
2.8956161906E+0	2.7434349700E-1	3.4500306767E-3
2.8990551419E+0	2.6467513448E-1	3.4278623588E-3
2.9024718962E+0	2.5265512419E-1	3.4056367567E-3
2.9058663965E+0	2.3662131074E-1	3.3833542419E-3
2.9092385859E+0	2.1586706904E-1	3.3610151867E-3
2.9125884081E+0	1.9094659874E-1	3.3386199643E-3
2.9159158072E+0	1.6344139941E-1	3.3161689492E-3
2.9192207275E+0	1.3563841558E-1	3.2936625164E-3
2.9225031139E+0	1.0984639087E-1	3.2711010421E-3
2.9257629114E+0	8.7759999796E-2	3.2484849032E-3
2.9290000656E+0	7.0141228015E-2	3.2258144779E-3
2.9322145224E+0	5.6693111879E-2	3.2030901448E-3
2.9354062280E+0	4.6461650387E-2	3.1803122838E-3
2.9385751292E+0	3.8416315920E-2	3.1574812755E-3
2.9417211730E+0	3.2157949973E-2	3.1345975014E-3
2.9448443068E+0	2.8488846789E-2	3.1116613440E-3
2.9479444784E+0	2.9462962539E-2	3.0886731866E-3
2.9510216360E+0	3.8082544614E-2	3.0656334132E-3
2.9540757281E+0	5.7518074847E-2	3.0425424091E-3
2.9571067038E+0	9.0243781573E-2	3.0194005599E-3
2.9601145124E+0	1.3739248174E-1	2.9962082525E-3
2.9630991036E+0	1.9863669321E-1	2.9729658744E-3
2.9660604276E+0	2.7262666655E-1	2.9496738141E-3
2.9689984348E+0	3.5811641539E-1	2.9263324607E-3
2.9719130762E+0	4.5491563720E-1	2.9029422044E-3
2.9748043031E+0	5.6493327707E-1	2.8795034361E-3
2.9776720671E+0	6.9228624936E-1	2.8560165473E-3
2.9805163203E+0	8.4219869859E-1	2.8324819307E-3
2.9833370151E+0	1.0196644485E+0	2.8088999795E-3
2.9861341046E+0	1.2272913518E+0	2.7852710878E-3
2.9889075418E+0	1.4640126696E+0	2.7615956505E-3
2.9916572805E+0	1.7250986146E+0	2.7378740632E-3
2.9943832747E+0	2.0025248035E+0	2.7141067224E-3
2.9970854788E+0	2.2878760968E+0	2.6902940251E-3
2.9997638477E+0	2.5749553371E+0	2.6664363695E-3
3.0024183367E+0	2.8609885452E+0	2.6425341541E-3
3.0050489013E+0	3.1473346124E+0	2.6185877784E-3
3.0076554977E+0	3.4370224757E+0	2.5945976426E-3
3.0102380822E+0	3.7309794190E+0	2.5705641475E-3
3.0127966116E+0	4.0252295041E+0	2.5464876949E-3
3.0153310434E+0	4.3080209731E+0	2.5223686871E-3
3.0178413350E+0	4.5606099670E+0	2.4982075270E-3
3.0203274445E+0	4.7609887765E+0	2.4740046186E-3
3.0227893304E+0	4.8885901795E+0	2.4497603662E-3
3.0252269516E+0	4.9294771599E+0	2.4254751751E-3
3.0276402673E+0	4.8790223478E+0	2.4011494510E-3
3.0300292371E+0	4.7405866844E+0	2.3767836004E-3
3.0323938212E+0	4.5218094974E+0	2.3523780306E-3
3.0347339801E+0	4.2293844679E+0	2.3279331494E-3
3.0370496746E+0	3.8664917840E+0	2.3034493653E-3
3.0393408660E+0	3.4340474060E+0	2.2789270875E-3
3.0416075160E+0	2.9366264750E+0	2.2543667257E-3
3.0438495869E+0	2.3909657416E+0	2.2297686905E-3
3.0460670410E+0	1.8315883047E+0	2.2051333928E-3
3.0482598414E+0	1.3113960558E+0	2.1804612443E-3
3.0504279513E+0	8.9675767300E-1	2.1557526574E-3
3.0525713347E+0	6.5726721140E-1	2.1310080450E-3
3.0546899556E+0	6.5697867303E-1	2.1062278206E-3
3.0567837786E+0	9.5080183591E-1	2.0814123983E-3
3.0588527688E+0	1.5850232999E+0	2.0565621928E-3
3.0608968915E+0	2.6011555227E+0	2.0316776194E-3
3.0629161127E+0	4.0342081056E+0	2.0067590939E-3
3.0649103985E+0	5.9010219323E+0	1.9818070327E-3
3.0668797157E+0	8.1822560456E+0	1.9568218529E-3
3.0688240313E+0	1.0802481363E+1	1.9318039720E-3
3.0707433129E+0	1.3619360946E+1	1.9067538080E-3
3.0726375283E+0	1.6433354069E+1	1.8816717796E-3
3.0745066460E+0	1.9011667093E+1	1.8565583060E-3
3.0763506346E+0	2.1116045763E+1	1.8314138067E-3
3.0781694634E+0	2.2528523013E+1	1.8062387021E-3
3.0799631019E+0	2.3066036072E+1	1.7810334128E-3
3.0817315203E+0	2.2589593947E+1	1.7557983600E-3
3.0834746889E+0	2.1028266685E+1	1.7305339655E-3
3.0851925786E+0	1.8421238218E+1	1.7052406515E-3
3.0868851607E+0	1.4967520453E+1	1.6799188405E-3
3.0885524069E+0	1.1061750327E+1	1.6545689559E-3
3.0901942894E+0	7.2869187626E+0	1.6291914212E-3
3.0918107807E+0	4.3507210343E+0	1.6037866605E-3
3.0934018538E+0	2.9838659389E+0	1.5783550984E-3
3.0949674821E+0	3.8281635521E+0	1.5528971598E-3
3.0965076394E+0	7.3371088962E+0	1.5274132703E-3
3.0980223001E+0	1.3691486480E+1	1.5019038556E-3
3.0995114388E+0	2.2718757511E+1	1.4763693421E-3
3.1009750306E+0	3.3818733843E+1	1.4508101565E-3
3.1024130510E+0	4.5928068765E+1	1.4252267258E-3
3.1038254761E+0	5.7577511961E+1	1.3996194778E-3
3.1052122822E+0	6.7077415127E+1	1.3739888402E-3
3.1065734461E+0	7.2813697198E+1	1.3483352414E-3
3.1079089451E+0	7.3588515505E+1	1.3226591101E-3
3.1092187570E+0	6.8908464591E+1	1.2969608754E-3
3.1105028597E+0	5.9174286060E+1	1.2712409668E-3
3.1117612318E+0	4.5755140505E+1	1.2454998140E-3
3.1129938524E+0	3.0942252312E+1	1.2197378472E-3
3.1142007007E+0	1.7761200178E+1	1.1939554970E-3
3.1153817567E+0	9.6018808294E+0	1.1681531941E-3
3.1165370006E+0	9.6524808887E+0	1.1423313699E-3
3.1176664131E+0	2.0216693140E+1	1.1164904558E-3
3.1187699753E+0	4.2081051327E+1	1.0906308836E-3
3.1198476688E+0	7.4108136877E+1	1.0647530855E-3
3.1208994755E+0	1.1316941110E+2	1.0388574939E-3
3.1219253780E+0	1.5443778211E+2	1.0129445417E-3
3.1229253590E+0	1.9200241130E+2	9.8701466182E-4
3.1238994018E+0	2.1974278939E+2	9.6106828758E-4
3.1248474902E+0	2.3240247059E+2	9.3510585261E-4
3.1257696083E+0	2.2675089188E+2	9.0912779076E-4
3.1266657407E+0	2.0263904688E+2	8.8313453619E-4
3.1275358724E+0	1.6361317710E+2	8.5712652325E-4
3.1283799890E+0	1.1692282208E+2	8.3110418659E-4
3.1291980762E+0	7.2982425324E+1	8.0506796108E-4
3.1299901204E+0	4.3760108168E+1	7.7901828182E-4
3.1307561084E+0	4.0712633284E+1	7.5295558414E-4
3.1314960274E+0	7.4359924589E+1	7.2688030358E-4
3.1322098650E+0	1.5010108508E+2	7.0079287589E-4
3.1328976092E+0	2.6220610505E+2	6.7469373705E-4
3.1335592487E+0	4.1085377845E+2	6.4858332323E-4
3.1341947723E+0	6.0107389412E+2	6.2246207073E-4
3.1348041694E+0	7.6894299279E+2	5.9633041614E-4
3.1353874298E+0	8.4375731991E+2	5.7018879612E-4
3.1359445438E+0	9.7066484523E+2	5.4403764760E-4
3.1364755020E+0	1.2358765330E+3	5.1787740760E-4
3.1369802957E+0	1.1806160470E+3	4.9170851331E-4
3.1374589163E+0	6.3245261440E+2	4.6553140213E-4
3.1379113559E+0	6.1789986705E+2	4.3934651156E-4
3.1383376069E+0	1.5021247621E+3	4.1315427928E-4
3.1387376622E+0	1.4948651945E+3	3.8695514312E-4
3.1391115150E+0	1.7353924347E+2	3.6074954110E-4
3.1394591592E+0	1.0082337477E+3	3.3453791144E-4
3.1397805890E+0	5.5196422163E+3	3.0832069259E-4
3.1400757989E+0	8.2486146971E+3	2.8209832342E-4
3.1403447841E+0	4.5081807861E+3	2.5587124334E-4
3.1405875400E+0	1.1660282162E+2	2.2963989267E-4
3.1408040626E+0	4.7959788271E+3	2.0340471372E-4
3.1409943483E+0	1.7894359636E+4	1.7716615272E-4
3.1411583939E+0	2.8968119379E+4	1.5092466531E-4
3.1412961968E+0	3.0522258616E+4	1.2468073282E-4
3.1414077547E+0	2.3769913166E+4	9.8434919423E-5
3.1414930663E+0	1.4128665227E+4	7.2188137769E-5
3.1415521316E+0	5.9440246382E+3	4.5943520243E-5
3.1415849628E+0	1.1353380340E+3	1.9736940383E-5