# Differential cross section		
# Author: P. Swaczyna	Princeton University	(swaczyna@princeton.edu)
# Date: 	Wed 17 Feb 2021 07:02:46	
# 		
# Indistinguishable particle collision: He^0 + He^+ -> He^0 + He^+		
# 		
# Red. mass: 	1.8640723202E+9	 eV/c^2
# CM energy: 	2.5118864315E-1	 eV
# Rel speed: 	4.9215774278E+5	 cm/s
# Tot sigma: 	4.7325122422E+2	 a.u.
# Int sigma: 	4.7325283864E+2	 a.u.
# 		
# Columns:		
# the <- scattering angle (rad)		
# dcs <- dsigma/dOmega*2*pi*sin(the) (a.u. = 2.8002852056E-17 cm^2)		
# wei <- weight for cross section integration (approx. width of angle bin)		
# 		
# the	dcs	wei
7.6907532846E-6	1.7181578307E+1	1.9736940383E-5
4.0521979771E-5	9.0520567408E+1	4.5943520243E-5
9.9587300392E-5	2.2236395822E+2	7.2188137769E-5
1.8489884726E-4	4.1230765314E+2	9.8434919423E-5
2.9645680168E-4	6.5916058281E+2	1.2468073282E-4
4.3425968311E-4	9.6042092996E+2	1.5092466531E-4
5.9830531657E-4	1.3117497158E+3	1.7716615272E-4
7.8859101285E-4	1.7067062337E+3	2.0340471372E-4
1.0051136166E-3	2.1370557628E+3	2.2963989267E-4
1.2478695220E-3	2.5938584440E+3	2.5587124334E-4
1.5168546797E-3	3.0691722617E+3	2.8209832342E-4
1.8120645986E-3	3.5576066341E+3	3.0832069259E-4
2.1334943481E-3	4.0565208612E+3	3.3453791144E-4
2.4811385584E-3	4.5639942999E+3	3.6074954110E-4
2.8549914211E-3	5.0751983296E+3	3.8695514312E-4
3.2550466893E-3	5.5798978484E+3	4.1315427928E-4
3.6812976783E-3	6.0644648339E+3	4.3934651156E-4
4.1337372652E-3	6.5185630754E+3	4.6553140213E-4
4.6123578895E-3	6.9405757984E+3	4.9170851331E-4
5.1171515529E-3	7.3341786571E+3	5.1787740760E-4
5.6481098199E-3	7.6975970500E+3	5.4403764760E-4
6.2052238176E-3	8.0191087763E+3	5.7018879612E-4
6.7884842360E-3	8.2879731844E+3	5.9633041614E-4
7.3978813281E-3	8.5068130630E+3	6.2246207073E-4
8.0334049101E-3	8.6837477867E+3	6.4858332323E-4
8.6950443616E-3	8.8148804274E+3	6.7469373705E-4
9.3827886258E-3	8.8900638335E+3	7.0079287589E-4
1.0096626210E-2	8.9134089570E+3	7.2688030358E-4
1.0836545184E-2	8.8956163043E+3	7.5295558414E-4
1.1602533184E-2	8.8329422844E+3	7.7901828182E-4
1.2394577408E-2	8.7215243488E+3	8.0506796108E-4
1.3212664621E-2	8.5729699823E+3	8.3110418659E-4
1.4056781152E-2	8.3915111403E+3	8.5712652325E-4
1.4926912893E-2	8.1731092617E+3	8.8313453619E-4
1.5823045305E-2	7.9275400515E+3	9.0912779076E-4
1.6745163410E-2	7.6605521267E+3	9.3510585261E-4
1.7693251801E-2	7.3703860449E+3	9.6106828758E-4
1.8667294632E-2	7.0663063510E+3	9.8701466182E-4
1.9667275626E-2	6.7513215892E+3	1.0129445417E-3
2.0693178073E-2	6.4269067200E+3	1.0388574939E-3
2.1744984827E-2	6.1001289130E+3	1.0647530855E-3
2.2822678313E-2	5.7714598378E+3	1.0906308836E-3
2.3926240519E-2	5.4450046934E+3	1.1164904558E-3
2.5055653005E-2	5.1230019968E+3	1.1423313699E-3
2.6210896896E-2	4.8071354640E+3	1.1681531941E-3
2.7391952886E-2	4.4990855228E+3	1.1939554970E-3
2.8598801239E-2	4.2002613008E+3	1.2197378472E-3
2.9831421786E-2	3.9106442781E+3	1.2454998140E-3
3.1089793929E-2	3.6318008985E+3	1.2712409668E-3
3.2373896638E-2	3.3624246249E+3	1.2969608754E-3
3.3683708455E-2	3.1040818532E+3	1.3226591101E-3
3.5019207490E-2	2.8547245396E+3	1.3483352414E-3
3.6380371427E-2	2.6160896910E+3	1.3739888402E-3
3.7767177517E-2	2.3856359108E+3	1.3996194778E-3
3.9179602586E-2	2.1656464694E+3	1.4252267258E-3
4.0617623030E-2	1.9533537082E+3	1.4508101565E-3
4.2081214817E-2	1.7515664086E+3	1.4763693421E-3
4.3570353490E-2	1.5581118700E+3	1.5019038556E-3
4.5085014162E-2	1.3753840895E+3	1.5274132703E-3
4.6625171522E-2	1.2032226877E+3	1.5528971598E-3
4.8190799831E-2	1.0422970575E+3	1.5783550984E-3
4.9781872927E-2	8.9500409071E+2	1.6037866605E-3
5.1398364219E-2	7.6066707146E+2	1.6291914212E-3
5.3040246694E-2	6.4205551264E+2	1.6545689559E-3
5.4707492914E-2	5.3957753094E+2	1.6799188405E-3
5.6400075017E-2	4.5372537915E+2	1.7052406515E-3
5.8117964718E-2	3.8610962246E+2	1.7305339655E-3
5.9861133308E-2	3.3617367282E+2	1.7557983600E-3
6.1629551657E-2	3.0379259216E+2	1.7810334128E-3
6.3423190212E-2	2.8861089503E+2	1.8062387021E-3
6.5242019000E-2	2.8895039054E+2	1.8314138067E-3
6.7086007624E-2	3.0301020415E+2	1.8565583060E-3
6.8955125270E-2	3.2847185646E+2	1.8816717796E-3
7.0849340702E-2	3.6237517029E+2	1.9067538080E-3
7.2768622264E-2	4.0161927969E+2	1.9318039720E-3
7.4712937885E-2	4.4272129567E+2	1.9568218529E-3
7.6682255070E-2	4.8203474056E+2	1.9818070327E-3
7.8676540910E-2	5.1636755937E+2	2.0067590939E-3
8.0695762079E-2	5.4287645579E+2	2.0316776194E-3
8.2739884832E-2	5.5890608837E+2	2.0565621928E-3
8.4808875009E-2	5.6248063828E+2	2.0814123983E-3
8.6902698034E-2	5.5274060173E+2	2.1062278206E-3
8.9021318917E-2	5.2980807542E+2	2.1310080450E-3
9.1164702253E-2	4.9453877136E+2	2.1557526574E-3
9.3332812224E-2	4.4855798961E+2	2.1804612443E-3
9.5525612596E-2	3.9437274373E+2	2.2051333928E-3
9.7743066726E-2	3.3525714127E+2	2.2297686905E-3
9.9985137556E-2	2.7492476927E+2	2.2543667257E-3
1.0225178762E-1	2.1717241572E+2	2.2789270875E-3
1.0454297904E-1	1.6559266066E+2	2.3034493653E-3
1.0685867352E-1	1.2333287839E+2	2.3279331494E-3
1.0919883237E-1	9.2860842509E+1	2.3523780306E-3
1.1156341648E-1	7.5743051699E+1	2.3767836004E-3
1.1395238633E-1	7.2475446497E+1	2.4011494510E-3
1.1636570200E-1	8.2404370810E+1	2.4254751751E-3
1.1880332317E-1	1.0375571786E+2	2.4497603662E-3
1.2126520909E-1	1.3377151251E+2	2.4740046186E-3
1.2375131862E-1	1.6894165321E+2	2.4982075270E-3
1.2626161023E-1	2.0531147572E+2	2.5223686871E-3
1.2879604195E-1	2.3883986804E+2	2.5464876949E-3
1.3135457143E-1	2.6577706336E+2	2.5705641475E-3
1.3393715592E-1	2.8302706062E+2	2.5945976426E-3
1.3654375226E-1	2.8845833600E+2	2.6185877784E-3
1.3917431689E-1	2.8112905064E+2	2.6425341541E-3
1.4182880585E-1	2.6139953961E+2	2.6664363695E-3
1.4450717478E-1	2.3091505503E+2	2.6902940251E-3
1.4720937892E-1	1.9245462119E+2	2.7141067224E-3
1.4993537310E-1	1.4965615093E+2	2.7378740632E-3
1.5268511179E-1	1.0664211737E+2	2.7615956505E-3
1.5545854902E-1	6.7582401817E+1	2.7852710878E-3
1.5825563845E-1	3.6239865824E+1	2.8088999795E-3
1.6107633333E-1	1.5548485019E+1	2.8324819307E-3
1.6392058653E-1	7.2728700046E+0	2.8560165473E-3
1.6678835052E-1	1.1791659005E+1	2.8795034361E-3
1.6967957737E-1	2.8035969562E+1	2.9029422044E-3
1.7259421876E-1	5.3598155784E+1	2.9263324607E-3
1.7553222599E-1	8.5005702362E+1	2.9496738141E-3
1.7849354996E-1	1.1813137377E+2	2.9729658744E-3
1.8147814117E-1	1.4868820679E+2	2.9962082525E-3
1.8448594977E-1	1.7274501439E+2	3.0194005599E-3
1.8751692548E-1	1.8720170256E+2	3.0425424091E-3
1.9057101764E-1	1.9017875968E+2	3.0656334132E-3
1.9364817522E-1	1.8128237717E+2	3.0886731866E-3
1.9674834681E-1	1.6169439140E+2	3.1116613440E-3
1.9987148058E-1	1.3403213722E+2	3.1345975014E-3
2.0301752435E-1	1.0197553257E+2	3.1574812755E-3
2.0618642554E-1	6.9751474978E+1	3.1803122838E-3
2.0937813120E-1	4.1592380033E+1	3.2030901448E-3
2.1259258799E-1	2.1202370100E+1	3.2258144779E-3
2.1582974219E-1	1.1221924575E+1	3.2484849032E-3
2.1908953970E-1	1.2796180093E+1	3.2711010421E-3
2.2237192605E-1	2.5412192713E+1	3.2936625164E-3
2.2567684639E-1	4.6995120714E+1	3.3161689492E-3
2.2900424548E-1	7.4160370823E+1	3.3386199643E-3
2.3235406772E-1	1.0268085315E+2	3.3610151867E-3
2.3572625713E-1	1.2816114762E+2	3.3833542419E-3
2.3912075735E-1	1.4666527518E+2	3.4056367567E-3
2.4253751167E-1	1.5526700660E+2	3.4278623588E-3
2.4597646298E-1	1.5260231160E+2	3.4500306767E-3
2.4943755380E-1	1.3910586561E+2	3.4721413399E-3
2.5292072631E-1	1.1688765243E+2	3.4941939790E-3
2.5642592230E-1	8.9520095651E+1	3.5161882254E-3
2.5995308318E-1	6.1508459758E+1	3.5381237115E-3
2.6350215001E-1	3.7546241312E+1	3.5600000709E-3
2.6707306349E-1	2.1830437424E+1	3.5818169379E-3
2.7066576394E-1	1.7325615225E+1	3.6035739479E-3
2.7428019131E-1	2.5332451057E+1	3.6252707373E-3
2.7791628522E-1	4.5186928895E+1	3.6469069436E-3
2.8157398488E-1	7.4289566393E+1	3.6684822051E-3
2.8525322919E-1	1.0863637526E+2	3.6899961614E-3
2.8895395665E-1	1.4319277470E+2	3.7114484529E-3
2.9267610542E-1	1.7289912389E+2	3.7328387211E-3
2.9641961330E-1	1.9337071294E+2	3.7541666086E-3
3.0018441773E-1	2.0155206199E+2	3.7754317588E-3
3.0397045579E-1	1.9638000202E+2	3.7966338166E-3
3.0777766421E-1	1.7870835907E+2	3.8177724274E-3
3.1160597938E-1	1.5137702389E+2	3.8388472382E-3
3.1545533730E-1	1.1853496774E+2	3.8598578967E-3
3.1932567367E-1	8.5036909469E+1	3.8808040517E-3
3.2321692379E-1	5.5549528679E+1	3.9016853533E-3
3.2712902264E-1	3.3779315721E+1	3.9225014525E-3
3.3106190484E-1	2.1855489506E+1	3.9432520014E-3
3.3501550468E-1	2.0014190481E+1	3.9639366533E-3
3.3898975607E-1	2.6627308016E+1	3.9845550624E-3
3.4298459261E-1	3.8595594034E+1	4.0051068843E-3
3.4699994753E-1	5.2004165019E+1	4.0255917754E-3
3.5103575373E-1	6.2921531310E+1	4.0460093936E-3
3.5509194378E-1	6.8241250936E+1	4.0663593974E-3
3.5916844988E-1	6.6250698296E+1	4.0866414469E-3
3.6326520391E-1	5.7080056610E+1	4.1068552032E-3
3.6738213741E-1	4.2555137537E+1	4.1270003283E-3
3.7151918157E-1	2.5944886503E+1	4.1470764858E-3
3.7567626728E-1	1.1158121015E+1	4.1670833400E-3
3.7985332504E-1	1.9969937295E+0	4.1870205567E-3
3.8405028507E-1	1.2714236968E+0	4.2068878026E-3
3.8826707721E-1	1.0176859059E+1	4.2266847457E-3
3.9250363101E-1	2.7965820710E+1	4.2464110553E-3
3.9675987567E-1	5.2018277595E+1	4.2660664016E-3
4.0103574005E-1	7.8306509749E+1	4.2856504563E-3
4.0533115271E-1	1.0216736567E+2	4.3051628919E-3
4.0964604185E-1	1.1922534495E+2	4.3246033825E-3
4.1398033538E-1	1.2628106641E+2	4.3439716031E-3
4.1833396086E-1	1.2198266775E+2	4.3632672302E-3
4.2270684554E-1	1.0713157359E+2	4.3824899412E-3
4.2709891633E-1	8.4558324417E+1	4.4016394148E-3
4.3151009985E-1	5.8577498292E+1	4.4207153312E-3
4.3594032237E-1	3.4142399672E+1	4.4397173715E-3
4.4038950986E-1	1.5851159423E+1	4.4586452181E-3
4.4485758797E-1	7.0341758429E+0	4.4774985548E-3
4.4934448203E-1	9.0913922809E+0	4.4962770664E-3
4.5385011706E-1	2.1201529056E+1	4.5149804392E-3
4.5837441776E-1	4.0531296091E+1	4.5336083606E-3
4.6291730852E-1	6.2842737236E+1	4.5521605193E-3
4.6747871344E-1	8.3333667525E+1	4.5706366053E-3
4.7205855627E-1	9.7641280088E+1	4.5890363098E-3
4.7665676049E-1	1.0277123780E+2	4.6073593254E-3
4.8127324926E-1	9.7665249414E+1	4.6256053458E-3
4.8590794542E-1	8.3367147226E+1	4.6437740661E-3
4.9056077152E-1	6.2820912585E+1	4.6618651826E-3
4.9523164982E-1	4.0271498721E+1	4.6798783932E-3
4.9992050224E-1	2.0371027746E+1	4.6978133967E-3
5.0462725044E-1	7.2450304507E+0	4.7156698934E-3
5.0935181576E-1	3.7210465752E+0	4.7334475849E-3
5.1409411924E-1	1.0822054156E+1	4.7511461741E-3
5.1885408164E-1	2.7609051383E+1	4.7687653653E-3
5.2363162341E-1	5.1417638637E+1	4.7863048641E-3
5.2842666471E-1	7.8422195453E+1	4.8037643772E-3
5.3323912540E-1	1.0437423098E+2	4.8211436130E-3
5.3806892508E-1	1.2535556169E+2	4.8384422809E-3
5.4291598301E-1	1.3841753118E+2	4.8556600920E-3
5.4778021821E-1	1.4200418559E+2	4.8727967585E-3
5.5266154939E-1	1.3609309798E+2	4.8898519940E-3
5.5755989496E-1	1.2204775669E+2	4.9068255135E-3
5.6247517308E-1	1.0224171550E+2	4.9237170334E-3
5.6740730160E-1	7.9557152204E+1	4.9405262713E-3
5.7235619810E-1	5.6868152732E+1	4.9572529464E-3
5.7732177988E-1	3.6601072771E+1	4.9738967791E-3
5.8230396395E-1	2.0434239900E+1	4.9904574913E-3
5.8730266706E-1	9.1655806119E+0	5.0069348063E-3
5.9231780568E-1	2.7441994496E+0	5.0233284486E-3
5.9734929598E-1	4.3476092079E-1	5.0396381444E-3
6.0239705389E-1	1.0657716450E+0	5.0558636210E-3
6.0746099506E-1	3.3065748516E+0	5.0720046074E-3
6.1254103485E-1	5.9221465601E+0	5.0880608338E-3
6.1763708838E-1	7.9665744596E+0	5.1040320318E-3
6.2274907048E-1	8.8918165944E+0	5.1199179345E-3
6.2787689573E-1	8.5650373547E+0	5.1357182766E-3
6.3302047843E-1	7.2035067123E+0	5.1514327939E-3
6.3817973262E-1	5.2493011571E+0	5.1670612238E-3
6.4335457209E-1	3.2154899946E+0	5.1826033052E-3
6.4854491036E-1	1.5395998776E+0	5.1980587783E-3
6.5375066070E-1	4.7753290464E-1	5.2134273849E-3
6.5897173609E-1	6.1228503791E-2	5.2287088681E-3
6.6420804930E-1	1.2729959401E-1	5.2439029725E-3
6.6945951283E-1	4.0477685498E-1	5.2590094442E-3
6.7472603890E-1	6.3280986493E-1	5.2740280309E-3
6.8000753951E-1	6.6907877673E-1	5.2889584814E-3
6.8530392640E-1	5.5090825831E-1	5.3038005463E-3
6.9061511106E-1	4.8479104393E-1	5.3185539776E-3
6.9594100473E-1	7.6332779370E-1	5.3332185287E-3
7.0128151841E-1	1.6348014319E+0	5.3477939546E-3
7.0663656285E-1	3.1710021350E+0	5.3622800116E-3
7.1200604856E-1	5.1855251586E+0	5.3766764577E-3
7.1738988581E-1	7.2433433344E+0	5.3909830523E-3
7.2278798463E-1	8.7746137611E+0	5.4051995564E-3
7.2820025482E-1	9.2691205523E+0	5.4193257323E-3
7.3362660591E-1	8.4943576769E+0	5.4333613439E-3
7.3906694724E-1	6.6623414992E+0	5.4473061568E-3
7.4452118788E-1	4.4762151261E+0	5.4611599379E-3
7.4998923669E-1	3.0185595302E+0	5.4749224557E-3
7.5547100229E-1	3.4914164280E+0	5.4885934801E-3
7.6096639308E-1	6.8688259366E+0	5.5021727828E-3
7.6647531721E-1	1.3559184052E+1	5.5156601367E-3
7.7199768263E-1	2.3183194177E+1	5.5290553166E-3
7.7753339704E-1	3.4548246975E+1	5.5423580985E-3
7.8308236795E-1	4.5847216558E+1	5.5555682601E-3
7.8864450262E-1	5.5044107804E+1	5.5686855808E-3
7.9421970809E-1	6.0350963394E+1	5.5817098412E-3
7.9980789121E-1	6.0668639338E+1	5.5946408237E-3
8.0540895857E-1	5.5869477537E+1	5.6074783123E-3
8.1102281659E-1	4.6842099076E+1	5.6202220924E-3
8.1664937145E-1	3.5285382695E+1	5.6328719509E-3
8.2228852912E-1	2.3309663349E+1	5.6454276767E-3
8.2794019536E-1	1.2955705142E+1	5.6578890597E-3
8.3360427572E-1	5.7594960049E+0	5.6702558918E-3
8.3928067556E-1	2.4696796236E+0	5.6825279663E-3
8.4496930000E-1	2.9750430545E+0	5.6947050782E-3
8.5067005399E-1	6.4405198999E+0	5.7067870238E-3
8.5638284226E-1	1.1598637389E+1	5.7187736014E-3
8.6210756934E-1	1.7109685054E+1	5.7306646105E-3
8.6784413956E-1	2.1894272075E+1	5.7424598526E-3
8.7359245705E-1	2.5359499609E+1	5.7541591304E-3
8.7935242576E-1	2.7478657430E+1	5.7657622485E-3
8.8512394943E-1	2.8725495428E+1	5.7772690129E-3
8.9090693161E-1	2.9889827680E+1	5.7886792314E-3
8.9670127565E-1	3.1813056398E+1	5.7999927133E-3
9.0250688473E-1	3.5095616104E+1	5.8112092696E-3
9.0832366182E-1	3.9845559277E+1	5.8223287127E-3
9.1415150972E-1	4.5541373213E+1	5.8333508568E-3
9.1999033104E-1	5.1063317014E+1	5.8442755178E-3
9.2584002820E-1	5.4916773281E+1	5.8551025132E-3
9.3170050345E-1	5.5633425095E+1	5.8658316618E-3
9.3757165885E-1	5.2280299240E+1	5.8764627846E-3
9.4345339628E-1	4.4938383013E+1	5.8869957037E-3
9.4934561746E-1	3.4972596633E+1	5.8974302433E-3
9.5524822392E-1	2.4942074362E+1	5.9077662288E-3
9.6116111701E-1	1.8089190275E+1	5.9180034877E-3
9.6708419793E-1	1.7466722838E+1	5.9281418487E-3
9.7301736769E-1	2.4901622509E+1	5.9381811425E-3
9.7896052713E-1	4.0127290003E+1	5.9481212013E-3
9.8491357695E-1	6.0446300954E+1	5.9579618591E-3
9.9087641766E-1	8.1137848938E+1	5.9677029512E-3
9.9684894961E-1	9.6597154149E+1	5.9773443150E-3
1.0028310730E+0	1.0198805261E+2	5.9868857894E-3
1.0088226878E+0	9.4947820449E+1	5.9963272149E-3
1.0148236940E+0	7.6712160613E+1	6.0056684336E-3
1.0208339913E+0	5.2186766455E+1	6.0149092896E-3
1.0268534791E+0	2.8838667472E+1	6.0240496283E-3
1.0328820570E+0	1.4584233311E+1	6.0330892971E-3
1.0389196241E+0	1.5250387561E+1	6.0420281448E-3
1.0449660796E+0	3.2480712103E+1	6.0508660221E-3
1.0510213224E+0	6.2802245394E+1	6.0596027814E-3
1.0570852514E+0	9.8279504117E+1	6.0682382765E-3
1.0631577652E+0	1.2875540870E+2	6.0767723631E-3
1.0692387623E+0	1.4495856411E+2	6.0852048988E-3
1.0753281411E+0	1.4148570442E+2	6.0935357425E-3
1.0814257998E+0	1.1877841689E+2	6.1017647550E-3
1.0875316366E+0	8.3242494986E+1	6.1098917988E-3
1.0936455494E+0	4.5362744763E+1	6.1179167381E-3
1.0997674360E+0	1.6523811350E+1	6.1258394388E-3
1.1058971941E+0	5.4300858119E+0	6.1336597685E-3
1.1120347214E+0	1.5315151065E+1	6.1413775965E-3
1.1181799151E+0	4.2973625594E+1	6.1489927938E-3
1.1243326727E+0	7.9832743527E+1	6.1565052331E-3
1.1304928913E+0	1.1476344704E+2	6.1639147890E-3
1.1366604679E+0	1.3762292923E+2	6.1712213376E-3
1.1428352996E+0	1.4228431560E+2	6.1784247568E-3
1.1490172830E+0	1.2829010229E+2	6.1855249261E-3
1.1552063150E+0	1.0049120421E+2	6.1925217271E-3
1.1614022920E+0	6.6990798607E+1	6.1994150427E-3
1.1676051105E+0	3.6296617022E+1	6.2062047577E-3
1.1738146669E+0	1.4575296635E+1	6.2128907587E-3
1.1800308574E+0	4.0820504678E+0	6.2194729339E-3
1.1862535782E+0	3.1530781049E+0	6.2259511734E-3
1.1924827251E+0	7.5571241120E+0	6.2323253688E-3
1.1987181942E+0	1.2578486059E+1	6.2385954138E-3
1.2049598812E+0	1.4900360900E+1	6.2447612034E-3
1.2112076818E+0	1.3651278266E+1	6.2508226346E-3
1.2174614916E+0	1.0239640777E+1	6.2567796062E-3
1.2237212062E+0	7.2708338084E+0	6.2626320186E-3
1.2299867208E+0	7.1140917036E+0	6.2683797740E-3
1.2362579308E+0	1.0761728670E+1	6.2740227763E-3
1.2425347314E+0	1.7484837768E+1	6.2795609313E-3
1.2488170177E+0	2.5309585612E+1	6.2849941464E-3
1.2551046847E+0	3.2048677536E+1	6.2903223308E-3
1.2613976273E+0	3.6270739463E+1	6.2955453954E-3
1.2676957404E+0	3.7847162431E+1	6.3006632530E-3
1.2739989187E+0	3.7772688553E+1	6.3056758180E-3
1.2803070569E+0	3.7437508430E+1	6.3105830068E-3
1.2866200496E+0	3.7813292568E+1	6.3153847371E-3
1.2929377912E+0	3.8894751937E+1	6.3200809290E-3
1.2992601762E+0	3.9780214596E+1	6.3246715037E-3
1.3055870990E+0	3.9267912397E+1	6.3291563847E-3
1.3119184537E+0	3.6665522141E+1	6.3335354970E-3
1.3182541347E+0	3.2353824586E+1	6.3378087674E-3
1.3245940360E+0	2.7769296173E+1	6.3419761245E-3
1.3309380516E+0	2.4764326548E+1	6.3460374987E-3
1.3372860756E+0	2.4643282122E+1	6.3499928220E-3
1.3436380019E+0	2.7339931844E+1	6.3538420284E-3
1.3499937243E+0	3.1237896543E+1	6.3575850535E-3
1.3563531366E+0	3.3723573778E+1	6.3612218349E-3
1.3627161325E+0	3.2390246373E+1	6.3647523117E-3
1.3690826057E+0	2.6288437824E+1	6.3681764249E-3
1.3754524499E+0	1.6680499489E+1	6.3714941173E-3
1.3818255585E+0	6.9386764258E+0	6.3747053335E-3
1.3882018250E+0	1.4707439621E+0	6.3778100198E-3
1.3945811430E+0	4.1974146618E+0	6.3808081243E-3
1.4009634057E+0	1.7106969181E+1	6.3836995970E-3
1.4073485066E+0	3.9545220999E+1	6.3864843894E-3
1.4137363389E+0	6.8466517682E+1	6.3891624551E-3
1.4201267959E+0	9.9570111058E+1	6.3917337493E-3
1.4265197708E+0	1.2864023371E+2	6.3941982290E-3
1.4329151568E+0	1.5271792188E+2	6.3965558531E-3
1.4393128469E+0	1.7035731943E+2	6.3988065821E-3
1.4457127343E+0	1.8122457503E+2	6.4009503785E-3
1.4521147120E+0	1.8520901863E+2	6.4029872063E-3
1.4585186731E+0	1.8170414303E+2	6.4049170317E-3
1.4649245104E+0	1.6962387906E+2	6.4067398222E-3
1.4713321170E+0	1.4811707036E+2	6.4084555476E-3
1.4777413858E+0	1.1783283063E+2	6.4100641790E-3
1.4841522097E+0	8.1890765150E+1	6.4115656896E-3
1.4905644815E+0	4.5992109352E+1	6.4129600544E-3
1.4969780940E+0	1.7271644204E+1	6.4142472499E-3
1.5033929402E+0	2.1537126346E+0	6.4154272548E-3
1.5098089128E+0	3.9775973584E+0	6.4165000493E-3
1.5162259046E+0	2.1391527820E+1	6.4174656154E-3
1.5226438083E+0	4.8340688320E+1	6.4183239370E-3
1.5290625167E+0	7.5818387116E+1	6.4190749998E-3
1.5354819225E+0	9.4899826962E+1	6.4197187912E-3
1.5419019185E+0	9.9891809311E+1	6.4202553005E-3
1.5483223974E+0	9.0386183625E+1	6.4206845187E-3
1.5547432518E+0	7.1344833418E+1	6.4210064386E-3
1.5611643745E+0	5.1101162149E+1	6.4212210549E-3
1.5675856581E+0	3.8054479917E+1	6.4213283639E-3
1.5740069954E+0	3.7351374051E+1	6.4213283639E-3
1.5804282791E+0	4.8857188661E+1	6.4212210549E-3
1.5868494018E+0	6.7293216334E+1	6.4210064386E-3
1.5932702562E+0	8.4405594072E+1	6.4206845187E-3
1.5996907351E+0	9.2312392936E+1	6.4202553005E-3
1.6061107310E+0	8.6694664162E+1	6.4197187912E-3
1.6125301369E+0	6.8424290451E+1	6.4190749998E-3
1.6189488453E+0	4.3210162749E+1	6.4183239370E-3
1.6253667490E+0	1.9204802986E+1	6.4174656154E-3
1.6317837408E+0	3.8396757655E+0	6.4165000493E-3
1.6381997134E+0	9.8563104871E-1	6.4154272548E-3
1.6446145595E+0	9.6868336436E+0	6.4142472499E-3
1.6510281721E+0	2.4826973300E+1	6.4129600544E-3
1.6574404439E+0	3.9395878642E+1	6.4115656896E-3
1.6638512678E+0	4.7310285615E+1	6.4100641790E-3
1.6702605366E+0	4.5703113339E+1	6.4084555476E-3
1.6766681432E+0	3.5708309886E+1	6.4067398222E-3
1.6830739805E+0	2.1662799520E+1	6.4049170317E-3
1.6894779416E+0	9.0899375430E+0	6.4029872063E-3
1.6958799193E+0	2.4457979068E+0	6.4009503785E-3
1.7022798067E+0	3.5243360794E+0	6.3988065821E-3
1.7086774968E+0	1.1096675366E+1	6.3965558531E-3
1.7150728827E+0	2.1758839222E+1	6.3941982290E-3
1.7214658576E+0	3.1525490385E+1	6.3917337493E-3
1.7278563146E+0	3.7364240580E+1	6.3891624551E-3
1.7342441470E+0	3.8113509817E+1	6.3864843894E-3
1.7406292478E+0	3.4481011693E+1	6.3836995970E-3
1.7470115106E+0	2.8312079632E+1	6.3808081243E-3
1.7533908286E+0	2.1609975393E+1	6.3778100198E-3
1.7597670951E+0	1.5786918384E+1	6.3747053335E-3
1.7661402037E+0	1.1445278262E+1	6.3714941173E-3
1.7725100479E+0	8.6642443930E+0	6.3681764249E-3
1.7788765211E+0	7.4807290578E+0	6.3647523117E-3
1.7852395170E+0	8.1960992663E+0	6.3612218349E-3
1.7915989293E+0	1.1309665371E+1	6.3575850535E-3
1.7979546517E+0	1.7064806086E+1	6.3538420284E-3
1.8043065780E+0	2.4948580335E+1	6.3499928220E-3
1.8106546020E+0	3.3457666299E+1	6.3460374987E-3
1.8169986176E+0	4.0395658570E+1	6.3419761245E-3
1.8233385189E+0	4.3631906942E+1	6.3378087674E-3
1.8296741999E+0	4.2048491903E+1	6.3335354970E-3
1.8360055546E+0	3.6148313423E+1	6.3291563847E-3
1.8423324774E+0	2.8051421260E+1	6.3246715037E-3
1.8486548624E+0	2.0734183651E+1	6.3200809290E-3
1.8549726040E+0	1.6834856717E+1	6.3153847371E-3
1.8612855967E+0	1.7544343258E+1	6.3105830068E-3
1.8675937349E+0	2.2116220090E+1	6.3056758180E-3
1.8738969132E+0	2.8272800323E+1	6.3006632530E-3
1.8801950263E+0	3.3390620017E+1	6.2955453954E-3
1.8864879689E+0	3.5974853308E+1	6.2903223308E-3
1.8927756359E+0	3.6665788626E+1	6.2849941464E-3
1.8990579222E+0	3.8349370355E+1	6.2795609313E-3
1.9053347228E+0	4.5081681535E+1	6.2740227763E-3
1.9116059328E+0	6.0259365904E+1	6.2683797740E-3
1.9178714474E+0	8.4750103300E+1	6.2626320186E-3
1.9241311620E+0	1.1577395849E+2	6.2567796062E-3
1.9303849718E+0	1.4715683445E+2	6.2508226346E-3
1.9366327724E+0	1.7096622417E+2	6.2447612034E-3
1.9428744594E+0	1.8006586432E+2	6.2385954138E-3
1.9491099285E+0	1.7060279052E+2	6.2323253688E-3
1.9553390754E+0	1.4357098868E+2	6.2259511734E-3
1.9615617961E+0	1.0477428198E+2	6.2194729339E-3
1.9677779867E+0	6.3135015973E+1	6.2128907587E-3
1.9739875431E+0	2.8004477577E+1	6.2062047577E-3
1.9801903616E+0	6.3262979530E+0	6.1994150427E-3
1.9863863386E+0	6.9933681598E-1	6.1925217271E-3
1.9925753706E+0	8.9608408773E+0	6.1855249261E-3
1.9987573540E+0	2.5337043141E+1	6.1784247568E-3
2.0049321857E+0	4.2677207615E+1	6.1712213376E-3
2.0110997623E+0	5.4871419468E+1	6.1639147890E-3
2.0172599809E+0	5.8628310308E+1	6.1565052331E-3
2.0234127385E+0	5.4020069123E+1	6.1489927938E-3
2.0295579322E+0	4.3755375784E+1	6.1413775965E-3
2.0356954595E+0	3.1650426689E+1	6.1336597685E-3
2.0418252176E+0	2.0965818437E+1	6.1258394388E-3
2.0479471042E+0	1.3317235336E+1	6.1179167381E-3
2.0540610170E+0	8.5273664827E+0	6.1098917988E-3
2.0601668538E+0	5.3576286233E+0	6.1017647550E-3
2.0662645125E+0	2.7023547414E+0	6.0935357425E-3
2.0723538913E+0	6.1199129764E-1	6.0852048988E-3
2.0784348884E+0	6.5745426754E-1	6.0767723631E-3
2.0845074022E+0	5.4326850465E+0	6.0682382765E-3
2.0905713312E+0	1.7372182705E+1	6.0596027814E-3
2.0966265740E+0	3.7406347093E+1	6.0508660221E-3
2.1026730295E+0	6.4013986613E+1	6.0420281448E-3
2.1087105966E+0	9.3123400818E+1	6.0330892971E-3
2.1147391745E+0	1.1901227584E+2	6.0240496283E-3
2.1207586623E+0	1.3588653868E+2	6.0149092896E-3
2.1267689596E+0	1.3960974502E+2	6.0056684336E-3
2.1327699657E+0	1.2903527001E+2	5.9963272149E-3
2.1387615806E+0	1.0643251723E+2	5.9868857894E-3
2.1447437040E+0	7.6845887905E+1	5.9773443150E-3
2.1507162359E+0	4.6668806086E+1	5.9677029512E-3
2.1566790766E+0	2.1900892608E+1	5.9579618591E-3
2.1626321265E+0	6.6151102071E+0	5.9481212013E-3
2.1685752859E+0	2.1200072685E+0	5.9381811425E-3
2.1745084557E+0	7.0192599930E+0	5.9281418487E-3
2.1804315366E+0	1.8026191350E+1	5.9180034877E-3
2.1863444297E+0	3.1191287199E+1	5.9077662288E-3
2.1922470361E+0	4.3112018901E+1	5.8974302433E-3
2.1981392573E+0	5.1727613929E+1	5.8869957037E-3
2.2040209947E+0	5.6506377805E+1	5.8764627846E-3
2.2098921501E+0	5.8090040202E+1	5.8658316618E-3
2.2157526254E+0	5.7625024135E+1	5.8551025132E-3
2.2216023226E+0	5.6075022274E+1	5.8442755178E-3
2.2274411439E+0	5.3787181273E+1	5.8333508568E-3
2.2332689918E+0	5.0458956861E+1	5.8223287127E-3
2.2390857689E+0	4.5466461815E+1	5.8112092696E-3
2.2448913779E+0	3.8367308951E+1	5.7999927133E-3
2.2506857220E+0	2.9341927417E+1	5.7886792314E-3
2.2564687042E+0	1.9380833187E+1	5.7772690129E-3
2.2622402278E+0	1.0130379118E+1	5.7657622485E-3
2.2680001965E+0	3.4413079042E+0	5.7541591304E-3
2.2737485140E+0	7.7919458208E-1	5.7424598526E-3
2.2794850843E+0	2.7103464401E+0	5.7306646105E-3
2.2852098113E+0	8.6512505368E+0	5.7187736014E-3
2.2909225996E+0	1.6978009400E+1	5.7067870238E-3
2.2966233536E+0	2.5471198310E+1	5.6947050782E-3
2.3023119780E+0	3.1962917799E+1	5.6825279663E-3
2.3079883779E+0	3.4989206698E+1	5.6702558918E-3
2.3136524582E+0	3.4249051270E+1	5.6578890597E-3
2.3193041245E+0	3.0729050361E+1	5.6454276767E-3
2.3249432821E+0	2.6451219274E+1	5.6328719509E-3
2.3305698370E+0	2.3910089279E+1	5.6202220924E-3
2.3361836950E+0	2.5352546184E+1	5.6074783123E-3
2.3417847624E+0	3.2096628635E+1	5.5946408237E-3
2.3473729455E+0	4.4074791202E+1	5.5817098412E-3
2.3529481510E+0	5.9728403874E+1	5.5686855808E-3
2.3585102856E+0	7.6290147856E+1	5.5555682601E-3
2.3640592565E+0	9.0392455285E+1	5.5423580985E-3
2.3695949710E+0	9.8857282843E+1	5.5290553166E-3
2.3751173364E+0	9.9475249595E+1	5.5156601367E-3
2.3806262605E+0	9.1581940811E+1	5.5021727828E-3
2.3861216513E+0	7.6286265266E+1	5.4885934801E-3
2.3916034169E+0	5.6289116907E+1	5.4749224557E-3
2.3970714657E+0	3.5330292875E+1	5.4611599379E-3
2.4025257064E+0	1.7393313874E+1	5.4473061568E-3
2.4079660477E+0	5.8584324809E+0	5.4333613439E-3
2.4133923988E+0	2.8076584287E+0	5.4193257323E-3
2.4188046690E+0	8.6474532142E+0	5.4051995564E-3
2.4242027678E+0	2.2133490031E+1	5.3909830523E-3
2.4295866050E+0	4.0777945217E+1	5.3766764577E-3
2.4349560907E+0	6.1520518046E+1	5.3622800116E-3
2.4403111352E+0	8.1476873255E+1	5.3477939546E-3
2.4456516489E+0	9.8561720629E+1	5.3332185287E-3
2.4509775425E+0	1.1182381484E+2	5.3185539776E-3
2.4562887272E+0	1.2141633798E+2	5.3038005463E-3
2.4615851141E+0	1.2823435087E+2	5.2889584814E-3
2.4668666147E+0	1.3335007065E+2	5.2740280309E-3
2.4721331408E+0	1.3743726398E+2	5.2590094442E-3
2.4773846043E+0	1.4037923424E+2	5.2439029725E-3
2.4826209175E+0	1.4119847973E+2	5.2287088681E-3
2.4878419929E+0	1.3834562125E+2	5.2134273849E-3
2.4930477432E+0	1.3026984206E+2	5.1980587783E-3
2.4982380815E+0	1.1609741901E+2	5.1826033052E-3
2.5034129210E+0	9.6198714466E+1	5.1670612238E-3
2.5085721752E+0	7.2443181180E+1	5.1514327939E-3
2.5137157579E+0	4.8023475957E+1	5.1357182766E-3
2.5188435831E+0	2.6852042454E+1	5.1199179345E-3
2.5239555652E+0	1.2662113059E+1	5.1040320318E-3
2.5290516187E+0	8.0425656626E+0	5.0880608338E-3
2.5341316585E+0	1.3672786793E+1	5.0720046074E-3
2.5391955997E+0	2.7986473965E+1	5.0558636210E-3
2.5442433576E+0	4.7389638264E+1	5.0396381444E-3
2.5492748479E+0	6.7014378076E+1	5.0233284486E-3
2.5542899865E+0	8.1844612496E+1	5.0069348063E-3
2.5592886896E+0	8.7942632360E+1	4.9904574913E-3
2.5642708737E+0	8.3466275877E+1	4.9738967791E-3
2.5692364555E+0	6.9208102758E+1	4.9572529464E-3
2.5741853520E+0	4.8501060505E+1	4.9405262713E-3
2.5791174805E+0	2.6491599598E+1	4.9237170334E-3
2.5840327586E+0	8.9410450281E+0	4.9068255135E-3
2.5889311042E+0	8.3810979426E-1	4.8898519940E-3
2.5938124354E+0	5.1582325513E+0	4.8727967585E-3
2.5986766706E+0	2.2075230297E+1	4.8556600920E-3
2.6035237285E+0	4.8824833919E+1	4.8384422809E-3
2.6083535282E+0	8.0263832228E+1	4.8211436130E-3
2.6131659889E+0	1.1000065558E+2	4.8037643772E-3
2.6179610302E+0	1.3183469326E+2	4.7863048641E-3
2.6227385719E+0	1.4116757544E+2	4.7687653653E-3
2.6274985343E+0	1.3605817712E+2	4.7511461741E-3
2.6322408378E+0	1.1767859630E+2	4.7334475849E-3
2.6369654032E+0	9.0066293335E+1	4.7156698934E-3
2.6416721513E+0	5.9227944243E+1	4.6978133967E-3
2.6463610038E+0	3.1802466396E+1	4.6798783932E-3
2.6510318821E+0	1.3595360451E+1	4.6618651826E-3
2.6556847082E+0	8.3182415690E+0	4.6437740661E-3
2.6603194043E+0	1.6807071373E+1	4.6256053458E-3
2.6649358931E+0	3.6884554033E+1	4.6073593254E-3
2.6695340973E+0	6.3894793771E+1	4.5890363098E-3
2.6741139402E+0	9.1780078117E+1	4.5706366053E-3
2.6786753451E+0	1.1444403038E+2	4.5521605193E-3
2.6832182358E+0	1.2709984630E+2	4.5336083606E-3
2.6877425365E+0	1.2731130971E+2	4.5149804392E-3
2.6922481716E+0	1.1549521091E+2	4.4962770664E-3
2.6967350656E+0	9.4790679590E+1	4.4774985548E-3
2.7012031437E+0	7.0339471014E+1	4.4586452181E-3
2.7056523312E+0	4.8130970816E+1	4.4397173715E-3
2.7100825537E+0	3.3679173988E+1	4.4207153312E-3
2.7144937373E+0	3.0813448546E+1	4.4016394148E-3
2.7188858081E+0	4.0826981778E+1	4.3824899412E-3
2.7232586927E+0	6.2193106651E+1	4.3632672302E-3
2.7276123182E+0	9.0862232842E+1	4.3439716031E-3
2.7319466117E+0	1.2107447064E+2	4.3246033825E-3
2.7362615009E+0	1.4658356407E+2	4.3051628919E-3
2.7405569135E+0	1.6192396597E+2	4.2856504563E-3
2.7448327779E+0	1.6354189686E+2	4.2660664016E-3
2.7490890226E+0	1.5059785120E+2	4.2464110553E-3
2.7533255764E+0	1.2513303487E+2	4.2266847457E-3
2.7575423685E+0	9.1763646866E+1	4.2068878026E-3
2.7617393285E+0	5.6828762004E+1	4.1870205567E-3
2.7659163863E+0	2.7182644958E+1	4.1670833400E-3
2.7700734720E+0	8.9433469049E+0	4.1470764858E-3
2.7742105162E+0	6.3072307497E+0	4.1270003283E-3
2.7783274497E+0	2.0762676730E+1	4.1068552032E-3
2.7824242037E+0	5.0770836961E+1	4.0866414469E-3
2.7865007098E+0	9.2010999208E+1	4.0663593974E-3
2.7905568999E+0	1.3808862985E+2	4.0460093936E-3
2.7945927061E+0	1.8167332007E+2	4.0255917754E-3
2.7986080610E+0	2.1568798039E+2	4.0051068843E-3
2.8026028975E+0	2.3459652298E+2	3.9845550624E-3
2.8065771489E+0	2.3523884893E+2	3.9639366533E-3
2.8105307487E+0	2.1746203417E+2	3.9432520014E-3
2.8144636309E+0	1.8402984669E+2	3.9225014525E-3
2.8183757298E+0	1.4026815066E+2	3.9016853533E-3
2.8222669799E+0	9.3091540505E+1	3.8808040517E-3
2.8261373163E+0	4.9979605764E+1	3.8598578967E-3
2.8299866742E+0	1.7718642316E+1	3.8388472382E-3
2.8338149894E+0	1.4098520396E+0	3.8177724274E-3
2.8376221978E+0	3.6729368520E+0	3.7966338166E-3
2.8414082359E+0	2.4308739884E+1	3.7754317588E-3
2.8451730403E+0	6.0379359726E+1	3.7541666086E-3
2.8489165482E+0	1.0671960399E+2	3.7328387211E-3
2.8526386969E+0	1.5673565433E+2	3.7114484529E-3
2.8563394244E+0	2.0345982352E+2	3.6899961614E-3
2.8600186687E+0	2.4050998297E+2	3.6684822051E-3
2.8636763684E+0	2.6305238907E+2	3.6469069436E-3
2.8673124623E+0	2.6839590411E+2	3.6252707373E-3
2.8709268897E+0	2.5626975785E+2	3.6035739479E-3
2.8745195901E+0	2.2880504969E+2	3.5818169379E-3
2.8780905036E+0	1.9004305079E+2	3.5600000709E-3
2.8816395704E+0	1.4530713071E+2	3.5381237115E-3
2.8851667313E+0	1.0038565272E+2	3.5161882254E-3
2.8886719273E+0	6.0654711196E+1	3.4941939790E-3
2.8921550998E+0	3.0382824486E+1	3.4721413399E-3
2.8956161906E+0	1.2191865220E+1	3.4500306767E-3
2.8990551419E+0	6.7904269370E+0	3.4278623588E-3
2.9024718962E+0	1.3020796710E+1	3.4056367567E-3
2.9058663965E+0	2.8150096248E+1	3.3833542419E-3
2.9092385859E+0	4.8386590042E+1	3.3610151867E-3
2.9125884081E+0	6.9517833385E+1	3.3386199643E-3
2.9159158072E+0	8.7553257195E+1	3.3161689492E-3
2.9192207275E+0	9.9314464914E+1	3.2936625164E-3
2.9225031139E+0	1.0288074547E+2	3.2711010421E-3
2.9257629114E+0	9.7806533197E+1	3.2484849032E-3
2.9290000656E+0	8.5112743891E+1	3.2258144779E-3
2.9322145224E+0	6.7079799554E+1	3.2030901448E-3
2.9354062280E+0	4.6862919163E+1	3.1803122838E-3
2.9385751292E+0	2.7984194294E+1	3.1574812755E-3
2.9417211730E+0	1.3790592537E+1	3.1345975014E-3
2.9448443068E+0	6.9600804050E+0	3.1116613440E-3
2.9479444784E+0	9.1154819457E+0	3.0886731866E-3
2.9510216360E+0	2.0591506149E+1	3.0656334132E-3
2.9540757281E+0	4.0384773546E+1	3.0425424091E-3
2.9571067038E+0	6.6290627847E+1	3.0194005599E-3
2.9601145124E+0	9.5202102014E+1	2.9962082525E-3
2.9630991036E+0	1.2352561826E+2	2.9729658744E-3
2.9660604276E+0	1.4765656400E+2	2.9496738141E-3
2.9689984348E+0	1.6445360794E+2	2.9263324607E-3
2.9719130762E+0	1.7165273042E+2	2.9029422044E-3
2.9748043031E+0	1.6817082119E+2	2.8795034361E-3
2.9776720671E+0	1.5426368893E+2	2.8560165473E-3
2.9805163203E+0	1.3152221583E+2	2.8324819307E-3
2.9833370151E+0	1.0271030631E+2	2.8088999795E-3
2.9861341046E+0	7.1466611075E+1	2.7852710878E-3
2.9889075418E+0	4.1906751849E+1	2.7615956505E-3
2.9916572805E+0	1.8172571302E+1	2.7378740632E-3
2.9943832747E+0	3.9790572213E+0	2.7141067224E-3
2.9970854788E+0	2.2079557851E+0	2.6902940251E-3
2.9997638477E+0	1.4590234205E+1	2.6664363695E-3
3.0024183367E+0	4.1508551456E+1	2.6425341541E-3
3.0050489013E+0	8.1937195377E+1	2.6185877784E-3
3.0076554977E+0	1.3352217484E+2	2.5945976426E-3
3.0102380822E+0	1.9278993133E+2	2.5705641475E-3
3.0127966116E+0	2.5546088105E+2	2.5464876949E-3
3.0153310434E+0	3.1683482000E+2	2.5223686871E-3
3.0178413350E+0	3.7220981852E+2	2.4982075270E-3
3.0203274445E+0	4.1729485596E+2	2.4740046186E-3
3.0227893304E+0	4.4857893811E+2	2.4497603662E-3
3.0252269516E+0	4.6362527237E+2	2.4254751751E-3
3.0276402673E+0	4.6126744617E+2	2.4011494510E-3
3.0300292371E+0	4.4169448626E+2	2.3767836004E-3
3.0323938212E+0	4.0642212745E+2	2.3523780306E-3
3.0347339801E+0	3.5815757485E+2	2.3279331494E-3
3.0370496746E+0	3.0057362586E+2	2.3034493653E-3
3.0393408660E+0	2.3801457355E+2	2.2789270875E-3
3.0416075160E+0	1.7516048677E+2	2.2543667257E-3
3.0438495869E+0	1.1667817896E+2	2.2297686905E-3
3.0460670410E+0	6.6886532651E+1	2.2051333928E-3
3.0482598414E+0	2.9460991379E+1	2.1804612443E-3
3.0504279513E+0	7.1972339875E+0	2.1557526574E-3
3.0525713347E+0	1.8478816480E+0	2.1310080450E-3
3.0546899556E+0	1.4039388233E+1	2.1062278206E-3
3.0567837786E+0	4.3269756186E+1	2.0814123983E-3
3.0588527688E+0	8.7981898744E+1	2.0565621928E-3
3.0608968915E+0	1.4570285270E+2	2.0316776194E-3
3.0629161127E+0	2.1323558822E+2	2.0067590939E-3
3.0649103985E+0	2.8688661363E+2	1.9818070327E-3
3.0668797157E+0	3.6270960253E+2	1.9568218529E-3
3.0688240313E+0	4.3674763110E+2	1.9318039720E-3
3.0707433129E+0	5.0526279656E+2	1.9067538080E-3
3.0726375283E+0	5.6493987839E+2	1.8816717796E-3
3.0745066460E+0	6.1304580289E+2	1.8565583060E-3
3.0763506346E+0	6.4754173209E+2	1.8314138067E-3
3.0781694634E+0	6.6715623807E+2	1.8062387021E-3
3.0799631019E+0	6.7140697244E+2	1.7810334128E-3
3.0817315203E+0	6.6056679399E+2	1.7557983600E-3
3.0834746889E+0	6.3560475953E+2	1.7305339655E-3
3.0851925786E+0	5.9809547018E+2	1.7052406515E-3
3.0868851607E+0	5.5008809435E+2	1.6799188405E-3
3.0885524069E+0	4.9398066677E+2	1.6545689559E-3
3.0901942894E+0	4.3238415762E+2	1.6291914212E-3
3.0918107807E+0	3.6797478513E+2	1.6037866605E-3
3.0934018538E+0	3.0337914257E+2	1.5783550984E-3
3.0949674821E+0	2.4105579214E+2	1.5528971598E-3
3.0965076394E+0	1.8320175780E+2	1.5274132703E-3
3.0980223001E+0	1.3168616949E+2	1.5019038556E-3
3.0995114388E+0	8.7995782987E+1	1.4763693421E-3
3.1009750306E+0	5.3211965080E+1	1.4508101565E-3
3.1024130510E+0	2.8003664495E+1	1.4252267258E-3
3.1038254761E+0	1.2639982568E+1	1.3996194778E-3
3.1052122822E+0	7.0178218075E+0	1.3739888402E-3
3.1065734461E+0	1.0705225282E+1	1.3483352414E-3
3.1079089451E+0	2.2984480930E+1	1.3226591101E-3
3.1092187570E+0	4.2916825055E+1	1.2969608754E-3
3.1105028597E+0	6.9386476083E+1	1.2712409668E-3
3.1117612318E+0	1.0117270650E+2	1.2454998140E-3
3.1129938524E+0	1.3698814723E+2	1.2197378472E-3
3.1142007007E+0	1.7554170044E+2	1.1939554970E-3
3.1153817567E+0	2.1557398440E+2	1.1681531941E-3
3.1165370006E+0	2.5589248674E+2	1.1423313699E-3
3.1176664131E+0	2.9541523654E+2	1.1164904558E-3
3.1187699753E+0	3.3316358615E+2	1.0906308836E-3
3.1198476688E+0	3.6831900298E+2	1.0647530855E-3
3.1208994755E+0	4.0018390780E+2	1.0388574939E-3
3.1219253780E+0	4.2822450820E+2	1.0129445417E-3
3.1229253590E+0	4.5204879754E+2	9.8701466182E-4
3.1238994018E+0	4.7138941023E+2	9.6106828758E-4
3.1248474902E+0	4.8612907204E+2	9.3510585261E-4
3.1257696083E+0	4.9624695917E+2	9.0912779076E-4
3.1266657407E+0	5.0182588788E+2	8.8313453619E-4
3.1275358724E+0	5.0304935049E+2	8.5712652325E-4
3.1283799890E+0	5.0015359269E+2	8.3110418659E-4
3.1291980762E+0	4.9343564065E+2	8.0506796108E-4
3.1299901204E+0	4.8324643195E+2	7.7901828182E-4
3.1307561084E+0	4.6995262557E+2	7.5295558414E-4
3.1314960274E+0	4.5393621221E+2	7.2688030358E-4
3.1322098650E+0	4.3559740673E+2	7.0079287589E-4
3.1328976092E+0	4.1533039192E+2	6.7469373705E-4
3.1335592487E+0	3.9351137964E+2	6.4858332323E-4
3.1341947723E+0	3.7050511066E+2	6.2246207073E-4
3.1348041694E+0	3.4666139444E+2	5.9633041614E-4
3.1353874298E+0	3.2230281496E+2	5.7018879612E-4
3.1359445438E+0	2.9772131125E+2	5.4403764760E-4
3.1364755020E+0	2.7318267497E+2	5.1787740760E-4
3.1369802957E+0	2.4892814141E+2	4.9170851331E-4
3.1374589163E+0	2.2517165947E+2	4.6553140213E-4
3.1379113559E+0	2.0209836512E+2	4.3934651156E-4
3.1383376069E+0	1.7986659332E+2	4.1315427928E-4
3.1387376622E+0	1.5861129253E+2	3.8695514312E-4
3.1391115150E+0	1.3844659803E+2	3.6074954110E-4
3.1394591592E+0	1.1946739139E+2	3.3453791144E-4
3.1397805890E+0	1.0175074022E+2	3.0832069259E-4
3.1400757989E+0	8.5357780153E+1	2.8209832342E-4
3.1403447841E+0	7.0335958503E+1	2.5587124334E-4
3.1405875400E+0	5.6721306504E+1	2.2963989267E-4
3.1408040626E+0	4.4540505795E+1	2.0340471372E-4
3.1409943483E+0	3.3812689391E+1	1.7716615272E-4
3.1411583939E+0	2.4551010990E+1	1.5092466531E-4
3.1412961968E+0	1.6764025502E+1	1.2468073282E-4
3.1414077547E+0	1.0456898120E+1	9.8434919423E-5
3.1414930663E+0	5.6324331254E+0	7.2188137769E-5
3.1415521316E+0	2.2918739258E+0	4.5943520243E-5
3.1415849628E+0	4.3498118810E-1	1.9736940383E-5