# Differential cross section		
# Author: P. Swaczyna	Princeton University	(swaczyna@princeton.edu)
# Date: 	Wed 17 Feb 2021 06:56:16	
# 		
# Indistinguishable particle collision: He^0 + He^+ -> He^0 + He^+		
# 		
# Red. mass: 	1.8640723202E+9	 eV/c^2
# CM energy: 	3.2359365693E-2	 eV
# Rel speed: 	1.7664620919E+5	 cm/s
# Tot sigma: 	1.0228847062E+3	 a.u.
# Int sigma: 	1.0228838855E+3	 a.u.
# 		
# Columns:		
# the <- scattering angle (rad)		
# dcs <- dsigma/dOmega*2*pi*sin(the) (a.u. = 2.8002852056E-17 cm^2)		
# wei <- weight for cross section integration (approx. width of angle bin)		
# 		
# the	dcs	wei
7.6907532846E-6	1.1375766645E+1	1.9736940383E-5
4.0521979771E-5	5.9936845535E+1	4.5943520243E-5
9.9587300392E-5	1.4728631756E+2	7.2188137769E-5
1.8489884726E-4	2.7337666223E+2	9.8434919423E-5
2.9645680168E-4	4.3802509076E+2	1.2468073282E-4
4.3425968311E-4	6.4083514148E+2	1.5092466531E-4
5.9830531657E-4	8.8108344571E+2	1.7716615272E-4
7.8859101285E-4	1.1575961802E+3	2.0340471372E-4
1.0051136166E-3	1.4686362269E+3	2.2963989267E-4
1.2478695220E-3	1.8118300858E+3	2.5587124334E-4
1.5168546797E-3	2.1841697016E+3	2.8209832342E-4
1.8120645986E-3	2.5821227737E+3	3.0832069259E-4
2.1334943481E-3	3.0018697772E+3	3.3453791144E-4
2.4811385584E-3	3.4396527742E+3	3.6074954110E-4
2.8549914211E-3	3.8921723127E+3	3.8695514312E-4
3.2550466893E-3	4.3569167547E+3	4.1315427928E-4
3.6812976783E-3	4.8322770604E+3	4.3934651156E-4
4.1337372652E-3	5.3173192193E+3	4.6553140213E-4
4.6123578895E-3	5.8111794314E+3	4.9170851331E-4
5.1171515529E-3	6.3122123682E+3	5.1787740760E-4
5.6481098199E-3	6.8172154736E+3	5.4403764760E-4
6.2052238176E-3	7.3211734824E+3	5.7018879612E-4
6.7884842360E-3	7.8178833698E+3	5.9633041614E-4
7.3978813281E-3	8.3014402563E+3	6.2246207073E-4
8.0334049101E-3	8.7679756989E+3	6.4858332323E-4
8.6950443616E-3	9.2165895311E+3	6.7469373705E-4
9.3827886258E-3	9.6485764084E+3	7.0079287589E-4
1.0096626210E-2	1.0065016789E+4	7.2688030358E-4
1.0836545184E-2	1.0464136160E+4	7.5295558414E-4
1.1602533184E-2	1.0840519573E+4	7.7901828182E-4
1.2394577408E-2	1.1187352247E+4	8.0506796108E-4
1.3212664621E-2	1.1500438919E+4	8.3110418659E-4
1.4056781152E-2	1.1780611634E+4	8.5712652325E-4
1.4926912893E-2	1.2031780468E+4	8.8313453619E-4
1.5823045305E-2	1.2255793140E+4	9.0912779076E-4
1.6745163410E-2	1.2449105675E+4	9.3510585261E-4
1.7693251801E-2	1.2605369281E+4	9.6106828758E-4
1.8667294632E-2	1.2721850044E+4	9.8701466182E-4
1.9667275626E-2	1.2802301864E+4	1.0129445417E-3
2.0693178073E-2	1.2852069412E+4	1.0388574939E-3
2.1744984827E-2	1.2871017145E+4	1.0647530855E-3
2.2822678313E-2	1.2853893916E+4	1.0906308836E-3
2.3926240519E-2	1.2798387703E+4	1.1164904558E-3
2.5055653005E-2	1.2709484821E+4	1.1423313699E-3
2.6210896896E-2	1.2593007534E+4	1.1681531941E-3
2.7391952886E-2	1.2447943029E+4	1.1939554970E-3
2.8598801239E-2	1.2270229763E+4	1.2197378472E-3
2.9831421786E-2	1.2062077308E+4	1.2454998140E-3
3.1089793929E-2	1.1830508792E+4	1.2712409668E-3
3.2373896638E-2	1.1577428408E+4	1.2969608754E-3
3.3683708455E-2	1.1299661681E+4	1.3226591101E-3
3.5019207490E-2	1.0998949475E+4	1.3483352414E-3
3.6380371427E-2	1.0682051935E+4	1.3739888402E-3
3.7767177517E-2	1.0350846727E+4	1.3996194778E-3
3.9179602586E-2	1.0003235659E+4	1.4252267258E-3
4.0617623030E-2	9.6424937027E+3	1.4508101565E-3
4.2081214817E-2	9.2742663672E+3	1.4763693421E-3
4.3570353490E-2	8.8986213482E+3	1.5019038556E-3
4.5085014162E-2	8.5154917956E+3	1.5274132703E-3
4.6625171522E-2	8.1297028065E+3	1.5528971598E-3
4.8190799831E-2	7.7438046871E+3	1.5783550984E-3
4.9781872927E-2	7.3572619886E+3	1.6037866605E-3
5.1398364219E-2	6.9730035212E+3	1.6291914212E-3
5.3040246694E-2	6.5940972919E+3	1.6545689559E-3
5.4707492914E-2	6.2205991057E+3	1.6799188405E-3
5.6400075017E-2	5.8543183329E+3	1.7052406515E-3
5.8117964718E-2	5.4976143692E+3	1.7305339655E-3
5.9861133308E-2	5.1509760214E+3	1.7557983600E-3
6.1629551657E-2	4.8157461064E+3	1.7810334128E-3
6.3423190212E-2	4.4931873157E+3	1.8062387021E-3
6.5242019000E-2	4.1840313100E+3	1.8314138067E-3
6.7086007624E-2	3.8892101364E+3	1.8565583060E-3
6.8955125270E-2	3.6089457222E+3	1.8816717796E-3
7.0849340702E-2	3.3442841249E+3	1.9067538080E-3
7.2768622264E-2	3.0952697897E+3	1.9318039720E-3
7.4712937885E-2	2.8616819405E+3	1.9568218529E-3
7.6682255070E-2	2.6447004931E+3	1.9818070327E-3
7.8676540910E-2	2.4429982908E+3	2.0067590939E-3
8.0695762079E-2	2.2570632066E+3	2.0316776194E-3
8.2739884832E-2	2.0869885540E+3	2.0565621928E-3
8.4808875009E-2	1.9309579255E+3	2.0814123983E-3
8.6902698034E-2	1.7903472589E+3	2.1062278206E-3
8.9021318917E-2	1.6629335717E+3	2.1310080450E-3
9.1164702253E-2	1.5487937945E+3	2.1557526574E-3
9.3332812224E-2	1.4475602984E+3	2.1804612443E-3
9.5525612596E-2	1.3570137337E+3	2.2051333928E-3
9.7743066726E-2	1.2783466974E+3	2.2297686905E-3
9.9985137556E-2	1.2084680021E+3	2.2543667257E-3
1.0225178762E-1	1.1483356143E+3	2.2789270875E-3
1.0454297904E-1	1.0957557184E+3	2.3034493653E-3
1.0685867352E-1	1.0502674864E+3	2.3279331494E-3
1.0919883237E-1	1.0112061782E+3	2.3523780306E-3
1.1156341648E-1	9.7673594339E+2	2.3767836004E-3
1.1395238633E-1	9.4734023437E+2	2.4011494510E-3
1.1636570200E-1	9.2049530007E+2	2.4254751751E-3
1.1880332317E-1	8.9717410493E+2	2.4497603662E-3
1.2126520909E-1	8.7482720621E+2	2.4740046186E-3
1.2375131862E-1	8.5445944723E+2	2.4982075270E-3
1.2626161023E-1	8.3386238435E+2	2.5223686871E-3
1.2879604195E-1	8.1390378618E+2	2.5464876949E-3
1.3135457143E-1	7.9282098244E+2	2.5705641475E-3
1.3393715592E-1	7.7135946042E+2	2.5945976426E-3
1.3654375226E-1	7.4817184589E+2	2.6185877784E-3
1.3917431689E-1	7.2395497164E+2	2.6425341541E-3
1.4182880585E-1	6.9771457806E+2	2.6664363695E-3
1.4450717478E-1	6.7015072499E+2	2.6902940251E-3
1.4720937892E-1	6.4058298342E+2	2.7141067224E-3
1.4993537310E-1	6.0971194902E+2	2.7378740632E-3
1.5268511179E-1	5.7716694472E+2	2.7615956505E-3
1.5545854902E-1	5.4359889142E+2	2.7852710878E-3
1.5825563845E-1	5.0895392507E+2	2.8088999795E-3
1.6107633333E-1	4.7377825274E+2	2.8324819307E-3
1.6392058653E-1	4.3829969446E+2	2.8560165473E-3
1.6678835052E-1	4.0296197858E+2	2.8795034361E-3
1.6967957737E-1	3.6814693230E+2	2.9029422044E-3
1.7259421876E-1	3.3428473475E+2	2.9263324607E-3
1.7553222599E-1	3.0171230407E+2	2.9496738141E-3
1.7849354996E-1	2.7094717623E+2	2.9729658744E-3
1.8147814117E-1	2.4215130258E+2	2.9962082525E-3
1.8448594977E-1	2.1587543395E+2	3.0194005599E-3
1.8751692548E-1	1.9220111441E+2	3.0425424091E-3
1.9057101764E-1	1.7144478072E+2	3.0656334132E-3
1.9364817522E-1	1.5383680709E+2	3.0886731866E-3
1.9674834681E-1	1.3925327721E+2	3.1116613440E-3
1.9987148058E-1	1.2804856629E+2	3.1345975014E-3
2.0301752435E-1	1.1988324697E+2	3.1574812755E-3
2.0618642554E-1	1.1481372071E+2	3.1803122838E-3
2.0937813120E-1	1.1271604675E+2	3.2030901448E-3
2.1259258799E-1	1.1312277967E+2	3.2258144779E-3
2.1582974219E-1	1.1603380188E+2	3.2484849032E-3
2.1908953970E-1	1.2090686801E+2	3.2711010421E-3
2.2237192605E-1	1.2736622521E+2	3.2936625164E-3
2.2567684639E-1	1.3516066766E+2	3.3161689492E-3
2.2900424548E-1	1.4364732919E+2	3.3386199643E-3
2.3235406772E-1	1.5250267789E+2	3.3610151867E-3
2.3572625713E-1	1.6132303602E+2	3.3833542419E-3
2.3912075735E-1	1.6957129625E+2	3.4056367567E-3
2.4253751167E-1	1.7696041853E+2	3.4278623588E-3
2.4597646298E-1	1.8312805079E+2	3.4500306767E-3
2.4943755380E-1	1.8773870543E+2	3.4721413399E-3
2.5292072631E-1	1.9060163613E+2	3.4941939790E-3
2.5642592230E-1	1.9153310936E+2	3.5161882254E-3
2.5995308318E-1	1.9045068598E+2	3.5381237115E-3
2.6350215001E-1	1.8732827810E+2	3.5600000709E-3
2.6707306349E-1	1.8220099229E+2	3.5818169379E-3
2.7066576394E-1	1.7524916085E+2	3.6035739479E-3
2.7428019131E-1	1.6664244018E+2	3.6252707373E-3
2.7791628522E-1	1.5658532545E+2	3.6469069436E-3
2.8157398488E-1	1.4545559821E+2	3.6684822051E-3
2.8525322919E-1	1.3360047698E+2	3.6899961614E-3
2.8895395665E-1	1.2129840662E+2	3.7114484529E-3
2.9267610542E-1	1.0896851020E+2	3.7328387211E-3
2.9641961330E-1	9.7048951610E+1	3.7541666086E-3
3.0018441773E-1	8.5815921645E+1	3.7754317588E-3
3.0397045579E-1	7.5548414331E+1	3.7966338166E-3
3.0777766421E-1	6.6596100746E+1	3.8177724274E-3
3.1160597938E-1	5.9178380585E+1	3.8388472382E-3
3.1545533730E-1	5.3362706752E+1	3.8598578967E-3
3.1932567367E-1	4.9222497607E+1	3.8808040517E-3
3.2321692379E-1	4.6809791495E+1	3.9016853533E-3
3.2712902264E-1	4.6029380492E+1	3.9225014525E-3
3.3106190484E-1	4.6679217167E+1	3.9432520014E-3
3.3501550468E-1	4.8548765911E+1	3.9639366533E-3
3.3898975607E-1	5.1396716861E+1	3.9845550624E-3
3.4298459261E-1	5.4904151970E+1	4.0051068843E-3
3.4699994753E-1	5.8716535497E+1	4.0255917754E-3
3.5103575373E-1	6.2498958817E+1	4.0460093936E-3
3.5509194378E-1	6.5934993324E+1	4.0663593974E-3
3.5916844988E-1	6.8725028165E+1	4.0866414469E-3
3.6326520391E-1	7.0623491473E+1	4.1068552032E-3
3.6738213741E-1	7.1467095626E+1	4.1270003283E-3
3.7151918157E-1	7.1166738156E+1	4.1470764858E-3
3.7567626728E-1	6.9704177914E+1	4.1670833400E-3
3.7985332504E-1	6.7158806503E+1	4.1870205567E-3
3.8405028507E-1	6.3728370067E+1	4.2068878026E-3
3.8826707721E-1	5.9709928697E+1	4.2266847457E-3
3.9250363101E-1	5.5462712480E+1	4.2464110553E-3
3.9675987567E-1	5.1391948039E+1	4.2660664016E-3
4.0103574005E-1	4.7953338556E+1	4.2856504563E-3
4.0533115271E-1	4.5645337909E+1	4.3051628919E-3
4.0964604185E-1	4.4972021414E+1	4.3246033825E-3
4.1398033538E-1	4.6394190701E+1	4.3439716031E-3
4.1833396086E-1	5.0294707680E+1	4.3632672302E-3
4.2270684554E-1	5.6963017843E+1	4.3824899412E-3
4.2709891633E-1	6.6584272840E+1	4.4016394148E-3
4.3151009985E-1	7.9220671344E+1	4.4207153312E-3
4.3594032237E-1	9.4788094826E+1	4.4397173715E-3
4.4038950986E-1	1.1304039545E+2	4.4586452181E-3
4.4485758797E-1	1.3356941108E+2	4.4774985548E-3
4.4934448203E-1	1.5581889302E+2	4.4962770664E-3
4.5385011706E-1	1.7910558676E+2	4.5149804392E-3
4.5837441776E-1	2.0264321338E+2	4.5336083606E-3
4.6291730852E-1	2.2557015041E+2	4.5521605193E-3
4.6747871344E-1	2.4698376395E+2	4.5706366053E-3
4.7205855627E-1	2.6598236402E+2	4.5890363098E-3
4.7665676049E-1	2.8171216541E+2	4.6073593254E-3
4.8127324926E-1	2.9341446040E+2	4.6256053458E-3
4.8590794542E-1	3.0046851068E+2	4.6437740661E-3
4.9056077152E-1	3.0242745596E+2	4.6618651826E-3
4.9523164982E-1	2.9904620864E+2	4.6798783932E-3
4.9992050224E-1	2.9030094443E+2	4.6978133967E-3
5.0462725044E-1	2.7639952455E+2	4.7156698934E-3
5.0935181576E-1	2.5778168556E+2	4.7334475849E-3
5.1409411924E-1	2.3510773766E+2	4.7511461741E-3
5.1885408164E-1	2.0923504752E+2	4.7687653653E-3
5.2363162341E-1	1.8118258278E+2	4.7863048641E-3
5.2842666471E-1	1.5208492541E+2	4.8037643772E-3
5.3323912540E-1	1.2313812525E+2	4.8211436130E-3
5.3806892508E-1	9.5540417960E+1	4.8384422809E-3
5.4291598301E-1	7.0431167348E+1	4.8556600920E-3
5.4778021821E-1	4.8831476710E+1	4.8727967585E-3
5.5266154939E-1	3.1589819770E+1	4.8898519940E-3
5.5755989496E-1	1.9335810891E+1	4.9068255135E-3
5.6247517308E-1	1.2444874234E+1	4.9237170334E-3
5.6740730160E-1	1.1016075048E+1	4.9405262713E-3
5.7235619810E-1	1.4864737432E+1	4.9572529464E-3
5.7732177988E-1	2.3530702570E+1	4.9738967791E-3
5.8230396395E-1	3.6302211210E+1	4.9904574913E-3
5.8730266706E-1	5.2254473113E+1	5.0069348063E-3
5.9231780568E-1	7.0301074490E+1	5.0233284486E-3
5.9734929598E-1	8.9255536310E+1	5.0396381444E-3
6.0239705389E-1	1.0789963265E+2	5.0558636210E-3
6.0746099506E-1	1.2505456202E+2	5.0720046074E-3
6.1254103485E-1	1.3965077705E+2	5.0880608338E-3
6.1763708838E-1	1.5079224579E+2	5.1040320318E-3
6.2274907048E-1	1.5781115136E+2	5.1199179345E-3
6.2787689573E-1	1.6030952958E+2	5.1357182766E-3
6.3302047843E-1	1.5818507231E+2	5.1514327939E-3
6.3817973262E-1	1.5163924781E+2	5.1670612238E-3
6.4335457209E-1	1.4116695442E+2	5.1826033052E-3
6.4854491036E-1	1.2752806488E+2	5.1980587783E-3
6.5375066070E-1	1.1170236325E+2	5.2134273849E-3
6.5897173609E-1	9.4830449919E+1	5.2287088681E-3
6.6420804930E-1	7.8144119816E+1	5.2439029725E-3
6.6945951283E-1	6.2890439642E+1	5.2590094442E-3
6.7472603890E-1	5.0254209371E+1	5.2740280309E-3
6.8000753951E-1	4.1283654699E+1	5.2889584814E-3
6.8530392640E-1	3.6824043867E+1	5.3038005463E-3
6.9061511106E-1	3.7463458371E+1	5.3185539776E-3
6.9594100473E-1	4.3494198303E+1	5.3332185287E-3
7.0128151841E-1	5.4892315215E+1	5.3477939546E-3
7.0663656285E-1	7.1316601882E+1	5.3622800116E-3
7.1200604856E-1	9.2127106139E+1	5.3766764577E-3
7.1738988581E-1	1.1642196035E+2	5.3909830523E-3
7.2278798463E-1	1.4309011689E+2	5.4051995564E-3
7.2820025482E-1	1.7087653825E+2	5.4193257323E-3
7.3362660591E-1	1.9845558192E+2	5.4333613439E-3
7.3906694724E-1	2.2450780547E+2	5.4473061568E-3
7.4452118788E-1	2.4779523450E+2	5.4611599379E-3
7.4998923669E-1	2.6723029984E+2	5.4749224557E-3
7.5547100229E-1	2.8193415001E+2	5.4885934801E-3
7.6096639308E-1	2.9128083903E+2	5.5021727828E-3
7.6647531721E-1	2.9492491803E+2	5.5156601367E-3
7.7199768263E-1	2.9281113718E+2	5.5290553166E-3
7.7753339704E-1	2.8516620040E+2	5.5423580985E-3
7.8308236795E-1	2.7247371665E+2	5.5555682601E-3
7.8864450262E-1	2.5543457420E+2	5.5686855808E-3
7.9421970809E-1	2.3491586561E+2	5.5817098412E-3
7.9980789121E-1	2.1189216571E+2	5.5946408237E-3
8.0540895857E-1	1.8738338776E+2	5.6074783123E-3
8.1102281659E-1	1.6239359384E+2	5.6202220924E-3
8.1664937145E-1	1.3785499641E+2	5.6328719509E-3
8.2228852912E-1	1.1458093645E+2	5.6454276767E-3
8.2794019536E-1	9.3230847877E+1	5.6578890597E-3
8.3360427572E-1	7.4289142636E+1	5.6702558918E-3
8.3928067556E-1	5.8058657791E+1	5.6825279663E-3
8.4496930000E-1	4.4667955975E+1	5.6947050782E-3
8.5067005399E-1	3.4090567155E+1	5.7067870238E-3
8.5638284226E-1	2.6173399344E+1	5.7187736014E-3
8.6210756934E-1	2.0671130600E+1	5.7306646105E-3
8.6784413956E-1	1.7283381310E+1	5.7424598526E-3
8.7359245705E-1	1.5691679098E+1	5.7541591304E-3
8.7935242576E-1	1.5593460829E+1	5.7657622485E-3
8.8512394943E-1	1.6730507319E+1	5.7772690129E-3
8.9090693161E-1	1.8909381065E+1	5.7886792314E-3
8.9670127565E-1	2.2011902541E+1	5.7999927133E-3
9.0250688473E-1	2.5994694525E+1	5.8112092696E-3
9.0832366182E-1	3.0878318572E+1	5.8223287127E-3
9.1415150972E-1	3.6728128203E+1	5.8333508568E-3
9.1999033104E-1	4.3630066475E+1	5.8442755178E-3
9.2584002820E-1	5.1664800707E+1	5.8551025132E-3
9.3170050345E-1	6.0882873094E+1	5.8658316618E-3
9.3757165885E-1	7.1282544521E+1	5.8764627846E-3
9.4345339628E-1	8.2791464418E+1	5.8869957037E-3
9.4934561746E-1	9.5253543316E+1	5.8974302433E-3
9.5524822392E-1	1.0842302934E+2	5.9077662288E-3
9.6116111701E-1	1.2196790214E+2	5.9180034877E-3
9.6708419793E-1	1.3548361632E+2	5.9281418487E-3
9.7301736769E-1	1.4851609741E+2	5.9381811425E-3
9.7896052713E-1	1.6059070792E+2	5.9481212013E-3
9.8491357695E-1	1.7124286752E+2	5.9579618591E-3
9.9087641766E-1	1.8004670269E+2	5.9677029512E-3
9.9684894961E-1	1.8663997344E+2	5.9773443150E-3
1.0028310730E+0	1.9074521074E+2	5.9868857894E-3
1.0088226878E+0	1.9218724210E+2	5.9963272149E-3
1.0148236940E+0	1.9090591363E+2	6.0056684336E-3
1.0208339913E+0	1.8696108878E+2	6.0149092896E-3
1.0268534791E+0	1.8052691027E+2	6.0240496283E-3
1.0328820570E+0	1.7187495860E+2	6.0330892971E-3
1.0389196241E+0	1.6135006367E+2	6.0420281448E-3
1.0449660796E+0	1.4934489505E+2	6.0508660221E-3
1.0510213224E+0	1.3627763919E+2	6.0596027814E-3
1.0570852514E+0	1.2257234087E+2	6.0682382765E-3
1.0631577652E+0	1.0863853092E+2	6.0767723631E-3
1.0692387623E+0	9.4849204206E+1	6.0852048988E-3
1.0753281411E+0	8.1521910336E+1	6.0935357425E-3
1.0814257998E+0	6.8909950188E+1	6.1017647550E-3
1.0875316366E+0	5.7205571274E+1	6.1098917988E-3
1.0936455494E+0	4.6549157303E+1	6.1179167381E-3
1.0997674360E+0	3.7036476647E+1	6.1258394388E-3
1.1058971941E+0	2.8722512097E+1	6.1336597685E-3
1.1120347214E+0	2.1627211496E+1	6.1413775965E-3
1.1181799151E+0	1.5746686450E+1	6.1489927938E-3
1.1243326727E+0	1.1065154277E+1	6.1565052331E-3
1.1304928913E+0	7.5595203582E+0	6.1639147890E-3
1.1366604679E+0	5.1950931903E+0	6.1712213376E-3
1.1428352996E+0	3.9188356125E+0	6.1784247568E-3
1.1490172830E+0	3.6551521382E+0	6.1855249261E-3
1.1552063150E+0	4.3016855644E+0	6.1925217271E-3
1.1614022920E+0	5.7214533913E+0	6.1994150427E-3
1.1676051105E+0	7.7352290830E+0	6.2062047577E-3
1.1738146669E+0	1.0122155935E+1	6.2128907587E-3
1.1800308574E+0	1.2629630208E+1	6.2194729339E-3
1.1862535782E+0	1.4986033695E+1	6.2259511734E-3
1.1924827251E+0	1.6914371800E+1	6.2323253688E-3
1.1987181942E+0	1.8153897848E+1	6.2385954138E-3
1.2049598812E+0	1.8493573078E+1	6.2447612034E-3
1.2112076818E+0	1.7808056315E+1	6.2508226346E-3
1.2174614916E+0	1.6084147724E+1	6.2567796062E-3
1.2237212062E+0	1.3438287973E+1	6.2626320186E-3
1.2299867208E+0	1.0132913966E+1	6.2683797740E-3
1.2362579308E+0	6.5885236122E+0	6.2740227763E-3
1.2425347314E+0	3.3777306176E+0	6.2795609313E-3
1.2488170177E+0	1.1966578586E+0	6.2849941464E-3
1.2551046847E+0	8.2366796437E-1	6.2903223308E-3
1.2613976273E+0	3.0719034398E+0	6.2955453954E-3
1.2676957404E+0	8.7297058777E+0	6.3006632530E-3
1.2739989187E+0	1.8487575118E+1	6.3056758180E-3
1.2803070569E+0	3.2865684010E+1	6.3105830068E-3
1.2866200496E+0	5.2153595584E+1	6.3153847371E-3
1.2929377912E+0	7.6357803421E+1	6.3200809290E-3
1.2992601762E+0	1.0515556442E+2	6.3246715037E-3
1.3055870990E+0	1.3787287715E+2	6.3291563847E-3
1.3119184537E+0	1.7350125034E+2	6.3335354970E-3
1.3182541347E+0	2.1074023737E+2	6.3378087674E-3
1.3245940360E+0	2.4804822363E+2	6.3419761245E-3
1.3309380516E+0	2.8371295392E+2	6.3460374987E-3
1.3372860756E+0	3.1596071148E+2	6.3499928220E-3
1.3436380019E+0	3.4308669530E+2	6.3538420284E-3
1.3499937243E+0	3.6356887991E+2	6.3575850535E-3
1.3563531366E+0	3.7616127726E+2	6.3612218349E-3
1.3627161325E+0	3.7999071560E+2	6.3647523117E-3
1.3690826057E+0	3.7465119916E+2	6.3681764249E-3
1.3754524499E+0	3.6025540227E+2	6.3714941173E-3
1.3818255585E+0	3.3742926319E+2	6.3747053335E-3
1.3882018250E+0	3.0727857170E+2	6.3778100198E-3
1.3945811430E+0	2.7134236229E+2	6.3808081243E-3
1.4009634057E+0	2.3150985506E+2	6.3836995970E-3
1.4073485066E+0	1.8989071607E+2	6.3864843894E-3
1.4137363389E+0	1.4866900457E+2	6.3891624551E-3
1.4201267959E+0	1.0996666211E+2	6.3917337493E-3
1.4265197708E+0	7.5709718355E+1	6.3941982290E-3
1.4329151568E+0	4.7495428664E+1	6.3965558531E-3
1.4393128469E+0	2.6485623879E+1	6.3988065821E-3
1.4457127343E+0	1.3342229993E+1	6.4009503785E-3
1.4521147120E+0	8.1948155899E+0	6.4029872063E-3
1.4585186731E+0	1.0639471721E+1	6.4049170317E-3
1.4649245104E+0	1.9786075012E+1	6.4067398222E-3
1.4713321170E+0	3.4348805895E+1	6.4084555476E-3
1.4777413858E+0	5.2750936859E+1	6.4100641790E-3
1.4841522097E+0	7.3238474499E+1	6.4115656896E-3
1.4905644815E+0	9.4019276331E+1	6.4129600544E-3
1.4969780940E+0	1.1341212715E+2	6.4142472499E-3
1.5033929402E+0	1.2996274281E+2	6.4154272548E-3
1.5098089128E+0	1.4252065273E+2	6.4165000493E-3
1.5162259046E+0	1.5030661369E+2	6.4174656154E-3
1.5226438083E+0	1.5296580967E+2	6.4183239370E-3
1.5290625167E+0	1.5056594875E+2	6.4190749998E-3
1.5354819225E+0	1.4353878225E+2	6.4197187912E-3
1.5419019185E+0	1.3261060549E+2	6.4202553005E-3
1.5483223974E+0	1.1873651251E+2	6.4206845187E-3
1.5547432518E+0	1.0300739048E+2	6.4210064386E-3
1.5611643745E+0	8.6527870708E+1	6.4212210549E-3
1.5675856581E+0	7.0312066237E+1	6.4213283639E-3
1.5740069954E+0	5.5220093607E+1	6.4213283639E-3
1.5804282791E+0	4.1908793634E+1	6.4212210549E-3
1.5868494018E+0	3.0784635250E+1	6.4210064386E-3
1.5932702562E+0	2.1988804466E+1	6.4206845187E-3
1.5996907351E+0	1.5429984052E+1	6.4202553005E-3
1.6061107310E+0	1.0837753825E+1	6.4197187912E-3
1.6125301369E+0	7.8147864448E+0	6.4190749998E-3
1.6189488453E+0	5.8986022723E+0	6.4183239370E-3
1.6253667490E+0	4.6384920509E+0	6.4174656154E-3
1.6317837408E+0	3.6658056182E+0	6.4165000493E-3
1.6381997134E+0	2.7397552356E+0	6.4154272548E-3
1.6446145595E+0	1.7738088511E+0	6.4142472499E-3
1.6510281721E+0	8.4720249160E-1	6.4129600544E-3
1.6574404439E+0	1.9308976632E-1	6.4115656896E-3
1.6638512678E+0	1.6091994853E-1	6.4100641790E-3
1.6702605366E+0	1.1637476789E+0	6.4084555476E-3
1.6766681432E+0	3.6180865555E+0	6.4067398222E-3
1.6830739805E+0	7.8776905655E+0	6.4049170317E-3
1.6894779416E+0	1.4169490439E+1	6.4029872063E-3
1.6958799193E+0	2.2544705241E+1	6.4009503785E-3
1.7022798067E+0	3.2849323542E+1	6.3988065821E-3
1.7086774968E+0	4.4712226824E+1	6.3965558531E-3
1.7150728827E+0	5.7555357351E+1	6.3941982290E-3
1.7214658576E+0	7.0631688384E+1	6.3917337493E-3
1.7278563146E+0	8.3085961465E+1	6.3891624551E-3
1.7342441470E+0	9.4026884713E+1	6.3864843894E-3
1.7406292478E+0	1.0260539000E+2	6.3836995970E-3
1.7470115106E+0	1.0809703308E+2	6.3808081243E-3
1.7533908286E+0	1.0998014613E+2	6.3778100198E-3
1.7597670951E+0	1.0799691878E+2	6.3747053335E-3
1.7661402037E+0	1.0219013361E+2	6.3714941173E-3
1.7725100479E+0	9.2915370755E+1	6.3681764249E-3
1.7788765211E+0	8.0828785177E+1	6.3647523117E-3
1.7852395170E+0	6.6847952074E+1	6.3612218349E-3
1.7915989293E+0	5.2085273080E+1	6.3575850535E-3
1.7979546517E+0	3.7760443154E+1	6.3538420284E-3
1.8043065780E+0	2.5103545402E+1	6.3499928220E-3
1.8106546020E+0	1.5257826826E+1	6.3460374987E-3
1.8169986176E+0	9.1855672750E+0	6.3419761245E-3
1.8233385189E+0	7.5819622687E+0	6.3378087674E-3
1.8296741999E+0	1.0809526268E+1	6.3335354970E-3
1.8360055546E+0	1.8864808138E+1	6.3291563847E-3
1.8423324774E+0	3.1376452789E+1	6.3246715037E-3
1.8486548624E+0	4.7626223964E+1	6.3200809290E-3
1.8549726040E+0	6.6593176544E+1	6.3153847371E-3
1.8612855967E+0	8.7028300976E+1	6.3105830068E-3
1.8675937349E+0	1.0755526015E+2	6.3056758180E-3
1.8738969132E+0	1.2677735347E+2	6.3006632530E-3
1.8801950263E+0	1.4337606535E+2	6.2955453954E-3
1.8864879689E+0	1.5620374053E+2	6.2903223308E-3
1.8927756359E+0	1.6437310012E+2	6.2849941464E-3
1.8990579222E+0	1.6732947726E+2	6.2795609313E-3
1.9053347228E+0	1.6488749157E+2	6.2740227763E-3
1.9116059328E+0	1.5723199801E+2	6.2683797740E-3
1.9178714474E+0	1.4489705543E+2	6.2626320186E-3
1.9241311620E+0	1.2872790651E+2	6.2567796062E-3
1.9303849718E+0	1.0981818503E+2	6.2508226346E-3
1.9366327724E+0	8.9420992006E+1	6.2447612034E-3
1.9428744594E+0	6.8848718666E+1	6.2385954138E-3
1.9491099285E+0	4.9378246631E+1	6.2323253688E-3
1.9553390754E+0	3.2165527234E+1	6.2259511734E-3
1.9615617961E+0	1.8167646764E+1	6.2194729339E-3
1.9677779867E+0	8.0780850620E+0	6.2128907587E-3
1.9739875431E+0	2.2862787665E+0	6.2062047577E-3
1.9801903616E+0	8.6543630021E-1	6.1994150427E-3
1.9863863386E+0	3.5833171708E+0	6.1925217271E-3
1.9925753706E+0	9.9314939940E+0	6.1855249261E-3
1.9987573540E+0	1.9174058955E+1	6.1784247568E-3
2.0049321857E+0	3.0414751293E+1	6.1712213376E-3
2.0110997623E+0	4.2673447265E+1	6.1639147890E-3
2.0172599809E+0	5.4960731889E+1	6.1565052331E-3
2.0234127385E+0	6.6345926659E+1	6.1489927938E-3
2.0295579322E+0	7.6019338072E+1	6.1413775965E-3
2.0356954595E+0	8.3346233694E+1	6.1336597685E-3
2.0418252176E+0	8.7904260816E+1	6.1258394388E-3
2.0479471042E+0	8.9497674279E+1	6.1179167381E-3
2.0540610170E+0	8.8150227092E+1	6.1098917988E-3
2.0601668538E+0	8.4084131698E+1	6.1017647550E-3
2.0662645125E+0	7.7689923445E+1	6.0935357425E-3
2.0723538913E+0	6.9486860291E+1	6.0852048988E-3
2.0784348884E+0	6.0073455440E+1	6.0767723631E-3
2.0845074022E+0	5.0072870439E+1	6.0682382765E-3
2.0905713312E+0	4.0081565922E+1	6.0596027814E-3
2.0966265740E+0	3.0627603254E+1	6.0508660221E-3
2.1026730295E+0	2.2140079962E+1	6.0420281448E-3
2.1087105966E+0	1.4928588170E+1	6.0330892971E-3
2.1147391745E+0	9.1726061455E+0	6.0240496283E-3
2.1207586623E+0	4.9222695444E+0	6.0149092896E-3
2.1267689596E+0	2.1111026439E+0	6.0056684336E-3
2.1327699657E+0	5.7857038642E-1	5.9963272149E-3
2.1387615806E+0	9.8377384261E-2	5.9868857894E-3
2.1447437040E+0	4.0864353323E-1	5.9773443150E-3
2.1507162359E+0	1.2413779412E+0	5.9677029512E-3
2.1566790766E+0	2.3493784382E+0	5.9579618591E-3
2.1626321265E+0	3.5284666037E+0	5.9481212013E-3
2.1685752859E+0	4.6328230369E+0	5.9381811425E-3
2.1745084557E+0	5.5819821845E+0	5.9281418487E-3
2.1804315366E+0	6.3595298574E+0	5.9180034877E-3
2.1863444297E+0	7.0047825239E+0	5.9077662288E-3
2.1922470361E+0	7.5991666526E+0	5.8974302433E-3
2.1981392573E+0	8.2489387492E+0	5.8869957037E-3
2.2040209947E+0	9.0659013763E+0	5.8764627846E-3
2.2098921501E+0	1.0148102302E+1	5.8658316618E-3
2.2157526254E+0	1.1562823597E+1	5.8551025132E-3
2.2216023226E+0	1.3334009685E+1	5.8442755178E-3
2.2274411439E+0	1.5435534693E+1	5.8333508568E-3
2.2332689918E+0	1.7790696316E+1	5.8223287127E-3
2.2390857689E+0	2.0277495724E+1	5.8112092696E-3
2.2448913779E+0	2.2738829210E+1	5.7999927133E-3
2.2506857220E+0	2.4996555946E+1	5.7886792314E-3
2.2564687042E+0	2.6868259090E+1	5.7772690129E-3
2.2622402278E+0	2.8185247900E+1	5.7657622485E-3
2.2680001965E+0	2.8810038456E+1	5.7541591304E-3
2.2737485140E+0	2.8651407262E+1	5.7424598526E-3
2.2794850843E+0	2.7675294636E+1	5.7306646105E-3
2.2852098113E+0	2.5910344229E+1	5.7187736014E-3
2.2909225996E+0	2.3447558920E+1	5.7067870238E-3
2.2966233536E+0	2.0434244245E+1	5.6947050782E-3
2.3023119780E+0	1.7062965513E+1	5.6825279663E-3
2.3079883779E+0	1.3556623963E+1	5.6702558918E-3
2.3136524582E+0	1.0150990363E+1	5.6578890597E-3
2.3193041245E+0	7.0761671796E+0	5.6454276767E-3
2.3249432821E+0	4.5385049860E+0	5.6328719509E-3
2.3305698370E+0	2.7044652651E+0	5.6202220924E-3
2.3361836950E+0	1.6877757222E+0	5.6074783123E-3
2.3417847624E+0	1.5409517243E+0	5.5946408237E-3
2.3473729455E+0	2.2518708971E+0	5.5817098412E-3
2.3529481510E+0	3.7456271357E+0	5.5686855808E-3
2.3585102856E+0	5.8914112666E+0	5.5555682601E-3
2.3640592565E+0	8.5137255986E+0	5.5423580985E-3
2.3695949710E+0	1.1406885234E+1	5.5290553166E-3
2.3751173364E+0	1.4351520167E+1	5.5156601367E-3
2.3806262605E+0	1.7131682053E+1	5.5021727828E-3
2.3861216513E+0	1.9551176962E+1	5.4885934801E-3
2.3916034169E+0	2.1447879008E+1	5.4749224557E-3
2.3970714657E+0	2.2705010156E+1	5.4611599379E-3
2.4025257064E+0	2.3258673978E+1	5.4473061568E-3
2.4079660477E+0	2.3101276646E+1	5.4333613439E-3
2.4133923988E+0	2.2280825818E+1	5.4193257323E-3
2.4188046690E+0	2.0896436066E+1	5.4051995564E-3
2.4242027678E+0	1.9090659065E+1	5.3909830523E-3
2.4295866050E+0	1.7039474482E+1	5.3766764577E-3
2.4349560907E+0	1.4940906701E+1	5.3622800116E-3
2.4403111352E+0	1.3003265792E+1	5.3477939546E-3
2.4456516489E+0	1.1433950155E+1	5.3332185287E-3
2.4509775425E+0	1.0429603715E+1	5.3185539776E-3
2.4562887272E+0	1.0168210742E+1	5.3038005463E-3
2.4615851141E+0	1.0803459886E+1	5.2889584814E-3
2.4668666147E+0	1.2461442910E+1	5.2740280309E-3
2.4721331408E+0	1.5239499957E+1	5.2590094442E-3
2.4773846043E+0	1.9206807084E+1	5.2439029725E-3
2.4826209175E+0	2.4406143822E+1	5.2287088681E-3
2.4878419929E+0	3.0856192985E+1	5.2134273849E-3
2.4930477432E+0	3.8553718734E+1	5.1980587783E-3
2.4982380815E+0	4.7475040905E+1	5.1826033052E-3
2.5034129210E+0	5.7576365358E+1	5.1670612238E-3
2.5085721752E+0	6.8792725914E+1	5.1514327939E-3
2.5137157579E+0	8.1035523288E+1	5.1357182766E-3
2.5188435831E+0	9.4188885987E+1	5.1199179345E-3
2.5239555652E+0	1.0810530315E+2	5.1040320318E-3
2.5290516187E+0	1.2260116584E+2	5.0880608338E-3
2.5341316585E+0	1.3745298146E+2	5.0720046074E-3
2.5391955997E+0	1.5239508034E+2	5.0558636210E-3
2.5442433576E+0	1.6711960609E+2	5.0396381444E-3
2.5492748479E+0	1.8127946998E+2	5.0233284486E-3
2.5542899865E+0	1.9449476141E+2	5.0069348063E-3
2.5592886896E+0	2.0636285393E+2	4.9904574913E-3
2.5642708737E+0	2.1647214884E+2	4.9738967791E-3
2.5692364555E+0	2.2441907954E+2	4.9572529464E-3
2.5741853520E+0	2.2982768569E+2	4.9405262713E-3
2.5791174805E+0	2.3237078342E+2	4.9237170334E-3
2.5840327586E+0	2.3179152985E+2	4.9068255135E-3
2.5889311042E+0	2.2792402774E+2	4.8898519940E-3
2.5938124354E+0	2.2071155196E+2	4.8727967585E-3
2.5986766706E+0	2.1022101101E+2	4.8556600920E-3
2.6035237285E+0	1.9665238166E+2	4.8384422809E-3
2.6083535282E+0	1.8034206963E+2	4.8211436130E-3
2.6131659889E+0	1.6175944117E+2	4.8037643772E-3
2.6179610302E+0	1.4149613089E+2	4.7863048641E-3
2.6227385719E+0	1.2024814797E+2	4.7687653653E-3
2.6274985343E+0	9.8791259458E+1	4.7511461741E-3
2.6322408378E+0	7.7950600466E+1	4.7334475849E-3
2.6369654032E+0	5.8565905386E+1	4.7156698934E-3
2.6416721513E+0	4.1454112104E+1	4.6978133967E-3
2.6463610038E+0	2.7371301825E+1	4.6798783932E-3
2.6510318821E+0	1.6975960737E+1	4.6618651826E-3
2.6556847082E+0	1.0795403042E+1	4.6437740661E-3
2.6603194043E+0	9.1969630365E+0	4.6256053458E-3
2.6649358931E+0	1.2365368819E+1	4.6073593254E-3
2.6695340973E+0	2.0287628282E+1	4.5890363098E-3
2.6741139402E+0	3.2746724240E+1	4.5706366053E-3
2.6786753451E+0	4.9325201966E+1	4.5521605193E-3
2.6832182358E+0	6.9419080416E+1	4.5336083606E-3
2.6877425365E+0	9.2261401277E+1	4.5149804392E-3
2.6922481716E+0	1.1695355715E+2	4.4962770664E-3
2.6967350656E+0	1.4250202551E+2	4.4774985548E-3
2.7012031437E+0	1.6785873299E+2	4.4586452181E-3
2.7056523312E+0	1.9196452504E+2	4.4397173715E-3
2.7100825537E+0	2.1379573582E+2	4.4207153312E-3
2.7144937373E+0	2.3241243070E+2	4.4016394148E-3
2.7188858081E+0	2.4700408420E+2	4.3824899412E-3
2.7232586927E+0	2.5692693926E+2	4.3632672302E-3
2.7276123182E+0	2.6172966860E+2	4.3439716031E-3
2.7319466117E+0	2.6116931720E+2	4.3246033825E-3
2.7362615009E+0	2.5522274196E+2	4.3051628919E-3
2.7405569135E+0	2.4409529901E+2	4.2856504563E-3
2.7448327779E+0	2.2822084233E+2	4.2660664016E-3
2.7490890226E+0	2.0824453574E+2	4.2464110553E-3
2.7533255764E+0	1.8498839572E+2	4.2266847457E-3
2.7575423685E+0	1.5941113655E+2	4.2068878026E-3
2.7617393285E+0	1.3257361418E+2	4.1870205567E-3
2.7659163863E+0	1.0560671781E+2	4.1670833400E-3
2.7700734720E+0	7.9668567852E+1	4.1470764858E-3
2.7742105162E+0	5.5888801074E+1	4.1270003283E-3
2.7783274497E+0	3.5316268605E+1	4.1068552032E-3
2.7824242037E+0	1.8883815407E+1	4.0866414469E-3
2.7865007098E+0	7.3815296417E+0	4.0663593974E-3
2.7905568999E+0	1.4240470891E+0	4.0460093936E-3
2.7945927061E+0	1.4196623168E+0	4.0255917754E-3
2.7986080610E+0	7.5589790503E+0	4.0051068843E-3
2.8026028975E+0	1.9816666011E+1	3.9845550624E-3
2.8065771489E+0	3.7948126591E+1	3.9639366533E-3
2.8105307487E+0	6.1492585280E+1	3.9432520014E-3
2.8144636309E+0	8.9803634885E+1	3.9225014525E-3
2.8183757298E+0	1.2208420038E+2	3.9016853533E-3
2.8222669799E+0	1.5739682988E+2	3.8808040517E-3
2.8261373163E+0	1.9468636822E+2	3.8598578967E-3
2.8299866742E+0	2.3284853260E+2	3.8388472382E-3
2.8338149894E+0	2.7078066877E+2	3.8177724274E-3
2.8376221978E+0	3.0737565493E+2	3.7966338166E-3
2.8414082359E+0	3.4155253457E+2	3.7754317588E-3
2.8451730403E+0	3.7234922885E+2	3.7541666086E-3
2.8489165482E+0	3.9894230638E+2	3.7328387211E-3
2.8526386969E+0	4.2060319426E+2	3.7114484529E-3
2.8563394244E+0	4.3675663897E+2	3.6899961614E-3
2.8600186687E+0	4.4705799023E+2	3.6684822051E-3
2.8636763684E+0	4.5132397051E+2	3.6469069436E-3
2.8673124623E+0	4.4950108372E+2	3.6252707373E-3
2.8709268897E+0	4.4176453143E+2	3.6035739479E-3
2.8745195901E+0	4.2847867928E+2	3.5818169379E-3
2.8780905036E+0	4.1008797275E+2	3.5600000709E-3
2.8816395704E+0	3.8719432070E+2	3.5381237115E-3
2.8851667313E+0	3.6055911653E+2	3.5161882254E-3
2.8886719273E+0	3.3095771437E+2	3.4941939790E-3
2.8921550998E+0	2.9922756123E+2	3.4721413399E-3
2.8956161906E+0	2.6629506645E+2	3.4500306767E-3
2.8990551419E+0	2.3302559467E+2	3.4278623588E-3
2.9024718962E+0	2.0026271219E+2	3.4056367567E-3
2.9058663965E+0	1.6885641458E+2	3.3833542419E-3
2.9092385859E+0	1.3952903088E+2	3.3610151867E-3
2.9125884081E+0	1.1292914321E+2	3.3386199643E-3
2.9159158072E+0	8.9638474380E+1	3.3161689492E-3
2.9192207275E+0	7.0076194866E+1	3.2936625164E-3
2.9225031139E+0	5.4569813148E+1	3.2711010421E-3
2.9257629114E+0	4.3329779744E+1	3.2484849032E-3
2.9290000656E+0	3.6417743548E+1	3.2258144779E-3
2.9322145224E+0	3.3802436509E+1	3.2030901448E-3
2.9354062280E+0	3.5328200907E+1	3.1803122838E-3
2.9385751292E+0	4.0739564610E+1	3.1574812755E-3
2.9417211730E+0	4.9691392612E+1	3.1345975014E-3
2.9448443068E+0	6.1765555676E+1	3.1116613440E-3
2.9479444784E+0	7.6478608633E+1	3.0886731866E-3
2.9510216360E+0	9.3298947165E+1	3.0656334132E-3
2.9540757281E+0	1.1168247051E+2	3.0425424091E-3
2.9571067038E+0	1.3103924941E+2	3.0194005599E-3
2.9601145124E+0	1.5082215644E+2	2.9962082525E-3
2.9630991036E+0	1.7046175849E+2	2.9729658744E-3
2.9660604276E+0	1.8944013276E+2	2.9496738141E-3
2.9689984348E+0	2.0728189377E+2	2.9263324607E-3
2.9719130762E+0	2.2353119804E+2	2.9029422044E-3
2.9748043031E+0	2.3784597519E+2	2.8795034361E-3
2.9776720671E+0	2.4987393072E+2	2.8560165473E-3
2.9805163203E+0	2.5941272431E+2	2.8324819307E-3
2.9833370151E+0	2.6624912839E+2	2.8088999795E-3
2.9861341046E+0	2.7031087639E+2	2.7852710878E-3
2.9889075418E+0	2.7153881304E+2	2.7615956505E-3
2.9916572805E+0	2.6997664719E+2	2.7378740632E-3
2.9943832747E+0	2.6571115681E+2	2.7141067224E-3
2.9970854788E+0	2.5888587924E+2	2.6902940251E-3
2.9997638477E+0	2.4970837014E+2	2.6664363695E-3
3.0024183367E+0	2.3840243895E+2	2.6425341541E-3
3.0050489013E+0	2.2526226237E+2	2.6185877784E-3
3.0076554977E+0	2.1056857956E+2	2.5945976426E-3
3.0102380822E+0	1.9466521217E+2	2.5705641475E-3
3.0127966116E+0	1.7786440497E+2	2.5464876949E-3
3.0153310434E+0	1.6052371854E+2	2.5223686871E-3
3.0178413350E+0	1.4296214533E+2	2.4982075270E-3
3.0203274445E+0	1.2551864268E+2	2.4740046186E-3
3.0227893304E+0	1.0849720682E+2	2.4497603662E-3
3.0252269516E+0	9.2191527371E+1	2.4254751751E-3
3.0276402673E+0	7.6872766063E+1	2.4011494510E-3
3.0300292371E+0	6.2770707912E+1	2.3767836004E-3
3.0323938212E+0	5.0108926701E+1	2.3523780306E-3
3.0347339801E+0	3.9044998104E+1	2.3279331494E-3
3.0370496746E+0	2.9741805125E+1	2.3034493653E-3
3.0393408660E+0	2.2287268661E+1	2.2789270875E-3
3.0416075160E+0	1.6772681837E+1	2.2543667257E-3
3.0438495869E+0	1.3225937851E+1	2.2297686905E-3
3.0460670410E+0	1.1662675262E+1	2.2051333928E-3
3.0482598414E+0	1.2059518675E+1	2.1804612443E-3
3.0504279513E+0	1.4364902364E+1	2.1557526574E-3
3.0525713347E+0	1.8506955562E+1	2.1310080450E-3
3.0546899556E+0	2.4385349182E+1	2.1062278206E-3
3.0567837786E+0	3.1883084794E+1	2.0814123983E-3
3.0588527688E+0	4.0865768968E+1	2.0565621928E-3
3.0608968915E+0	5.1186366350E+1	2.0316776194E-3
3.0629161127E+0	6.2681331748E+1	2.0067590939E-3
3.0649103985E+0	7.5191676755E+1	1.9818070327E-3
3.0668797157E+0	8.8538270566E+1	1.9568218529E-3
3.0688240313E+0	1.0254954482E+2	1.9318039720E-3
3.0707433129E+0	1.1705865609E+2	1.9067538080E-3
3.0726375283E+0	1.3188139516E+2	1.8816717796E-3
3.0745066460E+0	1.4686388353E+2	1.8565583060E-3
3.0763506346E+0	1.6184494550E+2	1.8314138067E-3
3.0781694634E+0	1.7666122400E+2	1.8062387021E-3
3.0799631019E+0	1.9118824659E+2	1.7810334128E-3
3.0817315203E+0	2.0528614110E+2	1.7557983600E-3
3.0834746889E+0	2.1882589490E+2	1.7305339655E-3
3.0851925786E+0	2.3171878705E+2	1.7052406515E-3
3.0868851607E+0	2.4385853003E+2	1.6799188405E-3
3.0885524069E+0	2.5515295229E+2	1.6545689559E-3
3.0901942894E+0	2.6555170965E+2	1.6291914212E-3
3.0918107807E+0	2.7498923800E+2	1.6037866605E-3
3.0934018538E+0	2.8340650805E+2	1.5783550984E-3
3.0949674821E+0	2.9078804469E+2	1.5528971598E-3
3.0965076394E+0	2.9711232901E+2	1.5274132703E-3
3.0980223001E+0	3.0234933430E+2	1.5019038556E-3
3.0995114388E+0	3.0650706279E+2	1.4763693421E-3
3.1009750306E+0	3.0960570188E+2	1.4508101565E-3
3.1024130510E+0	3.1164612158E+2	1.4252267258E-3
3.1038254761E+0	3.1264574282E+2	1.3996194778E-3
3.1052122822E+0	3.1265113432E+2	1.3739888402E-3
3.1065734461E+0	3.1169990662E+2	1.3483352414E-3
3.1079089451E+0	3.0981818262E+2	1.3226591101E-3
3.1092187570E+0	3.0705294110E+2	1.2969608754E-3
3.1105028597E+0	3.0346754163E+2	1.2712409668E-3
3.1117612318E+0	2.9911275643E+2	1.2454998140E-3
3.1129938524E+0	2.9403045640E+2	1.2197378472E-3
3.1142007007E+0	2.8827697819E+2	1.1939554970E-3
3.1153817567E+0	2.8192053450E+2	1.1681531941E-3
3.1165370006E+0	2.7502041371E+2	1.1423313699E-3
3.1176664131E+0	2.6762447416E+2	1.1164904558E-3
3.1187699753E+0	2.5978479219E+2	1.0906308836E-3
3.1198476688E+0	2.5156352669E+2	1.0647530855E-3
3.1208994755E+0	2.4302178147E+2	1.0388574939E-3
3.1219253780E+0	2.3421010545E+2	1.0129445417E-3
3.1229253590E+0	2.2517266958E+2	9.8701466182E-4
3.1238994018E+0	2.1595641013E+2	9.6106828758E-4
3.1248474902E+0	2.0661249226E+2	9.3510585261E-4
3.1257696083E+0	1.9718999583E+2	9.0912779076E-4
3.1266657407E+0	1.8773067930E+2	8.8313453619E-4
3.1275358724E+0	1.7827006108E+2	8.5712652325E-4
3.1283799890E+0	1.6884201303E+2	8.3110418659E-4
3.1291980762E+0	1.5948144467E+2	8.0506796108E-4
3.1299901204E+0	1.5022313814E+2	7.7901828182E-4
3.1307561084E+0	1.4109887576E+2	7.5295558414E-4
3.1314960274E+0	1.3213578064E+2	7.2688030358E-4
3.1322098650E+0	1.2335685122E+2	7.0079287589E-4
3.1328976092E+0	1.1478266308E+2	6.7469373705E-4
3.1335592487E+0	1.0643273165E+2	6.4858332323E-4
3.1341947723E+0	9.8325811603E+1	6.2246207073E-4
3.1348041694E+0	9.0479375153E+1	5.9633041614E-4
3.1353874298E+0	8.2908931362E+1	5.7018879612E-4
3.1359445438E+0	7.5627687982E+1	5.4403764760E-4
3.1364755020E+0	6.8646669902E+1	5.1787740760E-4
3.1369802957E+0	6.1975122701E+1	4.9170851331E-4
3.1374589163E+0	5.5620958594E+1	4.6553140213E-4
3.1379113559E+0	4.9591083464E+1	4.3934651156E-4
3.1383376069E+0	4.3891564716E+1	4.1315427928E-4
3.1387376622E+0	3.8527683042E+1	3.8695514312E-4
3.1391115150E+0	3.3503936975E+1	3.6074954110E-4
3.1394591592E+0	2.8824054118E+1	3.3453791144E-4
3.1397805890E+0	2.4491033924E+1	3.0832069259E-4
3.1400757989E+0	2.0507222457E+1	2.8209832342E-4
3.1403447841E+0	1.6874406904E+1	2.5587124334E-4
3.1405875400E+0	1.3593915230E+1	2.2963989267E-4
3.1408040626E+0	1.0666709916E+1	2.0340471372E-4
3.1409943483E+0	8.0934698184E+0	1.7716615272E-4
3.1411583939E+0	5.8746584275E+0	1.5092466531E-4
3.1412961968E+0	4.0105792419E+0	1.2468073282E-4
3.1414077547E+0	2.5014197757E+0	9.8434919423E-5
3.1414930663E+0	1.3472846352E+0	7.2188137769E-5
3.1415521316E+0	5.4821016336E-1	4.5943520243E-5
3.1415849628E+0	1.0404602763E-1	1.9736940383E-5