# Differential cross section		
# Author: P. Swaczyna	Princeton University	(swaczyna@princeton.edu)
# Date: 	Wed 17 Feb 2021 06:32:05	
# 		
# Indistinguishable particle collision: He^0 + He^+ -> He^0 + He^+		
# 		
# Red. mass: 	1.8640723202E+9	 eV/c^2
# CM energy: 	1.2735030810E-4	 eV
# Rel speed: 	1.1081647259E+4	 cm/s
# Tot sigma: 	7.2993043391E+3	 a.u.
# Int sigma: 	7.2993043391E+3	 a.u.
# 		
# Columns:		
# the <- scattering angle (rad)		
# dcs <- dsigma/dOmega*2*pi*sin(the) (a.u. = 2.8002852056E-17 cm^2)		
# wei <- weight for cross section integration (approx. width of angle bin)		
# 		
# the	dcs	wei
7.6907532846E-6	1.2444223687E+0	1.9736940383E-5
4.0521979771E-5	6.5567609900E+0	4.5943520243E-5
9.9587300392E-5	1.6113928956E+1	7.2188137769E-5
1.8489884726E-4	2.9917695138E+1	9.8434919423E-5
2.9645680168E-4	4.7967543735E+1	1.2468073282E-4
4.3425968311E-4	7.0262050730E+1	1.5092466531E-4
5.9830531657E-4	9.6798664102E+1	1.7716615272E-4
7.8859101285E-4	1.2757326989E+2	2.0340471372E-4
1.0051136166E-3	1.6257965214E+2	2.2963989267E-4
1.2478695220E-3	2.0180886637E+2	2.5587124334E-4
1.5168546797E-3	2.4524853522E+2	2.8209832342E-4
1.8120645986E-3	2.9288207474E+2	3.0832069259E-4
2.1334943481E-3	3.4468786183E+2	3.3453791144E-4
2.4811385584E-3	4.0063835646E+2	3.6074954110E-4
2.8549914211E-3	4.6069919607E+2	3.8695514312E-4
3.2550466893E-3	5.2482828398E+2	4.1315427928E-4
3.6812976783E-3	5.9297489805E+2	4.3934651156E-4
4.1337372652E-3	6.6507885081E+2	4.6553140213E-4
4.6123578895E-3	7.4106973681E+2	4.9170851331E-4
5.1171515529E-3	8.2086630737E+2	5.1787740760E-4
5.6481098199E-3	9.0437601609E+2	5.4403764760E-4
6.2052238176E-3	9.9149478076E+2	5.7018879612E-4
6.7884842360E-3	1.0821070073E+3	5.9633041614E-4
7.3978813281E-3	1.1760859194E+3	6.2246207073E-4
8.0334049101E-3	1.2732942319E+3	6.4858332323E-4
8.6950443616E-3	1.3735851981E+3	6.7469373705E-4
9.3827886258E-3	1.4768040469E+3	7.0079287589E-4
1.0096626210E-2	1.5827898123E+3	7.2688030358E-4
1.0836545184E-2	1.6913775325E+3	7.5295558414E-4
1.1602533184E-2	1.8024007774E+3	7.7901828182E-4
1.2394577408E-2	1.9156944318E+3	8.0506796108E-4
1.3212664621E-2	2.0310976377E+3	8.3110418659E-4
1.4056781152E-2	2.1484567669E+3	8.5712652325E-4
1.4926912893E-2	2.2676282764E+3	8.8313453619E-4
1.5823045305E-2	2.3884812713E+3	9.0912779076E-4
1.6745163410E-2	2.5108995956E+3	9.3510585261E-4
1.7693251801E-2	2.6347832607E+3	9.6106828758E-4
1.8667294632E-2	2.7600490396E+3	9.8701466182E-4
1.9667275626E-2	2.8866300728E+3	1.0129445417E-3
2.0693178073E-2	3.0144743764E+3	1.0388574939E-3
2.1744984827E-2	3.1435421978E+3	1.0647530855E-3
2.2822678313E-2	3.2738022344E+3	1.0906308836E-3
2.3926240519E-2	3.4052268178E+3	1.1164904558E-3
2.5055653005E-2	3.5377862556E+3	1.1423313699E-3
2.6210896896E-2	3.6714426233E+3	1.1681531941E-3
2.7391952886E-2	3.8061433907E+3	1.1939554970E-3
2.8598801239E-2	3.9418153516E+3	1.2197378472E-3
2.9831421786E-2	4.0783593857E+3	1.2454998140E-3
3.1089793929E-2	4.2156466077E+3	1.2712409668E-3
3.2373896638E-2	4.3535164448E+3	1.2969608754E-3
3.3683708455E-2	4.4917771043E+3	1.3226591101E-3
3.5019207490E-2	4.6302087625E+3	1.3483352414E-3
3.6380371427E-2	4.7685695967E+3	1.3739888402E-3
3.7767177517E-2	4.9066045258E+3	1.3996194778E-3
3.9179602586E-2	5.0440562126E+3	1.4252267258E-3
4.0617623030E-2	5.1806775665E+3	1.4508101565E-3
4.2081214817E-2	5.3162446842E+3	1.4763693421E-3
4.3570353490E-2	5.4505689402E+3	1.5019038556E-3
4.5085014162E-2	5.5835068298E+3	1.5274132703E-3
4.6625171522E-2	5.7149662134E+3	1.5528971598E-3
4.8190799831E-2	5.8449078422E+3	1.5783550984E-3
4.9781872927E-2	5.9733414590E+3	1.6037866605E-3
5.1398364219E-2	6.1003163394E+3	1.6291914212E-3
5.3040246694E-2	6.2259068169E+3	1.6545689559E-3
5.4707492914E-2	6.3501940362E+3	1.6799188405E-3
5.6400075017E-2	6.4732458207E+3	1.7052406515E-3
5.8117964718E-2	6.5950970148E+3	1.7305339655E-3
5.9861133308E-2	6.7157328943E+3	1.7557983600E-3
6.1629551657E-2	6.8350781429E+3	1.7810334128E-3
6.3423190212E-2	6.9529934472E+3	1.8062387021E-3
6.5242019000E-2	7.0692809463E+3	1.8314138067E-3
6.7086007624E-2	7.1836986507E+3	1.8565583060E-3
6.8955125270E-2	7.2959826180E+3	1.8816717796E-3
7.0849340702E-2	7.4058743197E+3	1.9067538080E-3
7.2768622264E-2	7.5131494804E+3	1.9318039720E-3
7.4712937885E-2	7.6176439644E+3	1.9568218529E-3
7.6682255070E-2	7.7192722497E+3	1.9818070327E-3
7.8676540910E-2	7.8180347929E+3	2.0067590939E-3
8.0695762079E-2	7.9140121452E+3	2.0316776194E-3
8.2739884832E-2	8.0073458249E+3	2.0565621928E-3
8.4808875009E-2	8.0982083609E+3	2.0814123983E-3
8.6902698034E-2	8.1867671246E+3	2.1062278206E-3
8.9021318917E-2	8.2731481203E+3	2.1310080450E-3
9.1164702253E-2	8.3574064295E+3	2.1557526574E-3
9.3332812224E-2	8.4395092901E+3	2.1804612443E-3
9.5525612596E-2	8.5193358469E+3	2.2051333928E-3
9.7743066726E-2	8.5966946644E+3	2.2297686905E-3
9.9985137556E-2	8.6713565982E+3	2.2543667257E-3
1.0225178762E-1	8.7430972308E+3	2.2789270875E-3
1.0454297904E-1	8.8117405226E+3	2.3034493653E-3
1.0685867352E-1	8.8771943417E+3	2.3279331494E-3
1.0919883237E-1	8.9394695802E+3	2.3523780306E-3
1.1156341648E-1	8.9986776891E+3	2.3767836004E-3
1.1395238633E-1	9.0550061510E+3	2.4011494510E-3
1.1636570200E-1	9.1086766337E+3	2.4254751751E-3
1.1880332317E-1	9.1598950257E+3	2.4497603662E-3
1.2126520909E-1	9.2088050281E+3	2.4740046186E-3
1.2375131862E-1	9.2554566973E+3	2.4982075270E-3
1.2626161023E-1	9.2997981706E+3	2.5223686871E-3
1.2879604195E-1	9.3416933723E+3	2.5464876949E-3
1.3135457143E-1	9.3809619758E+3	2.5705641475E-3
1.3393715592E-1	9.4174318632E+3	2.5945976426E-3
1.3654375226E-1	9.4509904379E+3	2.6185877784E-3
1.3917431689E-1	9.4816207298E+3	2.6425341541E-3
1.4182880585E-1	9.5094118152E+3	2.6664363695E-3
1.4450717478E-1	9.5345400126E+3	2.6902940251E-3
1.4720937892E-1	9.5572257777E+3	2.7141067224E-3
1.4993537310E-1	9.5776786217E+3	2.7378740632E-3
1.5268511179E-1	9.5960462910E+3	2.7615956505E-3
1.5545854902E-1	9.6123834583E+3	2.7852710878E-3
1.5825563845E-1	9.6266494381E+3	2.8088999795E-3
1.6107633333E-1	9.6387355906E+3	2.8324819307E-3
1.6392058653E-1	9.6485137488E+3	2.8560165473E-3
1.6678835052E-1	9.6558900974E+3	2.8795034361E-3
1.6967957737E-1	9.6608468289E+3	2.9029422044E-3
1.7259421876E-1	9.6634576910E+3	2.9263324607E-3
1.7553222599E-1	9.6638723531E+3	2.9496738141E-3
1.7849354996E-1	9.6622754965E+3	2.9729658744E-3
1.8147814117E-1	9.6588356084E+3	2.9962082525E-3
1.8448594977E-1	9.6536620634E+3	3.0194005599E-3
1.8751692548E-1	9.6467857025E+3	3.0425424091E-3
1.9057101764E-1	9.6381690639E+3	3.0656334132E-3
1.9364817522E-1	9.6277411740E+3	3.0886731866E-3
1.9674834681E-1	9.6154426001E+3	3.1116613440E-3
1.9987148058E-1	9.6012627949E+3	3.1345975014E-3
2.0301752435E-1	9.5852552042E+3	3.1574812755E-3
2.0618642554E-1	9.5675250682E+3	3.1803122838E-3
2.0937813120E-1	9.5481965831E+3	3.2030901448E-3
2.1259258799E-1	9.5273749034E+3	3.2258144779E-3
2.1582974219E-1	9.5051201168E+3	3.2484849032E-3
2.1908953970E-1	9.4814439586E+3	3.2711010421E-3
2.2237192605E-1	9.4563288129E+3	3.2936625164E-3
2.2567684639E-1	9.4297579942E+3	3.3161689492E-3
2.2900424548E-1	9.4017414144E+3	3.3386199643E-3
2.3235406772E-1	9.3723237267E+3	3.3610151867E-3
2.3572625713E-1	9.3415715395E+3	3.3833542419E-3
2.3912075735E-1	9.3095477775E+3	3.4056367567E-3
2.4253751167E-1	9.2762887397E+3	3.4278623588E-3
2.4597646298E-1	9.2417982202E+3	3.4500306767E-3
2.4943755380E-1	9.2060631141E+3	3.4721413399E-3
2.5292072631E-1	9.1690815819E+3	3.4941939790E-3
2.5642592230E-1	9.1308861315E+3	3.5161882254E-3
2.5995308318E-1	9.0915455639E+3	3.5381237115E-3
2.6350215001E-1	9.0511413781E+3	3.5600000709E-3
2.6707306349E-1	9.0097298867E+3	3.5818169379E-3
2.7066576394E-1	8.9673121813E+3	3.6035739479E-3
2.7428019131E-1	8.9238329350E+3	3.6252707373E-3
2.7791628522E-1	8.8792143454E+3	3.6469069436E-3
2.8157398488E-1	8.8334100379E+3	3.6684822051E-3
2.8525322919E-1	8.7864482307E+3	3.6899961614E-3
2.8895395665E-1	8.7384351611E+3	3.7114484529E-3
2.9267610542E-1	8.6895102540E+3	3.7328387211E-3
2.9641961330E-1	8.6397733518E+3	3.7541666086E-3
3.0018441773E-1	8.5892247236E+3	3.7754317588E-3
3.0397045579E-1	8.5377568434E+3	3.7966338166E-3
3.0777766421E-1	8.4852106515E+3	3.8177724274E-3
3.1160597938E-1	8.4314704410E+3	3.8388472382E-3
3.1545533730E-1	8.3765432247E+3	3.8598578967E-3
3.1932567367E-1	8.3205707632E+3	3.8808040517E-3
3.2321692379E-1	8.2637585623E+3	3.9016853533E-3
3.2712902264E-1	8.2062570543E+3	3.9225014525E-3
3.3106190484E-1	8.1480647496E+3	3.9432520014E-3
3.3501550468E-1	8.0890173042E+3	3.9639366533E-3
3.3898975607E-1	8.0288788285E+3	3.9845550624E-3
3.4298459261E-1	7.9674874379E+3	4.0051068843E-3
3.4699994753E-1	7.9048660422E+3	4.0255917754E-3
3.5103575373E-1	7.8412225650E+3	4.0460093936E-3
3.5509194378E-1	7.7768293181E+3	4.0663593974E-3
3.5916844988E-1	7.7118506520E+3	4.0866414469E-3
3.6326520391E-1	7.6462289716E+3	4.1068552032E-3
3.6738213741E-1	7.5797102530E+3	4.1270003283E-3
3.7151918157E-1	7.5120034981E+3	4.1470764858E-3
3.7567626728E-1	7.4429767055E+3	4.1670833400E-3
3.7985332504E-1	7.3727579759E+3	4.1870205567E-3
3.8405028507E-1	7.3016649205E+3	4.2068878026E-3
3.8826707721E-1	7.2299992378E+3	4.2266847457E-3
3.9250363101E-1	7.1578407536E+3	4.2464110553E-3
3.9675987567E-1	7.0849856517E+3	4.2660664016E-3
4.0103574005E-1	7.0110821526E+3	4.2856504563E-3
4.0533115271E-1	6.9358796900E+3	4.3051628919E-3
4.0964604185E-1	6.8594194807E+3	4.3246033825E-3
4.1398033538E-1	6.7820247505E+3	4.3439716031E-3
4.1833396086E-1	6.7040862553E+3	4.3632672302E-3
4.2270684554E-1	6.6257894375E+3	4.3824899412E-3
4.2709891633E-1	6.5469817724E+3	4.4016394148E-3
4.3151009985E-1	6.4672863679E+3	4.4207153312E-3
4.3594032237E-1	6.3863893968E+3	4.4397173715E-3
4.4038950986E-1	6.3042929010E+3	4.4586452181E-3
4.4485758797E-1	6.2213387362E+3	4.4774985548E-3
4.4934448203E-1	6.1379748023E+3	4.4962770664E-3
4.5385011706E-1	6.0544327245E+3	4.5149804392E-3
4.5837441776E-1	5.9705634411E+3	4.5336083606E-3
4.6291730852E-1	5.8859656096E+3	4.5521605193E-3
4.6747871344E-1	5.8003176309E+3	4.5706366053E-3
4.7205855627E-1	5.7136580424E+3	4.5890363098E-3
4.7665676049E-1	5.6263883485E+3	4.6073593254E-3
4.8127324926E-1	5.5389861832E+3	4.6256053458E-3
4.8590794542E-1	5.4516511234E+3	4.6437740661E-3
4.9056077152E-1	5.3641690620E+3	4.6618651826E-3
4.9523164982E-1	5.2761128826E+3	4.6798783932E-3
4.9992050224E-1	5.1872242306E+3	4.6978133967E-3
5.0462725044E-1	5.0976647124E+3	4.7156698934E-3
5.0935181576E-1	5.0079228966E+3	4.7334475849E-3
5.1409411924E-1	4.9184465119E+3	4.7511461741E-3
5.1885408164E-1	4.8293043189E+3	4.7687653653E-3
5.2363162341E-1	4.7401657690E+3	4.7863048641E-3
5.2842666471E-1	4.6506226804E+3	4.8037643772E-3
5.3323912540E-1	4.5605829822E+3	4.8211436130E-3
5.3806892508E-1	4.4703964197E+3	4.8384422809E-3
5.4291598301E-1	4.3805976490E+3	4.8556600920E-3
5.4778021821E-1	4.2914859657E+3	4.8727967585E-3
5.5266154939E-1	4.2029098868E+3	4.8898519940E-3
5.5755989496E-1	4.1144502440E+3	4.9068255135E-3
5.6247517308E-1	4.0258434017E+3	4.9237170334E-3
5.6740730160E-1	3.9372672925E+3	4.9405262713E-3
5.7235619810E-1	3.8492303267E+3	4.9572529464E-3
5.7732177988E-1	3.7621607369E+3	4.9738967791E-3
5.8230396395E-1	3.6760692572E+3	4.9904574913E-3
5.8730266706E-1	3.5905948870E+3	5.0069348063E-3
5.9231780568E-1	3.5053930773E+3	5.0233284486E-3
5.9734929598E-1	3.4205071529E+3	5.0396381444E-3
6.0239705389E-1	3.3363760141E+3	5.0558636210E-3
6.0746099506E-1	3.2534706899E+3	5.0720046074E-3
6.1254103485E-1	3.1719030768E+3	5.0880608338E-3
6.1763708838E-1	3.0913775409E+3	5.1040320318E-3
6.2274907048E-1	3.0115298994E+3	5.1199179345E-3
6.2787689573E-1	2.9323271088E+3	5.1357182766E-3
6.3302047843E-1	2.8541422369E+3	5.1514327939E-3
6.3817973262E-1	2.7774347363E+3	5.1670612238E-3
6.4335457209E-1	2.7023509495E+3	5.1826033052E-3
6.4854491036E-1	2.6286358084E+3	5.1980587783E-3
6.5375066070E-1	2.5559380804E+3	5.2134273849E-3
6.5897173609E-1	2.4842024284E+3	5.2287088681E-3
6.6420804930E-1	2.4137581294E+3	5.2439029725E-3
6.6945951283E-1	2.3450213648E+3	5.2590094442E-3
6.7472603890E-1	2.2781166191E+3	5.2740280309E-3
6.8000753951E-1	2.2127991142E+3	5.2889584814E-3
6.8530392640E-1	2.1487493405E+3	5.3038005463E-3
6.9061511106E-1	2.0859319439E+3	5.3185539776E-3
6.9594100473E-1	2.0246516442E+3	5.3332185287E-3
7.0128151841E-1	1.9652575910E+3	5.3477939546E-3
7.0663656285E-1	1.9078107906E+3	5.3622800116E-3
7.1200604856E-1	1.8520585705E+3	5.3766764577E-3
7.1738988581E-1	1.7977316241E+3	5.3909830523E-3
7.2278798463E-1	1.7448429642E+3	5.4051995564E-3
7.2820025482E-1	1.6936764521E+3	5.4193257323E-3
7.3362660591E-1	1.6444898773E+3	5.4333613439E-3
7.3906694724E-1	1.5972578313E+3	5.4473061568E-3
7.4452118788E-1	1.5517238450E+3	5.4611599379E-3
7.4998923669E-1	1.5076911623E+3	5.4749224557E-3
7.5547100229E-1	1.4652304175E+3	5.4885934801E-3
7.6096639308E-1	1.4245868534E+3	5.5021727828E-3
7.6647531721E-1	1.3859042238E+3	5.5156601367E-3
7.7199768263E-1	1.3490738256E+3	5.5290553166E-3
7.7753339704E-1	1.3138632308E+3	5.5423580985E-3
7.8308236795E-1	1.2801661630E+3	5.5555682601E-3
7.8864450262E-1	1.2480932573E+3	5.5686855808E-3
7.9421970809E-1	1.2178169027E+3	5.5817098412E-3
7.9980789121E-1	1.1893602346E+3	5.5946408237E-3
8.0540895857E-1	1.1625667305E+3	5.6074783123E-3
8.1102281659E-1	1.1372672477E+3	5.6202220924E-3
8.1664937145E-1	1.1134410193E+3	5.6328719509E-3
8.2228852912E-1	1.0911927393E+3	5.6454276767E-3
8.2794019536E-1	1.0705915329E+3	5.6578890597E-3
8.3360427572E-1	1.0515681371E+3	5.6702558918E-3
8.3928067556E-1	1.0339781970E+3	5.6825279663E-3
8.4496930000E-1	1.0177382423E+3	5.6947050782E-3
8.5067005399E-1	1.0028701903E+3	5.7067870238E-3
8.5638284226E-1	9.8941775178E+2	5.7187736014E-3
8.6210756934E-1	9.7735221620E+2	5.7306646105E-3
8.6784413956E-1	9.6657888388E+2	5.7424598526E-3
8.7359245705E-1	9.5701726733E+2	5.7541591304E-3
8.7935242576E-1	9.4864427727E+2	5.7657622485E-3
8.8512394943E-1	9.4145540158E+2	5.7772690129E-3
8.9090693161E-1	9.3541162934E+2	5.7886792314E-3
8.9670127565E-1	9.3044677220E+2	5.7999927133E-3
9.0250688473E-1	9.2651350506E+2	5.8112092696E-3
9.0832366182E-1	9.2359184549E+2	5.8223287127E-3
9.1415150972E-1	9.2164631627E+2	5.8333508568E-3
9.1999033104E-1	9.2060176856E+2	5.8442755178E-3
9.2584002820E-1	9.2038532814E+2	5.8551025132E-3
9.3170050345E-1	9.2097902695E+2	5.8658316618E-3
9.3757165885E-1	9.2239779274E+2	5.8764627846E-3
9.4345339628E-1	9.2460848143E+2	5.8869957037E-3
9.4934561746E-1	9.2750152643E+2	5.8974302433E-3
9.5524822392E-1	9.3097080546E+2	5.9077662288E-3
9.6116111701E-1	9.3500641618E+2	5.9180034877E-3
9.6708419793E-1	9.3966746908E+2	5.9281418487E-3
9.7301736769E-1	9.4495281156E+2	5.9381811425E-3
9.7896052713E-1	9.5073659376E+2	5.9481212013E-3
9.8491357695E-1	9.5686915459E+2	5.9579618591E-3
9.9087641766E-1	9.6332562449E+2	5.9677029512E-3
9.9684894961E-1	9.7020203919E+2	5.9773443150E-3
1.0028310730E+0	9.7754626225E+2	5.9868857894E-3
1.0088226878E+0	9.8523802390E+2	5.9963272149E-3
1.0148236940E+0	9.9308750252E+2	6.0056684336E-3
1.0208339913E+0	1.0010389297E+3	6.0149092896E-3
1.0268534791E+0	1.0092107367E+3	6.0240496283E-3
1.0328820570E+0	1.0177037790E+3	6.0330892971E-3
1.0389196241E+0	1.0264204708E+3	6.0420281448E-3
1.0449660796E+0	1.0351413783E+3	6.0508660221E-3
1.0510213224E+0	1.0437731508E+3	6.0596027814E-3
1.0570852514E+0	1.0524420953E+3	6.0682382765E-3
1.0631577652E+0	1.0612968143E+3	6.0767723631E-3
1.0692387623E+0	1.0702714820E+3	6.0852048988E-3
1.0753281411E+0	1.0791289992E+3	6.0935357425E-3
1.0814257998E+0	1.0877394501E+3	6.1017647550E-3
1.0875316366E+0	1.0962264204E+3	6.1098917988E-3
1.0936455494E+0	1.1047762559E+3	6.1179167381E-3
1.0997674360E+0	1.1133560966E+3	6.1258394388E-3
1.1058971941E+0	1.1217208747E+3	6.1336597685E-3
1.1120347214E+0	1.1297099537E+3	6.1413775965E-3
1.1181799151E+0	1.1374385817E+3	6.1489927938E-3
1.1243326727E+0	1.1451195790E+3	6.1565052331E-3
1.1304928913E+0	1.1527484324E+3	6.1639147890E-3
1.1366604679E+0	1.1600784060E+3	6.1712213376E-3
1.1428352996E+0	1.1669264442E+3	6.1784247568E-3
1.1490172830E+0	1.1733982884E+3	6.1855249261E-3
1.1552063150E+0	1.1797226654E+3	6.1925217271E-3
1.1614022920E+0	1.1859152291E+3	6.1994150427E-3
1.1676051105E+0	1.1917307036E+3	6.2062047577E-3
1.1738146669E+0	1.1969726985E+3	6.2128907587E-3
1.1800308574E+0	1.2017394472E+3	6.2194729339E-3
1.1862535782E+0	1.2062665635E+3	6.2259511734E-3
1.1924827251E+0	1.2105803276E+3	6.2323253688E-3
1.1987181942E+0	1.2144381678E+3	6.2385954138E-3
1.2049598812E+0	1.2176395571E+3	6.2447612034E-3
1.2112076818E+0	1.2202790871E+3	6.2508226346E-3
1.2174614916E+0	1.2225918261E+3	6.2567796062E-3
1.2237212062E+0	1.2246053107E+3	6.2626320186E-3
1.2299867208E+0	1.2260802929E+3	6.2683797740E-3
1.2362579308E+0	1.2268210429E+3	6.2740227763E-3
1.2425347314E+0	1.2269230204E+3	6.2795609313E-3
1.2488170177E+0	1.2266146982E+3	6.2849941464E-3
1.2551046847E+0	1.2259169682E+3	6.2903223308E-3
1.2613976273E+0	1.2245952486E+3	6.2955453954E-3
1.2676957404E+0	1.2224672692E+3	6.3006632530E-3
1.2739989187E+0	1.2196335895E+3	6.3056758180E-3
1.2803070569E+0	1.2163110937E+3	6.3105830068E-3
1.2866200496E+0	1.2125083290E+3	6.3153847371E-3
1.2929377912E+0	1.2079981428E+3	6.3200809290E-3
1.2992601762E+0	1.2026198269E+3	6.3246715037E-3
1.3055870990E+0	1.1964822333E+3	6.3291563847E-3
1.3119184537E+0	1.1897866161E+3	6.3335354970E-3
1.3182541347E+0	1.1825263225E+3	6.3378087674E-3
1.3245940360E+0	1.1744862518E+3	6.3419761245E-3
1.3309380516E+0	1.1655345084E+3	6.3460374987E-3
1.3372860756E+0	1.1557899233E+3	6.3499928220E-3
1.3436380019E+0	1.1454350097E+3	6.3538420284E-3
1.3499937243E+0	1.1344480349E+3	6.3575850535E-3
1.3563531366E+0	1.1226320987E+3	6.3612218349E-3
1.3627161325E+0	1.1098898634E+3	6.3647523117E-3
1.3690826057E+0	1.0963500659E+3	6.3681764249E-3
1.3754524499E+0	1.0821745343E+3	6.3714941173E-3
1.3818255585E+0	1.0673295562E+3	6.3747053335E-3
1.3882018250E+0	1.0516435081E+3	6.3778100198E-3
1.3945811430E+0	1.0350572804E+3	6.3808081243E-3
1.4009634057E+0	1.0177077344E+3	6.3836995970E-3
1.4073485066E+0	9.9973542063E+2	6.3864843894E-3
1.4137363389E+0	9.8110015417E+2	6.3891624551E-3
1.4201267959E+0	9.6166244078E+2	6.3917337493E-3
1.4265197708E+0	9.4140237791E+2	6.3941982290E-3
1.4329151568E+0	9.2046177352E+2	6.3965558531E-3
1.4393128469E+0	8.9896088595E+2	6.3988065821E-3
1.4457127343E+0	8.7686020762E+2	6.4009503785E-3
1.4521147120E+0	8.5405787667E+2	6.4029872063E-3
1.4585186731E+0	8.3057123620E+2	6.4049170317E-3
1.4649245104E+0	8.0654298202E+2	6.4067398222E-3
1.4713321170E+0	7.8207555322E+2	6.4084555476E-3
1.4777413858E+0	7.5713767668E+2	6.4100641790E-3
1.4841522097E+0	7.3166809091E+2	6.4115656896E-3
1.4905644815E+0	7.0571652163E+2	6.4129600544E-3
1.4969780940E+0	6.7942224432E+2	6.4142472499E-3
1.5033929402E+0	6.5287357047E+2	6.4154272548E-3
1.5098089128E+0	6.2605419170E+2	6.4165000493E-3
1.5162259046E+0	5.9894314816E+2	6.4174656154E-3
1.5226438083E+0	5.7161527568E+2	6.4183239370E-3
1.5290625167E+0	5.4420242143E+2	6.4190749998E-3
1.5354819225E+0	5.1678301179E+2	6.4197187912E-3
1.5419019185E+0	4.8936032065E+2	6.4202553005E-3
1.5483223974E+0	4.6194979536E+2	6.4206845187E-3
1.5547432518E+0	4.3464247911E+2	6.4210064386E-3
1.5611643745E+0	4.0755948697E+2	6.4212210549E-3
1.5675856581E+0	3.8077336921E+2	6.4213283639E-3
1.5740069954E+0	3.5430861277E+2	6.4213283639E-3
1.5804282791E+0	3.2820989529E+2	6.4212210549E-3
1.5868494018E+0	3.0257489762E+2	6.4210064386E-3
1.5932702562E+0	2.7751150237E+2	6.4206845187E-3
1.5996907351E+0	2.5308925666E+2	6.4202553005E-3
1.6061107310E+0	2.2935204628E+2	6.4197187912E-3
1.6125301369E+0	2.0636409437E+2	6.4190749998E-3
1.6189488453E+0	1.8422042800E+2	6.4183239370E-3
1.6253667490E+0	1.6301388264E+2	6.4174656154E-3
1.6317837408E+0	1.4281206185E+2	6.4165000493E-3
1.6381997134E+0	1.2367317490E+2	6.4154272548E-3
1.6446145595E+0	1.0566995063E+2	6.4142472499E-3
1.6510281721E+0	8.8886515685E+1	6.4129600544E-3
1.6574404439E+0	7.3399208323E+1	6.4115656896E-3
1.6638512678E+0	5.9272553497E+1	6.4100641790E-3
1.6702605366E+0	4.6571440951E+1	6.4084555476E-3
1.6766681432E+0	3.5365975631E+1	6.4067398222E-3
1.6830739805E+0	2.5722697328E+1	6.4049170317E-3
1.6894779416E+0	1.7700042680E+1	6.4029872063E-3
1.6958799193E+0	1.1356219478E+1	6.4009503785E-3
1.7022798067E+0	6.7536981783E+0	6.3988065821E-3
1.7086774968E+0	3.9499183752E+0	6.3965558531E-3
1.7150728827E+0	2.9889441688E+0	6.3941982290E-3
1.7214658576E+0	3.9097342134E+0	6.3917337493E-3
1.7278563146E+0	6.7593488089E+0	6.3891624551E-3
1.7342441470E+0	1.1588563391E+1	6.3864843894E-3
1.7406292478E+0	1.8434124580E+1	6.3836995970E-3
1.7470115106E+0	2.7314573449E+1	6.3808081243E-3
1.7533908286E+0	3.8247653232E+1	6.3778100198E-3
1.7597670951E+0	5.1263696117E+1	6.3747053335E-3
1.7661402037E+0	6.6393552389E+1	6.3714941173E-3
1.7725100479E+0	8.3647841878E+1	6.3681764249E-3
1.7788765211E+0	1.0301830756E+2	6.3647523117E-3
1.7852395170E+0	1.2449983342E+2	6.3612218349E-3
1.7915989293E+0	1.4810068962E+2	6.3575850535E-3
1.7979546517E+0	1.7382559958E+2	6.3538420284E-3
1.8043065780E+0	2.0165645936E+2	6.3499928220E-3
1.8106546020E+0	2.3155862127E+2	6.3460374987E-3
1.8169986176E+0	2.6350299874E+2	6.3419761245E-3
1.8233385189E+0	2.9747165334E+2	6.3378087674E-3
1.8296741999E+0	3.3343961439E+2	6.3335354970E-3
1.8360055546E+0	3.7136023633E+2	6.3291563847E-3
1.8423324774E+0	4.1117450933E+2	6.3246715037E-3
1.8486548624E+0	4.5282933127E+2	6.3200809290E-3
1.8549726040E+0	4.9627834396E+2	6.3153847371E-3
1.8612855967E+0	5.4146616638E+2	6.3105830068E-3
1.8675937349E+0	5.8832029285E+2	6.3056758180E-3
1.8738969132E+0	6.3676095525E+2	6.3006632530E-3
1.8801950263E+0	6.8671253553E+2	6.2955453954E-3
1.8864879689E+0	7.3810040798E+2	6.2903223308E-3
1.8927756359E+0	7.9084075557E+2	6.2849941464E-3
1.8990579222E+0	8.4483995218E+2	6.2795609313E-3
1.9053347228E+0	9.0000259266E+2	6.2740227763E-3
1.9116059328E+0	9.5623392887E+2	6.2683797740E-3
1.9178714474E+0	1.0134336938E+3	6.2626320186E-3
1.9241311620E+0	1.0714938542E+3	6.2567796062E-3
1.9303849718E+0	1.1303059004E+3	6.2508226346E-3
1.9366327724E+0	1.1897652771E+3	6.2447612034E-3
1.9428744594E+0	1.2497634930E+3	6.2385954138E-3
1.9491099285E+0	1.3101795583E+3	6.2323253688E-3
1.9553390754E+0	1.3708870560E+3	6.2259511734E-3
1.9615617961E+0	1.4317696765E+3	6.2194729339E-3
1.9677779867E+0	1.4927212761E+3	6.2128907587E-3
1.9739875431E+0	1.5536268882E+3	6.2062047577E-3
1.9801903616E+0	1.6143516346E+3	6.1994150427E-3
1.9863863386E+0	1.6747574462E+3	6.1925217271E-3
1.9925753706E+0	1.7347274148E+3	6.1855249261E-3
1.9987573540E+0	1.7941619524E+3	6.1784247568E-3
2.0049321857E+0	1.8529484217E+3	6.1712213376E-3
2.0110997623E+0	1.9109463504E+3	6.1639147890E-3
2.0172599809E+0	1.9680129849E+3	6.1565052331E-3
2.0234127385E+0	2.0240373705E+3	6.1489927938E-3
2.0295579322E+0	2.0789344969E+3	6.1413775965E-3
2.0356954595E+0	2.1326038338E+3	6.1336597685E-3
2.0418252176E+0	2.1849086129E+3	6.1258394388E-3
2.0479471042E+0	2.2357080800E+3	6.1179167381E-3
2.0540610170E+0	2.2849023918E+3	6.1098917988E-3
2.0601668538E+0	2.3324281061E+3	6.1017647550E-3
2.0662645125E+0	2.3782068052E+3	6.0935357425E-3
2.0723538913E+0	2.4221153626E+3	6.0852048988E-3
2.0784348884E+0	2.4640212015E+3	6.0767723631E-3
2.0845074022E+0	2.5038387632E+3	6.0682382765E-3
2.0905713312E+0	2.5415310650E+3	6.0596027814E-3
2.0966265740E+0	2.5770510377E+3	6.0508660221E-3
2.1026730295E+0	2.6102994291E+3	6.0420281448E-3
2.1087105966E+0	2.6411576276E+3	6.0330892971E-3
2.1147391745E+0	2.6695552852E+3	6.0240496283E-3
2.1207586623E+0	2.6954835978E+3	6.0149092896E-3
2.1267689596E+0	2.7189340724E+3	6.0056684336E-3
2.1327699657E+0	2.7398414713E+3	5.9963272149E-3
2.1387615806E+0	2.7581070697E+3	5.9868857894E-3
2.1447437040E+0	2.7736747275E+3	5.9773443150E-3
2.1507162359E+0	2.7865615045E+3	5.9677029512E-3
2.1566790766E+0	2.7968011435E+3	5.9579618591E-3
2.1626321265E+0	2.8043716991E+3	5.9481212013E-3
2.1685752859E+0	2.8092010944E+3	5.9381811425E-3
2.1745084557E+0	2.8112455500E+3	5.9281418487E-3
2.1804315366E+0	2.8105414309E+3	5.9180034877E-3
2.1863444297E+0	2.8071631457E+3	5.9077662288E-3
2.1922470361E+0	2.8011390827E+3	5.8974302433E-3
2.1981392573E+0	2.7924319697E+3	5.8869957037E-3
2.2040209947E+0	2.7810096161E+3	5.8764627846E-3
2.2098921501E+0	2.7669178328E+3	5.8658316618E-3
2.2157526254E+0	2.7502634863E+3	5.8551025132E-3
2.2216023226E+0	2.7311277997E+3	5.8442755178E-3
2.2274411439E+0	2.7095174538E+3	5.8333508568E-3
2.2332689918E+0	2.6854144695E+3	5.8223287127E-3
2.2390857689E+0	2.6588635443E+3	5.8112092696E-3
2.2448913779E+0	2.6299889763E+3	5.7999927133E-3
2.2506857220E+0	2.5989198953E+3	5.7886792314E-3
2.2564687042E+0	2.5657149922E+3	5.7772690129E-3
2.2622402278E+0	2.5303782457E+3	5.7657622485E-3
2.2680001965E+0	2.4929462184E+3	5.7541591304E-3
2.2737485140E+0	2.4535409544E+3	5.7424598526E-3
2.2794850843E+0	2.4123246197E+3	5.7306646105E-3
2.2852098113E+0	2.3694105575E+3	5.7187736014E-3
2.2909225996E+0	2.3248369233E+3	5.7067870238E-3
2.2966233536E+0	2.2786334036E+3	5.6947050782E-3
2.3023119780E+0	2.2309009306E+3	5.6825279663E-3
2.3079883779E+0	2.1818100101E+3	5.6702558918E-3
2.3136524582E+0	2.1315203224E+3	5.6578890597E-3
2.3193041245E+0	2.0801162645E+3	5.6454276767E-3
2.3249432821E+0	2.0276327734E+3	5.6328719509E-3
2.3305698370E+0	1.9741397986E+3	5.6202220924E-3
2.3361836950E+0	1.9197867980E+3	5.6074783123E-3
2.3417847624E+0	1.8647566438E+3	5.5946408237E-3
2.3473729455E+0	1.8091830958E+3	5.5817098412E-3
2.3529481510E+0	1.7531260631E+3	5.5686855808E-3
2.3585102856E+0	1.6966310027E+3	5.5555682601E-3
2.3640592565E+0	1.6398033521E+3	5.5423580985E-3
2.3695949710E+0	1.5828139352E+3	5.5290553166E-3
2.3751173364E+0	1.5258308415E+3	5.5156601367E-3
2.3806262605E+0	1.4689551278E+3	5.5021727828E-3
2.3861216513E+0	1.4122309174E+3	5.4885934801E-3
2.3916034169E+0	1.3557163212E+3	5.4749224557E-3
2.3970714657E+0	1.2995355289E+3	5.4611599379E-3
2.4025257064E+0	1.2438557423E+3	5.4473061568E-3
2.4079660477E+0	1.1888162249E+3	5.4333613439E-3
2.4133923988E+0	1.1344873281E+3	5.4193257323E-3
2.4188046690E+0	1.0809020655E+3	5.4051995564E-3
2.4242027678E+0	1.0281237037E+3	5.3909830523E-3
2.4295866050E+0	9.7627612749E+2	5.3766764577E-3
2.4349560907E+0	9.2550621742E+2	5.3622800116E-3
2.4403111352E+0	8.7592035879E+2	5.3477939546E-3
2.4456516489E+0	8.2756227679E+2	5.3332185287E-3
2.4509775425E+0	7.8045324582E+2	5.3185539776E-3
2.4562887272E+0	7.3465026668E+2	5.3038005463E-3
2.4615851141E+0	6.9026150971E+2	5.2889584814E-3
2.4668666147E+0	6.4740513493E+2	5.2740280309E-3
2.4721331408E+0	6.0615598666E+2	5.2590094442E-3
2.4773846043E+0	5.6653450582E+2	5.2439029725E-3
2.4826209175E+0	5.2854675334E+2	5.2287088681E-3
2.4878419929E+0	4.9223286667E+2	5.2134273849E-3
2.4930477432E+0	4.5767531149E+2	5.1980587783E-3
2.4982380815E+0	4.2496093135E+2	5.1826033052E-3
2.5034129210E+0	3.9413663929E+2	5.1670612238E-3
2.5085721752E+0	3.6520231931E+2	5.1514327939E-3
2.5137157579E+0	3.3814560536E+2	5.1357182766E-3
2.5188435831E+0	3.1298249700E+2	5.1199179345E-3
2.5239555652E+0	2.8976451362E+2	5.1040320318E-3
2.5290516187E+0	2.6854768772E+2	5.0880608338E-3
2.5341316585E+0	2.4935527741E+2	5.0720046074E-3
2.5391955997E+0	2.3216973051E+2	5.0558636210E-3
2.5442433576E+0	2.1695946531E+2	5.0396381444E-3
2.5492748479E+0	2.0371324094E+2	5.0233284486E-3
2.5542899865E+0	1.9244988477E+2	5.0069348063E-3
2.5592886896E+0	1.8319627755E+2	4.9904574913E-3
2.5642708737E+0	1.7595611203E+2	4.9738967791E-3
2.5692364555E+0	1.7069850442E+2	4.9572529464E-3
2.5741853520E+0	1.6737523632E+2	4.9405262713E-3
2.5791174805E+0	1.6594904644E+2	4.9237170334E-3
2.5840327586E+0	1.6640703852E+2	4.9068255135E-3
2.5889311042E+0	1.6874867949E+2	4.8898519940E-3
2.5938124354E+0	1.7296117431E+2	4.8727967585E-3
2.5986766706E+0	1.7900486781E+2	4.8556600920E-3
2.6035237285E+0	1.8682049506E+2	4.8384422809E-3
2.6083535282E+0	1.9635018103E+2	4.8211436130E-3
2.6131659889E+0	2.0755312129E+2	4.8037643772E-3
2.6179610302E+0	2.2040326173E+2	4.7863048641E-3
2.6227385719E+0	2.3487279869E+2	4.7687653653E-3
2.6274985343E+0	2.5091683944E+2	4.7511461741E-3
2.6322408378E+0	2.6847193788E+2	4.7334475849E-3
2.6369654032E+0	2.8746835458E+2	4.7156698934E-3
2.6416721513E+0	3.0784465722E+2	4.6978133967E-3
2.6463610038E+0	3.2955265322E+2	4.6798783932E-3
2.6510318821E+0	3.5254987831E+2	4.6618651826E-3
2.6556847082E+0	3.7678724731E+2	4.6437740661E-3
2.6603194043E+0	4.0220240290E+2	4.6256053458E-3
2.6649358931E+0	4.2872340753E+2	4.6073593254E-3
2.6695340973E+0	4.5627866213E+2	4.5890363098E-3
2.6741139402E+0	4.8480461072E+2	4.5706366053E-3
2.6786753451E+0	5.1424565805E+2	4.5521605193E-3
2.6832182358E+0	5.4454755992E+2	4.5336083606E-3
2.6877425365E+0	5.7565042234E+2	4.5149804392E-3
2.6922481716E+0	6.0748680940E+2	4.4962770664E-3
2.6967350656E+0	6.3998567864E+2	4.4774985548E-3
2.7012031437E+0	6.7307831671E+2	4.4586452181E-3
2.7056523312E+0	7.0670156045E+2	4.4397173715E-3
2.7100825537E+0	7.4079643124E+2	4.4207153312E-3
2.7144937373E+0	7.7530412800E+2	4.4016394148E-3
2.7188858081E+0	8.1016300430E+2	4.3824899412E-3
2.7232586927E+0	8.4530872407E+2	4.3632672302E-3
2.7276123182E+0	8.8067691105E+2	4.3439716031E-3
2.7319466117E+0	9.1620579704E+2	4.3246033825E-3
2.7362615009E+0	9.5183683926E+2	4.3051628919E-3
2.7405569135E+0	9.8751326656E+2	4.2856504563E-3
2.7448327779E+0	1.0231782323E+3	4.2660664016E-3
2.7490890226E+0	1.0587743448E+3	4.2464110553E-3
2.7533255764E+0	1.0942449189E+3	4.2266847457E-3
2.7575423685E+0	1.1295357145E+3	4.2068878026E-3
2.7617393285E+0	1.1645955618E+3	4.1870205567E-3
2.7659163863E+0	1.1993753065E+3	4.1670833400E-3
2.7700734720E+0	1.2338259905E+3	4.1470764858E-3
2.7742105162E+0	1.2678978837E+3	4.1270003283E-3
2.7783274497E+0	1.3015413559E+3	4.1068552032E-3
2.7824242037E+0	1.3347091093E+3	4.0866414469E-3
2.7865007098E+0	1.3673581381E+3	4.0663593974E-3
2.7905568999E+0	1.3994498794E+3	4.0460093936E-3
2.7945927061E+0	1.4309483008E+3	4.0255917754E-3
2.7986080610E+0	1.4618171820E+3	4.0051068843E-3
2.8026028975E+0	1.4920184889E+3	3.9845550624E-3
2.8065771489E+0	1.5215130637E+3	3.9639366533E-3
2.8105307487E+0	1.5502633215E+3	3.9432520014E-3
2.8144636309E+0	1.5782362649E+3	3.9225014525E-3
2.8183757298E+0	1.6054048502E+3	3.9016853533E-3
2.8222669799E+0	1.6317467597E+3	3.8808040517E-3
2.8261373163E+0	1.6572412783E+3	3.8598578967E-3
2.8299866742E+0	1.6818661668E+3	3.8388472382E-3
2.8338149894E+0	1.7055964400E+3	3.8177724274E-3
2.8376221978E+0	1.7284058134E+3	3.7966338166E-3
2.8414082359E+0	1.7502699954E+3	3.7754317588E-3
2.8451730403E+0	1.7711699053E+3	3.7541666086E-3
2.8489165482E+0	1.7910929475E+3	3.7328387211E-3
2.8526386969E+0	1.8100315983E+3	3.7114484529E-3
2.8563394244E+0	1.8279800992E+3	3.6899961614E-3
2.8600186687E+0	1.8449310855E+3	3.6684822051E-3
2.8636763684E+0	1.8608739704E+3	3.6469069436E-3
2.8673124623E+0	1.8757959153E+3	3.6252707373E-3
2.8709268897E+0	1.8896848178E+3	3.6035739479E-3
2.8745195901E+0	1.9025327003E+3	3.5818169379E-3
2.8780905036E+0	1.9143377215E+3	3.5600000709E-3
2.8816395704E+0	1.9251037916E+3	3.5381237115E-3
2.8851667313E+0	1.9348380324E+3	3.5161882254E-3
2.8886719273E+0	1.9435473863E+3	3.4941939790E-3
2.8921550998E+0	1.9512360445E+3	3.4721413399E-3
2.8956161906E+0	1.9579048845E+3	3.4500306767E-3
2.8990551419E+0	1.9635530963E+3	3.4278623588E-3
2.9024718962E+0	1.9681811298E+3	3.4056367567E-3
2.9058663965E+0	1.9717935276E+3	3.3833542419E-3
2.9092385859E+0	1.9744003243E+3	3.3610151867E-3
2.9125884081E+0	1.9760164210E+3	3.3386199643E-3
2.9159158072E+0	1.9766592847E+3	3.3161689492E-3
2.9192207275E+0	1.9763460477E+3	3.2936625164E-3
2.9225031139E+0	1.9750912733E+3	3.2711010421E-3
2.9257629114E+0	1.9729062886E+3	3.2484849032E-3
2.9290000656E+0	1.9698002632E+3	3.2258144779E-3
2.9322145224E+0	1.9657824728E+3	3.2030901448E-3
2.9354062280E+0	1.9608647370E+3	3.1803122838E-3
2.9385751292E+0	1.9550630151E+3	3.1574812755E-3
2.9417211730E+0	1.9483975543E+3	3.1345975014E-3
2.9448443068E+0	1.9408916019E+3	3.1116613440E-3
2.9479444784E+0	1.9325692537E+3	3.0886731866E-3
2.9510216360E+0	1.9234533026E+3	3.0656334132E-3
2.9540757281E+0	1.9135638773E+3	3.0425424091E-3
2.9571067038E+0	1.9029183083E+3	3.0194005599E-3
2.9601145124E+0	1.8915321687E+3	2.9962082525E-3
2.9630991036E+0	1.8794210209E+3	2.9729658744E-3
2.9660604276E+0	1.8666021857E+3	2.9496738141E-3
2.9689984348E+0	1.8530959012E+3	2.9263324607E-3
2.9719130762E+0	1.8389255047E+3	2.9029422044E-3
2.9748043031E+0	1.8241166359E+3	2.8795034361E-3
2.9776720671E+0	1.8086957941E+3	2.8560165473E-3
2.9805163203E+0	1.7926887614E+3	2.8324819307E-3
2.9833370151E+0	1.7761194030E+3	2.8088999795E-3
2.9861341046E+0	1.7590091824E+3	2.7852710878E-3
2.9889075418E+0	1.7413774736E+3	2.7615956505E-3
2.9916572805E+0	1.7232424973E+3	2.7378740632E-3
2.9943832747E+0	1.7046225362E+3	2.7141067224E-3
2.9970854788E+0	1.6855370341E+3	2.6902940251E-3
2.9997638477E+0	1.6660072610E+3	2.6664363695E-3
3.0024183367E+0	1.6460563818E+3	2.6425341541E-3
3.0050489013E+0	1.6257089582E+3	2.6185877784E-3
3.0076554977E+0	1.6049900693E+3	2.5945976426E-3
3.0102380822E+0	1.5839243215E+3	2.5705641475E-3
3.0127966116E+0	1.5625350202E+3	2.5464876949E-3
3.0153310434E+0	1.5408436996E+3	2.5223686871E-3
3.0178413350E+0	1.5188700925E+3	2.4982075270E-3
3.0203274445E+0	1.4966324982E+3	2.4740046186E-3
3.0227893304E+0	1.4741484113E+3	2.4497603662E-3
3.0252269516E+0	1.4514352268E+3	2.4254751751E-3
3.0276402673E+0	1.4285108400E+3	2.4011494510E-3
3.0300292371E+0	1.4053940058E+3	2.3767836004E-3
3.0323938212E+0	1.3821043978E+3	2.3523780306E-3
3.0347339801E+0	1.3586623830E+3	2.3279331494E-3
3.0370496746E+0	1.3350885928E+3	2.3034493653E-3
3.0393408660E+0	1.3114034051E+3	2.2789270875E-3
3.0416075160E+0	1.2876264579E+3	2.2543667257E-3
3.0438495869E+0	1.2637762930E+3	2.2297686905E-3
3.0460670410E+0	1.2398701852E+3	2.2051333928E-3
3.0482598414E+0	1.2159241691E+3	2.1804612443E-3
3.0504279513E+0	1.1919532330E+3	2.1557526574E-3
3.0525713347E+0	1.1679716205E+3	2.1310080450E-3
3.0546899556E+0	1.1439931687E+3	2.1062278206E-3
3.0567837786E+0	1.1200316133E+3	2.0814123983E-3
3.0588527688E+0	1.0961008102E+3	2.0565621928E-3
3.0608968915E+0	1.0722148418E+3	2.0316776194E-3
3.0629161127E+0	1.0483880062E+3	2.0067590939E-3
3.0649103985E+0	1.0246347049E+3	1.9818070327E-3
3.0668797157E+0	1.0009692632E+3	1.9568218529E-3
3.0688240313E+0	9.7740572055E+2	1.9318039720E-3
3.0707433129E+0	9.5395763163E+2	1.9067538080E-3
3.0726375283E+0	9.3063790677E+2	1.8816717796E-3
3.0745066460E+0	9.0745871210E+2	1.8565583060E-3
3.0763506346E+0	8.8443143642E+2	1.8314138067E-3
3.0781694634E+0	8.6156672034E+2	1.8062387021E-3
3.0799631019E+0	8.3887453500E+2	1.7810334128E-3
3.0817315203E+0	8.1636429236E+2	1.7557983600E-3
3.0834746889E+0	7.9404496768E+2	1.7305339655E-3
3.0851925786E+0	7.7192521647E+2	1.7052406515E-3
3.0868851607E+0	7.5001347178E+2	1.6799188405E-3
3.0885524069E+0	7.2831801312E+2	1.6545689559E-3
3.0901942894E+0	7.0684700335E+2	1.6291914212E-3
3.0918107807E+0	6.8560849477E+2	1.6037866605E-3
3.0934018538E+0	6.6461040946E+2	1.5783550984E-3
3.0949674821E+0	6.4386050114E+2	1.5528971598E-3
3.0965076394E+0	6.2336630680E+2	1.5274132703E-3
3.0980223001E+0	6.0313509615E+2	1.5019038556E-3
3.0995114388E+0	5.8317382565E+2	1.4763693421E-3
3.1009750306E+0	5.6348910213E+2	1.4508101565E-3
3.1024130510E+0	5.4408715899E+2	1.4252267258E-3
3.1038254761E+0	5.2497384597E+2	1.3996194778E-3
3.1052122822E+0	5.0615463192E+2	1.3739888402E-3
3.1065734461E+0	4.8763461870E+2	1.3483352414E-3
3.1079089451E+0	4.6941856356E+2	1.3226591101E-3
3.1092187570E+0	4.5151090707E+2	1.2969608754E-3
3.1105028597E+0	4.3391580372E+2	1.2712409668E-3
3.1117612318E+0	4.1663715250E+2	1.2454998140E-3
3.1129938524E+0	3.9967862563E+2	1.2197378472E-3
3.1142007007E+0	3.8304369377E+2	1.1939554970E-3
3.1153817567E+0	3.6673564703E+2	1.1681531941E-3
3.1165370006E+0	3.5075761137E+2	1.1423313699E-3
3.1176664131E+0	3.3511256063E+2	1.1164904558E-3
3.1187699753E+0	3.1980332464E+2	1.0906308836E-3
3.1198476688E+0	3.0483259411E+2	1.0647530855E-3
3.1208994755E+0	2.9020292312E+2	1.0388574939E-3
3.1219253780E+0	2.7591673001E+2	1.0129445417E-3
3.1229253590E+0	2.6197629746E+2	9.8701466182E-4
3.1238994018E+0	2.4838377234E+2	9.6106828758E-4
3.1248474902E+0	2.3514116590E+2	9.3510585261E-4
3.1257696083E+0	2.2225035460E+2	9.0912779076E-4
3.1266657407E+0	2.0971308184E+2	8.8313453619E-4
3.1275358724E+0	1.9753096073E+2	8.5712652325E-4
3.1283799890E+0	1.8570547772E+2	8.3110418659E-4
3.1291980762E+0	1.7423799728E+2	8.0506796108E-4
3.1299901204E+0	1.6312976723E+2	7.7901828182E-4
3.1307561084E+0	1.5238192475E+2	7.5295558414E-4
3.1314960274E+0	1.4199550278E+2	7.2688030358E-4
3.1322098650E+0	1.3197143670E+2	7.0079287589E-4
3.1328976092E+0	1.2231057109E+2	6.7469373705E-4
3.1335592487E+0	1.1301366651E+2	6.4858332323E-4
3.1341947723E+0	1.0408140604E+2	6.2246207073E-4
3.1348041694E+0	9.5514401691E+1	5.9633041614E-4
3.1353874298E+0	8.7313200407E+1	5.7018879612E-4
3.1359445438E+0	7.9478289824E+1	5.4403764760E-4
3.1364755020E+0	7.2010103604E+1	5.1787740760E-4
3.1369802957E+0	6.4909026421E+1	4.9170851331E-4
3.1374589163E+0	5.8175398565E+1	4.6553140213E-4
3.1379113559E+0	5.1809520202E+1	4.3934651156E-4
3.1383376069E+0	4.5811655286E+1	4.1315427928E-4
3.1387376622E+0	4.0182035155E+1	3.8695514312E-4
3.1391115150E+0	3.4920861821E+1	3.6074954110E-4
3.1394591592E+0	3.0028310994E+1	3.3453791144E-4
3.1397805890E+0	2.5504534838E+1	3.0832069259E-4
3.1400757989E+0	2.1349664487E+1	2.8209832342E-4
3.1403447841E+0	1.7563812331E+1	2.5587124334E-4
3.1405875400E+0	1.4147074095E+1	2.2963989267E-4
3.1408040626E+0	1.1099530686E+1	2.0340471372E-4
3.1409943483E+0	8.4212498476E+0	1.7716615272E-4
3.1411583939E+0	6.1122875558E+0	1.5092466531E-4
3.1412961968E+0	4.1726891049E+0	1.2468073282E-4
3.1414077547E+0	2.6024895550E+0	9.8434919423E-5
3.1414930663E+0	1.4017121370E+0	7.2188137769E-5
3.1415521316E+0	5.7035539992E-1	4.5943520243E-5
3.1415849628E+0	1.0824897363E-1	1.9736940383E-5