# Differential cross section		
# Author: P. Swaczyna	Princeton University	(swaczyna@princeton.edu)
# Date: 	Wed 17 Feb 2021 06:50:02	
# 		
# Indistinguishable particle collision: He^0 + He^+ -> He^0 + He^+		
# 		
# Red. mass: 	1.8640723202E+9	 eV/c^2
# CM energy: 	4.9545019080E-3	 eV
# Rel speed: 	6.9120094297E+4	 cm/s
# Tot sigma: 	2.1318202709E+3	 a.u.
# Int sigma: 	2.1318202709E+3	 a.u.
# 		
# Columns:		
# the <- scattering angle (rad)		
# dcs <- dsigma/dOmega*2*pi*sin(the) (a.u. = 2.8002852056E-17 cm^2)		
# wei <- weight for cross section integration (approx. width of angle bin)		
# 		
# the	dcs	wei
7.6907532846E-6	6.0740497526E+0	1.9736940383E-5
4.0521979771E-5	3.2003519514E+1	4.5943520243E-5
9.9587300392E-5	7.8649978451E+1	7.2188137769E-5
1.8489884726E-4	1.4601328958E+2	9.8434919423E-5
2.9645680168E-4	2.3406634284E+2	1.2468073282E-4
4.3425968311E-4	3.4274889454E+2	1.5092466531E-4
5.9830531657E-4	4.7194999587E+2	1.7716615272E-4
7.8859101285E-4	6.2148629724E+2	2.0340471372E-4
1.0051136166E-3	7.9107771942E+2	2.2963989267E-4
1.2478695220E-3	9.8032212118E+2	2.5587124334E-4
1.5168546797E-3	1.1886712317E+3	2.8209832342E-4
1.8120645986E-3	1.4154108501E+3	3.0832069259E-4
2.1334943481E-3	1.6596489713E+3	3.3453791144E-4
2.4811385584E-3	1.9203158576E+3	3.6074954110E-4
2.8549914211E-3	2.1961798924E+3	3.8695514312E-4
3.2550466893E-3	2.4858820212E+3	4.1315427928E-4
3.6812976783E-3	2.7879895115E+3	4.3934651156E-4
4.1337372652E-3	3.1010665465E+3	4.6553140213E-4
4.6123578895E-3	3.4237550401E+3	4.9170851331E-4
5.1171515529E-3	3.7548545866E+3	5.1787740760E-4
5.6481098199E-3	4.0933866184E+3	5.4403764760E-4
6.2052238176E-3	4.4386259421E+3	5.7018879612E-4
6.7884842360E-3	4.7900842254E+3	5.9633041614E-4
7.3978813281E-3	5.1474358394E+3	6.2246207073E-4
8.0334049101E-3	5.5103871196E+3	6.4858332323E-4
8.6950443616E-3	5.8785048341E+3	6.7469373705E-4
9.3827886258E-3	6.2510360723E+3	7.0079287589E-4
1.0096626210E-2	6.6267656841E+3	7.2688030358E-4
1.0836545184E-2	7.0039629460E+3	7.5295558414E-4
1.1602533184E-2	7.3804599325E+3	7.7901828182E-4
1.2394577408E-2	7.7538758383E+3	8.0506796108E-4
1.3212664621E-2	8.1219557993E+3	8.3110418659E-4
1.4056781152E-2	8.4829404981E+3	8.5712652325E-4
1.4926912893E-2	8.8358442446E+3	8.8313453619E-4
1.5823045305E-2	9.1805179829E+3	9.0912779076E-4
1.6745163410E-2	9.5174253196E+3	9.3510585261E-4
1.7693251801E-2	9.8471595909E+3	9.6106828758E-4
1.8667294632E-2	1.0169848123E+4	9.8701466182E-4
1.9667275626E-2	1.0484676822E+4	1.0129445417E-3
2.0693178073E-2	1.0789772096E+4	1.0388574939E-3
2.1744984827E-2	1.1082566577E+4	1.0647530855E-3
2.2822678313E-2	1.1360565562E+4	1.0906308836E-3
2.3926240519E-2	1.1622201099E+4	1.1164904558E-3
2.5055653005E-2	1.1867338518E+4	1.1423313699E-3
2.6210896896E-2	1.2097099798E+4	1.1681531941E-3
2.7391952886E-2	1.2312997796E+4	1.1939554970E-3
2.8598801239E-2	1.2515788626E+4	1.2197378472E-3
2.9831421786E-2	1.2704699057E+4	1.2454998140E-3
3.1089793929E-2	1.2877565885E+4	1.2712409668E-3
3.2373896638E-2	1.3031919714E+4	1.2969608754E-3
3.3683708455E-2	1.3166404498E+4	1.3226591101E-3
3.5019207490E-2	1.3281579504E+4	1.3483352414E-3
3.6380371427E-2	1.3379449701E+4	1.3739888402E-3
3.7767177517E-2	1.3461938532E+4	1.3996194778E-3
3.9179602586E-2	1.3529372263E+4	1.4252267258E-3
4.0617623030E-2	1.3580176663E+4	1.4508101565E-3
4.2081214817E-2	1.3612143395E+4	1.4763693421E-3
4.3570353490E-2	1.3624335771E+4	1.5019038556E-3
4.5085014162E-2	1.3618026787E+4	1.5274132703E-3
4.6625171522E-2	1.3595752606E+4	1.5528971598E-3
4.8190799831E-2	1.3559223529E+4	1.5783550984E-3
4.9781872927E-2	1.3507994677E+4	1.6037866605E-3
5.1398364219E-2	1.3440225819E+4	1.6291914212E-3
5.3040246694E-2	1.3354882219E+4	1.6545689559E-3
5.4707492914E-2	1.3253189393E+4	1.6799188405E-3
5.6400075017E-2	1.3137775150E+4	1.7052406515E-3
5.8117964718E-2	1.3010340398E+4	1.7305339655E-3
5.9861133308E-2	1.2870384718E+4	1.7557983600E-3
6.1629551657E-2	1.2716445857E+4	1.7810334128E-3
6.3423190212E-2	1.2548464067E+4	1.8062387021E-3
6.5242019000E-2	1.2368480991E+4	1.8314138067E-3
6.7086007624E-2	1.2178810405E+4	1.8565583060E-3
6.8955125270E-2	1.1979947910E+4	1.8816717796E-3
7.0849340702E-2	1.1770859476E+4	1.9067538080E-3
7.2768622264E-2	1.1551238968E+4	1.9318039720E-3
7.4712937885E-2	1.1322715637E+4	1.9568218529E-3
7.6682255070E-2	1.1087410677E+4	1.9818070327E-3
7.8676540910E-2	1.0845919245E+4	2.0067590939E-3
8.0695762079E-2	1.0597559075E+4	2.0316776194E-3
8.2739884832E-2	1.0342405851E+4	2.0565621928E-3
8.4808875009E-2	1.0082051486E+4	2.0814123983E-3
8.6902698034E-2	9.8180553871E+3	2.1062278206E-3
8.9021318917E-2	9.5506074645E+3	2.1310080450E-3
9.1164702253E-2	9.2794153435E+3	2.1557526574E-3
9.3332812224E-2	9.0051943928E+3	2.1804612443E-3
9.5525612596E-2	8.7293380816E+3	2.2051333928E-3
9.7743066726E-2	8.4525523725E+3	2.2297686905E-3
9.9985137556E-2	8.1748359921E+3	2.2543667257E-3
1.0225178762E-1	7.8965882728E+3	2.2789270875E-3
1.0454297904E-1	7.6187534120E+3	2.3034493653E-3
1.0685867352E-1	7.3419799269E+3	2.3279331494E-3
1.0919883237E-1	7.0665348568E+3	2.3523780306E-3
1.1156341648E-1	6.7929036411E+3	2.3767836004E-3
1.1395238633E-1	6.5216924950E+3	2.4011494510E-3
1.1636570200E-1	6.2532302267E+3	2.4254751751E-3
1.1880332317E-1	5.9879297498E+3	2.4497603662E-3
1.2126520909E-1	5.7264816376E+3	2.4740046186E-3
1.2375131862E-1	5.4691968898E+3	2.4982075270E-3
1.2626161023E-1	5.2160629263E+3	2.5223686871E-3
1.2879604195E-1	4.9676863365E+3	2.5464876949E-3
1.3135457143E-1	4.7248862048E+3	2.5705641475E-3
1.3393715592E-1	4.4875498983E+3	2.5945976426E-3
1.3654375226E-1	4.2555181155E+3	2.6185877784E-3
1.3917431689E-1	4.0297570643E+3	2.6425341541E-3
1.4182880585E-1	3.8108804124E+3	2.6664363695E-3
1.4450717478E-1	3.5982461091E+3	2.6902940251E-3
1.4720937892E-1	3.3920382308E+3	2.7141067224E-3
1.4993537310E-1	3.1935083477E+3	2.7378740632E-3
1.5268511179E-1	3.0024864978E+3	2.7615956505E-3
1.5545854902E-1	2.8182009527E+3	2.7852710878E-3
1.5825563845E-1	2.6416811677E+3	2.8088999795E-3
1.6107633333E-1	2.4736688429E+3	2.8324819307E-3
1.6392058653E-1	2.3130692309E+3	2.8560165473E-3
1.6678835052E-1	2.1600587423E+3	2.8795034361E-3
1.6967957737E-1	2.0159726346E+3	2.9029422044E-3
1.7259421876E-1	1.8800597144E+3	2.9263324607E-3
1.7553222599E-1	1.7516266221E+3	2.9496738141E-3
1.7849354996E-1	1.6320440927E+3	2.9729658744E-3
1.8147814117E-1	1.5211543264E+3	2.9962082525E-3
1.8448594977E-1	1.4177225729E+3	3.0194005599E-3
1.8751692548E-1	1.3227923405E+3	3.0425424091E-3
1.9057101764E-1	1.2366921790E+3	3.0656334132E-3
1.9364817522E-1	1.1579719581E+3	3.0886731866E-3
1.9674834681E-1	1.0872648981E+3	3.1116613440E-3
1.9987148058E-1	1.0251470143E+3	3.1345975014E-3
2.0301752435E-1	9.7013206934E+2	3.1574812755E-3
2.0618642554E-1	9.2253542407E+2	3.1803122838E-3
2.0937813120E-1	8.8295716466E+2	3.2030901448E-3
2.1259258799E-1	8.4992901546E+2	3.2258144779E-3
2.1582974219E-1	8.2359968187E+2	3.2484849032E-3
2.1908953970E-1	8.0442388657E+2	3.2711010421E-3
2.2237192605E-1	7.9095893847E+2	3.2936625164E-3
2.2567684639E-1	7.8332345921E+2	3.3161689492E-3
2.2900424548E-1	7.8169902067E+2	3.3386199643E-3
2.3235406772E-1	7.8470108851E+2	3.3610151867E-3
2.3572625713E-1	7.9249465131E+2	3.3833542419E-3
2.3912075735E-1	8.0489735546E+2	3.4056367567E-3
2.4253751167E-1	8.2067607271E+2	3.4278623588E-3
2.4597646298E-1	8.4002243056E+2	3.4500306767E-3
2.4943755380E-1	8.6237099729E+2	3.4721413399E-3
2.5292072631E-1	8.8677054546E+2	3.4941939790E-3
2.5642592230E-1	9.1331465841E+2	3.5161882254E-3
2.5995308318E-1	9.4116869889E+2	3.5381237115E-3
2.6350215001E-1	9.6973525028E+2	3.5600000709E-3
2.6707306349E-1	9.9885227701E+2	3.5818169379E-3
2.7066576394E-1	1.0276731138E+3	3.6035739479E-3
2.7428019131E-1	1.0558534650E+3	3.6252707373E-3
2.7791628522E-1	1.0829551995E+3	3.6469069436E-3
2.8157398488E-1	1.1083744931E+3	3.6684822051E-3
2.8525322919E-1	1.1317755114E+3	3.6899961614E-3
2.8895395665E-1	1.1526824007E+3	3.7114484529E-3
2.9267610542E-1	1.1707323929E+3	3.7328387211E-3
2.9641961330E-1	1.1854932684E+3	3.7541666086E-3
3.0018441773E-1	1.1967498380E+3	3.7754317588E-3
3.0397045579E-1	1.2041133170E+3	3.7966338166E-3
3.0777766421E-1	1.2073368382E+3	3.8177724274E-3
3.1160597938E-1	1.2063743226E+3	3.8388472382E-3
3.1545533730E-1	1.2007797363E+3	3.8598578967E-3
3.1932567367E-1	1.1907777113E+3	3.8808040517E-3
3.2321692379E-1	1.1760840288E+3	3.9016853533E-3
3.2712902264E-1	1.1567164314E+3	3.9225014525E-3
3.3106190484E-1	1.1329600690E+3	3.9432520014E-3
3.3501550468E-1	1.1044888722E+3	3.9639366533E-3
3.3898975607E-1	1.0719636754E+3	3.9845550624E-3
3.4298459261E-1	1.0351766949E+3	4.0051068843E-3
3.4699994753E-1	9.9458942092E+2	4.0255917754E-3
3.5103575373E-1	9.5059160375E+2	4.0460093936E-3
3.5509194378E-1	9.0318590638E+2	4.0663593974E-3
3.5916844988E-1	8.5329992448E+2	4.0866414469E-3
3.6326520391E-1	8.0077856957E+2	4.1068552032E-3
3.6738213741E-1	7.4659446717E+2	4.1270003283E-3
3.7151918157E-1	6.9091982356E+2	4.1470764858E-3
3.7567626728E-1	6.3434664995E+2	4.1670833400E-3
3.7985332504E-1	5.7757809196E+2	4.1870205567E-3
3.8405028507E-1	5.2078315945E+2	4.2068878026E-3
3.8826707721E-1	4.6500697781E+2	4.2266847457E-3
3.9250363101E-1	4.1025719674E+2	4.2464110553E-3
3.9675987567E-1	3.5755683338E+2	4.2660664016E-3
4.0103574005E-1	3.0704237119E+2	4.2856504563E-3
4.0533115271E-1	2.5944194629E+2	4.3051628919E-3
4.0964604185E-1	2.1513942375E+2	4.3246033825E-3
4.1398033538E-1	1.7450051274E+2	4.3439716031E-3
4.1833396086E-1	1.3808231537E+2	4.3632672302E-3
4.2270684554E-1	1.0597715110E+2	4.3824899412E-3
4.2709891633E-1	7.8746273511E+1	4.4016394148E-3
4.3151009985E-1	5.6341304908E+1	4.4207153312E-3
4.3594032237E-1	3.9174085429E+1	4.4397173715E-3
4.4038950986E-1	2.7145608687E+1	4.4586452181E-3
4.4485758797E-1	2.0439817620E+1	4.4774985548E-3
4.4934448203E-1	1.8927577940E+1	4.4962770664E-3
4.5385011706E-1	2.2564453496E+1	4.5149804392E-3
4.5837441776E-1	3.1160292224E+1	4.5336083606E-3
4.6291730852E-1	4.4491429110E+1	4.5521605193E-3
4.6747871344E-1	6.2258480467E+1	4.5706366053E-3
4.7205855627E-1	8.4124797893E+1	4.5890363098E-3
4.7665676049E-1	1.0964433763E+2	4.6073593254E-3
4.8127324926E-1	1.3842901764E+2	4.6256053458E-3
4.8590794542E-1	1.6987337366E+2	4.6437740661E-3
4.9056077152E-1	2.0358626041E+2	4.6618651826E-3
4.9523164982E-1	2.3881591998E+2	4.6798783932E-3
4.9992050224E-1	2.7520402535E+2	4.6978133967E-3
5.0462725044E-1	3.1188548994E+2	4.7156698934E-3
5.0935181576E-1	3.4856257624E+2	4.7334475849E-3
5.1409411924E-1	3.8430142938E+2	4.7511461741E-3
5.1885408164E-1	4.1888861271E+2	4.7687653653E-3
5.2363162341E-1	4.5137037566E+2	4.7863048641E-3
5.2842666471E-1	4.8163902963E+2	4.8037643772E-3
5.3323912540E-1	5.0876907713E+2	4.8211436130E-3
5.3806892508E-1	5.3277698725E+2	4.8384422809E-3
5.4291598301E-1	5.5281023227E+2	4.8556600920E-3
5.4778021821E-1	5.6902206025E+2	4.8727967585E-3
5.5266154939E-1	5.8067330352E+2	4.8898519940E-3
5.5755989496E-1	5.8805708783E+2	4.9068255135E-3
5.6247517308E-1	5.9058382029E+2	4.9237170334E-3
5.6740730160E-1	5.8867652648E+2	4.9405262713E-3
5.7235619810E-1	5.8192750332E+2	4.9572529464E-3
5.7732177988E-1	5.7086451543E+2	4.9738967791E-3
5.8230396395E-1	5.5528951983E+2	4.9904574913E-3
5.8730266706E-1	5.3579530932E+2	5.0069348063E-3
5.9231780568E-1	5.1241411157E+2	5.0233284486E-3
5.9734929598E-1	4.8575392342E+2	5.0396381444E-3
6.0239705389E-1	4.5608542461E+2	5.0558636210E-3
6.0746099506E-1	4.2398042470E+2	5.0720046074E-3
6.1254103485E-1	3.8993620678E+2	5.0880608338E-3
6.1763708838E-1	3.5444690410E+2	5.1040320318E-3
6.2274907048E-1	3.1819663619E+2	5.1199179345E-3
6.2787689573E-1	2.8158140833E+2	5.1357182766E-3
6.3302047843E-1	2.4540035744E+2	5.1514327939E-3
6.3817973262E-1	2.0995764899E+2	5.1670612238E-3
6.4335457209E-1	1.7606831315E+2	5.1826033052E-3
6.4854491036E-1	1.4397279565E+2	5.1980587783E-3
6.5375066070E-1	1.1439281174E+2	5.2134273849E-3
6.5897173609E-1	8.7537677512E+1	5.2287088681E-3
6.6420804930E-1	6.3944417423E+1	5.2439029725E-3
6.6945951283E-1	4.3803717252E+1	5.2590094442E-3
6.7472603890E-1	2.7422994581E+1	5.2740280309E-3
6.8000753951E-1	1.4948340721E+1	5.2889584814E-3
6.8530392640E-1	6.4720430522E+0	5.3038005463E-3
6.9061511106E-1	2.0352708911E+0	5.3185539776E-3
6.9594100473E-1	1.5724321336E+0	5.3332185287E-3
7.0128151841E-1	4.9588011538E+0	5.3477939546E-3
7.0663656285E-1	1.2027047985E+1	5.3622800116E-3
7.1200604856E-1	2.2473798563E+1	5.3766764577E-3
7.1738988581E-1	3.6040346398E+1	5.3909830523E-3
7.2278798463E-1	5.2308063966E+1	5.4051995564E-3
7.2820025482E-1	7.0885821054E+1	5.4193257323E-3
7.3362660591E-1	9.1351281751E+1	5.4333613439E-3
7.3906694724E-1	1.1314235456E+2	5.4473061568E-3
7.4452118788E-1	1.3591218445E+2	5.4611599379E-3
7.4998923669E-1	1.5897298169E+2	5.4749224557E-3
7.5547100229E-1	1.8202780743E+2	5.4885934801E-3
7.6096639308E-1	2.0442179605E+2	5.5021727828E-3
7.6647531721E-1	2.2579471028E+2	5.5156601367E-3
7.7199768263E-1	2.4571421197E+2	5.5290553166E-3
7.7753339704E-1	2.6368014858E+2	5.5423580985E-3
7.8308236795E-1	2.7955060514E+2	5.5555682601E-3
7.8864450262E-1	2.9277555467E+2	5.5686855808E-3
7.9421970809E-1	3.0337214463E+2	5.5817098412E-3
7.9980789121E-1	3.1097935524E+2	5.5946408237E-3
8.0540895857E-1	3.1555731488E+2	5.6074783123E-3
8.1102281659E-1	3.1712156252E+2	5.6202220924E-3
8.1664937145E-1	3.1550617868E+2	5.6328719509E-3
8.2228852912E-1	3.1103881149E+2	5.6454276767E-3
8.2794019536E-1	3.0360643955E+2	5.6578890597E-3
8.3360427572E-1	2.9357456283E+2	5.6702558918E-3
8.3928067556E-1	2.8112502967E+2	5.6825279663E-3
8.4496930000E-1	2.6646160720E+2	5.6947050782E-3
8.5067005399E-1	2.5007379024E+2	5.7067870238E-3
8.5638284226E-1	2.3208777039E+2	5.7187736014E-3
8.6210756934E-1	2.1304383956E+2	5.7306646105E-3
8.6784413956E-1	1.9321795813E+2	5.7424598526E-3
8.7359245705E-1	1.7296349520E+2	5.7541591304E-3
8.7935242576E-1	1.5275250360E+2	5.7657622485E-3
8.8512394943E-1	1.3278460829E+2	5.7772690129E-3
8.9090693161E-1	1.1352083817E+2	5.7886792314E-3
8.9670127565E-1	9.5190186243E+1	5.7999927133E-3
9.0250688473E-1	7.8054661105E+1	5.8112092696E-3
9.0832366182E-1	6.2407324257E+1	5.8223287127E-3
9.1415150972E-1	4.8351067650E+1	5.8333508568E-3
9.1999033104E-1	3.6099796890E+1	5.8442755178E-3
9.2584002820E-1	2.5723594229E+1	5.8551025132E-3
9.3170050345E-1	1.7273066148E+1	5.8658316618E-3
9.3757165885E-1	1.0788612691E+1	5.8764627846E-3
9.4345339628E-1	6.2190874075E+0	5.8869957037E-3
9.4934561746E-1	3.5162021463E+0	5.8974302433E-3
9.5524822392E-1	2.5789778112E+0	5.9077662288E-3
9.6116111701E-1	3.2925742964E+0	5.9180034877E-3
9.6708419793E-1	5.4960546549E+0	5.9281418487E-3
9.7301736769E-1	9.0469199792E+0	5.9381811425E-3
9.7896052713E-1	1.3765497231E+1	5.9481212013E-3
9.8491357695E-1	1.9458145166E+1	5.9579618591E-3
9.9087641766E-1	2.5988704411E+1	5.9677029512E-3
9.9684894961E-1	3.3141335911E+1	5.9773443150E-3
1.0028310730E+0	4.0780925030E+1	5.9868857894E-3
1.0088226878E+0	4.8776298492E+1	5.9963272149E-3
1.0148236940E+0	5.6950791952E+1	6.0056684336E-3
1.0208339913E+0	6.5254128462E+1	6.0149092896E-3
1.0268534791E+0	7.3566391324E+1	6.0240496283E-3
1.0328820570E+0	8.1810975697E+1	6.0330892971E-3
1.0389196241E+0	8.9991302373E+1	6.0420281448E-3
1.0449660796E+0	9.8026380906E+1	6.0508660221E-3
1.0510213224E+0	1.0593741532E+2	6.0596027814E-3
1.0570852514E+0	1.1374038570E+2	6.0682382765E-3
1.0631577652E+0	1.2141031827E+2	6.0767723631E-3
1.0692387623E+0	1.2901024606E+2	6.0852048988E-3
1.0753281411E+0	1.3654466709E+2	6.0935357425E-3
1.0814257998E+0	1.4402413581E+2	6.1017647550E-3
1.0875316366E+0	1.5148715309E+2	6.1098917988E-3
1.0936455494E+0	1.5891567841E+2	6.1179167381E-3
1.0997674360E+0	1.6630541202E+2	6.1258394388E-3
1.1058971941E+0	1.7362994422E+2	6.1336597685E-3
1.1120347214E+0	1.8083865959E+2	6.1413775965E-3
1.1181799151E+0	1.8786426865E+2	6.1489927938E-3
1.1243326727E+0	1.9461281227E+2	6.1565052331E-3
1.1304928913E+0	2.0099169232E+2	6.1639147890E-3
1.1366604679E+0	2.0685514584E+2	6.1712213376E-3
1.1428352996E+0	2.1206990958E+2	6.1784247568E-3
1.1490172830E+0	2.1650370221E+2	6.1855249261E-3
1.1552063150E+0	2.1996068647E+2	6.1925217271E-3
1.1614022920E+0	2.2231428395E+2	6.1994150427E-3
1.1676051105E+0	2.2341719520E+2	6.2062047577E-3
1.1738146669E+0	2.2308600801E+2	6.2128907587E-3
1.1800308574E+0	2.2125204363E+2	6.2194729339E-3
1.1862535782E+0	2.1779980037E+2	6.2259511734E-3
1.1924827251E+0	2.1263207307E+2	6.2323253688E-3
1.1987181942E+0	2.0578328971E+2	6.2385954138E-3
1.2049598812E+0	1.9722544659E+2	6.2447612034E-3
1.2112076818E+0	1.8700685259E+2	6.2508226346E-3
1.2174614916E+0	1.7529316458E+2	6.2567796062E-3
1.2237212062E+0	1.6218756271E+2	6.2626320186E-3
1.2299867208E+0	1.4790794702E+2	6.2683797740E-3
1.2362579308E+0	1.3275201655E+2	6.2740227763E-3
1.2425347314E+0	1.1696601294E+2	6.2795609313E-3
1.2488170177E+0	1.0091536594E+2	6.2849941464E-3
1.2551046847E+0	8.4996987970E+1	6.2903223308E-3
1.2613976273E+0	6.9569375766E+1	6.2955453954E-3
1.2676957404E+0	5.5078355070E+1	6.3006632530E-3
1.2739989187E+0	4.1954770254E+1	6.3056758180E-3
1.2803070569E+0	3.0598213908E+1	6.3105830068E-3
1.2866200496E+0	2.1435487443E+1	6.3153847371E-3
1.2929377912E+0	1.4844318692E+1	6.3200809290E-3
1.2992601762E+0	1.1169316572E+1	6.3246715037E-3
1.3055870990E+0	1.0708468991E+1	6.3291563847E-3
1.3119184537E+0	1.3696642610E+1	6.3335354970E-3
1.3182541347E+0	2.0326948025E+1	6.3378087674E-3
1.3245940360E+0	3.0674723417E+1	6.3419761245E-3
1.3309380516E+0	4.4762731461E+1	6.3460374987E-3
1.3372860756E+0	6.2562509202E+1	6.3499928220E-3
1.3436380019E+0	8.3873433859E+1	6.3538420284E-3
1.3499937243E+0	1.0847849942E+2	6.3575850535E-3
1.3563531366E+0	1.3610583875E+2	6.3612218349E-3
1.3627161325E+0	1.6628262839E+2	6.3647523117E-3
1.3690826057E+0	1.9857860523E+2	6.3681764249E-3
1.3754524499E+0	2.3251535137E+2	6.3714941173E-3
1.3818255585E+0	2.6741241547E+2	6.3747053335E-3
1.3882018250E+0	3.0270660131E+2	6.3778100198E-3
1.3945811430E+0	3.3780409431E+2	6.3808081243E-3
1.4009634057E+0	3.7193127402E+2	6.3836995970E-3
1.4073485066E+0	4.0451167245E+2	6.3864843894E-3
1.4137363389E+0	4.3496269185E+2	6.3891624551E-3
1.4201267959E+0	4.6255809982E+2	6.3917337493E-3
1.4265197708E+0	4.8684128882E+2	6.3941982290E-3
1.4329151568E+0	5.0737387539E+2	6.3965558531E-3
1.4393128469E+0	5.2361228848E+2	6.3988065821E-3
1.4457127343E+0	5.3533516347E+2	6.4009503785E-3
1.4521147120E+0	5.4235550033E+2	6.4029872063E-3
1.4585186731E+0	5.4441092941E+2	6.4049170317E-3
1.4649245104E+0	5.4158421438E+2	6.4067398222E-3
1.4713321170E+0	5.3399391030E+2	6.4084555476E-3
1.4777413858E+0	5.2169702728E+2	6.4100641790E-3
1.4841522097E+0	5.0508412338E+2	6.4115656896E-3
1.4905644815E+0	4.8456549082E+2	6.4129600544E-3
1.4969780940E+0	4.6048570758E+2	6.4142472499E-3
1.5033929402E+0	4.3347809693E+2	6.4154272548E-3
1.5098089128E+0	4.0416423997E+2	6.4165000493E-3
1.5162259046E+0	3.7308161433E+2	6.4174656154E-3
1.5226438083E+0	3.4098575637E+2	6.4183239370E-3
1.5290625167E+0	3.0858019667E+2	6.4190749998E-3
1.5354819225E+0	2.7646019923E+2	6.4197187912E-3
1.5419019185E+0	2.4535436523E+2	6.4202553005E-3
1.5483223974E+0	2.1589986898E+2	6.4206845187E-3
1.5547432518E+0	1.8860646360E+2	6.4210064386E-3
1.5611643745E+0	1.6403225167E+2	6.4212210549E-3
1.5675856581E+0	1.4261551000E+2	6.4213283639E-3
1.5740069954E+0	1.2466310154E+2	6.4213283639E-3
1.5804282791E+0	1.1045762847E+2	6.4212210549E-3
1.5868494018E+0	1.0015256368E+2	6.4210064386E-3
1.5932702562E+0	9.3787835210E+1	6.4206845187E-3
1.5996907351E+0	9.1327671704E+1	6.4202553005E-3
1.6061107310E+0	9.2620792493E+1	6.4197187912E-3
1.6125301369E+0	9.7443406413E+1	6.4190749998E-3
1.6189488453E+0	1.0546898455E+2	6.4183239370E-3
1.6253667490E+0	1.1629057192E+2	6.4174656154E-3
1.6317837408E+0	1.2948825372E+2	6.4165000493E-3
1.6381997134E+0	1.4453411655E+2	6.4154272548E-3
1.6446145595E+0	1.6086994696E+2	6.4142472499E-3
1.6510281721E+0	1.7799300914E+2	6.4129600544E-3
1.6574404439E+0	1.9530180451E+2	6.4115656896E-3
1.6638512678E+0	2.1221992445E+2	6.4100641790E-3
1.6702605366E+0	2.2829139659E+2	6.4084555476E-3
1.6766681432E+0	2.4297560556E+2	6.4067398222E-3
1.6830739805E+0	2.5580697189E+2	6.4049170317E-3
1.6894779416E+0	2.6648966047E+2	6.4029872063E-3
1.6958799193E+0	2.7465307015E+2	6.4009503785E-3
1.7022798067E+0	2.8003709381E+2	6.3988065821E-3
1.7086774968E+0	2.8257592038E+2	6.3965558531E-3
1.7150728827E+0	2.8212851623E+2	6.3941982290E-3
1.7214658576E+0	2.7868000261E+2	6.3917337493E-3
1.7278563146E+0	2.7240564995E+2	6.3891624551E-3
1.7342441470E+0	2.6339326958E+2	6.3864843894E-3
1.7406292478E+0	2.5185212250E+2	6.3836995970E-3
1.7470115106E+0	2.3815083121E+2	6.3808081243E-3
1.7533908286E+0	2.2254998596E+2	6.3778100198E-3
1.7597670951E+0	2.0541045130E+2	6.3747053335E-3
1.7661402037E+0	1.8720250353E+2	6.3714941173E-3
1.7725100479E+0	1.6826665222E+2	6.3681764249E-3
1.7788765211E+0	1.4901297669E+2	6.3647523117E-3
1.7852395170E+0	1.2990297085E+2	6.3612218349E-3
1.7915989293E+0	1.1125412695E+2	6.3575850535E-3
1.7979546517E+0	9.3421159631E+1	6.3538420284E-3
1.8043065780E+0	7.6756391067E+1	6.3499928220E-3
1.8106546020E+0	6.1468825133E+1	6.3460374987E-3
1.8169986176E+0	4.7777400182E+1	6.3419761245E-3
1.8233385189E+0	3.5859776021E+1	6.3378087674E-3
1.8296741999E+0	2.5769603454E+1	6.3335354970E-3
1.8360055546E+0	1.7552239957E+1	6.3291563847E-3
1.8423324774E+0	1.1194840357E+1	6.3246715037E-3
1.8486548624E+0	6.5969612107E+0	6.3200809290E-3
1.8549726040E+0	3.6415253770E+0	6.3153847371E-3
1.8612855967E+0	2.1602787058E+0	6.3105830068E-3
1.8675937349E+0	1.9440504555E+0	6.3056758180E-3
1.8738969132E+0	2.7668774648E+0	6.3006632530E-3
1.8801950263E+0	4.3791366022E+0	6.2955453954E-3
1.8864879689E+0	6.5366623530E+0	6.2903223308E-3
1.8927756359E+0	8.9836724709E+0	6.2849941464E-3
1.8990579222E+0	1.1480377564E+1	6.2795609313E-3
1.9053347228E+0	1.3827169887E+1	6.2740227763E-3
1.9116059328E+0	1.5820772642E+1	6.2683797740E-3
1.9178714474E+0	1.7313860876E+1	6.2626320186E-3
1.9241311620E+0	1.8214025288E+1	6.2567796062E-3
1.9303849718E+0	1.8434263705E+1	6.2508226346E-3
1.9366327724E+0	1.7970809527E+1	6.2447612034E-3
1.9428744594E+0	1.6867671679E+1	6.2385954138E-3
1.9491099285E+0	1.5183051948E+1	6.2323253688E-3
1.9553390754E+0	1.3062178503E+1	6.2259511734E-3
1.9615617961E+0	1.0675277190E+1	6.2194729339E-3
1.9677779867E+0	8.2122859335E+0	6.2128907587E-3
1.9739875431E+0	5.9259943874E+0	6.2062047577E-3
1.9801903616E+0	4.0685029449E+0	6.1994150427E-3
1.9863863386E+0	2.9078347349E+0	6.1925217271E-3
1.9925753706E+0	2.7287168605E+0	6.1855249261E-3
1.9987573540E+0	3.8001338700E+0	6.1784247568E-3
2.0049321857E+0	6.3858057344E+0	6.1712213376E-3
2.0110997623E+0	1.0716271514E+1	6.1639147890E-3
2.0172599809E+0	1.7007748288E+1	6.1565052331E-3
2.0234127385E+0	2.5427912100E+1	6.1489927938E-3
2.0295579322E+0	3.6084162404E+1	6.1413775965E-3
2.0356954595E+0	4.9078512816E+1	6.1336597685E-3
2.0418252176E+0	6.4406848702E+1	6.1258394388E-3
2.0479471042E+0	8.2023094283E+1	6.1179167381E-3
2.0540610170E+0	1.0186960103E+2	6.1098917988E-3
2.0601668538E+0	1.2373784148E+2	6.1017647550E-3
2.0662645125E+0	1.4744165263E+2	6.0935357425E-3
2.0723538913E+0	1.7274044152E+2	6.0852048988E-3
2.0784348884E+0	1.9925190817E+2	6.0767723631E-3
2.0845074022E+0	2.2669183069E+2	6.0682382765E-3
2.0905713312E+0	2.5464669049E+2	6.0596027814E-3
2.0966265740E+0	2.8265406887E+2	6.0508660221E-3
2.1026730295E+0	3.1037590886E+2	6.0420281448E-3
2.1087105966E+0	3.3728613406E+2	6.0330892971E-3
2.1147391745E+0	3.6296721685E+2	6.0240496283E-3
2.1207586623E+0	3.8705729791E+2	6.0149092896E-3
2.1267689596E+0	4.0903773339E+2	6.0056684336E-3
2.1327699657E+0	4.2863503352E+2	5.9963272149E-3
2.1387615806E+0	4.4549285830E+2	5.9868857894E-3
2.1447437040E+0	4.5925541168E+2	5.9773443150E-3
2.1507162359E+0	4.6981725967E+2	5.9677029512E-3
2.1566790766E+0	4.7689244176E+2	5.9579618591E-3
2.1626321265E+0	4.8040869858E+2	5.9481212013E-3
2.1685752859E+0	4.8038285530E+2	5.9381811425E-3
2.1745084557E+0	4.7671298258E+2	5.9281418487E-3
2.1804315366E+0	4.6961549670E+2	5.9180034877E-3
2.1863444297E+0	4.5918500273E+2	5.9077662288E-3
2.1922470361E+0	4.4560748378E+2	5.8974302433E-3
2.1981392573E+0	4.2926569777E+2	5.8869957037E-3
2.2040209947E+0	4.1035936877E+2	5.8764627846E-3
2.2098921501E+0	3.8934944141E+2	5.8658316618E-3
2.2157526254E+0	3.6663631247E+2	5.8551025132E-3
2.2216023226E+0	3.4259290683E+2	5.8442755178E-3
2.2274411439E+0	3.1778848079E+2	5.8333508568E-3
2.2332689918E+0	2.9259384302E+2	5.8223287127E-3
2.2390857689E+0	2.6753418010E+2	5.8112092696E-3
2.2448913779E+0	2.4308859116E+2	5.7999927133E-3
2.2506857220E+0	2.1964303864E+2	5.7886792314E-3
2.2564687042E+0	1.9770597344E+2	5.7772690129E-3
2.2622402278E+0	1.7760175552E+2	5.7657622485E-3
2.2680001965E+0	1.5971416343E+2	5.7541591304E-3
2.2737485140E+0	1.4435946170E+2	5.7424598526E-3
2.2794850843E+0	1.3175616750E+2	5.7306646105E-3
2.2852098113E+0	1.2214927733E+2	5.7187736014E-3
2.2909225996E+0	1.1564614035E+2	5.7067870238E-3
2.2966233536E+0	1.1234640116E+2	5.6947050782E-3
2.3023119780E+0	1.1226952682E+2	5.6825279663E-3
2.3079883779E+0	1.1537399734E+2	5.6702558918E-3
2.3136524582E+0	1.2156465091E+2	5.6578890597E-3
2.3193041245E+0	1.3069603675E+2	5.6454276767E-3
2.3249432821E+0	1.4255717676E+2	5.6328719509E-3
2.3305698370E+0	1.5690170123E+2	5.6202220924E-3
2.3361836950E+0	1.7345156128E+2	5.6074783123E-3
2.3417847624E+0	1.9184950200E+2	5.5946408237E-3
2.3473729455E+0	2.1179021112E+2	5.5817098412E-3
2.3529481510E+0	2.3284381900E+2	5.5686855808E-3
2.3585102856E+0	2.5466519846E+2	5.5555682601E-3
2.3640592565E+0	2.7683801964E+2	5.5423580985E-3
2.3695949710E+0	2.9894852399E+2	5.5290553166E-3
2.3751173364E+0	3.2066109594E+2	5.5156601367E-3
2.3806262605E+0	3.4151434826E+2	5.5021727828E-3
2.3861216513E+0	3.6124990128E+2	5.4885934801E-3
2.3916034169E+0	3.7944349521E+2	5.4749224557E-3
2.3970714657E+0	3.9585954682E+2	5.4611599379E-3
2.4025257064E+0	4.1020648322E+2	5.4473061568E-3
2.4079660477E+0	4.2223102545E+2	5.4333613439E-3
2.4133923988E+0	4.3181598207E+2	5.4193257323E-3
2.4188046690E+0	4.3870889165E+2	5.4051995564E-3
2.4242027678E+0	4.4293501120E+2	5.3909830523E-3
2.4295866050E+0	4.4431069249E+2	5.3766764577E-3
2.4349560907E+0	4.4293074654E+2	5.3622800116E-3
2.4403111352E+0	4.3875102549E+2	5.3477939546E-3
2.4456516489E+0	4.3187281785E+2	5.3332185287E-3
2.4509775425E+0	4.2242154992E+2	5.3185539776E-3
2.4562887272E+0	4.1048302322E+2	5.3038005463E-3
2.4615851141E+0	3.9632888608E+2	5.2889584814E-3
2.4668666147E+0	3.8004706937E+2	5.2740280309E-3
2.4721331408E+0	3.6199577964E+2	5.2590094442E-3
2.4773846043E+0	3.4229910258E+2	5.2439029725E-3
2.4826209175E+0	3.2133493495E+2	5.2287088681E-3
2.4878419929E+0	2.9928883103E+2	5.2134273849E-3
2.4930477432E+0	2.7650732648E+2	5.1980587783E-3
2.4982380815E+0	2.5324044575E+2	5.1826033052E-3
2.5034129210E+0	2.2977694122E+2	5.1670612238E-3
2.5085721752E+0	2.0641237092E+2	5.1514327939E-3
2.5137157579E+0	1.8337241458E+2	5.1357182766E-3
2.5188435831E+0	1.6096648720E+2	5.1199179345E-3
2.5239555652E+0	1.3936383272E+2	5.1040320318E-3
2.5290516187E+0	1.1885439260E+2	5.0880608338E-3
2.5341316585E+0	9.9560708778E+1	5.0720046074E-3
2.5391955997E+0	8.1726467193E+1	5.0558636210E-3
2.5442433576E+0	6.5435013408E+1	5.0396381444E-3
2.5492748479E+0	5.0867283003E+1	5.0233284486E-3
2.5542899865E+0	3.8071160777E+1	5.0069348063E-3
2.5592886896E+0	2.7158615588E+1	4.9904574913E-3
2.5642708737E+0	1.8143005997E+1	4.9738967791E-3
2.5692364555E+0	1.1069251403E+1	4.9572529464E-3
2.5741853520E+0	5.9162437729E+0	4.9405262713E-3
2.5791174805E+0	2.6691015260E+0	4.9237170334E-3
2.5840327586E+0	1.2731981421E+0	4.9068255135E-3
2.5889311042E+0	1.6638868504E+0	4.8898519940E-3
2.5938124354E+0	3.7559438166E+0	4.8727967585E-3
2.5986766706E+0	7.4458558567E+0	4.8556600920E-3
2.6035237285E+0	1.2623049706E+1	4.8384422809E-3
2.6083535282E+0	1.9155607720E+1	4.8211436130E-3
2.6131659889E+0	2.6914988297E+1	4.8037643772E-3
2.6179610302E+0	3.5750078646E+1	4.7863048641E-3
2.6227385719E+0	4.5523374768E+1	4.7687653653E-3
2.6274985343E+0	5.6072052669E+1	4.7511461741E-3
2.6322408378E+0	6.7259624354E+1	4.7334475849E-3
2.6369654032E+0	7.8917113320E+1	4.7156698934E-3
2.6416721513E+0	9.0919268970E+1	4.6978133967E-3
2.6463610038E+0	1.0309468501E+2	4.6798783932E-3
2.6510318821E+0	1.1533897406E+2	4.6618651826E-3
2.6556847082E+0	1.2748064552E+2	4.6437740661E-3
2.6603194043E+0	1.3944416765E+2	4.6256053458E-3
2.6649358931E+0	1.5105985002E+2	4.6073593254E-3
2.6695340973E+0	1.6228606765E+2	4.5890363098E-3
2.6741139402E+0	1.7295772917E+2	4.5706366053E-3
2.6786753451E+0	1.8306771254E+2	4.5521605193E-3
2.6832182358E+0	1.9246086060E+2	4.5336083606E-3
2.6877425365E+0	2.0115931581E+2	4.5149804392E-3
2.6922481716E+0	2.0902704005E+2	4.4962770664E-3
2.6967350656E+0	2.1610383129E+2	4.4774985548E-3
2.7012031437E+0	2.2228589024E+2	4.4586452181E-3
2.7056523312E+0	2.2761399964E+2	4.4397173715E-3
2.7100825537E+0	2.3203145735E+2	4.4207153312E-3
2.7144937373E+0	2.3556232678E+2	4.4016394148E-3
2.7188858081E+0	2.3820856153E+2	4.3824899412E-3
2.7232586927E+0	2.3996544786E+2	4.3632672302E-3
2.7276123182E+0	2.4089485842E+2	4.3439716031E-3
2.7319466117E+0	2.4096425546E+2	4.3246033825E-3
2.7362615009E+0	2.4028053095E+2	4.3051628919E-3
2.7405569135E+0	2.3880118521E+2	4.2856504563E-3
2.7448327779E+0	2.3664714259E+2	4.2660664016E-3
2.7490890226E+0	2.3379629516E+2	4.2464110553E-3
2.7533255764E+0	2.3034643555E+2	4.2266847457E-3
2.7575423685E+0	2.2632416341E+2	4.2068878026E-3
2.7617393285E+0	2.2177907827E+2	4.1870205567E-3
2.7659163863E+0	2.1679368003E+2	4.1670833400E-3
2.7700734720E+0	2.1137323967E+2	4.1470764858E-3
2.7742105162E+0	2.0563184859E+2	4.1270003283E-3
2.7783274497E+0	1.9956394821E+2	4.1068552032E-3
2.7824242037E+0	1.9327064209E+2	4.0866414469E-3
2.7865007098E+0	1.8677593178E+2	4.0663593974E-3
2.7905568999E+0	1.8013416974E+2	4.0460093936E-3
2.7945927061E+0	1.7341293653E+2	4.0255917754E-3
2.7986080610E+0	1.6662433596E+2	4.0051068843E-3
2.8026028975E+0	1.5985341401E+2	3.9845550624E-3
2.8065771489E+0	1.5310742467E+2	3.9639366533E-3
2.8105307487E+0	1.4644756598E+2	3.9432520014E-3
2.8144636309E+0	1.3990744165E+2	3.9225014525E-3
2.8183757298E+0	1.3351012208E+2	3.9016853533E-3
2.8222669799E+0	1.2730838180E+2	3.8808040517E-3
2.8261373163E+0	1.2131062532E+2	3.8598578967E-3
2.8299866742E+0	1.1555829291E+2	3.8388472382E-3
2.8338149894E+0	1.1007051842E+2	3.8177724274E-3
2.8376221978E+0	1.0486603963E+2	3.7966338166E-3
2.8414082359E+0	9.9970358564E+1	3.7754317588E-3
2.8451730403E+0	9.5394565460E+1	3.7541666086E-3
2.8489165482E+0	9.1155639531E+1	3.7328387211E-3
2.8526386969E+0	8.7263927241E+1	3.7114484529E-3
2.8563394244E+0	8.3732216085E+1	3.6899961614E-3
2.8600186687E+0	8.0561734196E+1	3.6684822051E-3
2.8636763684E+0	7.7764690881E+1	3.6469069436E-3
2.8673124623E+0	7.5342378412E+1	3.6252707373E-3
2.8709268897E+0	7.3289119530E+1	3.6035739479E-3
2.8745195901E+0	7.1620159335E+1	3.5818169379E-3
2.8780905036E+0	7.0317492803E+1	3.5600000709E-3
2.8816395704E+0	6.9382932844E+1	3.5381237115E-3
2.8851667313E+0	6.8823027820E+1	3.5161882254E-3
2.8886719273E+0	6.8607223431E+1	3.4941939790E-3
2.8921550998E+0	6.8748886463E+1	3.4721413399E-3
2.8956161906E+0	6.9236724319E+1	3.4500306767E-3
2.8990551419E+0	7.0039287763E+1	3.4278623588E-3
2.9024718962E+0	7.1176451259E+1	3.4056367567E-3
2.9058663965E+0	7.2618406944E+1	3.3833542419E-3
2.9092385859E+0	7.4340244687E+1	3.3610151867E-3
2.9125884081E+0	7.6361903614E+1	3.3386199643E-3
2.9159158072E+0	7.8639692698E+1	3.3161689492E-3
2.9192207275E+0	8.1156629592E+1	3.2936625164E-3
2.9225031139E+0	8.3929586715E+1	3.2711010421E-3
2.9257629114E+0	8.6906425258E+1	3.2484849032E-3
2.9290000656E+0	9.0075564775E+1	3.2258144779E-3
2.9322145224E+0	9.3451518183E+1	3.2030901448E-3
2.9354062280E+0	9.6977920463E+1	3.1803122838E-3
2.9385751292E+0	1.0064430456E+2	3.1574812755E-3
2.9417211730E+0	1.0446588292E+2	3.1345975014E-3
2.9448443068E+0	1.0838548402E+2	3.1116613440E-3
2.9479444784E+0	1.1238864968E+2	3.0886731866E-3
2.9510216360E+0	1.1649467419E+2	3.0656334132E-3
2.9540757281E+0	1.2064983119E+2	3.0425424091E-3
2.9571067038E+0	1.2483021301E+2	3.0194005599E-3
2.9601145124E+0	1.2906049476E+2	2.9962082525E-3
2.9630991036E+0	1.3329707064E+2	2.9729658744E-3
2.9660604276E+0	1.3750223046E+2	2.9496738141E-3
2.9689984348E+0	1.4170242391E+2	2.9263324607E-3
2.9719130762E+0	1.4587311471E+2	2.9029422044E-3
2.9748043031E+0	1.4996321688E+2	2.8795034361E-3
2.9776720671E+0	1.5399060543E+2	2.8560165473E-3
2.9805163203E+0	1.5795686972E+2	2.8324819307E-3
2.9833370151E+0	1.6180771489E+2	2.8088999795E-3
2.9861341046E+0	1.6553837647E+2	2.7852710878E-3
2.9889075418E+0	1.6917297480E+2	2.7615956505E-3
2.9916572805E+0	1.7267454652E+2	2.7378740632E-3
2.9943832747E+0	1.7600960243E+2	2.7141067224E-3
2.9970854788E+0	1.7920363508E+2	2.6902940251E-3
2.9997638477E+0	1.8225553200E+2	2.6664363695E-3
3.0024183367E+0	1.8511996181E+2	2.6425341541E-3
3.0050489013E+0	1.8779490269E+2	2.6185877784E-3
3.0076554977E+0	1.9030779974E+2	2.5945976426E-3
3.0102380822E+0	1.9263770976E+2	2.5705641475E-3
3.0127966116E+0	1.9475065850E+2	2.5464876949E-3
3.0153310434E+0	1.9666333865E+2	2.5223686871E-3
3.0178413350E+0	1.9839565266E+2	2.4982075270E-3
3.0203274445E+0	1.9992076140E+2	2.4740046186E-3
3.0227893304E+0	2.0121740641E+2	2.4497603662E-3
3.0252269516E+0	2.0230901621E+2	2.4254751751E-3
3.0276402673E+0	2.0321121062E+2	2.4011494510E-3
3.0300292371E+0	2.0389968511E+2	2.3767836004E-3
3.0323938212E+0	2.0435985106E+2	2.3523780306E-3
3.0347339801E+0	2.0461551543E+2	2.3279331494E-3
3.0370496746E+0	2.0468387733E+2	2.3034493653E-3
3.0393408660E+0	2.0454724580E+2	2.2789270875E-3
3.0416075160E+0	2.0419178343E+2	2.2543667257E-3
3.0438495869E+0	2.0363725708E+2	2.2297686905E-3
3.0460670410E+0	2.0290595316E+2	2.2051333928E-3
3.0482598414E+0	2.0199057637E+2	2.1804612443E-3
3.0504279513E+0	2.0087589207E+2	2.1557526574E-3
3.0525713347E+0	1.9957242946E+2	2.1310080450E-3
3.0546899556E+0	1.9810565554E+2	2.1062278206E-3
3.0567837786E+0	1.9648269380E+2	2.0814123983E-3
3.0588527688E+0	1.9469143410E+2	2.0565621928E-3
3.0608968915E+0	1.9272978147E+2	2.0316776194E-3
3.0629161127E+0	1.9061734158E+2	2.0067590939E-3
3.0649103985E+0	1.8837420162E+2	1.9818070327E-3
3.0668797157E+0	1.8600141237E+2	1.9568218529E-3
3.0688240313E+0	1.8349062022E+2	1.9318039720E-3
3.0707433129E+0	1.8084587390E+2	1.9067538080E-3
3.0726375283E+0	1.7808645178E+2	1.8816717796E-3
3.0745066460E+0	1.7522934143E+2	1.8565583060E-3
3.0763506346E+0	1.7227669395E+2	1.8314138067E-3
3.0781694634E+0	1.6922343795E+2	1.8062387021E-3
3.0799631019E+0	1.6607289603E+2	1.7810334128E-3
3.0817315203E+0	1.6284044865E+2	1.7557983600E-3
3.0834746889E+0	1.5954259018E+2	1.7305339655E-3
3.0851925786E+0	1.5618599853E+2	1.7052406515E-3
3.0868851607E+0	1.5276880638E+2	1.6799188405E-3
3.0885524069E+0	1.4929085697E+2	1.6545689559E-3
3.0901942894E+0	1.4576070215E+2	1.6291914212E-3
3.0918107807E+0	1.4219261386E+2	1.6037866605E-3
3.0934018538E+0	1.3859816875E+2	1.5783550984E-3
3.0949674821E+0	1.3498147484E+2	1.5528971598E-3
3.0965076394E+0	1.3134195531E+2	1.5274132703E-3
3.0980223001E+0	1.2768085980E+2	1.5019038556E-3
3.0995114388E+0	1.2400504701E+2	1.4763693421E-3
3.1009750306E+0	1.2032522497E+2	1.4508101565E-3
3.1024130510E+0	1.1665110326E+2	1.4252267258E-3
3.1038254761E+0	1.1298796079E+2	1.3996194778E-3
3.1052122822E+0	1.0933707417E+2	1.3739888402E-3
3.1065734461E+0	1.0569895515E+2	1.3483352414E-3
3.1079089451E+0	1.0207646810E+2	1.3226591101E-3
3.1092187570E+0	9.8475621166E+1	1.2969608754E-3
3.1105028597E+0	9.4903944225E+1	1.2712409668E-3
3.1117612318E+0	9.1368025085E+1	1.2454998140E-3
3.1129938524E+0	8.7871966699E+1	1.2197378472E-3
3.1142007007E+0	8.4417531933E+1	1.1939554970E-3
3.1153817567E+0	8.1005528978E+1	1.1681531941E-3
3.1165370006E+0	7.7637368352E+1	1.1423313699E-3
3.1176664131E+0	7.4315888719E+1	1.1164904558E-3
3.1187699753E+0	7.1045176455E+1	1.0906308836E-3
3.1198476688E+0	6.7829706837E+1	1.0647530855E-3
3.1208994755E+0	6.4673395549E+1	1.0388574939E-3
3.1219253780E+0	6.1579036824E+1	1.0129445417E-3
3.1229253590E+0	5.8548292898E+1	9.8701466182E-4
3.1238994018E+0	5.5582103658E+1	9.6106828758E-4
3.1248474902E+0	5.2681238803E+1	9.3510585261E-4
3.1257696083E+0	4.9846734229E+1	9.0912779076E-4
3.1266657407E+0	4.7080075929E+1	8.8313453619E-4
3.1275358724E+0	4.4383133015E+1	8.5712652325E-4
3.1283799890E+0	4.1757934826E+1	8.3110418659E-4
3.1291980762E+0	3.9206414225E+1	8.0506796108E-4
3.1299901204E+0	3.6730213048E+1	7.7901828182E-4
3.1307561084E+0	3.4330594742E+1	7.5295558414E-4
3.1314960274E+0	3.2008460552E+1	7.2688030358E-4
3.1322098650E+0	2.9764435024E+1	7.0079287589E-4
3.1328976092E+0	2.7598977468E+1	6.7469373705E-4
3.1335592487E+0	2.5512483177E+1	6.4858332323E-4
3.1341947723E+0	2.3505353242E+1	6.2246207073E-4
3.1348041694E+0	2.1578027268E+1	5.9633041614E-4
3.1353874298E+0	1.9730984557E+1	5.7018879612E-4
3.1359445438E+0	1.7964724989E+1	5.4403764760E-4
3.1364755020E+0	1.6279741508E+1	5.1787740760E-4
3.1369802957E+0	1.4676493684E+1	4.9170851331E-4
3.1374589163E+0	1.3155388079E+1	4.6553140213E-4
3.1379113559E+0	1.1716767584E+1	4.3934651156E-4
3.1383376069E+0	1.0360909220E+1	4.1315427928E-4
3.1387376622E+0	9.0880284263E+0	3.8695514312E-4
3.1391115150E+0	7.8982873388E+0	3.6074954110E-4
3.1394591592E+0	6.7918047628E+0	3.3453791144E-4
3.1397805890E+0	5.7686661064E+0	3.0832069259E-4
3.1400757989E+0	4.8289321785E+0	2.8209832342E-4
3.1403447841E+0	3.9726463364E+0	2.5587124334E-4
3.1405875400E+0	3.1998398961E+0	2.2963989267E-4
3.1408040626E+0	2.5105359794E+0	2.0340471372E-4
3.1409943483E+0	1.9047520978E+0	1.7716615272E-4
3.1411583939E+0	1.3825017933E+0	1.5092466531E-4
3.1412961968E+0	9.4379560964E-1	1.2468073282E-4
3.1414077547E+0	5.8864155285E-1	9.8434919423E-5
3.1414930663E+0	3.1704488595E-1	7.2188137769E-5
3.1415521316E+0	1.2900527686E-1	4.5943520243E-5
3.1415849628E+0	2.4484187944E-2	1.9736940383E-5