# Differential cross section		
# Author: P. Swaczyna	Princeton University	(swaczyna@princeton.edu)
# Date: 	Wed 17 Feb 2021 06:51:48	
# 		
# Indistinguishable particle collision: He^0 + He^+ -> He^0 + He^+		
# 		
# Red. mass: 	1.8640723202E+9	 eV/c^2
# CM energy: 	7.2443596007E-3	 eV
# Rel speed: 	8.3580376269E+4	 cm/s
# Tot sigma: 	1.6080039496E+3	 a.u.
# Int sigma: 	1.6080039496E+3	 a.u.
# 		
# Columns:		
# the <- scattering angle (rad)		
# dcs <- dsigma/dOmega*2*pi*sin(the) (a.u. = 2.8002852056E-17 cm^2)		
# wei <- weight for cross section integration (approx. width of angle bin)		
# 		
# the	dcs	wei
7.6907532846E-6	6.6090208961E+0	1.9736940383E-5
4.0521979771E-5	3.4822153676E+1	4.5943520243E-5
9.9587300392E-5	8.5575968340E+1	7.2188137769E-5
1.8489884726E-4	1.5886634535E+2	9.8434919423E-5
2.9645680168E-4	2.5465266624E+2	1.2468073282E-4
4.3425968311E-4	3.7284534100E+2	1.5092466531E-4
5.9830531657E-4	5.1327942707E+2	1.7716615272E-4
7.8859101285E-4	6.7568271228E+2	2.0340471372E-4
1.0051136166E-3	8.5964066330E+2	2.2963989267E-4
1.2478695220E-3	1.0645612239E+3	2.5587124334E-4
1.5168546797E-3	1.2896436152E+3	2.8209832342E-4
1.8120645986E-3	1.5338564927E+3	3.0832069259E-4
2.1334943481E-3	1.7959316881E+3	3.3453791144E-4
2.4811385584E-3	2.0743798388E+3	3.6074954110E-4
2.8549914211E-3	2.3675329616E+3	3.8695514312E-4
3.2550466893E-3	2.6736159779E+3	4.1315427928E-4
3.6812976783E-3	2.9908441214E+3	4.3934651156E-4
4.1337372652E-3	3.3175363516E+3	4.6553140213E-4
4.6123578895E-3	3.6522273489E+3	4.9170851331E-4
5.1171515529E-3	3.9937542247E+3	5.1787740760E-4
5.6481098199E-3	4.3412911830E+3	5.4403764760E-4
6.2052238176E-3	4.6943086674E+3	5.7018879612E-4
6.7884842360E-3	5.0524449931E+3	5.9633041614E-4
7.3978813281E-3	5.4152985131E+3	6.2246207073E-4
8.0334049101E-3	5.7821747816E+3	6.4858332323E-4
8.6950443616E-3	6.1518502550E+3	6.7469373705E-4
9.3827886258E-3	6.5224323790E+3	7.0079287589E-4
1.0096626210E-2	6.8913933882E+3	7.2688030358E-4
1.0836545184E-2	7.2558210874E+3	7.5295558414E-4
1.1602533184E-2	7.6128619734E+3	7.7901828182E-4
1.2394577408E-2	7.9602445466E+3	8.0506796108E-4
1.3212664621E-2	8.2966974441E+3	8.3110418659E-4
1.4056781152E-2	8.6220628162E+3	8.5712652325E-4
1.4926912893E-2	8.9369833727E+3	8.8313453619E-4
1.5823045305E-2	9.2422073075E+3	9.0912779076E-4
1.6745163410E-2	9.5377535591E+3	9.3510585261E-4
1.7693251801E-2	9.8223162280E+3	9.6106828758E-4
1.8667294632E-2	1.0093264331E+4	9.8701466182E-4
1.9667275626E-2	1.0347363588E+4	1.0129445417E-3
2.0693178073E-2	1.0581966582E+4	1.0388574939E-3
2.1744984827E-2	1.0796070124E+4	1.0647530855E-3
2.2822678313E-2	1.0990573699E+4	1.0906308836E-3
2.3926240519E-2	1.1167439376E+4	1.1164904558E-3
2.5055653005E-2	1.1328127009E+4	1.1423313699E-3
2.6210896896E-2	1.1472254803E+4	1.1681531941E-3
2.7391952886E-2	1.1597459418E+4	1.1939554970E-3
2.8598801239E-2	1.1700730902E+4	1.2197378472E-3
2.9831421786E-2	1.1780417324E+4	1.2454998140E-3
3.1089793929E-2	1.1837409854E+4	1.2712409668E-3
3.2373896638E-2	1.1874439383E+4	1.2969608754E-3
3.3683708455E-2	1.1893861294E+4	1.3226591101E-3
3.5019207490E-2	1.1895692059E+4	1.3483352414E-3
3.6380371427E-2	1.1877680264E+4	1.3739888402E-3
3.7767177517E-2	1.1837540408E+4	1.3996194778E-3
3.9179602586E-2	1.1775409285E+4	1.4252267258E-3
4.0617623030E-2	1.1694113403E+4	1.4508101565E-3
4.2081214817E-2	1.1596803164E+4	1.4763693421E-3
4.3570353490E-2	1.1484246223E+4	1.5019038556E-3
4.5085014162E-2	1.1354665019E+4	1.5274132703E-3
4.6625171522E-2	1.1206440947E+4	1.5528971598E-3
4.8190799831E-2	1.1040756174E+4	1.5783550984E-3
4.9781872927E-2	1.0861071500E+4	1.6037866605E-3
5.1398364219E-2	1.0669938884E+4	1.6291914212E-3
5.3040246694E-2	1.0466983730E+4	1.6545689559E-3
5.4707492914E-2	1.0250623117E+4	1.6799188405E-3
5.6400075017E-2	1.0021367804E+4	1.7052406515E-3
5.8117964718E-2	9.7823461678E+3	1.7305339655E-3
5.9861133308E-2	9.5363140599E+3	1.7557983600E-3
6.1629551657E-2	9.2832995832E+3	1.7810334128E-3
6.3423190212E-2	9.0222042479E+3	1.8062387021E-3
6.5242019000E-2	8.7539713654E+3	1.8314138067E-3
6.7086007624E-2	8.4815880981E+3	1.8565583060E-3
6.8955125270E-2	8.2070129116E+3	1.8816717796E-3
7.0849340702E-2	7.9298815550E+3	1.9067538080E-3
7.2768622264E-2	7.6499192153E+3	1.9318039720E-3
7.4712937885E-2	7.3689724408E+3	1.9568218529E-3
7.6682255070E-2	7.0893714139E+3	1.9818070327E-3
7.8676540910E-2	6.8116358524E+3	2.0067590939E-3
8.0695762079E-2	6.5354387270E+3	2.0316776194E-3
8.2739884832E-2	6.2618121797E+3	2.0565621928E-3
8.4808875009E-2	5.9926028520E+3	2.0814123983E-3
8.6902698034E-2	5.7285282863E+3	2.1062278206E-3
8.9021318917E-2	5.4695306317E+3	2.1310080450E-3
9.1164702253E-2	5.2163455534E+3	2.1557526574E-3
9.3332812224E-2	4.9701384879E+3	2.1804612443E-3
9.5525612596E-2	4.7313634364E+3	2.2051333928E-3
9.7743066726E-2	4.5002352692E+3	2.2297686905E-3
9.9985137556E-2	4.2773609331E+3	2.2543667257E-3
1.0225178762E-1	4.0631538420E+3	2.2789270875E-3
1.0454297904E-1	3.8577889635E+3	2.3034493653E-3
1.0685867352E-1	3.6617671015E+3	2.3279331494E-3
1.0919883237E-1	3.4753191390E+3	2.3523780306E-3
1.1156341648E-1	3.2981325931E+3	2.3767836004E-3
1.1395238633E-1	3.1305204095E+3	2.4011494510E-3
1.1636570200E-1	2.9730348823E+3	2.4254751751E-3
1.1880332317E-1	2.8250398657E+3	2.4497603662E-3
1.2126520909E-1	2.6860838905E+3	2.4740046186E-3
1.2375131862E-1	2.5569745280E+3	2.4982075270E-3
1.2626161023E-1	2.4374067139E+3	2.5223686871E-3
1.2879604195E-1	2.3260844796E+3	2.5464876949E-3
1.3135457143E-1	2.2235115840E+3	2.5705641475E-3
1.3393715592E-1	2.1300435369E+3	2.5945976426E-3
1.3654375226E-1	2.0439721050E+3	2.6185877784E-3
1.3917431689E-1	1.9651034683E+3	2.6425341541E-3
1.4182880585E-1	1.8943252752E+3	2.6664363695E-3
1.4450717478E-1	1.8299627546E+3	2.6902940251E-3
1.4720937892E-1	1.7711195896E+3	2.7141067224E-3
1.4993537310E-1	1.7189483088E+3	2.7378740632E-3
1.5268511179E-1	1.6719967094E+3	2.7615956505E-3
1.5545854902E-1	1.6288976419E+3	2.7852710878E-3
1.5825563845E-1	1.5909017501E+3	2.8088999795E-3
1.6107633333E-1	1.5567329124E+3	2.8324819307E-3
1.6392058653E-1	1.5248473951E+3	2.8560165473E-3
1.6678835052E-1	1.4965560778E+3	2.8795034361E-3
1.6967957737E-1	1.4705913773E+3	2.9029422044E-3
1.7259421876E-1	1.4455305947E+3	2.9263324607E-3
1.7553222599E-1	1.4227415554E+3	2.9496738141E-3
1.7849354996E-1	1.4007837065E+3	2.9729658744E-3
1.8147814117E-1	1.3786667367E+3	2.9962082525E-3
1.8448594977E-1	1.3577198962E+3	3.0194005599E-3
1.8751692548E-1	1.3362479195E+3	3.0425424091E-3
1.9057101764E-1	1.3139953908E+3	3.0656334132E-3
1.9364817522E-1	1.2919794033E+3	3.0886731866E-3
1.9674834681E-1	1.2684098669E+3	3.1116613440E-3
1.9987148058E-1	1.2439133201E+3	3.1345975014E-3
2.0301752435E-1	1.2188091637E+3	3.1574812755E-3
2.0618642554E-1	1.1916955032E+3	3.1803122838E-3
2.0937813120E-1	1.1638218089E+3	3.2030901448E-3
2.1259258799E-1	1.1346314249E+3	3.2258144779E-3
2.1582974219E-1	1.1037092564E+3	3.2484849032E-3
2.1908953970E-1	1.0721827016E+3	3.2711010421E-3
2.2237192605E-1	1.0390569276E+3	3.2936625164E-3
2.2567684639E-1	1.0050227117E+3	3.3161689492E-3
2.2900424548E-1	9.7035473197E+2	3.3386199643E-3
2.3235406772E-1	9.3456219758E+2	3.3610151867E-3
2.3572625713E-1	8.9866101116E+2	3.3833542419E-3
2.3912075735E-1	8.6222809233E+2	3.4056367567E-3
2.4253751167E-1	8.2572164914E+2	3.4278623588E-3
2.4597646298E-1	7.8952313284E+2	3.4500306767E-3
2.4943755380E-1	7.5347547150E+2	3.4721413399E-3
2.5292072631E-1	7.1825066810E+2	3.4941939790E-3
2.5642592230E-1	6.8375149195E+2	3.5161882254E-3
2.5995308318E-1	6.5036552695E+2	3.5381237115E-3
2.6350215001E-1	6.1828994568E+2	3.5600000709E-3
2.6707306349E-1	5.8767189812E+2	3.5818169379E-3
2.7066576394E-1	5.5874439141E+2	3.6035739479E-3
2.7428019131E-1	5.3166824764E+2	3.6252707373E-3
2.7791628522E-1	5.0653742520E+2	3.6469069436E-3
2.8157398488E-1	4.8352181364E+2	3.6684822051E-3
2.8525322919E-1	4.6269699132E+2	3.6899961614E-3
2.8895395665E-1	4.4403932542E+2	3.7114484529E-3
2.9267610542E-1	4.2777938270E+2	3.7328387211E-3
2.9641961330E-1	4.1359977494E+2	3.7541666086E-3
3.0018441773E-1	4.0186787706E+2	3.7754317588E-3
3.0397045579E-1	3.9209923330E+2	3.7966338166E-3
3.0777766421E-1	3.8459662928E+2	3.8177724274E-3
3.1160597938E-1	3.7894974923E+2	3.8388472382E-3
3.1545533730E-1	3.7517959234E+2	3.8598578967E-3
3.1932567367E-1	3.7313303635E+2	3.8808040517E-3
3.2321692379E-1	3.7245461279E+2	3.9016853533E-3
3.2712902264E-1	3.7328853345E+2	3.9225014525E-3
3.3106190484E-1	3.7495587950E+2	3.9432520014E-3
3.3501550468E-1	3.7781824324E+2	3.9639366533E-3
3.3898975607E-1	3.8101569677E+2	3.9845550624E-3
3.4298459261E-1	3.8499996223E+2	4.0051068843E-3
3.4699994753E-1	3.8888579424E+2	4.0255917754E-3
3.5103575373E-1	3.9310488453E+2	4.0460093936E-3
3.5509194378E-1	3.9686466824E+2	4.0663593974E-3
3.5916844988E-1	4.0051461186E+2	4.0866414469E-3
3.6326520391E-1	4.0341850510E+2	4.1068552032E-3
3.6738213741E-1	4.0583004689E+2	4.1270003283E-3
3.7151918157E-1	4.0728566249E+2	4.1470764858E-3
3.7567626728E-1	4.0796325438E+2	4.1670833400E-3
3.7985332504E-1	4.0755687398E+2	4.1870205567E-3
3.8405028507E-1	4.0620388232E+2	4.2068878026E-3
3.8826707721E-1	4.0372523751E+2	4.2266847457E-3
3.9250363101E-1	4.0025373950E+2	4.2464110553E-3
3.9675987567E-1	3.9570208274E+2	4.2660664016E-3
4.0103574005E-1	3.9022599212E+2	4.2856504563E-3
4.0533115271E-1	3.8379726128E+2	4.3051628919E-3
4.0964604185E-1	3.7660868716E+2	4.3246033825E-3
4.1398033538E-1	3.6866524163E+2	4.3439716031E-3
4.1833396086E-1	3.6019561625E+2	4.3632672302E-3
4.2270684554E-1	3.5122138198E+2	4.3824899412E-3
4.2709891633E-1	3.4199063942E+2	4.4016394148E-3
4.3151009985E-1	3.3253559513E+2	4.4207153312E-3
4.3594032237E-1	3.2309423145E+2	4.4397173715E-3
4.4038950986E-1	3.1371301299E+2	4.4586452181E-3
4.4485758797E-1	3.0458291131E+2	4.4774985548E-3
4.4934448203E-1	2.9577296219E+2	4.4962770664E-3
4.5385011706E-1	2.8739311180E+2	4.5149804392E-3
4.5837441776E-1	2.7953837417E+2	4.5336083606E-3
4.6291730852E-1	2.7222079699E+2	4.5521605193E-3
4.6747871344E-1	2.6554746387E+2	4.5706366053E-3
4.7205855627E-1	2.5944681367E+2	4.5890363098E-3
4.7665676049E-1	2.5399785789E+2	4.6073593254E-3
4.8127324926E-1	2.4909590643E+2	4.6256053458E-3
4.8590794542E-1	2.4473007983E+2	4.6437740661E-3
4.9056077152E-1	2.4083498552E+2	4.6618651826E-3
4.9523164982E-1	2.3725245728E+2	4.6798783932E-3
4.9992050224E-1	2.3401373469E+2	4.6978133967E-3
5.0462725044E-1	2.3080396931E+2	4.7156698934E-3
5.0935181576E-1	2.2774726762E+2	4.7334475849E-3
5.1409411924E-1	2.2444724412E+2	4.7511461741E-3
5.1885408164E-1	2.2103488297E+2	4.7687653653E-3
5.2363162341E-1	2.1718294660E+2	4.7863048641E-3
5.2842666471E-1	2.1290059048E+2	4.8037643772E-3
5.3323912540E-1	2.0807900076E+2	4.8211436130E-3
5.3806892508E-1	2.0253315290E+2	4.8384422809E-3
5.4291598301E-1	1.9640889521E+2	4.8556600920E-3
5.4778021821E-1	1.8940298288E+2	4.8727967585E-3
5.5266154939E-1	1.8178617999E+2	4.8898519940E-3
5.5755989496E-1	1.7334518442E+2	4.9068255135E-3
5.6247517308E-1	1.6426780238E+2	4.9237170334E-3
5.6740730160E-1	1.5461468522E+2	4.9405262713E-3
5.7235619810E-1	1.4439253163E+2	4.9572529464E-3
5.7732177988E-1	1.3392046013E+2	4.9738967791E-3
5.8230396395E-1	1.2314150657E+2	4.9904574913E-3
5.8730266706E-1	1.1242124499E+2	5.0069348063E-3
5.9231780568E-1	1.0184787915E+2	5.0233284486E-3
5.9734929598E-1	9.1643041270E+1	5.0396381444E-3
6.0239705389E-1	8.2095778049E+1	5.0558636210E-3
6.0746099506E-1	7.3306464635E+1	5.0720046074E-3
6.1254103485E-1	6.5605644138E+1	5.0880608338E-3
6.1763708838E-1	5.9119546308E+1	5.1040320318E-3
6.2274907048E-1	5.4059365814E+1	5.1199179345E-3
6.2787689573E-1	5.0606494657E+1	5.1357182766E-3
6.3302047843E-1	4.8864832072E+1	5.1514327939E-3
6.3817973262E-1	4.8961863860E+1	5.1670612238E-3
6.4335457209E-1	5.0952906711E+1	5.1826033052E-3
6.4854491036E-1	5.4871109685E+1	5.1980587783E-3
6.5375066070E-1	6.0672367176E+1	5.2134273849E-3
6.5897173609E-1	6.8340835967E+1	5.2287088681E-3
6.6420804930E-1	7.7714407486E+1	5.2439029725E-3
6.6945951283E-1	8.8661219577E+1	5.2590094442E-3
6.7472603890E-1	1.0102449238E+2	5.2740280309E-3
6.8000753951E-1	1.1446996192E+2	5.2889584814E-3
6.8530392640E-1	1.2884076673E+2	5.3038005463E-3
6.9061511106E-1	1.4377654012E+2	5.3185539776E-3
6.9594100473E-1	1.5891284197E+2	5.3332185287E-3
7.0128151841E-1	1.7404502411E+2	5.3477939546E-3
7.0663656285E-1	1.8867217184E+2	5.3622800116E-3
7.1200604856E-1	2.0252312838E+2	5.3766764577E-3
7.1738988581E-1	2.1531973136E+2	5.3909830523E-3
7.2278798463E-1	2.2657478286E+2	5.4051995564E-3
7.2820025482E-1	2.3615899518E+2	5.4193257323E-3
7.3362660591E-1	2.4375941069E+2	5.4333613439E-3
7.3906694724E-1	2.4905135941E+2	5.4473061568E-3
7.4452118788E-1	2.5204892737E+2	5.4611599379E-3
7.4998923669E-1	2.5249445606E+2	5.4749224557E-3
7.5547100229E-1	2.5030886005E+2	5.4885934801E-3
7.6096639308E-1	2.4564117193E+2	5.5021727828E-3
7.6647531721E-1	2.3837663666E+2	5.5156601367E-3
7.7199768263E-1	2.2869086741E+2	5.5290553166E-3
7.7753339704E-1	2.1685822707E+2	5.5423580985E-3
7.8308236795E-1	2.0294853391E+2	5.5555682601E-3
7.8864450262E-1	1.8734444829E+2	5.5686855808E-3
7.9421970809E-1	1.7042347622E+2	5.5817098412E-3
7.9980789121E-1	1.5242195655E+2	5.5946408237E-3
8.0540895857E-1	1.3384575191E+2	5.6074783123E-3
8.1102281659E-1	1.1512978598E+2	5.6202220924E-3
8.1664937145E-1	9.6609948559E+1	5.6328719509E-3
8.2228852912E-1	7.8813253462E+1	5.6454276767E-3
8.2794019536E-1	6.2163602916E+1	5.6578890597E-3
8.3360427572E-1	4.7004211465E+1	5.6702558918E-3
8.3928067556E-1	3.3780219707E+1	5.6825279663E-3
8.4496930000E-1	2.2825908182E+1	5.6947050782E-3
8.5067005399E-1	1.4401051705E+1	5.7067870238E-3
8.5638284226E-1	8.7828527725E+0	5.7187736014E-3
8.6210756934E-1	6.1454378275E+0	5.7306646105E-3
8.6784413956E-1	6.5988034635E+0	5.7424598526E-3
8.7359245705E-1	1.0200176639E+1	5.7541591304E-3
8.7935242576E-1	1.6918169020E+1	5.7657622485E-3
8.8512394943E-1	2.6685478087E+1	5.7772690129E-3
8.9090693161E-1	3.9333875868E+1	5.7886792314E-3
8.9670127565E-1	5.4617612115E+1	5.7999927133E-3
9.0250688473E-1	7.2306247460E+1	5.8112092696E-3
9.0832366182E-1	9.2051063855E+1	5.8223287127E-3
9.1415150972E-1	1.1342361788E+2	5.8333508568E-3
9.1999033104E-1	1.3607740646E+2	5.8442755178E-3
9.2584002820E-1	1.5957066092E+2	5.8551025132E-3
9.3170050345E-1	1.8336180791E+2	5.8658316618E-3
9.3757165885E-1	2.0705172317E+2	5.8764627846E-3
9.4345339628E-1	2.3021464431E+2	5.8869957037E-3
9.4934561746E-1	2.5229499733E+2	5.8974302433E-3
9.5524822392E-1	2.7290414180E+2	5.9077662288E-3
9.6116111701E-1	2.9173230973E+2	5.9180034877E-3
9.6708419793E-1	3.0832352940E+2	5.9281418487E-3
9.7301736769E-1	3.2235370472E+2	5.9381811425E-3
9.7896052713E-1	3.3368868876E+2	5.9481212013E-3
9.8491357695E-1	3.4207566952E+2	5.9579618591E-3
9.9087641766E-1	3.4730205447E+2	5.9677029512E-3
9.9684894961E-1	3.4941143804E+2	5.9773443150E-3
1.0028310730E+0	3.4841455795E+2	5.9868857894E-3
1.0088226878E+0	3.4425480948E+2	5.9963272149E-3
1.0148236940E+0	3.3710808442E+2	6.0056684336E-3
1.0208339913E+0	3.2723583952E+2	6.0149092896E-3
1.0268534791E+0	3.1477156309E+2	6.0240496283E-3
1.0328820570E+0	2.9996525169E+2	6.0330892971E-3
1.0389196241E+0	2.8323857956E+2	6.0420281448E-3
1.0449660796E+0	2.6491176183E+2	6.0508660221E-3
1.0510213224E+0	2.4527261900E+2	6.0596027814E-3
1.0570852514E+0	2.2477248162E+2	6.0682382765E-3
1.0631577652E+0	2.0385001150E+2	6.0767723631E-3
1.0692387623E+0	1.8281828532E+2	6.0852048988E-3
1.0753281411E+0	1.6205182427E+2	6.0935357425E-3
1.0814257998E+0	1.4198367899E+2	6.1017647550E-3
1.0875316366E+0	1.2292833340E+2	6.1098917988E-3
1.0936455494E+0	1.0514223522E+2	6.1179167381E-3
1.0997674360E+0	8.8932234500E+1	6.1258394388E-3
1.1058971941E+0	7.4550774147E+1	6.1336597685E-3
1.1120347214E+0	6.2140574244E+1	6.1413775965E-3
1.1181799151E+0	5.1830043789E+1	6.1489927938E-3
1.1243326727E+0	4.3733338886E+1	6.1565052331E-3
1.1304928913E+0	3.7878424501E+1	6.1639147890E-3
1.1366604679E+0	3.4235405398E+1	6.1712213376E-3
1.1428352996E+0	3.2753865782E+1	6.1784247568E-3
1.1490172830E+0	3.3331889452E+1	6.1855249261E-3
1.1552063150E+0	3.5818537822E+1	6.1925217271E-3
1.1614022920E+0	4.0040364368E+1	6.1994150427E-3
1.1676051105E+0	4.5783464611E+1	6.2062047577E-3
1.1738146669E+0	5.2799976800E+1	6.2128907587E-3
1.1800308574E+0	6.0848579636E+1	6.2194729339E-3
1.1862535782E+0	6.9673481604E+1	6.2259511734E-3
1.1924827251E+0	7.8977946656E+1	6.2323253688E-3
1.1987181942E+0	8.8482438128E+1	6.2385954138E-3
1.2049598812E+0	9.7952188924E+1	6.2447612034E-3
1.2112076818E+0	1.0713273838E+2	6.2508226346E-3
1.2174614916E+0	1.1575178744E+2	6.2567796062E-3
1.2237212062E+0	1.2360534014E+2	6.2626320186E-3
1.2299867208E+0	1.3054490602E+2	6.2683797740E-3
1.2362579308E+0	1.3639603110E+2	6.2740227763E-3
1.2425347314E+0	1.4099765094E+2	6.2795609313E-3
1.2488170177E+0	1.4428562776E+2	6.2849941464E-3
1.2551046847E+0	1.4623942174E+2	6.2903223308E-3
1.2613976273E+0	1.4680771246E+2	6.2955453954E-3
1.2676957404E+0	1.4597462300E+2	6.3006632530E-3
1.2739989187E+0	1.4382142541E+2	6.3056758180E-3
1.2803070569E+0	1.4044784737E+2	6.3105830068E-3
1.2866200496E+0	1.3591711902E+2	6.3153847371E-3
1.2929377912E+0	1.3033252958E+2	6.3200809290E-3
1.2992601762E+0	1.2387279270E+2	6.3246715037E-3
1.3055870990E+0	1.1670637115E+2	6.3291563847E-3
1.3119184537E+0	1.0895795841E+2	6.3335354970E-3
1.3182541347E+0	1.0078209614E+2	6.3378087674E-3
1.3245940360E+0	9.2377721281E+1	6.3419761245E-3
1.3309380516E+0	8.3910197573E+1	6.3460374987E-3
1.3372860756E+0	7.5495692729E+1	6.3499928220E-3
1.3436380019E+0	6.7264660084E+1	6.3538420284E-3
1.3499937243E+0	5.9364736779E+1	6.3575850535E-3
1.3563531366E+0	5.1899053313E+1	6.3612218349E-3
1.3627161325E+0	4.4923155119E+1	6.3647523117E-3
1.3690826057E+0	3.8496035803E+1	6.3681764249E-3
1.3754524499E+0	3.2679342797E+1	6.3714941173E-3
1.3818255585E+0	2.7494419811E+1	6.3747053335E-3
1.3882018250E+0	2.2926332214E+1	6.3778100198E-3
1.3945811430E+0	1.8962677414E+1	6.3808081243E-3
1.4009634057E+0	1.5593489604E+1	6.3836995970E-3
1.4073485066E+0	1.2784488234E+1	6.3864843894E-3
1.4137363389E+0	1.0483174065E+1	6.3891624551E-3
1.4201267959E+0	8.6465284540E+0	6.3917337493E-3
1.4265197708E+0	7.2424886205E+0	6.3941982290E-3
1.4329151568E+0	6.2337166519E+0	6.3965558531E-3
1.4393128469E+0	5.5814207410E+0	6.3988065821E-3
1.4457127343E+0	5.2635808628E+0	6.4009503785E-3
1.4521147120E+0	5.2770817054E+0	6.4029872063E-3
1.4585186731E+0	5.6254345167E+0	6.4049170317E-3
1.4649245104E+0	6.3171706165E+0	6.4067398222E-3
1.4713321170E+0	7.3772508381E+0	6.4084555476E-3
1.4777413858E+0	8.8494659250E+0	6.4100641790E-3
1.4841522097E+0	1.0782887529E+1	6.4115656896E-3
1.4905644815E+0	1.3223376484E+1	6.4129600544E-3
1.4969780940E+0	1.6222246201E+1	6.4142472499E-3
1.5033929402E+0	1.9840678698E+1	6.4154272548E-3
1.5098089128E+0	2.4132465945E+1	6.4165000493E-3
1.5162259046E+0	2.9128871484E+1	6.4174656154E-3
1.5226438083E+0	3.4849506853E+1	6.4183239370E-3
1.5290625167E+0	4.1312673750E+1	6.4190749998E-3
1.5354819225E+0	4.8514836031E+1	6.4197187912E-3
1.5419019185E+0	5.6410022086E+1	6.4202553005E-3
1.5483223974E+0	6.4927199187E+1	6.4206845187E-3
1.5547432518E+0	7.3990982702E+1	6.4210064386E-3
1.5611643745E+0	8.3499943025E+1	6.4212210549E-3
1.5675856581E+0	9.3301502940E+1	6.4213283639E-3
1.5740069954E+0	1.0321752839E+2	6.4213283639E-3
1.5804282791E+0	1.1307795832E+2	6.4212210549E-3
1.5868494018E+0	1.2269991077E+2	6.4210064386E-3
1.5932702562E+0	1.3185792454E+2	6.4206845187E-3
1.5996907351E+0	1.4031584352E+2	6.4202553005E-3
1.6061107310E+0	1.4787219260E+2	6.4197187912E-3
1.6125301369E+0	1.5434055175E+2	6.4190749998E-3
1.6189488453E+0	1.5951402252E+2	6.4183239370E-3
1.6253667490E+0	1.6319843087E+2	6.4174656154E-3
1.6317837408E+0	1.6526435788E+2	6.4165000493E-3
1.6381997134E+0	1.6562759691E+2	6.4154272548E-3
1.6446145595E+0	1.6420703108E+2	6.4142472499E-3
1.6510281721E+0	1.6095332720E+2	6.4129600544E-3
1.6574404439E+0	1.5590021827E+2	6.4115656896E-3
1.6638512678E+0	1.4914324653E+2	6.4100641790E-3
1.6702605366E+0	1.4079234439E+2	6.4084555476E-3
1.6766681432E+0	1.3099211356E+2	6.4067398222E-3
1.6830739805E+0	1.1996514404E+2	6.4049170317E-3
1.6894779416E+0	1.0798814591E+2	6.4029872063E-3
1.6958799193E+0	9.5343899606E+1	6.4009503785E-3
1.7022798067E+0	8.2332999151E+1	6.3988065821E-3
1.7086774968E+0	6.9304191321E+1	6.3965558531E-3
1.7150728827E+0	5.6628905516E+1	6.3941982290E-3
1.7214658576E+0	4.4660468002E+1	6.3917337493E-3
1.7278563146E+0	3.3740840382E+1	6.3891624551E-3
1.7342441470E+0	2.4215655305E+1	6.3864843894E-3
1.7406292478E+0	1.6409991095E+1	6.3836995970E-3
1.7470115106E+0	1.0604250576E+1	6.3808081243E-3
1.7533908286E+0	7.0408856906E+0	6.3778100198E-3
1.7597670951E+0	5.9234361867E+0	6.3747053335E-3
1.7661402037E+0	7.3972970027E+0	6.3714941173E-3
1.7725100479E+0	1.1550532030E+1	6.3681764249E-3
1.7788765211E+0	1.8423784862E+1	6.3647523117E-3
1.7852395170E+0	2.7992608090E+1	6.3612218349E-3
1.7915989293E+0	4.0156892180E+1	6.3575850535E-3
1.7979546517E+0	5.4771275630E+1	6.3538420284E-3
1.8043065780E+0	7.1656862809E+1	6.3499928220E-3
1.8106546020E+0	9.0565268917E+1	6.3460374987E-3
1.8169986176E+0	1.1118009278E+2	6.3419761245E-3
1.8233385189E+0	1.3317647758E+2	6.3378087674E-3
1.8296741999E+0	1.5622764251E+2	6.3335354970E-3
1.8360055546E+0	1.7994916124E+2	6.3291563847E-3
1.8423324774E+0	2.0391627484E+2	6.3246715037E-3
1.8486548624E+0	2.2774664338E+2	6.3200809290E-3
1.8549726040E+0	2.5109035972E+2	6.3153847371E-3
1.8612855967E+0	2.7355581787E+2	6.3105830068E-3
1.8675937349E+0	2.9474782903E+2	6.3056758180E-3
1.8738969132E+0	3.1436228894E+2	6.3006632530E-3
1.8801950263E+0	3.3214743131E+2	6.2955453954E-3
1.8864879689E+0	3.4781886600E+2	6.2903223308E-3
1.8927756359E+0	3.6112392909E+2	6.2849941464E-3
1.8990579222E+0	3.7193208382E+2	6.2795609313E-3
1.9053347228E+0	3.8015926551E+2	6.2740227763E-3
1.9116059328E+0	3.8568787876E+2	6.2683797740E-3
1.9178714474E+0	3.8845991480E+2	6.2626320186E-3
1.9241311620E+0	3.8854317846E+2	6.2567796062E-3
1.9303849718E+0	3.8602035106E+2	6.2508226346E-3
1.9366327724E+0	3.8093614886E+2	6.2447612034E-3
1.9428744594E+0	3.7341320113E+2	6.2385954138E-3
1.9491099285E+0	3.6367417878E+2	6.2323253688E-3
1.9553390754E+0	3.5191155247E+2	6.2259511734E-3
1.9615617961E+0	3.3828316560E+2	6.2194729339E-3
1.9677779867E+0	3.2303151529E+2	6.2128907587E-3
1.9739875431E+0	3.0644977891E+2	6.2062047577E-3
1.9801903616E+0	2.8876258879E+2	6.1994150427E-3
1.9863863386E+0	2.7017805683E+2	6.1925217271E-3
1.9925753706E+0	2.5097944954E+2	6.1855249261E-3
1.9987573540E+0	2.3144182490E+2	6.1784247568E-3
2.0049321857E+0	2.1175935994E+2	6.1712213376E-3
2.0110997623E+0	1.9213710067E+2	6.1639147890E-3
2.0172599809E+0	1.7282561302E+2	6.1565052331E-3
2.0234127385E+0	1.5401978636E+2	6.1489927938E-3
2.0295579322E+0	1.3585396289E+2	6.1413775965E-3
2.0356954595E+0	1.1849228801E+2	6.1336597685E-3
2.0418252176E+0	1.0210052845E+2	6.1258394388E-3
2.0479471042E+0	8.6773065812E+1	6.1179167381E-3
2.0540610170E+0	7.2582454042E+1	6.1098917988E-3
2.0601668538E+0	5.9624967400E+1	6.1017647550E-3
2.0662645125E+0	4.7961188675E+1	6.0935357425E-3
2.0723538913E+0	3.7600895364E+1	6.0852048988E-3
2.0784348884E+0	2.8559903550E+1	6.0767723631E-3
2.0845074022E+0	2.0851049114E+1	6.0682382765E-3
2.0905713312E+0	1.4444490302E+1	6.0596027814E-3
2.0966265740E+0	9.2942127057E+0	6.0508660221E-3
2.1026730295E+0	5.3586662337E+0	6.0420281448E-3
2.1087105966E+0	2.5747636110E+0	6.0330892971E-3
2.1147391745E+0	8.5953342765E-1	6.0240496283E-3
2.1207586623E+0	1.2917821503E-1	6.0149092896E-3
2.1267689596E+0	2.9022950784E-1	6.0056684336E-3
2.1327699657E+0	1.2391760199E+0	5.9963272149E-3
2.1387615806E+0	2.8721665732E+0	5.9868857894E-3
2.1447437040E+0	5.0770605475E+0	5.9773443150E-3
2.1507162359E+0	7.7399422100E+0	5.9677029512E-3
2.1566790766E+0	1.0757005284E+1	5.9579618591E-3
2.1626321265E+0	1.4017567629E+1	5.9481212013E-3
2.1685752859E+0	1.7408691337E+1	5.9381811425E-3
2.1745084557E+0	2.0840028736E+1	5.9281418487E-3
2.1804315366E+0	2.4222829430E+1	5.9180034877E-3
2.1863444297E+0	2.7459997993E+1	5.9077662288E-3
2.1922470361E+0	3.0482854975E+1	5.8974302433E-3
2.1981392573E+0	3.3238286513E+1	5.8869957037E-3
2.2040209947E+0	3.5659380411E+1	5.8764627846E-3
2.2098921501E+0	3.7704017620E+1	5.8658316618E-3
2.2157526254E+0	3.9359013151E+1	5.8551025132E-3
2.2216023226E+0	4.0595872330E+1	5.8442755178E-3
2.2274411439E+0	4.1400354172E+1	5.8333508568E-3
2.2332689918E+0	4.1794905485E+1	5.8223287127E-3
2.2390857689E+0	4.1788523737E+1	5.8112092696E-3
2.2448913779E+0	4.1391357018E+1	5.7999927133E-3
2.2506857220E+0	4.0651008426E+1	5.7886792314E-3
2.2564687042E+0	3.9604577876E+1	5.7772690129E-3
2.2622402278E+0	3.8278228323E+1	5.7657622485E-3
2.2680001965E+0	3.6731113620E+1	5.7541591304E-3
2.2737485140E+0	3.5014121784E+1	5.7424598526E-3
2.2794850843E+0	3.3158198772E+1	5.7306646105E-3
2.2852098113E+0	3.1220705650E+1	5.7187736014E-3
2.2909225996E+0	2.9251806335E+1	5.7067870238E-3
2.2966233536E+0	2.7276677914E+1	5.6947050782E-3
2.3023119780E+0	2.5341133034E+1	5.6825279663E-3
2.3079883779E+0	2.3484216704E+1	5.6702558918E-3
2.3136524582E+0	2.1719052833E+1	5.6578890597E-3
2.3193041245E+0	2.0076217531E+1	5.6454276767E-3
2.3249432821E+0	1.8580036285E+1	5.6328719509E-3
2.3305698370E+0	1.7231736354E+1	5.6202220924E-3
2.3361836950E+0	1.6049815701E+1	5.6074783123E-3
2.3417847624E+0	1.5047415797E+1	5.5946408237E-3
2.3473729455E+0	1.4220351692E+1	5.5817098412E-3
2.3529481510E+0	1.3583663744E+1	5.5686855808E-3
2.3585102856E+0	1.3147947100E+1	5.5555682601E-3
2.3640592565E+0	1.2913991395E+1	5.5423580985E-3
2.3695949710E+0	1.2904137759E+1	5.5290553166E-3
2.3751173364E+0	1.3136411197E+1	5.5156601367E-3
2.3806262605E+0	1.3626891354E+1	5.5021727828E-3
2.3861216513E+0	1.4413753174E+1	5.4885934801E-3
2.3916034169E+0	1.5529462573E+1	5.4749224557E-3
2.3970714657E+0	1.7011371718E+1	5.4611599379E-3
2.4025257064E+0	1.8915705368E+1	5.4473061568E-3
2.4079660477E+0	2.1289987635E+1	5.4333613439E-3
2.4133923988E+0	2.4191256913E+1	5.4193257323E-3
2.4188046690E+0	2.7687209163E+1	5.4051995564E-3
2.4242027678E+0	3.1833301739E+1	5.3909830523E-3
2.4295866050E+0	3.6695817860E+1	5.3766764577E-3
2.4349560907E+0	4.2338740458E+1	5.3622800116E-3
2.4403111352E+0	4.8811834953E+1	5.3477939546E-3
2.4456516489E+0	5.6172317649E+1	5.3332185287E-3
2.4509775425E+0	6.4460046326E+1	5.3185539776E-3
2.4562887272E+0	7.3702206089E+1	5.3038005463E-3
2.4615851141E+0	8.3923987773E+1	5.2889584814E-3
2.4668666147E+0	9.5121652801E+1	5.2740280309E-3
2.4721331408E+0	1.0728325939E+2	5.2590094442E-3
2.4773846043E+0	1.2037999090E+2	5.2439029725E-3
2.4826209175E+0	1.3435287674E+2	5.2287088681E-3
2.4878419929E+0	1.4913722374E+2	5.2134273849E-3
2.4930477432E+0	1.6463731989E+2	5.1980587783E-3
2.4982380815E+0	1.8073881975E+2	5.1826033052E-3
2.5034129210E+0	1.9731621255E+2	5.1670612238E-3
2.5085721752E+0	2.1421137581E+2	5.1514327939E-3
2.5137157579E+0	2.3126328891E+2	5.1357182766E-3
2.5188435831E+0	2.4828921809E+2	5.1199179345E-3
2.5239555652E+0	2.6509196833E+2	5.1040320318E-3
2.5290516187E+0	2.8147625516E+2	5.0880608338E-3
2.5341316585E+0	2.9722584054E+2	5.0720046074E-3
2.5391955997E+0	3.1213554562E+2	5.0558636210E-3
2.5442433576E+0	3.2599477446E+2	5.0396381444E-3
2.5492748479E+0	3.3859600635E+2	5.0233284486E-3
2.5542899865E+0	3.4975084396E+2	5.0069348063E-3
2.5592886896E+0	3.5926916863E+2	4.9904574913E-3
2.5642708737E+0	3.6699176251E+2	4.9738967791E-3
2.5692364555E+0	3.7276955474E+2	4.9572529464E-3
2.5741853520E+0	3.7647938199E+2	4.9405262713E-3
2.5791174805E+0	3.7802907300E+2	4.9237170334E-3
2.5840327586E+0	3.7734399958E+2	4.9068255135E-3
2.5889311042E+0	3.7439396101E+2	4.8898519940E-3
2.5938124354E+0	3.6916714621E+2	4.8727967585E-3
2.5986766706E+0	3.6169462456E+2	4.8556600920E-3
2.6035237285E+0	3.5203600639E+2	4.8384422809E-3
2.6083535282E+0	3.4028237898E+2	4.8211436130E-3
2.6131659889E+0	3.2656382461E+2	4.8037643772E-3
2.6179610302E+0	3.1103038116E+2	4.7863048641E-3
2.6227385719E+0	2.9387345178E+2	4.7687653653E-3
2.6274985343E+0	2.7529853917E+2	4.7511461741E-3
2.6322408378E+0	2.5554472103E+2	4.7334475849E-3
2.6369654032E+0	2.3486452256E+2	4.7156698934E-3
2.6416721513E+0	2.1352953912E+2	4.6978133967E-3
2.6463610038E+0	1.9182546165E+2	4.6798783932E-3
2.6510318821E+0	1.7004099804E+2	4.6618651826E-3
2.6556847082E+0	1.4847722461E+2	4.6437740661E-3
2.6603194043E+0	1.2742449230E+2	4.6256053458E-3
2.6649358931E+0	1.0717986329E+2	4.6073593254E-3
2.6695340973E+0	8.8019870960E+1	4.5890363098E-3
2.6741139402E+0	7.0218691016E+1	4.5706366053E-3
2.6786753451E+0	5.4024054694E+1	4.5521605193E-3
2.6832182358E+0	3.9670488144E+1	4.5336083606E-3
2.6877425365E+0	2.7363262936E+1	4.5149804392E-3
2.6922481716E+0	1.7283625208E+1	4.4962770664E-3
2.6967350656E+0	9.5830400510E+0	4.4774985548E-3
2.7012031437E+0	4.3795838262E+0	4.4586452181E-3
2.7056523312E+0	1.7627428674E+0	4.4397173715E-3
2.7100825537E+0	1.7815866667E+0	4.4207153312E-3
2.7144937373E+0	4.4592142553E+0	4.4016394148E-3
2.7188858081E+0	9.7739783041E+0	4.3824899412E-3
2.7232586927E+0	1.7682202180E+1	4.3632672302E-3
2.7276123182E+0	2.8093797620E+1	4.3439716031E-3
2.7319466117E+0	4.0901872799E+1	4.3246033825E-3
2.7362615009E+0	5.5953818572E+1	4.3051628919E-3
2.7405569135E+0	7.3086675783E+1	4.2856504563E-3
2.7448327779E+0	9.2094363210E+1	4.2660664016E-3
2.7490890226E+0	1.1276799009E+2	4.2464110553E-3
2.7533255764E+0	1.3485953447E+2	4.2266847457E-3
2.7575423685E+0	1.5812651631E+2	4.2068878026E-3
2.7617393285E+0	1.8229226654E+2	4.1870205567E-3
2.7659163863E+0	2.0709435759E+2	4.1670833400E-3
2.7700734720E+0	2.3224179821E+2	4.1470764858E-3
2.7742105162E+0	2.5746617652E+2	4.1270003283E-3
2.7783274497E+0	2.8247685225E+2	4.1068552032E-3
2.7824242037E+0	3.0701272607E+2	4.0866414469E-3
2.7865007098E+0	3.3079792878E+2	4.0663593974E-3
2.7905568999E+0	3.5359038994E+2	4.0460093936E-3
2.7945927061E+0	3.7514264295E+2	4.0255917754E-3
2.7986080610E+0	3.9524106882E+2	4.0051068843E-3
2.8026028975E+0	4.1367888520E+2	3.9845550624E-3
2.8065771489E+0	4.3027772792E+2	3.9639366533E-3
2.8105307487E+0	4.4488167571E+2	3.9432520014E-3
2.8144636309E+0	4.5735208108E+2	3.9225014525E-3
2.8183757298E+0	4.6759083556E+2	3.9016853533E-3
2.8222669799E+0	4.7550212852E+2	3.8808040517E-3
2.8261373163E+0	4.8104791750E+2	3.8598578967E-3
2.8299866742E+0	4.8417850528E+2	3.8388472382E-3
2.8338149894E+0	4.8491212680E+2	3.8177724274E-3
2.8376221978E+0	4.8324978895E+2	3.7966338166E-3
2.8414082359E+0	4.7925609673E+2	3.7754317588E-3
2.8451730403E+0	4.7298805575E+2	3.7541666086E-3
2.8489165482E+0	4.6454324126E+2	3.7328387211E-3
2.8526386969E+0	4.5403706567E+2	3.7114484529E-3
2.8563394244E+0	4.4158894559E+2	3.6899961614E-3
2.8600186687E+0	4.2736639088E+2	3.6684822051E-3
2.8636763684E+0	4.1150824421E+2	3.6469069436E-3
2.8673124623E+0	3.9421524888E+2	3.6252707373E-3
2.8709268897E+0	3.7565327166E+2	3.6035739479E-3
2.8745195901E+0	3.5602936600E+2	3.5818169379E-3
2.8780905036E+0	3.3554488899E+2	3.5600000709E-3
2.8816395704E+0	3.1439304655E+2	3.5381237115E-3
2.8851667313E+0	2.9280378533E+2	3.5161882254E-3
2.8886719273E+0	2.7095815280E+2	3.4941939790E-3
2.8921550998E+0	2.4908524050E+2	3.4721413399E-3
2.8956161906E+0	2.2737367911E+2	3.4500306767E-3
2.8990551419E+0	2.0601783550E+2	3.4278623588E-3
2.9024718962E+0	1.8522296584E+2	3.4056367567E-3
2.9058663965E+0	1.6514337643E+2	3.3833542419E-3
2.9092385859E+0	1.4597455529E+2	3.3610151867E-3
2.9125884081E+0	1.2785957848E+2	3.3386199643E-3
2.9159158072E+0	1.1094338676E+2	3.3161689492E-3
2.9192207275E+0	9.5376549774E+1	3.2936625164E-3
2.9225031139E+0	8.1251702342E+1	3.2711010421E-3
2.9257629114E+0	6.8695965916E+1	3.2484849032E-3
2.9290000656E+0	5.7791091654E+1	3.2258144779E-3
2.9322145224E+0	4.8600336218E+1	3.2030901448E-3
2.9354062280E+0	4.1207103985E+1	3.1803122838E-3
2.9385751292E+0	3.5631691422E+1	3.1574812755E-3
2.9417211730E+0	3.1912595232E+1	3.1345975014E-3
2.9448443068E+0	3.0074693253E+1	3.1116613440E-3
2.9479444784E+0	3.0094365022E+1	3.0886731866E-3
2.9510216360E+0	3.1979400943E+1	3.0656334132E-3
2.9540757281E+0	3.5698545919E+1	3.0425424091E-3
2.9571067038E+0	4.1197440809E+1	3.0194005599E-3
2.9601145124E+0	4.8449093932E+1	2.9962082525E-3
2.9630991036E+0	5.7377829165E+1	2.9729658744E-3
2.9660604276E+0	6.7905989306E+1	2.9496738141E-3
2.9689984348E+0	7.9974417048E+1	2.9263324607E-3
2.9719130762E+0	9.3476442031E+1	2.9029422044E-3
2.9748043031E+0	1.0831617248E+2	2.8795034361E-3
2.9776720671E+0	1.2441017190E+2	2.8560165473E-3
2.9805163203E+0	1.4163280250E+2	2.8324819307E-3
2.9833370151E+0	1.5987488514E+2	2.8088999795E-3
2.9861341046E+0	1.7903881453E+2	2.7852710878E-3
2.9889075418E+0	1.9899039457E+2	2.7615956505E-3
2.9916572805E+0	2.1961232562E+2	2.7378740632E-3
2.9943832747E+0	2.4080268060E+2	2.7141067224E-3
2.9970854788E+0	2.6242817691E+2	2.6902940251E-3
2.9997638477E+0	2.8436835665E+2	2.6664363695E-3
3.0024183367E+0	3.0652476166E+2	2.6425341541E-3
3.0050489013E+0	3.2877407615E+2	2.6185877784E-3
3.0076554977E+0	3.5099746264E+2	2.5945976426E-3
3.0102380822E+0	3.7310428611E+2	2.5705641475E-3
3.0127966116E+0	3.9498947123E+2	2.5464876949E-3
3.0153310434E+0	4.1654147474E+2	2.5223686871E-3
3.0178413350E+0	4.3767788723E+2	2.4982075270E-3
3.0203274445E+0	4.5831737595E+2	2.4740046186E-3
3.0227893304E+0	4.7836374978E+2	2.4497603662E-3
3.0252269516E+0	4.9774114263E+2	2.4254751751E-3
3.0276402673E+0	5.1639133735E+2	2.4011494510E-3
3.0300292371E+0	5.3424314956E+2	2.3767836004E-3
3.0323938212E+0	5.5122866874E+2	2.3523780306E-3
3.0347339801E+0	5.6730481385E+2	2.3279331494E-3
3.0370496746E+0	5.8243055323E+2	2.3034493653E-3
3.0393408660E+0	5.9655499641E+2	2.2789270875E-3
3.0416075160E+0	6.0964160205E+2	2.2543667257E-3
3.0438495869E+0	6.2167223947E+2	2.2297686905E-3
3.0460670410E+0	6.3262410258E+2	2.2051333928E-3
3.0482598414E+0	6.4247040828E+2	2.1804612443E-3
3.0504279513E+0	6.5120069794E+2	2.1557526574E-3
3.0525713347E+0	6.5881711417E+2	2.1310080450E-3
3.0546899556E+0	6.6531616420E+2	2.1062278206E-3
3.0567837786E+0	6.7069276611E+2	2.0814123983E-3
3.0588527688E+0	6.7495590840E+2	2.0565621928E-3
3.0608968915E+0	6.7812463489E+2	2.0316776194E-3
3.0629161127E+0	6.8021351132E+2	2.0067590939E-3
3.0649103985E+0	6.8123461996E+2	1.9818070327E-3
3.0668797157E+0	6.8121010158E+2	1.9568218529E-3
3.0688240313E+0	6.8017168292E+2	1.9318039720E-3
3.0707433129E+0	6.7814910767E+2	1.9067538080E-3
3.0726375283E+0	6.7516766801E+2	1.8816717796E-3
3.0745066460E+0	6.7125725038E+2	1.8565583060E-3
3.0763506346E+0	6.6645655341E+2	1.8314138067E-3
3.0781694634E+0	6.6080612493E+2	1.8062387021E-3
3.0799631019E+0	6.5434193535E+2	1.7810334128E-3
3.0817315203E+0	6.4709859499E+2	1.7557983600E-3
3.0834746889E+0	6.3911585081E+2	1.7305339655E-3
3.0851925786E+0	6.3043836658E+2	1.7052406515E-3
3.0868851607E+0	6.2110976018E+2	1.6799188405E-3
3.0885524069E+0	6.1116949872E+2	1.6545689559E-3
3.0901942894E+0	6.0065603310E+2	1.6291914212E-3
3.0918107807E+0	5.8961097637E+2	1.6037866605E-3
3.0934018538E+0	5.7807875053E+2	1.5783550984E-3
3.0949674821E+0	5.6610265709E+2	1.5528971598E-3
3.0965076394E+0	5.5372240347E+2	1.5274132703E-3
3.0980223001E+0	5.4097551408E+2	1.5019038556E-3
3.0995114388E+0	5.2790026823E+2	1.4763693421E-3
3.1009750306E+0	5.1453661634E+2	1.4508101565E-3
3.1024130510E+0	5.0092436421E+2	1.4252267258E-3
3.1038254761E+0	4.8710086642E+2	1.3996194778E-3
3.1052122822E+0	4.7310050708E+2	1.3739888402E-3
3.1065734461E+0	4.5895606412E+2	1.3483352414E-3
3.1079089451E+0	4.4470029334E+2	1.3226591101E-3
3.1092187570E+0	4.3036623642E+2	1.2969608754E-3
3.1105028597E+0	4.1598620471E+2	1.2712409668E-3
3.1117612318E+0	4.0159052583E+2	1.2454998140E-3
3.1129938524E+0	3.8720708991E+2	1.2197378472E-3
3.1142007007E+0	3.7286186732E+2	1.1939554970E-3
3.1153817567E+0	3.5857979898E+2	1.1681531941E-3
3.1165370006E+0	3.4438533835E+2	1.1423313699E-3
3.1176664131E+0	3.3030234972E+2	1.1164904558E-3
3.1187699753E+0	3.1635358326E+2	1.0906308836E-3
3.1198476688E+0	3.0256017160E+2	1.0647530855E-3
3.1208994755E+0	2.8894146507E+2	1.0388574939E-3
3.1219253780E+0	2.7551523517E+2	1.0129445417E-3
3.1229253590E+0	2.6229805621E+2	9.8701466182E-4
3.1238994018E+0	2.4930563013E+2	9.6106828758E-4
3.1248474902E+0	2.3655291713E+2	9.3510585261E-4
3.1257696083E+0	2.2405407543E+2	9.0912779076E-4
3.1266657407E+0	2.1182230795E+2	8.8313453619E-4
3.1275358724E+0	1.9986972998E+2	8.5712652325E-4
3.1283799890E+0	1.8820732808E+2	8.3110418659E-4
3.1291980762E+0	1.7684501909E+2	8.0506796108E-4
3.1299901204E+0	1.6579177373E+2	7.7901828182E-4
3.1307561084E+0	1.5505575496E+2	7.5295558414E-4
3.1314960274E+0	1.4464443196E+2	7.2688030358E-4
3.1322098650E+0	1.3456465243E+2	7.0079287589E-4
3.1328976092E+0	1.2482267631E+2	6.7469373705E-4
3.1335592487E+0	1.1542418582E+2	6.4858332323E-4
3.1341947723E+0	1.0637428912E+2	6.2246207073E-4
3.1348041694E+0	9.7677530617E+1	5.9633041614E-4
3.1353874298E+0	8.9337913849E+1	5.7018879612E-4
3.1359445438E+0	8.1358936921E+1	5.4403764760E-4
3.1364755020E+0	7.3743636614E+1	5.1787740760E-4
3.1369802957E+0	6.6494636090E+1	4.9170851331E-4
3.1374589163E+0	5.9614191801E+1	4.6553140213E-4
3.1379113559E+0	5.3104236696E+1	4.3934651156E-4
3.1383376069E+0	4.6966418491E+1	4.1315427928E-4
3.1387376622E+0	4.1202132965E+1	3.8695514312E-4
3.1391115150E+0	3.5812553008E+1	3.6074954110E-4
3.1394591592E+0	3.0798654380E+1	3.3453791144E-4
3.1397805890E+0	2.6161239075E+1	3.0832069259E-4
3.1400757989E+0	2.1900956943E+1	2.8209832342E-4
3.1403447841E+0	1.8018325959E+1	2.5587124334E-4
3.1405875400E+0	1.4513751291E+1	2.2963989267E-4
3.1408040626E+0	1.1387543132E+1	2.0340471372E-4
3.1409943483E+0	8.6399331993E+0	1.7716615272E-4
3.1411583939E+0	6.2710897072E+0	1.5092466531E-4
3.1412961968E+0	4.2811306040E+0	1.2468073282E-4
3.1414077547E+0	2.6701346239E+0	9.8434919423E-5
3.1414930663E+0	1.4381486295E+0	7.2188137769E-5
3.1415521316E+0	5.8518173174E-1	4.5943520243E-5
3.1415849628E+0	1.1106290784E-1	1.9736940383E-5