# Differential cross section		
# Author: P. Swaczyna	Princeton University	(swaczyna@princeton.edu)
# Date: 	Wed 17 Feb 2021 06:42:37	
# 		
# Indistinguishable particle collision: He^0 + He^+ -> He^0 + He^+		
# 		
# Red. mass: 	1.8640723202E+9	 eV/c^2
# CM energy: 	9.1201083936E-4	 eV
# Rel speed: 	2.9655436577E+4	 cm/s
# Tot sigma: 	2.7262512796E+3	 a.u.
# Int sigma: 	2.7262512796E+3	 a.u.
# 		
# Columns:		
# the <- scattering angle (rad)		
# dcs <- dsigma/dOmega*2*pi*sin(the) (a.u. = 2.8002852056E-17 cm^2)		
# wei <- weight for cross section integration (approx. width of angle bin)		
# 		
# the	dcs	wei
7.6907532846E-6	3.5910703001E+0	1.9736940383E-5
4.0521979771E-5	1.8921032859E+1	4.5943520243E-5
9.9587300392E-5	4.6500083976E+1	7.2188137769E-5
1.8489884726E-4	8.6331852035E+1	9.8434919423E-5
2.9645680168E-4	1.3841070644E+2	1.2468073282E-4
4.3425968311E-4	2.0272354559E+2	1.5092466531E-4
5.9830531657E-4	2.7924632901E+2	1.7716615272E-4
7.8859101285E-4	3.6793937761E+2	2.0340471372E-4
1.0051136166E-3	4.6874181770E+2	2.2963989267E-4
1.2478695220E-3	5.8156532962E+2	2.5587124334E-4
1.5168546797E-3	7.0628738345E+2	2.8209832342E-4
1.8120645986E-3	8.4274420840E+2	3.0832069259E-4
2.1334943481E-3	9.9072382479E+2	3.3453791144E-4
2.4811385584E-3	1.1499595574E+3	3.6074954110E-4
2.8549914211E-3	1.3201245399E+3	3.8695514312E-4
3.2550466893E-3	1.5008277990E+3	4.1315427928E-4
3.6812976783E-3	1.6916125594E+3	4.3934651156E-4
4.1337372652E-3	1.8919574197E+3	4.6553140213E-4
4.6123578895E-3	2.1012809916E+3	4.9170851331E-4
5.1171515529E-3	2.3189504552E+3	5.1787740760E-4
5.6481098199E-3	2.5442942424E+3	5.4403764760E-4
6.2052238176E-3	2.7766187111E+3	5.7018879612E-4
6.7884842360E-3	3.0152282243E+3	5.9633041614E-4
7.3978813281E-3	3.2594475201E+3	6.2246207073E-4
8.0334049101E-3	3.5086446978E+3	6.4858332323E-4
8.6950443616E-3	3.7622526200E+3	6.7469373705E-4
9.3827886258E-3	4.0197861327E+3	7.0079287589E-4
1.0096626210E-2	4.2808523223E+3	7.2688030358E-4
1.0836545184E-2	4.5451511835E+3	7.5295558414E-4
1.1602533184E-2	4.8124646296E+3	7.7901828182E-4
1.2394577408E-2	5.0826328034E+3	8.0506796108E-4
1.3212664621E-2	5.3555181369E+3	8.3110418659E-4
1.4056781152E-2	5.6309594830E+3	8.5712652325E-4
1.4926912893E-2	5.9087207257E+3	8.8313453619E-4
1.5823045305E-2	6.1884403043E+3	9.0912779076E-4
1.6745163410E-2	6.4695896546E+3	9.3510585261E-4
1.7693251801E-2	6.7514492318E+3	9.6106828758E-4
1.8667294632E-2	7.0331100415E+3	9.8701466182E-4
1.9667275626E-2	7.3135060853E+3	1.0129445417E-3
2.0693178073E-2	7.5914787037E+3	1.0388574939E-3
2.1744984827E-2	7.8658677691E+3	1.0647530855E-3
2.2822678313E-2	8.1356179229E+3	1.0906308836E-3
2.3926240519E-2	8.3998819756E+3	1.1164904558E-3
2.5055653005E-2	8.6580999821E+3	1.1423313699E-3
2.6210896896E-2	8.9100330653E+3	1.1681531941E-3
2.7391952886E-2	9.1557368769E+3	1.1939554970E-3
2.8598801239E-2	9.3954705779E+3	1.2197378472E-3
2.9831421786E-2	9.6295518537E+3	1.2454998140E-3
3.1089793929E-2	9.8581838075E+3	1.2712409668E-3
3.2373896638E-2	1.0081291696E+4	1.2969608754E-3
3.3683708455E-2	1.0298412306E+4	1.3226591101E-3
3.5019207490E-2	1.0508673060E+4	1.3483352414E-3
3.6380371427E-2	1.0710880458E+4	1.3739888402E-3
3.7767177517E-2	1.0903710058E+4	1.3996194778E-3
3.9179602586E-2	1.1085958664E+4	1.4252267258E-3
4.0617623030E-2	1.1256792932E+4	1.4508101565E-3
4.2081214817E-2	1.1415917808E+4	1.4763693421E-3
4.3570353490E-2	1.1563600982E+4	1.5019038556E-3
4.5085014162E-2	1.1700527229E+4	1.5274132703E-3
4.6625171522E-2	1.1827510553E+4	1.5528971598E-3
4.8190799831E-2	1.1945146082E+4	1.5783550984E-3
4.9781872927E-2	1.2053517146E+4	1.6037866605E-3
5.1398364219E-2	1.2152069519E+4	1.6291914212E-3
5.3040246694E-2	1.2239718209E+4	1.6545689559E-3
5.4707492914E-2	1.2315171792E+4	1.6799188405E-3
5.6400075017E-2	1.2377370506E+4	1.7052406515E-3
5.8117964718E-2	1.2425872867E+4	1.7305339655E-3
5.9861133308E-2	1.2461024744E+4	1.7557983600E-3
6.1629551657E-2	1.2483817670E+4	1.7810334128E-3
6.3423190212E-2	1.2495469904E+4	1.8062387021E-3
6.5242019000E-2	1.2496893537E+4	1.8314138067E-3
6.7086007624E-2	1.2488281947E+4	1.8565583060E-3
6.8955125270E-2	1.2469020660E+4	1.8816717796E-3
7.0849340702E-2	1.2437990515E+4	1.9067538080E-3
7.2768622264E-2	1.2394145120E+4	1.9318039720E-3
7.4712937885E-2	1.2337092167E+4	1.9568218529E-3
7.6682255070E-2	1.2267377543E+4	1.9818070327E-3
7.8676540910E-2	1.2186300233E+4	2.0067590939E-3
8.0695762079E-2	1.2095326887E+4	2.0316776194E-3
8.2739884832E-2	1.1995404618E+4	2.0565621928E-3
8.4808875009E-2	1.1886553451E+4	2.0814123983E-3
8.6902698034E-2	1.1767988985E+4	2.1062278206E-3
8.9021318917E-2	1.1638732757E+4	2.1310080450E-3
9.1164702253E-2	1.1498369309E+4	2.1557526574E-3
9.3332812224E-2	1.1347490782E+4	2.1804612443E-3
9.5525612596E-2	1.1187533042E+4	2.2051333928E-3
9.7743066726E-2	1.1020080373E+4	2.2297686905E-3
9.9985137556E-2	1.0846071003E+4	2.2543667257E-3
1.0225178762E-1	1.0665428102E+4	2.2789270875E-3
1.0454297904E-1	1.0477381590E+4	2.3034493653E-3
1.0685867352E-1	1.0281282049E+4	2.3279331494E-3
1.0919883237E-1	1.0077347966E+4	2.3523780306E-3
1.1156341648E-1	9.8668048022E+3	2.3767836004E-3
1.1395238633E-1	9.6512961732E+3	2.4011494510E-3
1.1636570200E-1	9.4319893329E+3	2.4254751751E-3
1.1880332317E-1	9.2090472981E+3	2.4497603662E-3
1.2126520909E-1	8.9818805851E+3	2.4740046186E-3
1.2375131862E-1	8.7499924546E+3	2.4982075270E-3
1.2626161023E-1	8.5137488344E+3	2.5223686871E-3
1.2879604195E-1	8.2744432699E+3	2.5464876949E-3
1.3135457143E-1	8.0335966413E+3	2.5705641475E-3
1.3393715592E-1	7.7920781448E+3	2.5945976426E-3
1.3654375226E-1	7.5497978401E+3	2.6185877784E-3
1.3917431689E-1	7.3062347034E+3	2.6425341541E-3
1.4182880585E-1	7.0613295232E+3	2.6664363695E-3
1.4450717478E-1	6.8159378756E+3	2.6902940251E-3
1.4720937892E-1	6.5714336388E+3	2.7141067224E-3
1.4993537310E-1	6.3288425705E+3	2.7378740632E-3
1.5268511179E-1	6.0883275286E+3	2.7615956505E-3
1.5545854902E-1	5.8495050148E+3	2.7852710878E-3
1.5825563845E-1	5.6122642745E+3	2.8088999795E-3
1.6107633333E-1	5.3772703535E+3	2.8324819307E-3
1.6392058653E-1	5.1456600626E+3	2.8560165473E-3
1.6678835052E-1	4.9182688983E+3	2.8795034361E-3
1.6967957737E-1	4.6951992032E+3	2.9029422044E-3
1.7259421876E-1	4.4761573693E+3	2.9263324607E-3
1.7553222599E-1	4.2611636963E+3	2.9496738141E-3
1.7849354996E-1	4.0508574720E+3	2.9729658744E-3
1.8147814117E-1	3.8460937837E+3	2.9962082525E-3
1.8448594977E-1	3.6473236260E+3	3.0194005599E-3
1.8751692548E-1	3.4544584879E+3	3.0425424091E-3
1.9057101764E-1	3.2673264269E+3	3.0656334132E-3
1.9364817522E-1	3.0861467706E+3	3.0886731866E-3
1.9674834681E-1	2.9114762103E+3	3.1116613440E-3
1.9987148058E-1	2.7437487343E+3	3.1345975014E-3
2.0301752435E-1	2.5830024477E+3	3.1574812755E-3
2.0618642554E-1	2.4290917885E+3	3.1803122838E-3
2.0937813120E-1	2.2820545029E+3	3.2030901448E-3
2.1259258799E-1	2.1421564881E+3	3.2258144779E-3
2.1582974219E-1	2.0096158935E+3	3.2484849032E-3
2.1908953970E-1	1.8844251495E+3	3.2711010421E-3
2.2237192605E-1	1.7664849172E+3	3.2936625164E-3
2.2567684639E-1	1.6557943069E+3	3.3161689492E-3
2.2900424548E-1	1.5524078513E+3	3.3386199643E-3
2.3235406772E-1	1.4562740289E+3	3.3610151867E-3
2.3572625713E-1	1.3672536742E+3	3.3833542419E-3
2.3912075735E-1	1.2852826795E+3	3.4056367567E-3
2.4253751167E-1	1.2103658612E+3	3.4278623588E-3
2.4597646298E-1	1.1423707791E+3	3.4500306767E-3
2.4943755380E-1	1.0809796665E+3	3.4721413399E-3
2.5292072631E-1	1.0259496761E+3	3.4941939790E-3
2.5642592230E-1	9.7728088928E+2	3.5161882254E-3
2.5995308318E-1	9.3495347786E+2	3.5381237115E-3
2.6350215001E-1	8.9860191534E+2	3.5600000709E-3
2.6707306349E-1	8.6769709443E+2	3.5818169379E-3
2.7066576394E-1	8.4202589734E+2	3.6035739479E-3
2.7428019131E-1	8.2168187418E+2	3.6252707373E-3
2.7791628522E-1	8.0649742532E+2	3.6469069436E-3
2.8157398488E-1	7.9582250096E+2	3.6684822051E-3
2.8525322919E-1	7.8909239503E+2	3.6899961614E-3
2.8895395665E-1	7.8630196368E+2	3.7114484529E-3
2.9267610542E-1	7.8754163281E+2	3.7328387211E-3
2.9641961330E-1	7.9230387096E+2	3.7541666086E-3
3.0018441773E-1	7.9976376715E+2	3.7754317588E-3
3.0397045579E-1	8.0963906723E+2	3.7966338166E-3
3.0777766421E-1	8.2215167562E+2	3.8177724274E-3
3.1160597938E-1	8.3708194205E+2	3.8388472382E-3
3.1545533730E-1	8.5354890707E+2	3.8598578967E-3
3.1932567367E-1	8.7097383504E+2	3.8808040517E-3
3.2321692379E-1	8.8955741839E+2	3.9016853533E-3
3.2712902264E-1	9.0936447659E+2	3.9225014525E-3
3.3106190484E-1	9.2962248734E+2	3.9432520014E-3
3.3501550468E-1	9.4955085348E+2	3.9639366533E-3
3.3898975607E-1	9.6925591339E+2	3.9845550624E-3
3.4298459261E-1	9.8901414804E+2	4.0051068843E-3
3.4699994753E-1	1.0082300502E+3	4.0255917754E-3
3.5103575373E-1	1.0260405333E+3	4.0460093936E-3
3.5509194378E-1	1.0424726093E+3	4.0663593974E-3
3.5916844988E-1	1.0579437984E+3	4.0866414469E-3
3.6326520391E-1	1.0720261118E+3	4.1068552032E-3
3.6738213741E-1	1.0838666551E+3	4.1270003283E-3
3.7151918157E-1	1.0934804846E+3	4.1470764858E-3
3.7567626728E-1	1.1013814987E+3	4.1670833400E-3
3.7985332504E-1	1.1072575665E+3	4.1870205567E-3
3.8405028507E-1	1.1103255940E+3	4.2068878026E-3
3.8826707721E-1	1.1106727156E+3	4.2266847457E-3
3.9250363101E-1	1.1088792810E+3	4.2464110553E-3
3.9675987567E-1	1.1046822736E+3	4.2660664016E-3
4.0103574005E-1	1.0974125114E+3	4.2856504563E-3
4.0533115271E-1	1.0873055356E+3	4.3051628919E-3
4.0964604185E-1	1.0749691455E+3	4.3246033825E-3
4.1398033538E-1	1.0601269539E+3	4.3439716031E-3
4.1833396086E-1	1.0422740767E+3	4.3632672302E-3
4.2270684554E-1	1.0218422794E+3	4.3824899412E-3
4.2709891633E-1	9.9939961549E+2	4.4016394148E-3
4.3151009985E-1	9.7462005981E+2	4.4207153312E-3
4.3594032237E-1	9.4723039858E+2	4.4397173715E-3
4.4038950986E-1	9.1785227581E+2	4.4586452181E-3
4.4485758797E-1	8.8691923779E+2	4.4774985548E-3
4.4934448203E-1	8.5407358168E+2	4.4962770664E-3
4.5385011706E-1	8.1934299411E+2	4.5149804392E-3
4.5837441776E-1	7.8345293204E+2	4.5336083606E-3
4.6291730852E-1	7.4661398933E+2	4.5521605193E-3
4.6747871344E-1	7.0852787245E+2	4.5706366053E-3
4.7205855627E-1	6.6954477361E+2	4.5890363098E-3
4.7665676049E-1	6.3032875969E+2	4.6073593254E-3
4.8127324926E-1	5.9085045981E+2	4.6256053458E-3
4.8590794542E-1	5.5101078988E+2	4.6437740661E-3
4.9056077152E-1	5.1139154051E+2	4.6618651826E-3
4.9523164982E-1	4.7241304609E+2	4.6798783932E-3
4.9992050224E-1	4.3391563724E+2	4.6978133967E-3
5.0462725044E-1	3.9609542699E+2	4.7156698934E-3
5.0935181576E-1	3.5954531025E+2	4.7334475849E-3
5.1409411924E-1	3.2436410526E+2	4.7511461741E-3
5.1885408164E-1	2.9046653873E+2	4.7687653653E-3
5.2363162341E-1	2.5827756869E+2	4.7863048641E-3
5.2842666471E-1	2.2815266425E+2	4.8037643772E-3
5.3323912540E-1	1.9998683500E+2	4.8211436130E-3
5.3806892508E-1	1.7391426256E+2	4.8384422809E-3
5.4291598301E-1	1.5034441949E+2	4.8556600920E-3
5.4778021821E-1	1.2930792725E+2	4.8727967585E-3
5.5266154939E-1	1.1073268331E+2	4.8898519940E-3
5.5755989496E-1	9.4895704232E+1	4.9068255135E-3
5.6247517308E-1	8.1948927822E+1	4.9237170334E-3
5.6740730160E-1	7.1755860413E+1	4.9405262713E-3
5.7235619810E-1	6.4395762065E+1	4.9572529464E-3
5.7732177988E-1	6.0040094649E+1	4.9738967791E-3
5.8230396395E-1	5.8575233866E+1	4.9904574913E-3
5.8730266706E-1	5.9917413766E+1	5.0069348063E-3
5.9231780568E-1	6.4165081987E+1	5.0233284486E-3
5.9734929598E-1	7.1239649263E+1	5.0396381444E-3
6.0239705389E-1	8.0962619893E+1	5.0558636210E-3
6.0746099506E-1	9.3319413522E+1	5.0720046074E-3
6.1254103485E-1	1.0823741168E+2	5.0880608338E-3
6.1763708838E-1	1.2549792244E+2	5.1040320318E-3
6.2274907048E-1	1.4497996912E+2	5.1199179345E-3
6.2787689573E-1	1.6658502088E+2	5.1357182766E-3
6.3302047843E-1	1.9008230588E+2	5.1514327939E-3
6.3817973262E-1	2.1527358844E+2	5.1670612238E-3
6.4335457209E-1	2.4201924705E+2	5.1826033052E-3
6.4854491036E-1	2.7008654283E+2	5.1980587783E-3
6.5375066070E-1	2.9923194711E+2	5.2134273849E-3
6.5897173609E-1	3.2927773338E+2	5.2287088681E-3
6.6420804930E-1	3.5999380443E+2	5.2439029725E-3
6.6945951283E-1	3.9111748668E+2	5.2590094442E-3
6.7472603890E-1	4.2244716364E+2	5.2740280309E-3
6.8000753951E-1	4.5376224328E+2	5.2889584814E-3
6.8530392640E-1	4.8480051767E+2	5.3038005463E-3
6.9061511106E-1	5.1535445424E+2	5.3185539776E-3
6.9594100473E-1	5.4522400953E+2	5.3332185287E-3
7.0128151841E-1	5.7416265885E+2	5.3477939546E-3
7.0663656285E-1	6.0197390710E+2	5.3622800116E-3
7.1200604856E-1	6.2849190374E+2	5.3766764577E-3
7.1738988581E-1	6.5349840425E+2	5.3909830523E-3
7.2278798463E-1	6.7682180904E+2	5.4051995564E-3
7.2820025482E-1	6.9834410502E+2	5.4193257323E-3
7.3362660591E-1	7.1788570349E+2	5.4333613439E-3
7.3906694724E-1	7.3531018739E+2	5.4473061568E-3
7.4452118788E-1	7.5055881540E+2	5.4611599379E-3
7.4998923669E-1	7.6349813468E+2	5.4749224557E-3
7.5547100229E-1	7.7403378550E+2	5.4885934801E-3
7.6096639308E-1	7.8217411536E+2	5.5021727828E-3
7.6647531721E-1	7.8783532059E+2	5.5156601367E-3
7.7199768263E-1	7.9096888795E+2	5.5290553166E-3
7.7753339704E-1	7.9165372376E+2	5.5423580985E-3
7.8308236795E-1	7.8985432633E+2	5.5555682601E-3
7.8864450262E-1	7.8556914394E+2	5.5686855808E-3
7.9421970809E-1	7.7894642706E+2	5.5817098412E-3
7.9980789121E-1	7.6999241062E+2	5.5946408237E-3
8.0540895857E-1	7.5875150464E+2	5.6074783123E-3
8.1102281659E-1	7.4543521475E+2	5.6202220924E-3
8.1664937145E-1	7.3008010208E+2	5.6328719509E-3
8.2228852912E-1	7.1277415332E+2	5.6454276767E-3
8.2794019536E-1	6.9378099184E+2	5.6578890597E-3
8.3360427572E-1	6.7315245792E+2	5.6702558918E-3
8.3928067556E-1	6.5101712293E+2	5.6825279663E-3
8.4496930000E-1	6.2767439368E+2	5.6947050782E-3
8.5067005399E-1	6.0317478111E+2	5.7067870238E-3
8.5638284226E-1	5.7768438681E+2	5.7187736014E-3
8.6210756934E-1	5.5151692618E+2	5.7306646105E-3
8.6784413956E-1	5.2470625916E+2	5.7424598526E-3
8.7359245705E-1	4.9745282794E+2	5.7541591304E-3
8.7935242576E-1	4.7005867017E+2	5.7657622485E-3
8.8512394943E-1	4.4253025194E+2	5.7772690129E-3
8.9090693161E-1	4.1509801026E+2	5.7886792314E-3
8.9670127565E-1	3.8802352255E+2	5.7999927133E-3
9.0250688473E-1	3.6128275728E+2	5.8112092696E-3
9.0832366182E-1	3.3512862867E+2	5.8223287127E-3
9.1415150972E-1	3.0975397101E+2	5.8333508568E-3
9.1999033104E-1	2.8511057968E+2	5.8442755178E-3
9.2584002820E-1	2.6146064882E+2	5.8551025132E-3
9.3170050345E-1	2.3890550752E+2	5.8658316618E-3
9.3757165885E-1	2.1738784905E+2	5.8764627846E-3
9.4345339628E-1	1.9715846762E+2	5.8869957037E-3
9.4934561746E-1	1.7821605531E+2	5.8974302433E-3
9.5524822392E-1	1.6051401355E+2	5.9077662288E-3
9.6116111701E-1	1.4426418388E+2	5.9180034877E-3
9.6708419793E-1	1.2936857791E+2	5.9281418487E-3
9.7301736769E-1	1.1580876014E+2	5.9381811425E-3
9.7896052713E-1	1.0372773965E+2	5.9481212013E-3
9.8491357695E-1	9.2956010215E+1	5.9579618591E-3
9.9087641766E-1	8.3510203641E+1	5.9677029512E-3
9.9684894961E-1	7.5440960169E+1	5.9773443150E-3
1.0028310730E+0	6.8547722428E+1	5.9868857894E-3
1.0088226878E+0	6.2872958782E+1	5.9963272149E-3
1.0148236940E+0	5.8368272174E+1	6.0056684336E-3
1.0208339913E+0	5.4846976447E+1	6.0149092896E-3
1.0268534791E+0	5.2353191584E+1	6.0240496283E-3
1.0328820570E+0	5.0757170024E+1	6.0330892971E-3
1.0389196241E+0	4.9920302889E+1	6.0420281448E-3
1.0449660796E+0	4.9859210387E+1	6.0508660221E-3
1.0510213224E+0	5.0403503730E+1	6.0596027814E-3
1.0570852514E+0	5.1473227544E+1	6.0682382765E-3
1.0631577652E+0	5.3039390576E+1	6.0767723631E-3
1.0692387623E+0	5.4941518222E+1	6.0852048988E-3
1.0753281411E+0	5.7142739234E+1	6.0935357425E-3
1.0814257998E+0	5.9575094815E+1	6.1017647550E-3
1.0875316366E+0	6.2127018193E+1	6.1098917988E-3
1.0936455494E+0	6.4775380676E+1	6.1179167381E-3
1.0997674360E+0	6.7445659161E+1	6.1258394388E-3
1.1058971941E+0	7.0084075309E+1	6.1336597685E-3
1.1120347214E+0	7.2660880056E+1	6.1413775965E-3
1.1181799151E+0	7.5136161086E+1	6.1489927938E-3
1.1243326727E+0	7.7490545998E+1	6.1565052331E-3
1.1304928913E+0	7.9695155245E+1	6.1639147890E-3
1.1366604679E+0	8.1766473655E+1	6.1712213376E-3
1.1428352996E+0	8.3684120924E+1	6.1784247568E-3
1.1490172830E+0	8.5453911362E+1	6.1855249261E-3
1.1552063150E+0	8.7130639085E+1	6.1925217271E-3
1.1614022920E+0	8.8677888207E+1	6.1994150427E-3
1.1676051105E+0	9.0169133347E+1	6.2062047577E-3
1.1738146669E+0	9.1646401853E+1	6.2128907587E-3
1.1800308574E+0	9.3082768836E+1	6.2194729339E-3
1.1862535782E+0	9.4614350114E+1	6.2259511734E-3
1.1924827251E+0	9.6223543432E+1	6.2323253688E-3
1.1987181942E+0	9.7944659163E+1	6.2385954138E-3
1.2049598812E+0	9.9917482501E+1	6.2447612034E-3
1.2112076818E+0	1.0206596279E+2	6.2508226346E-3
1.2174614916E+0	1.0451669292E+2	6.2567796062E-3
1.2237212062E+0	1.0732850030E+2	6.2626320186E-3
1.2299867208E+0	1.1042806033E+2	6.2683797740E-3
1.2362579308E+0	1.1399907690E+2	6.2740227763E-3
1.2425347314E+0	1.1797109034E+2	6.2795609313E-3
1.2488170177E+0	1.2235315223E+2	6.2849941464E-3
1.2551046847E+0	1.2728550321E+2	6.2903223308E-3
1.2613976273E+0	1.3260518344E+2	6.2955453954E-3
1.2676957404E+0	1.3842970532E+2	6.3006632530E-3
1.2739989187E+0	1.4475224006E+2	6.3056758180E-3
1.2803070569E+0	1.5142538689E+2	6.3105830068E-3
1.2866200496E+0	1.5860514862E+2	6.3153847371E-3
1.2929377912E+0	1.6611494778E+2	6.3200809290E-3
1.2992601762E+0	1.7392199692E+2	6.3246715037E-3
1.3055870990E+0	1.8209074256E+2	6.3291563847E-3
1.3119184537E+0	1.9036612338E+2	6.3335354970E-3
1.3182541347E+0	1.9883285962E+2	6.3378087674E-3
1.3245940360E+0	2.0737348900E+2	6.3419761245E-3
1.3309380516E+0	2.1580008718E+2	6.3460374987E-3
1.3372860756E+0	2.2420781121E+2	6.3499928220E-3
1.3436380019E+0	2.3233005510E+2	6.3538420284E-3
1.3499937243E+0	2.4013241299E+2	6.3575850535E-3
1.3563531366E+0	2.4758824307E+2	6.3612218349E-3
1.3627161325E+0	2.5442468819E+2	6.3647523117E-3
1.3690826057E+0	2.6071772242E+2	6.3681764249E-3
1.3754524499E+0	2.6627877321E+2	6.3714941173E-3
1.3818255585E+0	2.7097257928E+2	6.3747053335E-3
1.3882018250E+0	2.7485484067E+2	6.3778100198E-3
1.3945811430E+0	2.7767040591E+2	6.3808081243E-3
1.4009634057E+0	2.7945378218E+2	6.3836995970E-3
1.4073485066E+0	2.8014400973E+2	6.3864843894E-3
1.4137363389E+0	2.7957456277E+2	6.3891624551E-3
1.4201267959E+0	2.7785739910E+2	6.3917337493E-3
1.4265197708E+0	2.7484232127E+2	6.3941982290E-3
1.4329151568E+0	2.7053912611E+2	6.3965558531E-3
1.4393128469E+0	2.6501842839E+2	6.3988065821E-3
1.4457127343E+0	2.5816492903E+2	6.4009503785E-3
1.4521147120E+0	2.5012467408E+2	6.4029872063E-3
1.4585186731E+0	2.4089385669E+2	6.4049170317E-3
1.4649245104E+0	2.3049875028E+2	6.4067398222E-3
1.4713321170E+0	2.1911236944E+2	6.4084555476E-3
1.4777413858E+0	2.0672765052E+2	6.4100641790E-3
1.4841522097E+0	1.9351449195E+2	6.4115656896E-3
1.4905644815E+0	1.7960431960E+2	6.4129600544E-3
1.4969780940E+0	1.6507837987E+2	6.4142472499E-3
1.5033929402E+0	1.5016727606E+2	6.4154272548E-3
1.5098089128E+0	1.3498143811E+2	6.4165000493E-3
1.5162259046E+0	1.1971103132E+2	6.4174656154E-3
1.5226438083E+0	1.0457087840E+2	6.4183239370E-3
1.5290625167E+0	8.9709089974E+1	6.4190749998E-3
1.5354819225E+0	7.5367441668E+1	6.4197187912E-3
1.5419019185E+0	6.1734314658E+1	6.4202553005E-3
1.5483223974E+0	4.9012048293E+1	6.4206845187E-3
1.5547432518E+0	3.7427915924E+1	6.4210064386E-3
1.5611643745E+0	2.7171877717E+1	6.4212210549E-3
1.5675856581E+0	1.8456812170E+1	6.4213283639E-3
1.5740069954E+0	1.1477375801E+1	6.4213283639E-3
1.5804282791E+0	6.4267817360E+0	6.4212210549E-3
1.5868494018E+0	3.4773644035E+0	6.4210064386E-3
1.5932702562E+0	2.8051865276E+0	6.4206845187E-3
1.5996907351E+0	4.5635044531E+0	6.4202553005E-3
1.6061107310E+0	8.8756483892E+0	6.4197187912E-3
1.6125301369E+0	1.5890221361E+1	6.4190749998E-3
1.6189488453E+0	2.5678336087E+1	6.4183239370E-3
1.6253667490E+0	3.8334779731E+1	6.4174656154E-3
1.6317837408E+0	5.3932192910E+1	6.4165000493E-3
1.6381997134E+0	7.2465378584E+1	6.4154272548E-3
1.6446145595E+0	9.3996424968E+1	6.4142472499E-3
1.6510281721E+0	1.1847895732E+2	6.4129600544E-3
1.6574404439E+0	1.4587206819E+2	6.4115656896E-3
1.6638512678E+0	1.7615635401E+2	6.4100641790E-3
1.6702605366E+0	2.0917954017E+2	6.4084555476E-3
1.6766681432E+0	2.4488277092E+2	6.4067398222E-3
1.6830739805E+0	2.8311534835E+2	6.4049170317E-3
1.6894779416E+0	3.2368063357E+2	6.4029872063E-3
1.6958799193E+0	3.6646590388E+2	6.4009503785E-3
1.7022798067E+0	4.1119686401E+2	6.3988065821E-3
1.7086774968E+0	4.5768193668E+2	6.3965558531E-3
1.7150728827E+0	5.0570036175E+2	6.3941982290E-3
1.7214658576E+0	5.5492486334E+2	6.3917337493E-3
1.7278563146E+0	6.0516014234E+2	6.3891624551E-3
1.7342441470E+0	6.5606918129E+2	6.3864843894E-3
1.7406292478E+0	7.0734934258E+2	6.3836995970E-3
1.7470115106E+0	7.5875308048E+2	6.3808081243E-3
1.7533908286E+0	8.0988841816E+2	6.3778100198E-3
1.7597670951E+0	8.6050292107E+2	6.3747053335E-3
1.7661402037E+0	9.1027036822E+2	6.3714941173E-3
1.7725100479E+0	9.5883344415E+2	6.3681764249E-3
1.7788765211E+0	1.0059593764E+3	6.3647523117E-3
1.7852395170E+0	1.0512792869E+3	6.3612218349E-3
1.7915989293E+0	1.0945253771E+3	6.3575850535E-3
1.7979546517E+0	1.1354469700E+3	6.3538420284E-3
1.8043065780E+0	1.1737119449E+3	6.3499928220E-3
1.8106546020E+0	1.2091367985E+3	6.3460374987E-3
1.8169986176E+0	1.2414576193E+3	6.3419761245E-3
1.8233385189E+0	1.2704465808E+3	6.3378087674E-3
1.8296741999E+0	1.2959678423E+3	6.3335354970E-3
1.8360055546E+0	1.3177951093E+3	6.3291563847E-3
1.8423324774E+0	1.3358220705E+3	6.3246715037E-3
1.8486548624E+0	1.3499396676E+3	6.3200809290E-3
1.8549726040E+0	1.3600182710E+3	6.3153847371E-3
1.8612855967E+0	1.3660470092E+3	6.3105830068E-3
1.8675937349E+0	1.3679593114E+3	6.3056758180E-3
1.8738969132E+0	1.3657493232E+3	6.3006632530E-3
1.8801950263E+0	1.3594681538E+3	6.2955453954E-3
1.8864879689E+0	1.3491264856E+3	6.2903223308E-3
1.8927756359E+0	1.3348281754E+3	6.2849941464E-3
1.8990579222E+0	1.3166733670E+3	6.2795609313E-3
1.9053347228E+0	1.2947716060E+3	6.2740227763E-3
1.9116059328E+0	1.2693022259E+3	6.2683797740E-3
1.9178714474E+0	1.2404214392E+3	6.2626320186E-3
1.9241311620E+0	1.2083292846E+3	6.2567796062E-3
1.9303849718E+0	1.1732523500E+3	6.2508226346E-3
1.9366327724E+0	1.1354098936E+3	6.2447612034E-3
1.9428744594E+0	1.0950621749E+3	6.2385954138E-3
1.9491099285E+0	1.0524703309E+3	6.2323253688E-3
1.9553390754E+0	1.0079066039E+3	6.2259511734E-3
1.9615617961E+0	9.6165917088E+2	6.2194729339E-3
1.9677779867E+0	9.1401768145E+2	6.2128907587E-3
1.9739875431E+0	8.6528001376E+2	6.2062047577E-3
1.9801903616E+0	8.1574114330E+2	6.1994150427E-3
1.9863863386E+0	7.6570637650E+2	6.1925217271E-3
1.9925753706E+0	7.1546748655E+2	6.1855249261E-3
1.9987573540E+0	6.6531534445E+2	6.1784247568E-3
2.0049321857E+0	6.1554651277E+2	6.1712213376E-3
2.0110997623E+0	5.6642371302E+2	6.1639147890E-3
2.0172599809E+0	5.1822374194E+2	6.1565052331E-3
2.0234127385E+0	4.7120511720E+2	6.1489927938E-3
2.0295579322E+0	4.2559145389E+2	6.1413775965E-3
2.0356954595E+0	3.8162933673E+2	6.1336597685E-3
2.0418252176E+0	3.3951614277E+2	6.1258394388E-3
2.0479471042E+0	2.9943422809E+2	6.1179167381E-3
2.0540610170E+0	2.6157849673E+2	6.1098917988E-3
2.0601668538E+0	2.2607541942E+2	6.1017647550E-3
2.0662645125E+0	1.9306417083E+2	6.0935357425E-3
2.0723538913E+0	1.6266822176E+2	6.0852048988E-3
2.0784348884E+0	1.3494630792E+2	6.0767723631E-3
2.0845074022E+0	1.0998863777E+2	6.0682382765E-3
2.0905713312E+0	8.7836768590E+1	6.0596027814E-3
2.0966265740E+0	6.8492106502E+1	6.0508660221E-3
2.1026730295E+0	5.1987668966E+1	6.0420281448E-3
2.1087105966E+0	3.8285306148E+1	6.0330892971E-3
2.1147391745E+0	2.7340391508E+1	6.0240496283E-3
2.1207586623E+0	1.9122806154E+1	6.0149092896E-3
2.1267689596E+0	1.3527834510E+1	6.0056684336E-3
2.1327699657E+0	1.0473489290E+1	5.9963272149E-3
2.1387615806E+0	9.8672449014E+0	5.9868857894E-3
2.1447437040E+0	1.1556989332E+1	5.9773443150E-3
2.1507162359E+0	1.5429421874E+1	5.9677029512E-3
2.1566790766E+0	2.1338649981E+1	5.9579618591E-3
2.1626321265E+0	2.9105196809E+1	5.9481212013E-3
2.1685752859E+0	3.8589952124E+1	5.9381811425E-3
2.1745084557E+0	4.9609555211E+1	5.9281418487E-3
2.1804315366E+0	6.1974610440E+1	5.9180034877E-3
2.1863444297E+0	7.5527331446E+1	5.9077662288E-3
2.1922470361E+0	9.0066313813E+1	5.8974302433E-3
2.1981392573E+0	1.0540583896E+2	5.8869957037E-3
2.2040209947E+0	1.2137915830E+2	5.8764627846E-3
2.2098921501E+0	1.3778615983E+2	5.8658316618E-3
2.2157526254E+0	1.5445483660E+2	5.8551025132E-3
2.2216023226E+0	1.7122123675E+2	5.8442755178E-3
2.2274411439E+0	1.8790304011E+2	5.8333508568E-3
2.2332689918E+0	2.0434930226E+2	5.8223287127E-3
2.2390857689E+0	2.2041114283E+2	5.8112092696E-3
2.2448913779E+0	2.3593622926E+2	5.7999927133E-3
2.2506857220E+0	2.5080008309E+2	5.7886792314E-3
2.2564687042E+0	2.6487990245E+2	5.7772690129E-3
2.2622402278E+0	2.7806089657E+2	5.7657622485E-3
2.2680001965E+0	2.9024881011E+2	5.7541591304E-3
2.2737485140E+0	3.0135521458E+2	5.7424598526E-3
2.2794850843E+0	3.1130616286E+2	5.7306646105E-3
2.2852098113E+0	3.2003965956E+2	5.7187736014E-3
2.2909225996E+0	3.2750641742E+2	5.7067870238E-3
2.2966233536E+0	3.3367310802E+2	5.6947050782E-3
2.3023119780E+0	3.3851008538E+2	5.6825279663E-3
2.3079883779E+0	3.4200827643E+2	5.6702558918E-3
2.3136524582E+0	3.4417202302E+2	5.6578890597E-3
2.3193041245E+0	3.4500201276E+2	5.6454276767E-3
2.3249432821E+0	3.4452709847E+2	5.6328719509E-3
2.3305698370E+0	3.4278438507E+2	5.6202220924E-3
2.3361836950E+0	3.3980082053E+2	5.6074783123E-3
2.3417847624E+0	3.3563816959E+2	5.5946408237E-3
2.3473729455E+0	3.3036013570E+2	5.5817098412E-3
2.3529481510E+0	3.2401408945E+2	5.5686855808E-3
2.3585102856E+0	3.1668772273E+2	5.5555682601E-3
2.3640592565E+0	3.0846456312E+2	5.5423580985E-3
2.3695949710E+0	2.9940531029E+2	5.5290553166E-3
2.3751173364E+0	2.8961536482E+2	5.5156601367E-3
2.3806262605E+0	2.7919129145E+2	5.5021727828E-3
2.3861216513E+0	2.6819943298E+2	5.4885934801E-3
2.3916034169E+0	2.5675408123E+2	5.4749224557E-3
2.3970714657E+0	2.4495856167E+2	5.4611599379E-3
2.4025257064E+0	2.3287733759E+2	5.4473061568E-3
2.4079660477E+0	2.2062467091E+2	5.4333613439E-3
2.4133923988E+0	2.0830527652E+2	5.4193257323E-3
2.4188046690E+0	1.9597517462E+2	5.4051995564E-3
2.4242027678E+0	1.8373993974E+2	5.3909830523E-3
2.4295866050E+0	1.7170139793E+2	5.3766764577E-3
2.4349560907E+0	1.5990230807E+2	5.3622800116E-3
2.4403111352E+0	1.4843146699E+2	5.3477939546E-3
2.4456516489E+0	1.3738452455E+2	5.3332185287E-3
2.4509775425E+0	1.2678861017E+2	5.3185539776E-3
2.4562887272E+0	1.1670857921E+2	5.3038005463E-3
2.4615851141E+0	1.0723116272E+2	5.2889584814E-3
2.4668666147E+0	9.8368434592E+1	5.2740280309E-3
2.4721331408E+0	9.0155646475E+1	5.2590094442E-3
2.4773846043E+0	8.2667658260E+1	5.2439029725E-3
2.4826209175E+0	7.5905061559E+1	5.2287088681E-3
2.4878419929E+0	6.9870277561E+1	5.2134273849E-3
2.4930477432E+0	6.4622275206E+1	5.1980587783E-3
2.4982380815E+0	6.0156056760E+1	5.1826033052E-3
2.5034129210E+0	5.6441721042E+1	5.1670612238E-3
2.5085721752E+0	5.3516739704E+1	5.1514327939E-3
2.5137157579E+0	5.1377045914E+1	5.1357182766E-3
2.5188435831E+0	4.9966015386E+1	5.1199179345E-3
2.5239555652E+0	4.9292904670E+1	5.1040320318E-3
2.5290516187E+0	4.9359019455E+1	5.0880608338E-3
2.5341316585E+0	5.0092341580E+1	5.0720046074E-3
2.5391955997E+0	5.1468182279E+1	5.0558636210E-3
2.5442433576E+0	5.3492502570E+1	5.0396381444E-3
2.5492748479E+0	5.6093693713E+1	5.0233284486E-3
2.5542899865E+0	5.9212163007E+1	5.0069348063E-3
2.5592886896E+0	6.2850748793E+1	4.9904574913E-3
2.5642708737E+0	6.6954341536E+1	4.9738967791E-3
2.5692364555E+0	7.1436488180E+1	4.9572529464E-3
2.5741853520E+0	7.6283547067E+1	4.9405262713E-3
2.5791174805E+0	8.1466404353E+1	4.9237170334E-3
2.5840327586E+0	8.6890562046E+1	4.9068255135E-3
2.5889311042E+0	9.2513390924E+1	4.8898519940E-3
2.5938124354E+0	9.8327898193E+1	4.8727967585E-3
2.5986766706E+0	1.0425681835E+2	4.8556600920E-3
2.6035237285E+0	1.1022689854E+2	4.8384422809E-3
2.6083535282E+0	1.1623475132E+2	4.8211436130E-3
2.6131659889E+0	1.2224035012E+2	4.8037643772E-3
2.6179610302E+0	1.2815662920E+2	4.7863048641E-3
2.6227385719E+0	1.3395994750E+2	4.7687653653E-3
2.6274985343E+0	1.3964794800E+2	4.7511461741E-3
2.6322408378E+0	1.4515123592E+2	4.7334475849E-3
2.6369654032E+0	1.5041517592E+2	4.7156698934E-3
2.6416721513E+0	1.5545085666E+2	4.6978133967E-3
2.6463610038E+0	1.6023347039E+2	4.6798783932E-3
2.6510318821E+0	1.6469474604E+2	4.6618651826E-3
2.6556847082E+0	1.6882560763E+2	4.6437740661E-3
2.6603194043E+0	1.7264390005E+2	4.6256053458E-3
2.6649358931E+0	1.7610623129E+2	4.6073593254E-3
2.6695340973E+0	1.7917134555E+2	4.5890363098E-3
2.6741139402E+0	1.8186413433E+2	4.5706366053E-3
2.6786753451E+0	1.8419233899E+2	4.5521605193E-3
2.6832182358E+0	1.8611075163E+2	4.5336083606E-3
2.6877425365E+0	1.8761322490E+2	4.5149804392E-3
2.6922481716E+0	1.8874036428E+2	4.4962770664E-3
2.6967350656E+0	1.8948759201E+2	4.4774985548E-3
2.7012031437E+0	1.8982186777E+2	4.4586452181E-3
2.7056523312E+0	1.8976661270E+2	4.4397173715E-3
2.7100825537E+0	1.8936493171E+2	4.4207153312E-3
2.7144937373E+0	1.8860506480E+2	4.4016394148E-3
2.7188858081E+0	1.8747143727E+2	4.3824899412E-3
2.7232586927E+0	1.8600667423E+2	4.3632672302E-3
2.7276123182E+0	1.8425043670E+2	4.3439716031E-3
2.7319466117E+0	1.8218923467E+2	4.3246033825E-3
2.7362615009E+0	1.7982304738E+2	4.3051628919E-3
2.7405569135E+0	1.7720431493E+2	4.2856504563E-3
2.7448327779E+0	1.7436821119E+2	4.2660664016E-3
2.7490890226E+0	1.7130230350E+2	4.2464110553E-3
2.7533255764E+0	1.6801656397E+2	4.2266847457E-3
2.7575423685E+0	1.6456666527E+2	4.2068878026E-3
2.7617393285E+0	1.6098445210E+2	4.1870205567E-3
2.7659163863E+0	1.5725881258E+2	4.1670833400E-3
2.7700734720E+0	1.5340321798E+2	4.1470764858E-3
2.7742105162E+0	1.4947234119E+2	4.1270003283E-3
2.7783274497E+0	1.4549653171E+2	4.1068552032E-3
2.7824242037E+0	1.4146516576E+2	4.0866414469E-3
2.7865007098E+0	1.3738917748E+2	4.0663593974E-3
2.7905568999E+0	1.3331913378E+2	4.0460093936E-3
2.7945927061E+0	1.2928579571E+2	4.0255917754E-3
2.7986080610E+0	1.2527867944E+2	4.0051068843E-3
2.8026028975E+0	1.2130128744E+2	3.9845550624E-3
2.8065771489E+0	1.1739686031E+2	3.9639366533E-3
2.8105307487E+0	1.1359808171E+2	3.9432520014E-3
2.8144636309E+0	1.0989597008E+2	3.9225014525E-3
2.8183757298E+0	1.0628362105E+2	3.9016853533E-3
2.8222669799E+0	1.0279278362E+2	3.8808040517E-3
2.8261373163E+0	9.9458164070E+1	3.8598578967E-3
2.8299866742E+0	9.6275759275E+1	3.8388472382E-3
2.8338149894E+0	9.3228562368E+1	3.8177724274E-3
2.8376221978E+0	9.0331955541E+1	3.7966338166E-3
2.8414082359E+0	8.7619676525E+1	3.7754317588E-3
2.8451730403E+0	8.5097051278E+1	3.7541666086E-3
2.8489165482E+0	8.2742125158E+1	3.7328387211E-3
2.8526386969E+0	8.0550580417E+1	3.7114484529E-3
2.8563394244E+0	7.8547867138E+1	3.6899961614E-3
2.8600186687E+0	7.6750237680E+1	3.6684822051E-3
2.8636763684E+0	7.5140668459E+1	3.6469069436E-3
2.8673124623E+0	7.3697768466E+1	3.6252707373E-3
2.8709268897E+0	7.2428968082E+1	3.6035739479E-3
2.8745195901E+0	7.1355419052E+1	3.5818169379E-3
2.8780905036E+0	7.0474802138E+1	3.5600000709E-3
2.8816395704E+0	6.9760808639E+1	3.5381237115E-3
2.8851667313E+0	6.9198202060E+1	3.5161882254E-3
2.8886719273E+0	6.8798514021E+1	3.4941939790E-3
2.8921550998E+0	6.8573992120E+1	3.4721413399E-3
2.8956161906E+0	6.8510845579E+1	3.4500306767E-3
2.8990551419E+0	6.8581116422E+1	3.4278623588E-3
2.9024718962E+0	6.8773828123E+1	3.4056367567E-3
2.9058663965E+0	6.9099704364E+1	3.3833542419E-3
2.9092385859E+0	6.9564407421E+1	3.3610151867E-3
2.9125884081E+0	7.0149778296E+1	3.3386199643E-3
2.9159158072E+0	7.0828632266E+1	3.3161689492E-3
2.9192207275E+0	7.1590856477E+1	3.2936625164E-3
2.9225031139E+0	7.2444853619E+1	3.2711010421E-3
2.9257629114E+0	7.3394034549E+1	3.2484849032E-3
2.9290000656E+0	7.4421087812E+1	3.2258144779E-3
2.9322145224E+0	7.5500078376E+1	3.2030901448E-3
2.9354062280E+0	7.6618997448E+1	3.1803122838E-3
2.9385751292E+0	7.7783412928E+1	3.1574812755E-3
2.9417211730E+0	7.8997970583E+1	3.1345975014E-3
2.9448443068E+0	8.0250282459E+1	3.1116613440E-3
2.9479444784E+0	8.1516785653E+1	3.0886731866E-3
2.9510216360E+0	8.2781960980E+1	3.0656334132E-3
2.9540757281E+0	8.4047063020E+1	3.0425424091E-3
2.9571067038E+0	8.5318882470E+1	3.0194005599E-3
2.9601145124E+0	8.6593108717E+1	2.9962082525E-3
2.9630991036E+0	8.7851763755E+1	2.9729658744E-3
2.9660604276E+0	8.9076537935E+1	2.9496738141E-3
2.9689984348E+0	9.0261971584E+1	2.9263324607E-3
2.9719130762E+0	9.1414035947E+1	2.9029422044E-3
2.9748043031E+0	9.2536829819E+1	2.8795034361E-3
2.9776720671E+0	9.3622555037E+1	2.8560165473E-3
2.9805163203E+0	9.4655028323E+1	2.8324819307E-3
2.9833370151E+0	9.5621971915E+1	2.8088999795E-3
2.9861341046E+0	9.6522817854E+1	2.7852710878E-3
2.9889075418E+0	9.7364568885E+1	2.7615956505E-3
2.9916572805E+0	9.8150851581E+1	2.7378740632E-3
2.9943832747E+0	9.8875418193E+1	2.7141067224E-3
2.9970854788E+0	9.9525912844E+1	2.6902940251E-3
2.9997638477E+0	1.0009341846E+2	2.6664363695E-3
3.0024183367E+0	1.0057839369E+2	2.6425341541E-3
3.0050489013E+0	1.0098790544E+2	2.6185877784E-3
3.0076554977E+0	1.0132746005E+2	2.5945976426E-3
3.0102380822E+0	1.0159515733E+2	2.5705641475E-3
3.0127966116E+0	1.0178300033E+2	2.5464876949E-3
3.0153310434E+0	1.0188352914E+2	2.5223686871E-3
3.0178413350E+0	1.0189568064E+2	2.4982075270E-3
3.0203274445E+0	1.0182511198E+2	2.4740046186E-3
3.0227893304E+0	1.0167928333E+2	2.4497603662E-3
3.0252269516E+0	1.0146174842E+2	2.4254751751E-3
3.0276402673E+0	1.0117018045E+2	2.4011494510E-3
3.0300292371E+0	1.0079923185E+2	2.3767836004E-3
3.0323938212E+0	1.0034554619E+2	2.3523780306E-3
3.0347339801E+0	9.9810979693E+1	2.3279331494E-3
3.0370496746E+0	9.9201886829E+1	2.3034493653E-3
3.0393408660E+0	9.8525413258E+1	2.2789270875E-3
3.0416075160E+0	9.7785713797E+1	2.2543667257E-3
3.0438495869E+0	9.6982674779E+1	2.2297686905E-3
3.0460670410E+0	9.6113688871E+1	2.2051333928E-3
3.0482598414E+0	9.5176948257E+1	2.1804612443E-3
3.0504279513E+0	9.4173952233E+1	2.1557526574E-3
3.0525713347E+0	9.3109739762E+1	2.1310080450E-3
3.0546899556E+0	9.1990978990E+1	2.1062278206E-3
3.0567837786E+0	9.0823330786E+1	2.0814123983E-3
3.0588527688E+0	8.9609727995E+1	2.0565621928E-3
3.0608968915E+0	8.8350435935E+1	2.0316776194E-3
3.0629161127E+0	8.7044619207E+1	2.0067590939E-3
3.0649103985E+0	8.5692346107E+1	1.9818070327E-3
3.0668797157E+0	8.4295886654E+1	1.9568218529E-3
3.0688240313E+0	8.2859711637E+1	1.9318039720E-3
3.0707433129E+0	8.1389369405E+1	1.9067538080E-3
3.0726375283E+0	7.9889960836E+1	1.8816717796E-3
3.0745066460E+0	7.8365015567E+1	1.8565583060E-3
3.0763506346E+0	7.6816245210E+1	1.8314138067E-3
3.0781694634E+0	7.5244155865E+1	1.8062387021E-3
3.0799631019E+0	7.3649110204E+1	1.7810334128E-3
3.0817315203E+0	7.2032297433E+1	1.7557983600E-3
3.0834746889E+0	7.0396202842E+1	1.7305339655E-3
3.0851925786E+0	6.8744454216E+1	1.7052406515E-3
3.0868851607E+0	6.7081205275E+1	1.6799188405E-3
3.0885524069E+0	6.5410376794E+1	1.6545689559E-3
3.0901942894E+0	6.3735073823E+1	1.6291914212E-3
3.0918107807E+0	6.2057369780E+1	1.6037866605E-3
3.0934018538E+0	6.0378474180E+1	1.5783550984E-3
3.0949674821E+0	5.8699157607E+1	1.5528971598E-3
3.0965076394E+0	5.7020240751E+1	1.5274132703E-3
3.0980223001E+0	5.5342969969E+1	1.5019038556E-3
3.0995114388E+0	5.3669175119E+1	1.4763693421E-3
3.1009750306E+0	5.2001197861E+1	1.4508101565E-3
3.1024130510E+0	5.0341654645E+1	1.4252267258E-3
3.1038254761E+0	4.8693136987E+1	1.3996194778E-3
3.1052122822E+0	4.7057949131E+1	1.3739888402E-3
3.1065734461E+0	4.5437950776E+1	1.3483352414E-3
3.1079089451E+0	4.3834527888E+1	1.3226591101E-3
3.1092187570E+0	4.2248674105E+1	1.2969608754E-3
3.1105028597E+0	4.0681139605E+1	1.2712409668E-3
3.1117612318E+0	3.9132596483E+1	1.2454998140E-3
3.1129938524E+0	3.7603777199E+1	1.2197378472E-3
3.1142007007E+0	3.6095559257E+1	1.1939554970E-3
3.1153817567E+0	3.4608988369E+1	1.1681531941E-3
3.1165370006E+0	3.3145248485E+1	1.1423313699E-3
3.1176664131E+0	3.1705597105E+1	1.1164904558E-3
3.1187699753E+0	3.0291287451E+1	1.0906308836E-3
3.1198476688E+0	2.8903496610E+1	1.0647530855E-3
3.1208994755E+0	2.7543272748E+1	1.0388574939E-3
3.1219253780E+0	2.6211507353E+1	1.0129445417E-3
3.1229253590E+0	2.4908932039E+1	9.8701466182E-4
3.1238994018E+0	2.3636134964E+1	9.6106828758E-4
3.1248474902E+0	2.2393589597E+1	9.3510585261E-4
3.1257696083E+0	2.1181688336E+1	9.0912779076E-4
3.1266657407E+0	2.0000774664E+1	8.8313453619E-4
3.1275358724E+0	1.8851169478E+1	8.5712652325E-4
3.1283799890E+0	1.7733189369E+1	8.3110418659E-4
3.1291980762E+0	1.6647156510E+1	8.0506796108E-4
3.1299901204E+0	1.5593401191E+1	7.7901828182E-4
3.1307561084E+0	1.4572258817E+1	7.5295558414E-4
3.1314960274E+0	1.3584063491E+1	7.2688030358E-4
3.1322098650E+0	1.2629140159E+1	7.0079287589E-4
3.1328976092E+0	1.1707796906E+1	6.7469373705E-4
3.1335592487E+0	1.0820318524E+1	6.4858332323E-4
3.1341947723E+0	9.9669619490E+0	6.2246207073E-4
3.1348041694E+0	9.1479537526E+0	5.9633041614E-4
3.1353874298E+0	8.3634895652E+0	5.7018879612E-4
3.1359445438E+0	7.6137350947E+0	5.4403764760E-4
3.1364755020E+0	6.8988283235E+0	5.1787740760E-4
3.1369802957E+0	6.2188824514E+0	4.9170851331E-4
3.1374589163E+0	5.5739891965E+0	4.6553140213E-4
3.1379113559E+0	4.9642221420E+0	4.3934651156E-4
3.1383376069E+0	4.3896399044E+0	4.1315427928E-4
3.1387376622E+0	3.8502889797E+0	3.8695514312E-4
3.1391115150E+0	3.3462061944E+0	3.6074954110E-4
3.1394591592E+0	2.8774207452E+0	3.3453791144E-4
3.1397805890E+0	2.4439558460E+0	3.0832069259E-4
3.1400757989E+0	2.0458300275E+0	2.8209832342E-4
3.1403447841E+0	1.6830581414E+0	2.5587124334E-4
3.1405875400E+0	1.3556521276E+0	2.2963989267E-4
3.1408040626E+0	1.0636215943E+0	2.0340471372E-4
3.1409943483E+0	8.0697425621E-1	1.7716615272E-4
3.1411583939E+0	5.8571626445E-1	1.5092466531E-4
3.1412961968E+0	3.9985244609E-1	1.2468073282E-4
3.1414077547E+0	2.4938644407E-1	9.8434919423E-5
3.1414930663E+0	1.3432063454E-1	7.2188137769E-5
3.1415521316E+0	5.4654946912E-2	4.5943520243E-5
3.1415849628E+0	1.0373079583E-2	1.9736940383E-5