# Differential cross section		
# Author: P. Swaczyna	Princeton University	(swaczyna@princeton.edu)
# Date: 	Fri 4 Dec 2020 10:40:41	
# 		
# Elastic collision: He^0 + He^0 -> He^0 + He^0		
# 		
# Red. mass: 	1.8642000787E+9	 eV/c^2
# CM energy: 	7.2443596007E-1	 eV
# Rel speed: 	8.3577512229E+5	 cm/s
# Tot sigma: 	1.1050801987E+2	 a.u.
# Int sigma: 	1.1050801987E+2	 a.u.
# 		
# Columns:		
# the <- scattering angle (rad)		
# dcs <- dsigma/dOmega*2*pi*sin(the) (a.u. = 2.8002852056E-17 cm^2)		
# wei <- weight for cross section integration (approx. width of angle bin)		
# 		
# the	dcs	wei
7.6907532846E-6	8.0895573881E-1	1.9736940383E-5
4.0521979771E-5	4.2623185766E+0	4.5943520243E-5
9.9587300392E-5	1.0475045585E+1	7.2188137769E-5
1.8489884726E-4	1.9448070411E+1	9.8434919423E-5
2.9645680168E-4	3.1180450671E+1	1.2468073282E-4
4.3425968311E-4	4.5669941311E+1	1.5092466531E-4
5.9830531657E-4	6.2912431546E+1	1.7716615272E-4
7.8859101285E-4	8.2901144029E+1	2.0340471372E-4
1.0051136166E-3	1.0562566670E+2	2.2963989267E-4
1.2478695220E-3	1.3107083040E+2	2.5587124334E-4
1.5168546797E-3	1.5921543849E+2	2.8209832342E-4
1.8120645986E-3	1.9003085451E+2	3.0832069259E-4
2.1334943481E-3	2.2347945582E+2	3.3453791144E-4
2.4811385584E-3	2.5951296342E+2	3.6074954110E-4
2.8549914211E-3	2.9807066115E+2	3.8695514312E-4
3.2550466893E-3	3.3907752123E+2	4.1315427928E-4
3.6812976783E-3	3.8244225694E+2	4.3934651156E-4
4.1337372652E-3	4.2805532804E+2	4.6553140213E-4
4.6123578895E-3	4.7578692969E+2	4.9170851331E-4
5.1171515529E-3	5.2548500096E+2	5.1787740760E-4
5.6481098199E-3	5.7697329533E+2	5.4403764760E-4
6.2052238176E-3	6.3004956143E+2	5.7018879612E-4
6.7884842360E-3	6.8448388887E+2	5.9633041614E-4
7.3978813281E-3	7.4001727998E+2	6.2246207073E-4
8.0334049101E-3	7.9636051460E+2	6.4858332323E-4
8.6950443616E-3	8.5319337999E+2	6.7469373705E-4
9.3827886258E-3	9.1016434294E+2	7.0079287589E-4
1.0096626210E-2	9.6689074403E+2	7.2688030358E-4
1.0836545184E-2	1.0229595959E+3	7.5295558414E-4
1.1602533184E-2	1.0779290668E+3	7.7901828182E-4
1.2394577408E-2	1.1313307280E+3	8.0506796108E-4
1.3212664621E-2	1.1826726377E+3	8.3110418659E-4
1.4056781152E-2	1.2314433242E+3	8.5712652325E-4
1.4926912893E-2	1.2771167200E+3	8.8313453619E-4
1.5823045305E-2	1.3191580772E+3	9.0912779076E-4
1.6745163410E-2	1.3570308788E+3	9.3510585261E-4
1.7693251801E-2	1.3902047282E+3	9.6106828758E-4
1.8667294632E-2	1.4181641717E+3	9.8701466182E-4
1.9667275626E-2	1.4404183745E+3	1.0129445417E-3
2.0693178073E-2	1.4565115284E+3	1.0388574939E-3
2.1744984827E-2	1.4660338306E+3	1.0647530855E-3
2.2822678313E-2	1.4686328264E+3	1.0906308836E-3
2.3926240519E-2	1.4640248661E+3	1.1164904558E-3
2.5055653005E-2	1.4520063810E+3	1.1423313699E-3
2.6210896896E-2	1.4324646421E+3	1.1681531941E-3
2.7391952886E-2	1.4053876327E+3	1.1939554970E-3
2.8598801239E-2	1.3708726331E+3	1.2197378472E-3
2.9831421786E-2	1.3291331060E+3	1.2454998140E-3
3.1089793929E-2	1.2805034582E+3	1.2712409668E-3
3.2373896638E-2	1.2254412757E+3	1.2969608754E-3
3.3683708455E-2	1.1645266513E+3	1.3226591101E-3
3.5019207490E-2	1.0984582797E+3	1.3483352414E-3
3.6380371427E-2	1.0280460646E+3	1.3739888402E-3
3.7767177517E-2	9.5420007564E+2	1.3996194778E-3
3.9179602586E-2	8.7791580848E+2	1.4252267258E-3
4.0617623030E-2	8.0025583529E+2	1.4508101565E-3
4.2081214817E-2	7.2232808149E+2	1.4763693421E-3
4.3570353490E-2	6.4526112702E+2	1.5019038556E-3
4.5085014162E-2	5.7017709536E+2	1.5274132703E-3
4.6625171522E-2	4.9816285732E+2	1.5528971598E-3
4.8190799831E-2	4.3024042852E+2	1.5783550984E-3
4.9781872927E-2	3.6733757072E+2	1.6037866605E-3
5.1398364219E-2	3.1025970745E+2	1.6291914212E-3
5.3040246694E-2	2.5966432426E+2	1.6545689559E-3
5.4707492914E-2	2.1603903421E+2	1.6799188405E-3
5.6400075017E-2	1.7968444230E+2	1.7052406515E-3
5.8117964718E-2	1.5070283422E+2	1.7305339655E-3
5.9861133308E-2	1.2899354161E+2	1.7557983600E-3
6.1629551657E-2	1.1425560065E+2	1.7810334128E-3
6.3423190212E-2	1.0599802869E+2	1.8062387021E-3
6.5242019000E-2	1.0355770388E+2	1.8314138067E-3
6.7086007624E-2	1.0612446145E+2	1.8565583060E-3
6.8955125270E-2	1.1277263392E+2	1.8816717796E-3
7.0849340702E-2	1.2249788462E+2	1.9067538080E-3
7.2768622264E-2	1.3425783631E+2	1.9318039720E-3
7.4712937885E-2	1.4701470607E+2	1.9568218529E-3
7.6682255070E-2	1.5977794651E+2	1.9818070327E-3
7.8676540910E-2	1.7164478272E+2	2.0067590939E-3
8.0695762079E-2	1.8183654180E+2	2.0316776194E-3
8.2739884832E-2	1.8972880572E+2	2.0565621928E-3
8.4808875009E-2	1.9487368193E+2	2.0814123983E-3
8.6902698034E-2	1.9701287166E+2	2.1062278206E-3
8.9021318917E-2	1.9608070758E+2	2.1310080450E-3
9.1164702253E-2	1.9219690345E+2	2.1557526574E-3
9.3332812224E-2	1.8564937610E+2	2.1804612443E-3
9.5525612596E-2	1.7686812320E+2	2.2051333928E-3
9.7743066726E-2	1.6639172526E+2	2.2297686905E-3
9.9985137556E-2	1.5482854302E+2	2.2543667257E-3
1.0225178762E-1	1.4281505999E+2	2.2789270875E-3
1.0454297904E-1	1.3097404041E+2	2.3034493653E-3
1.0685867352E-1	1.1987521078E+2	2.3279331494E-3
1.0919883237E-1	1.1000101712E+2	2.3523780306E-3
1.1156341648E-1	1.0171966395E+2	2.3767836004E-3
1.1395238633E-1	9.5267124815E+1	2.4011494510E-3
1.1636570200E-1	9.0739161399E+1	2.4254751751E-3
1.1880332317E-1	8.8093647716E+1	2.4497603662E-3
1.2126520909E-1	8.7162724354E+1	2.4740046186E-3
1.2375131862E-1	8.7673567281E+1	2.4982075270E-3
1.2626161023E-1	8.9275908931E+1	2.5223686871E-3
1.2879604195E-1	9.1573951759E+1	2.5464876949E-3
1.3135457143E-1	9.4160011004E+1	2.5705641475E-3
1.3393715592E-1	9.6647142603E+1	2.5945976426E-3
1.3654375226E-1	9.8698163248E+1	2.6185877784E-3
1.3917431689E-1	1.0004884076E+2	2.6425341541E-3
1.4182880585E-1	1.0052359210E+2	2.6664363695E-3
1.4450717478E-1	1.0004272285E+2	2.6902940251E-3
1.4720937892E-1	9.8621012647E+1	2.7141067224E-3
1.4993537310E-1	9.6358223230E+1	2.7378740632E-3
1.5268511179E-1	9.3422808218E+1	2.7615956505E-3
1.5545854902E-1	9.0030670072E+1	2.7852710878E-3
1.5825563845E-1	8.6421187434E+1	2.8088999795E-3
1.6107633333E-1	8.2832891630E+1	2.8324819307E-3
1.6392058653E-1	7.9481093130E+1	2.8560165473E-3
1.6678835052E-1	7.6539459493E+1	2.8795034361E-3
1.6967957737E-1	7.4127060928E+1	2.9029422044E-3
1.7259421876E-1	7.2301781748E+1	2.9263324607E-3
1.7553222599E-1	7.1060312598E+1	2.9496738141E-3
1.7849354996E-1	7.0344262242E+1	2.9729658744E-3
1.8147814117E-1	7.0051329383E+1	2.9962082525E-3
1.8448594977E-1	7.0050015385E+1	3.0194005599E-3
1.8751692548E-1	7.0196082027E+1	3.0425424091E-3
1.9057101764E-1	7.0348887791E+1	3.0656334132E-3
1.9364817522E-1	7.0385871008E+1	3.0886731866E-3
1.9674834681E-1	7.0213765178E+1	3.1116613440E-3
1.9987148058E-1	6.9775587340E+1	3.1345975014E-3
2.0301752435E-1	6.9052976714E+1	3.1574812755E-3
2.0618642554E-1	6.8064012856E+1	3.1803122838E-3
2.0937813120E-1	6.6857145637E+1	3.2030901448E-3
2.1259258799E-1	6.5502267405E+1	3.2258144779E-3
2.1582974219E-1	6.4080209419E+1	3.2484849032E-3
2.1908953970E-1	6.2672028277E+1	3.2711010421E-3
2.2237192605E-1	6.1349363273E+1	3.2936625164E-3
2.2567684639E-1	6.0166912814E+1	3.3161689492E-3
2.2900424548E-1	5.9157734919E+1	3.3386199643E-3
2.3235406772E-1	5.8331672839E+1	3.3610151867E-3
2.3572625713E-1	5.7676796418E+1	3.3833542419E-3
2.3912075735E-1	5.7163384963E+1	3.4056367567E-3
2.4253751167E-1	5.6749701237E+1	3.4278623588E-3
2.4597646298E-1	5.6388647638E+1	3.4500306767E-3
2.4943755380E-1	5.6034366646E+1	3.4721413399E-3
2.5292072631E-1	5.5647942166E+1	3.4941939790E-3
2.5642592230E-1	5.5201554903E+1	3.5161882254E-3
2.5995308318E-1	5.4680709522E+1	3.5381237115E-3
2.6350215001E-1	5.4084443552E+1	3.5600000709E-3
2.6707306349E-1	5.3423706533E+1	3.5818169379E-3
2.7066576394E-1	5.2718326035E+1	3.6035739479E-3
2.7428019131E-1	5.1993127939E+1	3.6252707373E-3
2.7791628522E-1	5.1273837201E+1	3.6469069436E-3
2.8157398488E-1	5.0583351658E+1	3.6684822051E-3
2.8525322919E-1	4.9938867678E+1	3.6899961614E-3
2.8895395665E-1	4.9350165665E+1	3.7114484529E-3
2.9267610542E-1	4.8819165009E+1	3.7328387211E-3
2.9641961330E-1	4.8340663402E+1	3.7541666086E-3
3.0018441773E-1	4.7904012767E+1	3.7754317588E-3
3.0397045579E-1	4.7495374559E+1	3.7966338166E-3
3.0777766421E-1	4.7100152347E+1	3.8177724274E-3
3.1160597938E-1	4.6705219639E+1	3.8388472382E-3
3.1545533730E-1	4.6300636398E+1	3.8598578967E-3
3.1932567367E-1	4.5880661068E+1	3.8808040517E-3
3.2321692379E-1	4.5443994832E+1	3.9016853533E-3
3.2712902264E-1	4.4993319189E+1	3.9225014525E-3
3.3106190484E-1	4.4534288383E+1	3.9432520014E-3
3.3501550468E-1	4.4074201899E+1	3.9639366533E-3
3.3898975607E-1	4.3620603675E+1	3.9845550624E-3
3.4298459261E-1	4.3180035532E+1	4.0051068843E-3
3.4699994753E-1	4.2757120201E+1	4.0255917754E-3
3.5103575373E-1	4.2354076021E+1	4.0460093936E-3
3.5509194378E-1	4.1970684491E+1	4.0663593974E-3
3.5916844988E-1	4.1604656812E+1	4.0866414469E-3
3.6326520391E-1	4.1252287461E+1	4.1068552032E-3
3.6738213741E-1	4.0909249429E+1	4.1270003283E-3
3.7151918157E-1	4.0571379990E+1	4.1470764858E-3
3.7567626728E-1	4.0235326279E+1	4.1670833400E-3
3.7985332504E-1	3.9898960443E+1	4.1870205567E-3
3.8405028507E-1	3.9561525719E+1	4.2068878026E-3
3.8826707721E-1	3.9223526961E+1	4.2266847457E-3
3.9250363101E-1	3.8886422235E+1	4.2464110553E-3
3.9675987567E-1	3.8552199078E+1	4.2660664016E-3
4.0103574005E-1	3.8222926883E+1	4.2856504563E-3
4.0533115271E-1	3.7900366836E+1	4.3051628919E-3
4.0964604185E-1	3.7585697692E+1	4.3246033825E-3
4.1398033538E-1	3.7279386060E+1	4.3439716031E-3
4.1833396086E-1	3.6981200379E+1	4.3632672302E-3
4.2270684554E-1	3.6690343725E+1	4.3824899412E-3
4.2709891633E-1	3.6405664723E+1	4.4016394148E-3
4.3151009985E-1	3.6125899160E+1	4.4207153312E-3
4.3594032237E-1	3.5849896405E+1	4.4397173715E-3
4.4038950986E-1	3.5576793144E+1	4.4586452181E-3
4.4485758797E-1	3.5306110208E+1	4.4774985548E-3
4.4934448203E-1	3.5037764451E+1	4.4962770664E-3
4.5385011706E-1	3.4772004171E+1	4.5149804392E-3
4.5837441776E-1	3.4509290538E+1	4.5336083606E-3
4.6291730852E-1	3.4250156137E+1	4.5521605193E-3
4.6747871344E-1	3.3995072946E+1	4.5706366053E-3
4.7205855627E-1	3.3744355834E+1	4.5890363098E-3
4.7665676049E-1	3.3498115759E+1	4.6073593254E-3
4.8127324926E-1	3.3256263113E+1	4.6256053458E-3
4.8590794542E-1	3.3018550104E+1	4.6437740661E-3
4.9056077152E-1	3.2784634771E+1	4.6618651826E-3
4.9523164982E-1	3.2554148933E+1	4.6798783932E-3
4.9992050224E-1	3.2326756676E+1	4.6978133967E-3
5.0462725044E-1	3.2102195957E+1	4.7156698934E-3
5.0935181576E-1	3.1880300996E+1	4.7334475849E-3
5.1409411924E-1	3.1661006014E+1	4.7511461741E-3
5.1885408164E-1	3.1444332192E+1	4.7687653653E-3
5.2363162341E-1	3.1230360675E+1	4.7863048641E-3
5.2842666471E-1	3.1019196358E+1	4.8037643772E-3
5.3323912540E-1	3.0810929658E+1	4.8211436130E-3
5.3806892508E-1	3.0605605156E+1	4.8384422809E-3
5.4291598301E-1	3.0403205066E+1	4.8556600920E-3
5.4778021821E-1	3.0203651305E+1	4.8727967585E-3
5.5266154939E-1	3.0006823808E+1	4.8898519940E-3
5.5755989496E-1	2.9812587155E+1	4.9068255135E-3
5.6247517308E-1	2.9620815453E+1	4.9237170334E-3
5.6740730160E-1	2.9431407679E+1	4.9405262713E-3
5.7235619810E-1	2.9244291122E+1	4.9572529464E-3
5.7732177988E-1	2.9059416167E+1	4.9738967791E-3
5.8230396395E-1	2.8876748455E+1	4.9904574913E-3
5.8730266706E-1	2.8696263257E+1	5.0069348063E-3
5.9231780568E-1	2.8517943152E+1	5.0233284486E-3
5.9734929598E-1	2.8341776473E+1	5.0396381444E-3
6.0239705389E-1	2.8167753224E+1	5.0558636210E-3
6.0746099506E-1	2.7995857512E+1	5.0720046074E-3
6.1254103485E-1	2.7826059260E+1	5.0880608338E-3
6.1763708838E-1	2.7658310097E+1	5.1040320318E-3
6.2274907048E-1	2.7492546942E+1	5.1199179345E-3
6.2787689573E-1	2.7328702608E+1	5.1357182766E-3
6.3302047843E-1	2.7166718309E+1	5.1514327939E-3
6.3817973262E-1	2.7006551505E+1	5.1670612238E-3
6.4335457209E-1	2.6848175102E+1	5.1826033052E-3
6.4854491036E-1	2.6691569267E+1	5.1980587783E-3
6.5375066070E-1	2.6536711511E+1	5.2134273849E-3
6.5897173609E-1	2.6383571328E+1	5.2287088681E-3
6.6420804930E-1	2.6232112178E+1	5.2439029725E-3
6.6945951283E-1	2.6082298357E+1	5.2590094442E-3
6.7472603890E-1	2.5934101022E+1	5.2740280309E-3
6.8000753951E-1	2.5787498565E+1	5.2889584814E-3
6.8530392640E-1	2.5642470958E+1	5.3038005463E-3
6.9061511106E-1	2.5498992392E+1	5.3185539776E-3
6.9594100473E-1	2.5357027968E+1	5.3332185287E-3
7.0128151841E-1	2.5216537335E+1	5.3477939546E-3
7.0663656285E-1	2.5077483013E+1	5.3622800116E-3
7.1200604856E-1	2.4939837485E+1	5.3766764577E-3
7.1738988581E-1	2.4803583864E+1	5.3909830523E-3
7.2278798463E-1	2.4668709457E+1	5.4051995564E-3
7.2820025482E-1	2.4535196783E+1	5.4193257323E-3
7.3362660591E-1	2.4403018499E+1	5.4333613439E-3
7.3906694724E-1	2.4272139889E+1	5.4473061568E-3
7.4452118788E-1	2.4142527018E+1	5.4611599379E-3
7.4998923669E-1	2.4014154493E+1	5.4749224557E-3
7.5547100229E-1	2.3887007085E+1	5.4885934801E-3
7.6096639308E-1	2.3761074142E+1	5.5021727828E-3
7.6647531721E-1	2.3636341119E+1	5.5156601367E-3
7.7199768263E-1	2.3512784702E+1	5.5290553166E-3
7.7753339704E-1	2.3390375172E+1	5.5423580985E-3
7.8308236795E-1	2.3269084042E+1	5.5555682601E-3
7.8864450262E-1	2.3148890893E+1	5.5686855808E-3
7.9421970809E-1	2.3029783965E+1	5.5817098412E-3
7.9980789121E-1	2.2911753980E+1	5.5946408237E-3
8.0540895857E-1	2.2794786019E+1	5.6074783123E-3
8.1102281659E-1	2.2678855905E+1	5.6202220924E-3
8.1664937145E-1	2.2563934119E+1	5.6328719509E-3
8.2228852912E-1	2.2449994357E+1	5.6454276767E-3
8.2794019536E-1	2.2337020158E+1	5.6578890597E-3
8.3360427572E-1	2.2225004437E+1	5.6702558918E-3
8.3928067556E-1	2.2113942271E+1	5.6825279663E-3
8.4496930000E-1	2.2003822523E+1	5.6947050782E-3
8.5067005399E-1	2.1894624747E+1	5.7067870238E-3
8.5638284226E-1	2.1786323595E+1	5.7187736014E-3
8.6210756934E-1	2.1678896979E+1	5.7306646105E-3
8.6784413956E-1	2.1572331332E+1	5.7424598526E-3
8.7359245705E-1	2.1466619777E+1	5.7541591304E-3
8.7935242576E-1	2.1361754840E+1	5.7657622485E-3
8.8512394943E-1	2.1257721857E+1	5.7772690129E-3
8.9090693161E-1	2.1154498672E+1	5.7886792314E-3
8.9670127565E-1	2.1052062048E+1	5.7999927133E-3
9.0250688473E-1	2.0950395657E+1	5.8112092696E-3
9.0832366182E-1	2.0849493060E+1	5.8223287127E-3
9.1415150972E-1	2.0749353102E+1	5.8333508568E-3
9.1999033104E-1	2.0649971257E+1	5.8442755178E-3
9.2584002820E-1	2.0551333788E+1	5.8551025132E-3
9.3170050345E-1	2.0453419293E+1	5.8658316618E-3
9.3757165885E-1	2.0356206235E+1	5.8764627846E-3
9.4345339628E-1	2.0259680230E+1	5.8869957037E-3
9.4934561746E-1	2.0163835243E+1	5.8974302433E-3
9.5524822392E-1	2.0068667979E+1	5.9077662288E-3
9.6116111701E-1	1.9974170461E+1	5.9180034877E-3
9.6708419793E-1	1.9880327211E+1	5.9281418487E-3
9.7301736769E-1	1.9787119441E+1	5.9381811425E-3
9.7896052713E-1	1.9694532638E+1	5.9481212013E-3
9.8491357695E-1	1.9602560946E+1	5.9579618591E-3
9.9087641766E-1	1.9511204369E+1	5.9677029512E-3
9.9684894961E-1	1.9420460919E+1	5.9773443150E-3
1.0028310730E+0	1.9330320143E+1	5.9868857894E-3
1.0088226878E+0	1.9240763451E+1	5.9963272149E-3
1.0148236940E+0	1.9151771037E+1	6.0056684336E-3
1.0208339913E+0	1.9063329726E+1	6.0149092896E-3
1.0268534791E+0	1.8975435383E+1	6.0240496283E-3
1.0328820570E+0	1.8888088143E+1	6.0330892971E-3
1.0389196241E+0	1.8801284739E+1	6.0420281448E-3
1.0449660796E+0	1.8715014476E+1	6.0508660221E-3
1.0510213224E+0	1.8629262112E+1	6.0596027814E-3
1.0570852514E+0	1.8544014826E+1	6.0682382765E-3
1.0631577652E+0	1.8459266966E+1	6.0767723631E-3
1.0692387623E+0	1.8375018245E+1	6.0852048988E-3
1.0753281411E+0	1.8291266902E+1	6.0935357425E-3
1.0814257998E+0	1.8208003797E+1	6.1017647550E-3
1.0875316366E+0	1.8125212783E+1	6.1098917988E-3
1.0936455494E+0	1.8042877285E+1	6.1179167381E-3
1.0997674360E+0	1.7960987668E+1	6.1258394388E-3
1.1058971941E+0	1.7879543208E+1	6.1336597685E-3
1.1120347214E+0	1.7798547009E+1	6.1413775965E-3
1.1181799151E+0	1.7717998173E+1	6.1489927938E-3
1.1243326727E+0	1.7637887732E+1	6.1565052331E-3
1.1304928913E+0	1.7558201513E+1	6.1639147890E-3
1.1366604679E+0	1.7478927126E+1	6.1712213376E-3
1.1428352996E+0	1.7400058842E+1	6.1784247568E-3
1.1490172830E+0	1.7321596231E+1	6.1855249261E-3
1.1552063150E+0	1.7243538041E+1	6.1925217271E-3
1.1614022920E+0	1.7165877048E+1	6.1994150427E-3
1.1676051105E+0	1.7088600672E+1	6.2062047577E-3
1.1738146669E+0	1.7011696930E+1	6.2128907587E-3
1.1800308574E+0	1.6935160464E+1	6.2194729339E-3
1.1862535782E+0	1.6858993155E+1	6.2259511734E-3
1.1924827251E+0	1.6783198506E+1	6.2323253688E-3
1.1987181942E+0	1.6707774452E+1	6.2385954138E-3
1.2049598812E+0	1.6632710677E+1	6.2447612034E-3
1.2112076818E+0	1.6557992702E+1	6.2508226346E-3
1.2174614916E+0	1.6483609244E+1	6.2567796062E-3
1.2237212062E+0	1.6409556630E+1	6.2626320186E-3
1.2299867208E+0	1.6335836788E+1	6.2683797740E-3
1.2362579308E+0	1.6262450891E+1	6.2740227763E-3
1.2425347314E+0	1.6189394420E+1	6.2795609313E-3
1.2488170177E+0	1.6116657846E+1	6.2849941464E-3
1.2551046847E+0	1.6044232002E+1	6.2903223308E-3
1.2613976273E+0	1.5972113011E+1	6.2955453954E-3
1.2676957404E+0	1.5900302129E+1	6.3006632530E-3
1.2739989187E+0	1.5828800555E+1	6.3056758180E-3
1.2803070569E+0	1.5757603908E+1	6.3105830068E-3
1.2866200496E+0	1.5686701489E+1	6.3153847371E-3
1.2929377912E+0	1.5616081274E+1	6.3200809290E-3
1.2992601762E+0	1.5545736479E+1	6.3246715037E-3
1.3055870990E+0	1.5475668070E+1	6.3291563847E-3
1.3119184537E+0	1.5405880999E+1	6.3335354970E-3
1.3182541347E+0	1.5336377356E+1	6.3378087674E-3
1.3245940360E+0	1.5267152146E+1	6.3419761245E-3
1.3309380516E+0	1.5198195073E+1	6.3460374987E-3
1.3372860756E+0	1.5129496476E+1	6.3499928220E-3
1.3436380019E+0	1.5061052151E+1	6.3538420284E-3
1.3499937243E+0	1.4992863026E+1	6.3575850535E-3
1.3563531366E+0	1.4924930385E+1	6.3612218349E-3
1.3627161325E+0	1.4857251237E+1	6.3647523117E-3
1.3690826057E+0	1.4789818113E+1	6.3681764249E-3
1.3754524499E+0	1.4722623411E+1	6.3714941173E-3
1.3818255585E+0	1.4655664190E+1	6.3747053335E-3
1.3882018250E+0	1.4588942863E+1	6.3778100198E-3
1.3945811430E+0	1.4522462888E+1	6.3808081243E-3
1.4009634057E+0	1.4456223119E+1	6.3836995970E-3
1.4073485066E+0	1.4390215795E+1	6.3864843894E-3
1.4137363389E+0	1.4324430088E+1	6.3891624551E-3
1.4201267959E+0	1.4258858336E+1	6.3917337493E-3
1.4265197708E+0	1.4193499791E+1	6.3941982290E-3
1.4329151568E+0	1.4128358814E+1	6.3965558531E-3
1.4393128469E+0	1.4063439194E+1	6.3988065821E-3
1.4457127343E+0	1.3998739411E+1	6.4009503785E-3
1.4521147120E+0	1.3934252657E+1	6.4029872063E-3
1.4585186731E+0	1.3869971194E+1	6.4049170317E-3
1.4649245104E+0	1.3805890984E+1	6.4067398222E-3
1.4713321170E+0	1.3742012554E+1	6.4084555476E-3
1.4777413858E+0	1.3678337604E+1	6.4100641790E-3
1.4841522097E+0	1.3614864720E+1	6.4115656896E-3
1.4905644815E+0	1.3551588254E+1	6.4129600544E-3
1.4969780940E+0	1.3488501475E+1	6.4142472499E-3
1.5033929402E+0	1.3425601137E+1	6.4154272548E-3
1.5098089128E+0	1.3362889241E+1	6.4165000493E-3
1.5162259046E+0	1.3300370188E+1	6.4174656154E-3
1.5226438083E+0	1.3238045553E+1	6.4183239370E-3
1.5290625167E+0	1.3175910914E+1	6.4190749998E-3
1.5354819225E+0	1.3113957508E+1	6.4197187912E-3
1.5419019185E+0	1.3052177441E+1	6.4202553005E-3
1.5483223974E+0	1.2990568207E+1	6.4206845187E-3
1.5547432518E+0	1.2929132914E+1	6.4210064386E-3
1.5611643745E+0	1.2867876203E+1	6.4212210549E-3
1.5675856581E+0	1.2806799365E+1	6.4213283639E-3
1.5740069954E+0	1.2745898608E+1	6.4213283639E-3
1.5804282791E+0	1.2685167594E+1	6.4212210549E-3
1.5868494018E+0	1.2624601738E+1	6.4210064386E-3
1.5932702562E+0	1.2564200467E+1	6.4206845187E-3
1.5996907351E+0	1.2503965671E+1	6.4202553005E-3
1.6061107310E+0	1.2443898006E+1	6.4197187912E-3
1.6125301369E+0	1.2383994555E+1	6.4190749998E-3
1.6189488453E+0	1.2324250029E+1	6.4183239370E-3
1.6253667490E+0	1.2264660475E+1	6.4174656154E-3
1.6317837408E+0	1.2205226116E+1	6.4165000493E-3
1.6381997134E+0	1.2145950666E+1	6.4154272548E-3
1.6446145595E+0	1.2086837461E+1	6.4142472499E-3
1.6510281721E+0	1.2027885558E+1	6.4129600544E-3
1.6574404439E+0	1.1969089108E+1	6.4115656896E-3
1.6638512678E+0	1.1910440652E+1	6.4100641790E-3
1.6702605366E+0	1.1851935771E+1	6.4084555476E-3
1.6766681432E+0	1.1793575441E+1	6.4067398222E-3
1.6830739805E+0	1.1735364279E+1	6.4049170317E-3
1.6894779416E+0	1.1677306201E+1	6.4029872063E-3
1.6958799193E+0	1.1619400936E+1	6.4009503785E-3
1.7022798067E+0	1.1561644016E+1	6.3988065821E-3
1.7086774968E+0	1.1504029935E+1	6.3965558531E-3
1.7150728827E+0	1.1446555699E+1	6.3941982290E-3
1.7214658576E+0	1.1389221913E+1	6.3917337493E-3
1.7278563146E+0	1.1332030787E+1	6.3891624551E-3
1.7342441470E+0	1.1274983050E+1	6.3864843894E-3
1.7406292478E+0	1.1218076536E+1	6.3836995970E-3
1.7470115106E+0	1.1161307610E+1	6.3808081243E-3
1.7533908286E+0	1.1104674059E+1	6.3778100198E-3
1.7597670951E+0	1.1048176811E+1	6.3747053335E-3
1.7661402037E+0	1.0991818835E+1	6.3714941173E-3
1.7725100479E+0	1.0935602035E+1	6.3681764249E-3
1.7788765211E+0	1.0879524714E+1	6.3647523117E-3
1.7852395170E+0	1.0823581838E+1	6.3612218349E-3
1.7915989293E+0	1.0767768058E+1	6.3575850535E-3
1.7979546517E+0	1.0712081232E+1	6.3538420284E-3
1.8043065780E+0	1.0656523684E+1	6.3499928220E-3
1.8106546020E+0	1.0601100188E+1	6.3460374987E-3
1.8169986176E+0	1.0545814159E+1	6.3419761245E-3
1.8233385189E+0	1.0490664910E+1	6.3378087674E-3
1.8296741999E+0	1.0435647941E+1	6.3335354970E-3
1.8360055546E+0	1.0380757909E+1	6.3291563847E-3
1.8423324774E+0	1.0325991962E+1	6.3246715037E-3
1.8486548624E+0	1.0271350999E+1	6.3200809290E-3
1.8549726040E+0	1.0216838138E+1	6.3153847371E-3
1.8612855967E+0	1.0162455808E+1	6.3105830068E-3
1.8675937349E+0	1.0108203790E+1	6.3056758180E-3
1.8738969132E+0	1.0054079585E+1	6.3006632530E-3
1.8801950263E+0	1.0000080538E+1	6.2955453954E-3
1.8864879689E+0	9.9462058223E+0	6.2903223308E-3
1.8927756359E+0	9.8924566434E+0	6.2849941464E-3
1.8990579222E+0	9.8388345891E+0	6.2795609313E-3
1.9053347228E+0	9.7853396129E+0	6.2740227763E-3
1.9116059328E+0	9.7319694260E+0	6.2683797740E-3
1.9178714474E+0	9.6787209007E+0	6.2626320186E-3
1.9241311620E+0	9.6255924096E+0	6.2567796062E-3
1.9303849718E+0	9.5725852102E+0	6.2508226346E-3
1.9366327724E+0	9.5197026615E+0	6.2447612034E-3
1.9428744594E+0	9.4669477275E+0	6.2385954138E-3
1.9491099285E+0	9.4143205704E+0	6.2323253688E-3
1.9553390754E+0	9.3618180383E+0	6.2259511734E-3
1.9615617961E+0	9.3094354965E+0	6.2194729339E-3
1.9677779867E+0	9.2571697522E+0	6.2128907587E-3
1.9739875431E+0	9.2050210300E+0	6.2062047577E-3
1.9801903616E+0	9.1529926436E+0	6.1994150427E-3
1.9863863386E+0	9.1010886367E+0	6.1925217271E-3
1.9925753706E+0	9.0493110601E+0	6.1855249261E-3
1.9987573540E+0	8.9976587234E+0	6.1784247568E-3
2.0049321857E+0	8.9461281538E+0	6.1712213376E-3
2.0110997623E+0	8.8947159472E+0	6.1639147890E-3
2.0172599809E+0	8.8434208210E+0	6.1565052331E-3
2.0234127385E+0	8.7922440287E+0	6.1489927938E-3
2.0295579322E+0	8.7411880494E+0	6.1413775965E-3
2.0356954595E+0	8.6902546589E+0	6.1336597685E-3
2.0418252176E+0	8.6394438038E+0	6.1258394388E-3
2.0479471042E+0	8.5887539743E+0	6.1179167381E-3
2.0540610170E+0	8.5381836157E+0	6.1098917988E-3
2.0601668538E+0	8.4877323963E+0	6.1017647550E-3
2.0662645125E+0	8.4374013569E+0	6.0935357425E-3
2.0723538913E+0	8.3871918837E+0	6.0852048988E-3
2.0784348884E+0	8.3371043702E+0	6.0767723631E-3
2.0845074022E+0	8.2871376589E+0	6.0682382765E-3
2.0905713312E+0	8.2372897556E+0	6.0596027814E-3
2.0966265740E+0	8.1875593299E+0	6.0508660221E-3
2.1026730295E+0	8.1379468958E+0	6.0420281448E-3
2.1087105966E+0	8.0884547522E+0	6.0330892971E-3
2.1147391745E+0	8.0390856267E+0	6.0240496283E-3
2.1207586623E+0	7.9898408901E+0	6.0149092896E-3
2.1267689596E+0	7.9407195525E+0	6.0056684336E-3
2.1327699657E+0	7.8917187572E+0	5.9963272149E-3
2.1387615806E+0	7.8428355114E+0	5.9868857894E-3
2.1447437040E+0	7.7940685683E+0	5.9773443150E-3
2.1507162359E+0	7.7454192701E+0	5.9677029512E-3
2.1566790766E+0	7.6968908201E+0	5.9579618591E-3
2.1626321265E+0	7.6484864435E+0	5.9481212013E-3
2.1685752859E+0	7.6002075776E+0	5.9381811425E-3
2.1745084557E+0	7.5520531776E+0	5.9281418487E-3
2.1804315366E+0	7.5040205042E+0	5.9180034877E-3
2.1863444297E+0	7.4561068504E+0	5.9077662288E-3
2.1922470361E+0	7.4083111324E+0	5.8974302433E-3
2.1981392573E+0	7.3606344268E+0	5.8869957037E-3
2.2040209947E+0	7.3130792292E+0	5.8764627846E-3
2.2098921501E+0	7.2656479882E+0	5.8658316618E-3
2.2157526254E+0	7.2183418406E+0	5.8551025132E-3
2.2216023226E+0	7.1711602648E+0	5.8442755178E-3
2.2274411439E+0	7.1241017419E+0	5.8333508568E-3
2.2332689918E+0	7.0771649020E+0	5.8223287127E-3
2.2390857689E+0	7.0303494031E+0	5.8112092696E-3
2.2448913779E+0	6.9836560441E+0	5.7999927133E-3
2.2506857220E+0	6.9370861487E+0	5.7886792314E-3
2.2564687042E+0	6.8906407137E+0	5.7772690129E-3
2.2622402278E+0	6.8443199101E+0	5.7657622485E-3
2.2680001965E+0	6.7981232355E+0	5.7541591304E-3
2.2737485140E+0	6.7520501570E+0	5.7424598526E-3
2.2794850843E+0	6.7061007604E+0	5.7306646105E-3
2.2852098113E+0	6.6602759383E+0	5.7187736014E-3
2.2909225996E+0	6.6145769769E+0	5.7067870238E-3
2.2966233536E+0	6.5690048105E+0	5.6947050782E-3
2.3023119780E+0	6.5235594464E+0	5.6825279663E-3
2.3079883779E+0	6.4782399639E+0	5.6702558918E-3
2.3136524582E+0	6.4330451325E+0	5.6578890597E-3
2.3193041245E+0	6.3879743004E+0	5.6454276767E-3
2.3249432821E+0	6.3430280200E+0	5.6328719509E-3
2.3305698370E+0	6.2982080118E+0	5.6202220924E-3
2.3361836950E+0	6.2535164486E+0	5.6074783123E-3
2.3417847624E+0	6.2089549374E+0	5.5946408237E-3
2.3473729455E+0	6.1645237602E+0	5.5817098412E-3
2.3529481510E+0	6.1202218055E+0	5.5686855808E-3
2.3585102856E+0	6.0760472433E+0	5.5555682601E-3
2.3640592565E+0	6.0319985978E+0	5.5423580985E-3
2.3695949710E+0	5.9880756543E+0	5.5290553166E-3
2.3751173364E+0	5.9442797294E+0	5.5156601367E-3
2.3806262605E+0	5.9006131688E+0	5.5021727828E-3
2.3861216513E+0	5.8570783387E+0	5.4885934801E-3
2.3916034169E+0	5.8136766263E+0	5.4749224557E-3
2.3970714657E+0	5.7704079446E+0	5.4611599379E-3
2.4025257064E+0	5.7272709681E+0	5.4473061568E-3
2.4079660477E+0	5.6842639551E+0	5.4333613439E-3
2.4133923988E+0	5.6413857305E+0	5.4193257323E-3
2.4188046690E+0	5.5986363531E+0	5.4051995564E-3
2.4242027678E+0	5.5560171662E+0	5.3909830523E-3
2.4295866050E+0	5.5135302507E+0	5.3766764577E-3
2.4349560907E+0	5.4711775780E+0	5.3622800116E-3
2.4403111352E+0	5.4289602802E+0	5.3477939546E-3
2.4456516489E+0	5.3868783666E+0	5.3332185287E-3
2.4509775425E+0	5.3449309746E+0	5.3185539776E-3
2.4562887272E+0	5.3031169924E+0	5.3038005463E-3
2.4615851141E+0	5.2614357290E+0	5.2889584814E-3
2.4668666147E+0	5.2198873231E+0	5.2740280309E-3
2.4721331408E+0	5.1784727337E+0	5.2590094442E-3
2.4773846043E+0	5.1371933672E+0	5.2439029725E-3
2.4826209175E+0	5.0960505540E+0	5.2287088681E-3
2.4878419929E+0	5.0550451323E+0	5.2134273849E-3
2.4930477432E+0	5.0141773146E+0	5.1980587783E-3
2.4982380815E+0	4.9734468584E+0	5.1826033052E-3
2.5034129210E+0	4.9328534187E+0	5.1670612238E-3
2.5085721752E+0	4.8923968904E+0	5.1514327939E-3
2.5137157579E+0	4.8520775818E+0	5.1357182766E-3
2.5188435831E+0	4.8118961602E+0	5.1199179345E-3
2.5239555652E+0	4.7718534306E+0	5.1040320318E-3
2.5290516187E+0	4.7319500804E+0	5.0880608338E-3
2.5341316585E+0	4.6921865260E+0	5.0720046074E-3
2.5391955997E+0	4.6525629283E+0	5.0558636210E-3
2.5442433576E+0	4.6130793526E+0	5.0396381444E-3
2.5492748479E+0	4.5737359756E+0	5.0233284486E-3
2.5542899865E+0	4.5345332222E+0	5.0069348063E-3
2.5592886896E+0	4.4954717616E+0	4.9904574913E-3
2.5642708737E+0	4.4565523614E+0	4.9738967791E-3
2.5692364555E+0	4.4177756780E+0	4.9572529464E-3
2.5741853520E+0	4.3791420884E+0	4.9405262713E-3
2.5791174805E+0	4.3406516533E+0	4.9237170334E-3
2.5840327586E+0	4.3023042354E+0	4.9068255135E-3
2.5889311042E+0	4.2640997252E+0	4.8898519940E-3
2.5938124354E+0	4.2260382731E+0	4.8727967585E-3
2.5986766706E+0	4.1881204229E+0	4.8556600920E-3
2.6035237285E+0	4.1503470817E+0	4.8384422809E-3
2.6083535282E+0	4.1127193324E+0	4.8211436130E-3
2.6131659889E+0	4.0752381620E+0	4.8037643772E-3
2.6179610302E+0	4.0379042161E+0	4.7863048641E-3
2.6227385719E+0	4.0007176805E+0	4.7687653653E-3
2.6274985343E+0	3.9636783402E+0	4.7511461741E-3
2.6322408378E+0	3.9267857964E+0	4.7334475849E-3
2.6369654032E+0	3.8900397592E+0	4.7156698934E-3
2.6416721513E+0	3.8534403055E+0	4.6978133967E-3
2.6463610038E+0	3.8169880048E+0	4.6798783932E-3
2.6510318821E+0	3.7806838666E+0	4.6618651826E-3
2.6556847082E+0	3.7445291287E+0	4.6437740661E-3
2.6603194043E+0	3.7085249637E+0	4.6256053458E-3
2.6649358931E+0	3.6726722101E+0	4.6073593254E-3
2.6695340973E+0	3.6369712204E+0	4.5890363098E-3
2.6741139402E+0	3.6014218786E+0	4.5706366053E-3
2.6786753451E+0	3.5660237762E+0	4.5521605193E-3
2.6832182358E+0	3.5307764839E+0	4.5336083606E-3
2.6877425365E+0	3.4956798257E+0	4.5149804392E-3
2.6922481716E+0	3.4607340623E+0	4.4962770664E-3
2.6967350656E+0	3.4259399298E+0	4.4774985548E-3
2.7012031437E+0	3.3912985230E+0	4.4586452181E-3
2.7056523312E+0	3.3568110684E+0	4.4397173715E-3
2.7100825537E+0	3.3224786637E+0	4.4207153312E-3
2.7144937373E+0	3.2883020652E+0	4.4016394148E-3
2.7188858081E+0	3.2542815896E+0	4.3824899412E-3
2.7232586927E+0	3.2204171536E+0	4.3632672302E-3
2.7276123182E+0	3.1867084321E+0	4.3439716031E-3
2.7319466117E+0	3.1531550837E+0	4.3246033825E-3
2.7362615009E+0	3.1197569690E+0	4.3051628919E-3
2.7405569135E+0	3.0865143007E+0	4.2856504563E-3
2.7448327779E+0	3.0534276838E+0	4.2660664016E-3
2.7490890226E+0	3.0204980402E+0	4.2464110553E-3
2.7533255764E+0	2.9877264480E+0	4.2266847457E-3
2.7575423685E+0	2.9551139443E+0	4.2068878026E-3
2.7617393285E+0	2.9226613505E+0	4.1870205567E-3
2.7659163863E+0	2.8903691671E+0	4.1670833400E-3
2.7700734720E+0	2.8582375617E+0	4.1470764858E-3
2.7742105162E+0	2.8262664486E+0	4.1270003283E-3
2.7783274497E+0	2.7944556303E+0	4.1068552032E-3
2.7824242037E+0	2.7628049606E+0	4.0866414469E-3
2.7865007098E+0	2.7313144833E+0	4.0663593974E-3
2.7905568999E+0	2.6999845130E+0	4.0460093936E-3
2.7945927061E+0	2.6688156398E+0	4.0255917754E-3
2.7986080610E+0	2.6378086648E+0	4.0051068843E-3
2.8026028975E+0	2.6069644856E+0	3.9845550624E-3
2.8065771489E+0	2.5762839657E+0	3.9639366533E-3
2.8105307487E+0	2.5457678218E+0	3.9432520014E-3
2.8144636309E+0	2.5154165542E+0	3.9225014525E-3
2.8183757298E+0	2.4852304348E+0	3.9016853533E-3
2.8222669799E+0	2.4552095496E+0	3.8808040517E-3
2.8261373163E+0	2.4253538829E+0	3.8598578967E-3
2.8299866742E+0	2.3956634176E+0	3.8388472382E-3
2.8338149894E+0	2.3661382288E+0	3.8177724274E-3
2.8376221978E+0	2.3367785482E+0	3.7966338166E-3
2.8414082359E+0	2.3075847885E+0	3.7754317588E-3
2.8451730403E+0	2.2785575247E+0	3.7541666086E-3
2.8489165482E+0	2.2496974408E+0	3.7328387211E-3
2.8526386969E+0	2.2210052571E+0	3.7114484529E-3
2.8563394244E+0	2.1924816552E+0	3.6899961614E-3
2.8600186687E+0	2.1641272170E+0	3.6684822051E-3
2.8636763684E+0	2.1359423900E+0	3.6469069436E-3
2.8673124623E+0	2.1079274833E+0	3.6252707373E-3
2.8709268897E+0	2.0800826919E+0	3.6035739479E-3
2.8745195901E+0	2.0524081428E+0	3.5818169379E-3
2.8780905036E+0	2.0249039495E+0	3.5600000709E-3
2.8816395704E+0	1.9975702651E+0	3.5381237115E-3
2.8851667313E+0	1.9704073222E+0	3.5161882254E-3
2.8886719273E+0	1.9434154536E+0	3.4941939790E-3
2.8921550998E+0	1.9165950917E+0	3.4721413399E-3
2.8956161906E+0	1.8899467491E+0	3.4500306767E-3
2.8990551419E+0	1.8634709849E+0	3.4278623588E-3
2.9024718962E+0	1.8371683659E+0	3.4056367567E-3
2.9058663965E+0	1.8110394297E+0	3.3833542419E-3
2.9092385859E+0	1.7850846559E+0	3.3610151867E-3
2.9125884081E+0	1.7593044503E+0	3.3386199643E-3
2.9159158072E+0	1.7336991434E+0	3.3161689492E-3
2.9192207275E+0	1.7082690017E+0	3.2936625164E-3
2.9225031139E+0	1.6830142487E+0	3.2711010421E-3
2.9257629114E+0	1.6579350912E+0	3.2484849032E-3
2.9290000656E+0	1.6330317447E+0	3.2258144779E-3
2.9322145224E+0	1.6083044558E+0	3.2030901448E-3
2.9354062280E+0	1.5837535162E+0	3.1803122838E-3
2.9385751292E+0	1.5593792681E+0	3.1574812755E-3
2.9417211730E+0	1.5351821010E+0	3.1345975014E-3
2.9448443068E+0	1.5111624408E+0	3.1116613440E-3
2.9479444784E+0	1.4873207344E+0	3.0886731866E-3
2.9510216360E+0	1.4636574324E+0	3.0656334132E-3
2.9540757281E+0	1.4401729727E+0	3.0425424091E-3
2.9571067038E+0	1.4168677672E+0	3.0194005599E-3
2.9601145124E+0	1.3937421939E+0	2.9962082525E-3
2.9630991036E+0	1.3707965939E+0	2.9729658744E-3
2.9660604276E+0	1.3480312738E+0	2.9496738141E-3
2.9689984348E+0	1.3254465128E+0	2.9263324607E-3
2.9719130762E+0	1.3030425719E+0	2.9029422044E-3
2.9748043031E+0	1.2808197048E+0	2.8795034361E-3
2.9776720671E+0	1.2587781682E+0	2.8560165473E-3
2.9805163203E+0	1.2369182302E+0	2.8324819307E-3
2.9833370151E+0	1.2152401765E+0	2.8088999795E-3
2.9861341046E+0	1.1937443130E+0	2.7852710878E-3
2.9889075418E+0	1.1724309654E+0	2.7615956505E-3
2.9916572805E+0	1.1513004764E+0	2.7378740632E-3
2.9943832747E+0	1.1303532009E+0	2.7141067224E-3
2.9970854788E+0	1.1095894993E+0	2.6902940251E-3
2.9997638477E+0	1.0890097321E+0	2.6664363695E-3
3.0024183367E+0	1.0686142530E+0	2.6425341541E-3
3.0050489013E+0	1.0484034050E+0	2.6185877784E-3
3.0076554977E+0	1.0283775171E+0	2.5945976426E-3
3.0102380822E+0	1.0085369024E+0	2.5705641475E-3
3.0127966116E+0	9.8888185843E-1	2.5464876949E-3
3.0153310434E+0	9.6941266885E-1	2.5223686871E-3
3.0178413350E+0	9.5012960581E-1	2.4982075270E-3
3.0203274445E+0	9.3103293326E-1	2.4740046186E-3
3.0227893304E+0	9.1212291036E-1	2.4497603662E-3
3.0252269516E+0	8.9339979485E-1	2.4254751751E-3
3.0276402673E+0	8.7486384581E-1	2.4011494510E-3
3.0300292371E+0	8.5651532579E-1	2.3767836004E-3
3.0323938212E+0	8.3835450219E-1	2.3523780306E-3
3.0347339801E+0	8.2038164770E-1	2.3279331494E-3
3.0370496746E+0	8.0259704008E-1	2.3034493653E-3
3.0393408660E+0	7.8500096126E-1	2.2789270875E-3
3.0416075160E+0	7.6759369596E-1	2.2543667257E-3
3.0438495869E+0	7.5037553003E-1	2.2297686905E-3
3.0460670410E+0	7.3334674871E-1	2.2051333928E-3
3.0482598414E+0	7.1650763492E-1	2.1804612443E-3
3.0504279513E+0	6.9985846776E-1	2.1557526574E-3
3.0525713347E+0	6.8339952133E-1	2.1310080450E-3
3.0546899556E+0	6.6713106380E-1	2.1062278206E-3
3.0567837786E+0	6.5105335697E-1	2.0814123983E-3
3.0588527688E+0	6.3516665611E-1	2.0565621928E-3
3.0608968915E+0	6.1947121009E-1	2.0316776194E-3
3.0629161127E+0	6.0396726185E-1	2.0067590939E-3
3.0649103985E+0	5.8865504895E-1	1.9818070327E-3
3.0668797157E+0	5.7353480430E-1	1.9568218529E-3
3.0688240313E+0	5.5860675695E-1	1.9318039720E-3
3.0707433129E+0	5.4387113275E-1	1.9067538080E-3
3.0726375283E+0	5.2932815508E-1	1.8816717796E-3
3.0745066460E+0	5.1497804540E-1	1.8565583060E-3
3.0763506346E+0	5.0082102366E-1	1.8314138067E-3
3.0781694634E+0	4.8685730862E-1	1.8062387021E-3
3.0799631019E+0	4.7308711802E-1	1.7810334128E-3
3.0817315203E+0	4.5951066858E-1	1.7557983600E-3
3.0834746889E+0	4.4612817593E-1	1.7305339655E-3
3.0851925786E+0	4.3293985448E-1	1.7052406515E-3
3.0868851607E+0	4.1994591711E-1	1.6799188405E-3
3.0885524069E+0	4.0714657495E-1	1.6545689559E-3
3.0901942894E+0	3.9454203706E-1	1.6291914212E-3
3.0918107807E+0	3.8213251014E-1	1.6037866605E-3
3.0934018538E+0	3.6991819820E-1	1.5783550984E-3
3.0949674821E+0	3.5789930236E-1	1.5528971598E-3
3.0965076394E+0	3.4607602059E-1	1.5274132703E-3
3.0980223001E+0	3.3444854754E-1	1.5019038556E-3
3.0995114388E+0	3.2301707439E-1	1.4763693421E-3
3.1009750306E+0	3.1178178878E-1	1.4508101565E-3
3.1024130510E+0	3.0074287474E-1	1.4252267258E-3
3.1038254761E+0	2.8990051268E-1	1.3996194778E-3
3.1052122822E+0	2.7925487939E-1	1.3739888402E-3
3.1065734461E+0	2.6880614809E-1	1.3483352414E-3
3.1079089451E+0	2.5855448847E-1	1.3226591101E-3
3.1092187570E+0	2.4850006676E-1	1.2969608754E-3
3.1105028597E+0	2.3864304580E-1	1.2712409668E-3
3.1117612318E+0	2.2898358513E-1	1.2454998140E-3
3.1129938524E+0	2.1952184101E-1	1.2197378472E-3
3.1142007007E+0	2.1025796654E-1	1.1939554970E-3
3.1153817567E+0	2.0119211169E-1	1.1681531941E-3
3.1165370006E+0	1.9232442336E-1	1.1423313699E-3
3.1176664131E+0	1.8365504540E-1	1.1164904558E-3
3.1187699753E+0	1.7518411862E-1	1.0906308836E-3
3.1198476688E+0	1.6691178088E-1	1.0647530855E-3
3.1208994755E+0	1.5883816700E-1	1.0388574939E-3
3.1219253780E+0	1.5096340886E-1	1.0129445417E-3
3.1229253590E+0	1.4328763529E-1	9.8701466182E-4
3.1238994018E+0	1.3581097214E-1	9.6106828758E-4
3.1248474902E+0	1.2853354224E-1	9.3510585261E-4
3.1257696083E+0	1.2145546533E-1	9.0912779076E-4
3.1266657407E+0	1.1457685811E-1	8.8313453619E-4
3.1275358724E+0	1.0789783418E-1	8.5712652325E-4
3.1283799890E+0	1.0141850399E-1	8.3110418659E-4
3.1291980762E+0	9.5138974860E-2	8.0506796108E-4
3.1299901204E+0	8.9059350931E-2	7.7901828182E-4
3.1307561084E+0	8.3179733144E-2	7.5295558414E-4
3.1314960274E+0	7.7500219219E-2	7.2688030358E-4
3.1322098650E+0	7.2020903638E-2	7.0079287589E-4
3.1328976092E+0	6.6741877623E-2	6.7469373705E-4
3.1335592487E+0	6.1663229121E-2	6.4858332323E-4
3.1341947723E+0	5.6785042792E-2	6.2246207073E-4
3.1348041694E+0	5.2107399991E-2	5.9633041614E-4
3.1353874298E+0	4.7630378762E-2	5.7018879612E-4
3.1359445438E+0	4.3354053827E-2	5.4403764760E-4
3.1364755020E+0	3.9278496578E-2	5.1787740760E-4
3.1369802957E+0	3.5403775069E-2	4.9170851331E-4
3.1374589163E+0	3.1729954013E-2	4.6553140213E-4
3.1379113559E+0	2.8257094775E-2	4.3934651156E-4
3.1383376069E+0	2.4985255371E-2	4.1315427928E-4
3.1387376622E+0	2.1914490458E-2	3.8695514312E-4
3.1391115150E+0	1.9044851342E-2	3.6074954110E-4
3.1394591592E+0	1.6376385963E-2	3.3453791144E-4
3.1397805890E+0	1.3909138903E-2	3.0832069259E-4
3.1400757989E+0	1.1643151377E-2	2.8209832342E-4
3.1403447841E+0	9.5784612284E-3	2.5587124334E-4
3.1405875400E+0	7.7151029286E-3	2.2963989267E-4
3.1408040626E+0	6.0531075606E-3	2.0340471372E-4
3.1409943483E+0	4.5925028004E-3	1.7716615272E-4
3.1411583939E+0	3.3333128679E-3	1.5092466531E-4
3.1412961968E+0	2.2755584048E-3	1.2468073282E-4
3.1414077547E+0	1.4192561059E-3	9.8434919423E-5
3.1414930663E+0	7.6441733543E-4	7.2188137769E-5
3.1415521316E+0	3.1104070179E-4	4.5943520243E-5
3.1415849628E+0	5.9033080625E-5	1.9736940383E-5