# Differential cross section		
# Author: P. Swaczyna	Princeton University	(swaczyna@princeton.edu)
# Date: 	Fri 4 Dec 2020 10:37:19	
# 		
# Elastic collision: He^0 + He^0 -> He^0 + He^0		
# 		
# Red. mass: 	1.8642000787E+9	 eV/c^2
# CM energy: 	3.0902954325E-3	 eV
# Rel speed: 	5.4587026751E+4	 cm/s
# Tot sigma: 	1.5192167490E+2	 a.u.
# Int sigma: 	1.5192167490E+2	 a.u.
# 		
# Columns:		
# the <- scattering angle (rad)		
# dcs <- dsigma/dOmega*2*pi*sin(the) (a.u. = 2.8002852056E-17 cm^2)		
# wei <- weight for cross section integration (approx. width of angle bin)		
# 		
# the	dcs	wei
7.6907532846E-6	7.5223297158E-3	1.9736940383E-5
4.0521979771E-5	3.9634568780E-2	4.5943520243E-5
9.9587300392E-5	9.7406384305E-2	7.2188137769E-5
1.8489884726E-4	1.8084962434E-1	9.8434919423E-5
2.9645680168E-4	2.8996441460E-1	1.2468073282E-4
4.3425968311E-4	4.2474919483E-1	1.5092466531E-4
5.9830531657E-4	5.8520162923E-1	1.7716615272E-4
7.8859101285E-4	7.7131873869E-1	2.0340471372E-4
1.0051136166E-3	9.8309689523E-1	2.2963989267E-4
1.2478695220E-3	1.2205317767E+0	2.5587124334E-4
1.5168546797E-3	1.4836183039E+0	2.8209832342E-4
1.8120645986E-3	1.7723505654E+0	3.0832069259E-4
2.1334943481E-3	2.0867217334E+0	3.3453791144E-4
2.4811385584E-3	2.4267239701E+0	3.6074954110E-4
2.8549914211E-3	2.7923483259E+0	3.8695514312E-4
3.2550466893E-3	3.1835846289E+0	4.1315427928E-4
3.6812976783E-3	3.6004213664E+0	4.3934651156E-4
4.1337372652E-3	4.0428455581E+0	4.6553140213E-4
4.6123578895E-3	4.5108426210E+0	4.9170851331E-4
5.1171515529E-3	5.0043962268E+0	5.1787740760E-4
5.6481098199E-3	5.5234881501E+0	5.4403764760E-4
6.2052238176E-3	6.0680981101E+0	5.7018879612E-4
6.7884842360E-3	6.6382036030E+0	5.9633041614E-4
7.3978813281E-3	7.2337797278E+0	6.2246207073E-4
8.0334049101E-3	7.8547990031E+0	6.4858332323E-4
8.6950443616E-3	8.5012311772E+0	6.7469373705E-4
9.3827886258E-3	9.1730430300E+0	7.0079287589E-4
1.0096626210E-2	9.8701981676E+0	7.2688030358E-4
1.0836545184E-2	1.0592656809E+1	7.5295558414E-4
1.1602533184E-2	1.1340375567E+1	7.7901828182E-4
1.2394577408E-2	1.2113307218E+1	8.0506796108E-4
1.3212664621E-2	1.2911400472E+1	8.3110418659E-4
1.4056781152E-2	1.3734599727E+1	8.5712652325E-4
1.4926912893E-2	1.4582844820E+1	8.8313453619E-4
1.5823045305E-2	1.5456070775E+1	9.0912779076E-4
1.6745163410E-2	1.6354207542E+1	9.3510585261E-4
1.7693251801E-2	1.7277179723E+1	9.6106828758E-4
1.8667294632E-2	1.8224906304E+1	9.8701466182E-4
1.9667275626E-2	1.9197300371E+1	1.0129445417E-3
2.0693178073E-2	2.0194268824E+1	1.0388574939E-3
2.1744984827E-2	2.1215712088E+1	1.0647530855E-3
2.2822678313E-2	2.2261523812E+1	1.0906308836E-3
2.3926240519E-2	2.3331590567E+1	1.1164904558E-3
2.5055653005E-2	2.4425791544E+1	1.1423313699E-3
2.6210896896E-2	2.5543998235E+1	1.1681531941E-3
2.7391952886E-2	2.6686074118E+1	1.1939554970E-3
2.8598801239E-2	2.7851874342E+1	1.2197378472E-3
2.9831421786E-2	2.9041245395E+1	1.2454998140E-3
3.1089793929E-2	3.0254024782E+1	1.2712409668E-3
3.2373896638E-2	3.1490040692E+1	1.2969608754E-3
3.3683708455E-2	3.2749111662E+1	1.3226591101E-3
3.5019207490E-2	3.4031046247E+1	1.3483352414E-3
3.6380371427E-2	3.5335642675E+1	1.3739888402E-3
3.7767177517E-2	3.6662688511E+1	1.3996194778E-3
3.9179602586E-2	3.8011960319E+1	1.4252267258E-3
4.0617623030E-2	3.9383223311E+1	1.4508101565E-3
4.2081214817E-2	4.0776231016E+1	1.4763693421E-3
4.3570353490E-2	4.2190724930E+1	1.5019038556E-3
4.5085014162E-2	4.3626434179E+1	1.5274132703E-3
4.6625171522E-2	4.5083075180E+1	1.5528971598E-3
4.8190799831E-2	4.6560351296E+1	1.5783550984E-3
4.9781872927E-2	4.8057952510E+1	1.6037866605E-3
5.1398364219E-2	4.9575555084E+1	1.6291914212E-3
5.3040246694E-2	5.1112821232E+1	1.6545689559E-3
5.4707492914E-2	5.2669398797E+1	1.6799188405E-3
5.6400075017E-2	5.4244920924E+1	1.7052406515E-3
5.8117964718E-2	5.5839005751E+1	1.7305339655E-3
5.9861133308E-2	5.7451256094E+1	1.7557983600E-3
6.1629551657E-2	5.9081259148E+1	1.7810334128E-3
6.3423190212E-2	6.0728586190E+1	1.8062387021E-3
6.5242019000E-2	6.2392792288E+1	1.8314138067E-3
6.7086007624E-2	6.4073416030E+1	1.8565583060E-3
6.8955125270E-2	6.5769979248E+1	1.8816717796E-3
7.0849340702E-2	6.7481986762E+1	1.9067538080E-3
7.2768622264E-2	6.9208926133E+1	1.9318039720E-3
7.4712937885E-2	7.0950267426E+1	1.9568218529E-3
7.6682255070E-2	7.2705462989E+1	1.9818070327E-3
7.8676540910E-2	7.4473947244E+1	2.0067590939E-3
8.0695762079E-2	7.6255136487E+1	2.0316776194E-3
8.2739884832E-2	7.8048428719E+1	2.0565621928E-3
8.4808875009E-2	7.9853203472E+1	2.0814123983E-3
8.6902698034E-2	8.1668821671E+1	2.1062278206E-3
8.9021318917E-2	8.3494625501E+1	2.1310080450E-3
9.1164702253E-2	8.5329938301E+1	2.1557526574E-3
9.3332812224E-2	8.7174064473E+1	2.1804612443E-3
9.5525612596E-2	8.9026289415E+1	2.2051333928E-3
9.7743066726E-2	9.0885879471E+1	2.2297686905E-3
9.9985137556E-2	9.2752081911E+1	2.2543667257E-3
1.0225178762E-1	9.4624124924E+1	2.2789270875E-3
1.0454297904E-1	9.6501217649E+1	2.3034493653E-3
1.0685867352E-1	9.8382550217E+1	2.3279331494E-3
1.0919883237E-1	1.0026729383E+2	2.3523780306E-3
1.1156341648E-1	1.0215460086E+2	2.3767836004E-3
1.1395238633E-1	1.0404360498E+2	2.4011494510E-3
1.1636570200E-1	1.0593342133E+2	2.4254751751E-3
1.1880332317E-1	1.0782314669E+2	2.4497603662E-3
1.2126520909E-1	1.0971185971E+2	2.4740046186E-3
1.2375131862E-1	1.1159862116E+2	2.4982075270E-3
1.2626161023E-1	1.1348247422E+2	2.5223686871E-3
1.2879604195E-1	1.1536244477E+2	2.5464876949E-3
1.3135457143E-1	1.1723754177E+2	2.5705641475E-3
1.3393715592E-1	1.1910675764E+2	2.5945976426E-3
1.3654375226E-1	1.2096906864E+2	2.6185877784E-3
1.3917431689E-1	1.2282343538E+2	2.6425341541E-3
1.4182880585E-1	1.2466880329E+2	2.6664363695E-3
1.4450717478E-1	1.2650410314E+2	2.6902940251E-3
1.4720937892E-1	1.2832825159E+2	2.7141067224E-3
1.4993537310E-1	1.3014015186E+2	2.7378740632E-3
1.5268511179E-1	1.3193869429E+2	2.7615956505E-3
1.5545854902E-1	1.3372275708E+2	2.7852710878E-3
1.5825563845E-1	1.3549120700E+2	2.8088999795E-3
1.6107633333E-1	1.3724290014E+2	2.8324819307E-3
1.6392058653E-1	1.3897668269E+2	2.8560165473E-3
1.6678835052E-1	1.4069139183E+2	2.8795034361E-3
1.6967957737E-1	1.4238585658E+2	2.9029422044E-3
1.7259421876E-1	1.4405889872E+2	2.9263324607E-3
1.7553222599E-1	1.4570933375E+2	2.9496738141E-3
1.7849354996E-1	1.4733597189E+2	2.9729658744E-3
1.8147814117E-1	1.4893761915E+2	2.9962082525E-3
1.8448594977E-1	1.5051307835E+2	3.0194005599E-3
1.8751692548E-1	1.5206115028E+2	3.0425424091E-3
1.9057101764E-1	1.5358063485E+2	3.0656334132E-3
1.9364817522E-1	1.5507033225E+2	3.0886731866E-3
1.9674834681E-1	1.5652904425E+2	3.1116613440E-3
1.9987148058E-1	1.5795557537E+2	3.1345975014E-3
2.0301752435E-1	1.5934873427E+2	3.1574812755E-3
2.0618642554E-1	1.6070733504E+2	3.1803122838E-3
2.0937813120E-1	1.6203019856E+2	3.2030901448E-3
2.1259258799E-1	1.6331615393E+2	3.2258144779E-3
2.1582974219E-1	1.6456403990E+2	3.2484849032E-3
2.1908953970E-1	1.6577270629E+2	3.2711010421E-3
2.2237192605E-1	1.6694101553E+2	3.2936625164E-3
2.2567684639E-1	1.6806784414E+2	3.3161689492E-3
2.2900424548E-1	1.6915208428E+2	3.3386199643E-3
2.3235406772E-1	1.7019264531E+2	3.3610151867E-3
2.3572625713E-1	1.7118845539E+2	3.3833542419E-3
2.3912075735E-1	1.7213846303E+2	3.4056367567E-3
2.4253751167E-1	1.7304163876E+2	3.4278623588E-3
2.4597646298E-1	1.7389697673E+2	3.4500306767E-3
2.4943755380E-1	1.7470349637E+2	3.4721413399E-3
2.5292072631E-1	1.7546024401E+2	3.4941939790E-3
2.5642592230E-1	1.7616629457E+2	3.5161882254E-3
2.5995308318E-1	1.7682075321E+2	3.5381237115E-3
2.6350215001E-1	1.7742275698E+2	3.5600000709E-3
2.6707306349E-1	1.7797147648E+2	3.5818169379E-3
2.7066576394E-1	1.7846611754E+2	3.6035739479E-3
2.7428019131E-1	1.7890592284E+2	3.6252707373E-3
2.7791628522E-1	1.7929017353E+2	3.6469069436E-3
2.8157398488E-1	1.7961819088E+2	3.6684822051E-3
2.8525322919E-1	1.7988933788E+2	3.6899961614E-3
2.8895395665E-1	1.8010302080E+2	3.7114484529E-3
2.9267610542E-1	1.8025869074E+2	3.7328387211E-3
2.9641961330E-1	1.8035584517E+2	3.7541666086E-3
3.0018441773E-1	1.8039402944E+2	3.7754317588E-3
3.0397045579E-1	1.8037283820E+2	3.7966338166E-3
3.0777766421E-1	1.8029191681E+2	3.8177724274E-3
3.1160597938E-1	1.8015096278E+2	3.8388472382E-3
3.1545533730E-1	1.7994972702E+2	3.8598578967E-3
3.1932567367E-1	1.7968801515E+2	3.8808040517E-3
3.2321692379E-1	1.7936568872E+2	3.9016853533E-3
3.2712902264E-1	1.7898266637E+2	3.9225014525E-3
3.3106190484E-1	1.7853892494E+2	3.9432520014E-3
3.3501550468E-1	1.7803450045E+2	3.9639366533E-3
3.3898975607E-1	1.7746948915E+2	3.9845550624E-3
3.4298459261E-1	1.7684404833E+2	4.0051068843E-3
3.4699994753E-1	1.7615839717E+2	4.0255917754E-3
3.5103575373E-1	1.7541281747E+2	4.0460093936E-3
3.5509194378E-1	1.7460765430E+2	4.0663593974E-3
3.5916844988E-1	1.7374331654E+2	4.0866414469E-3
3.6326520391E-1	1.7282027737E+2	4.1068552032E-3
3.6738213741E-1	1.7183907464E+2	4.1270003283E-3
3.7151918157E-1	1.7080031111E+2	4.1470764858E-3
3.7567626728E-1	1.6970465471E+2	4.1670833400E-3
3.7985332504E-1	1.6855283854E+2	4.1870205567E-3
3.8405028507E-1	1.6734566085E+2	4.2068878026E-3
3.8826707721E-1	1.6608398494E+2	4.2266847457E-3
3.9250363101E-1	1.6476873888E+2	4.2464110553E-3
3.9675987567E-1	1.6340091515E+2	4.2660664016E-3
4.0103574005E-1	1.6198157016E+2	4.2856504563E-3
4.0533115271E-1	1.6051182368E+2	4.3051628919E-3
4.0964604185E-1	1.5899285810E+2	4.3246033825E-3
4.1398033538E-1	1.5742591764E+2	4.3439716031E-3
4.1833396086E-1	1.5581230738E+2	4.3632672302E-3
4.2270684554E-1	1.5415339217E+2	4.3824899412E-3
4.2709891633E-1	1.5245059549E+2	4.4016394148E-3
4.3151009985E-1	1.5070539811E+2	4.4207153312E-3
4.3594032237E-1	1.4891933666E+2	4.4397173715E-3
4.4038950986E-1	1.4709400210E+2	4.4586452181E-3
4.4485758797E-1	1.4523103803E+2	4.4774985548E-3
4.4934448203E-1	1.4333213890E+2	4.4962770664E-3
4.5385011706E-1	1.4139904812E+2	4.5149804392E-3
4.5837441776E-1	1.3943355604E+2	4.5336083606E-3
4.6291730852E-1	1.3743749779E+2	4.5521605193E-3
4.6747871344E-1	1.3541275104E+2	4.5706366053E-3
4.7205855627E-1	1.3336123366E+2	4.5890363098E-3
4.7665676049E-1	1.3128490127E+2	4.6073593254E-3
4.8127324926E-1	1.2918574460E+2	4.6256053458E-3
4.8590794542E-1	1.2706578693E+2	4.6437740661E-3
4.9056077152E-1	1.2492708124E+2	4.6618651826E-3
4.9523164982E-1	1.2277170741E+2	4.6798783932E-3
4.9992050224E-1	1.2060176925E+2	4.6978133967E-3
5.0462725044E-1	1.1841939151E+2	4.7156698934E-3
5.0935181576E-1	1.1622671675E+2	4.7334475849E-3
5.1409411924E-1	1.1402590219E+2	4.7511461741E-3
5.1885408164E-1	1.1181911647E+2	4.7687653653E-3
5.2363162341E-1	1.0960853634E+2	4.7863048641E-3
5.2842666471E-1	1.0739634333E+2	4.8037643772E-3
5.3323912540E-1	1.0518472034E+2	4.8211436130E-3
5.3806892508E-1	1.0297584821E+2	4.8384422809E-3
5.4291598301E-1	1.0077190221E+2	4.8556600920E-3
5.4778021821E-1	9.8575048619E+1	4.8727967585E-3
5.5266154939E-1	9.6387441123E+1	4.8898519940E-3
5.5755989496E-1	9.4211217337E+1	4.9068255135E-3
5.6247517308E-1	9.2048495254E+1	4.9237170334E-3
5.6740730160E-1	8.9901369713E+1	4.9405262713E-3
5.7235619810E-1	8.7771908886E+1	4.9572529464E-3
5.7732177988E-1	8.5662150777E+1	4.9738967791E-3
5.8230396395E-1	8.3574099750E+1	4.9904574913E-3
5.8730266706E-1	8.1509723096E+1	5.0069348063E-3
5.9231780568E-1	7.9470947646E+1	5.0233284486E-3
5.9734929598E-1	7.7459656426E+1	5.0396381444E-3
6.0239705389E-1	7.5477685391E+1	5.0558636210E-3
6.0746099506E-1	7.3526820211E+1	5.0720046074E-3
6.1254103485E-1	7.1608793146E+1	5.0880608338E-3
6.1763708838E-1	6.9725279998E+1	5.1040320318E-3
6.2274907048E-1	6.7877897168E+1	5.1199179345E-3
6.2787689573E-1	6.6068198802E+1	5.1357182766E-3
6.3302047843E-1	6.4297674053E+1	5.1514327939E-3
6.3817973262E-1	6.2567744459E+1	5.1670612238E-3
6.4335457209E-1	6.0879761447E+1	5.1826033052E-3
6.4854491036E-1	5.9235003960E+1	5.1980587783E-3
6.5375066070E-1	5.7634676233E+1	5.2134273849E-3
6.5897173609E-1	5.6079905705E+1	5.2287088681E-3
6.6420804930E-1	5.4571741085E+1	5.2439029725E-3
6.6945951283E-1	5.3111150575E+1	5.2590094442E-3
6.7472603890E-1	5.1699020254E+1	5.2740280309E-3
6.8000753951E-1	5.0336152628E+1	5.2889584814E-3
6.8530392640E-1	4.9023265357E+1	5.3038005463E-3
6.9061511106E-1	4.7760990152E+1	5.3185539776E-3
6.9594100473E-1	4.6549871857E+1	5.3332185287E-3
7.0128151841E-1	4.5390367711E+1	5.3477939546E-3
7.0663656285E-1	4.4282846801E+1	5.3622800116E-3
7.1200604856E-1	4.3227589700E+1	5.3766764577E-3
7.1738988581E-1	4.2224788301E+1	5.3909830523E-3
7.2278798463E-1	4.1274545837E+1	5.4051995564E-3
7.2820025482E-1	4.0376877102E+1	5.4193257323E-3
7.3362660591E-1	3.9531708861E+1	5.4333613439E-3
7.3906694724E-1	3.8738880458E+1	5.4473061568E-3
7.4452118788E-1	3.7998144610E+1	5.4611599379E-3
7.4998923669E-1	3.7309168404E+1	5.4749224557E-3
7.5547100229E-1	3.6671534478E+1	5.4885934801E-3
7.6096639308E-1	3.6084742386E+1	5.5021727828E-3
7.6647531721E-1	3.5548210159E+1	5.5156601367E-3
7.7199768263E-1	3.5061276039E+1	5.5290553166E-3
7.7753339704E-1	3.4623200395E+1	5.5423580985E-3
7.8308236795E-1	3.4233167812E+1	5.5555682601E-3
7.8864450262E-1	3.3890289345E+1	5.5686855808E-3
7.9421970809E-1	3.3593604945E+1	5.5817098412E-3
7.9980789121E-1	3.3342086032E+1	5.5946408237E-3
8.0540895857E-1	3.3134638221E+1	5.6074783123E-3
8.1102281659E-1	3.2970104198E+1	5.6202220924E-3
8.1664937145E-1	3.2847266727E+1	5.6328719509E-3
8.2228852912E-1	3.2764851782E+1	5.6454276767E-3
8.2794019536E-1	3.2721531807E+1	5.6578890597E-3
8.3360427572E-1	3.2715929083E+1	5.6702558918E-3
8.3928067556E-1	3.2746619198E+1	5.6825279663E-3
8.4496930000E-1	3.2812134612E+1	5.6947050782E-3
8.5067005399E-1	3.2910968305E+1	5.7067870238E-3
8.5638284226E-1	3.3041577497E+1	5.7187736014E-3
8.6210756934E-1	3.3202387436E+1	5.7306646105E-3
8.6784413956E-1	3.3391795236E+1	5.7424598526E-3
8.7359245705E-1	3.3608173763E+1	5.7541591304E-3
8.7935242576E-1	3.3849875543E+1	5.7657622485E-3
8.8512394943E-1	3.4115236709E+1	5.7772690129E-3
8.9090693161E-1	3.4402580941E+1	5.7886792314E-3
8.9670127565E-1	3.4710223420E+1	5.7999927133E-3
9.0250688473E-1	3.5036474765E+1	5.8112092696E-3
9.0832366182E-1	3.5379644947E+1	5.8223287127E-3
9.1415150972E-1	3.5738047179E+1	5.8333508568E-3
9.1999033104E-1	3.6110001756E+1	5.8442755178E-3
9.2584002820E-1	3.6493839844E+1	5.8551025132E-3
9.3170050345E-1	3.6887907211E+1	5.8658316618E-3
9.3757165885E-1	3.7290567872E+1	5.8764627846E-3
9.4345339628E-1	3.7700207669E+1	5.8869957037E-3
9.4934561746E-1	3.8115237740E+1	5.8974302433E-3
9.5524822392E-1	3.8534097903E+1	5.9077662288E-3
9.6116111701E-1	3.8955259913E+1	5.9180034877E-3
9.6708419793E-1	3.9377230614E+1	5.9281418487E-3
9.7301736769E-1	3.9798554956E+1	5.9381811425E-3
9.7896052713E-1	4.0217818878E+1	5.9481212013E-3
9.8491357695E-1	4.0633652052E+1	5.9579618591E-3
9.9087641766E-1	4.1044730475E+1	5.9677029512E-3
9.9684894961E-1	4.1449778904E+1	5.9773443150E-3
1.0028310730E+0	4.1847573139E+1	5.9868857894E-3
1.0088226878E+0	4.2236942127E+1	5.9963272149E-3
1.0148236940E+0	4.2616769911E+1	6.0056684336E-3
1.0208339913E+0	4.2985997388E+1	6.0149092896E-3
1.0268534791E+0	4.3343623900E+1	6.0240496283E-3
1.0328820570E+0	4.3688708642E+1	6.0330892971E-3
1.0389196241E+0	4.4020371882E+1	6.0420281448E-3
1.0449660796E+0	4.4337796003E+1	6.0508660221E-3
1.0510213224E+0	4.4640226352E+1	6.0596027814E-3
1.0570852514E+0	4.4926971908E+1	6.0682382765E-3
1.0631577652E+0	4.5197405758E+1	6.0767723631E-3
1.0692387623E+0	4.5450965395E+1	6.0852048988E-3
1.0753281411E+0	4.5687152823E+1	6.0935357425E-3
1.0814257998E+0	4.5905534484E+1	6.1017647550E-3
1.0875316366E+0	4.6105741006E+1	6.1098917988E-3
1.0936455494E+0	4.6287466771E+1	6.1179167381E-3
1.0997674360E+0	4.6450469311E+1	6.1258394388E-3
1.1058971941E+0	4.6594568533E+1	6.1336597685E-3
1.1120347214E+0	4.6719645784E+1	6.1413775965E-3
1.1181799151E+0	4.6825642750E+1	6.1489927938E-3
1.1243326727E+0	4.6912560204E+1	6.1565052331E-3
1.1304928913E+0	4.6980456609E+1	6.1639147890E-3
1.1366604679E+0	4.7029446573E+1	6.1712213376E-3
1.1428352996E+0	4.7059699174E+1	6.1784247568E-3
1.1490172830E+0	4.7071436157E+1	6.1855249261E-3
1.1552063150E+0	4.7064930007E+1	6.1925217271E-3
1.1614022920E+0	4.7040501915E+1	6.1994150427E-3
1.1676051105E+0	4.6998519640E+1	6.2062047577E-3
1.1738146669E+0	4.6939395267E+1	6.2128907587E-3
1.1800308574E+0	4.6863582889E+1	6.2194729339E-3
1.1862535782E+0	4.6771576202E+1	6.2259511734E-3
1.1924827251E+0	4.6663906037E+1	6.2323253688E-3
1.1987181942E+0	4.6541137825E+1	6.2385954138E-3
1.2049598812E+0	4.6403869014E+1	6.2447612034E-3
1.2112076818E+0	4.6252726445E+1	6.2508226346E-3
1.2174614916E+0	4.6088363690E+1	6.2567796062E-3
1.2237212062E+0	4.5911458369E+1	6.2626320186E-3
1.2299867208E+0	4.5722709453E+1	6.2683797740E-3
1.2362579308E+0	4.5522834556E+1	6.2740227763E-3
1.2425347314E+0	4.5312567233E+1	6.2795609313E-3
1.2488170177E+0	4.5092654287E+1	6.2849941464E-3
1.2551046847E+0	4.4863853099E+1	6.2903223308E-3
1.2613976273E+0	4.4626928978E+1	6.2955453954E-3
1.2676957404E+0	4.4382652560E+1	6.3006632530E-3
1.2739989187E+0	4.4131797233E+1	6.3056758180E-3
1.2803070569E+0	4.3875136629E+1	6.3105830068E-3
1.2866200496E+0	4.3613442165E+1	6.3153847371E-3
1.2929377912E+0	4.3347480651E+1	6.3200809290E-3
1.2992601762E+0	4.3078011968E+1	6.3246715037E-3
1.3055870990E+0	4.2805786830E+1	6.3291563847E-3
1.3119184537E+0	4.2531544618E+1	6.3335354970E-3
1.3182541347E+0	4.2256011313E+1	6.3378087674E-3
1.3245940360E+0	4.1979897514E+1	6.3419761245E-3
1.3309380516E+0	4.1703896563E+1	6.3460374987E-3
1.3372860756E+0	4.1428682759E+1	6.3499928220E-3
1.3436380019E+0	4.1154909691E+1	6.3538420284E-3
1.3499937243E+0	4.0883208672E+1	6.3575850535E-3
1.3563531366E+0	4.0614187282E+1	6.3612218349E-3
1.3627161325E+0	4.0348428034E+1	6.3647523117E-3
1.3690826057E+0	4.0086487143E+1	6.3681764249E-3
1.3754524499E+0	3.9828893424E+1	6.3714941173E-3
1.3818255585E+0	3.9576147300E+1	6.3747053335E-3
1.3882018250E+0	3.9328719926E+1	6.3778100198E-3
1.3945811430E+0	3.9087052440E+1	6.3808081243E-3
1.4009634057E+0	3.8851555326E+1	6.3836995970E-3
1.4073485066E+0	3.8622607891E+1	6.3864843894E-3
1.4137363389E+0	3.8400557865E+1	6.3891624551E-3
1.4201267959E+0	3.8185721111E+1	6.3917337493E-3
1.4265197708E+0	3.7978381450E+1	6.3941982290E-3
1.4329151568E+0	3.7778790590E+1	6.3965558531E-3
1.4393128469E+0	3.7587168170E+1	6.3988065821E-3
1.4457127343E+0	3.7403701905E+1	6.4009503785E-3
1.4521147120E+0	3.7228547829E+1	6.4029872063E-3
1.4585186731E+0	3.7061830646E+1	6.4049170317E-3
1.4649245104E+0	3.6903644162E+1	6.4067398222E-3
1.4713321170E+0	3.6754051814E+1	6.4084555476E-3
1.4777413858E+0	3.6613087289E+1	6.4100641790E-3
1.4841522097E+0	3.6480755211E+1	6.4115656896E-3
1.4905644815E+0	3.6357031920E+1	6.4129600544E-3
1.4969780940E+0	3.6241866312E+1	6.4142472499E-3
1.5033929402E+0	3.6135180749E+1	6.4154272548E-3
1.5098089128E+0	3.6036872036E+1	6.4165000493E-3
1.5162259046E+0	3.5946812445E+1	6.4174656154E-3
1.5226438083E+0	3.5864850801E+1	6.4183239370E-3
1.5290625167E+0	3.5790813606E+1	6.4190749998E-3
1.5354819225E+0	3.5724506211E+1	6.4197187912E-3
1.5419019185E+0	3.5665714020E+1	6.4202553005E-3
1.5483223974E+0	3.5614203725E+1	6.4206845187E-3
1.5547432518E+0	3.5569724573E+1	6.4210064386E-3
1.5611643745E+0	3.5532009639E+1	6.4212210549E-3
1.5675856581E+0	3.5500777134E+1	6.4213283639E-3
1.5740069954E+0	3.5475731707E+1	6.4213283639E-3
1.5804282791E+0	3.5456565760E+1	6.4212210549E-3
1.5868494018E+0	3.5442960767E+1	6.4210064386E-3
1.5932702562E+0	3.5434588581E+1	6.4206845187E-3
1.5996907351E+0	3.5431112742E+1	6.4202553005E-3
1.6061107310E+0	3.5432189766E+1	6.4197187912E-3
1.6125301369E+0	3.5437470420E+1	6.4190749998E-3
1.6189488453E+0	3.5446600979E+1	6.4183239370E-3
1.6253667490E+0	3.5459224455E+1	6.4174656154E-3
1.6317837408E+0	3.5474981802E+1	6.4165000493E-3
1.6381997134E+0	3.5493513090E+1	6.4154272548E-3
1.6446145595E+0	3.5514458640E+1	6.4142472499E-3
1.6510281721E+0	3.5537460131E+1	6.4129600544E-3
1.6574404439E+0	3.5562161661E+1	6.4115656896E-3
1.6638512678E+0	3.5588210770E+1	6.4100641790E-3
1.6702605366E+0	3.5615259416E+1	6.4084555476E-3
1.6766681432E+0	3.5642964906E+1	6.4067398222E-3
1.6830739805E+0	3.5670990785E+1	6.4049170317E-3
1.6894779416E+0	3.5699007668E+1	6.4029872063E-3
1.6958799193E+0	3.5726694025E+1	6.4009503785E-3
1.7022798067E+0	3.5753736916E+1	6.3988065821E-3
1.7086774968E+0	3.5779832676E+1	6.3965558531E-3
1.7150728827E+0	3.5804687540E+1	6.3941982290E-3
1.7214658576E+0	3.5828018222E+1	6.3917337493E-3
1.7278563146E+0	3.5849552437E+1	6.3891624551E-3
1.7342441470E+0	3.5869029374E+1	6.3864843894E-3
1.7406292478E+0	3.5886200113E+1	6.3836995970E-3
1.7470115106E+0	3.5900827987E+1	6.3808081243E-3
1.7533908286E+0	3.5912688899E+1	6.3778100198E-3
1.7597670951E+0	3.5921571582E+1	6.3747053335E-3
1.7661402037E+0	3.5927277814E+1	6.3714941173E-3
1.7725100479E+0	3.5929622576E+1	6.3681764249E-3
1.7788765211E+0	3.5928434172E+1	6.3647523117E-3
1.7852395170E+0	3.5923554297E+1	6.3612218349E-3
1.7915989293E+0	3.5914838056E+1	6.3575850535E-3
1.7979546517E+0	3.5902153950E+1	6.3538420284E-3
1.8043065780E+0	3.5885383810E+1	6.3499928220E-3
1.8106546020E+0	3.5864422696E+1	6.3460374987E-3
1.8169986176E+0	3.5839178758E+1	6.3419761245E-3
1.8233385189E+0	3.5809573059E+1	6.3378087674E-3
1.8296741999E+0	3.5775539362E+1	6.3335354970E-3
1.8360055546E+0	3.5737023892E+1	6.3291563847E-3
1.8423324774E+0	3.5693985053E+1	6.3246715037E-3
1.8486548624E+0	3.5646393138E+1	6.3200809290E-3
1.8549726040E+0	3.5594229992E+1	6.3153847371E-3
1.8612855967E+0	3.5537488662E+1	6.3105830068E-3
1.8675937349E+0	3.5476173026E+1	6.3056758180E-3
1.8738969132E+0	3.5410297397E+1	6.3006632530E-3
1.8801950263E+0	3.5339886114E+1	6.2955453954E-3
1.8864879689E+0	3.5264973111E+1	6.2903223308E-3
1.8927756359E+0	3.5185601480E+1	6.2849941464E-3
1.8990579222E+0	3.5101823020E+1	6.2795609313E-3
1.9053347228E+0	3.5013697770E+1	6.2740227763E-3
1.9116059328E+0	3.4921293548E+1	6.2683797740E-3
1.9178714474E+0	3.4824685471E+1	6.2626320186E-3
1.9241311620E+0	3.4723955477E+1	6.2567796062E-3
1.9303849718E+0	3.4619191846E+1	6.2508226346E-3
1.9366327724E+0	3.4510488717E+1	6.2447612034E-3
1.9428744594E+0	3.4397945609E+1	6.2385954138E-3
1.9491099285E+0	3.4281666946E+1	6.2323253688E-3
1.9553390754E+0	3.4161761581E+1	6.2259511734E-3
1.9615617961E+0	3.4038342328E+1	6.2194729339E-3
1.9677779867E+0	3.3911525507E+1	6.2128907587E-3
1.9739875431E+0	3.3781430485E+1	6.2062047577E-3
1.9801903616E+0	3.3648179241E+1	6.1994150427E-3
1.9863863386E+0	3.3511895925E+1	6.1925217271E-3
1.9925753706E+0	3.3372706444E+1	6.1855249261E-3
1.9987573540E+0	3.3230738052E+1	6.1784247568E-3
2.0049321857E+0	3.3086118952E+1	6.1712213376E-3
2.0110997623E+0	3.2938977917E+1	6.1639147890E-3
2.0172599809E+0	3.2789443921E+1	6.1565052331E-3
2.0234127385E+0	3.2637645789E+1	6.1489927938E-3
2.0295579322E+0	3.2483711863E+1	6.1413775965E-3
2.0356954595E+0	3.2327769673E+1	6.1336597685E-3
2.0418252176E+0	3.2169945645E+1	6.1258394388E-3
2.0479471042E+0	3.2010364804E+1	6.1179167381E-3
2.0540610170E+0	3.1849150509E+1	6.1098917988E-3
2.0601668538E+0	3.1686424198E+1	6.1017647550E-3
2.0662645125E+0	3.1522305152E+1	6.0935357425E-3
2.0723538913E+0	3.1356910276E+1	6.0852048988E-3
2.0784348884E+0	3.1190353896E+1	6.0767723631E-3
2.0845074022E+0	3.1022747574E+1	6.0682382765E-3
2.0905713312E+0	3.0854199938E+1	6.0596027814E-3
2.0966265740E+0	3.0684816534E+1	6.0508660221E-3
2.1026730295E+0	3.0514699685E+1	6.0420281448E-3
2.1087105966E+0	3.0343948373E+1	6.0330892971E-3
2.1147391745E+0	3.0172658135E+1	6.0240496283E-3
2.1207586623E+0	3.0000920973E+1	6.0149092896E-3
2.1267689596E+0	2.9828825280E+1	6.0056684336E-3
2.1327699657E+0	2.9656455779E+1	5.9963272149E-3
2.1387615806E+0	2.9483893477E+1	5.9868857894E-3
2.1447437040E+0	2.9311215631E+1	5.9773443150E-3
2.1507162359E+0	2.9138495730E+1	5.9677029512E-3
2.1566790766E+0	2.8965803481E+1	5.9579618591E-3
2.1626321265E+0	2.8793204822E+1	5.9481212013E-3
2.1685752859E+0	2.8620761928E+1	5.9381811425E-3
2.1745084557E+0	2.8448533241E+1	5.9281418487E-3
2.1804315366E+0	2.8276573501E+1	5.9180034877E-3
2.1863444297E+0	2.8104933796E+1	5.9077662288E-3
2.1922470361E+0	2.7933661610E+1	5.8974302433E-3
2.1981392573E+0	2.7762800887E+1	5.8869957037E-3
2.2040209947E+0	2.7592392100E+1	5.8764627846E-3
2.2098921501E+0	2.7422472324E+1	5.8658316618E-3
2.2157526254E+0	2.7253075322E+1	5.8551025132E-3
2.2216023226E+0	2.7084231631E+1	5.8442755178E-3
2.2274411439E+0	2.6915968652E+1	5.8333508568E-3
2.2332689918E+0	2.6748310754E+1	5.8223287127E-3
2.2390857689E+0	2.6581279373E+1	5.8112092696E-3
2.2448913779E+0	2.6414893114E+1	5.7999927133E-3
2.2506857220E+0	2.6249167867E+1	5.7886792314E-3
2.2564687042E+0	2.6084116910E+1	5.7772690129E-3
2.2622402278E+0	2.5919751030E+1	5.7657622485E-3
2.2680001965E+0	2.5756078630E+1	5.7541591304E-3
2.2737485140E+0	2.5593105852E+1	5.7424598526E-3
2.2794850843E+0	2.5430836690E+1	5.7306646105E-3
2.2852098113E+0	2.5269273108E+1	5.7187736014E-3
2.2909225996E+0	2.5108415157E+1	5.7067870238E-3
2.2966233536E+0	2.4948261091E+1	5.6947050782E-3
2.3023119780E+0	2.4788807485E+1	5.6825279663E-3
2.3079883779E+0	2.4630049348E+1	5.6702558918E-3
2.3136524582E+0	2.4471980238E+1	5.6578890597E-3
2.3193041245E+0	2.4314592371E+1	5.6454276767E-3
2.3249432821E+0	2.4157876736E+1	5.6328719509E-3
2.3305698370E+0	2.4001823197E+1	5.6202220924E-3
2.3361836950E+0	2.3846420602E+1	5.6074783123E-3
2.3417847624E+0	2.3691656887E+1	5.5946408237E-3
2.3473729455E+0	2.3537519172E+1	5.5817098412E-3
2.3529481510E+0	2.3383993861E+1	5.5686855808E-3
2.3585102856E+0	2.3231066735E+1	5.5555682601E-3
2.3640592565E+0	2.3078723045E+1	5.5423580985E-3
2.3695949710E+0	2.2926947596E+1	5.5290553166E-3
2.3751173364E+0	2.2775724835E+1	5.5156601367E-3
2.3806262605E+0	2.2625038928E+1	5.5021727828E-3
2.3861216513E+0	2.2474873840E+1	5.4885934801E-3
2.3916034169E+0	2.2325213409E+1	5.4749224557E-3
2.3970714657E+0	2.2176041413E+1	5.4611599379E-3
2.4025257064E+0	2.2027341639E+1	5.4473061568E-3
2.4079660477E+0	2.1879097945E+1	5.4333613439E-3
2.4133923988E+0	2.1731294318E+1	5.4193257323E-3
2.4188046690E+0	2.1583914932E+1	5.4051995564E-3
2.4242027678E+0	2.1436944197E+1	5.3909830523E-3
2.4295866050E+0	2.1290366811E+1	5.3766764577E-3
2.4349560907E+0	2.1144167801E+1	5.3622800116E-3
2.4403111352E+0	2.0998332565E+1	5.3477939546E-3
2.4456516489E+0	2.0852846915E+1	5.3332185287E-3
2.4509775425E+0	2.0707697105E+1	5.3185539776E-3
2.4562887272E+0	2.0562869867E+1	5.3038005463E-3
2.4615851141E+0	2.0418352437E+1	5.2889584814E-3
2.4668666147E+0	2.0274132582E+1	5.2740280309E-3
2.4721331408E+0	2.0130198620E+1	5.2590094442E-3
2.4773846043E+0	1.9986539445E+1	5.2439029725E-3
2.4826209175E+0	1.9843144536E+1	5.2287088681E-3
2.4878419929E+0	1.9700003976E+1	5.2134273849E-3
2.4930477432E+0	1.9557108464E+1	5.1980587783E-3
2.4982380815E+0	1.9414449321E+1	5.1826033052E-3
2.5034129210E+0	1.9272018498E+1	5.1670612238E-3
2.5085721752E+0	1.9129808582E+1	5.1514327939E-3
2.5137157579E+0	1.8987812796E+1	5.1357182766E-3
2.5188435831E+0	1.8846025002E+1	5.1199179345E-3
2.5239555652E+0	1.8704439696E+1	5.1040320318E-3
2.5290516187E+0	1.8563052008E+1	5.0880608338E-3
2.5341316585E+0	1.8421857696E+1	5.0720046074E-3
2.5391955997E+0	1.8280853137E+1	5.0558636210E-3
2.5442433576E+0	1.8140035323E+1	5.0396381444E-3
2.5492748479E+0	1.7999401850E+1	5.0233284486E-3
2.5542899865E+0	1.7858950906E+1	5.0069348063E-3
2.5592886896E+0	1.7718681260E+1	4.9904574913E-3
2.5642708737E+0	1.7578592251E+1	4.9738967791E-3
2.5692364555E+0	1.7438683771E+1	4.9572529464E-3
2.5741853520E+0	1.7298956253E+1	4.9405262713E-3
2.5791174805E+0	1.7159410655E+1	4.9237170334E-3
2.5840327586E+0	1.7020048442E+1	4.9068255135E-3
2.5889311042E+0	1.6880871571E+1	4.8898519940E-3
2.5938124354E+0	1.6741882476E+1	4.8727967585E-3
2.5986766706E+0	1.6603084044E+1	4.8556600920E-3
2.6035237285E+0	1.6464479603E+1	4.8384422809E-3
2.6083535282E+0	1.6326072902E+1	4.8211436130E-3
2.6131659889E+0	1.6187868090E+1	4.8037643772E-3
2.6179610302E+0	1.6049869700E+1	4.7863048641E-3
2.6227385719E+0	1.5912082628E+1	4.7687653653E-3
2.6274985343E+0	1.5774512118E+1	4.7511461741E-3
2.6322408378E+0	1.5637163739E+1	4.7334475849E-3
2.6369654032E+0	1.5500043366E+1	4.7156698934E-3
2.6416721513E+0	1.5363157165E+1	4.6978133967E-3
2.6463610038E+0	1.5226511573E+1	4.6798783932E-3
2.6510318821E+0	1.5090113276E+1	4.6618651826E-3
2.6556847082E+0	1.4953969196E+1	4.6437740661E-3
2.6603194043E+0	1.4818086471E+1	4.6256053458E-3
2.6649358931E+0	1.4682472437E+1	4.6073593254E-3
2.6695340973E+0	1.4547134612E+1	4.5890363098E-3
2.6741139402E+0	1.4412080677E+1	4.5706366053E-3
2.6786753451E+0	1.4277318463E+1	4.5521605193E-3
2.6832182358E+0	1.4142855932E+1	4.5336083606E-3
2.6877425365E+0	1.4008701161E+1	4.5149804392E-3
2.6922481716E+0	1.3874862330E+1	4.4962770664E-3
2.6967350656E+0	1.3741347706E+1	4.4774985548E-3
2.7012031437E+0	1.3608165627E+1	4.4586452181E-3
2.7056523312E+0	1.3475324489E+1	4.4397173715E-3
2.7100825537E+0	1.3342832735E+1	4.4207153312E-3
2.7144937373E+0	1.3210698840E+1	4.4016394148E-3
2.7188858081E+0	1.3078931299E+1	4.3824899412E-3
2.7232586927E+0	1.2947538616E+1	4.3632672302E-3
2.7276123182E+0	1.2816529293E+1	4.3439716031E-3
2.7319466117E+0	1.2685911817E+1	4.3246033825E-3
2.7362615009E+0	1.2555694655E+1	4.3051628919E-3
2.7405569135E+0	1.2425886237E+1	4.2856504563E-3
2.7448327779E+0	1.2296494954E+1	4.2660664016E-3
2.7490890226E+0	1.2167529145E+1	4.2464110553E-3
2.7533255764E+0	1.2038997089E+1	4.2266847457E-3
2.7575423685E+0	1.1910907001E+1	4.2068878026E-3
2.7617393285E+0	1.1783267020E+1	4.1870205567E-3
2.7659163863E+0	1.1656085205E+1	4.1670833400E-3
2.7700734720E+0	1.1529369530E+1	4.1470764858E-3
2.7742105162E+0	1.1403127873E+1	4.1270003283E-3
2.7783274497E+0	1.1277368019E+1	4.1068552032E-3
2.7824242037E+0	1.1152097645E+1	4.0866414469E-3
2.7865007098E+0	1.1027324324E+1	4.0663593974E-3
2.7905568999E+0	1.0903055518E+1	4.0460093936E-3
2.7945927061E+0	1.0779298572E+1	4.0255917754E-3
2.7986080610E+0	1.0656060714E+1	4.0051068843E-3
2.8026028975E+0	1.0533349051E+1	3.9845550624E-3
2.8065771489E+0	1.0411170566E+1	3.9639366533E-3
2.8105307487E+0	1.0289532115E+1	3.9432520014E-3
2.8144636309E+0	1.0168440427E+1	3.9225014525E-3
2.8183757298E+0	1.0047902102E+1	3.9016853533E-3
2.8222669799E+0	9.9279236075E+0	3.8808040517E-3
2.8261373163E+0	9.8085112813E+0	3.8598578967E-3
2.8299866742E+0	9.6896713275E+0	3.8388472382E-3
2.8338149894E+0	9.5714098176E+0	3.8177724274E-3
2.8376221978E+0	9.4537326899E+0	3.7966338166E-3
2.8414082359E+0	9.3366457497E+0	3.7754317588E-3
2.8451730403E+0	9.2201546696E+0	3.7541666086E-3
2.8489165482E+0	9.1042649898E+0	3.7328387211E-3
2.8526386969E+0	8.9889821187E+0	3.7114484529E-3
2.8563394244E+0	8.8743113341E+0	3.6899961614E-3
2.8600186687E+0	8.7602577840E+0	3.6684822051E-3
2.8636763684E+0	8.6468264879E+0	3.6469069436E-3
2.8673124623E+0	8.5340223379E+0	3.6252707373E-3
2.8709268897E+0	8.4218501006E+0	3.6035739479E-3
2.8745195901E+0	8.3103144185E+0	3.5818169379E-3
2.8780905036E+0	8.1994198116E+0	3.5600000709E-3
2.8816395704E+0	8.0891706795E+0	3.5381237115E-3
2.8851667313E+0	7.9795713034E+0	3.5161882254E-3
2.8886719273E+0	7.8706258476E+0	3.4941939790E-3
2.8921550998E+0	7.7623383624E+0	3.4721413399E-3
2.8956161906E+0	7.6547127857E+0	3.4500306767E-3
2.8990551419E+0	7.5477529455E+0	3.4278623588E-3
2.9024718962E+0	7.4414625622E+0	3.4056367567E-3
2.9058663965E+0	7.3358452508E+0	3.3833542419E-3
2.9092385859E+0	7.2309045236E+0	3.3610151867E-3
2.9125884081E+0	7.1266437923E+0	3.3386199643E-3
2.9159158072E+0	7.0230663705E+0	3.3161689492E-3
2.9192207275E+0	6.9201754766E+0	3.2936625164E-3
2.9225031139E+0	6.8179742355E+0	3.2711010421E-3
2.9257629114E+0	6.7164656820E+0	3.2484849032E-3
2.9290000656E+0	6.6156527624E+0	3.2258144779E-3
2.9322145224E+0	6.5155383378E+0	3.2030901448E-3
2.9354062280E+0	6.4161251859E+0	3.1803122838E-3
2.9385751292E+0	6.3174160040E+0	3.1574812755E-3
2.9417211730E+0	6.2194134111E+0	3.1345975014E-3
2.9448443068E+0	6.1221199505E+0	3.1116613440E-3
2.9479444784E+0	6.0255380921E+0	3.0886731866E-3
2.9510216360E+0	5.9296702350E+0	3.0656334132E-3
2.9540757281E+0	5.8345187096E+0	3.0425424091E-3
2.9571067038E+0	5.7400857798E+0	3.0194005599E-3
2.9601145124E+0	5.6463736458E+0	2.9962082525E-3
2.9630991036E+0	5.5533844457E+0	2.9729658744E-3
2.9660604276E+0	5.4611202581E+0	2.9496738141E-3
2.9689984348E+0	5.3695831043E+0	2.9263324607E-3
2.9719130762E+0	5.2787749500E+0	2.9029422044E-3
2.9748043031E+0	5.1886977077E+0	2.8795034361E-3
2.9776720671E+0	5.0993532385E+0	2.8560165473E-3
2.9805163203E+0	5.0107433544E+0	2.8324819307E-3
2.9833370151E+0	4.9228698196E+0	2.8088999795E-3
2.9861341046E+0	4.8357343529E+0	2.7852710878E-3
2.9889075418E+0	4.7493386294E+0	2.7615956505E-3
2.9916572805E+0	4.6636842820E+0	2.7378740632E-3
2.9943832747E+0	4.5787729032E+0	2.7141067224E-3
2.9970854788E+0	4.4946060469E+0	2.6902940251E-3
2.9997638477E+0	4.4111852298E+0	2.6664363695E-3
3.0024183367E+0	4.3285119331E+0	2.6425341541E-3
3.0050489013E+0	4.2465876038E+0	2.6185877784E-3
3.0076554977E+0	4.1654136561E+0	2.5945976426E-3
3.0102380822E+0	4.0849914730E+0	2.5705641475E-3
3.0127966116E+0	4.0053224074E+0	2.5464876949E-3
3.0153310434E+0	3.9264077836E+0	2.5223686871E-3
3.0178413350E+0	3.8482488982E+0	2.4982075270E-3
3.0203274445E+0	3.7708470214E+0	2.4740046186E-3
3.0227893304E+0	3.6942033983E+0	2.4497603662E-3
3.0252269516E+0	3.6183192497E+0	2.4254751751E-3
3.0276402673E+0	3.5431957732E+0	2.4011494510E-3
3.0300292371E+0	3.4688341442E+0	2.3767836004E-3
3.0323938212E+0	3.3952355167E+0	2.3523780306E-3
3.0347339801E+0	3.3224010244E+0	2.3279331494E-3
3.0370496746E+0	3.2503317815E+0	2.3034493653E-3
3.0393408660E+0	3.1790288830E+0	2.2789270875E-3
3.0416075160E+0	3.1084934062E+0	2.2543667257E-3
3.0438495869E+0	3.0387264107E+0	2.2297686905E-3
3.0460670410E+0	2.9697289397E+0	2.2051333928E-3
3.0482598414E+0	2.9015020201E+0	2.1804612443E-3
3.0504279513E+0	2.8340466633E+0	2.1557526574E-3
3.0525713347E+0	2.7673638658E+0	2.1310080450E-3
3.0546899556E+0	2.7014546095E+0	2.1062278206E-3
3.0567837786E+0	2.6363198626E+0	2.0814123983E-3
3.0588527688E+0	2.5719605794E+0	2.0565621928E-3
3.0608968915E+0	2.5083777012E+0	2.0316776194E-3
3.0629161127E+0	2.4455721567E+0	2.0067590939E-3
3.0649103985E+0	2.3835448621E+0	1.9818070327E-3
3.0668797157E+0	2.3222967213E+0	1.9568218529E-3
3.0688240313E+0	2.2618286269E+0	1.9318039720E-3
3.0707433129E+0	2.2021414594E+0	1.9067538080E-3
3.0726375283E+0	2.1432360885E+0	1.8816717796E-3
3.0745066460E+0	2.0851133726E+0	1.8565583060E-3
3.0763506346E+0	2.0277741592E+0	1.8314138067E-3
3.0781694634E+0	1.9712192853E+0	1.8062387021E-3
3.0799631019E+0	1.9154495773E+0	1.7810334128E-3
3.0817315203E+0	1.8604658511E+0	1.7557983600E-3
3.0834746889E+0	1.8062689124E+0	1.7305339655E-3
3.0851925786E+0	1.7528595567E+0	1.7052406515E-3
3.0868851607E+0	1.7002385695E+0	1.6799188405E-3
3.0885524069E+0	1.6484067260E+0	1.6545689559E-3
3.0901942894E+0	1.5973647916E+0	1.6291914212E-3
3.0918107807E+0	1.5471135219E+0	1.6037866605E-3
3.0934018538E+0	1.4976536622E+0	1.5783550984E-3
3.0949674821E+0	1.4489859481E+0	1.5528971598E-3
3.0965076394E+0	1.4011111054E+0	1.5274132703E-3
3.0980223001E+0	1.3540298497E+0	1.5019038556E-3
3.0995114388E+0	1.3077428869E+0	1.4763693421E-3
3.1009750306E+0	1.2622509128E+0	1.4508101565E-3
3.1024130510E+0	1.2175546132E+0	1.4252267258E-3
3.1038254761E+0	1.1736546639E+0	1.3996194778E-3
3.1052122822E+0	1.1305517306E+0	1.3739888402E-3
3.1065734461E+0	1.0882464687E+0	1.3483352414E-3
3.1079089451E+0	1.0467395235E+0	1.3226591101E-3
3.1092187570E+0	1.0060315300E+0	1.2969608754E-3
3.1105028597E+0	9.6612311278E-1	1.2712409668E-3
3.1117612318E+0	9.2701488598E-1	1.2454998140E-3
3.1129938524E+0	8.8870745320E-1	1.2197378472E-3
3.1142007007E+0	8.5120140746E-1	1.1939554970E-3
3.1153817567E+0	8.1449733102E-1	1.1681531941E-3
3.1165370006E+0	7.7859579538E-1	1.1423313699E-3
3.1176664131E+0	7.4349736115E-1	1.1164904558E-3
3.1187699753E+0	7.0920257793E-1	1.0906308836E-3
3.1198476688E+0	6.7571198426E-1	1.0647530855E-3
3.1208994755E+0	6.4302610752E-1	1.0388574939E-3
3.1219253780E+0	6.1114546378E-1	1.0129445417E-3
3.1229253590E+0	5.8007055779E-1	9.8701466182E-4
3.1238994018E+0	5.4980188280E-1	9.6106828758E-4
3.1248474902E+0	5.2033992051E-1	9.3510585261E-4
3.1257696083E+0	4.9168514098E-1	9.0912779076E-4
3.1266657407E+0	4.6383800248E-1	8.8313453619E-4
3.1275358724E+0	4.3679895148E-1	8.5712652325E-4
3.1283799890E+0	4.1056842249E-1	8.3110418659E-4
3.1291980762E+0	3.8514683799E-1	8.0506796108E-4
3.1299901204E+0	3.6053460835E-1	7.7901828182E-4
3.1307561084E+0	3.3673213172E-1	7.5295558414E-4
3.1314960274E+0	3.1373979397E-1	7.2688030358E-4
3.1322098650E+0	2.9155796858E-1	7.0079287589E-4
3.1328976092E+0	2.7018701659E-1	6.7469373705E-4
3.1335592487E+0	2.4962728648E-1	6.4858332323E-4
3.1341947723E+0	2.2987911413E-1	6.2246207073E-4
3.1348041694E+0	2.1094282272E-1	5.9633041614E-4
3.1353874298E+0	1.9281872267E-1	5.7018879612E-4
3.1359445438E+0	1.7550711156E-1	5.4403764760E-4
3.1364755020E+0	1.5900827407E-1	5.1787740760E-4
3.1369802957E+0	1.4332248191E-1	4.9170851331E-4
3.1374589163E+0	1.2844999379E-1	4.6553140213E-4
3.1379113559E+0	1.1439105529E-1	4.3934651156E-4
3.1383376069E+0	1.0114589887E-1	4.1315427928E-4
3.1387376622E+0	8.8714743790E-2	3.8695514312E-4
3.1391115150E+0	7.7097796060E-2	3.6074954110E-4
3.1394591592E+0	6.6295248387E-2	3.3453791144E-4
3.1397805890E+0	5.6307280132E-2	3.0832069259E-4
3.1400757989E+0	4.7134057263E-2	2.8209832342E-4
3.1403447841E+0	3.8775732303E-2	2.5587124334E-4
3.1405875400E+0	3.1232444273E-2	2.2963989267E-4
3.1408040626E+0	2.4504318625E-2	2.0340471372E-4
3.1409943483E+0	1.8591467125E-2	1.7716615272E-4
3.1411583939E+0	1.3493987635E-2	1.5092466531E-4
3.1412961968E+0	9.2119635983E-3	1.2468073282E-4
3.1414077547E+0	5.7454625276E-3	9.8434919423E-5
3.1414930663E+0	3.0945303895E-3	7.2188137769E-5
3.1415521316E+0	1.2591615326E-3	4.5943520243E-5
3.1415849628E+0	2.3897896268E-4	1.9736940383E-5