# Differential cross section		
# Author: P. Swaczyna	Princeton University	(swaczyna@princeton.edu)
# Date: 	Fri 4 Dec 2020 10:40:04	
# 		
# Elastic collision: He^0 + He^0 -> He^0 + He^0		
# 		
# Red. mass: 	1.8642000787E+9	 eV/c^2
# CM energy: 	1.9054607180E-1	 eV
# Rel speed: 	4.2863678593E+5	 cm/s
# Tot sigma: 	1.2451613997E+2	 a.u.
# Int sigma: 	1.2451613997E+2	 a.u.
# 		
# Columns:		
# the <- scattering angle (rad)		
# dcs <- dsigma/dOmega*2*pi*sin(the) (a.u. = 2.8002852056E-17 cm^2)		
# wei <- weight for cross section integration (approx. width of angle bin)		
# 		
# the	dcs	wei
7.6907532846E-6	2.6995041528E-1	1.9736940383E-5
4.0521979771E-5	1.4223470974E+0	4.5943520243E-5
9.9587300392E-5	3.4955693971E+0	7.2188137769E-5
1.8489884726E-4	6.4900095795E+0	9.8434919423E-5
2.9645680168E-4	1.0405579733E+1	1.2468073282E-4
4.3425968311E-4	1.5242023008E+1	1.5092466531E-4
5.9830531657E-4	2.0998882330E+1	1.7716615272E-4
7.8859101285E-4	2.7675426206E+1	2.0340471372E-4
1.0051136166E-3	3.5270554645E+1	2.2963989267E-4
1.2478695220E-3	4.3782688833E+1	2.5587124334E-4
1.5168546797E-3	5.3209645437E+1	2.8209832342E-4
1.8120645986E-3	6.3548495970E+1	3.0832069259E-4
2.1334943481E-3	7.4795411509E+1	3.3453791144E-4
2.4811385584E-3	8.6945493125E+1	3.6074954110E-4
2.8549914211E-3	9.9992588450E+1	3.8695514312E-4
3.2550466893E-3	1.1392909490E+2	4.1315427928E-4
3.6812976783E-3	1.2874575023E+2	4.3934651156E-4
4.1337372652E-3	1.4443141118E+2	4.6553140213E-4
4.6123578895E-3	1.6097282119E+2	4.9170851331E-4
5.1171515529E-3	1.7835436838E+2	5.1787740760E-4
5.6481098199E-3	1.9655783506E+2	5.4403764760E-4
6.2052238176E-3	2.1556214041E+2	5.7018879612E-4
6.7884842360E-3	2.3534307810E+2	5.9633041614E-4
7.3978813281E-3	2.5587305108E+2	6.2246207073E-4
8.0334049101E-3	2.7712080562E+2	6.4858332323E-4
8.6950443616E-3	2.9905116766E+2	6.7469373705E-4
9.3827886258E-3	3.2162478406E+2	7.0079287589E-4
1.0096626210E-2	3.4479787239E+2	7.2688030358E-4
1.0836545184E-2	3.6852198256E+2	7.5295558414E-4
1.1602533184E-2	3.9274377460E+2	7.7901828182E-4
1.2394577408E-2	4.1740481655E+2	8.0506796108E-4
1.3212664621E-2	4.4244140728E+2	8.3110418659E-4
1.4056781152E-2	4.6778442902E+2	8.5712652325E-4
1.4926912893E-2	4.9335923484E+2	8.8313453619E-4
1.5823045305E-2	5.1908557642E+2	9.0912779076E-4
1.6745163410E-2	5.4487757779E+2	9.3510585261E-4
1.7693251801E-2	5.7064376066E+2	9.6106828758E-4
1.8667294632E-2	5.9628712727E+2	9.8701466182E-4
1.9667275626E-2	6.2170530654E+2	1.0129445417E-3
2.0693178073E-2	6.4679076905E+2	1.0388574939E-3
2.1744984827E-2	6.7143111665E+2	1.0647530855E-3
2.2822678313E-2	6.9550945158E+2	1.0906308836E-3
2.3926240519E-2	7.1890483003E+2	1.1164904558E-3
2.5055653005E-2	7.4149280413E+2	1.1423313699E-3
2.6210896896E-2	7.6314605589E+2	1.1681531941E-3
2.7391952886E-2	7.8373512552E+2	1.1939554970E-3
2.8598801239E-2	8.0312923550E+2	1.2197378472E-3
2.9831421786E-2	8.2119721068E+2	1.2454998140E-3
3.1089793929E-2	8.3780849314E+2	1.2712409668E-3
3.2373896638E-2	8.5283424890E+2	1.2969608754E-3
3.3683708455E-2	8.6614856209E+2	1.3226591101E-3
3.5019207490E-2	8.7762970983E+2	1.3483352414E-3
3.6380371427E-2	8.8716150954E+2	1.3739888402E-3
3.7767177517E-2	8.9463472781E+2	1.3996194778E-3
3.9179602586E-2	8.9994853792E+2	1.4252267258E-3
4.0617623030E-2	9.0301201079E+2	1.4508101565E-3
4.2081214817E-2	9.0374562173E+2	1.4763693421E-3
4.3570353490E-2	9.0208275306E+2	1.5019038556E-3
4.5085014162E-2	8.9797117075E+2	1.5274132703E-3
4.6625171522E-2	8.9137445063E+2	1.5528971598E-3
4.8190799831E-2	8.8227332860E+2	1.5783550984E-3
4.9781872927E-2	8.7066694700E+2	1.6037866605E-3
5.1398364219E-2	8.5657396873E+2	1.6291914212E-3
5.3040246694E-2	8.4003352951E+2	1.6545689559E-3
5.4707492914E-2	8.2110599871E+2	1.6799188405E-3
5.6400075017E-2	7.9987351932E+2	1.7052406515E-3
5.8117964718E-2	7.7644029886E+2	1.7305339655E-3
5.9861133308E-2	7.5093262437E+2	1.7557983600E-3
6.1629551657E-2	7.2349857750E+2	1.7810334128E-3
6.3423190212E-2	6.9430742866E+2	1.8062387021E-3
6.5242019000E-2	6.6354869346E+2	1.8314138067E-3
6.7086007624E-2	6.3143083947E+2	1.8565583060E-3
6.8955125270E-2	5.9817963711E+2	1.8816717796E-3
7.0849340702E-2	5.6403615494E+2	1.9067538080E-3
7.2768622264E-2	5.2925440673E+2	1.9318039720E-3
7.4712937885E-2	4.9409866553E+2	1.9568218529E-3
7.6682255070E-2	4.5884046795E+2	1.9818070327E-3
7.8676540910E-2	4.2375534066E+2	2.0067590939E-3
8.0695762079E-2	3.8911928940E+2	2.0316776194E-3
8.2739884832E-2	3.5520509944E+2	2.0565621928E-3
8.4808875009E-2	3.2227850459E+2	2.0814123983E-3
8.6902698034E-2	2.9059428929E+2	2.1062278206E-3
8.9021318917E-2	2.6039239490E+2	2.1310080450E-3
9.1164702253E-2	2.3189410713E+2	2.1557526574E-3
9.3332812224E-2	2.0529840516E+2	2.1804612443E-3
9.5525612596E-2	1.8077855576E+2	2.2051333928E-3
9.7743066726E-2	1.5847903602E+2	2.2297686905E-3
9.9985137556E-2	1.3851286656E+2	2.2543667257E-3
1.0225178762E-1	1.2095943336E+2	2.2789270875E-3
1.0454297904E-1	1.0586286973E+2	2.3034493653E-3
1.0685867352E-1	9.3231061326E+1	2.3279331494E-3
1.0919883237E-1	8.3035325915E+1	2.3523780306E-3
1.1156341648E-1	7.5210805978E+1	2.3767836004E-3
1.1395238633E-1	6.9657596929E+1	2.4011494510E-3
1.1636570200E-1	6.6242616178E+1	2.4254751751E-3
1.1880332317E-1	6.4802199671E+1	2.4497603662E-3
1.2126520909E-1	6.5145392795E+1	2.4740046186E-3
1.2375131862E-1	6.7057882526E+1	2.4982075270E-3
1.2626161023E-1	7.0306497792E+1	2.5223686871E-3
1.2879604195E-1	7.4644186090E+1	2.5464876949E-3
1.3135457143E-1	7.9815356892E+1	2.5705641475E-3
1.3393715592E-1	8.5561467228E+1	2.5945976426E-3
1.3654375226E-1	9.1626712460E+1	2.6185877784E-3
1.3917431689E-1	9.7763676507E+1	2.6425341541E-3
1.4182880585E-1	1.0373879100E+2	2.6664363695E-3
1.4450717478E-1	1.0933745260E+2	2.6902940251E-3
1.4720937892E-1	1.1436865225E+2	2.7141067224E-3
1.4993537310E-1	1.1866897957E+2	2.7378740632E-3
1.5268511179E-1	1.2210588003E+2	2.7615956505E-3
1.5545854902E-1	1.2458006155E+2	2.7852710878E-3
1.5825563845E-1	1.2602697069E+2	2.8088999795E-3
1.6107633333E-1	1.2641728542E+2	2.8324819307E-3
1.6392058653E-1	1.2575640171E+2	2.8560165473E-3
1.6678835052E-1	1.2408292282E+2	2.8795034361E-3
1.6967957737E-1	1.2146619333E+2	2.9029422044E-3
1.7259421876E-1	1.1800295196E+2	2.9263324607E-3
1.7553222599E-1	1.1381320876E+2	2.9496738141E-3
1.7849354996E-1	1.0903547977E+2	2.9729658744E-3
1.8147814117E-1	1.0382153684E+2	2.9962082525E-3
1.8448594977E-1	9.8330849066E+1	3.0194005599E-3
1.8751692548E-1	9.2724905242E+1	3.0425424091E-3
1.9057101764E-1	8.7161612957E+1	3.0656334132E-3
1.9364817522E-1	8.1789968675E+1	3.0886731866E-3
1.9674834681E-1	7.6745184531E+1	3.1116613440E-3
1.9987148058E-1	7.2144441476E+1	3.1345975014E-3
2.0301752435E-1	6.8083415401E+1	3.1574812755E-3
2.0618642554E-1	6.4633693659E+1	3.1803122838E-3
2.0937813120E-1	6.1841165042E+1	3.2030901448E-3
2.1259258799E-1	5.9725428137E+1	3.2258144779E-3
2.1582974219E-1	5.8280222564E+1	3.2484849032E-3
2.1908953970E-1	5.7474846613E+1	3.2711010421E-3
2.2237192605E-1	5.7256485039E+1	3.2936625164E-3
2.2567684639E-1	5.7553334009E+1	3.3161689492E-3
2.2900424548E-1	5.8278378069E+1	3.3386199643E-3
2.3235406772E-1	5.9333648105E+1	3.3610151867E-3
2.3572625713E-1	6.0614770780E+1	3.3833542419E-3
2.3912075735E-1	6.2015609847E+1	3.4056367567E-3
2.4253751167E-1	6.3432798560E+1	3.4278623588E-3
2.4597646298E-1	6.4769970295E+1	3.4500306767E-3
2.4943755380E-1	6.5941511147E+1	3.4721413399E-3
2.5292072631E-1	6.6875682915E+1	3.4941939790E-3
2.5642592230E-1	6.7516996435E+1	3.5161882254E-3
2.5995308318E-1	6.7827752080E+1	3.5381237115E-3
2.6350215001E-1	6.7788704727E+1	3.5600000709E-3
2.6707306349E-1	6.7398852540E+1	3.5818169379E-3
2.7066576394E-1	6.6674390432E+1	3.6035739479E-3
2.7428019131E-1	6.5646908042E+1	3.6252707373E-3
2.7791628522E-1	6.4360946523E+1	3.6469069436E-3
2.8157398488E-1	6.2871056559E+1	3.6684822051E-3
2.8525322919E-1	6.1238520612E+1	3.6899961614E-3
2.8895395665E-1	5.9527914250E+1	3.7114484529E-3
2.9267610542E-1	5.7803684143E+1	3.7328387211E-3
2.9641961330E-1	5.6126913785E+1	3.7541666086E-3
3.0018441773E-1	5.4552432781E+1	3.7754317588E-3
3.0397045579E-1	5.3126402476E+1	3.7966338166E-3
3.0777766421E-1	5.1884481176E+1	3.8177724274E-3
3.1160597938E-1	5.0850638030E+1	3.8388472382E-3
3.1545533730E-1	5.0036647576E+1	3.8598578967E-3
3.1932567367E-1	4.9442259305E+1	3.8808040517E-3
3.2321692379E-1	4.9056000311E+1	3.9016853533E-3
3.2712902264E-1	4.8856536280E+1	3.9225014525E-3
3.3106190484E-1	4.8814488435E+1	3.9432520014E-3
3.3501550468E-1	4.8894583089E+1	3.9639366533E-3
3.3898975607E-1	4.9057997156E+1	3.9845550624E-3
3.4298459261E-1	4.9264757951E+1	4.0051068843E-3
3.4699994753E-1	4.9476058871E+1	4.0255917754E-3
3.5103575373E-1	4.9656363714E+1	4.0460093936E-3
3.5509194378E-1	4.9775190554E+1	4.0663593974E-3
3.5916844988E-1	4.9808489928E+1	4.0866414469E-3
3.6326520391E-1	4.9739560033E+1	4.1068552032E-3
3.6738213741E-1	4.9559471801E+1	4.1270003283E-3
3.7151918157E-1	4.9267007315E+1	4.1470764858E-3
3.7567626728E-1	4.8868143985E+1	4.1670833400E-3
3.7985332504E-1	4.8375142724E+1	4.1870205567E-3
3.8405028507E-1	4.7805319354E+1	4.2068878026E-3
3.8826707721E-1	4.7179593644E+1	4.2266847457E-3
3.9250363101E-1	4.6520918946E+1	4.2464110553E-3
3.9675987567E-1	4.5852697146E+1	4.2660664016E-3
4.0103574005E-1	4.5197278626E+1	4.2856504563E-3
4.0533115271E-1	4.4574635914E+1	4.3051628919E-3
4.0964604185E-1	4.4001283539E+1	4.3246033825E-3
4.1398033538E-1	4.3489496590E+1	4.3439716031E-3
4.1833396086E-1	4.3046858170E+1	4.3632672302E-3
4.2270684554E-1	4.2676142800E+1	4.3824899412E-3
4.2709891633E-1	4.2375520489E+1	4.4016394148E-3
4.3151009985E-1	4.2139046127E+1	4.4207153312E-3
4.3594032237E-1	4.1957382191E+1	4.4397173715E-3
4.4038950986E-1	4.1818690584E+1	4.4586452181E-3
4.4485758797E-1	4.1709622202E+1	4.4774985548E-3
4.4934448203E-1	4.1616330911E+1	4.4962770664E-3
4.5385011706E-1	4.1525441735E+1	4.5149804392E-3
4.5837441776E-1	4.1424910873E+1	4.5336083606E-3
4.6291730852E-1	4.1304726715E+1	4.5521605193E-3
4.6747871344E-1	4.1157415462E+1	4.5706366053E-3
4.7205855627E-1	4.0978330973E+1	4.5890363098E-3
4.7665676049E-1	4.0765724938E+1	4.6073593254E-3
4.8127324926E-1	4.0520609128E+1	4.6256053458E-3
4.8590794542E-1	4.0246435356E+1	4.6437740661E-3
4.9056077152E-1	3.9948629822E+1	4.6618651826E-3
4.9523164982E-1	3.9634026320E+1	4.6798783932E-3
4.9992050224E-1	3.9310246767E+1	4.6978133967E-3
5.0462725044E-1	3.8985077758E+1	4.7156698934E-3
5.0935181576E-1	3.8665888543E+1	4.7334475849E-3
5.1409411924E-1	3.8359129375E+1	4.7511461741E-3
5.1885408164E-1	3.8069940382E+1	4.7687653653E-3
5.2363162341E-1	3.7801890640E+1	4.7863048641E-3
5.2842666471E-1	3.7556856010E+1	4.8037643772E-3
5.3323912540E-1	3.7335033283E+1	4.8211436130E-3
5.3806892508E-1	3.7135078203E+1	4.8384422809E-3
5.4291598301E-1	3.6954346608E+1	4.8556600920E-3
5.4778021821E-1	3.6789211805E+1	4.8727967585E-3
5.5266154939E-1	3.6635427666E+1	4.8898519940E-3
5.5755989496E-1	3.6488505930E+1	4.9068255135E-3
5.6247517308E-1	3.6344077676E+1	4.9237170334E-3
5.6740730160E-1	3.6198212607E+1	4.9405262713E-3
5.7235619810E-1	3.6047675249E+1	4.9572529464E-3
5.7732177988E-1	3.5890103767E+1	4.9738967791E-3
5.8230396395E-1	3.5724104369E+1	4.9904574913E-3
5.8730266706E-1	3.5549261430E+1	5.0069348063E-3
5.9231780568E-1	3.5366070097E+1	5.0233284486E-3
5.9734929598E-1	3.5175803672E+1	5.0396381444E-3
6.0239705389E-1	3.4980332183E+1	5.0558636210E-3
6.0746099506E-1	3.4781910995E+1	5.0720046074E-3
6.1254103485E-1	3.4582959088E+1	5.0880608338E-3
6.1763708838E-1	3.4385845724E+1	5.1040320318E-3
6.2274907048E-1	3.4192701880E+1	5.1199179345E-3
6.2787689573E-1	3.4005269392E+1	5.1357182766E-3
6.3302047843E-1	3.3824796493E+1	5.1514327939E-3
6.3817973262E-1	3.3651983876E+1	5.1670612238E-3
6.4335457209E-1	3.3486980909E+1	5.1826033052E-3
6.4854491036E-1	3.3329427484E+1	5.1980587783E-3
6.5375066070E-1	3.3178533685E+1	5.2134273849E-3
6.5897173609E-1	3.3033187004E+1	5.2287088681E-3
6.6420804930E-1	3.2892075525E+1	5.2439029725E-3
6.6945951283E-1	3.2753815224E+1	5.2590094442E-3
6.7472603890E-1	3.2617070353E+1	5.2740280309E-3
6.8000753951E-1	3.2480657472E+1	5.2889584814E-3
6.8530392640E-1	3.2343626013E+1	5.3038005463E-3
6.9061511106E-1	3.2205310917E+1	5.3185539776E-3
6.9594100473E-1	3.2065355711E+1	5.3332185287E-3
7.0128151841E-1	3.1923707041E+1	5.3477939546E-3
7.0663656285E-1	3.1780584058E+1	5.3622800116E-3
7.1200604856E-1	3.1636427818E+1	5.3766764577E-3
7.1738988581E-1	3.1491837086E+1	5.3909830523E-3
7.2278798463E-1	3.1347497461E+1	5.4051995564E-3
7.2820025482E-1	3.1204110614E+1	5.4193257323E-3
7.3362660591E-1	3.1062329727E+1	5.4333613439E-3
7.3906694724E-1	3.0922706085E+1	5.4473061568E-3
7.4452118788E-1	3.0785650303E+1	5.4611599379E-3
7.4998923669E-1	3.0651410017E+1	5.4749224557E-3
7.5547100229E-1	3.0520064284E+1	5.4885934801E-3
7.6096639308E-1	3.0391533407E+1	5.5021727828E-3
7.6647531721E-1	3.0265601696E+1	5.5156601367E-3
7.7199768263E-1	3.0141949797E+1	5.5290553166E-3
7.7753339704E-1	3.0020192676E+1	5.5423580985E-3
7.8308236795E-1	2.9899919304E+1	5.5555682601E-3
7.8864450262E-1	2.9780730290E+1	5.5686855808E-3
7.9421970809E-1	2.9662270325E+1	5.5817098412E-3
7.9980789121E-1	2.9544253078E+1	5.5946408237E-3
8.0540895857E-1	2.9426477129E+1	5.6074783123E-3
8.1102281659E-1	2.9308832477E+1	5.6202220924E-3
8.1664937145E-1	2.9191298100E+1	5.6328719509E-3
8.2228852912E-1	2.9073931777E+1	5.6454276767E-3
8.2794019536E-1	2.8956853980E+1	5.6578890597E-3
8.3360427572E-1	2.8840227979E+1	5.6702558918E-3
8.3928067556E-1	2.8724238409E+1	5.6825279663E-3
8.4496930000E-1	2.8609070428E+1	5.6947050782E-3
8.5067005399E-1	2.8494891291E+1	5.7067870238E-3
8.5638284226E-1	2.8381835752E+1	5.7187736014E-3
8.6210756934E-1	2.8269996159E+1	5.7306646105E-3
8.6784413956E-1	2.8159417604E+1	5.7424598526E-3
8.7359245705E-1	2.8050097973E+1	5.7541591304E-3
8.7935242576E-1	2.7941992330E+1	5.7657622485E-3
8.8512394943E-1	2.7835020722E+1	5.7772690129E-3
8.9090693161E-1	2.7729078302E+1	5.7886792314E-3
8.9670127565E-1	2.7624046592E+1	5.7999927133E-3
9.0250688473E-1	2.7519804710E+1	5.8112092696E-3
9.0832366182E-1	2.7416239532E+1	5.8223287127E-3
9.1415150972E-1	2.7313253990E+1	5.8333508568E-3
9.1999033104E-1	2.7210772915E+1	5.8442755178E-3
9.2584002820E-1	2.7108746179E+1	5.8551025132E-3
9.3170050345E-1	2.7007149123E+1	5.8658316618E-3
9.3757165885E-1	2.6905980559E+1	5.8764627846E-3
9.4345339628E-1	2.6805258796E+1	5.8869957037E-3
9.4934561746E-1	2.6705016312E+1	5.8974302433E-3
9.5524822392E-1	2.6605293749E+1	5.9077662288E-3
9.6116111701E-1	2.6506133888E+1	5.9180034877E-3
9.6708419793E-1	2.6407576203E+1	5.9281418487E-3
9.7301736769E-1	2.6309652446E+1	5.9381811425E-3
9.7896052713E-1	2.6212383563E+1	5.9481212013E-3
9.8491357695E-1	2.6115778059E+1	5.9579618591E-3
9.9087641766E-1	2.6019831785E+1	5.9677029512E-3
9.9684894961E-1	2.5924528958E+1	5.9773443150E-3
1.0028310730E+0	2.5829844157E+1	5.9868857894E-3
1.0088226878E+0	2.5735744967E+1	5.9963272149E-3
1.0148236940E+0	2.5642194934E+1	6.0056684336E-3
1.0208339913E+0	2.5549156525E+1	6.0149092896E-3
1.0268534791E+0	2.5456593822E+1	6.0240496283E-3
1.0328820570E+0	2.5364474749E+1	6.0330892971E-3
1.0389196241E+0	2.5272772692E+1	6.0420281448E-3
1.0449660796E+0	2.5181467447E+1	6.0508660221E-3
1.0510213224E+0	2.5090545480E+1	6.0596027814E-3
1.0570852514E+0	2.4999999556E+1	6.0682382765E-3
1.0631577652E+0	2.4909827834E+1	6.0767723631E-3
1.0692387623E+0	2.4820032553E+1	6.0852048988E-3
1.0753281411E+0	2.4730618493E+1	6.0935357425E-3
1.0814257998E+0	2.4641591358E+1	6.1017647550E-3
1.0875316366E+0	2.4552956274E+1	6.1098917988E-3
1.0936455494E+0	2.4464716535E+1	6.1179167381E-3
1.0997674360E+0	2.4376872710E+1	6.1258394388E-3
1.1058971941E+0	2.4289422165E+1	6.1336597685E-3
1.1120347214E+0	2.4202358997E+1	6.1413775965E-3
1.1181799151E+0	2.4115674346E+1	6.1489927938E-3
1.1243326727E+0	2.4029356979E+1	6.1565052331E-3
1.1304928913E+0	2.3943394044E+1	6.1639147890E-3
1.1366604679E+0	2.3857771879E+1	6.1712213376E-3
1.1428352996E+0	2.3772476773E+1	6.1784247568E-3
1.1490172830E+0	2.3687495612E+1	6.1855249261E-3
1.1552063150E+0	2.3602816361E+1	6.1925217271E-3
1.1614022920E+0	2.3518428381E+1	6.1994150427E-3
1.1676051105E+0	2.3434322576E+1	6.2062047577E-3
1.1738146669E+0	2.3350491416E+1	6.2128907587E-3
1.1800308574E+0	2.3266928842E+1	6.2194729339E-3
1.1862535782E+0	2.3183630093E+1	6.2259511734E-3
1.1924827251E+0	2.3100591456E+1	6.2323253688E-3
1.1987181942E+0	2.3017809978E+1	6.2385954138E-3
1.2049598812E+0	2.2935283131E+1	6.2447612034E-3
1.2112076818E+0	2.2853008468E+1	6.2508226346E-3
1.2174614916E+0	2.2770983299E+1	6.2567796062E-3
1.2237212062E+0	2.2689204413E+1	6.2626320186E-3
1.2299867208E+0	2.2607667884E+1	6.2683797740E-3
1.2362579308E+0	2.2526368987E+1	6.2740227763E-3
1.2425347314E+0	2.2445302233E+1	6.2795609313E-3
1.2488170177E+0	2.2364461514E+1	6.2849941464E-3
1.2551046847E+0	2.2283840326E+1	6.2903223308E-3
1.2613976273E+0	2.2203432036E+1	6.2955453954E-3
1.2676957404E+0	2.2123230130E+1	6.3006632530E-3
1.2739989187E+0	2.2043228423E+1	6.3056758180E-3
1.2803070569E+0	2.1963421181E+1	6.3105830068E-3
1.2866200496E+0	2.1883803169E+1	6.3153847371E-3
1.2929377912E+0	2.1804369612E+1	6.3200809290E-3
1.2992601762E+0	2.1725116129E+1	6.3246715037E-3
1.3055870990E+0	2.1646038631E+1	6.3291563847E-3
1.3119184537E+0	2.1567133250E+1	6.3335354970E-3
1.3182541347E+0	2.1488396286E+1	6.3378087674E-3
1.3245940360E+0	2.1409824181E+1	6.3419761245E-3
1.3309380516E+0	2.1331413522E+1	6.3460374987E-3
1.3372860756E+0	2.1253161036E+1	6.3499928220E-3
1.3436380019E+0	2.1175063576E+1	6.3538420284E-3
1.3499937243E+0	2.1097118073E+1	6.3575850535E-3
1.3563531366E+0	2.1019321473E+1	6.3612218349E-3
1.3627161325E+0	2.0941670662E+1	6.3647523117E-3
1.3690826057E+0	2.0864162397E+1	6.3681764249E-3
1.3754524499E+0	2.0786793276E+1	6.3714941173E-3
1.3818255585E+0	2.0709559748E+1	6.3747053335E-3
1.3882018250E+0	2.0632458169E+1	6.3778100198E-3
1.3945811430E+0	2.0555484897E+1	6.3808081243E-3
1.4009634057E+0	2.0478636393E+1	6.3836995970E-3
1.4073485066E+0	2.0401909313E+1	6.3864843894E-3
1.4137363389E+0	2.0325300566E+1	6.3891624551E-3
1.4201267959E+0	2.0248807314E+1	6.3917337493E-3
1.4265197708E+0	2.0172426934E+1	6.3941982290E-3
1.4329151568E+0	2.0096156948E+1	6.3965558531E-3
1.4393128469E+0	2.0019994939E+1	6.3988065821E-3
1.4457127343E+0	1.9943938486E+1	6.4009503785E-3
1.4521147120E+0	1.9867985133E+1	6.4029872063E-3
1.4585186731E+0	1.9792132399E+1	6.4049170317E-3
1.4649245104E+0	1.9716377815E+1	6.4067398222E-3
1.4713321170E+0	1.9640718994E+1	6.4084555476E-3
1.4777413858E+0	1.9565153678E+1	6.4100641790E-3
1.4841522097E+0	1.9489679776E+1	6.4115656896E-3
1.4905644815E+0	1.9414295359E+1	6.4129600544E-3
1.4969780940E+0	1.9338998621E+1	6.4142472499E-3
1.5033929402E+0	1.9263787812E+1	6.4154272548E-3
1.5098089128E+0	1.9188661181E+1	6.4165000493E-3
1.5162259046E+0	1.9113616913E+1	6.4174656154E-3
1.5226438083E+0	1.9038653117E+1	6.4183239370E-3
1.5290625167E+0	1.8963767842E+1	6.4190749998E-3
1.5354819225E+0	1.8888959126E+1	6.4197187912E-3
1.5419019185E+0	1.8814225062E+1	6.4202553005E-3
1.5483223974E+0	1.8739563862E+1	6.4206845187E-3
1.5547432518E+0	1.8664973895E+1	6.4210064386E-3
1.5611643745E+0	1.8590453698E+1	6.4212210549E-3
1.5675856581E+0	1.8516001949E+1	6.4213283639E-3
1.5740069954E+0	1.8441617415E+1	6.4213283639E-3
1.5804282791E+0	1.8367298895E+1	6.4212210549E-3
1.5868494018E+0	1.8293045173E+1	6.4210064386E-3
1.5932702562E+0	1.8218854993E+1	6.4206845187E-3
1.5996907351E+0	1.8144727072E+1	6.4202553005E-3
1.6061107310E+0	1.8070660132E+1	6.4197187912E-3
1.6125301369E+0	1.7996652950E+1	6.4190749998E-3
1.6189488453E+0	1.7922704410E+1	6.4183239370E-3
1.6253667490E+0	1.7848813532E+1	6.4174656154E-3
1.6317837408E+0	1.7774979470E+1	6.4165000493E-3
1.6381997134E+0	1.7701201485E+1	6.4154272548E-3
1.6446145595E+0	1.7627478893E+1	6.4142472499E-3
1.6510281721E+0	1.7553811010E+1	6.4129600544E-3
1.6574404439E+0	1.7480197101E+1	6.4115656896E-3
1.6638512678E+0	1.7406636360E+1	6.4100641790E-3
1.6702605366E+0	1.7333127916E+1	6.4084555476E-3
1.6766681432E+0	1.7259670874E+1	6.4067398222E-3
1.6830739805E+0	1.7186264368E+1	6.4049170317E-3
1.6894779416E+0	1.7112907623E+1	6.4029872063E-3
1.6958799193E+0	1.7039599998E+1	6.4009503785E-3
1.7022798067E+0	1.6966341004E+1	6.3988065821E-3
1.7086774968E+0	1.6893130294E+1	6.3965558531E-3
1.7150728827E+0	1.6819967624E+1	6.3941982290E-3
1.7214658576E+0	1.6746852797E+1	6.3917337493E-3
1.7278563146E+0	1.6673785612E+1	6.3891624551E-3
1.7342441470E+0	1.6600765822E+1	6.3864843894E-3
1.7406292478E+0	1.6527793124E+1	6.3836995970E-3
1.7470115106E+0	1.6454867168E+1	6.3808081243E-3
1.7533908286E+0	1.6381987592E+1	6.3778100198E-3
1.7597670951E+0	1.6309154065E+1	6.3747053335E-3
1.7661402037E+0	1.6236366329E+1	6.3714941173E-3
1.7725100479E+0	1.6163624221E+1	6.3681764249E-3
1.7788765211E+0	1.6090927682E+1	6.3647523117E-3
1.7852395170E+0	1.6018276734E+1	6.3612218349E-3
1.7915989293E+0	1.5945671448E+1	6.3575850535E-3
1.7979546517E+0	1.5873111905E+1	6.3538420284E-3
1.8043065780E+0	1.5800598170E+1	6.3499928220E-3
1.8106546020E+0	1.5728130275E+1	6.3460374987E-3
1.8169986176E+0	1.5655708226E+1	6.3419761245E-3
1.8233385189E+0	1.5583332031E+1	6.3378087674E-3
1.8296741999E+0	1.5511001733E+1	6.3335354970E-3
1.8360055546E+0	1.5438717445E+1	6.3291563847E-3
1.8423324774E+0	1.5366479372E+1	6.3246715037E-3
1.8486548624E+0	1.5294287818E+1	6.3200809290E-3
1.8549726040E+0	1.5222143168E+1	6.3153847371E-3
1.8612855967E+0	1.5150045852E+1	6.3105830068E-3
1.8675937349E+0	1.5077996313E+1	6.3056758180E-3
1.8738969132E+0	1.5005994960E+1	6.3006632530E-3
1.8801950263E+0	1.4934042152E+1	6.2955453954E-3
1.8864879689E+0	1.4862138192E+1	6.2903223308E-3
1.8927756359E+0	1.4790283344E+1	6.2849941464E-3
1.8990579222E+0	1.4718477868E+1	6.2795609313E-3
1.9053347228E+0	1.4646722060E+1	6.2740227763E-3
1.9116059328E+0	1.4575016292E+1	6.2683797740E-3
1.9178714474E+0	1.4503361035E+1	6.2626320186E-3
1.9241311620E+0	1.4431756869E+1	6.2567796062E-3
1.9303849718E+0	1.4360204462E+1	6.2508226346E-3
1.9366327724E+0	1.4288704541E+1	6.2447612034E-3
1.9428744594E+0	1.4217257858E+1	6.2385954138E-3
1.9491099285E+0	1.4145865143E+1	6.2323253688E-3
1.9553390754E+0	1.4074527084E+1	6.2259511734E-3
1.9615617961E+0	1.4003244315E+1	6.2194729339E-3
1.9677779867E+0	1.3932017424E+1	6.2128907587E-3
1.9739875431E+0	1.3860846974E+1	6.2062047577E-3
1.9801903616E+0	1.3789733539E+1	6.1994150427E-3
1.9863863386E+0	1.3718677732E+1	6.1925217271E-3
1.9925753706E+0	1.3647680231E+1	6.1855249261E-3
1.9987573540E+0	1.3576741788E+1	6.1784247568E-3
2.0049321857E+0	1.3505863227E+1	6.1712213376E-3
2.0110997623E+0	1.3435045421E+1	6.1639147890E-3
2.0172599809E+0	1.3364289276E+1	6.1565052331E-3
2.0234127385E+0	1.3293595696E+1	6.1489927938E-3
2.0295579322E+0	1.3222965570E+1	6.1413775965E-3
2.0356954595E+0	1.3152399765E+1	6.1336597685E-3
2.0418252176E+0	1.3081899121E+1	6.1258394388E-3
2.0479471042E+0	1.3011464473E+1	6.1179167381E-3
2.0540610170E+0	1.2941096668E+1	6.1098917988E-3
2.0601668538E+0	1.2870796581E+1	6.1017647550E-3
2.0662645125E+0	1.2800565134E+1	6.0935357425E-3
2.0723538913E+0	1.2730403296E+1	6.0852048988E-3
2.0784348884E+0	1.2660312080E+1	6.0767723631E-3
2.0845074022E+0	1.2590292530E+1	6.0682382765E-3
2.0905713312E+0	1.2520345694E+1	6.0596027814E-3
2.0966265740E+0	1.2450472614E+1	6.0508660221E-3
2.1026730295E+0	1.2380674307E+1	6.0420281448E-3
2.1087105966E+0	1.2310951762E+1	6.0330892971E-3
2.1147391745E+0	1.2241305949E+1	6.0240496283E-3
2.1207586623E+0	1.2171737828E+1	6.0149092896E-3
2.1267689596E+0	1.2102248375E+1	6.0056684336E-3
2.1327699657E+0	1.2032838601E+1	5.9963272149E-3
2.1387615806E+0	1.1963509566E+1	5.9868857894E-3
2.1447437040E+0	1.1894262390E+1	5.9773443150E-3
2.1507162359E+0	1.1825098244E+1	5.9677029512E-3
2.1566790766E+0	1.1756018343E+1	5.9579618591E-3
2.1626321265E+0	1.1687023917E+1	5.9481212013E-3
2.1685752859E+0	1.1618116195E+1	5.9381811425E-3
2.1745084557E+0	1.1549296383E+1	5.9281418487E-3
2.1804315366E+0	1.1480565645E+1	5.9180034877E-3
2.1863444297E+0	1.1411925106E+1	5.9077662288E-3
2.1922470361E+0	1.1343375854E+1	5.8974302433E-3
2.1981392573E+0	1.1274918959E+1	5.8869957037E-3
2.2040209947E+0	1.1206555491E+1	5.8764627846E-3
2.2098921501E+0	1.1138286544E+1	5.8658316618E-3
2.2157526254E+0	1.1070113254E+1	5.8551025132E-3
2.2216023226E+0	1.1002036810E+1	5.8442755178E-3
2.2274411439E+0	1.0934058458E+1	5.8333508568E-3
2.2332689918E+0	1.0866179488E+1	5.8223287127E-3
2.2390857689E+0	1.0798401223E+1	5.8112092696E-3
2.2448913779E+0	1.0730724998E+1	5.7999927133E-3
2.2506857220E+0	1.0663152141E+1	5.7886792314E-3
2.2564687042E+0	1.0595683954E+1	5.7772690129E-3
2.2622402278E+0	1.0528321708E+1	5.7657622485E-3
2.2680001965E+0	1.0461066637E+1	5.7541591304E-3
2.2737485140E+0	1.0393919945E+1	5.7424598526E-3
2.2794850843E+0	1.0326882822E+1	5.7306646105E-3
2.2852098113E+0	1.0259956454E+1	5.7187736014E-3
2.2909225996E+0	1.0193142040E+1	5.7067870238E-3
2.2966233536E+0	1.0126440810E+1	5.6947050782E-3
2.3023119780E+0	1.0059854022E+1	5.6825279663E-3
2.3079883779E+0	9.9933829727E+0	5.6702558918E-3
2.3136524582E+0	9.9270289870E+0	5.6578890597E-3
2.3193041245E+0	9.8607934105E+0	5.6454276767E-3
2.3249432821E+0	9.7946775975E+0	5.6328719509E-3
2.3305698370E+0	9.7286828992E+0	5.6202220924E-3
2.3361836950E+0	9.6628106547E+0	5.6074783123E-3
2.3417847624E+0	9.5970621856E+0	5.5946408237E-3
2.3473729455E+0	9.5314387947E+0	5.5817098412E-3
2.3529481510E+0	9.4659417699E+0	5.5686855808E-3
2.3585102856E+0	9.4005723905E+0	5.5555682601E-3
2.3640592565E+0	9.3353319351E+0	5.5423580985E-3
2.3695949710E+0	9.2702216893E+0	5.5290553166E-3
2.3751173364E+0	9.2052429513E+0	5.5156601367E-3
2.3806262605E+0	9.1403970345E+0	5.5021727828E-3
2.3861216513E+0	9.0756852675E+0	5.4885934801E-3
2.3916034169E+0	9.0111089899E+0	5.4749224557E-3
2.3970714657E+0	8.9466695469E+0	5.4611599379E-3
2.4025257064E+0	8.8823682835E+0	5.4473061568E-3
2.4079660477E+0	8.8182065383E+0	5.4333613439E-3
2.4133923988E+0	8.7541856401E+0	5.4193257323E-3
2.4188046690E+0	8.6903069061E+0	5.4051995564E-3
2.4242027678E+0	8.6265716440E+0	5.3909830523E-3
2.4295866050E+0	8.5629811552E+0	5.3766764577E-3
2.4349560907E+0	8.4995367399E+0	5.3622800116E-3
2.4403111352E+0	8.4362397026E+0	5.3477939546E-3
2.4456516489E+0	8.3730913566E+0	5.3332185287E-3
2.4509775425E+0	8.3100930271E+0	5.3185539776E-3
2.4562887272E+0	8.2472460511E+0	5.3038005463E-3
2.4615851141E+0	8.1845517755E+0	5.2889584814E-3
2.4668666147E+0	8.1220115529E+0	5.2740280309E-3
2.4721331408E+0	8.0596267358E+0	5.2590094442E-3
2.4773846043E+0	7.9973986705E+0	5.2439029725E-3
2.4826209175E+0	7.9353286920E+0	5.2287088681E-3
2.4878419929E+0	7.8734181199E+0	5.2134273849E-3
2.4930477432E+0	7.8116682571E+0	5.1980587783E-3
2.4982380815E+0	7.7500803911E+0	5.1826033052E-3
2.5034129210E+0	7.6886557967E+0	5.1670612238E-3
2.5085721752E+0	7.6273957421E+0	5.1514327939E-3
2.5137157579E+0	7.5663014940E+0	5.1357182766E-3
2.5188435831E+0	7.5053743244E+0	5.1199179345E-3
2.5239555652E+0	7.4446155150E+0	5.1040320318E-3
2.5290516187E+0	7.3840263605E+0	5.0880608338E-3
2.5341316585E+0	7.3236081693E+0	5.0720046074E-3
2.5391955997E+0	7.2633622618E+0	5.0558636210E-3
2.5442433576E+0	7.2032899667E+0	5.0396381444E-3
2.5492748479E+0	7.1433926153E+0	5.0233284486E-3
2.5542899865E+0	7.0836715355E+0	5.0069348063E-3
2.5592886896E+0	7.0241280456E+0	4.9904574913E-3
2.5642708737E+0	6.9647634493E+0	4.9738967791E-3
2.5692364555E+0	6.9055790318E+0	4.9572529464E-3
2.5741853520E+0	6.8465760591E+0	4.9405262713E-3
2.5791174805E+0	6.7877557782E+0	4.9237170334E-3
2.5840327586E+0	6.7291194205E+0	4.9068255135E-3
2.5889311042E+0	6.6706682058E+0	4.8898519940E-3
2.5938124354E+0	6.6124033481E+0	4.8727967585E-3
2.5986766706E+0	6.5543260609E+0	4.8556600920E-3
2.6035237285E+0	6.4964375622E+0	4.8384422809E-3
2.6083535282E+0	6.4387390782E+0	4.8211436130E-3
2.6131659889E+0	6.3812318455E+0	4.8037643772E-3
2.6179610302E+0	6.3239171108E+0	4.7863048641E-3
2.6227385719E+0	6.2667961300E+0	4.7687653653E-3
2.6274985343E+0	6.2098701641E+0	4.7511461741E-3
2.6322408378E+0	6.1531404756E+0	4.7334475849E-3
2.6369654032E+0	6.0966083232E+0	4.7156698934E-3
2.6416721513E+0	6.0402749572E+0	4.6978133967E-3
2.6463610038E+0	5.9841416152E+0	4.6798783932E-3
2.6510318821E+0	5.9282095195E+0	4.6618651826E-3
2.6556847082E+0	5.8724798748E+0	4.6437740661E-3
2.6603194043E+0	5.8169538686E+0	4.6256053458E-3
2.6649358931E+0	5.7616326724E+0	4.6073593254E-3
2.6695340973E+0	5.7065174443E+0	4.5890363098E-3
2.6741139402E+0	5.6516093319E+0	4.5706366053E-3
2.6786753451E+0	5.5969094768E+0	4.5521605193E-3
2.6832182358E+0	5.5424190178E+0	4.5336083606E-3
2.6877425365E+0	5.4881390944E+0	4.5149804392E-3
2.6922481716E+0	5.4340708491E+0	4.4962770664E-3
2.6967350656E+0	5.3802154288E+0	4.4774985548E-3
2.7012031437E+0	5.3265739853E+0	4.4586452181E-3
2.7056523312E+0	5.2731476741E+0	4.4397173715E-3
2.7100825537E+0	5.2199376531E+0	4.4207153312E-3
2.7144937373E+0	5.1669450796E+0	4.4016394148E-3
2.7188858081E+0	5.1141711078E+0	4.3824899412E-3
2.7232586927E+0	5.0616168859E+0	4.3632672302E-3
2.7276123182E+0	5.0092835530E+0	4.3439716031E-3
2.7319466117E+0	4.9571722371E+0	4.3246033825E-3
2.7362615009E+0	4.9052840533E+0	4.3051628919E-3
2.7405569135E+0	4.8536201036E+0	4.2856504563E-3
2.7448327779E+0	4.8021814758E+0	4.2660664016E-3
2.7490890226E+0	4.7509692455E+0	4.2464110553E-3
2.7533255764E+0	4.6999844765E+0	4.2266847457E-3
2.7575423685E+0	4.6492282230E+0	4.2068878026E-3
2.7617393285E+0	4.5987015315E+0	4.1870205567E-3
2.7659163863E+0	4.5484054430E+0	4.1670833400E-3
2.7700734720E+0	4.4983409946E+0	4.1470764858E-3
2.7742105162E+0	4.4485092211E+0	4.1270003283E-3
2.7783274497E+0	4.3989111561E+0	4.1068552032E-3
2.7824242037E+0	4.3495478327E+0	4.0866414469E-3
2.7865007098E+0	4.3004202830E+0	4.0663593974E-3
2.7905568999E+0	4.2515295382E+0	4.0460093936E-3
2.7945927061E+0	4.2028766273E+0	4.0255917754E-3
2.7986080610E+0	4.1544625759E+0	4.0051068843E-3
2.8026028975E+0	4.1062884051E+0	3.9845550624E-3
2.8065771489E+0	4.0583551298E+0	3.9639366533E-3
2.8105307487E+0	4.0106637577E+0	3.9432520014E-3
2.8144636309E+0	3.9632152876E+0	3.9225014525E-3
2.8183757298E+0	3.9160107090E+0	3.9016853533E-3
2.8222669799E+0	3.8690510012E+0	3.8808040517E-3
2.8261373163E+0	3.8223371333E+0	3.8598578967E-3
2.8299866742E+0	3.7758700640E+0	3.8388472382E-3
2.8338149894E+0	3.7296507423E+0	3.8177724274E-3
2.8376221978E+0	3.6836801077E+0	3.7966338166E-3
2.8414082359E+0	3.6379590913E+0	3.7754317588E-3
2.8451730403E+0	3.5924886166E+0	3.7541666086E-3
2.8489165482E+0	3.5472696000E+0	3.7328387211E-3
2.8526386969E+0	3.5023029521E+0	3.7114484529E-3
2.8563394244E+0	3.4575895784E+0	3.6899961614E-3
2.8600186687E+0	3.4131303793E+0	3.6684822051E-3
2.8636763684E+0	3.3689262510E+0	3.6469069436E-3
2.8673124623E+0	3.3249780856E+0	3.6252707373E-3
2.8709268897E+0	3.2812867708E+0	3.6035739479E-3
2.8745195901E+0	3.2378531900E+0	3.5818169379E-3
2.8780905036E+0	3.1946782219E+0	3.5600000709E-3
2.8816395704E+0	3.1517627402E+0	3.5381237115E-3
2.8851667313E+0	3.1091076125E+0	3.5161882254E-3
2.8886719273E+0	3.0667137008E+0	3.4941939790E-3
2.8921550998E+0	3.0245818600E+0	3.4721413399E-3
2.8956161906E+0	2.9827129381E+0	3.4500306767E-3
2.8990551419E+0	2.9411077752E+0	3.4278623588E-3
2.9024718962E+0	2.8997672040E+0	3.4056367567E-3
2.9058663965E+0	2.8586920487E+0	3.3833542419E-3
2.9092385859E+0	2.8178831255E+0	3.3610151867E-3
2.9125884081E+0	2.7773412423E+0	3.3386199643E-3
2.9159158072E+0	2.7370671991E+0	3.3161689492E-3
2.9192207275E+0	2.6970617878E+0	3.2936625164E-3
2.9225031139E+0	2.6573257925E+0	3.2711010421E-3
2.9257629114E+0	2.6178599899E+0	3.2484849032E-3
2.9290000656E+0	2.5786651496E+0	3.2258144779E-3
2.9322145224E+0	2.5397420343E+0	3.2030901448E-3
2.9354062280E+0	2.5010914000E+0	3.1803122838E-3
2.9385751292E+0	2.4627139964E+0	3.1574812755E-3
2.9417211730E+0	2.4246105669E+0	3.1345975014E-3
2.9448443068E+0	2.3867818490E+0	3.1116613440E-3
2.9479444784E+0	2.3492285743E+0	3.0886731866E-3
2.9510216360E+0	2.3119514685E+0	3.0656334132E-3
2.9540757281E+0	2.2749512514E+0	3.0425424091E-3
2.9571067038E+0	2.2382286372E+0	3.0194005599E-3
2.9601145124E+0	2.2017843337E+0	2.9962082525E-3
2.9630991036E+0	2.1656190431E+0	2.9729658744E-3
2.9660604276E+0	2.1297334613E+0	2.9496738141E-3
2.9689984348E+0	2.0941282778E+0	2.9263324607E-3
2.9719130762E+0	2.0588041758E+0	2.9029422044E-3
2.9748043031E+0	2.0237618320E+0	2.8795034361E-3
2.9776720671E+0	1.9890019164E+0	2.8560165473E-3
2.9805163203E+0	1.9545250921E+0	2.8324819307E-3
2.9833370151E+0	1.9203320156E+0	2.8088999795E-3
2.9861341046E+0	1.8864233363E+0	2.7852710878E-3
2.9889075418E+0	1.8527996968E+0	2.7615956505E-3
2.9916572805E+0	1.8194617326E+0	2.7378740632E-3
2.9943832747E+0	1.7864100724E+0	2.7141067224E-3
2.9970854788E+0	1.7536453378E+0	2.6902940251E-3
2.9997638477E+0	1.7211681437E+0	2.6664363695E-3
3.0024183367E+0	1.6889790979E+0	2.6425341541E-3
3.0050489013E+0	1.6570788017E+0	2.6185877784E-3
3.0076554977E+0	1.6254678494E+0	2.5945976426E-3
3.0102380822E+0	1.5941468289E+0	2.5705641475E-3
3.0127966116E+0	1.5631163215E+0	2.5464876949E-3
3.0153310434E+0	1.5323769019E+0	2.5223686871E-3
3.0178413350E+0	1.5019291384E+0	2.4982075270E-3
3.0203274445E+0	1.4717735930E+0	2.4740046186E-3
3.0227893304E+0	1.4419108214E+0	2.4497603662E-3
3.0252269516E+0	1.4123413731E+0	2.4254751751E-3
3.0276402673E+0	1.3830657912E+0	2.4011494510E-3
3.0300292371E+0	1.3540846128E+0	2.3767836004E-3
3.0323938212E+0	1.3253983687E+0	2.3523780306E-3
3.0347339801E+0	1.2970075837E+0	2.3279331494E-3
3.0370496746E+0	1.2689127765E+0	2.3034493653E-3
3.0393408660E+0	1.2411144595E+0	2.2789270875E-3
3.0416075160E+0	1.2136131391E+0	2.2543667257E-3
3.0438495869E+0	1.1864093156E+0	2.2297686905E-3
3.0460670410E+0	1.1595034831E+0	2.2051333928E-3
3.0482598414E+0	1.1328961297E+0	2.1804612443E-3
3.0504279513E+0	1.1065877372E+0	2.1557526574E-3
3.0525713347E+0	1.0805787813E+0	2.1310080450E-3
3.0546899556E+0	1.0548697317E+0	2.1062278206E-3
3.0567837786E+0	1.0294610517E+0	2.0814123983E-3
3.0588527688E+0	1.0043531987E+0	2.0565621928E-3
3.0608968915E+0	9.7954662364E-1	2.0316776194E-3
3.0629161127E+0	9.5504177162E-1	2.0067590939E-3
3.0649103985E+0	9.3083908142E-1	1.9818070327E-3
3.0668797157E+0	9.0693898569E-1	1.9568218529E-3
3.0688240313E+0	8.8334191100E-1	1.9318039720E-3
3.0707433129E+0	8.6004827775E-1	1.9067538080E-3
3.0726375283E+0	8.3705850027E-1	1.8816717796E-3
3.0745066460E+0	8.1437298679E-1	1.8565583060E-3
3.0763506346E+0	7.9199213946E-1	1.8314138067E-3
3.0781694634E+0	7.6991635440E-1	1.8062387021E-3
3.0799631019E+0	7.4814602167E-1	1.7810334128E-3
3.0817315203E+0	7.2668152536E-1	1.7557983600E-3
3.0834746889E+0	7.0552324353E-1	1.7305339655E-3
3.0851925786E+0	6.8467154830E-1	1.7052406515E-3
3.0868851607E+0	6.6412680584E-1	1.6799188405E-3
3.0885524069E+0	6.4388937638E-1	1.6545689559E-3
3.0901942894E+0	6.2395961428E-1	1.6291914212E-3
3.0918107807E+0	6.0433786798E-1	1.6037866605E-3
3.0934018538E+0	5.8502448010E-1	1.5783550984E-3
3.0949674821E+0	5.6601978738E-1	1.5528971598E-3
3.0965076394E+0	5.4732412077E-1	1.5274132703E-3
3.0980223001E+0	5.2893780539E-1	1.5019038556E-3
3.0995114388E+0	5.1086116060E-1	1.4763693421E-3
3.1009750306E+0	4.9309449997E-1	1.4508101565E-3
3.1024130510E+0	4.7563813133E-1	1.4252267258E-3
3.1038254761E+0	4.5849235676E-1	1.3996194778E-3
3.1052122822E+0	4.4165747264E-1	1.3739888402E-3
3.1065734461E+0	4.2513376962E-1	1.3483352414E-3
3.1079089451E+0	4.0892153266E-1	1.3226591101E-3
3.1092187570E+0	3.9302104105E-1	1.2969608754E-3
3.1105028597E+0	3.7743256840E-1	1.2712409668E-3
3.1117612318E+0	3.6215638267E-1	1.2454998140E-3
3.1129938524E+0	3.4719274617E-1	1.2197378472E-3
3.1142007007E+0	3.3254191558E-1	1.1939554970E-3
3.1153817567E+0	3.1820414197E-1	1.1681531941E-3
3.1165370006E+0	3.0417967078E-1	1.1423313699E-3
3.1176664131E+0	2.9046874187E-1	1.1164904558E-3
3.1187699753E+0	2.7707158949E-1	1.0906308836E-3
3.1198476688E+0	2.6398844232E-1	1.0647530855E-3
3.1208994755E+0	2.5121952349E-1	1.0388574939E-3
3.1219253780E+0	2.3876505055E-1	1.0129445417E-3
3.1229253590E+0	2.2662523551E-1	9.8701466182E-4
3.1238994018E+0	2.1480028483E-1	9.6106828758E-4
3.1248474902E+0	2.0329039946E-1	9.3510585261E-4
3.1257696083E+0	1.9209577482E-1	9.0912779076E-4
3.1266657407E+0	1.8121660082E-1	8.8313453619E-4
3.1275358724E+0	1.7065306187E-1	8.5712652325E-4
3.1283799890E+0	1.6040533690E-1	8.3110418659E-4
3.1291980762E+0	1.5047359933E-1	8.0506796108E-4
3.1299901204E+0	1.4085801714E-1	7.7901828182E-4
3.1307561084E+0	1.3155875281E-1	7.5295558414E-4
3.1314960274E+0	1.2257596340E-1	7.2688030358E-4
3.1322098650E+0	1.1390980049E-1	7.0079287589E-4
3.1328976092E+0	1.0556041023E-1	6.7469373705E-4
3.1335592487E+0	9.7527933339E-2	6.4858332323E-4
3.1341947723E+0	8.9812505111E-2	6.2246207073E-4
3.1348041694E+0	8.2414255419E-2	5.9633041614E-4
3.1353874298E+0	7.5333308727E-2	5.7018879612E-4
3.1359445438E+0	6.8569784091E-2	5.4403764760E-4
3.1364755020E+0	6.2123795173E-2	5.1787740760E-4
3.1369802957E+0	5.5995450241E-2	4.9170851331E-4
3.1374589163E+0	5.0184852179E-2	4.6553140213E-4
3.1379113559E+0	4.4692098488E-2	4.3934651156E-4
3.1383376069E+0	3.9517281298E-2	4.1315427928E-4
3.1387376622E+0	3.4660487365E-2	3.8695514312E-4
3.1391115150E+0	3.0121798083E-2	3.6074954110E-4
3.1394591592E+0	2.5901289481E-2	3.3453791144E-4
3.1397805890E+0	2.1999032230E-2	3.0832069259E-4
3.1400757989E+0	1.8415091644E-2	2.8209832342E-4
3.1403447841E+0	1.5149527678E-2	2.5587124334E-4
3.1405875400E+0	1.2202394924E-2	2.2963989267E-4
3.1408040626E+0	9.5737425988E-3	2.0340471372E-4
3.1409943483E+0	7.2636145143E-3	1.7716615272E-4
3.1411583939E+0	5.2720490035E-3	1.5092466531E-4
3.1412961968E+0	3.5990787306E-3	1.2468073282E-4
3.1414077547E+0	2.2447301106E-3	9.8434919423E-5
3.1414930663E+0	1.2090211229E-3	7.2188137769E-5
3.1415521316E+0	4.9194956886E-4	4.5943520243E-5
3.1415849628E+0	9.3368161773E-5	1.9736940383E-5