# Differential cross section		
# Author: P. Swaczyna	Princeton University	(swaczyna@princeton.edu)
# Date: 	Fri 4 Dec 2020 10:35:03	
# 		
# Elastic collision: He^0 + He^0 -> He^0 + He^0		
# 		
# Red. mass: 	1.8642000787E+9	 eV/c^2
# CM energy: 	3.8459178205E-4	 eV
# Rel speed: 	1.9257035888E+4	 cm/s
# Tot sigma: 	1.2698434773E+2	 a.u.
# Int sigma: 	1.2698434773E+2	 a.u.
# 		
# Columns:		
# the <- scattering angle (rad)		
# dcs <- dsigma/dOmega*2*pi*sin(the) (a.u. = 2.8002852056E-17 cm^2)		
# wei <- weight for cross section integration (approx. width of angle bin)		
# 		
# the	dcs	wei
7.6907532846E-6	1.0266365430E-3	1.9736940383E-5
4.0521979771E-5	5.4092679416E-3	4.5943520243E-5
9.9587300392E-5	1.3293881290E-2	7.2188137769E-5
1.8489884726E-4	2.4682095819E-2	9.8434919423E-5
2.9645680168E-4	3.9573934933E-2	1.2468073282E-4
4.3425968311E-4	5.7969199268E-2	1.5092466531E-4
5.9830531657E-4	7.9867595270E-2	1.7716615272E-4
7.8859101285E-4	1.0526875858E-1	2.0340471372E-4
1.0051136166E-3	1.3417225964E-1	2.2963989267E-4
1.2478695220E-3	1.6657760486E-1	2.5587124334E-4
1.5168546797E-3	2.0248423641E-1	2.8209832342E-4
1.8120645986E-3	2.4189153139E-1	3.0832069259E-4
2.1334943481E-3	2.8479880069E-1	3.3453791144E-4
2.4811385584E-3	3.3120528764E-1	3.6074954110E-4
2.8549914211E-3	3.8111016646E-1	3.8695514312E-4
3.2550466893E-3	4.3451254064E-1	4.1315427928E-4
3.6812976783E-3	4.9141144112E-1	4.3934651156E-4
4.1337372652E-3	5.5180582435E-1	4.6553140213E-4
4.6123578895E-3	6.1569457021E-1	4.9170851331E-4
5.1171515529E-3	6.8307647986E-1	5.1787740760E-4
5.6481098199E-3	7.5395027341E-1	5.4403764760E-4
6.2052238176E-3	8.2831458745E-1	5.7018879612E-4
6.7884842360E-3	9.0616797254E-1	5.9633041614E-4
7.3978813281E-3	9.8750889049E-1	6.2246207073E-4
8.0334049101E-3	1.0723357115E+0	6.4858332323E-4
8.6950443616E-3	1.1606467115E+0	6.7469373705E-4
9.3827886258E-3	1.2524400687E+0	7.0079287589E-4
1.0096626210E-2	1.3477138605E+0	7.2688030358E-4
1.0836545184E-2	1.4464660608E+0	7.5295558414E-4
1.1602533184E-2	1.5486945356E+0	7.7901828182E-4
1.2394577408E-2	1.6543970404E+0	8.0506796108E-4
1.3212664621E-2	1.7635712159E+0	8.3110418659E-4
1.4056781152E-2	1.8762145848E+0	8.5712652325E-4
1.4926912893E-2	1.9923245474E+0	8.8313453619E-4
1.5823045305E-2	2.1118983781E+0	9.0912779076E-4
1.6745163410E-2	2.2349332209E+0	9.3510585261E-4
1.7693251801E-2	2.3614260857E+0	9.6106828758E-4
1.8667294632E-2	2.4913738435E+0	9.8701466182E-4
1.9667275626E-2	2.6247732222E+0	1.0129445417E-3
2.0693178073E-2	2.7616208023E+0	1.0388574939E-3
2.1744984827E-2	2.9019130117E+0	1.0647530855E-3
2.2822678313E-2	3.0456461218E+0	1.0906308836E-3
2.3926240519E-2	3.1928162418E+0	1.1164904558E-3
2.5055653005E-2	3.3434193143E+0	1.1423313699E-3
2.6210896896E-2	3.4974511105E+0	1.1681531941E-3
2.7391952886E-2	3.6549072241E+0	1.1939554970E-3
2.8598801239E-2	3.8157830674E+0	1.2197378472E-3
2.9831421786E-2	3.9800738648E+0	1.2454998140E-3
3.1089793929E-2	4.1477746481E+0	1.2712409668E-3
3.2373896638E-2	4.3188802509E+0	1.2969608754E-3
3.3683708455E-2	4.4933853027E+0	1.3226591101E-3
3.5019207490E-2	4.6712842236E+0	1.3483352414E-3
3.6380371427E-2	4.8525712183E+0	1.3739888402E-3
3.7767177517E-2	5.0372402706E+0	1.3996194778E-3
3.9179602586E-2	5.2252851370E+0	1.4252267258E-3
4.0617623030E-2	5.4166993410E+0	1.4508101565E-3
4.2081214817E-2	5.6114761671E+0	1.4763693421E-3
4.3570353490E-2	5.8096086543E+0	1.5019038556E-3
4.5085014162E-2	6.0110895904E+0	1.5274132703E-3
4.6625171522E-2	6.2159115053E+0	1.5528971598E-3
4.8190799831E-2	6.4240666647E+0	1.5783550984E-3
4.9781872927E-2	6.6355470639E+0	1.6037866605E-3
5.1398364219E-2	6.8503444211E+0	1.6291914212E-3
5.3040246694E-2	7.0684501710E+0	1.6545689559E-3
5.4707492914E-2	7.2898554583E+0	1.6799188405E-3
5.6400075017E-2	7.5145511307E+0	1.7052406515E-3
5.8117964718E-2	7.7425277325E+0	1.7305339655E-3
5.9861133308E-2	7.9737754979E+0	1.7557983600E-3
6.1629551657E-2	8.2082843439E+0	1.7810334128E-3
6.3423190212E-2	8.4460438639E+0	1.8062387021E-3
6.5242019000E-2	8.6870433204E+0	1.8314138067E-3
6.7086007624E-2	8.9312716386E+0	1.8565583060E-3
6.8955125270E-2	9.1787173989E+0	1.8816717796E-3
7.0849340702E-2	9.4293688303E+0	1.9067538080E-3
7.2768622264E-2	9.6832138035E+0	1.9318039720E-3
7.4712937885E-2	9.9402398236E+0	1.9568218529E-3
7.6682255070E-2	1.0200434023E+1	1.9818070327E-3
7.8676540910E-2	1.0463783155E+1	2.0067590939E-3
8.0695762079E-2	1.0730273587E+1	2.0316776194E-3
8.2739884832E-2	1.0999891290E+1	2.0565621928E-3
8.4808875009E-2	1.1272621839E+1	2.0814123983E-3
8.6902698034E-2	1.1548450396E+1	2.1062278206E-3
8.9021318917E-2	1.1827361711E+1	2.1310080450E-3
9.1164702253E-2	1.2109340114E+1	2.1557526574E-3
9.3332812224E-2	1.2394369502E+1	2.1804612443E-3
9.5525612596E-2	1.2682433340E+1	2.2051333928E-3
9.7743066726E-2	1.2973514647E+1	2.2297686905E-3
9.9985137556E-2	1.3267595995E+1	2.2543667257E-3
1.0225178762E-1	1.3564659497E+1	2.2789270875E-3
1.0454297904E-1	1.3864686803E+1	2.3034493653E-3
1.0685867352E-1	1.4167659094E+1	2.3279331494E-3
1.0919883237E-1	1.4473557071E+1	2.3523780306E-3
1.1156341648E-1	1.4782360954E+1	2.3767836004E-3
1.1395238633E-1	1.5094050471E+1	2.4011494510E-3
1.1636570200E-1	1.5408604851E+1	2.4254751751E-3
1.1880332317E-1	1.5726002821E+1	2.4497603662E-3
1.2126520909E-1	1.6046222597E+1	2.4740046186E-3
1.2375131862E-1	1.6369241877E+1	2.4982075270E-3
1.2626161023E-1	1.6695037839E+1	2.5223686871E-3
1.2879604195E-1	1.7023587126E+1	2.5464876949E-3
1.3135457143E-1	1.7354865851E+1	2.5705641475E-3
1.3393715592E-1	1.7688849580E+1	2.5945976426E-3
1.3654375226E-1	1.8025513335E+1	2.6185877784E-3
1.3917431689E-1	1.8364831582E+1	2.6425341541E-3
1.4182880585E-1	1.8706778228E+1	2.6664363695E-3
1.4450717478E-1	1.9051326615E+1	2.6902940251E-3
1.4720937892E-1	1.9398449514E+1	2.7141067224E-3
1.4993537310E-1	1.9748119120E+1	2.7378740632E-3
1.5268511179E-1	2.0100307045E+1	2.7615956505E-3
1.5545854902E-1	2.0454984317E+1	2.7852710878E-3
1.5825563845E-1	2.0812121370E+1	2.8088999795E-3
1.6107633333E-1	2.1171688042E+1	2.8324819307E-3
1.6392058653E-1	2.1533653570E+1	2.8560165473E-3
1.6678835052E-1	2.1897986585E+1	2.8795034361E-3
1.6967957737E-1	2.2264655109E+1	2.9029422044E-3
1.7259421876E-1	2.2633626547E+1	2.9263324607E-3
1.7553222599E-1	2.3004867686E+1	2.9496738141E-3
1.7849354996E-1	2.3378344694E+1	2.9729658744E-3
1.8147814117E-1	2.3754023108E+1	2.9962082525E-3
1.8448594977E-1	2.4131867839E+1	3.0194005599E-3
1.8751692548E-1	2.4511843164E+1	3.0425424091E-3
1.9057101764E-1	2.4893912723E+1	3.0656334132E-3
1.9364817522E-1	2.5278039520E+1	3.0886731866E-3
1.9674834681E-1	2.5664185915E+1	3.1116613440E-3
1.9987148058E-1	2.6052313625E+1	3.1345975014E-3
2.0301752435E-1	2.6442383721E+1	3.1574812755E-3
2.0618642554E-1	2.6834356627E+1	3.1803122838E-3
2.0937813120E-1	2.7228192115E+1	3.2030901448E-3
2.1259258799E-1	2.7623849309E+1	3.2258144779E-3
2.1582974219E-1	2.8021286677E+1	3.2484849032E-3
2.1908953970E-1	2.8420462036E+1	3.2711010421E-3
2.2237192605E-1	2.8821332548E+1	3.2936625164E-3
2.2567684639E-1	2.9223854720E+1	3.3161689492E-3
2.2900424548E-1	2.9627984406E+1	3.3386199643E-3
2.3235406772E-1	3.0033676804E+1	3.3610151867E-3
2.3572625713E-1	3.0440886458E+1	3.3833542419E-3
2.3912075735E-1	3.0849567258E+1	3.4056367567E-3
2.4253751167E-1	3.1259672441E+1	3.4278623588E-3
2.4597646298E-1	3.1671154595E+1	3.4500306767E-3
2.4943755380E-1	3.2083965656E+1	3.4721413399E-3
2.5292072631E-1	3.2498056913E+1	3.4941939790E-3
2.5642592230E-1	3.2913379009E+1	3.5161882254E-3
2.5995308318E-1	3.3329881944E+1	3.5381237115E-3
2.6350215001E-1	3.3747515078E+1	3.5600000709E-3
2.6707306349E-1	3.4166227133E+1	3.5818169379E-3
2.7066576394E-1	3.4585966197E+1	3.6035739479E-3
2.7428019131E-1	3.5006679731E+1	3.6252707373E-3
2.7791628522E-1	3.5428314566E+1	3.6469069436E-3
2.8157398488E-1	3.5850816916E+1	3.6684822051E-3
2.8525322919E-1	3.6274132375E+1	3.6899961614E-3
2.8895395665E-1	3.6698205929E+1	3.7114484529E-3
2.9267610542E-1	3.7122981957E+1	3.7328387211E-3
2.9641961330E-1	3.7548404239E+1	3.7541666086E-3
3.0018441773E-1	3.7974415960E+1	3.7754317588E-3
3.0397045579E-1	3.8400959720E+1	3.7966338166E-3
3.0777766421E-1	3.8827977541E+1	3.8177724274E-3
3.1160597938E-1	3.9255410868E+1	3.8388472382E-3
3.1545533730E-1	3.9683200587E+1	3.8598578967E-3
3.1932567367E-1	4.0111287024E+1	3.8808040517E-3
3.2321692379E-1	4.0539609958E+1	3.9016853533E-3
3.2712902264E-1	4.0968108629E+1	3.9225014525E-3
3.3106190484E-1	4.1396721750E+1	3.9432520014E-3
3.3501550468E-1	4.1825387510E+1	3.9639366533E-3
3.3898975607E-1	4.2254043592E+1	3.9845550624E-3
3.4298459261E-1	4.2682627176E+1	4.0051068843E-3
3.4699994753E-1	4.3111074956E+1	4.0255917754E-3
3.5103575373E-1	4.3539323148E+1	4.0460093936E-3
3.5509194378E-1	4.3967307501E+1	4.0663593974E-3
3.5916844988E-1	4.4394963313E+1	4.0866414469E-3
3.6326520391E-1	4.4822225437E+1	4.1068552032E-3
3.6738213741E-1	4.5249028300E+1	4.1270003283E-3
3.7151918157E-1	4.5675305914E+1	4.1470764858E-3
3.7567626728E-1	4.6100991886E+1	4.1670833400E-3
3.7985332504E-1	4.6526019438E+1	4.1870205567E-3
3.8405028507E-1	4.6950321418E+1	4.2068878026E-3
3.8826707721E-1	4.7373830313E+1	4.2266847457E-3
3.9250363101E-1	4.7796478269E+1	4.2464110553E-3
3.9675987567E-1	4.8218197100E+1	4.2660664016E-3
4.0103574005E-1	4.8638918312E+1	4.2856504563E-3
4.0533115271E-1	4.9058573111E+1	4.3051628919E-3
4.0964604185E-1	4.9477092424E+1	4.3246033825E-3
4.1398033538E-1	4.9894406916E+1	4.3439716031E-3
4.1833396086E-1	5.0310447007E+1	4.3632672302E-3
4.2270684554E-1	5.0725142888E+1	4.3824899412E-3
4.2709891633E-1	5.1138424540E+1	4.4016394148E-3
4.3151009985E-1	5.1550221754E+1	4.4207153312E-3
4.3594032237E-1	5.1960464147E+1	4.4397173715E-3
4.4038950986E-1	5.2369081183E+1	4.4586452181E-3
4.4485758797E-1	5.2776002193E+1	4.4774985548E-3
4.4934448203E-1	5.3181156391E+1	4.4962770664E-3
4.5385011706E-1	5.3584472900E+1	4.5149804392E-3
4.5837441776E-1	5.3985880766E+1	4.5336083606E-3
4.6291730852E-1	5.4385308983E+1	4.5521605193E-3
4.6747871344E-1	5.4782686514E+1	4.5706366053E-3
4.7205855627E-1	5.5177942309E+1	4.5890363098E-3
4.7665676049E-1	5.5571005330E+1	4.6073593254E-3
4.8127324926E-1	5.5961804570E+1	4.6256053458E-3
4.8590794542E-1	5.6350269080E+1	4.6437740661E-3
4.9056077152E-1	5.6736327986E+1	4.6618651826E-3
4.9523164982E-1	5.7119910512E+1	4.6798783932E-3
4.9992050224E-1	5.7500946009E+1	4.6978133967E-3
5.0462725044E-1	5.7879363970E+1	4.7156698934E-3
5.0935181576E-1	5.8255094060E+1	4.7334475849E-3
5.1409411924E-1	5.8628066136E+1	4.7511461741E-3
5.1885408164E-1	5.8998210272E+1	4.7687653653E-3
5.2363162341E-1	5.9365456782E+1	4.7863048641E-3
5.2842666471E-1	5.9729736246E+1	4.8037643772E-3
5.3323912540E-1	6.0090979533E+1	4.8211436130E-3
5.3806892508E-1	6.0449117826E+1	4.8384422809E-3
5.4291598301E-1	6.0804082647E+1	4.8556600920E-3
5.4778021821E-1	6.1155805881E+1	4.8727967585E-3
5.5266154939E-1	6.1504219802E+1	4.8898519940E-3
5.5755989496E-1	6.1849257097E+1	4.9068255135E-3
5.6247517308E-1	6.2190850893E+1	4.9237170334E-3
5.6740730160E-1	6.2528934779E+1	4.9405262713E-3
5.7235619810E-1	6.2863442836E+1	4.9572529464E-3
5.7732177988E-1	6.3194309657E+1	4.9738967791E-3
5.8230396395E-1	6.3521470379E+1	4.9904574913E-3
5.8730266706E-1	6.3844860701E+1	5.0069348063E-3
5.9231780568E-1	6.4164416916E+1	5.0233284486E-3
5.9734929598E-1	6.4480075933E+1	5.0396381444E-3
6.0239705389E-1	6.4791775304E+1	5.0558636210E-3
6.0746099506E-1	6.5099453248E+1	5.0720046074E-3
6.1254103485E-1	6.5403048679E+1	5.0880608338E-3
6.1763708838E-1	6.5702501229E+1	5.1040320318E-3
6.2274907048E-1	6.5997751275E+1	5.1199179345E-3
6.2787689573E-1	6.6288739961E+1	5.1357182766E-3
6.3302047843E-1	6.6575409229E+1	5.1514327939E-3
6.3817973262E-1	6.6857701840E+1	5.1670612238E-3
6.4335457209E-1	6.7135561398E+1	5.1826033052E-3
6.4854491036E-1	6.7408932379E+1	5.1980587783E-3
6.5375066070E-1	6.7677760151E+1	5.2134273849E-3
6.5897173609E-1	6.7941991001E+1	5.2287088681E-3
6.6420804930E-1	6.8201572161E+1	5.2439029725E-3
6.6945951283E-1	6.8456451828E+1	5.2590094442E-3
6.7472603890E-1	6.8706579189E+1	5.2740280309E-3
6.8000753951E-1	6.8951904447E+1	5.2889584814E-3
6.8530392640E-1	6.9192378842E+1	5.3038005463E-3
6.9061511106E-1	6.9427954674E+1	5.3185539776E-3
6.9594100473E-1	6.9658585328E+1	5.3332185287E-3
7.0128151841E-1	6.9884225294E+1	5.3477939546E-3
7.0663656285E-1	7.0104830189E+1	5.3622800116E-3
7.1200604856E-1	7.0320356782E+1	5.3766764577E-3
7.1738988581E-1	7.0530763010E+1	5.3909830523E-3
7.2278798463E-1	7.0736008006E+1	5.4051995564E-3
7.2820025482E-1	7.0936052113E+1	5.4193257323E-3
7.3362660591E-1	7.1130856908E+1	5.4333613439E-3
7.3906694724E-1	7.1320385222E+1	5.4473061568E-3
7.4452118788E-1	7.1504601156E+1	5.4611599379E-3
7.4998923669E-1	7.1683470105E+1	5.4749224557E-3
7.5547100229E-1	7.1856958773E+1	5.4885934801E-3
7.6096639308E-1	7.2025035190E+1	5.5021727828E-3
7.6647531721E-1	7.2187668734E+1	5.5156601367E-3
7.7199768263E-1	7.2344830143E+1	5.5290553166E-3
7.7753339704E-1	7.2496491535E+1	5.5423580985E-3
7.8308236795E-1	7.2642626422E+1	5.5555682601E-3
7.8864450262E-1	7.2783209727E+1	5.5686855808E-3
7.9421970809E-1	7.2918217797E+1	5.5817098412E-3
7.9980789121E-1	7.3047628417E+1	5.5946408237E-3
8.0540895857E-1	7.3171420827E+1	5.6074783123E-3
8.1102281659E-1	7.3289575730E+1	5.6202220924E-3
8.1664937145E-1	7.3402075310E+1	5.6328719509E-3
8.2228852912E-1	7.3508903238E+1	5.6454276767E-3
8.2794019536E-1	7.3610044687E+1	5.6578890597E-3
8.3360427572E-1	7.3705486341E+1	5.6702558918E-3
8.3928067556E-1	7.3795216406E+1	5.6825279663E-3
8.4496930000E-1	7.3879224616E+1	5.6947050782E-3
8.5067005399E-1	7.3957502246E+1	5.7067870238E-3
8.5638284226E-1	7.4030042116E+1	5.7187736014E-3
8.6210756934E-1	7.4096838599E+1	5.7306646105E-3
8.6784413956E-1	7.4157887628E+1	5.7424598526E-3
8.7359245705E-1	7.4213186700E+1	5.7541591304E-3
8.7935242576E-1	7.4262734885E+1	5.7657622485E-3
8.8512394943E-1	7.4306532822E+1	5.7772690129E-3
8.9090693161E-1	7.4344582732E+1	5.7886792314E-3
8.9670127565E-1	7.4376888412E+1	5.7999927133E-3
9.0250688473E-1	7.4403455243E+1	5.8112092696E-3
9.0832366182E-1	7.4424290187E+1	5.8223287127E-3
9.1415150972E-1	7.4439401790E+1	5.8333508568E-3
9.1999033104E-1	7.4448800180E+1	5.8442755178E-3
9.2584002820E-1	7.4452497065E+1	5.8551025132E-3
9.3170050345E-1	7.4450505733E+1	5.8658316618E-3
9.3757165885E-1	7.4442841046E+1	5.8764627846E-3
9.4345339628E-1	7.4429519441E+1	5.8869957037E-3
9.4934561746E-1	7.4410558921E+1	5.8974302433E-3
9.5524822392E-1	7.4385979051E+1	5.9077662288E-3
9.6116111701E-1	7.4355800952E+1	5.9180034877E-3
9.6708419793E-1	7.4320047297E+1	5.9281418487E-3
9.7301736769E-1	7.4278742297E+1	5.9381811425E-3
9.7896052713E-1	7.4231911698E+1	5.9481212013E-3
9.8491357695E-1	7.4179582771E+1	5.9579618591E-3
9.9087641766E-1	7.4121784298E+1	5.9677029512E-3
9.9684894961E-1	7.4058546567E+1	5.9773443150E-3
1.0028310730E+0	7.3989901354E+1	5.9868857894E-3
1.0088226878E+0	7.3915881915E+1	5.9963272149E-3
1.0148236940E+0	7.3836522973E+1	6.0056684336E-3
1.0208339913E+0	7.3751860701E+1	6.0149092896E-3
1.0268534791E+0	7.3661932708E+1	6.0240496283E-3
1.0328820570E+0	7.3566778026E+1	6.0330892971E-3
1.0389196241E+0	7.3466437089E+1	6.0420281448E-3
1.0449660796E+0	7.3360951723E+1	6.0508660221E-3
1.0510213224E+0	7.3250365119E+1	6.0596027814E-3
1.0570852514E+0	7.3134721823E+1	6.0682382765E-3
1.0631577652E+0	7.3014067712E+1	6.0767723631E-3
1.0692387623E+0	7.2888449974E+1	6.0852048988E-3
1.0753281411E+0	7.2757917091E+1	6.0935357425E-3
1.0814257998E+0	7.2622518812E+1	6.1017647550E-3
1.0875316366E+0	7.2482306138E+1	6.1098917988E-3
1.0936455494E+0	7.2337331291E+1	6.1179167381E-3
1.0997674360E+0	7.2187647697E+1	6.1258394388E-3
1.1058971941E+0	7.2033309962E+1	6.1336597685E-3
1.1120347214E+0	7.1874373841E+1	6.1413775965E-3
1.1181799151E+0	7.1710896220E+1	6.1489927938E-3
1.1243326727E+0	7.1542935087E+1	6.1565052331E-3
1.1304928913E+0	7.1370549504E+1	6.1639147890E-3
1.1366604679E+0	7.1193799584E+1	6.1712213376E-3
1.1428352996E+0	7.1012746458E+1	6.1784247568E-3
1.1490172830E+0	7.0827452254E+1	6.1855249261E-3
1.1552063150E+0	7.0637980061E+1	6.1925217271E-3
1.1614022920E+0	7.0444393905E+1	6.1994150427E-3
1.1676051105E+0	7.0246758716E+1	6.2062047577E-3
1.1738146669E+0	7.0045140302E+1	6.2128907587E-3
1.1800308574E+0	6.9839605314E+1	6.2194729339E-3
1.1862535782E+0	6.9630221218E+1	6.2259511734E-3
1.1924827251E+0	6.9417056261E+1	6.2323253688E-3
1.1987181942E+0	6.9200179444E+1	6.2385954138E-3
1.2049598812E+0	6.8979660485E+1	6.2447612034E-3
1.2112076818E+0	6.8755569788E+1	6.2508226346E-3
1.2174614916E+0	6.8527978411E+1	6.2567796062E-3
1.2237212062E+0	6.8296958033E+1	6.2626320186E-3
1.2299867208E+0	6.8062580919E+1	6.2683797740E-3
1.2362579308E+0	6.7824919889E+1	6.2740227763E-3
1.2425347314E+0	6.7584048282E+1	6.2795609313E-3
1.2488170177E+0	6.7340039921E+1	6.2849941464E-3
1.2551046847E+0	6.7092969082E+1	6.2903223308E-3
1.2613976273E+0	6.6842910458E+1	6.2955453954E-3
1.2676957404E+0	6.6589939122E+1	6.3006632530E-3
1.2739989187E+0	6.6334130497E+1	6.3056758180E-3
1.2803070569E+0	6.6075560317E+1	6.3105830068E-3
1.2866200496E+0	6.5814304593E+1	6.3153847371E-3
1.2929377912E+0	6.5550439581E+1	6.3200809290E-3
1.2992601762E+0	6.5284041742E+1	6.3246715037E-3
1.3055870990E+0	6.5015187711E+1	6.3291563847E-3
1.3119184537E+0	6.4743954260E+1	6.3335354970E-3
1.3182541347E+0	6.4470418265E+1	6.3378087674E-3
1.3245940360E+0	6.4194656668E+1	6.3419761245E-3
1.3309380516E+0	6.3916746444E+1	6.3460374987E-3
1.3372860756E+0	6.3636764567E+1	6.3499928220E-3
1.3436380019E+0	6.3354787973E+1	6.3538420284E-3
1.3499937243E+0	6.3070893529E+1	6.3575850535E-3
1.3563531366E+0	6.2785157995E+1	6.3612218349E-3
1.3627161325E+0	6.2497657992E+1	6.3647523117E-3
1.3690826057E+0	6.2208469968E+1	6.3681764249E-3
1.3754524499E+0	6.1917670164E+1	6.3714941173E-3
1.3818255585E+0	6.1625334580E+1	6.3747053335E-3
1.3882018250E+0	6.1331538944E+1	6.3778100198E-3
1.3945811430E+0	6.1036358676E+1	6.3808081243E-3
1.4009634057E+0	6.0739868859E+1	6.3836995970E-3
1.4073485066E+0	6.0442144203E+1	6.3864843894E-3
1.4137363389E+0	6.0143259018E+1	6.3891624551E-3
1.4201267959E+0	5.9843287179E+1	6.3917337493E-3
1.4265197708E+0	5.9542302094E+1	6.3941982290E-3
1.4329151568E+0	5.9240376678E+1	6.3965558531E-3
1.4393128469E+0	5.8937583321E+1	6.3988065821E-3
1.4457127343E+0	5.8633993855E+1	6.4009503785E-3
1.4521147120E+0	5.8329679529E+1	6.4029872063E-3
1.4585186731E+0	5.8024710980E+1	6.4049170317E-3
1.4649245104E+0	5.7719158203E+1	6.4067398222E-3
1.4713321170E+0	5.7413090523E+1	6.4084555476E-3
1.4777413858E+0	5.7106576571E+1	6.4100641790E-3
1.4841522097E+0	5.6799684256E+1	6.4115656896E-3
1.4905644815E+0	5.6492480736E+1	6.4129600544E-3
1.4969780940E+0	5.6185032399E+1	6.4142472499E-3
1.5033929402E+0	5.5877404833E+1	6.4154272548E-3
1.5098089128E+0	5.5569662803E+1	6.4165000493E-3
1.5162259046E+0	5.5261870230E+1	6.4174656154E-3
1.5226438083E+0	5.4954090166E+1	6.4183239370E-3
1.5290625167E+0	5.4646384773E+1	6.4190749998E-3
1.5354819225E+0	5.4338815300E+1	6.4197187912E-3
1.5419019185E+0	5.4031442064E+1	6.4202553005E-3
1.5483223974E+0	5.3724324429E+1	6.4206845187E-3
1.5547432518E+0	5.3417520787E+1	6.4210064386E-3
1.5611643745E+0	5.3111088539E+1	6.4212210549E-3
1.5675856581E+0	5.2805084080E+1	6.4213283639E-3
1.5740069954E+0	5.2499562775E+1	6.4213283639E-3
1.5804282791E+0	5.2194578951E+1	6.4212210549E-3
1.5868494018E+0	5.1890185874E+1	6.4210064386E-3
1.5932702562E+0	5.1586435740E+1	6.4206845187E-3
1.5996907351E+0	5.1283379656E+1	6.4202553005E-3
1.6061107310E+0	5.0981067631E+1	6.4197187912E-3
1.6125301369E+0	5.0679548559E+1	6.4190749998E-3
1.6189488453E+0	5.0378870212E+1	6.4183239370E-3
1.6253667490E+0	5.0079079224E+1	6.4174656154E-3
1.6317837408E+0	4.9780221084E+1	6.4165000493E-3
1.6381997134E+0	4.9482340126E+1	6.4154272548E-3
1.6446145595E+0	4.9185479519E+1	6.4142472499E-3
1.6510281721E+0	4.8889681262E+1	6.4129600544E-3
1.6574404439E+0	4.8594986171E+1	6.4115656896E-3
1.6638512678E+0	4.8301433882E+1	6.4100641790E-3
1.6702605366E+0	4.8009062834E+1	6.4084555476E-3
1.6766681432E+0	4.7717910274E+1	6.4067398222E-3
1.6830739805E+0	4.7428012249E+1	6.4049170317E-3
1.6894779416E+0	4.7139403600E+1	6.4029872063E-3
1.6958799193E+0	4.6852117965E+1	6.4009503785E-3
1.7022798067E+0	4.6566187774E+1	6.3988065821E-3
1.7086774968E+0	4.6281644248E+1	6.3965558531E-3
1.7150728827E+0	4.5998517401E+1	6.3941982290E-3
1.7214658576E+0	4.5716836037E+1	6.3917337493E-3
1.7278563146E+0	4.5436627755E+1	6.3891624551E-3
1.7342441470E+0	4.5157918948E+1	6.3864843894E-3
1.7406292478E+0	4.4880734809E+1	6.3836995970E-3
1.7470115106E+0	4.4605099331E+1	6.3808081243E-3
1.7533908286E+0	4.4331035312E+1	6.3778100198E-3
1.7597670951E+0	4.4058564363E+1	6.3747053335E-3
1.7661402037E+0	4.3787706910E+1	6.3714941173E-3
1.7725100479E+0	4.3518482201E+1	6.3681764249E-3
1.7788765211E+0	4.3250908314E+1	6.3647523117E-3
1.7852395170E+0	4.2985002164E+1	6.3612218349E-3
1.7915989293E+0	4.2720779511E+1	6.3575850535E-3
1.7979546517E+0	4.2458254968E+1	6.3538420284E-3
1.8043065780E+0	4.2197442013E+1	6.3499928220E-3
1.8106546020E+0	4.1938352997E+1	6.3460374987E-3
1.8169986176E+0	4.1680999155E+1	6.3419761245E-3
1.8233385189E+0	4.1425390618E+1	6.3378087674E-3
1.8296741999E+0	4.1171536424E+1	6.3335354970E-3
1.8360055546E+0	4.0919444532E+1	6.3291563847E-3
1.8423324774E+0	4.0669121830E+1	6.3246715037E-3
1.8486548624E+0	4.0420574157E+1	6.3200809290E-3
1.8549726040E+0	4.0173806309E+1	6.3153847371E-3
1.8612855967E+0	3.9928822057E+1	6.3105830068E-3
1.8675937349E+0	3.9685624162E+1	6.3056758180E-3
1.8738969132E+0	3.9444214389E+1	6.3006632530E-3
1.8801950263E+0	3.9204593524E+1	6.2955453954E-3
1.8864879689E+0	3.8966761390E+1	6.2903223308E-3
1.8927756359E+0	3.8730716864E+1	6.2849941464E-3
1.8990579222E+0	3.8496457893E+1	6.2795609313E-3
1.9053347228E+0	3.8263981512E+1	6.2740227763E-3
1.9116059328E+0	3.8033283863E+1	6.2683797740E-3
1.9178714474E+0	3.7804360211E+1	6.2626320186E-3
1.9241311620E+0	3.7577204964E+1	6.2567796062E-3
1.9303849718E+0	3.7351811691E+1	6.2508226346E-3
1.9366327724E+0	3.7128173141E+1	6.2447612034E-3
1.9428744594E+0	3.6906281264E+1	6.2385954138E-3
1.9491099285E+0	3.6686127228E+1	6.2323253688E-3
1.9553390754E+0	3.6467701442E+1	6.2259511734E-3
1.9615617961E+0	3.6250993572E+1	6.2194729339E-3
1.9677779867E+0	3.6035992565E+1	6.2128907587E-3
1.9739875431E+0	3.5822686668E+1	6.2062047577E-3
1.9801903616E+0	3.5611063448E+1	6.1994150427E-3
1.9863863386E+0	3.5401109815E+1	6.1925217271E-3
1.9925753706E+0	3.5192812038E+1	6.1855249261E-3
1.9987573540E+0	3.4986155774E+1	6.1784247568E-3
2.0049321857E+0	3.4781126082E+1	6.1712213376E-3
2.0110997623E+0	3.4577707445E+1	6.1639147890E-3
2.0172599809E+0	3.4375883797E+1	6.1565052331E-3
2.0234127385E+0	3.4175638538E+1	6.1489927938E-3
2.0295579322E+0	3.3976954557E+1	6.1413775965E-3
2.0356954595E+0	3.3779814258E+1	6.1336597685E-3
2.0418252176E+0	3.3584199573E+1	6.1258394388E-3
2.0479471042E+0	3.3390091991E+1	6.1179167381E-3
2.0540610170E+0	3.3197472576E+1	6.1098917988E-3
2.0601668538E+0	3.3006321986E+1	6.1017647550E-3
2.0662645125E+0	3.2816620501E+1	6.0935357425E-3
2.0723538913E+0	3.2628348037E+1	6.0852048988E-3
2.0784348884E+0	3.2441484171E+1	6.0767723631E-3
2.0845074022E+0	3.2256008161E+1	6.0682382765E-3
2.0905713312E+0	3.2071898969E+1	6.0596027814E-3
2.0966265740E+0	3.1889135276E+1	6.0508660221E-3
2.1026730295E+0	3.1707695509E+1	6.0420281448E-3
2.1087105966E+0	3.1527557858E+1	6.0330892971E-3
2.1147391745E+0	3.1348700296E+1	6.0240496283E-3
2.1207586623E+0	3.1171100603E+1	6.0149092896E-3
2.1267689596E+0	3.0994736379E+1	6.0056684336E-3
2.1327699657E+0	3.0819585071E+1	5.9963272149E-3
2.1387615806E+0	3.0645623986E+1	5.9868857894E-3
2.1447437040E+0	3.0472830315E+1	5.9773443150E-3
2.1507162359E+0	3.0301181150E+1	5.9677029512E-3
2.1566790766E+0	3.0130653503E+1	5.9579618591E-3
2.1626321265E+0	2.9961224324E+1	5.9481212013E-3
2.1685752859E+0	2.9792870520E+1	5.9381811425E-3
2.1745084557E+0	2.9625568971E+1	5.9281418487E-3
2.1804315366E+0	2.9459296550E+1	5.9180034877E-3
2.1863444297E+0	2.9294030140E+1	5.9077662288E-3
2.1922470361E+0	2.9129746650E+1	5.8974302433E-3
2.1981392573E+0	2.8966423031E+1	5.8869957037E-3
2.2040209947E+0	2.8804036294E+1	5.8764627846E-3
2.2098921501E+0	2.8642563525E+1	5.8658316618E-3
2.2157526254E+0	2.8481981903E+1	5.8551025132E-3
2.2216023226E+0	2.8322268711E+1	5.8442755178E-3
2.2274411439E+0	2.8163401354E+1	5.8333508568E-3
2.2332689918E+0	2.8005357373E+1	5.8223287127E-3
2.2390857689E+0	2.7848114461E+1	5.8112092696E-3
2.2448913779E+0	2.7691650473E+1	5.7999927133E-3
2.2506857220E+0	2.7535943443E+1	5.7886792314E-3
2.2564687042E+0	2.7380971596E+1	5.7772690129E-3
2.2622402278E+0	2.7226713360E+1	5.7657622485E-3
2.2680001965E+0	2.7073147380E+1	5.7541591304E-3
2.2737485140E+0	2.6920252528E+1	5.7424598526E-3
2.2794850843E+0	2.6768007917E+1	5.7306646105E-3
2.2852098113E+0	2.6616392912E+1	5.7187736014E-3
2.2909225996E+0	2.6465387138E+1	5.7067870238E-3
2.2966233536E+0	2.6314970493E+1	5.6947050782E-3
2.3023119780E+0	2.6165123158E+1	5.6825279663E-3
2.3079883779E+0	2.6015825606E+1	5.6702558918E-3
2.3136524582E+0	2.5867058612E+1	5.6578890597E-3
2.3193041245E+0	2.5718803262E+1	5.6454276767E-3
2.3249432821E+0	2.5571040958E+1	5.6328719509E-3
2.3305698370E+0	2.5423753434E+1	5.6202220924E-3
2.3361836950E+0	2.5276922753E+1	5.6074783123E-3
2.3417847624E+0	2.5130531326E+1	5.5946408237E-3
2.3473729455E+0	2.4984561908E+1	5.5817098412E-3
2.3529481510E+0	2.4838997614E+1	5.5686855808E-3
2.3585102856E+0	2.4693821919E+1	5.5555682601E-3
2.3640592565E+0	2.4549018664E+1	5.5423580985E-3
2.3695949710E+0	2.4404572067E+1	5.5290553166E-3
2.3751173364E+0	2.4260466721E+1	5.5156601367E-3
2.3806262605E+0	2.4116687602E+1	5.5021727828E-3
2.3861216513E+0	2.3973220076E+1	5.4885934801E-3
2.3916034169E+0	2.3830049898E+1	5.4749224557E-3
2.3970714657E+0	2.3687163216E+1	5.4611599379E-3
2.4025257064E+0	2.3544546579E+1	5.4473061568E-3
2.4079660477E+0	2.3402186936E+1	5.4333613439E-3
2.4133923988E+0	2.3260071639E+1	5.4193257323E-3
2.4188046690E+0	2.3118188444E+1	5.4051995564E-3
2.4242027678E+0	2.2976525516E+1	5.3909830523E-3
2.4295866050E+0	2.2835071430E+1	5.3766764577E-3
2.4349560907E+0	2.2693815167E+1	5.3622800116E-3
2.4403111352E+0	2.2552746124E+1	5.3477939546E-3
2.4456516489E+0	2.2411854105E+1	5.3332185287E-3
2.4509775425E+0	2.2271129329E+1	5.3185539776E-3
2.4562887272E+0	2.2130562423E+1	5.3038005463E-3
2.4615851141E+0	2.1990144428E+1	5.2889584814E-3
2.4668666147E+0	2.1849866796E+1	5.2740280309E-3
2.4721331408E+0	2.1709721386E+1	5.2590094442E-3
2.4773846043E+0	2.1569700466E+1	5.2439029725E-3
2.4826209175E+0	2.1429796713E+1	5.2287088681E-3
2.4878419929E+0	2.1290003207E+1	5.2134273849E-3
2.4930477432E+0	2.1150313433E+1	5.1980587783E-3
2.4982380815E+0	2.1010721273E+1	5.1826033052E-3
2.5034129210E+0	2.0871221012E+1	5.1670612238E-3
2.5085721752E+0	2.0731807327E+1	5.1514327939E-3
2.5137157579E+0	2.0592475290E+1	5.1357182766E-3
2.5188435831E+0	2.0453220360E+1	5.1199179345E-3
2.5239555652E+0	2.0314038385E+1	5.1040320318E-3
2.5290516187E+0	2.0174925592E+1	5.0880608338E-3
2.5341316585E+0	2.0035878588E+1	5.0720046074E-3
2.5391955997E+0	1.9896894355E+1	5.0558636210E-3
2.5442433576E+0	1.9757970244E+1	5.0396381444E-3
2.5492748479E+0	1.9619103973E+1	5.0233284486E-3
2.5542899865E+0	1.9480293621E+1	5.0069348063E-3
2.5592886896E+0	1.9341537622E+1	4.9904574913E-3
2.5642708737E+0	1.9202834763E+1	4.9738967791E-3
2.5692364555E+0	1.9064184178E+1	4.9572529464E-3
2.5741853520E+0	1.8925585341E+1	4.9405262713E-3
2.5791174805E+0	1.8787038064E+1	4.9237170334E-3
2.5840327586E+0	1.8648542488E+1	4.9068255135E-3
2.5889311042E+0	1.8510099079E+1	4.8898519940E-3
2.5938124354E+0	1.8371708624E+1	4.8727967585E-3
2.5986766706E+0	1.8233372222E+1	4.8556600920E-3
2.6035237285E+0	1.8095091281E+1	4.8384422809E-3
2.6083535282E+0	1.7956867509E+1	4.8211436130E-3
2.6131659889E+0	1.7818702912E+1	4.8037643772E-3
2.6179610302E+0	1.7680599783E+1	4.7863048641E-3
2.6227385719E+0	1.7542560699E+1	4.7687653653E-3
2.6274985343E+0	1.7404588516E+1	4.7511461741E-3
2.6322408378E+0	1.7266686358E+1	4.7334475849E-3
2.6369654032E+0	1.7128857615E+1	4.7156698934E-3
2.6416721513E+0	1.6991105932E+1	4.6978133967E-3
2.6463610038E+0	1.6853435209E+1	4.6798783932E-3
2.6510318821E+0	1.6715849588E+1	4.6618651826E-3
2.6556847082E+0	1.6578353450E+1	4.6437740661E-3
2.6603194043E+0	1.6440951408E+1	4.6256053458E-3
2.6649358931E+0	1.6303648298E+1	4.6073593254E-3
2.6695340973E+0	1.6166449176E+1	4.5890363098E-3
2.6741139402E+0	1.6029359310E+1	4.5706366053E-3
2.6786753451E+0	1.5892384172E+1	4.5521605193E-3
2.6832182358E+0	1.5755529432E+1	4.5336083606E-3
2.6877425365E+0	1.5618800952E+1	4.5149804392E-3
2.6922481716E+0	1.5482204781E+1	4.4962770664E-3
2.6967350656E+0	1.5345747143E+1	4.4774985548E-3
2.7012031437E+0	1.5209434437E+1	4.4586452181E-3
2.7056523312E+0	1.5073273225E+1	4.4397173715E-3
2.7100825537E+0	1.4937270230E+1	4.4207153312E-3
2.7144937373E+0	1.4801432327E+1	4.4016394148E-3
2.7188858081E+0	1.4665766535E+1	4.3824899412E-3
2.7232586927E+0	1.4530280015E+1	4.3632672302E-3
2.7276123182E+0	1.4394980059E+1	4.3439716031E-3
2.7319466117E+0	1.4259874087E+1	4.3246033825E-3
2.7362615009E+0	1.4124969640E+1	4.3051628919E-3
2.7405569135E+0	1.3990274373E+1	4.2856504563E-3
2.7448327779E+0	1.3855796049E+1	4.2660664016E-3
2.7490890226E+0	1.3721542534E+1	4.2464110553E-3
2.7533255764E+0	1.3587521789E+1	4.2266847457E-3
2.7575423685E+0	1.3453741866E+1	4.2068878026E-3
2.7617393285E+0	1.3320210901E+1	4.1870205567E-3
2.7659163863E+0	1.3186937111E+1	4.1670833400E-3
2.7700734720E+0	1.3053928783E+1	4.1470764858E-3
2.7742105162E+0	1.2921194272E+1	4.1270003283E-3
2.7783274497E+0	1.2788741997E+1	4.1068552032E-3
2.7824242037E+0	1.2656580430E+1	4.0866414469E-3
2.7865007098E+0	1.2524718097E+1	4.0663593974E-3
2.7905568999E+0	1.2393163568E+1	4.0460093936E-3
2.7945927061E+0	1.2261925454E+1	4.0255917754E-3
2.7986080610E+0	1.2131012403E+1	4.0051068843E-3
2.8026028975E+0	1.2000433090E+1	3.9845550624E-3
2.8065771489E+0	1.1870196220E+1	3.9639366533E-3
2.8105307487E+0	1.1740310516E+1	3.9432520014E-3
2.8144636309E+0	1.1610784717E+1	3.9225014525E-3
2.8183757298E+0	1.1481627576E+1	3.9016853533E-3
2.8222669799E+0	1.1352847849E+1	3.8808040517E-3
2.8261373163E+0	1.1224454300E+1	3.8598578967E-3
2.8299866742E+0	1.1096455686E+1	3.8388472382E-3
2.8338149894E+0	1.0968860762E+1	3.8177724274E-3
2.8376221978E+0	1.0841678272E+1	3.7966338166E-3
2.8414082359E+0	1.0714916944E+1	3.7754317588E-3
2.8451730403E+0	1.0588585491E+1	3.7541666086E-3
2.8489165482E+0	1.0462692605E+1	3.7328387211E-3
2.8526386969E+0	1.0337246948E+1	3.7114484529E-3
2.8563394244E+0	1.0212257160E+1	3.6899961614E-3
2.8600186687E+0	1.0087731842E+1	3.6684822051E-3
2.8636763684E+0	9.9636795652E+0	3.6469069436E-3
2.8673124623E+0	9.8401088580E+0	3.6252707373E-3
2.8709268897E+0	9.7170282085E+0	3.6035739479E-3
2.8745195901E+0	9.5944460596E+0	3.5818169379E-3
2.8780905036E+0	9.4723708060E+0	3.5600000709E-3
2.8816395704E+0	9.3508107915E+0	3.5381237115E-3
2.8851667313E+0	9.2297743068E+0	3.5161882254E-3
2.8886719273E+0	9.1092695860E+0	3.4941939790E-3
2.8921550998E+0	8.9893048045E+0	3.4721413399E-3
2.8956161906E+0	8.8698880769E+0	3.4500306767E-3
2.8990551419E+0	8.7510274540E+0	3.4278623588E-3
2.9024718962E+0	8.6327309209E+0	3.4056367567E-3
2.9058663965E+0	8.5150063949E+0	3.3833542419E-3
2.9092385859E+0	8.3978617236E+0	3.3610151867E-3
2.9125884081E+0	8.2813046824E+0	3.3386199643E-3
2.9159158072E+0	8.1653429733E+0	3.3161689492E-3
2.9192207275E+0	8.0499842226E+0	3.2936625164E-3
2.9225031139E+0	7.9352359797E+0	3.2711010421E-3
2.9257629114E+0	7.8211057152E+0	3.2484849032E-3
2.9290000656E+0	7.7076008194E+0	3.2258144779E-3
2.9322145224E+0	7.5947286012E+0	3.2030901448E-3
2.9354062280E+0	7.4824962866E+0	3.1803122838E-3
2.9385751292E+0	7.3709110172E+0	3.1574812755E-3
2.9417211730E+0	7.2599798496E+0	3.1345975014E-3
2.9448443068E+0	7.1497097539E+0	3.1116613440E-3
2.9479444784E+0	7.0401076130E+0	3.0886731866E-3
2.9510216360E+0	6.9311802215E+0	3.0656334132E-3
2.9540757281E+0	6.8229342849E+0	3.0425424091E-3
2.9571067038E+0	6.7153764190E+0	3.0194005599E-3
2.9601145124E+0	6.6085131491E+0	2.9962082525E-3
2.9630991036E+0	6.5023509094E+0	2.9729658744E-3
2.9660604276E+0	6.3968960424E+0	2.9496738141E-3
2.9689984348E+0	6.2921547987E+0	2.9263324607E-3
2.9719130762E+0	6.1881333364E+0	2.9029422044E-3
2.9748043031E+0	6.0848377208E+0	2.8795034361E-3
2.9776720671E+0	5.9822739240E+0	2.8560165473E-3
2.9805163203E+0	5.8804478252E+0	2.8324819307E-3
2.9833370151E+0	5.7793652098E+0	2.8088999795E-3
2.9861341046E+0	5.6790317702E+0	2.7852710878E-3
2.9889075418E+0	5.5794531049E+0	2.7615956505E-3
2.9916572805E+0	5.4806347192E+0	2.7378740632E-3
2.9943832747E+0	5.3825820252E+0	2.7141067224E-3
2.9970854788E+0	5.2853003415E+0	2.6902940251E-3
2.9997638477E+0	5.1887948939E+0	2.6664363695E-3
3.0024183367E+0	5.0930708154E+0	2.6425341541E-3
3.0050489013E+0	4.9981331467E+0	2.6185877784E-3
3.0076554977E+0	4.9039868361E+0	2.5945976426E-3
3.0102380822E+0	4.8106367406E+0	2.5705641475E-3
3.0127966116E+0	4.7180876255E+0	2.5464876949E-3
3.0153310434E+0	4.6263441658E+0	2.5223686871E-3
3.0178413350E+0	4.5354109458E+0	2.4982075270E-3
3.0203274445E+0	4.4452924603E+0	2.4740046186E-3
3.0227893304E+0	4.3559931150E+0	2.4497603662E-3
3.0252269516E+0	4.2675172269E+0	2.4254751751E-3
3.0276402673E+0	4.1798690254E+0	2.4011494510E-3
3.0300292371E+0	4.0930526527E+0	2.3767836004E-3
3.0323938212E+0	4.0070721645E+0	2.3523780306E-3
3.0347339801E+0	3.9219315310E+0	2.3279331494E-3
3.0370496746E+0	3.8376346375E+0	2.3034493653E-3
3.0393408660E+0	3.7541852851E+0	2.2789270875E-3
3.0416075160E+0	3.6715871920E+0	2.2543667257E-3
3.0438495869E+0	3.5898439937E+0	2.2297686905E-3
3.0460670410E+0	3.5089592446E+0	2.2051333928E-3
3.0482598414E+0	3.4289364184E+0	2.1804612443E-3
3.0504279513E+0	3.3497789090E+0	2.1557526574E-3
3.0525713347E+0	3.2714900320E+0	2.1310080450E-3
3.0546899556E+0	3.1940730249E+0	2.1062278206E-3
3.0567837786E+0	3.1175310488E+0	2.0814123983E-3
3.0588527688E+0	3.0418671890E+0	2.0565621928E-3
3.0608968915E+0	2.9670844560E+0	2.0316776194E-3
3.0629161127E+0	2.8931857865E+0	2.0067590939E-3
3.0649103985E+0	2.8201740448E+0	1.9818070327E-3
3.0668797157E+0	2.7480520235E+0	1.9568218529E-3
3.0688240313E+0	2.6768224446E+0	1.9318039720E-3
3.0707433129E+0	2.6064879605E+0	1.9067538080E-3
3.0726375283E+0	2.5370511554E+0	1.8816717796E-3
3.0745066460E+0	2.4685145461E+0	1.8565583060E-3
3.0763506346E+0	2.4008805829E+0	1.8314138067E-3
3.0781694634E+0	2.3341516512E+0	1.8062387021E-3
3.0799631019E+0	2.2683300722E+0	1.7810334128E-3
3.0817315203E+0	2.2034181042E+0	1.7557983600E-3
3.0834746889E+0	2.1394179432E+0	1.7305339655E-3
3.0851925786E+0	2.0763317250E+0	1.7052406515E-3
3.0868851607E+0	2.0141615251E+0	1.6799188405E-3
3.0885524069E+0	1.9529093607E+0	1.6545689559E-3
3.0901942894E+0	1.8925771914E+0	1.6291914212E-3
3.0918107807E+0	1.8331669202E+0	1.6037866605E-3
3.0934018538E+0	1.7746803949E+0	1.5783550984E-3
3.0949674821E+0	1.7171194088E+0	1.5528971598E-3
3.0965076394E+0	1.6604857022E+0	1.5274132703E-3
3.0980223001E+0	1.6047809631E+0	1.5019038556E-3
3.0995114388E+0	1.5500068283E+0	1.4763693421E-3
3.1009750306E+0	1.4961648847E+0	1.4508101565E-3
3.1024130510E+0	1.4432566701E+0	1.4252267258E-3
3.1038254761E+0	1.3912836744E+0	1.3996194778E-3
3.1052122822E+0	1.3402473405E+0	1.3739888402E-3
3.1065734461E+0	1.2901490653E+0	1.3483352414E-3
3.1079089451E+0	1.2409902009E+0	1.3226591101E-3
3.1092187570E+0	1.1927720553E+0	1.2969608754E-3
3.1105028597E+0	1.1454958936E+0	1.2712409668E-3
3.1117612318E+0	1.0991629389E+0	1.2454998140E-3
3.1129938524E+0	1.0537743735E+0	1.2197378472E-3
3.1142007007E+0	1.0093313392E+0	1.1939554970E-3
3.1153817567E+0	9.6583493887E-1	1.1681531941E-3
3.1165370006E+0	9.2328623721E-1	1.1423313699E-3
3.1176664131E+0	8.8168626144E-1	1.1164904558E-3
3.1187699753E+0	8.4103600238E-1	1.0906308836E-3
3.1198476688E+0	8.0133641527E-1	1.0647530855E-3
3.1208994755E+0	7.6258842062E-1	1.0388574939E-3
3.1219253780E+0	7.2479290505E-1	1.0129445417E-3
3.1229253590E+0	6.8795072215E-1	9.8701466182E-4
3.1238994018E+0	6.5206269321E-1	9.6106828758E-4
3.1248474902E+0	6.1712960809E-1	9.3510585261E-4
3.1257696083E+0	5.8315222595E-1	9.0912779076E-4
3.1266657407E+0	5.5013127602E-1	8.8313453619E-4
3.1275358724E+0	5.1806745831E-1	8.5712652325E-4
3.1283799890E+0	4.8696144439E-1	8.3110418659E-4
3.1291980762E+0	4.5681387800E-1	8.0506796108E-4
3.1299901204E+0	4.2762537582E-1	7.7901828182E-4
3.1307561084E+0	3.9939652808E-1	7.5295558414E-4
3.1314960274E+0	3.7212789921E-1	7.2688030358E-4
3.1322098650E+0	3.4582002848E-1	7.0079287589E-4
3.1328976092E+0	3.2047343059E-1	6.7469373705E-4
3.1335592487E+0	2.9608859628E-1	6.4858332323E-4
3.1341947723E+0	2.7266599284E-1	6.2246207073E-4
3.1348041694E+0	2.5020606470E-1	5.9633041614E-4
3.1353874298E+0	2.2870923396E-1	5.7018879612E-4
3.1359445438E+0	2.0817590085E-1	5.4403764760E-4
3.1364755020E+0	1.8860644425E-1	5.1787740760E-4
3.1369802957E+0	1.7000122214E-1	4.9170851331E-4
3.1374589163E+0	1.5236057204E-1	4.6553140213E-4
3.1379113559E+0	1.3568481142E-1	4.3934651156E-4
3.1383376069E+0	1.1997423811E-1	4.1315427928E-4
3.1387376622E+0	1.0522913069E-1	3.8695514312E-4
3.1391115150E+0	9.1449748797E-2	3.6074954110E-4
3.1394591592E+0	7.8636333514E-2	3.3453791144E-4
3.1397805890E+0	6.6789107638E-2	3.0832069259E-4
3.1400757989E+0	5.5908275986E-2	2.8209832342E-4
3.1403447841E+0	4.5994025636E-2	2.5587124334E-4
3.1405875400E+0	3.7046526163E-2	2.2963989267E-4
3.1408040626E+0	2.9065929810E-2	2.0340471372E-4
3.1409943483E+0	2.2052371594E-2	1.7716615272E-4
3.1411583939E+0	1.6005969263E-2	1.5092466531E-4
3.1412961968E+0	1.0926822863E-2	1.2468073282E-4
3.1414077547E+0	6.8150131174E-3	9.8434919423E-5
3.1414930663E+0	3.6705948939E-3	7.2188137769E-5
3.1415521316E+0	1.4935616481E-3	4.5943520243E-5
3.1415849628E+0	2.8346626256E-4	1.9736940383E-5