# Differential cross section		
# Author: P. Swaczyna	Princeton University	(swaczyna@princeton.edu)
# Date: 	Fri 4 Dec 2020 10:37:12	
# 		
# Elastic collision: He^0 + He^0 -> He^0 + He^0		
# 		
# Red. mass: 	1.8642000787E+9	 eV/c^2
# CM energy: 	2.8183829313E-3	 eV
# Rel speed: 	5.2130205840E+4	 cm/s
# Tot sigma: 	1.5175898690E+2	 a.u.
# Int sigma: 	1.5175898690E+2	 a.u.
# 		
# Columns:		
# the <- scattering angle (rad)		
# dcs <- dsigma/dOmega*2*pi*sin(the) (a.u. = 2.8002852056E-17 cm^2)		
# wei <- weight for cross section integration (approx. width of angle bin)		
# 		
# the	dcs	wei
7.6907532846E-6	6.9099411916E-3	1.9736940383E-5
4.0521979771E-5	3.6407941419E-2	4.5943520243E-5
9.9587300392E-5	8.9476587144E-2	7.2188137769E-5
1.8489884726E-4	1.6612676337E-1	9.8434919423E-5
2.9645680168E-4	2.6635858977E-1	1.2468073282E-4
4.3425968311E-4	3.9017064224E-1	1.5092466531E-4
5.9830531657E-4	5.3756079210E-1	1.7716615272E-4
7.8859101285E-4	7.0852633114E-1	2.0340471372E-4
1.0051136166E-3	9.0306397080E-1	2.2963989267E-4
1.2478695220E-3	1.1211698055E+0	2.5587124334E-4
1.5168546797E-3	1.3628392606E+0	2.8209832342E-4
1.8120645986E-3	1.6280670294E+0	3.0832069259E-4
2.1334943481E-3	1.9168470031E+0	3.3453791144E-4
2.4811385584E-3	2.2291721924E+0	3.6074954110E-4
2.8549914211E-3	2.5650346421E+0	3.8695514312E-4
3.2550466893E-3	2.9244253390E+0	4.1315427928E-4
3.6812976783E-3	3.3073341121E+0	4.3934651156E-4
4.1337372652E-3	3.7137495272E+0	4.6553140213E-4
4.6123578895E-3	4.1436587732E+0	4.9170851331E-4
5.1171515529E-3	4.5970475428E+0	5.1787740760E-4
5.6481098199E-3	5.0738999058E+0	5.4403764760E-4
6.2052238176E-3	5.5741981760E+0	5.7018879612E-4
6.7884842360E-3	6.0979227713E+0	5.9633041614E-4
7.3978813281E-3	6.6450520675E+0	6.2246207073E-4
8.0334049101E-3	7.2155622451E+0	6.4858332323E-4
8.6950443616E-3	7.8094271302E+0	6.7469373705E-4
9.3827886258E-3	8.4266180283E+0	7.0079287589E-4
1.0096626210E-2	9.0671035529E+0	7.2688030358E-4
1.0836545184E-2	9.7308494461E+0	7.5295558414E-4
1.1602533184E-2	1.0417818395E+1	7.7901828182E-4
1.2394577408E-2	1.1127969841E+1	8.0506796108E-4
1.3212664621E-2	1.1861259782E+1	8.3110418659E-4
1.4056781152E-2	1.2617640571E+1	8.5712652325E-4
1.4926912893E-2	1.3397060707E+1	8.8313453619E-4
1.5823045305E-2	1.4199464624E+1	9.0912779076E-4
1.6745163410E-2	1.5024792466E+1	9.3510585261E-4
1.7693251801E-2	1.5872979867E+1	9.6106828758E-4
1.8667294632E-2	1.6743957717E+1	9.8701466182E-4
1.9667275626E-2	1.7637651930E+1	1.0129445417E-3
2.0693178073E-2	1.8553983203E+1	1.0388574939E-3
2.1744984827E-2	1.9492866766E+1	1.0647530855E-3
2.2822678313E-2	2.0454212142E+1	1.0906308836E-3
2.3926240519E-2	2.1437922881E+1	1.1164904558E-3
2.5055653005E-2	2.2443896312E+1	1.1423313699E-3
2.6210896896E-2	2.3472023274E+1	1.1681531941E-3
2.7391952886E-2	2.4522187851E+1	1.1939554970E-3
2.8598801239E-2	2.5594267104E+1	1.2197378472E-3
2.9831421786E-2	2.6688130796E+1	1.2454998140E-3
3.1089793929E-2	2.7803641114E+1	1.2712409668E-3
3.2373896638E-2	2.8940652394E+1	1.2969608754E-3
3.3683708455E-2	3.0099010834E+1	1.3226591101E-3
3.5019207490E-2	3.1278554215E+1	1.3483352414E-3
3.6380371427E-2	3.2479111610E+1	1.3739888402E-3
3.7767177517E-2	3.3700503099E+1	1.3996194778E-3
3.9179602586E-2	3.4942539481E+1	1.4252267258E-3
4.0617623030E-2	3.6205021979E+1	1.4508101565E-3
4.2081214817E-2	3.7487741956E+1	1.4763693421E-3
4.3570353490E-2	3.8790480617E+1	1.5019038556E-3
4.5085014162E-2	4.0113008724E+1	1.5274132703E-3
4.6625171522E-2	4.1455086304E+1	1.5528971598E-3
4.8190799831E-2	4.2816462355E+1	1.5783550984E-3
4.9781872927E-2	4.4196874565E+1	1.6037866605E-3
5.1398364219E-2	4.5596049022E+1	1.6291914212E-3
5.3040246694E-2	4.7013699931E+1	1.6545689559E-3
5.4707492914E-2	4.8449529333E+1	1.6799188405E-3
5.6400075017E-2	4.9903226825E+1	1.7052406515E-3
5.8117964718E-2	5.1374469290E+1	1.7305339655E-3
5.9861133308E-2	5.2862920625E+1	1.7557983600E-3
6.1629551657E-2	5.4368231475E+1	1.7810334128E-3
6.3423190212E-2	5.5890038976E+1	1.8062387021E-3
6.5242019000E-2	5.7427966499E+1	1.8314138067E-3
6.7086007624E-2	5.8981623405E+1	1.8565583060E-3
6.8955125270E-2	6.0550604804E+1	1.8816717796E-3
7.0849340702E-2	6.2134491324E+1	1.9067538080E-3
7.2768622264E-2	6.3732848883E+1	1.9318039720E-3
7.4712937885E-2	6.5345228482E+1	1.9568218529E-3
7.6682255070E-2	6.6971165992E+1	1.9818070327E-3
7.8676540910E-2	6.8610181966E+1	2.0067590939E-3
8.0695762079E-2	7.0261781448E+1	2.0316776194E-3
8.2739884832E-2	7.1925453808E+1	2.0565621928E-3
8.4808875009E-2	7.3600672578E+1	2.0814123983E-3
8.6902698034E-2	7.5286895304E+1	2.1062278206E-3
8.9021318917E-2	7.6983563420E+1	2.1310080450E-3
9.1164702253E-2	7.8690102120E+1	2.1557526574E-3
9.3332812224E-2	8.0405920264E+1	2.1804612443E-3
9.5525612596E-2	8.2130410283E+1	2.2051333928E-3
9.7743066726E-2	8.3862948113E+1	2.2297686905E-3
9.9985137556E-2	8.5602893143E+1	2.2543667257E-3
1.0225178762E-1	8.7349588173E+1	2.2789270875E-3
1.0454297904E-1	8.9102359408E+1	2.3034493653E-3
1.0685867352E-1	9.0860516452E+1	2.3279331494E-3
1.0919883237E-1	9.2623352339E+1	2.3523780306E-3
1.1156341648E-1	9.4390143574E+1	2.3767836004E-3
1.1395238633E-1	9.6160150202E+1	2.4011494510E-3
1.1636570200E-1	9.7932615895E+1	2.4254751751E-3
1.1880332317E-1	9.9706768068E+1	2.4497603662E-3
1.2126520909E-1	1.0148181802E+2	2.4740046186E-3
1.2375131862E-1	1.0325696107E+2	2.4982075270E-3
1.2626161023E-1	1.0503137679E+2	2.5223686871E-3
1.2879604195E-1	1.0680422918E+2	2.5464876949E-3
1.3135457143E-1	1.0857466692E+2	2.5705641475E-3
1.3393715592E-1	1.1034182363E+2	2.5945976426E-3
1.3654375226E-1	1.1210481818E+2	2.6185877784E-3
1.3917431689E-1	1.1386275500E+2	2.6425341541E-3
1.4182880585E-1	1.1561472445E+2	2.6664363695E-3
1.4450717478E-1	1.1735980317E+2	2.6902940251E-3
1.4720937892E-1	1.1909705452E+2	2.7141067224E-3
1.4993537310E-1	1.2082552903E+2	2.7378740632E-3
1.5268511179E-1	1.2254426483E+2	2.7615956505E-3
1.5545854902E-1	1.2425228822E+2	2.7852710878E-3
1.5825563845E-1	1.2594861413E+2	2.8088999795E-3
1.6107633333E-1	1.2763224676E+2	2.8324819307E-3
1.6392058653E-1	1.2930218014E+2	2.8560165473E-3
1.6678835052E-1	1.3095739879E+2	2.8795034361E-3
1.6967957737E-1	1.3259687835E+2	2.9029422044E-3
1.7259421876E-1	1.3421958632E+2	2.9263324607E-3
1.7553222599E-1	1.3582448278E+2	2.9496738141E-3
1.7849354996E-1	1.3741052112E+2	2.9729658744E-3
1.8147814117E-1	1.3897664892E+2	2.9962082525E-3
1.8448594977E-1	1.4052180868E+2	3.0194005599E-3
1.8751692548E-1	1.4204493877E+2	3.0425424091E-3
1.9057101764E-1	1.4354497428E+2	3.0656334132E-3
1.9364817522E-1	1.4502084796E+2	3.0886731866E-3
1.9674834681E-1	1.4647149117E+2	3.1116613440E-3
1.9987148058E-1	1.4789583491E+2	3.1345975014E-3
2.0301752435E-1	1.4929281079E+2	3.1574812755E-3
2.0618642554E-1	1.5066135211E+2	3.1803122838E-3
2.0937813120E-1	1.5200039494E+2	3.2030901448E-3
2.1259258799E-1	1.5330887923E+2	3.2258144779E-3
2.1582974219E-1	1.5458574996E+2	3.2484849032E-3
2.1908953970E-1	1.5582995827E+2	3.2711010421E-3
2.2237192605E-1	1.5704046268E+2	3.2936625164E-3
2.2567684639E-1	1.5821623031E+2	3.3161689492E-3
2.2900424548E-1	1.5935623810E+2	3.3386199643E-3
2.3235406772E-1	1.6045947409E+2	3.3610151867E-3
2.3572625713E-1	1.6152493868E+2	3.3833542419E-3
2.3912075735E-1	1.6255164597E+2	3.4056367567E-3
2.4253751167E-1	1.6353862503E+2	3.4278623588E-3
2.4597646298E-1	1.6448492130E+2	3.4500306767E-3
2.4943755380E-1	1.6538959787E+2	3.4721413399E-3
2.5292072631E-1	1.6625173693E+2	3.4941939790E-3
2.5642592230E-1	1.6707044106E+2	3.5161882254E-3
2.5995308318E-1	1.6784483467E+2	3.5381237115E-3
2.6350215001E-1	1.6857406538E+2	3.5600000709E-3
2.6707306349E-1	1.6925730542E+2	3.5818169379E-3
2.7066576394E-1	1.6989375303E+2	3.6035739479E-3
2.7428019131E-1	1.7048263384E+2	3.6252707373E-3
2.7791628522E-1	1.7102320230E+2	3.6469069436E-3
2.8157398488E-1	1.7151474307E+2	3.6684822051E-3
2.8525322919E-1	1.7195657238E+2	3.6899961614E-3
2.8895395665E-1	1.7234803944E+2	3.7114484529E-3
2.9267610542E-1	1.7268852781E+2	3.7328387211E-3
2.9641961330E-1	1.7297745672E+2	3.7541666086E-3
3.0018441773E-1	1.7321428243E+2	3.7754317588E-3
3.0397045579E-1	1.7339849954E+2	3.7966338166E-3
3.0777766421E-1	1.7352964228E+2	3.8177724274E-3
3.1160597938E-1	1.7360728577E+2	3.8388472382E-3
3.1545533730E-1	1.7363104727E+2	3.8598578967E-3
3.1932567367E-1	1.7360058739E+2	3.8808040517E-3
3.2321692379E-1	1.7351561121E+2	3.9016853533E-3
3.2712902264E-1	1.7337586948E+2	3.9225014525E-3
3.3106190484E-1	1.7318115968E+2	3.9432520014E-3
3.3501550468E-1	1.7293132706E+2	3.9639366533E-3
3.3898975607E-1	1.7262626565E+2	3.9845550624E-3
3.4298459261E-1	1.7226591922E+2	4.0051068843E-3
3.4699994753E-1	1.7185028216E+2	4.0255917754E-3
3.5103575373E-1	1.7137940032E+2	4.0460093936E-3
3.5509194378E-1	1.7085337182E+2	4.0663593974E-3
3.5916844988E-1	1.7027234775E+2	4.0866414469E-3
3.6326520391E-1	1.6963653282E+2	4.1068552032E-3
3.6738213741E-1	1.6894618599E+2	4.1270003283E-3
3.7151918157E-1	1.6820162092E+2	4.1470764858E-3
3.7567626728E-1	1.6740320647E+2	4.1670833400E-3
3.7985332504E-1	1.6655136708E+2	4.1870205567E-3
3.8405028507E-1	1.6564658302E+2	4.2068878026E-3
3.8826707721E-1	1.6468939060E+2	4.2266847457E-3
3.9250363101E-1	1.6368038238E+2	4.2464110553E-3
3.9675987567E-1	1.6262020710E+2	4.2660664016E-3
4.0103574005E-1	1.6150956973E+2	4.2856504563E-3
4.0533115271E-1	1.6034923131E+2	4.3051628919E-3
4.0964604185E-1	1.5914000870E+2	4.3246033825E-3
4.1398033538E-1	1.5788277432E+2	4.3439716031E-3
4.1833396086E-1	1.5657845570E+2	4.3632672302E-3
4.2270684554E-1	1.5522803502E+2	4.3824899412E-3
4.2709891633E-1	1.5383254847E+2	4.4016394148E-3
4.3151009985E-1	1.5239308558E+2	4.4207153312E-3
4.3594032237E-1	1.5091078844E+2	4.4397173715E-3
4.4038950986E-1	1.4938685078E+2	4.4586452181E-3
4.4485758797E-1	1.4782251700E+2	4.4774985548E-3
4.4934448203E-1	1.4621908111E+2	4.4962770664E-3
4.5385011706E-1	1.4457788549E+2	4.5149804392E-3
4.5837441776E-1	1.4290031963E+2	4.5336083606E-3
4.6291730852E-1	1.4118781879E+2	4.5521605193E-3
4.6747871344E-1	1.3944186245E+2	4.5706366053E-3
4.7205855627E-1	1.3766397281E+2	4.5890363098E-3
4.7665676049E-1	1.3585571306E+2	4.6073593254E-3
4.8127324926E-1	1.3401868567E+2	4.6256053458E-3
4.8590794542E-1	1.3215453049E+2	4.6437740661E-3
4.9056077152E-1	1.3026492287E+2	4.6618651826E-3
4.9523164982E-1	1.2835157157E+2	4.6798783932E-3
4.9992050224E-1	1.2641621668E+2	4.6978133967E-3
5.0462725044E-1	1.2446062743E+2	4.7156698934E-3
5.0935181576E-1	1.2248659992E+2	4.7334475849E-3
5.1409411924E-1	1.2049595472E+2	4.7511461741E-3
5.1885408164E-1	1.1849053453E+2	4.7687653653E-3
5.2363162341E-1	1.1647220163E+2	4.7863048641E-3
5.2842666471E-1	1.1444283536E+2	4.8037643772E-3
5.3323912540E-1	1.1240432948E+2	4.8211436130E-3
5.3806892508E-1	1.1035858952E+2	4.8384422809E-3
5.4291598301E-1	1.0830753007E+2	4.8556600920E-3
5.4778021821E-1	1.0625307198E+2	4.8727967585E-3
5.5266154939E-1	1.0419713957E+2	4.8898519940E-3
5.5755989496E-1	1.0214165779E+2	4.9068255135E-3
5.6247517308E-1	1.0008854934E+2	4.9237170334E-3
5.6740730160E-1	9.8039731757E+1	4.9405262713E-3
5.7235619810E-1	9.5997114525E+1	4.9572529464E-3
5.7732177988E-1	9.3962596110E+1	4.9738967791E-3
5.8230396395E-1	9.1938061033E+1	4.9904574913E-3
5.8730266706E-1	8.9925376926E+1	5.0069348063E-3
5.9231780568E-1	8.7926391593E+1	5.0233284486E-3
5.9734929598E-1	8.5942930078E+1	5.0396381444E-3
6.0239705389E-1	8.3976791763E+1	5.0558636210E-3
6.0746099506E-1	8.2029747473E+1	5.0720046074E-3
6.1254103485E-1	8.0103536627E+1	5.0880608338E-3
6.1763708838E-1	7.8199864412E+1	5.1040320318E-3
6.2274907048E-1	7.6320399012E+1	5.1199179345E-3
6.2787689573E-1	7.4466768877E+1	5.1357182766E-3
6.3302047843E-1	7.2640560056E+1	5.1514327939E-3
6.3817973262E-1	7.0843313588E+1	5.1670612238E-3
6.4335457209E-1	6.9076522962E+1	5.1826033052E-3
6.4854491036E-1	6.7341631655E+1	5.1980587783E-3
6.5375066070E-1	6.5640030749E+1	5.2134273849E-3
6.5897173609E-1	6.3973056638E+1	5.2287088681E-3
6.6420804930E-1	6.2341988821E+1	5.2439029725E-3
6.6945951283E-1	6.0748047808E+1	5.2590094442E-3
6.7472603890E-1	5.9192393114E+1	5.2740280309E-3
6.8000753951E-1	5.7676121376E+1	5.2889584814E-3
6.8530392640E-1	5.6200264580E+1	5.3038005463E-3
6.9061511106E-1	5.4765788407E+1	5.3185539776E-3
6.9594100473E-1	5.3373590703E+1	5.3332185287E-3
7.0128151841E-1	5.2024500084E+1	5.3477939546E-3
7.0663656285E-1	5.0719274666E+1	5.3622800116E-3
7.1200604856E-1	4.9458600941E+1	5.3766764577E-3
7.1738988581E-1	4.8243092782E+1	5.3909830523E-3
7.2278798463E-1	4.7073290602E+1	5.4051995564E-3
7.2820025482E-1	4.5949660656E+1	5.4193257323E-3
7.3362660591E-1	4.4872594486E+1	5.4333613439E-3
7.3906694724E-1	4.3842408528E+1	5.4473061568E-3
7.4452118788E-1	4.2859343862E+1	5.4611599379E-3
7.4998923669E-1	4.1923566123E+1	5.4749224557E-3
7.5547100229E-1	4.1035165556E+1	5.4885934801E-3
7.6096639308E-1	4.0194157246E+1	5.5021727828E-3
7.6647531721E-1	3.9400481478E+1	5.5156601367E-3
7.7199768263E-1	3.8654004277E+1	5.5290553166E-3
7.7753339704E-1	3.7954518084E+1	5.5423580985E-3
7.8308236795E-1	3.7301742600E+1	5.5555682601E-3
7.8864450262E-1	3.6695325765E+1	5.5686855808E-3
7.9421970809E-1	3.6134844908E+1	5.5817098412E-3
7.9980789121E-1	3.5619808025E+1	5.5946408237E-3
8.0540895857E-1	3.5149655215E+1	5.6074783123E-3
8.1102281659E-1	3.4723760253E+1	5.6202220924E-3
8.1664937145E-1	3.4341432300E+1	5.6328719509E-3
8.2228852912E-1	3.4001917748E+1	5.6454276767E-3
8.2794019536E-1	3.3704402200E+1	5.6578890597E-3
8.3360427572E-1	3.3448012566E+1	5.6702558918E-3
8.3928067556E-1	3.3231819287E+1	5.6825279663E-3
8.4496930000E-1	3.3054838669E+1	5.6947050782E-3
8.5067005399E-1	3.2916035330E+1	5.7067870238E-3
8.5638284226E-1	3.2814324746E+1	5.7187736014E-3
8.6210756934E-1	3.2748575893E+1	5.7306646105E-3
8.6784413956E-1	3.2717613988E+1	5.7424598526E-3
8.7359245705E-1	3.2720223298E+1	5.7541591304E-3
8.7935242576E-1	3.2755150040E+1	5.7657622485E-3
8.8512394943E-1	3.2821105339E+1	5.7772690129E-3
8.9090693161E-1	3.2916768251E+1	5.7886792314E-3
8.9670127565E-1	3.3040788839E+1	5.7999927133E-3
9.0250688473E-1	3.3191791295E+1	5.8112092696E-3
9.0832366182E-1	3.3368377100E+1	5.8223287127E-3
9.1415150972E-1	3.3569128205E+1	5.8333508568E-3
9.1999033104E-1	3.3792610247E+1	5.8442755178E-3
9.2584002820E-1	3.4037375768E+1	5.8551025132E-3
9.3170050345E-1	3.4301967437E+1	5.8658316618E-3
9.3757165885E-1	3.4584921277E+1	5.8764627846E-3
9.4345339628E-1	3.4884769871E+1	5.8869957037E-3
9.4934561746E-1	3.5200045552E+1	5.8974302433E-3
9.5524822392E-1	3.5529283561E+1	5.9077662288E-3
9.6116111701E-1	3.5871025176E+1	5.9180034877E-3
9.6708419793E-1	3.6223820785E+1	5.9281418487E-3
9.7301736769E-1	3.6586232916E+1	5.9381811425E-3
9.7896052713E-1	3.6956839203E+1	5.9481212013E-3
9.8491357695E-1	3.7334235285E+1	5.9579618591E-3
9.9087641766E-1	3.7717037628E+1	5.9677029512E-3
9.9684894961E-1	3.8103886272E+1	5.9773443150E-3
1.0028310730E+0	3.8493447482E+1	5.9868857894E-3
1.0088226878E+0	3.8884416310E+1	5.9963272149E-3
1.0148236940E+0	3.9275519052E+1	6.0056684336E-3
1.0208339913E+0	3.9665515603E+1	6.0149092896E-3
1.0268534791E+0	4.0053201695E+1	6.0240496283E-3
1.0328820570E+0	4.0437411022E+1	6.0330892971E-3
1.0389196241E+0	4.0817017240E+1	6.0420281448E-3
1.0449660796E+0	4.1190935845E+1	6.0508660221E-3
1.0510213224E+0	4.1558125918E+1	6.0596027814E-3
1.0570852514E+0	4.1917591736E+1	6.0682382765E-3
1.0631577652E+0	4.2268384249E+1	6.0767723631E-3
1.0692387623E+0	4.2609602415E+1	6.0852048988E-3
1.0753281411E+0	4.2940394401E+1	6.0935357425E-3
1.0814257998E+0	4.3259958626E+1	6.1017647550E-3
1.0875316366E+0	4.3567544677E+1	6.1098917988E-3
1.0936455494E+0	4.3862454067E+1	6.1179167381E-3
1.0997674360E+0	4.4144040853E+1	6.1258394388E-3
1.1058971941E+0	4.4411712108E+1	6.1336597685E-3
1.1120347214E+0	4.4664928246E+1	6.1413775965E-3
1.1181799151E+0	4.4903203203E+1	6.1489927938E-3
1.1243326727E+0	4.5126104474E+1	6.1565052331E-3
1.1304928913E+0	4.5333253014E+1	6.1639147890E-3
1.1366604679E+0	4.5524322993E+1	6.1712213376E-3
1.1428352996E+0	4.5699041416E+1	6.1784247568E-3
1.1490172830E+0	4.5857187616E+1	6.1855249261E-3
1.1552063150E+0	4.5998592604E+1	6.1925217271E-3
1.1614022920E+0	4.6123138304E+1	6.1994150427E-3
1.1676051105E+0	4.6230756662E+1	6.2062047577E-3
1.1738146669E+0	4.6321428631E+1	6.2128907587E-3
1.1800308574E+0	4.6395183051E+1	6.2194729339E-3
1.1862535782E+0	4.6452095415E+1	6.2259511734E-3
1.1924827251E+0	4.6492286536E+1	6.2323253688E-3
1.1987181942E+0	4.6515921107E+1	6.2385954138E-3
1.2049598812E+0	4.6523206180E+1	6.2447612034E-3
1.2112076818E+0	4.6514389555E+1	6.2508226346E-3
1.2174614916E+0	4.6489758083E+1	6.2567796062E-3
1.2237212062E+0	4.6449635903E+1	6.2626320186E-3
1.2299867208E+0	4.6394382610E+1	6.2683797740E-3
1.2362579308E+0	4.6324391355E+1	6.2740227763E-3
1.2425347314E+0	4.6240086905E+1	6.2795609313E-3
1.2488170177E+0	4.6141923641E+1	6.2849941464E-3
1.2551046847E+0	4.6030383524E+1	6.2903223308E-3
1.2613976273E+0	4.5905974021E+1	6.2955453954E-3
1.2676957404E+0	4.5769226015E+1	6.3006632530E-3
1.2739989187E+0	4.5620691677E+1	6.3056758180E-3
1.2803070569E+0	4.5460942344E+1	6.3105830068E-3
1.2866200496E+0	4.5290566373E+1	6.3153847371E-3
1.2929377912E+0	4.5110167005E+1	6.3200809290E-3
1.2992601762E+0	4.4920360230E+1	6.3246715037E-3
1.3055870990E+0	4.4721772668E+1	6.3291563847E-3
1.3119184537E+0	4.4515039465E+1	6.3335354970E-3
1.3182541347E+0	4.4300802213E+1	6.3378087674E-3
1.3245940360E+0	4.4079706906E+1	6.3419761245E-3
1.3309380516E+0	4.3852401922E+1	6.3460374987E-3
1.3372860756E+0	4.3619536054E+1	6.3499928220E-3
1.3436380019E+0	4.3381756589E+1	6.3538420284E-3
1.3499937243E+0	4.3139707424E+1	6.3575850535E-3
1.3563531366E+0	4.2894027257E+1	6.3612218349E-3
1.3627161325E+0	4.2645347826E+1	6.3647523117E-3
1.3690826057E+0	4.2394292209E+1	6.3681764249E-3
1.3754524499E+0	4.2141473207E+1	6.3714941173E-3
1.3818255585E+0	4.1887491781E+1	6.3747053335E-3
1.3882018250E+0	4.1632935578E+1	6.3778100198E-3
1.3945811430E+0	4.1378377521E+1	6.3808081243E-3
1.4009634057E+0	4.1124374492E+1	6.3836995970E-3
1.4073485066E+0	4.0871466088E+1	6.3864843894E-3
1.4137363389E+0	4.0620173462E+1	6.3891624551E-3
1.4201267959E+0	4.0370998258E+1	6.3917337493E-3
1.4265197708E+0	4.0124421616E+1	6.3941982290E-3
1.4329151568E+0	3.9880903288E+1	6.3965558531E-3
1.4393128469E+0	3.9640880818E+1	6.3988065821E-3
1.4457127343E+0	3.9404768829E+1	6.4009503785E-3
1.4521147120E+0	3.9172958392E+1	6.4029872063E-3
1.4585186731E+0	3.8945816479E+1	6.4049170317E-3
1.4649245104E+0	3.8723685516E+1	6.4067398222E-3
1.4713321170E+0	3.8506883009E+1	6.4084555476E-3
1.4777413858E+0	3.8295701268E+1	6.4100641790E-3
1.4841522097E+0	3.8090407208E+1	6.4115656896E-3
1.4905644815E+0	3.7891242237E+1	6.4129600544E-3
1.4969780940E+0	3.7698422222E+1	6.4142472499E-3
1.5033929402E+0	3.7512137539E+1	6.4154272548E-3
1.5098089128E+0	3.7332553195E+1	6.4165000493E-3
1.5162259046E+0	3.7159809026E+1	6.4174656154E-3
1.5226438083E+0	3.6994019971E+1	6.4183239370E-3
1.5290625167E+0	3.6835276404E+1	6.4190749998E-3
1.5354819225E+0	3.6683644545E+1	6.4197187912E-3
1.5419019185E+0	3.6539166927E+1	6.4202553005E-3
1.5483223974E+0	3.6401862919E+1	6.4206845187E-3
1.5547432518E+0	3.6271729315E+1	6.4210064386E-3
1.5611643745E+0	3.6148740964E+1	6.4212210549E-3
1.5675856581E+0	3.6032851461E+1	6.4213283639E-3
1.5740069954E+0	3.5923993874E+1	6.4213283639E-3
1.5804282791E+0	3.5822081518E+1	6.4212210549E-3
1.5868494018E+0	3.5727008764E+1	6.4210064386E-3
1.5932702562E+0	3.5638651886E+1	6.4206845187E-3
1.5996907351E+0	3.5556869937E+1	6.4202553005E-3
1.6061107310E+0	3.5481505649E+1	6.4197187912E-3
1.6125301369E+0	3.5412386363E+1	6.4190749998E-3
1.6189488453E+0	3.5349324970E+1	6.4183239370E-3
1.6253667490E+0	3.5292120878E+1	6.4174656154E-3
1.6317837408E+0	3.5240560981E+1	6.4165000493E-3
1.6381997134E+0	3.5194420645E+1	6.4154272548E-3
1.6446145595E+0	3.5153464694E+1	6.4142472499E-3
1.6510281721E+0	3.5117448403E+1	6.4129600544E-3
1.6574404439E+0	3.5086118485E+1	6.4115656896E-3
1.6638512678E+0	3.5059214076E+1	6.4100641790E-3
1.6702605366E+0	3.5036467713E+1	6.4084555476E-3
1.6766681432E+0	3.5017606303E+1	6.4067398222E-3
1.6830739805E+0	3.5002352073E+1	6.4049170317E-3
1.6894779416E+0	3.4990423512E+1	6.4029872063E-3
1.6958799193E+0	3.4981536292E+1	6.4009503785E-3
1.7022798067E+0	3.4975404164E+1	6.3988065821E-3
1.7086774968E+0	3.4971739837E+1	6.3965558531E-3
1.7150728827E+0	3.4970255831E+1	6.3941982290E-3
1.7214658576E+0	3.4970665301E+1	6.3917337493E-3
1.7278563146E+0	3.4972682835E+1	6.3891624551E-3
1.7342441470E+0	3.4976025220E+1	6.3864843894E-3
1.7406292478E+0	3.4980412176E+1	6.3836995970E-3
1.7470115106E+0	3.4985567062E+1	6.3808081243E-3
1.7533908286E+0	3.4991217537E+1	6.3778100198E-3
1.7597670951E+0	3.4997096203E+1	6.3747053335E-3
1.7661402037E+0	3.5002941194E+1	6.3714941173E-3
1.7725100479E+0	3.5008496741E+1	6.3681764249E-3
1.7788765211E+0	3.5013513697E+1	6.3647523117E-3
1.7852395170E+0	3.5017750020E+1	6.3612218349E-3
1.7915989293E+0	3.5020971225E+1	6.3575850535E-3
1.7979546517E+0	3.5022950791E+1	6.3538420284E-3
1.8043065780E+0	3.5023470543E+1	6.3499928220E-3
1.8106546020E+0	3.5022320976E+1	6.3460374987E-3
1.8169986176E+0	3.5019301566E+1	6.3419761245E-3
1.8233385189E+0	3.5014221022E+1	6.3378087674E-3
1.8296741999E+0	3.5006897516E+1	6.3335354970E-3
1.8360055546E+0	3.4997158873E+1	6.3291563847E-3
1.8423324774E+0	3.4984842722E+1	6.3246715037E-3
1.8486548624E+0	3.4969796621E+1	6.3200809290E-3
1.8549726040E+0	3.4951878140E+1	6.3153847371E-3
1.8612855967E+0	3.4930954917E+1	6.3105830068E-3
1.8675937349E+0	3.4906904682E+1	6.3056758180E-3
1.8738969132E+0	3.4879615248E+1	6.3006632530E-3
1.8801950263E+0	3.4848984476E+1	6.2955453954E-3
1.8864879689E+0	3.4814920209E+1	6.2903223308E-3
1.8927756359E+0	3.4777340184E+1	6.2849941464E-3
1.8990579222E+0	3.4736171915E+1	6.2795609313E-3
1.9053347228E+0	3.4691352549E+1	6.2740227763E-3
1.9116059328E+0	3.4642828711E+1	6.2683797740E-3
1.9178714474E+0	3.4590556314E+1	6.2626320186E-3
1.9241311620E+0	3.4534500355E+1	6.2567796062E-3
1.9303849718E+0	3.4474634699E+1	6.2508226346E-3
1.9366327724E+0	3.4410941831E+1	6.2447612034E-3
1.9428744594E+0	3.4343412611E+1	6.2385954138E-3
1.9491099285E+0	3.4272045997E+1	6.2323253688E-3
1.9553390754E+0	3.4196848769E+1	6.2259511734E-3
1.9615617961E+0	3.4117835234E+1	6.2194729339E-3
1.9677779867E+0	3.4035026922E+1	6.2128907587E-3
1.9739875431E+0	3.3948452276E+1	6.2062047577E-3
1.9801903616E+0	3.3858146336E+1	6.1994150427E-3
1.9863863386E+0	3.3764150409E+1	6.1925217271E-3
1.9925753706E+0	3.3666511743E+1	6.1855249261E-3
1.9987573540E+0	3.3565283191E+1	6.1784247568E-3
2.0049321857E+0	3.3460522882E+1	6.1712213376E-3
2.0110997623E+0	3.3352293875E+1	6.1639147890E-3
2.0172599809E+0	3.3240663831E+1	6.1565052331E-3
2.0234127385E+0	3.3125704672E+1	6.1489927938E-3
2.0295579322E+0	3.3007492249E+1	6.1413775965E-3
2.0356954595E+0	3.2886106008E+1	6.1336597685E-3
2.0418252176E+0	3.2761628669E+1	6.1258394388E-3
2.0479471042E+0	3.2634145896E+1	6.1179167381E-3
2.0540610170E+0	3.2503745984E+1	6.1098917988E-3
2.0601668538E+0	3.2370519545E+1	6.1017647550E-3
2.0662645125E+0	3.2234559207E+1	6.0935357425E-3
2.0723538913E+0	3.2095959314E+1	6.0852048988E-3
2.0784348884E+0	3.1954815637E+1	6.0767723631E-3
2.0845074022E+0	3.1811225094E+1	6.0682382765E-3
2.0905713312E+0	3.1665285479E+1	6.0596027814E-3
2.0966265740E+0	3.1517095199E+1	6.0508660221E-3
2.1026730295E+0	3.1366753022E+1	6.0420281448E-3
2.1087105966E+0	3.1214357835E+1	6.0330892971E-3
2.1147391745E+0	3.1060008410E+1	6.0240496283E-3
2.1207586623E+0	3.0903803187E+1	6.0149092896E-3
2.1267689596E+0	3.0745840058E+1	6.0056684336E-3
2.1327699657E+0	3.0586216173E+1	5.9963272149E-3
2.1387615806E+0	3.0425027747E+1	5.9868857894E-3
2.1447437040E+0	3.0262369886E+1	5.9773443150E-3
2.1507162359E+0	3.0098336418E+1	5.9677029512E-3
2.1566790766E+0	2.9933019739E+1	5.9579618591E-3
2.1626321265E+0	2.9766510669E+1	5.9481212013E-3
2.1685752859E+0	2.9598898316E+1	5.9381811425E-3
2.1745084557E+0	2.9430269961E+1	5.9281418487E-3
2.1804315366E+0	2.9260710935E+1	5.9180034877E-3
2.1863444297E+0	2.9090304527E+1	5.9077662288E-3
2.1922470361E+0	2.8919131890E+1	5.8974302433E-3
2.1981392573E+0	2.8747271958E+1	5.8869957037E-3
2.2040209947E+0	2.8574801377E+1	5.8764627846E-3
2.2098921501E+0	2.8401794443E+1	5.8658316618E-3
2.2157526254E+0	2.8228323050E+1	5.8551025132E-3
2.2216023226E+0	2.8054456644E+1	5.8442755178E-3
2.2274411439E+0	2.7880262194E+1	5.8333508568E-3
2.2332689918E+0	2.7705804157E+1	5.8223287127E-3
2.2390857689E+0	2.7531144469E+1	5.8112092696E-3
2.2448913779E+0	2.7356342529E+1	5.7999927133E-3
2.2506857220E+0	2.7181455192E+1	5.7886792314E-3
2.2564687042E+0	2.7006536783E+1	5.7772690129E-3
2.2622402278E+0	2.6831639096E+1	5.7657622485E-3
2.2680001965E+0	2.6656811417E+1	5.7541591304E-3
2.2737485140E+0	2.6482100543E+1	5.7424598526E-3
2.2794850843E+0	2.6307550812E+1	5.7306646105E-3
2.2852098113E+0	2.6133204133E+1	5.7187736014E-3
2.2909225996E+0	2.5959100025E+1	5.7067870238E-3
2.2966233536E+0	2.5785275659E+1	5.6947050782E-3
2.3023119780E+0	2.5611765904E+1	5.6825279663E-3
2.3079883779E+0	2.5438603375E+1	5.6702558918E-3
2.3136524582E+0	2.5265818488E+1	5.6578890597E-3
2.3193041245E+0	2.5093439516E+1	5.6454276767E-3
2.3249432821E+0	2.4921492644E+1	5.6328719509E-3
2.3305698370E+0	2.4750002038E+1	5.6202220924E-3
2.3361836950E+0	2.4578989899E+1	5.6074783123E-3
2.3417847624E+0	2.4408476534E+1	5.5946408237E-3
2.3473729455E+0	2.4238480424E+1	5.5817098412E-3
2.3529481510E+0	2.4069018284E+1	5.5686855808E-3
2.3585102856E+0	2.3900105140E+1	5.5555682601E-3
2.3640592565E+0	2.3731754396E+1	5.5423580985E-3
2.3695949710E+0	2.3563977900E+1	5.5290553166E-3
2.3751173364E+0	2.3396786020E+1	5.5156601367E-3
2.3806262605E+0	2.3230187713E+1	5.5021727828E-3
2.3861216513E+0	2.3064190591E+1	5.4885934801E-3
2.3916034169E+0	2.2898800997E+1	5.4749224557E-3
2.3970714657E+0	2.2734024068E+1	5.4611599379E-3
2.4025257064E+0	2.2569863811E+1	5.4473061568E-3
2.4079660477E+0	2.2406323163E+1	5.4333613439E-3
2.4133923988E+0	2.2243404062E+1	5.4193257323E-3
2.4188046690E+0	2.2081107513E+1	5.4051995564E-3
2.4242027678E+0	2.1919433649E+1	5.3909830523E-3
2.4295866050E+0	2.1758381798E+1	5.3766764577E-3
2.4349560907E+0	2.1597950541E+1	5.3622800116E-3
2.4403111352E+0	2.1438137774E+1	5.3477939546E-3
2.4456516489E+0	2.1278940765E+1	5.3332185287E-3
2.4509775425E+0	2.1120356210E+1	5.3185539776E-3
2.4562887272E+0	2.0962380291E+1	5.3038005463E-3
2.4615851141E+0	2.0805008724E+1	5.2889584814E-3
2.4668666147E+0	2.0648236813E+1	5.2740280309E-3
2.4721331408E+0	2.0492059499E+1	5.2590094442E-3
2.4773846043E+0	2.0336471406E+1	5.2439029725E-3
2.4826209175E+0	2.0181466887E+1	5.2287088681E-3
2.4878419929E+0	2.0027040066E+1	5.2134273849E-3
2.4930477432E+0	1.9873184880E+1	5.1980587783E-3
2.4982380815E+0	1.9719895120E+1	5.1826033052E-3
2.5034129210E+0	1.9567164462E+1	5.1670612238E-3
2.5085721752E+0	1.9414986511E+1	5.1514327939E-3
2.5137157579E+0	1.9263354826E+1	5.1357182766E-3
2.5188435831E+0	1.9112262958E+1	5.1199179345E-3
2.5239555652E+0	1.8961704474E+1	5.1040320318E-3
2.5290516187E+0	1.8811672987E+1	5.0880608338E-3
2.5341316585E+0	1.8662162185E+1	5.0720046074E-3
2.5391955997E+0	1.8513165846E+1	5.0558636210E-3
2.5442433576E+0	1.8364677871E+1	5.0396381444E-3
2.5492748479E+0	1.8216692295E+1	5.0233284486E-3
2.5542899865E+0	1.8069203312E+1	5.0069348063E-3
2.5592886896E+0	1.7922205290E+1	4.9904574913E-3
2.5642708737E+0	1.7775692785E+1	4.9738967791E-3
2.5692364555E+0	1.7629660557E+1	4.9572529464E-3
2.5741853520E+0	1.7484103584E+1	4.9405262713E-3
2.5791174805E+0	1.7339017068E+1	4.9237170334E-3
2.5840327586E+0	1.7194396451E+1	4.9068255135E-3
2.5889311042E+0	1.7050237419E+1	4.8898519940E-3
2.5938124354E+0	1.6906535910E+1	4.8727967585E-3
2.5986766706E+0	1.6763288123E+1	4.8556600920E-3
2.6035237285E+0	1.6620490519E+1	4.8384422809E-3
2.6083535282E+0	1.6478139827E+1	4.8211436130E-3
2.6131659889E+0	1.6336233047E+1	4.8037643772E-3
2.6179610302E+0	1.6194767452E+1	4.7863048641E-3
2.6227385719E+0	1.6053740586E+1	4.7687653653E-3
2.6274985343E+0	1.5913150269E+1	4.7511461741E-3
2.6322408378E+0	1.5772994592E+1	4.7334475849E-3
2.6369654032E+0	1.5633271918E+1	4.7156698934E-3
2.6416721513E+0	1.5493980880E+1	4.6978133967E-3
2.6463610038E+0	1.5355120375E+1	4.6798783932E-3
2.6510318821E+0	1.5216689565E+1	4.6618651826E-3
2.6556847082E+0	1.5078687872E+1	4.6437740661E-3
2.6603194043E+0	1.4941114971E+1	4.6256053458E-3
2.6649358931E+0	1.4803970786E+1	4.6073593254E-3
2.6695340973E+0	1.4667255487E+1	4.5890363098E-3
2.6741139402E+0	1.4530969484E+1	4.5706366053E-3
2.6786753451E+0	1.4395113417E+1	4.5521605193E-3
2.6832182358E+0	1.4259688153E+1	4.5336083606E-3
2.6877425365E+0	1.4124694780E+1	4.5149804392E-3
2.6922481716E+0	1.3990134599E+1	4.4962770664E-3
2.6967350656E+0	1.3856009115E+1	4.4774985548E-3
2.7012031437E+0	1.3722320035E+1	4.4586452181E-3
2.7056523312E+0	1.3589069255E+1	4.4397173715E-3
2.7100825537E+0	1.3456258856E+1	4.4207153312E-3
2.7144937373E+0	1.3323891095E+1	4.4016394148E-3
2.7188858081E+0	1.3191968398E+1	4.3824899412E-3
2.7232586927E+0	1.3060493354E+1	4.3632672302E-3
2.7276123182E+0	1.2929468705E+1	4.3439716031E-3
2.7319466117E+0	1.2798897339E+1	4.3246033825E-3
2.7362615009E+0	1.2668782284E+1	4.3051628919E-3
2.7405569135E+0	1.2539126697E+1	4.2856504563E-3
2.7448327779E+0	1.2409933861E+1	4.2660664016E-3
2.7490890226E+0	1.2281207176E+1	4.2464110553E-3
2.7533255764E+0	1.2152950150E+1	4.2266847457E-3
2.7575423685E+0	1.2025166394E+1	4.2068878026E-3
2.7617393285E+0	1.1897859614E+1	4.1870205567E-3
2.7659163863E+0	1.1771033606E+1	4.1670833400E-3
2.7700734720E+0	1.1644692246E+1	4.1470764858E-3
2.7742105162E+0	1.1518839487E+1	4.1270003283E-3
2.7783274497E+0	1.1393479349E+1	4.1068552032E-3
2.7824242037E+0	1.1268615916E+1	4.0866414469E-3
2.7865007098E+0	1.1144253329E+1	4.0663593974E-3
2.7905568999E+0	1.1020395779E+1	4.0460093936E-3
2.7945927061E+0	1.0897047501E+1	4.0255917754E-3
2.7986080610E+0	1.0774212773E+1	4.0051068843E-3
2.8026028975E+0	1.0651895905E+1	3.9845550624E-3
2.8065771489E+0	1.0530101236E+1	3.9639366533E-3
2.8105307487E+0	1.0408833130E+1	3.9432520014E-3
2.8144636309E+0	1.0288095970E+1	3.9225014525E-3
2.8183757298E+0	1.0167894156E+1	3.9016853533E-3
2.8222669799E+0	1.0048232095E+1	3.8808040517E-3
2.8261373163E+0	9.9291142035E+0	3.8598578967E-3
2.8299866742E+0	9.8105448997E+0	3.8388472382E-3
2.8338149894E+0	9.6925286000E+0	3.8177724274E-3
2.8376221978E+0	9.5750697164E+0	3.7966338166E-3
2.8414082359E+0	9.4581726521E+0	3.7754317588E-3
2.8451730403E+0	9.3418417990E+0	3.7541666086E-3
2.8489165482E+0	9.2260815341E+0	3.7328387211E-3
2.8526386969E+0	9.1108962170E+0	3.7114484529E-3
2.8563394244E+0	8.9962901868E+0	3.6899961614E-3
2.8600186687E+0	8.8822677596E+0	3.6684822051E-3
2.8636763684E+0	8.7688332263E+0	3.6469069436E-3
2.8673124623E+0	8.6559908498E+0	3.6252707373E-3
2.8709268897E+0	8.5437448636E+0	3.6035739479E-3
2.8745195901E+0	8.4320994693E+0	3.5818169379E-3
2.8780905036E+0	8.3210588349E+0	3.5600000709E-3
2.8816395704E+0	8.2106270930E+0	3.5381237115E-3
2.8851667313E+0	8.1008083395E+0	3.5161882254E-3
2.8886719273E+0	7.9916066319E+0	3.4941939790E-3
2.8921550998E+0	7.8830259880E+0	3.4721413399E-3
2.8956161906E+0	7.7750703848E+0	3.4500306767E-3
2.8990551419E+0	7.6677437575E+0	3.4278623588E-3
2.9024718962E+0	7.5610499980E+0	3.4056367567E-3
2.9058663965E+0	7.4549929548E+0	3.3833542419E-3
2.9092385859E+0	7.3495764315E+0	3.3610151867E-3
2.9125884081E+0	7.2448041864E+0	3.3386199643E-3
2.9159158072E+0	7.1406799322E+0	3.3161689492E-3
2.9192207275E+0	7.0372073347E+0	3.2936625164E-3
2.9225031139E+0	6.9343900132E+0	3.2711010421E-3
2.9257629114E+0	6.8322315396E+0	3.2484849032E-3
2.9290000656E+0	6.7307354382E+0	3.2258144779E-3
2.9322145224E+0	6.6299051858E+0	3.2030901448E-3
2.9354062280E+0	6.5297442111E+0	3.1803122838E-3
2.9385751292E+0	6.4302558947E+0	3.1574812755E-3
2.9417211730E+0	6.3314435693E+0	3.1345975014E-3
2.9448443068E+0	6.2333105196E+0	3.1116613440E-3
2.9479444784E+0	6.1358599820E+0	3.0886731866E-3
2.9510216360E+0	6.0390951454E+0	3.0656334132E-3
2.9540757281E+0	5.9430191507E+0	3.0425424091E-3
2.9571067038E+0	5.8476350913E+0	3.0194005599E-3
2.9601145124E+0	5.7529460133E+0	2.9962082525E-3
2.9630991036E+0	5.6589549157E+0	2.9729658744E-3
2.9660604276E+0	5.5656647509E+0	2.9496738141E-3
2.9689984348E+0	5.4730784245E+0	2.9263324607E-3
2.9719130762E+0	5.3811987962E+0	2.9029422044E-3
2.9748043031E+0	5.2900286799E+0	2.8795034361E-3
2.9776720671E+0	5.1995708442E+0	2.8560165473E-3
2.9805163203E+0	5.1098280128E+0	2.8324819307E-3
2.9833370151E+0	5.0208028646E+0	2.8088999795E-3
2.9861341046E+0	4.9324980348E+0	2.7852710878E-3
2.9889075418E+0	4.8449161147E+0	2.7615956505E-3
2.9916572805E+0	4.7580596524E+0	2.7378740632E-3
2.9943832747E+0	4.6719311537E+0	2.7141067224E-3
2.9970854788E+0	4.5865330819E+0	2.6902940251E-3
2.9997638477E+0	4.5018678586E+0	2.6664363695E-3
3.0024183367E+0	4.4179378644E+0	2.6425341541E-3
3.0050489013E+0	4.3347454391E+0	2.6185877784E-3
3.0076554977E+0	4.2522928822E+0	2.5945976426E-3
3.0102380822E+0	4.1705824538E+0	2.5705641475E-3
3.0127966116E+0	4.0896163746E+0	2.5464876949E-3
3.0153310434E+0	4.0093968269E+0	2.5223686871E-3
3.0178413350E+0	3.9299259546E+0	2.4982075270E-3
3.0203274445E+0	3.8512058643E+0	2.4740046186E-3
3.0227893304E+0	3.7732386251E+0	2.4497603662E-3
3.0252269516E+0	3.6960262700E+0	2.4254751751E-3
3.0276402673E+0	3.6195707954E+0	2.4011494510E-3
3.0300292371E+0	3.5438741624E+0	2.3767836004E-3
3.0323938212E+0	3.4689382971E+0	2.3523780306E-3
3.0347339801E+0	3.3947650906E+0	2.3279331494E-3
3.0370496746E+0	3.3213564004E+0	2.3034493653E-3
3.0393408660E+0	3.2487140499E+0	2.2789270875E-3
3.0416075160E+0	3.1768398296E+0	2.2543667257E-3
3.0438495869E+0	3.1057354973E+0	2.2297686905E-3
3.0460670410E+0	3.0354027784E+0	2.2051333928E-3
3.0482598414E+0	2.9658433667E+0	2.1804612443E-3
3.0504279513E+0	2.8970589248E+0	2.1557526574E-3
3.0525713347E+0	2.8290510840E+0	2.1310080450E-3
3.0546899556E+0	2.7618214456E+0	2.1062278206E-3
3.0567837786E+0	2.6953715806E+0	2.0814123983E-3
3.0588527688E+0	2.6297030307E+0	2.0565621928E-3
3.0608968915E+0	2.5648173080E+0	2.0316776194E-3
3.0629161127E+0	2.5007158964E+0	2.0067590939E-3
3.0649103985E+0	2.4374002508E+0	1.9818070327E-3
3.0668797157E+0	2.3748717988E+0	1.9568218529E-3
3.0688240313E+0	2.3131319398E+0	1.9318039720E-3
3.0707433129E+0	2.2521820465E+0	1.9067538080E-3
3.0726375283E+0	2.1920234645E+0	1.8816717796E-3
3.0745066460E+0	2.1326575130E+0	1.8565583060E-3
3.0763506346E+0	2.0740854851E+0	1.8314138067E-3
3.0781694634E+0	2.0163086481E+0	1.8062387021E-3
3.0799631019E+0	1.9593282441E+0	1.7810334128E-3
3.0817315203E+0	1.9031454899E+0	1.7557983600E-3
3.0834746889E+0	1.8477615776E+0	1.7305339655E-3
3.0851925786E+0	1.7931776752E+0	1.7052406515E-3
3.0868851607E+0	1.7393949261E+0	1.6799188405E-3
3.0885524069E+0	1.6864144503E+0	1.6545689559E-3
3.0901942894E+0	1.6342373443E+0	1.6291914212E-3
3.0918107807E+0	1.5828646814E+0	1.6037866605E-3
3.0934018538E+0	1.5322975119E+0	1.5783550984E-3
3.0949674821E+0	1.4825368636E+0	1.5528971598E-3
3.0965076394E+0	1.4335837422E+0	1.5274132703E-3
3.0980223001E+0	1.3854391312E+0	1.5019038556E-3
3.0995114388E+0	1.3381039922E+0	1.4763693421E-3
3.1009750306E+0	1.2915792657E+0	1.4508101565E-3
3.1024130510E+0	1.2458658707E+0	1.4252267258E-3
3.1038254761E+0	1.2009647054E+0	1.3996194778E-3
3.1052122822E+0	1.1568766471E+0	1.3739888402E-3
3.1065734461E+0	1.1136025528E+0	1.3483352414E-3
3.1079089451E+0	1.0711432592E+0	1.3226591101E-3
3.1092187570E+0	1.0294995832E+0	1.2969608754E-3
3.1105028597E+0	9.8867232158E-1	1.2712409668E-3
3.1117612318E+0	9.4866225195E-1	1.2454998140E-3
3.1129938524E+0	9.0947013242E-1	1.2197378472E-3
3.1142007007E+0	8.7109670206E-1	1.1939554970E-3
3.1153817567E+0	8.3354268105E-1	1.1681531941E-3
3.1165370006E+0	7.9680877088E-1	1.1423313699E-3
3.1176664131E+0	7.6089565461E-1	1.1164904558E-3
3.1187699753E+0	7.2580399699E-1	1.0906308836E-3
3.1198476688E+0	6.9153444470E-1	1.0647530855E-3
3.1208994755E+0	6.5808762655E-1	1.0388574939E-3
3.1219253780E+0	6.2546415361E-1	1.0129445417E-3
3.1229253590E+0	5.9366461944E-1	9.8701466182E-4
3.1238994018E+0	5.6268960026E-1	9.6106828758E-4
3.1248474902E+0	5.3253965508E-1	9.3510585261E-4
3.1257696083E+0	5.0321532591E-1	9.0912779076E-4
3.1266657407E+0	4.7471713793E-1	8.8313453619E-4
3.1275358724E+0	4.4704559959E-1	8.5712652325E-4
3.1283799890E+0	4.2020120283E-1	8.3110418659E-4
3.1291980762E+0	3.9418442317E-1	8.0506796108E-4
3.1299901204E+0	3.6899571991E-1	7.7901828182E-4
3.1307561084E+0	3.4463553623E-1	7.5295558414E-4
3.1314960274E+0	3.2110429934E-1	7.2688030358E-4
3.1322098650E+0	2.9840242063E-1	7.0079287589E-4
3.1328976092E+0	2.7653029576E-1	6.7469373705E-4
3.1335592487E+0	2.5548830481E-1	6.4858332323E-4
3.1341947723E+0	2.3527681239E-1	6.2246207073E-4
3.1348041694E+0	2.1589616776E-1	5.9633041614E-4
3.1353874298E+0	1.9734670493E-1	5.7018879612E-4
3.1359445438E+0	1.7962874278E-1	5.4403764760E-4
3.1364755020E+0	1.6274258514E-1	5.1787740760E-4
3.1369802957E+0	1.4668852092E-1	4.9170851331E-4
3.1374589163E+0	1.3146682415E-1	4.6553140213E-4
3.1379113559E+0	1.1707775412E-1	4.3934651156E-4
3.1383376069E+0	1.0352155545E-1	4.1315427928E-4
3.1387376622E+0	9.0798458122E-2	3.8695514312E-4
3.1391115150E+0	7.8908677628E-2	3.6074954110E-4
3.1394591592E+0	6.7852414979E-2	3.3453791144E-4
3.1397805890E+0	5.7629856793E-2	3.0832069259E-4
3.1400757989E+0	4.8241175340E-2	2.8209832342E-4
3.1403447841E+0	3.9686528594E-2	2.5587124334E-4
3.1405875400E+0	3.1966060254E-2	2.2963989267E-4
3.1408040626E+0	2.5079899761E-2	2.0340471372E-4
3.1409943483E+0	1.9028162245E-2	1.7716615272E-4
3.1411583939E+0	1.3810948373E-2	1.5092466531E-4
3.1412961968E+0	9.4283438704E-3	1.2468073282E-4
3.1414077547E+0	5.8804180310E-3	9.8434919423E-5
3.1414930663E+0	3.1672180054E-3	7.2188137769E-5
3.1415521316E+0	1.2887380574E-3	4.5943520243E-5
3.1415849628E+0	2.4459235469E-4	1.9736940383E-5