# Differential cross section		
# Author: P. Swaczyna	Princeton University	(swaczyna@princeton.edu)
# Date: 	Fri 4 Dec 2020 10:39:31	
# 		
# Elastic collision: He^0 + He^0 -> He^0 + He^0		
# 		
# Red. mass: 	1.8642000787E+9	 eV/c^2
# CM energy: 	5.6234132519E-2	 eV
# Rel speed: 	2.3285707604E+5	 cm/s
# Tot sigma: 	1.3657772366E+2	 a.u.
# Int sigma: 	1.3657772366E+2	 a.u.
# 		
# Columns:		
# the <- scattering angle (rad)		
# dcs <- dsigma/dOmega*2*pi*sin(the) (a.u. = 2.8002852056E-17 cm^2)		
# wei <- weight for cross section integration (approx. width of angle bin)		
# 		
# the	dcs	wei
7.6907532846E-6	9.6910694915E-2	1.9736940383E-5
4.0521979771E-5	5.1061482996E-1	4.5943520243E-5
9.9587300392E-5	1.2548921919E+0	7.2188137769E-5
1.8489884726E-4	2.3298917749E+0	9.8434919423E-5
2.9645680168E-4	3.7356049654E+0	1.2468073282E-4
4.3425968311E-4	5.4719894226E+0	1.5092466531E-4
5.9830531657E-4	7.5389737249E+0	1.7716615272E-4
7.8859101285E-4	9.9364503283E+0	2.0340471372E-4
1.0051136166E-3	1.2664265091E+1	2.2963989267E-4
1.2478695220E-3	1.5722204632E+1	2.5587124334E-4
1.5168546797E-3	1.9109981817E+1	2.8209832342E-4
1.8120645986E-3	2.2827219448E+1	3.0832069259E-4
2.1334943481E-3	2.6873432209E+1	3.3453791144E-4
2.4811385584E-3	3.1248006876E+1	3.6074954110E-4
2.8549914211E-3	3.5950180832E+1	3.8695514312E-4
3.2550466893E-3	4.0979018894E+1	4.1315427928E-4
3.6812976783E-3	4.6333388499E+1	4.3934651156E-4
4.1337372652E-3	5.2011933262E+1	4.6553140213E-4
4.6123578895E-3	5.8013044970E+1	4.9170851331E-4
5.1171515529E-3	6.4334834043E+1	5.1787740760E-4
5.6481098199E-3	7.0975098524E+1	5.4403764760E-4
6.2052238176E-3	7.7931291666E+1	5.7018879612E-4
6.7884842360E-3	8.5200488184E+1	5.9633041614E-4
7.3978813281E-3	9.2779349272E+1	6.2246207073E-4
8.0334049101E-3	1.0066408646E+2	6.4858332323E-4
8.6950443616E-3	1.0885042447E+2	6.7469373705E-4
9.3827886258E-3	1.1733356309E+2	7.0079287589E-4
1.0096626210E-2	1.2610813840E+2	7.2688030358E-4
1.0836545184E-2	1.3516818325E+2	7.5295558414E-4
1.1602533184E-2	1.4450708741E+2	7.7901828182E-4
1.2394577408E-2	1.5411755739E+2	8.0506796108E-4
1.3212664621E-2	1.6399157630E+2	8.3110418659E-4
1.4056781152E-2	1.7412036379E+2	8.5712652325E-4
1.4926912893E-2	1.8449433655E+2	8.8313453619E-4
1.5823045305E-2	1.9510306939E+2	9.0912779076E-4
1.6745163410E-2	2.0593525743E+2	9.3510585261E-4
1.7693251801E-2	2.1697867948E+2	9.6106828758E-4
1.8667294632E-2	2.2822016310E+2	9.8701466182E-4
1.9667275626E-2	2.3964555168E+2	1.0129445417E-3
2.0693178073E-2	2.5123967376E+2	1.0388574939E-3
2.1744984827E-2	2.6298631523E+2	1.0647530855E-3
2.2822678313E-2	2.7486819454E+2	1.0906308836E-3
2.3926240519E-2	2.8686694163E+2	1.1164904558E-3
2.5055653005E-2	2.9896308072E+2	1.1423313699E-3
2.6210896896E-2	3.1113601772E+2	1.1681531941E-3
2.7391952886E-2	3.2336403253E+2	1.1939554970E-3
2.8598801239E-2	3.3562427673E+2	1.2197378472E-3
2.9831421786E-2	3.4789277725E+2	1.2454998140E-3
3.1089793929E-2	3.6014444642E+2	1.2712409668E-3
3.2373896638E-2	3.7235309887E+2	1.2969608754E-3
3.3683708455E-2	3.8449147586E+2	1.3226591101E-3
3.5019207490E-2	3.9653127744E+2	1.3483352414E-3
3.6380371427E-2	4.0844320291E+2	1.3739888402E-3
3.7767177517E-2	4.2019700005E+2	1.3996194778E-3
3.9179602586E-2	4.3176152349E+2	1.4252267258E-3
4.0617623030E-2	4.4310480266E+2	1.4508101565E-3
4.2081214817E-2	4.5419411959E+2	1.4763693421E-3
4.3570353490E-2	4.6499609693E+2	1.5019038556E-3
4.5085014162E-2	4.7547679636E+2	1.5274132703E-3
4.6625171522E-2	4.8560182763E+2	1.5528971598E-3
4.8190799831E-2	4.9533646834E+2	1.5783550984E-3
4.9781872927E-2	5.0464579439E+2	1.6037866605E-3
5.1398364219E-2	5.1349482123E+2	1.6291914212E-3
5.3040246694E-2	5.2184865558E+2	1.6545689559E-3
5.4707492914E-2	5.2967265746E+2	1.6799188405E-3
5.6400075017E-2	5.3693261224E+2	1.7052406515E-3
5.8117964718E-2	5.4359491205E+2	1.7305339655E-3
5.9861133308E-2	5.4962674615E+2	1.7557983600E-3
6.1629551657E-2	5.5499629939E+2	1.7810334128E-3
6.3423190212E-2	5.5967295798E+2	1.8062387021E-3
6.5242019000E-2	5.6362752151E+2	1.8314138067E-3
6.7086007624E-2	5.6683242019E+2	1.8565583060E-3
6.8955125270E-2	5.6926193582E+2	1.8816717796E-3
7.0849340702E-2	5.7089242532E+2	1.9067538080E-3
7.2768622264E-2	5.7170254498E+2	1.9318039720E-3
7.4712937885E-2	5.7167347395E+2	1.9568218529E-3
7.6682255070E-2	5.7078913501E+2	1.9818070327E-3
7.8676540910E-2	5.6903641058E+2	2.0067590939E-3
8.0695762079E-2	5.6640535211E+2	2.0316776194E-3
8.2739884832E-2	5.6288938037E+2	2.0565621928E-3
8.4808875009E-2	5.5848547458E+2	2.0814123983E-3
8.6902698034E-2	5.5319434793E+2	2.1062278206E-3
8.9021318917E-2	5.4702060708E+2	2.1310080450E-3
9.1164702253E-2	5.3997289319E+2	2.1557526574E-3
9.3332812224E-2	5.3206400211E+2	2.1804612443E-3
9.5525612596E-2	5.2331098119E+2	2.2051333928E-3
9.7743066726E-2	5.1373520040E+2	2.2297686905E-3
9.9985137556E-2	5.0336239545E+2	2.2543667257E-3
1.0225178762E-1	4.9222268074E+2	2.2789270875E-3
1.0454297904E-1	4.8035053007E+2	2.3034493653E-3
1.0685867352E-1	4.6778472335E+2	2.3279331494E-3
1.0919883237E-1	4.5456825755E+2	2.3523780306E-3
1.1156341648E-1	4.4074822068E+2	2.3767836004E-3
1.1395238633E-1	4.2637562766E+2	2.4011494510E-3
1.1636570200E-1	4.1150521735E+2	2.4254751751E-3
1.1880332317E-1	3.9619521042E+2	2.4497603662E-3
1.2126520909E-1	3.8050702806E+2	2.4740046186E-3
1.2375131862E-1	3.6450497213E+2	2.4982075270E-3
1.2626161023E-1	3.4825586749E+2	2.5223686871E-3
1.2879604195E-1	3.3182866820E+2	2.5464876949E-3
1.3135457143E-1	3.1529402922E+2	2.5705641475E-3
1.3393715592E-1	2.9872384639E+2	2.5945976426E-3
1.3654375226E-1	2.8219076737E+2	2.6185877784E-3
1.3917431689E-1	2.6576767720E+2	2.6425341541E-3
1.4182880585E-1	2.4952716239E+2	2.6664363695E-3
1.4450717478E-1	2.3354095810E+2	2.6902940251E-3
1.4720937892E-1	2.1787938334E+2	2.7141067224E-3
1.4993537310E-1	2.0261076956E+2	2.7378740632E-3
1.5268511179E-1	1.8780088845E+2	2.7615956505E-3
1.5545854902E-1	1.7351238512E+2	2.7852710878E-3
1.5825563845E-1	1.5980422291E+2	2.8088999795E-3
1.6107633333E-1	1.4673114669E+2	2.8324819307E-3
1.6392058653E-1	1.3434317109E+2	2.8560165473E-3
1.6678835052E-1	1.2268510069E+2	2.8795034361E-3
1.6967957737E-1	1.1179608873E+2	2.9029422044E-3
1.7259421876E-1	1.0170924100E+2	2.9263324607E-3
1.7553222599E-1	9.2451271179E+1	2.9496738141E-3
1.7849354996E-1	8.4042213616E+1	2.9729658744E-3
1.8147814117E-1	7.6495198975E+1	2.9962082525E-3
1.8448594977E-1	6.9816297708E+1	3.0194005599E-3
1.8751692548E-1	6.4004435556E+1	3.0425424091E-3
1.9057101764E-1	5.9051384488E+1	3.0656334132E-3
1.9364817522E-1	5.4941831675E+1	3.0886731866E-3
1.9674834681E-1	5.1653528054E+1	3.1116613440E-3
1.9987148058E-1	4.9157517051E+1	3.1345975014E-3
2.0301752435E-1	4.7418442903E+1	3.1574812755E-3
2.0618642554E-1	4.6394936870E+1	3.1803122838E-3
2.0937813120E-1	4.6040078469E+1	3.2030901448E-3
2.1259258799E-1	4.6301927636E+1	3.2258144779E-3
2.1582974219E-1	4.7124122568E+1	3.2484849032E-3
2.1908953970E-1	4.8446536828E+1	3.2711010421E-3
2.2237192605E-1	5.0205988193E+1	3.2936625164E-3
2.2567684639E-1	5.2336990705E+1	3.3161689492E-3
2.2900424548E-1	5.4772540437E+1	3.3386199643E-3
2.3235406772E-1	5.7444924679E+1	3.3610151867E-3
2.3572625713E-1	6.0286543571E+1	3.3833542419E-3
2.3912075735E-1	6.3230732681E+1	3.4056367567E-3
2.4253751167E-1	6.6212574689E+1	3.4278623588E-3
2.4597646298E-1	6.9169688179E+1	3.4500306767E-3
2.4943755380E-1	7.2042981573E+1	3.4721413399E-3
2.5292072631E-1	7.4777360517E+1	3.4941939790E-3
2.5642592230E-1	7.7322377478E+1	3.5161882254E-3
2.5995308318E-1	7.9632812998E+1	3.5381237115E-3
2.6350215001E-1	8.1669178951E+1	3.5600000709E-3
2.6707306349E-1	8.3398135235E+1	3.5818169379E-3
2.7066576394E-1	8.4792812617E+1	3.6035739479E-3
2.7428019131E-1	8.5833035910E+1	3.6252707373E-3
2.7791628522E-1	8.6505443256E+1	3.6469069436E-3
2.8157398488E-1	8.6803499036E+1	3.6684822051E-3
2.8525322919E-1	8.6727399721E+1	3.6899961614E-3
2.8895395665E-1	8.6283873888E+1	3.7114484529E-3
2.9267610542E-1	8.5485879515E+1	3.7328387211E-3
2.9641961330E-1	8.4352203565E+1	3.7541666086E-3
3.0018441773E-1	8.2906970714E+1	3.7754317588E-3
3.0397045579E-1	8.1179069799E+1	3.7966338166E-3
3.0777766421E-1	7.9201508228E+1	3.8177724274E-3
3.1160597938E-1	7.7010705968E+1	3.8388472382E-3
3.1545533730E-1	7.4645742035E+1	3.8598578967E-3
3.1932567367E-1	7.2147567371E+1	3.8808040517E-3
3.2321692379E-1	6.9558198736E+1	3.9016853533E-3
3.2712902264E-1	6.6919908726E+1	3.9225014525E-3
3.3106190484E-1	6.4274427136E+1	3.9432520014E-3
3.3501550468E-1	6.1662168748E+1	3.9639366533E-3
3.3898975607E-1	5.9121502142E+1	3.9845550624E-3
3.4298459261E-1	5.6688073320E+1	4.0051068843E-3
3.4699994753E-1	5.4394196855E+1	4.0255917754E-3
3.5103575373E-1	5.2268325878E+1	4.0460093936E-3
3.5509194378E-1	5.0334610607E+1	4.0663593974E-3
3.5916844988E-1	4.8612553233E+1	4.0866414469E-3
3.6326520391E-1	4.7116764960E+1	4.1068552032E-3
3.6738213741E-1	4.5856828807E+1	4.1270003283E-3
3.7151918157E-1	4.4837269472E+1	4.1470764858E-3
3.7567626728E-1	4.4057629302E+1	4.1670833400E-3
3.7985332504E-1	4.3512647045E+1	4.1870205567E-3
3.8405028507E-1	4.3192533877E+1	4.2068878026E-3
3.8826707721E-1	4.3083339044E+1	4.2266847457E-3
3.9250363101E-1	4.3167395559E+1	4.2464110553E-3
3.9675987567E-1	4.3423834645E+1	4.2660664016E-3
4.0103574005E-1	4.3829156184E+1	4.2856504563E-3
4.0533115271E-1	4.4357841277E+1	4.3051628919E-3
4.0964604185E-1	4.4982992209E+1	4.3246033825E-3
4.1398033538E-1	4.5676984638E+1	4.3439716031E-3
4.1833396086E-1	4.6412116760E+1	4.3632672302E-3
4.2270684554E-1	4.7161240453E+1	4.3824899412E-3
4.2709891633E-1	4.7898360042E+1	4.4016394148E-3
4.3151009985E-1	4.8599185354E+1	4.4207153312E-3
4.3594032237E-1	4.9241626993E+1	4.4397173715E-3
4.4038950986E-1	4.9806223401E+1	4.4586452181E-3
4.4485758797E-1	5.0276491113E+1	4.4774985548E-3
4.4934448203E-1	5.0639191660E+1	4.4962770664E-3
4.5385011706E-1	5.0884510758E+1	4.5149804392E-3
4.5837441776E-1	5.1006147726E+1	4.5336083606E-3
4.6291730852E-1	5.1001315357E+1	4.5521605193E-3
4.6747871344E-1	5.0870652739E+1	4.5706366053E-3
4.7205855627E-1	5.0618055713E+1	4.5890363098E-3
4.7665676049E-1	5.0250431663E+1	4.6073593254E-3
4.8127324926E-1	4.9777387128E+1	4.6256053458E-3
4.8590794542E-1	4.9210858330E+1	4.6437740661E-3
4.9056077152E-1	4.8564695916E+1	4.6618651826E-3
4.9523164982E-1	4.7854216195E+1	4.6798783932E-3
4.9992050224E-1	4.7095731712E+1	4.6978133967E-3
5.0462725044E-1	4.6306074233E+1	4.7156698934E-3
5.0935181576E-1	4.5502123083E+1	4.7334475849E-3
5.1409411924E-1	4.4700351280E+1	4.7511461741E-3
5.1885408164E-1	4.3916401094E+1	4.7687653653E-3
5.2363162341E-1	4.3164699508E+1	4.7863048641E-3
5.2842666471E-1	4.2458122696E+1	4.8037643772E-3
5.3323912540E-1	4.1807716951E+1	4.8211436130E-3
5.3806892508E-1	4.1222481768E+1	4.8384422809E-3
5.4291598301E-1	4.0709218796E+1	4.8556600920E-3
5.4778021821E-1	4.0272448474E+1	4.8727967585E-3
5.5266154939E-1	3.9914394113E+1	4.8898519940E-3
5.5755989496E-1	3.9635031335E+1	4.9068255135E-3
5.6247517308E-1	3.9432198924E+1	4.9237170334E-3
5.6740730160E-1	3.9301765531E+1	4.9405262713E-3
5.7235619810E-1	3.9237845225E+1	4.9572529464E-3
5.7732177988E-1	3.9233053716E+1	4.9738967791E-3
5.8230396395E-1	3.9278796147E+1	4.9904574913E-3
5.8730266706E-1	3.9365576767E+1	5.0069348063E-3
5.9231780568E-1	3.9483320476E+1	5.0233284486E-3
5.9734929598E-1	3.9621696267E+1	5.0396381444E-3
6.0239705389E-1	3.9770432881E+1	5.0558636210E-3
6.0746099506E-1	3.9919617604E+1	5.0720046074E-3
6.1254103485E-1	4.0059969981E+1	5.0880608338E-3
6.1763708838E-1	4.0183083314E+1	5.1040320318E-3
6.2274907048E-1	4.0281628049E+1	5.1199179345E-3
6.2787689573E-1	4.0349512582E+1	5.1357182766E-3
6.3302047843E-1	4.0381998493E+1	5.1514327939E-3
6.3817973262E-1	4.0375768737E+1	5.1670612238E-3
6.4335457209E-1	4.0328948867E+1	5.1826033052E-3
6.4854491036E-1	4.0241082796E+1	5.1980587783E-3
6.5375066070E-1	4.0113065991E+1	5.2134273849E-3
6.5897173609E-1	3.9947040186E+1	5.2287088681E-3
6.6420804930E-1	3.9746254751E+1	5.2439029725E-3
6.6945951283E-1	3.9514900687E+1	5.2590094442E-3
6.7472603890E-1	3.9257923819E+1	5.2740280309E-3
6.8000753951E-1	3.8980824130E+1	5.2889584814E-3
6.8530392640E-1	3.8689448325E+1	5.3038005463E-3
6.9061511106E-1	3.8389782585E+1	5.3185539776E-3
6.9594100473E-1	3.8087752161E+1	5.3332185287E-3
7.0128151841E-1	3.7789033925E+1	5.3477939546E-3
7.0663656285E-1	3.7498887282E+1	5.3622800116E-3
7.1200604856E-1	3.7222007978E+1	5.3766764577E-3
7.1738988581E-1	3.6962408401E+1	5.3909830523E-3
7.2278798463E-1	3.6723326891E+1	5.4051995564E-3
7.2820025482E-1	3.6507167510E+1	5.4193257323E-3
7.3362660591E-1	3.6315470645E+1	5.4333613439E-3
7.3906694724E-1	3.6148913761E+1	5.4473061568E-3
7.4452118788E-1	3.6007340650E+1	5.4611599379E-3
7.4998923669E-1	3.5889816661E+1	5.4749224557E-3
7.5547100229E-1	3.5794706641E+1	5.4885934801E-3
7.6096639308E-1	3.5719771715E+1	5.5021727828E-3
7.6647531721E-1	3.5662280624E+1	5.5156601367E-3
7.7199768263E-1	3.5619131026E+1	5.5290553166E-3
7.7753339704E-1	3.5586976113E+1	5.5423580985E-3
7.8308236795E-1	3.5562351940E+1	5.5555682601E-3
7.8864450262E-1	3.5541801084E+1	5.5686855808E-3
7.9421970809E-1	3.5521988624E+1	5.5817098412E-3
7.9980789121E-1	3.5499806912E+1	5.5946408237E-3
8.0540895857E-1	3.5472466196E+1	5.6074783123E-3
8.1102281659E-1	3.5437568779E+1	5.6202220924E-3
8.1664937145E-1	3.5393165145E+1	5.6328719509E-3
8.2228852912E-1	3.5337791165E+1	5.6454276767E-3
8.2794019536E-1	3.5270486215E+1	5.6578890597E-3
8.3360427572E-1	3.5190792722E+1	5.6702558918E-3
8.3928067556E-1	3.5098738282E+1	5.6825279663E-3
8.4496930000E-1	3.4994802016E+1	5.6947050782E-3
8.5067005399E-1	3.4879867318E+1	5.7067870238E-3
8.5638284226E-1	3.4755163489E+1	5.7187736014E-3
8.6210756934E-1	3.4622198996E+1	5.7306646105E-3
8.6784413956E-1	3.4482689242E+1	5.7424598526E-3
8.7359245705E-1	3.4338481729E+1	5.7541591304E-3
8.7935242576E-1	3.4191481461E+1	5.7657622485E-3
8.8512394943E-1	3.4043579193E+1	5.7772690129E-3
8.9090693161E-1	3.3896584932E+1	5.7886792314E-3
8.9670127565E-1	3.3752168703E+1	5.7999927133E-3
9.0250688473E-1	3.3611810256E+1	5.8112092696E-3
9.0832366182E-1	3.3476758926E+1	5.8223287127E-3
9.1415150972E-1	3.3348004434E+1	5.8333508568E-3
9.1999033104E-1	3.3226258974E+1	5.8442755178E-3
9.2584002820E-1	3.3111950475E+1	5.8551025132E-3
9.3170050345E-1	3.3005226569E+1	5.8658316618E-3
9.3757165885E-1	3.2905968393E+1	5.8764627846E-3
9.4345339628E-1	3.2813813079E+1	5.8869957037E-3
9.4934561746E-1	3.2728183536E+1	5.8974302433E-3
9.5524822392E-1	3.2648323950E+1	5.9077662288E-3
9.6116111701E-1	3.2573339313E+1	5.9180034877E-3
9.6708419793E-1	3.2502237279E+1	5.9281418487E-3
9.7301736769E-1	3.2433970652E+1	5.9381811425E-3
9.7896052713E-1	3.2367478903E+1	5.9481212013E-3
9.8491357695E-1	3.2301727268E+1	5.9579618591E-3
9.9087641766E-1	3.2235742155E+1	5.9677029512E-3
9.9684894961E-1	3.2168641810E+1	5.9773443150E-3
1.0028310730E+0	3.2099661453E+1	5.9868857894E-3
1.0088226878E+0	3.2028172338E+1	5.9963272149E-3
1.0148236940E+0	3.1953694455E+1	6.0056684336E-3
1.0208339913E+0	3.1875902872E+1	6.0149092896E-3
1.0268534791E+0	3.1794627909E+1	6.0240496283E-3
1.0328820570E+0	3.1709849595E+1	6.0330892971E-3
1.0389196241E+0	3.1621687016E+1	6.0420281448E-3
1.0449660796E+0	3.1530383311E+1	6.0508660221E-3
1.0510213224E+0	3.1436287196E+1	6.0596027814E-3
1.0570852514E+0	3.1339831945E+1	6.0682382765E-3
1.0631577652E+0	3.1241512802E+1	6.0767723631E-3
1.0692387623E+0	3.1141863776E+1	6.0852048988E-3
1.0753281411E+0	3.1041434724E+1	6.0935357425E-3
1.0814257998E+0	3.0940769569E+1	6.1017647550E-3
1.0875316366E+0	3.0840386361E+1	6.1098917988E-3
1.0936455494E+0	3.0740759815E+1	6.1179167381E-3
1.0997674360E+0	3.0642306768E+1	6.1258394388E-3
1.1058971941E+0	3.0545374899E+1	6.1336597685E-3
1.1120347214E+0	3.0450234880E+1	6.1413775965E-3
1.1181799151E+0	3.0357075997E+1	6.1489927938E-3
1.1243326727E+0	3.0266005142E+1	6.1565052331E-3
1.1304928913E+0	3.0177048955E+1	6.1639147890E-3
1.1366604679E+0	3.0090158805E+1	6.1712213376E-3
1.1428352996E+0	3.0005218196E+1	6.1784247568E-3
1.1490172830E+0	2.9922052133E+1	6.1855249261E-3
1.1552063150E+0	2.9840437965E+1	6.1925217271E-3
1.1614022920E+0	2.9760117154E+1	6.1994150427E-3
1.1676051105E+0	2.9680807485E+1	6.2062047577E-3
1.1738146669E+0	2.9602215207E+1	6.2128907587E-3
1.1800308574E+0	2.9524046654E+1	6.2194729339E-3
1.1862535782E+0	2.9446018967E+1	6.2259511734E-3
1.1924827251E+0	2.9367869561E+1	6.2323253688E-3
1.1987181942E+0	2.9289364100E+1	6.2385954138E-3
1.2049598812E+0	2.9210302787E+1	6.2447612034E-3
1.2112076818E+0	2.9130524870E+1	6.2508226346E-3
1.2174614916E+0	2.9049911339E+1	6.2567796062E-3
1.2237212062E+0	2.8968385849E+1	6.2626320186E-3
1.2299867208E+0	2.8885913987E+1	6.2683797740E-3
1.2362579308E+0	2.8802501035E+1	6.2740227763E-3
1.2425347314E+0	2.8718188434E+1	6.2795609313E-3
1.2488170177E+0	2.8633049195E+1	6.2849941464E-3
1.2551046847E+0	2.8547182506E+1	6.2903223308E-3
1.2613976273E+0	2.8460707801E+1	6.2955453954E-3
1.2676957404E+0	2.8373758569E+1	6.3006632530E-3
1.2739989187E+0	2.8286476139E+1	6.3056758180E-3
1.2803070569E+0	2.8199003689E+1	6.3105830068E-3
1.2866200496E+0	2.8111480684E+1	6.3153847371E-3
1.2929377912E+0	2.8024037902E+1	6.3200809290E-3
1.2992601762E+0	2.7936793200E+1	6.3246715037E-3
1.3055870990E+0	2.7849848117E+1	6.3291563847E-3
1.3119184537E+0	2.7763285352E+1	6.3335354970E-3
1.3182541347E+0	2.7677167165E+1	6.3378087674E-3
1.3245940360E+0	2.7591534660E+1	6.3419761245E-3
1.3309380516E+0	2.7506407917E+1	6.3460374987E-3
1.3372860756E+0	2.7421786895E+1	6.3499928220E-3
1.3436380019E+0	2.7337652993E+1	6.3538420284E-3
1.3499937243E+0	2.7253971182E+1	6.3575850535E-3
1.3563531366E+0	2.7170692553E+1	6.3612218349E-3
1.3627161325E+0	2.7087757168E+1	6.3647523117E-3
1.3690826057E+0	2.7005097082E+1	6.3681764249E-3
1.3754524499E+0	2.6922639394E+1	6.3714941173E-3
1.3818255585E+0	2.6840309237E+1	6.3747053335E-3
1.3882018250E+0	2.6758032579E+1	6.3778100198E-3
1.3945811430E+0	2.6675738757E+1	6.3808081243E-3
1.4009634057E+0	2.6593362679E+1	6.3836995970E-3
1.4073485066E+0	2.6510846631E+1	6.3864843894E-3
1.4137363389E+0	2.6428141664E+1	6.3891624551E-3
1.4201267959E+0	2.6345208545E+1	6.3917337493E-3
1.4265197708E+0	2.6262018272E+1	6.3941982290E-3
1.4329151568E+0	2.6178552180E+1	6.3965558531E-3
1.4393128469E+0	2.6094801659E+1	6.3988065821E-3
1.4457127343E+0	2.6010767535E+1	6.4009503785E-3
1.4521147120E+0	2.5926459169E+1	6.4029872063E-3
1.4585186731E+0	2.5841893325E+1	6.4049170317E-3
1.4649245104E+0	2.5757092868E+1	6.4067398222E-3
1.4713321170E+0	2.5672085367E+1	6.4084555476E-3
1.4777413858E+0	2.5586901642E+1	6.4100641790E-3
1.4841522097E+0	2.5501574331E+1	6.4115656896E-3
1.4905644815E+0	2.5416136513E+1	6.4129600544E-3
1.4969780940E+0	2.5330620448E+1	6.4142472499E-3
1.5033929402E+0	2.5245056447E+1	6.4154272548E-3
1.5098089128E+0	2.5159471918E+1	6.4165000493E-3
1.5162259046E+0	2.5073890607E+1	6.4174656154E-3
1.5226438083E+0	2.4988332026E+1	6.4183239370E-3
1.5290625167E+0	2.4902811094E+1	6.4190749998E-3
1.5354819225E+0	2.4817337968E+1	6.4197187912E-3
1.5419019185E+0	2.4731918059E+1	6.4202553005E-3
1.5483223974E+0	2.4646552220E+1	6.4206845187E-3
1.5547432518E+0	2.4561237075E+1	6.4210064386E-3
1.5611643745E+0	2.4475965465E+1	6.4212210549E-3
1.5675856581E+0	2.4390727000E+1	6.4213283639E-3
1.5740069954E+0	2.4305508660E+1	6.4213283639E-3
1.5804282791E+0	2.4220295452E+1	6.4212210549E-3
1.5868494018E+0	2.4135071061E+1	6.4210064386E-3
1.5932702562E+0	2.4049818506E+1	6.4206845187E-3
1.5996907351E+0	2.3964520752E+1	6.4202553005E-3
1.6061107310E+0	2.3879161270E+1	6.4197187912E-3
1.6125301369E+0	2.3793724537E+1	6.4190749998E-3
1.6189488453E+0	2.3708196452E+1	6.4183239370E-3
1.6253667490E+0	2.3622564671E+1	6.4174656154E-3
1.6317837408E+0	2.3536818849E+1	6.4165000493E-3
1.6381997134E+0	2.3450950798E+1	6.4154272548E-3
1.6446145595E+0	2.3364954559E+1	6.4142472499E-3
1.6510281721E+0	2.3278826388E+1	6.4129600544E-3
1.6574404439E+0	2.3192564675E+1	6.4115656896E-3
1.6638512678E+0	2.3106169801E+1	6.4100641790E-3
1.6702605366E+0	2.3019643937E+1	6.4084555476E-3
1.6766681432E+0	2.2932990811E+1	6.4067398222E-3
1.6830739805E+0	2.2846215437E+1	6.4049170317E-3
1.6894779416E+0	2.2759323835E+1	6.4029872063E-3
1.6958799193E+0	2.2672322742E+1	6.4009503785E-3
1.7022798067E+0	2.2585219329E+1	6.3988065821E-3
1.7086774968E+0	2.2498020927E+1	6.3965558531E-3
1.7150728827E+0	2.2410734782E+1	6.3941982290E-3
1.7214658576E+0	2.2323367832E+1	6.3917337493E-3
1.7278563146E+0	2.2235926515E+1	6.3891624551E-3
1.7342441470E+0	2.2148416622E+1	6.3864843894E-3
1.7406292478E+0	2.2060843175E+1	6.3836995970E-3
1.7470115106E+0	2.1973210350E+1	6.3808081243E-3
1.7533908286E+0	2.1885521436E+1	6.3778100198E-3
1.7597670951E+0	2.1797778823E+1	6.3747053335E-3
1.7661402037E+0	2.1709984030E+1	6.3714941173E-3
1.7725100479E+0	2.1622137752E+1	6.3681764249E-3
1.7788765211E+0	2.1534239932E+1	6.3647523117E-3
1.7852395170E+0	2.1446289857E+1	6.3612218349E-3
1.7915989293E+0	2.1358286264E+1	6.3575850535E-3
1.7979546517E+0	2.1270227450E+1	6.3538420284E-3
1.8043065780E+0	2.1182111393E+1	6.3499928220E-3
1.8106546020E+0	2.1093935876E+1	6.3460374987E-3
1.8169986176E+0	2.1005698595E+1	6.3419761245E-3
1.8233385189E+0	2.0917397272E+1	6.3378087674E-3
1.8296741999E+0	2.0829029754E+1	6.3335354970E-3
1.8360055546E+0	2.0740594100E+1	6.3291563847E-3
1.8423324774E+0	2.0652088650E+1	6.3246715037E-3
1.8486548624E+0	2.0563512092E+1	6.3200809290E-3
1.8549726040E+0	2.0474863499E+1	6.3153847371E-3
1.8612855967E+0	2.0386142363E+1	6.3105830068E-3
1.8675937349E+0	2.0297348606E+1	6.3056758180E-3
1.8738969132E+0	2.0208482585E+1	6.3006632530E-3
1.8801950263E+0	2.0119545079E+1	6.2955453954E-3
1.8864879689E+0	2.0030537271E+1	6.2903223308E-3
1.8927756359E+0	1.9941460713E+1	6.2849941464E-3
1.8990579222E+0	1.9852317291E+1	6.2795609313E-3
1.9053347228E+0	1.9763109183E+1	6.2740227763E-3
1.9116059328E+0	1.9673838810E+1	6.2683797740E-3
1.9178714474E+0	1.9584508793E+1	6.2626320186E-3
1.9241311620E+0	1.9495121895E+1	6.2567796062E-3
1.9303849718E+0	1.9405680985E+1	6.2508226346E-3
1.9366327724E+0	1.9316188982E+1	6.2447612034E-3
1.9428744594E+0	1.9226648825E+1	6.2385954138E-3
1.9491099285E+0	1.9137063425E+1	6.2323253688E-3
1.9553390754E+0	1.9047435642E+1	6.2259511734E-3
1.9615617961E+0	1.8957768255E+1	6.2194729339E-3
1.9677779867E+0	1.8868063939E+1	6.2128907587E-3
1.9739875431E+0	1.8778325257E+1	6.2062047577E-3
1.9801903616E+0	1.8688554641E+1	6.1994150427E-3
1.9863863386E+0	1.8598754397E+1	6.1925217271E-3
1.9925753706E+0	1.8508926699E+1	6.1855249261E-3
1.9987573540E+0	1.8419073597E+1	6.1784247568E-3
2.0049321857E+0	1.8329197023E+1	6.1712213376E-3
2.0110997623E+0	1.8239298806E+1	6.1639147890E-3
2.0172599809E+0	1.8149380682E+1	6.1565052331E-3
2.0234127385E+0	1.8059444312E+1	6.1489927938E-3
2.0295579322E+0	1.7969491299E+1	6.1413775965E-3
2.0356954595E+0	1.7879523203E+1	6.1336597685E-3
2.0418252176E+0	1.7789541559E+1	6.1258394388E-3
2.0479471042E+0	1.7699547896E+1	6.1179167381E-3
2.0540610170E+0	1.7609543748E+1	6.1098917988E-3
2.0601668538E+0	1.7519530675E+1	6.1017647550E-3
2.0662645125E+0	1.7429510269E+1	6.0935357425E-3
2.0723538913E+0	1.7339484169E+1	6.0852048988E-3
2.0784348884E+0	1.7249454073E+1	6.0767723631E-3
2.0845074022E+0	1.7159421738E+1	6.0682382765E-3
2.0905713312E+0	1.7069388992E+1	6.0596027814E-3
2.0966265740E+0	1.6979357736E+1	6.0508660221E-3
2.1026730295E+0	1.6889329943E+1	6.0420281448E-3
2.1087105966E+0	1.6799307662E+1	6.0330892971E-3
2.1147391745E+0	1.6709293015E+1	6.0240496283E-3
2.1207586623E+0	1.6619288191E+1	6.0149092896E-3
2.1267689596E+0	1.6529295448E+1	6.0056684336E-3
2.1327699657E+0	1.6439317103E+1	5.9963272149E-3
2.1387615806E+0	1.6349355529E+1	5.9868857894E-3
2.1447437040E+0	1.6259413149E+1	5.9773443150E-3
2.1507162359E+0	1.6169492425E+1	5.9677029512E-3
2.1566790766E+0	1.6079595859E+1	5.9579618591E-3
2.1626321265E+0	1.5989725979E+1	5.9481212013E-3
2.1685752859E+0	1.5899885338E+1	5.9381811425E-3
2.1745084557E+0	1.5810076503E+1	5.9281418487E-3
2.1804315366E+0	1.5720302055E+1	5.9180034877E-3
2.1863444297E+0	1.5630564577E+1	5.9077662288E-3
2.1922470361E+0	1.5540866657E+1	5.8974302433E-3
2.1981392573E+0	1.5451210877E+1	5.8869957037E-3
2.2040209947E+0	1.5361599816E+1	5.8764627846E-3
2.2098921501E+0	1.5272036044E+1	5.8658316618E-3
2.2157526254E+0	1.5182522118E+1	5.8551025132E-3
2.2216023226E+0	1.5093060586E+1	5.8442755178E-3
2.2274411439E+0	1.5003653984E+1	5.8333508568E-3
2.2332689918E+0	1.4914304833E+1	5.8223287127E-3
2.2390857689E+0	1.4825015645E+1	5.8112092696E-3
2.2448913779E+0	1.4735788917E+1	5.7999927133E-3
2.2506857220E+0	1.4646627138E+1	5.7886792314E-3
2.2564687042E+0	1.4557532786E+1	5.7772690129E-3
2.2622402278E+0	1.4468508333E+1	5.7657622485E-3
2.2680001965E+0	1.4379556243E+1	5.7541591304E-3
2.2737485140E+0	1.4290678975E+1	5.7424598526E-3
2.2794850843E+0	1.4201878987E+1	5.7306646105E-3
2.2852098113E+0	1.4113158735E+1	5.7187736014E-3
2.2909225996E+0	1.4024520673E+1	5.7067870238E-3
2.2966233536E+0	1.3935967261E+1	5.6947050782E-3
2.3023119780E+0	1.3847500957E+1	5.6825279663E-3
2.3079883779E+0	1.3759124229E+1	5.6702558918E-3
2.3136524582E+0	1.3670839546E+1	5.6578890597E-3
2.3193041245E+0	1.3582649385E+1	5.6454276767E-3
2.3249432821E+0	1.3494556231E+1	5.6328719509E-3
2.3305698370E+0	1.3406562575E+1	5.6202220924E-3
2.3361836950E+0	1.3318670917E+1	5.6074783123E-3
2.3417847624E+0	1.3230883764E+1	5.5946408237E-3
2.3473729455E+0	1.3143203634E+1	5.5817098412E-3
2.3529481510E+0	1.3055633049E+1	5.5686855808E-3
2.3585102856E+0	1.2968174541E+1	5.5555682601E-3
2.3640592565E+0	1.2880830650E+1	5.5423580985E-3
2.3695949710E+0	1.2793603921E+1	5.5290553166E-3
2.3751173364E+0	1.2706496905E+1	5.5156601367E-3
2.3806262605E+0	1.2619512159E+1	5.5021727828E-3
2.3861216513E+0	1.2532652244E+1	5.4885934801E-3
2.3916034169E+0	1.2445919725E+1	5.4749224557E-3
2.3970714657E+0	1.2359317169E+1	5.4611599379E-3
2.4025257064E+0	1.2272847144E+1	5.4473061568E-3
2.4079660477E+0	1.2186512221E+1	5.4333613439E-3
2.4133923988E+0	1.2100314968E+1	5.4193257323E-3
2.4188046690E+0	1.2014257954E+1	5.4051995564E-3
2.4242027678E+0	1.1928343745E+1	5.3909830523E-3
2.4295866050E+0	1.1842574904E+1	5.3766764577E-3
2.4349560907E+0	1.1756953992E+1	5.3622800116E-3
2.4403111352E+0	1.1671483564E+1	5.3477939546E-3
2.4456516489E+0	1.1586166171E+1	5.3332185287E-3
2.4509775425E+0	1.1501004359E+1	5.3185539776E-3
2.4562887272E+0	1.1416000668E+1	5.3038005463E-3
2.4615851141E+0	1.1331157631E+1	5.2889584814E-3
2.4668666147E+0	1.1246477776E+1	5.2740280309E-3
2.4721331408E+0	1.1161963622E+1	5.2590094442E-3
2.4773846043E+0	1.1077617683E+1	5.2439029725E-3
2.4826209175E+0	1.0993442463E+1	5.2287088681E-3
2.4878419929E+0	1.0909440460E+1	5.2134273849E-3
2.4930477432E+0	1.0825614165E+1	5.1980587783E-3
2.4982380815E+0	1.0741966060E+1	5.1826033052E-3
2.5034129210E+0	1.0658498619E+1	5.1670612238E-3
2.5085721752E+0	1.0575214307E+1	5.1514327939E-3
2.5137157579E+0	1.0492115583E+1	5.1357182766E-3
2.5188435831E+0	1.0409204897E+1	5.1199179345E-3
2.5239555652E+0	1.0326484688E+1	5.1040320318E-3
2.5290516187E+0	1.0243957391E+1	5.0880608338E-3
2.5341316585E+0	1.0161625429E+1	5.0720046074E-3
2.5391955997E+0	1.0079491218E+1	5.0558636210E-3
2.5442433576E+0	9.9975571661E+0	5.0396381444E-3
2.5492748479E+0	9.9158256709E+0	5.0233284486E-3
2.5542899865E+0	9.8342991223E+0	5.0069348063E-3
2.5592886896E+0	9.7529799015E+0	4.9904574913E-3
2.5642708737E+0	9.6718703804E+0	4.9738967791E-3
2.5692364555E+0	9.5909729225E+0	4.9572529464E-3
2.5741853520E+0	9.5102898818E+0	4.9405262713E-3
2.5791174805E+0	9.4298236034E+0	4.9237170334E-3
2.5840327586E+0	9.3495764234E+0	4.9068255135E-3
2.5889311042E+0	9.2695506685E+0	4.8898519940E-3
2.5938124354E+0	9.1897486560E+0	4.8727967585E-3
2.5986766706E+0	9.1101726940E+0	4.8556600920E-3
2.6035237285E+0	9.0308250809E+0	4.8384422809E-3
2.6083535282E+0	8.9517081056E+0	4.8211436130E-3
2.6131659889E+0	8.8728240471E+0	4.8037643772E-3
2.6179610302E+0	8.7941751746E+0	4.7863048641E-3
2.6227385719E+0	8.7157637474E+0	4.7687653653E-3
2.6274985343E+0	8.6375920146E+0	4.7511461741E-3
2.6322408378E+0	8.5596622150E+0	4.7334475849E-3
2.6369654032E+0	8.4819765769E+0	4.7156698934E-3
2.6416721513E+0	8.4045373182E+0	4.6978133967E-3
2.6463610038E+0	8.3273466460E+0	4.6798783932E-3
2.6510318821E+0	8.2504067566E+0	4.6618651826E-3
2.6556847082E+0	8.1737198352E+0	4.6437740661E-3
2.6603194043E+0	8.0972880557E+0	4.6256053458E-3
2.6649358931E+0	8.0211135809E+0	4.6073593254E-3
2.6695340973E+0	7.9451985618E+0	4.5890363098E-3
2.6741139402E+0	7.8695451381E+0	4.5706366053E-3
2.6786753451E+0	7.7941554374E+0	4.5521605193E-3
2.6832182358E+0	7.7190315756E+0	4.5336083606E-3
2.6877425365E+0	7.6441756564E+0	4.5149804392E-3
2.6922481716E+0	7.5695897714E+0	4.4962770664E-3
2.6967350656E+0	7.4952759999E+0	4.4774985548E-3
2.7012031437E+0	7.4212364087E+0	4.4586452181E-3
2.7056523312E+0	7.3474730522E+0	4.4397173715E-3
2.7100825537E+0	7.2739879723E+0	4.4207153312E-3
2.7144937373E+0	7.2007831979E+0	4.4016394148E-3
2.7188858081E+0	7.1278607454E+0	4.3824899412E-3
2.7232586927E+0	7.0552226183E+0	4.3632672302E-3
2.7276123182E+0	6.9828708071E+0	4.3439716031E-3
2.7319466117E+0	6.9108072894E+0	4.3246033825E-3
2.7362615009E+0	6.8390340298E+0	4.3051628919E-3
2.7405569135E+0	6.7675529798E+0	4.2856504563E-3
2.7448327779E+0	6.6963660777E+0	4.2660664016E-3
2.7490890226E+0	6.6254752487E+0	4.2464110553E-3
2.7533255764E+0	6.5548824046E+0	4.2266847457E-3
2.7575423685E+0	6.4845894442E+0	4.2068878026E-3
2.7617393285E+0	6.4145982527E+0	4.1870205567E-3
2.7659163863E+0	6.3449107023E+0	4.1670833400E-3
2.7700734720E+0	6.2755286514E+0	4.1470764858E-3
2.7742105162E+0	6.2064539453E+0	4.1270003283E-3
2.7783274497E+0	6.1376884157E+0	4.1068552032E-3
2.7824242037E+0	6.0692338808E+0	4.0866414469E-3
2.7865007098E+0	6.0010921455E+0	4.0663593974E-3
2.7905568999E+0	5.9332650009E+0	4.0460093936E-3
2.7945927061E+0	5.8657542246E+0	4.0255917754E-3
2.7986080610E+0	5.7985615808E+0	4.0051068843E-3
2.8026028975E+0	5.7316888198E+0	3.9845550624E-3
2.8065771489E+0	5.6651376784E+0	3.9639366533E-3
2.8105307487E+0	5.5989098799E+0	3.9432520014E-3
2.8144636309E+0	5.5330071337E+0	3.9225014525E-3
2.8183757298E+0	5.4674311356E+0	3.9016853533E-3
2.8222669799E+0	5.4021835678E+0	3.8808040517E-3
2.8261373163E+0	5.3372660987E+0	3.8598578967E-3
2.8299866742E+0	5.2726803830E+0	3.8388472382E-3
2.8338149894E+0	5.2084280619E+0	3.8177724274E-3
2.8376221978E+0	5.1445107627E+0	3.7966338166E-3
2.8414082359E+0	5.0809300990E+0	3.7754317588E-3
2.8451730403E+0	5.0176876707E+0	3.7541666086E-3
2.8489165482E+0	4.9547850641E+0	3.7328387211E-3
2.8526386969E+0	4.8922238517E+0	3.7114484529E-3
2.8563394244E+0	4.8300055926E+0	3.6899961614E-3
2.8600186687E+0	4.7681318317E+0	3.6684822051E-3
2.8636763684E+0	4.7066041009E+0	3.6469069436E-3
2.8673124623E+0	4.6454239178E+0	3.6252707373E-3
2.8709268897E+0	4.5845927870E+0	3.6035739479E-3
2.8745195901E+0	4.5241121990E+0	3.5818169379E-3
2.8780905036E+0	4.4639836309E+0	3.5600000709E-3
2.8816395704E+0	4.4042085464E+0	3.5381237115E-3
2.8851667313E+0	4.3447883952E+0	3.5161882254E-3
2.8886719273E+0	4.2857246140E+0	3.4941939790E-3
2.8921550998E+0	4.2270186257E+0	3.4721413399E-3
2.8956161906E+0	4.1686718396E+0	3.4500306767E-3
2.8990551419E+0	4.1106856519E+0	3.4278623588E-3
2.9024718962E+0	4.0530614450E+0	3.4056367567E-3
2.9058663965E+0	3.9958005882E+0	3.3833542419E-3
2.9092385859E+0	3.9389044372E+0	3.3610151867E-3
2.9125884081E+0	3.8823743345E+0	3.3386199643E-3
2.9159158072E+0	3.8262116091E+0	3.3161689492E-3
2.9192207275E+0	3.7704175769E+0	3.2936625164E-3
2.9225031139E+0	3.7149935406E+0	3.2711010421E-3
2.9257629114E+0	3.6599407894E+0	3.2484849032E-3
2.9290000656E+0	3.6052605996E+0	3.2258144779E-3
2.9322145224E+0	3.5509542342E+0	3.2030901448E-3
2.9354062280E+0	3.4970229431E+0	3.1803122838E-3
2.9385751292E+0	3.4434679633E+0	3.1574812755E-3
2.9417211730E+0	3.3902905184E+0	3.1345975014E-3
2.9448443068E+0	3.3374918194E+0	3.1116613440E-3
2.9479444784E+0	3.2850730642E+0	3.0886731866E-3
2.9510216360E+0	3.2330354377E+0	3.0656334132E-3
2.9540757281E+0	3.1813801121E+0	3.0425424091E-3
2.9571067038E+0	3.1301082468E+0	3.0194005599E-3
2.9601145124E+0	3.0792209883E+0	2.9962082525E-3
2.9630991036E+0	3.0287194704E+0	2.9729658744E-3
2.9660604276E+0	2.9786048143E+0	2.9496738141E-3
2.9689984348E+0	2.9288781286E+0	2.9263324607E-3
2.9719130762E+0	2.8795405093E+0	2.9029422044E-3
2.9748043031E+0	2.8305930399E+0	2.8795034361E-3
2.9776720671E+0	2.7820367914E+0	2.8560165473E-3
2.9805163203E+0	2.7338728223E+0	2.8324819307E-3
2.9833370151E+0	2.6861021790E+0	2.8088999795E-3
2.9861341046E+0	2.6387258953E+0	2.7852710878E-3
2.9889075418E+0	2.5917449930E+0	2.7615956505E-3
2.9916572805E+0	2.5451604817E+0	2.7378740632E-3
2.9943832747E+0	2.4989733586E+0	2.7141067224E-3
2.9970854788E+0	2.4531846091E+0	2.6902940251E-3
2.9997638477E+0	2.4077952064E+0	2.6664363695E-3
3.0024183367E+0	2.3628061120E+0	2.6425341541E-3
3.0050489013E+0	2.3182182751E+0	2.6185877784E-3
3.0076554977E+0	2.2740326335E+0	2.5945976426E-3
3.0102380822E+0	2.2302501128E+0	2.5705641475E-3
3.0127966116E+0	2.1868716273E+0	2.5464876949E-3
3.0153310434E+0	2.1438980792E+0	2.5223686871E-3
3.0178413350E+0	2.1013303593E+0	2.4982075270E-3
3.0203274445E+0	2.0591693471E+0	2.4740046186E-3
3.0227893304E+0	2.0174159102E+0	2.4497603662E-3
3.0252269516E+0	1.9760709050E+0	2.4254751751E-3
3.0276402673E+0	1.9351351765E+0	2.4011494510E-3
3.0300292371E+0	1.8946095584E+0	2.3767836004E-3
3.0323938212E+0	1.8544948732E+0	2.3523780306E-3
3.0347339801E+0	1.8147919323E+0	2.3279331494E-3
3.0370496746E+0	1.7755015357E+0	2.3034493653E-3
3.0393408660E+0	1.7366244727E+0	2.2789270875E-3
3.0416075160E+0	1.6981615214E+0	2.2543667257E-3
3.0438495869E+0	1.6601134489E+0	2.2297686905E-3
3.0460670410E+0	1.6224810118E+0	2.2051333928E-3
3.0482598414E+0	1.5852649555E+0	2.1804612443E-3
3.0504279513E+0	1.5484660150E+0	2.1557526574E-3
3.0525713347E+0	1.5120849142E+0	2.1310080450E-3
3.0546899556E+0	1.4761223668E+0	2.1062278206E-3
3.0567837786E+0	1.4405790758E+0	2.0814123983E-3
3.0588527688E+0	1.4054557335E+0	2.0565621928E-3
3.0608968915E+0	1.3707530222E+0	2.0316776194E-3
3.0629161127E+0	1.3364716135E+0	2.0067590939E-3
3.0649103985E+0	1.3026121688E+0	1.9818070327E-3
3.0668797157E+0	1.2691753391E+0	1.9568218529E-3
3.0688240313E+0	1.2361617656E+0	1.9318039720E-3
3.0707433129E+0	1.2035720790E+0	1.9067538080E-3
3.0726375283E+0	1.1714069000E+0	1.8816717796E-3
3.0745066460E+0	1.1396668395E+0	1.8565583060E-3
3.0763506346E+0	1.1083524982E+0	1.8314138067E-3
3.0781694634E+0	1.0774644671E+0	1.8062387021E-3
3.0799631019E+0	1.0470033273E+0	1.7810334128E-3
3.0817315203E+0	1.0169696501E+0	1.7557983600E-3
3.0834746889E+0	9.8736399726E-1	1.7305339655E-3
3.0851925786E+0	9.5818692062E-1	1.7052406515E-3
3.0868851607E+0	9.2943896262E-1	1.6799188405E-3
3.0885524069E+0	9.0112065612E-1	1.6545689559E-3
3.0901942894E+0	8.7323252447E-1	1.6291914212E-3
3.0918107807E+0	8.4577508164E-1	1.6037866605E-3
3.0934018538E+0	8.1874883219E-1	1.5783550984E-3
3.0949674821E+0	7.9215427140E-1	1.5528971598E-3
3.0965076394E+0	7.6599188528E-1	1.5274132703E-3
3.0980223001E+0	7.4026215063E-1	1.5019038556E-3
3.0995114388E+0	7.1496553509E-1	1.4763693421E-3
3.1009750306E+0	6.9010249724E-1	1.4508101565E-3
3.1024130510E+0	6.6567348656E-1	1.4252267258E-3
3.1038254761E+0	6.4167894359E-1	1.3996194778E-3
3.1052122822E+0	6.1811929988E-1	1.3739888402E-3
3.1065734461E+0	5.9499497811E-1	1.3483352414E-3
3.1079089451E+0	5.7230639213E-1	1.3226591101E-3
3.1092187570E+0	5.5005394696E-1	1.2969608754E-3
3.1105028597E+0	5.2823803890E-1	1.2712409668E-3
3.1117612318E+0	5.0685905555E-1	1.2454998140E-3
3.1129938524E+0	4.8591737584E-1	1.2197378472E-3
3.1142007007E+0	4.6541337012E-1	1.1939554970E-3
3.1153817567E+0	4.4534740016E-1	1.1681531941E-3
3.1165370006E+0	4.2571981922E-1	1.1423313699E-3
3.1176664131E+0	4.0653097208E-1	1.1164904558E-3
3.1187699753E+0	3.8778119512E-1	1.0906308836E-3
3.1198476688E+0	3.6947081630E-1	1.0647530855E-3
3.1208994755E+0	3.5160015525E-1	1.0388574939E-3
3.1219253780E+0	3.3416952329E-1	1.0129445417E-3
3.1229253590E+0	3.1717922349E-1	9.8701466182E-4
3.1238994018E+0	3.0062955067E-1	9.6106828758E-4
3.1248474902E+0	2.8452079149E-1	9.3510585261E-4
3.1257696083E+0	2.6885322443E-1	9.0912779076E-4
3.1266657407E+0	2.5362711988E-1	8.8313453619E-4
3.1275358724E+0	2.3884274013E-1	8.5712652325E-4
3.1283799890E+0	2.2450033946E-1	8.3110418659E-4
3.1291980762E+0	2.1060016410E-1	8.0506796108E-4
3.1299901204E+0	1.9714245232E-1	7.7901828182E-4
3.1307561084E+0	1.8412743445E-1	7.5295558414E-4
3.1314960274E+0	1.7155533289E-1	7.2688030358E-4
3.1322098650E+0	1.5942636217E-1	7.0079287589E-4
3.1328976092E+0	1.4774072895E-1	6.7469373705E-4
3.1335592487E+0	1.3649863207E-1	6.4858332323E-4
3.1341947723E+0	1.2570026257E-1	6.2246207073E-4
3.1348041694E+0	1.1534580371E-1	5.9633041614E-4
3.1353874298E+0	1.0543543100E-1	5.7018879612E-4
3.1359445438E+0	9.5969312223E-2	5.4403764760E-4
3.1364755020E+0	8.6947607466E-2	5.1787740760E-4
3.1369802957E+0	7.8370469128E-2	4.9170851331E-4
3.1374589163E+0	7.0238041951E-2	4.6553140213E-4
3.1379113559E+0	6.2550463034E-2	4.3934651156E-4
3.1383376069E+0	5.5307861858E-2	4.1315427928E-4
3.1387376622E+0	4.8510360298E-2	3.8695514312E-4
3.1391115150E+0	4.2158072643E-2	3.6074954110E-4
3.1394591592E+0	3.6251105605E-2	3.3453791144E-4
3.1397805890E+0	3.0789558342E-2	3.0832069259E-4
3.1400757989E+0	2.5773522457E-2	2.8209832342E-4
3.1403447841E+0	2.1203082014E-2	2.5587124334E-4
3.1405875400E+0	1.7078313533E-2	2.2963989267E-4
3.1408040626E+0	1.3399285981E-2	2.0340471372E-4
3.1409943483E+0	1.0166060734E-2	1.7716615272E-4
3.1411583939E+0	7.3786914856E-3	1.5092466531E-4
3.1412961968E+0	5.0372239766E-3	1.2468073282E-4
3.1414077547E+0	3.1416951932E-3	9.8434919423E-5
3.1414930663E+0	1.6921303075E-3	7.2188137769E-5
3.1415521316E+0	6.8852624627E-4	4.5943520243E-5
3.1415849628E+0	1.3067687019E-4	1.9736940383E-5