# Differential cross section		
# Author: P. Swaczyna	Princeton University	(swaczyna@princeton.edu)
# Date: 	Fri 4 Dec 2020 10:37:02	
# 		
# Elastic collision: He^0 + He^0 -> He^0 + He^0		
# 		
# Red. mass: 	1.8642000787E+9	 eV/c^2
# CM energy: 	2.4266100951E-3	 eV
# Rel speed: 	4.8371487159E+4	 cm/s
# Tot sigma: 	1.5136610768E+2	 a.u.
# Int sigma: 	1.5136610768E+2	 a.u.
# 		
# Columns:		
# the <- scattering angle (rad)		
# dcs <- dsigma/dOmega*2*pi*sin(the) (a.u. = 2.8002852056E-17 cm^2)		
# wei <- weight for cross section integration (approx. width of angle bin)		
# 		
# the	dcs	wei
7.6907532846E-6	6.0154408718E-3	1.9736940383E-5
4.0521979771E-5	3.1694889006E-2	4.5943520243E-5
9.9587300392E-5	7.7893734265E-2	7.2188137769E-5
1.8489884726E-4	1.4462145446E-1	9.8434919423E-5
2.9645680168E-4	2.3187815906E-1	1.2468073282E-4
4.3425968311E-4	3.3966261980E-1	1.5092466531E-4
5.9830531657E-4	4.6797300491E-1	1.7716615272E-4
7.8859101285E-4	6.1680699251E-1	2.0340471372E-4
1.0051136166E-3	7.8616177524E-1	2.2963989267E-4
1.2478695220E-3	9.7603403464E-1	2.5587124334E-4
1.5168546797E-3	1.1864199027E+0	2.8209832342E-4
1.8120645986E-3	1.4173149154E+0	3.0832069259E-4
2.1334943481E-3	1.6687139602E+0	3.3453791144E-4
2.4811385584E-3	1.9406112174E+0	3.6074954110E-4
2.8549914211E-3	2.2330000964E+0	3.8695514312E-4
3.2550466893E-3	2.5458731670E+0	4.1315427928E-4
3.6812976783E-3	2.8792220843E+0	4.3934651156E-4
4.1337372652E-3	3.2330375105E+0	4.6553140213E-4
4.6123578895E-3	3.6073090290E+0	4.9170851331E-4
5.1171515529E-3	4.0020250560E+0	5.1787740760E-4
5.6481098199E-3	4.4171727452E+0	5.4403764760E-4
6.2052238176E-3	4.8527378881E+0	5.7018879612E-4
6.7884842360E-3	5.3087048098E+0	5.9633041614E-4
7.3978813281E-3	5.7850562591E+0	6.2246207073E-4
8.0334049101E-3	6.2817732942E+0	6.4858332323E-4
8.6950443616E-3	6.7988351633E+0	6.7469373705E-4
9.3827886258E-3	7.3362191806E+0	7.0079287589E-4
1.0096626210E-2	7.8939005973E+0	7.2688030358E-4
1.0836545184E-2	8.4718524680E+0	7.5295558414E-4
1.1602533184E-2	9.0700455126E+0	7.7901828182E-4
1.2394577408E-2	9.6884479736E+0	8.0506796108E-4
1.3212664621E-2	1.0327025468E+1	8.3110418659E-4
1.4056781152E-2	1.0985740838E+1	8.5712652325E-4
1.4926912893E-2	1.1664553990E+1	8.8313453619E-4
1.5823045305E-2	1.2363421739E+1	9.0912779076E-4
1.6745163410E-2	1.3082297643E+1	9.3510585261E-4
1.7693251801E-2	1.3821131830E+1	9.6106828758E-4
1.8667294632E-2	1.4579870833E+1	9.8701466182E-4
1.9667275626E-2	1.5358457404E+1	1.0129445417E-3
2.0693178073E-2	1.6156830341E+1	1.0388574939E-3
2.1744984827E-2	1.6974924300E+1	1.0647530855E-3
2.2822678313E-2	1.7812669608E+1	1.0906308836E-3
2.3926240519E-2	1.8669992073E+1	1.1164904558E-3
2.5055653005E-2	1.9546812785E+1	1.1423313699E-3
2.6210896896E-2	2.0443047923E+1	1.1681531941E-3
2.7391952886E-2	2.1358608554E+1	1.1939554970E-3
2.8598801239E-2	2.2293400423E+1	1.2197378472E-3
2.9831421786E-2	2.3247323754E+1	1.2454998140E-3
3.1089793929E-2	2.4220273039E+1	1.2712409668E-3
3.2373896638E-2	2.5212136822E+1	1.2969608754E-3
3.3683708455E-2	2.6222797491E+1	1.3226591101E-3
3.5019207490E-2	2.7252131059E+1	1.3483352414E-3
3.6380371427E-2	2.8300006950E+1	1.3739888402E-3
3.7767177517E-2	2.9366287775E+1	1.3996194778E-3
3.9179602586E-2	3.0450829116E+1	1.4252267258E-3
4.0617623030E-2	3.1553479302E+1	1.4508101565E-3
4.2081214817E-2	3.2674079189E+1	1.4763693421E-3
4.3570353490E-2	3.3812461934E+1	1.5019038556E-3
4.5085014162E-2	3.4968452775E+1	1.5274132703E-3
4.6625171522E-2	3.6141868804E+1	1.5528971598E-3
4.8190799831E-2	3.7332518746E+1	1.5783550984E-3
4.9781872927E-2	3.8540202738E+1	1.6037866605E-3
5.1398364219E-2	3.9764712102E+1	1.6291914212E-3
5.3040246694E-2	4.1005829128E+1	1.6545689559E-3
5.4707492914E-2	4.2263326853E+1	1.6799188405E-3
5.6400075017E-2	4.3536968843E+1	1.7052406515E-3
5.8117964718E-2	4.4826508980E+1	1.7305339655E-3
5.9861133308E-2	4.6131691244E+1	1.7557983600E-3
6.1629551657E-2	4.7452249507E+1	1.7810334128E-3
6.3423190212E-2	4.8787907321E+1	1.8062387021E-3
6.5242019000E-2	5.0138377722E+1	1.8314138067E-3
6.7086007624E-2	5.1503363019E+1	1.8565583060E-3
6.8955125270E-2	5.2882554609E+1	1.8816717796E-3
7.0849340702E-2	5.4275632781E+1	1.9067538080E-3
7.2768622264E-2	5.5682266531E+1	1.9318039720E-3
7.4712937885E-2	5.7102113383E+1	1.9568218529E-3
7.6682255070E-2	5.8534819214E+1	1.9818070327E-3
7.8676540910E-2	5.9980018087E+1	2.0067590939E-3
8.0695762079E-2	6.1437332092E+1	2.0316776194E-3
8.2739884832E-2	6.2906371192E+1	2.0565621928E-3
8.4808875009E-2	6.4386733077E+1	2.0814123983E-3
8.6902698034E-2	6.5878003027E+1	2.1062278206E-3
8.9021318917E-2	6.7379753788E+1	2.1310080450E-3
9.1164702253E-2	6.8891545449E+1	2.1557526574E-3
9.3332812224E-2	7.0412925335E+1	2.1804612443E-3
9.5525612596E-2	7.1943427909E+1	2.2051333928E-3
9.7743066726E-2	7.3482574685E+1	2.2297686905E-3
9.9985137556E-2	7.5029874151E+1	2.2543667257E-3
1.0225178762E-1	7.6584821706E+1	2.2789270875E-3
1.0454297904E-1	7.8146899608E+1	2.3034493653E-3
1.0685867352E-1	7.9715576932E+1	2.3279331494E-3
1.0919883237E-1	8.1290309553E+1	2.3523780306E-3
1.1156341648E-1	8.2870540125E+1	2.3767836004E-3
1.1395238633E-1	8.4455698090E+1	2.4011494510E-3
1.1636570200E-1	8.6045199698E+1	2.4254751751E-3
1.1880332317E-1	8.7638448033E+1	2.4497603662E-3
1.2126520909E-1	8.9234833072E+1	2.4740046186E-3
1.2375131862E-1	9.0833731746E+1	2.4982075270E-3
1.2626161023E-1	9.2434508025E+1	2.5223686871E-3
1.2879604195E-1	9.4036513019E+1	2.5464876949E-3
1.3135457143E-1	9.5639085097E+1	2.5705641475E-3
1.3393715592E-1	9.7241550027E+1	2.5945976426E-3
1.3654375226E-1	9.8843221129E+1	2.6185877784E-3
1.3917431689E-1	1.0044339946E+2	2.6425341541E-3
1.4182880585E-1	1.0204137398E+2	2.6664363695E-3
1.4450717478E-1	1.0363642183E+2	2.6902940251E-3
1.4720937892E-1	1.0522780851E+2	2.7141067224E-3
1.4993537310E-1	1.0681478815E+2	2.7378740632E-3
1.5268511179E-1	1.0839660382E+2	2.7615956505E-3
1.5545854902E-1	1.0997248779E+2	2.7852710878E-3
1.5825563845E-1	1.1154166189E+2	2.8088999795E-3
1.6107633333E-1	1.1310333784E+2	2.8324819307E-3
1.6392058653E-1	1.1465671762E+2	2.8560165473E-3
1.6678835052E-1	1.1620099385E+2	2.8795034361E-3
1.6967957737E-1	1.1773535025E+2	2.9029422044E-3
1.7259421876E-1	1.1925896203E+2	2.9263324607E-3
1.7553222599E-1	1.2077099636E+2	2.9496738141E-3
1.7849354996E-1	1.2227061290E+2	2.9729658744E-3
1.8147814117E-1	1.2375696426E+2	2.9962082525E-3
1.8448594977E-1	1.2522919656E+2	3.0194005599E-3
1.8751692548E-1	1.2668644999E+2	3.0425424091E-3
1.9057101764E-1	1.2812785937E+2	3.0656334132E-3
1.9364817522E-1	1.2955255481E+2	3.0886731866E-3
1.9674834681E-1	1.3095966227E+2	3.1116613440E-3
1.9987148058E-1	1.3234830427E+2	3.1345975014E-3
2.0301752435E-1	1.3371760054E+2	3.1574812755E-3
2.0618642554E-1	1.3506666875E+2	3.1803122838E-3
2.0937813120E-1	1.3639462519E+2	3.2030901448E-3
2.1259258799E-1	1.3770058557E+2	3.2258144779E-3
2.1582974219E-1	1.3898366574E+2	3.2484849032E-3
2.1908953970E-1	1.4024298253E+2	3.2711010421E-3
2.2237192605E-1	1.4147765453E+2	3.2936625164E-3
2.2567684639E-1	1.4268680292E+2	3.3161689492E-3
2.2900424548E-1	1.4386955237E+2	3.3386199643E-3
2.3235406772E-1	1.4502503186E+2	3.3610151867E-3
2.3572625713E-1	1.4615237562E+2	3.3833542419E-3
2.3912075735E-1	1.4725072401E+2	3.4056367567E-3
2.4253751167E-1	1.4831922446E+2	3.4278623588E-3
2.4597646298E-1	1.4935703244E+2	3.4500306767E-3
2.4943755380E-1	1.5036331239E+2	3.4721413399E-3
2.5292072631E-1	1.5133723870E+2	3.4941939790E-3
2.5642592230E-1	1.5227799671E+2	3.5161882254E-3
2.5995308318E-1	1.5318478375E+2	3.5381237115E-3
2.6350215001E-1	1.5405681009E+2	3.5600000709E-3
2.6707306349E-1	1.5489329999E+2	3.5818169379E-3
2.7066576394E-1	1.5569349277E+2	3.6035739479E-3
2.7428019131E-1	1.5645664380E+2	3.6252707373E-3
2.7791628522E-1	1.5718202560E+2	3.6469069436E-3
2.8157398488E-1	1.5786892883E+2	3.6684822051E-3
2.8525322919E-1	1.5851666342E+2	3.6899961614E-3
2.8895395665E-1	1.5912455958E+2	3.7114484529E-3
2.9267610542E-1	1.5969196886E+2	3.7328387211E-3
2.9641961330E-1	1.6021826526E+2	3.7541666086E-3
3.0018441773E-1	1.6070284620E+2	3.7754317588E-3
3.0397045579E-1	1.6114513365E+2	3.7966338166E-3
3.0777766421E-1	1.6154457513E+2	3.8177724274E-3
3.1160597938E-1	1.6190064476E+2	3.8388472382E-3
3.1545533730E-1	1.6221284427E+2	3.8598578967E-3
3.1932567367E-1	1.6248070405E+2	3.8808040517E-3
3.2321692379E-1	1.6270378410E+2	3.9016853533E-3
3.2712902264E-1	1.6288167503E+2	3.9225014525E-3
3.3106190484E-1	1.6301399906E+2	3.9432520014E-3
3.3501550468E-1	1.6310041091E+2	3.9639366533E-3
3.3898975607E-1	1.6314059876E+2	3.9845550624E-3
3.4298459261E-1	1.6313428513E+2	4.0051068843E-3
3.4699994753E-1	1.6308122776E+2	4.0255917754E-3
3.5103575373E-1	1.6298122044E+2	4.0460093936E-3
3.5509194378E-1	1.6283409385E+2	4.0663593974E-3
3.5916844988E-1	1.6263971632E+2	4.0866414469E-3
3.6326520391E-1	1.6239799457E+2	4.1068552032E-3
3.6738213741E-1	1.6210887445E+2	4.1270003283E-3
3.7151918157E-1	1.6177234156E+2	4.1470764858E-3
3.7567626728E-1	1.6138842194E+2	4.1670833400E-3
3.7985332504E-1	1.6095718260E+2	4.1870205567E-3
3.8405028507E-1	1.6047873211E+2	4.2068878026E-3
3.8826707721E-1	1.5995322105E+2	4.2266847457E-3
3.9250363101E-1	1.5938084251E+2	4.2464110553E-3
3.9675987567E-1	1.5876183244E+2	4.2660664016E-3
4.0103574005E-1	1.5809646999E+2	4.2856504563E-3
4.0533115271E-1	1.5738507785E+2	4.3051628919E-3
4.0964604185E-1	1.5662802244E+2	4.3246033825E-3
4.1398033538E-1	1.5582571410E+2	4.3439716031E-3
4.1833396086E-1	1.5497860719E+2	4.3632672302E-3
4.2270684554E-1	1.5408720019E+2	4.3824899412E-3
4.2709891633E-1	1.5315203565E+2	4.4016394148E-3
4.3151009985E-1	1.5217370013E+2	4.4207153312E-3
4.3594032237E-1	1.5115282409E+2	4.4397173715E-3
4.4038950986E-1	1.5009008167E+2	4.4586452181E-3
4.4485758797E-1	1.4898619044E+2	4.4774985548E-3
4.4934448203E-1	1.4784191103E+2	4.4962770664E-3
4.5385011706E-1	1.4665804678E+2	4.5149804392E-3
4.5837441776E-1	1.4543544323E+2	4.5336083606E-3
4.6291730852E-1	1.4417498762E+2	4.5521605193E-3
4.6747871344E-1	1.4287760823E+2	4.5706366053E-3
4.7205855627E-1	1.4154427374E+2	4.5890363098E-3
4.7665676049E-1	1.4017599246E+2	4.6073593254E-3
4.8127324926E-1	1.3877381151E+2	4.6256053458E-3
4.8590794542E-1	1.3733881594E+2	4.6437740661E-3
4.9056077152E-1	1.3587212778E+2	4.6618651826E-3
4.9523164982E-1	1.3437490495E+2	4.6798783932E-3
4.9992050224E-1	1.3284834025E+2	4.6978133967E-3
5.0462725044E-1	1.3129366010E+2	4.7156698934E-3
5.0935181576E-1	1.2971212339E+2	4.7334475849E-3
5.1409411924E-1	1.2810502012E+2	4.7511461741E-3
5.1885408164E-1	1.2647367005E+2	4.7687653653E-3
5.2363162341E-1	1.2481942128E+2	4.7863048641E-3
5.2842666471E-1	1.2314364874E+2	4.8037643772E-3
5.3323912540E-1	1.2144775268E+2	4.8211436130E-3
5.3806892508E-1	1.1973315699E+2	4.8384422809E-3
5.4291598301E-1	1.1800130760E+2	4.8556600920E-3
5.4778021821E-1	1.1625367072E+2	4.8727967585E-3
5.5266154939E-1	1.1449173107E+2	4.8898519940E-3
5.5755989496E-1	1.1271699009E+2	4.9068255135E-3
5.6247517308E-1	1.1093096402E+2	4.9237170334E-3
5.6740730160E-1	1.0913518201E+2	4.9405262713E-3
5.7235619810E-1	1.0733118419E+2	4.9572529464E-3
5.7732177988E-1	1.0552051965E+2	4.9738967791E-3
5.8230396395E-1	1.0370474440E+2	4.9904574913E-3
5.8730266706E-1	1.0188541934E+2	5.0069348063E-3
5.9231780568E-1	1.0006410817E+2	5.0233284486E-3
5.9734929598E-1	9.8242375264E+1	5.0396381444E-3
6.0239705389E-1	9.6421783549E+1	5.0558636210E-3
6.0746099506E-1	9.4603892355E+1	5.0720046074E-3
6.1254103485E-1	9.2790255251E+1	5.0880608338E-3
6.1763708838E-1	9.0982417878E+1	5.1040320318E-3
6.2274907048E-1	8.9181915772E+1	5.1199179345E-3
6.2787689573E-1	8.7390272189E+1	5.1357182766E-3
6.3302047843E-1	8.5608995932E+1	5.1514327939E-3
6.3817973262E-1	8.3839579186E+1	5.1670612238E-3
6.4335457209E-1	8.2083495366E+1	5.1826033052E-3
6.4854491036E-1	8.0342196979E+1	5.1980587783E-3
6.5375066070E-1	7.8617113510E+1	5.2134273849E-3
6.5897173609E-1	7.6909649330E+1	5.2287088681E-3
6.6420804930E-1	7.5221181636E+1	5.2439029725E-3
6.6945951283E-1	7.3553058422E+1	5.2590094442E-3
6.7472603890E-1	7.1906596490E+1	5.2740280309E-3
6.8000753951E-1	7.0283079503E+1	5.2889584814E-3
6.8530392640E-1	6.8683756085E+1	5.3038005463E-3
6.9061511106E-1	6.7109837971E+1	5.3185539776E-3
6.9594100473E-1	6.5562498215E+1	5.3332185287E-3
7.0128151841E-1	6.4042869450E+1	5.3477939546E-3
7.0663656285E-1	6.2552042220E+1	5.3622800116E-3
7.1200604856E-1	6.1091063373E+1	5.3766764577E-3
7.1738988581E-1	5.9660934526E+1	5.3909830523E-3
7.2278798463E-1	5.8262610607E+1	5.4051995564E-3
7.2820025482E-1	5.6896998468E+1	5.4193257323E-3
7.3362660591E-1	5.5564955590E+1	5.4333613439E-3
7.3906694724E-1	5.4267288861E+1	5.4473061568E-3
7.4452118788E-1	5.3004753448E+1	5.4611599379E-3
7.4998923669E-1	5.1778051759E+1	5.4749224557E-3
7.5547100229E-1	5.0587832497E+1	5.4885934801E-3
7.6096639308E-1	4.9434689806E+1	5.5021727828E-3
7.6647531721E-1	4.8319162521E+1	5.5156601367E-3
7.7199768263E-1	4.7241733516E+1	5.5290553166E-3
7.7753339704E-1	4.6202829145E+1	5.5423580985E-3
7.8308236795E-1	4.5202818802E+1	5.5555682601E-3
7.8864450262E-1	4.4242014572E+1	5.5686855808E-3
7.9421970809E-1	4.3320670994E+1	5.5817098412E-3
7.9980789121E-1	4.2438984929E+1	5.5946408237E-3
8.0540895857E-1	4.1597095535E+1	5.6074783123E-3
8.1102281659E-1	4.0795084351E+1	5.6202220924E-3
8.1664937145E-1	4.0032975489E+1	5.6328719509E-3
8.2228852912E-1	3.9310735929E+1	5.6454276767E-3
8.2794019536E-1	3.8628275930E+1	5.6578890597E-3
8.3360427572E-1	3.7985449536E+1	5.6702558918E-3
8.3928067556E-1	3.7382055203E+1	5.6825279663E-3
8.4496930000E-1	3.6817836513E+1	5.6947050782E-3
8.5067005399E-1	3.6292483005E+1	5.7067870238E-3
8.5638284226E-1	3.5805631103E+1	5.7187736014E-3
8.6210756934E-1	3.5356865140E+1	5.7306646105E-3
8.6784413956E-1	3.4945718486E+1	5.7424598526E-3
8.7359245705E-1	3.4571674762E+1	5.7541591304E-3
8.7935242576E-1	3.4234169160E+1	5.7657622485E-3
8.8512394943E-1	3.3932589834E+1	5.7772690129E-3
8.9090693161E-1	3.3666279396E+1	5.7886792314E-3
8.9670127565E-1	3.3434536482E+1	5.7999927133E-3
9.0250688473E-1	3.3236617399E+1	5.8112092696E-3
9.0832366182E-1	3.3071737856E+1	5.8223287127E-3
9.1415150972E-1	3.2939074754E+1	5.8333508568E-3
9.1999033104E-1	3.2837768057E+1	5.8442755178E-3
9.2584002820E-1	3.2766922711E+1	5.8551025132E-3
9.3170050345E-1	3.2725610635E+1	5.8658316618E-3
9.3757165885E-1	3.2712872759E+1	5.8764627846E-3
9.4345339628E-1	3.2727721115E+1	5.8869957037E-3
9.4934561746E-1	3.2769140966E+1	5.8974302433E-3
9.5524822392E-1	3.2836092979E+1	5.9077662288E-3
9.6116111701E-1	3.2927515438E+1	5.9180034877E-3
9.6708419793E-1	3.3042326471E+1	5.9281418487E-3
9.7301736769E-1	3.3179426315E+1	5.9381811425E-3
9.7896052713E-1	3.3337699593E+1	5.9481212013E-3
9.8491357695E-1	3.3516017606E+1	5.9579618591E-3
9.9087641766E-1	3.3713240630E+1	5.9677029512E-3
9.9684894961E-1	3.3928220220E+1	5.9773443150E-3
1.0028310730E+0	3.4159801506E+1	5.9868857894E-3
1.0088226878E+0	3.4406825487E+1	5.9963272149E-3
1.0148236940E+0	3.4668131307E+1	6.0056684336E-3
1.0208339913E+0	3.4942558508E+1	6.0149092896E-3
1.0268534791E+0	3.5228949275E+1	6.0240496283E-3
1.0328820570E+0	3.5526150629E+1	6.0330892971E-3
1.0389196241E+0	3.5833016609E+1	6.0420281448E-3
1.0449660796E+0	3.6148410396E+1	6.0508660221E-3
1.0510213224E+0	3.6471206407E+1	6.0596027814E-3
1.0570852514E+0	3.6800292335E+1	6.0682382765E-3
1.0631577652E+0	3.7134571131E+1	6.0767723631E-3
1.0692387623E+0	3.7472962943E+1	6.0852048988E-3
1.0753281411E+0	3.7814406979E+1	6.0935357425E-3
1.0814257998E+0	3.8157863314E+1	6.1017647550E-3
1.0875316366E+0	3.8502314625E+1	6.1098917988E-3
1.0936455494E+0	3.8846767852E+1	6.1179167381E-3
1.0997674360E+0	3.9190255789E+1	6.1258394388E-3
1.1058971941E+0	3.9531838589E+1	6.1336597685E-3
1.1120347214E+0	3.9870605193E+1	6.1413775965E-3
1.1181799151E+0	4.0205674670E+1	6.1489927938E-3
1.1243326727E+0	4.0536197474E+1	6.1565052331E-3
1.1304928913E+0	4.0861356611E+1	6.1639147890E-3
1.1366604679E+0	4.1180368716E+1	6.1712213376E-3
1.1428352996E+0	4.1492485035E+1	6.1784247568E-3
1.1490172830E+0	4.1796992315E+1	6.1855249261E-3
1.1552063150E+0	4.2093213601E+1	6.1925217271E-3
1.1614022920E+0	4.2380508937E+1	6.1994150427E-3
1.1676051105E+0	4.2658275967E+1	6.2062047577E-3
1.1738146669E+0	4.2925950444E+1	6.2128907587E-3
1.1800308574E+0	4.3183006642E+1	6.2194729339E-3
1.1862535782E+0	4.3428957670E+1	6.2259511734E-3
1.1924827251E+0	4.3663355693E+1	6.2323253688E-3
1.1987181942E+0	4.3885792053E+1	6.2385954138E-3
1.2049598812E+0	4.4095897307E+1	6.2447612034E-3
1.2112076818E+0	4.4293341156E+1	6.2508226346E-3
1.2174614916E+0	4.4477832301E+1	6.2567796062E-3
1.2237212062E+0	4.4649118196E+1	6.2626320186E-3
1.2299867208E+0	4.4806984720E+1	6.2683797740E-3
1.2362579308E+0	4.4951255762E+1	6.2740227763E-3
1.2425347314E+0	4.5081792724E+1	6.2795609313E-3
1.2488170177E+0	4.5198493946E+1	6.2849941464E-3
1.2551046847E+0	4.5301294044E+1	6.2903223308E-3
1.2613976273E+0	4.5390163189E+1	6.2955453954E-3
1.2676957404E+0	4.5465106301E+1	6.3006632530E-3
1.2739989187E+0	4.5526162179E+1	6.3056758180E-3
1.2803070569E+0	4.5573402574E+1	6.3105830068E-3
1.2866200496E+0	4.5606931184E+1	6.3153847371E-3
1.2929377912E+0	4.5626882612E+1	6.3200809290E-3
1.2992601762E+0	4.5633421251E+1	6.3246715037E-3
1.3055870990E+0	4.5626740134E+1	6.3291563847E-3
1.3119184537E+0	4.5607059730E+1	6.3335354970E-3
1.3182541347E+0	4.5574626698E+1	6.3378087674E-3
1.3245940360E+0	4.5529712607E+1	6.3419761245E-3
1.3309380516E+0	4.5472612621E+1	6.3460374987E-3
1.3372860756E+0	4.5403644152E+1	6.3499928220E-3
1.3436380019E+0	4.5323145489E+1	6.3538420284E-3
1.3499937243E+0	4.5231474405E+1	6.3575850535E-3
1.3563531366E+0	4.5129006750E+1	6.3612218349E-3
1.3627161325E+0	4.5016135024E+1	6.3647523117E-3
1.3690826057E+0	4.4893266947E+1	6.3681764249E-3
1.3754524499E+0	4.4760824022E+1	6.3714941173E-3
1.3818255585E+0	4.4619240094E+1	6.3747053335E-3
1.3882018250E+0	4.4468959917E+1	6.3778100198E-3
1.3945811430E+0	4.4310437723E+1	6.3808081243E-3
1.4009634057E+0	4.4144135801E+1	6.3836995970E-3
1.4073485066E+0	4.3970523094E+1	6.3864843894E-3
1.4137363389E+0	4.3790073812E+1	6.3891624551E-3
1.4201267959E+0	4.3603266057E+1	6.3917337493E-3
1.4265197708E+0	4.3410580490E+1	6.3941982290E-3
1.4329151568E+0	4.3212499003E+1	6.3965558531E-3
1.4393128469E+0	4.3009503441E+1	6.3988065821E-3
1.4457127343E+0	4.2802074341E+1	6.4009503785E-3
1.4521147120E+0	4.2590689718E+1	6.4029872063E-3
1.4585186731E+0	4.2375823883E+1	6.4049170317E-3
1.4649245104E+0	4.2157946298E+1	6.4067398222E-3
1.4713321170E+0	4.1937520483E+1	6.4084555476E-3
1.4777413858E+0	4.1715002959E+1	6.4100641790E-3
1.4841522097E+0	4.1490842241E+1	6.4115656896E-3
1.4905644815E+0	4.1265477879E+1	6.4129600544E-3
1.4969780940E+0	4.1039339542E+1	6.4142472499E-3
1.5033929402E+0	4.0812846166E+1	6.4154272548E-3
1.5098089128E+0	4.0586405137E+1	6.4165000493E-3
1.5162259046E+0	4.0360411541E+1	6.4174656154E-3
1.5226438083E+0	4.0135247458E+1	6.4183239370E-3
1.5290625167E+0	3.9911281312E+1	6.4190749998E-3
1.5354819225E+0	3.9688867281E+1	6.4197187912E-3
1.5419019185E+0	3.9468344752E+1	6.4202553005E-3
1.5483223974E+0	3.9250037838E+1	6.4206845187E-3
1.5547432518E+0	3.9034254947E+1	6.4210064386E-3
1.5611643745E+0	3.8821288401E+1	6.4212210549E-3
1.5675856581E+0	3.8611414121E+1	6.4213283639E-3
1.5740069954E+0	3.8404891347E+1	6.4213283639E-3
1.5804282791E+0	3.8201962429E+1	6.4212210549E-3
1.5868494018E+0	3.8002852657E+1	6.4210064386E-3
1.5932702562E+0	3.7807770148E+1	6.4206845187E-3
1.5996907351E+0	3.7616905777E+1	6.4202553005E-3
1.6061107310E+0	3.7430433166E+1	6.4197187912E-3
1.6125301369E+0	3.7248508707E+1	6.4190749998E-3
1.6189488453E+0	3.7071271645E+1	6.4183239370E-3
1.6253667490E+0	3.6898844193E+1	6.4174656154E-3
1.6317837408E+0	3.6731331694E+1	6.4165000493E-3
1.6381997134E+0	3.6568822828E+1	6.4154272548E-3
1.6446145595E+0	3.6411389851E+1	6.4142472499E-3
1.6510281721E+0	3.6259088875E+1	6.4129600544E-3
1.6574404439E+0	3.6111960186E+1	6.4115656896E-3
1.6638512678E+0	3.5970028585E+1	6.4100641790E-3
1.6702605366E+0	3.5833303775E+1	6.4084555476E-3
1.6766681432E+0	3.5701780766E+1	6.4067398222E-3
1.6830739805E+0	3.5575440313E+1	6.4049170317E-3
1.6894779416E+0	3.5454249374E+1	6.4029872063E-3
1.6958799193E+0	3.5338161601E+1	6.4009503785E-3
1.7022798067E+0	3.5227117840E+1	6.3988065821E-3
1.7086774968E+0	3.5121046657E+1	6.3965558531E-3
1.7150728827E+0	3.5019864883E+1	6.3941982290E-3
1.7214658576E+0	3.4923478168E+1	6.3917337493E-3
1.7278563146E+0	3.4831781550E+1	6.3891624551E-3
1.7342441470E+0	3.4744660036E+1	6.3864843894E-3
1.7406292478E+0	3.4661989194E+1	6.3836995970E-3
1.7470115106E+0	3.4583635743E+1	6.3808081243E-3
1.7533908286E+0	3.4509458161E+1	6.3778100198E-3
1.7597670951E+0	3.4439307282E+1	6.3747053335E-3
1.7661402037E+0	3.4373026910E+1	6.3714941173E-3
1.7725100479E+0	3.4310454415E+1	6.3681764249E-3
1.7788765211E+0	3.4251421342E+1	6.3647523117E-3
1.7852395170E+0	3.4195754010E+1	6.3612218349E-3
1.7915989293E+0	3.4143274102E+1	6.3575850535E-3
1.7979546517E+0	3.4093799257E+1	6.3538420284E-3
1.8043065780E+0	3.4047143644E+1	6.3499928220E-3
1.8106546020E+0	3.4003118536E+1	6.3460374987E-3
1.8169986176E+0	3.3961532866E+1	6.3419761245E-3
1.8233385189E+0	3.3922193772E+1	6.3378087674E-3
1.8296741999E+0	3.3884907135E+1	6.3335354970E-3
1.8360055546E+0	3.3849478092E+1	6.3291563847E-3
1.8423324774E+0	3.3815711546E+1	6.3246715037E-3
1.8486548624E+0	3.3783412649E+1	6.3200809290E-3
1.8549726040E+0	3.3752387275E+1	6.3153847371E-3
1.8612855967E+0	3.3722442475E+1	6.3105830068E-3
1.8675937349E+0	3.3693386909E+1	6.3056758180E-3
1.8738969132E+0	3.3665031264E+1	6.3006632530E-3
1.8801950263E+0	3.3637188653E+1	6.2955453954E-3
1.8864879689E+0	3.3609674990E+1	6.2903223308E-3
1.8927756359E+0	3.3582309346E+1	6.2849941464E-3
1.8990579222E+0	3.3554914291E+1	6.2795609313E-3
1.9053347228E+0	3.3527316207E+1	6.2740227763E-3
1.9116059328E+0	3.3499345585E+1	6.2683797740E-3
1.9178714474E+0	3.3470837301E+1	6.2626320186E-3
1.9241311620E+0	3.3441630869E+1	6.2567796062E-3
1.9303849718E+0	3.3411570677E+1	6.2508226346E-3
1.9366327724E+0	3.3380506199E+1	6.2447612034E-3
1.9428744594E+0	3.3348292189E+1	6.2385954138E-3
1.9491099285E+0	3.3314788854E+1	6.2323253688E-3
1.9553390754E+0	3.3279862007E+1	6.2259511734E-3
1.9615617961E+0	3.3243383202E+1	6.2194729339E-3
1.9677779867E+0	3.3205229848E+1	6.2128907587E-3
1.9739875431E+0	3.3165285302E+1	6.2062047577E-3
1.9801903616E+0	3.3123438955E+1	6.1994150427E-3
1.9863863386E+0	3.3079586281E+1	6.1925217271E-3
1.9925753706E+0	3.3033628889E+1	6.1855249261E-3
1.9987573540E+0	3.2985474545E+1	6.1784247568E-3
2.0049321857E+0	3.2935037184E+1	6.1712213376E-3
2.0110997623E+0	3.2882236902E+1	6.1639147890E-3
2.0172599809E+0	3.2826999936E+1	6.1565052331E-3
2.0234127385E+0	3.2769258635E+1	6.1489927938E-3
2.0295579322E+0	3.2708951403E+1	6.1413775965E-3
2.0356954595E+0	3.2646022646E+1	6.1336597685E-3
2.0418252176E+0	3.2580422694E+1	6.1258394388E-3
2.0479471042E+0	3.2512107719E+1	6.1179167381E-3
2.0540610170E+0	3.2441039638E+1	6.1098917988E-3
2.0601668538E+0	3.2367186007E+1	6.1017647550E-3
2.0662645125E+0	3.2290519908E+1	6.0935357425E-3
2.0723538913E+0	3.2211019824E+1	6.0852048988E-3
2.0784348884E+0	3.2128669506E+1	6.0767723631E-3
2.0845074022E+0	3.2043457836E+1	6.0682382765E-3
2.0905713312E+0	3.1955378680E+1	6.0596027814E-3
2.0966265740E+0	3.1864430733E+1	6.0508660221E-3
2.1026730295E+0	3.1770617369E+1	6.0420281448E-3
2.1087105966E+0	3.1673946469E+1	6.0330892971E-3
2.1147391745E+0	3.1574430265E+1	6.0240496283E-3
2.1207586623E+0	3.1472085161E+1	6.0149092896E-3
2.1267689596E+0	3.1366931567E+1	6.0056684336E-3
2.1327699657E+0	3.1258993721E+1	5.9963272149E-3
2.1387615806E+0	3.1148299511E+1	5.9868857894E-3
2.1447437040E+0	3.1034880299E+1	5.9773443150E-3
2.1507162359E+0	3.0918770742E+1	5.9677029512E-3
2.1566790766E+0	3.0800008611E+1	5.9579618591E-3
2.1626321265E+0	3.0678634616E+1	5.9481212013E-3
2.1685752859E+0	3.0554692221E+1	5.9381811425E-3
2.1745084557E+0	3.0428227474E+1	5.9281418487E-3
2.1804315366E+0	3.0299288828E+1	5.9180034877E-3
2.1863444297E+0	3.0167926967E+1	5.9077662288E-3
2.1922470361E+0	3.0034194634E+1	5.8974302433E-3
2.1981392573E+0	2.9898146464E+1	5.8869957037E-3
2.2040209947E+0	2.9759838818E+1	5.8764627846E-3
2.2098921501E+0	2.9619329618E+1	5.8658316618E-3
2.2157526254E+0	2.9476678188E+1	5.8551025132E-3
2.2216023226E+0	2.9331945101E+1	5.8442755178E-3
2.2274411439E+0	2.9185192023E+1	5.8333508568E-3
2.2332689918E+0	2.9036481569E+1	5.8223287127E-3
2.2390857689E+0	2.8885877157E+1	5.8112092696E-3
2.2448913779E+0	2.8733442872E+1	5.7999927133E-3
2.2506857220E+0	2.8579243326E+1	5.7886792314E-3
2.2564687042E+0	2.8423343535E+1	5.7772690129E-3
2.2622402278E+0	2.8265808791E+1	5.7657622485E-3
2.2680001965E+0	2.8106704542E+1	5.7541591304E-3
2.2737485140E+0	2.7946096276E+1	5.7424598526E-3
2.2794850843E+0	2.7784049413E+1	5.7306646105E-3
2.2852098113E+0	2.7620629200E+1	5.7187736014E-3
2.2909225996E+0	2.7455900610E+1	5.7067870238E-3
2.2966233536E+0	2.7289928248E+1	5.6947050782E-3
2.3023119780E+0	2.7122776260E+1	5.6825279663E-3
2.3079883779E+0	2.6954508250E+1	5.6702558918E-3
2.3136524582E+0	2.6785187200E+1	5.6578890597E-3
2.3193041245E+0	2.6614875393E+1	5.6454276767E-3
2.3249432821E+0	2.6443634344E+1	5.6328719509E-3
2.3305698370E+0	2.6271524739E+1	5.6202220924E-3
2.3361836950E+0	2.6098606368E+1	5.6074783123E-3
2.3417847624E+0	2.5924938073E+1	5.5946408237E-3
2.3473729455E+0	2.5750577695E+1	5.5817098412E-3
2.3529481510E+0	2.5575582031E+1	5.5686855808E-3
2.3585102856E+0	2.5400006787E+1	5.5555682601E-3
2.3640592565E+0	2.5223906541E+1	5.5423580985E-3
2.3695949710E+0	2.5047334710E+1	5.5290553166E-3
2.3751173364E+0	2.4870343519E+1	5.5156601367E-3
2.3806262605E+0	2.4692983974E+1	5.5021727828E-3
2.3861216513E+0	2.4515305842E+1	5.4885934801E-3
2.3916034169E+0	2.4337357629E+1	5.4749224557E-3
2.3970714657E+0	2.4159186563E+1	5.4611599379E-3
2.4025257064E+0	2.3980838588E+1	5.4473061568E-3
2.4079660477E+0	2.3802358348E+1	5.4333613439E-3
2.4133923988E+0	2.3623789183E+1	5.4193257323E-3
2.4188046690E+0	2.3445173129E+1	5.4051995564E-3
2.4242027678E+0	2.3266550911E+1	5.3909830523E-3
2.4295866050E+0	2.3087961951E+1	5.3766764577E-3
2.4349560907E+0	2.2909444368E+1	5.3622800116E-3
2.4403111352E+0	2.2731034988E+1	5.3477939546E-3
2.4456516489E+0	2.2552769349E+1	5.3332185287E-3
2.4509775425E+0	2.2374681718E+1	5.3185539776E-3
2.4562887272E+0	2.2196805097E+1	5.3038005463E-3
2.4615851141E+0	2.2019171241E+1	5.2889584814E-3
2.4668666147E+0	2.1841810675E+1	5.2740280309E-3
2.4721331408E+0	2.1664752710E+1	5.2590094442E-3
2.4773846043E+0	2.1488025461E+1	5.2439029725E-3
2.4826209175E+0	2.1311655873E+1	5.2287088681E-3
2.4878419929E+0	2.1135669736E+1	5.2134273849E-3
2.4930477432E+0	2.0960091709E+1	5.1980587783E-3
2.4982380815E+0	2.0784945348E+1	5.1826033052E-3
2.5034129210E+0	2.0610253125E+1	5.1670612238E-3
2.5085721752E+0	2.0436036456E+1	5.1514327939E-3
2.5137157579E+0	2.0262315727E+1	5.1357182766E-3
2.5188435831E+0	2.0089110317E+1	5.1199179345E-3
2.5239555652E+0	1.9916438631E+1	5.1040320318E-3
2.5290516187E+0	1.9744318119E+1	5.0880608338E-3
2.5341316585E+0	1.9572765312E+1	5.0720046074E-3
2.5391955997E+0	1.9401795843E+1	5.0558636210E-3
2.5442433576E+0	1.9231424478E+1	5.0396381444E-3
2.5492748479E+0	1.9061665143E+1	5.0233284486E-3
2.5542899865E+0	1.8892530954E+1	5.0069348063E-3
2.5592886896E+0	1.8724034240E+1	4.9904574913E-3
2.5642708737E+0	1.8556186576E+1	4.9738967791E-3
2.5692364555E+0	1.8388998808E+1	4.9572529464E-3
2.5741853520E+0	1.8222481081E+1	4.9405262713E-3
2.5791174805E+0	1.8056642864E+1	4.9237170334E-3
2.5840327586E+0	1.7891492982E+1	4.9068255135E-3
2.5889311042E+0	1.7727039636E+1	4.8898519940E-3
2.5938124354E+0	1.7563290434E+1	4.8727967585E-3
2.5986766706E+0	1.7400252415E+1	4.8556600920E-3
2.6035237285E+0	1.7237932075E+1	4.8384422809E-3
2.6083535282E+0	1.7076335388E+1	4.8211436130E-3
2.6131659889E+0	1.6915467838E+1	4.8037643772E-3
2.6179610302E+0	1.6755334433E+1	4.7863048641E-3
2.6227385719E+0	1.6595939737E+1	4.7687653653E-3
2.6274985343E+0	1.6437287888E+1	4.7511461741E-3
2.6322408378E+0	1.6279382621E+1	4.7334475849E-3
2.6369654032E+0	1.6122227289E+1	4.7156698934E-3
2.6416721513E+0	1.5965824885E+1	4.6978133967E-3
2.6463610038E+0	1.5810178062E+1	4.6798783932E-3
2.6510318821E+0	1.5655289153E+1	4.6618651826E-3
2.6556847082E+0	1.5501160189E+1	4.6437740661E-3
2.6603194043E+0	1.5347792918E+1	4.6256053458E-3
2.6649358931E+0	1.5195188825E+1	4.6073593254E-3
2.6695340973E+0	1.5043349145E+1	4.5890363098E-3
2.6741139402E+0	1.4892274882E+1	4.5706366053E-3
2.6786753451E+0	1.4741966828E+1	4.5521605193E-3
2.6832182358E+0	1.4592425572E+1	4.5336083606E-3
2.6877425365E+0	1.4443651520E+1	4.5149804392E-3
2.6922481716E+0	1.4295644907E+1	4.4962770664E-3
2.6967350656E+0	1.4148405813E+1	4.4774985548E-3
2.7012031437E+0	1.4001934171E+1	4.4586452181E-3
2.7056523312E+0	1.3856229785E+1	4.4397173715E-3
2.7100825537E+0	1.3711292340E+1	4.4207153312E-3
2.7144937373E+0	1.3567121412E+1	4.4016394148E-3
2.7188858081E+0	1.3423716480E+1	4.3824899412E-3
2.7232586927E+0	1.3281076937E+1	4.3632672302E-3
2.7276123182E+0	1.3139202099E+1	4.3439716031E-3
2.7319466117E+0	1.2998091214E+1	4.3246033825E-3
2.7362615009E+0	1.2857743471E+1	4.3051628919E-3
2.7405569135E+0	1.2718158009E+1	4.2856504563E-3
2.7448327779E+0	1.2579333926E+1	4.2660664016E-3
2.7490890226E+0	1.2441270282E+1	4.2464110553E-3
2.7533255764E+0	1.2303966110E+1	4.2266847457E-3
2.7575423685E+0	1.2167420424E+1	4.2068878026E-3
2.7617393285E+0	1.2031632219E+1	4.1870205567E-3
2.7659163863E+0	1.1896600482E+1	4.1670833400E-3
2.7700734720E+0	1.1762324196E+1	4.1470764858E-3
2.7742105162E+0	1.1628802346E+1	4.1270003283E-3
2.7783274497E+0	1.1496033919E+1	4.1068552032E-3
2.7824242037E+0	1.1364017917E+1	4.0866414469E-3
2.7865007098E+0	1.1232753351E+1	4.0663593974E-3
2.7905568999E+0	1.1102239253E+1	4.0460093936E-3
2.7945927061E+0	1.0972474675E+1	4.0255917754E-3
2.7986080610E+0	1.0843458692E+1	4.0051068843E-3
2.8026028975E+0	1.0715190407E+1	3.9845550624E-3
2.8065771489E+0	1.0587668953E+1	3.9639366533E-3
2.8105307487E+0	1.0460893494E+1	3.9432520014E-3
2.8144636309E+0	1.0334863229E+1	3.9225014525E-3
2.8183757298E+0	1.0209577392E+1	3.9016853533E-3
2.8222669799E+0	1.0085035254E+1	3.8808040517E-3
2.8261373163E+0	9.9612361262E+0	3.8598578967E-3
2.8299866742E+0	9.8381793594E+0	3.8388472382E-3
2.8338149894E+0	9.7158643458E+0	3.8177724274E-3
2.8376221978E+0	9.5942905195E+0	3.7966338166E-3
2.8414082359E+0	9.4734573577E+0	3.7754317588E-3
2.8451730403E+0	9.3533643810E+0	3.7541666086E-3
2.8489165482E+0	9.2340111540E+0	3.7328387211E-3
2.8526386969E+0	9.1153972856E+0	3.7114484529E-3
2.8563394244E+0	8.9975224288E+0	3.6899961614E-3
2.8600186687E+0	8.8803862815E+0	3.6684822051E-3
2.8636763684E+0	8.7639885856E+0	3.6469069436E-3
2.8673124623E+0	8.6483291275E+0	3.6252707373E-3
2.8709268897E+0	8.5334077377E+0	3.6035739479E-3
2.8745195901E+0	8.4192242900E+0	3.5818169379E-3
2.8780905036E+0	8.3057787018E+0	3.5600000709E-3
2.8816395704E+0	8.1930709332E+0	3.5381237115E-3
2.8851667313E+0	8.0811009864E+0	3.5161882254E-3
2.8886719273E+0	7.9698689052E+0	3.4941939790E-3
2.8921550998E+0	7.8593747743E+0	3.4721413399E-3
2.8956161906E+0	7.7496187187E+0	3.4500306767E-3
2.8990551419E+0	7.6406009025E+0	3.4278623588E-3
2.9024718962E+0	7.5323215286E+0	3.4056367567E-3
2.9058663965E+0	7.4247808376E+0	3.3833542419E-3
2.9092385859E+0	7.3179791066E+0	3.3610151867E-3
2.9125884081E+0	7.2119166488E+0	3.3386199643E-3
2.9159158072E+0	7.1065938125E+0	3.3161689492E-3
2.9192207275E+0	7.0020109795E+0	3.2936625164E-3
2.9225031139E+0	6.8981685649E+0	3.2711010421E-3
2.9257629114E+0	6.7950670158E+0	3.2484849032E-3
2.9290000656E+0	6.6927068101E+0	3.2258144779E-3
2.9322145224E+0	6.5910884555E+0	3.2030901448E-3
2.9354062280E+0	6.4902124890E+0	3.1803122838E-3
2.9385751292E+0	6.3900794751E+0	3.1574812755E-3
2.9417211730E+0	6.2906900054E+0	3.1345975014E-3
2.9448443068E+0	6.1920446971E+0	3.1116613440E-3
2.9479444784E+0	6.0941441922E+0	3.0886731866E-3
2.9510216360E+0	5.9969891565E+0	3.0656334132E-3
2.9540757281E+0	5.9005802787E+0	3.0425424091E-3
2.9571067038E+0	5.8049182688E+0	3.0194005599E-3
2.9601145124E+0	5.7100038579E+0	2.9962082525E-3
2.9630991036E+0	5.6158377967E+0	2.9729658744E-3
2.9660604276E+0	5.5224208547E+0	2.9496738141E-3
2.9689984348E+0	5.4297538189E+0	2.9263324607E-3
2.9719130762E+0	5.3378374936E+0	2.9029422044E-3
2.9748043031E+0	5.2466726986E+0	2.8795034361E-3
2.9776720671E+0	5.1562602689E+0	2.8560165473E-3
2.9805163203E+0	5.0666010534E+0	2.8324819307E-3
2.9833370151E+0	4.9776959145E+0	2.8088999795E-3
2.9861341046E+0	4.8895457267E+0	2.7852710878E-3
2.9889075418E+0	4.8021513758E+0	2.7615956505E-3
2.9916572805E+0	4.7155137586E+0	2.7378740632E-3
2.9943832747E+0	4.6296337815E+0	2.7141067224E-3
2.9970854788E+0	4.5445123600E+0	2.6902940251E-3
2.9997638477E+0	4.4601504179E+0	2.6664363695E-3
3.0024183367E+0	4.3765488864E+0	2.6425341541E-3
3.0050489013E+0	4.2937087036E+0	2.6185877784E-3
3.0076554977E+0	4.2116308134E+0	2.5945976426E-3
3.0102380822E+0	4.1303161654E+0	2.5705641475E-3
3.0127966116E+0	4.0497657136E+0	2.5464876949E-3
3.0153310434E+0	3.9699804161E+0	2.5223686871E-3
3.0178413350E+0	3.8909612345E+0	2.4982075270E-3
3.0203274445E+0	3.8127091328E+0	2.4740046186E-3
3.0227893304E+0	3.7352250776E+0	2.4497603662E-3
3.0252269516E+0	3.6585100368E+0	2.4254751751E-3
3.0276402673E+0	3.5825649793E+0	2.4011494510E-3
3.0300292371E+0	3.5073908746E+0	2.3767836004E-3
3.0323938212E+0	3.4329886920E+0	2.3523780306E-3
3.0347339801E+0	3.3593594002E+0	2.3279331494E-3
3.0370496746E+0	3.2865039669E+0	2.3034493653E-3
3.0393408660E+0	3.2144233582E+0	2.2789270875E-3
3.0416075160E+0	3.1431185382E+0	2.2543667257E-3
3.0438495869E+0	3.0725904685E+0	2.2297686905E-3
3.0460670410E+0	3.0028401077E+0	2.2051333928E-3
3.0482598414E+0	2.9338684113E+0	2.1804612443E-3
3.0504279513E+0	2.8656763309E+0	2.1557526574E-3
3.0525713347E+0	2.7982648140E+0	2.1310080450E-3
3.0546899556E+0	2.7316348037E+0	2.1062278206E-3
3.0567837786E+0	2.6657872382E+0	2.0814123983E-3
3.0588527688E+0	2.6007230506E+0	2.0565621928E-3
3.0608968915E+0	2.5364431682E+0	2.0316776194E-3
3.0629161127E+0	2.4729485129E+0	2.0067590939E-3
3.0649103985E+0	2.4102400001E+0	1.9818070327E-3
3.0668797157E+0	2.3483185388E+0	1.9568218529E-3
3.0688240313E+0	2.2871850313E+0	1.9318039720E-3
3.0707433129E+0	2.2268403729E+0	1.9067538080E-3
3.0726375283E+0	2.1672854517E+0	1.8816717796E-3
3.0745066460E+0	2.1085211480E+0	1.8565583060E-3
3.0763506346E+0	2.0505483347E+0	1.8314138067E-3
3.0781694634E+0	1.9933678763E+0	1.8062387021E-3
3.0799631019E+0	1.9369806292E+0	1.7810334128E-3
3.0817315203E+0	1.8813874415E+0	1.7557983600E-3
3.0834746889E+0	1.8265891523E+0	1.7305339655E-3
3.0851925786E+0	1.7725865921E+0	1.7052406515E-3
3.0868851607E+0	1.7193805821E+0	1.6799188405E-3
3.0885524069E+0	1.6669719345E+0	1.6545689559E-3
3.0901942894E+0	1.6153614518E+0	1.6291914212E-3
3.0918107807E+0	1.5645499271E+0	1.6037866605E-3
3.0934018538E+0	1.5145381434E+0	1.5783550984E-3
3.0949674821E+0	1.4653268740E+0	1.5528971598E-3
3.0965076394E+0	1.4169168822E+0	1.5274132703E-3
3.0980223001E+0	1.3693089207E+0	1.5019038556E-3
3.0995114388E+0	1.3225037321E+0	1.4763693421E-3
3.1009750306E+0	1.2765020483E+0	1.4508101565E-3
3.1024130510E+0	1.2313045906E+0	1.4252267258E-3
3.1038254761E+0	1.1869120694E+0	1.3996194778E-3
3.1052122822E+0	1.1433251844E+0	1.3739888402E-3
3.1065734461E+0	1.1005446239E+0	1.3483352414E-3
3.1079089451E+0	1.0585710654E+0	1.3226591101E-3
3.1092187570E+0	1.0174051750E+0	1.2969608754E-3
3.1105028597E+0	9.7704760714E-1	1.2712409668E-3
3.1117612318E+0	9.3749900518E-1	1.2454998140E-3
3.1129938524E+0	8.9876000066E-1	1.2197378472E-3
3.1142007007E+0	8.6083121347E-1	1.1939554970E-3
3.1153817567E+0	8.2371325174E-1	1.1681531941E-3
3.1165370006E+0	7.8740671169E-1	1.1423313699E-3
3.1176664131E+0	7.5191217758E-1	1.1164904558E-3
3.1187699753E+0	7.1723022165E-1	1.0906308836E-3
3.1198476688E+0	6.8336140395E-1	1.0647530855E-3
3.1208994755E+0	6.5030627236E-1	1.0388574939E-3
3.1219253780E+0	6.1806536245E-1	1.0129445417E-3
3.1229253590E+0	5.8663919741E-1	9.8701466182E-4
3.1238994018E+0	5.5602828799E-1	9.6106828758E-4
3.1248474902E+0	5.2623313245E-1	9.3510585261E-4
3.1257696083E+0	4.9725421643E-1	9.0912779076E-4
3.1266657407E+0	4.6909201296E-1	8.8313453619E-4
3.1275358724E+0	4.4174698232E-1	8.5712652325E-4
3.1283799890E+0	4.1521957205E-1	8.3110418659E-4
3.1291980762E+0	3.8951021684E-1	8.0506796108E-4
3.1299901204E+0	3.6461933847E-1	7.7901828182E-4
3.1307561084E+0	3.4054734581E-1	7.5295558414E-4
3.1314960274E+0	3.1729463469E-1	7.2688030358E-4
3.1322098650E+0	2.9486158791E-1	7.0079287589E-4
3.1328976092E+0	2.7324857516E-1	6.7469373705E-4
3.1335592487E+0	2.5245595297E-1	6.4858332323E-4
3.1341947723E+0	2.3248406467E-1	6.2246207073E-4
3.1348041694E+0	2.1333324036E-1	5.9633041614E-4
3.1353874298E+0	1.9500379684E-1	5.7018879612E-4
3.1359445438E+0	1.7749603758E-1	5.4403764760E-4
3.1364755020E+0	1.6081025270E-1	5.1787740760E-4
3.1369802957E+0	1.4494671888E-1	4.9170851331E-4
3.1374589163E+0	1.2990569940E-1	4.6553140213E-4
3.1379113559E+0	1.1568744402E-1	4.3934651156E-4
3.1383376069E+0	1.0229218904E-1	4.1315427928E-4
3.1387376622E+0	8.9720157171E-2	3.8695514312E-4
3.1391115150E+0	7.7971557587E-2	3.6074954110E-4
3.1394591592E+0	6.7046585849E-2	3.3453791144E-4
3.1397805890E+0	5.6945423889E-2	3.0832069259E-4
3.1400757989E+0	4.7668239981E-2	2.8209832342E-4
3.1403447841E+0	3.9215188708E-2	2.5587124334E-4
3.1405875400E+0	3.1586410917E-2	2.2963989267E-4
3.1408040626E+0	2.4782033668E-2	2.0340471372E-4
3.1409943483E+0	1.8802170122E-2	1.7716615272E-4
3.1411583939E+0	1.3646919342E-2	1.5092466531E-4
3.1412961968E+0	9.3163657737E-3	1.2468073282E-4
3.1414077547E+0	5.8105777290E-3	9.8434919423E-5
3.1414930663E+0	3.1296017141E-3	7.2188137769E-5
3.1415521316E+0	1.2734320222E-3	4.5943520243E-5
3.1415849628E+0	2.4168738946E-4	1.9736940383E-5