# Differential cross section		
# Author: P. Swaczyna	Princeton University	(swaczyna@princeton.edu)
# Date: 	Fri 4 Dec 2020 10:37:42	
# 		
# Elastic collision: He^0 + He^0 -> He^0 + He^0		
# 		
# Red. mass: 	1.8642000787E+9	 eV/c^2
# CM energy: 	4.3651583224E-3	 eV
# Rel speed: 	6.4876802883E+4	 cm/s
# Tot sigma: 	1.5200552961E+2	 a.u.
# Int sigma: 	1.5200552961E+2	 a.u.
# 		
# Columns:		
# the <- scattering angle (rad)		
# dcs <- dsigma/dOmega*2*pi*sin(the) (a.u. = 2.8002852056E-17 cm^2)		
# wei <- weight for cross section integration (approx. width of angle bin)		
# 		
# the	dcs	wei
7.6907532846E-6	1.0318170598E-2	1.9736940383E-5
4.0521979771E-5	5.4365636216E-2	4.5943520243E-5
9.9587300392E-5	1.3360962720E-1	7.2188137769E-5
1.8489884726E-4	2.4806638480E-1	9.8434919423E-5
2.9645680168E-4	3.9773605230E-1	1.2468073282E-4
4.3425968311E-4	5.8261642616E-1	1.5092466531E-4
5.9830531657E-4	8.0270418465E-1	1.7716615272E-4
7.8859101285E-4	1.0579950443E+0	2.0340471372E-4
1.0051136166E-3	1.3484837227E+0	2.2963989267E-4
1.2478695220E-3	1.6741638417E+0	2.5587124334E-4
1.5168546797E-3	2.0350278024E+0	2.8209832342E-4
1.8120645986E-3	2.4310666381E+0	3.0832069259E-4
2.1334943481E-3	2.8622698504E+0	3.3453791144E-4
2.4811385584E-3	3.3286252274E+0	3.6074954110E-4
2.8549914211E-3	3.8301186464E+0	3.8695514312E-4
3.2550466893E-3	4.3667338602E+0	4.1315427928E-4
3.6812976783E-3	4.9384522668E+0	4.3934651156E-4
4.1337372652E-3	5.5452526642E+0	4.6553140213E-4
4.6123578895E-3	6.1871109891E+0	4.9170851331E-4
5.1171515529E-3	6.8640000398E+0	5.1787740760E-4
5.6481098199E-3	7.5758891838E+0	5.4403764760E-4
6.2052238176E-3	8.3227440500E+0	5.7018879612E-4
6.7884842360E-3	9.1045262054E+0	5.9633041614E-4
7.3978813281E-3	9.9211928174E+0	6.2246207073E-4
8.0334049101E-3	1.0772696300E+1	6.4858332323E-4
8.6950443616E-3	1.1658983947E+1	6.7469373705E-4
9.3827886258E-3	1.2579997548E+1	7.0079287589E-4
1.0096626210E-2	1.3535672993E+1	7.2688030358E-4
1.0836545184E-2	1.4525939859E+1	7.5295558414E-4
1.1602533184E-2	1.5550720988E+1	7.7901828182E-4
1.2394577408E-2	1.6609932047E+1	8.0506796108E-4
1.3212664621E-2	1.7703481074E+1	8.3110418659E-4
1.4056781152E-2	1.8831268015E+1	8.5712652325E-4
1.4926912893E-2	1.9993184247E+1	8.8313453619E-4
1.5823045305E-2	2.1189112084E+1	9.0912779076E-4
1.6745163410E-2	2.2418924275E+1	9.3510585261E-4
1.7693251801E-2	2.3682483495E+1	9.6106828758E-4
1.8667294632E-2	2.4979641811E+1	9.8701466182E-4
1.9667275626E-2	2.6310240153E+1	1.0129445417E-3
2.0693178073E-2	2.7674107763E+1	1.0388574939E-3
2.1744984827E-2	2.9071061639E+1	1.0647530855E-3
2.2822678313E-2	3.0500905972E+1	1.0906308836E-3
2.3926240519E-2	3.1963431568E+1	1.1164904558E-3
2.5055653005E-2	3.3458415266E+1	1.1423313699E-3
2.6210896896E-2	3.4985619350E+1	1.1681531941E-3
2.7391952886E-2	3.6544790952E+1	1.1939554970E-3
2.8598801239E-2	3.8135661444E+1	1.2197378472E-3
2.9831421786E-2	3.9757945837E+1	1.2454998140E-3
3.1089793929E-2	4.1411342165E+1	1.2712409668E-3
3.2373896638E-2	4.3095530867E+1	1.2969608754E-3
3.3683708455E-2	4.4810174171E+1	1.3226591101E-3
3.5019207490E-2	4.6554915470E+1	1.3483352414E-3
3.6380371427E-2	4.8329378703E+1	1.3739888402E-3
3.7767177517E-2	5.0133167732E+1	1.3996194778E-3
3.9179602586E-2	5.1965865721E+1	1.4252267258E-3
4.0617623030E-2	5.3827034518E+1	1.4508101565E-3
4.2081214817E-2	5.5716214041E+1	1.4763693421E-3
4.3570353490E-2	5.7632921666E+1	1.5019038556E-3
4.5085014162E-2	5.9576651624E+1	1.5274132703E-3
4.6625171522E-2	6.1546874404E+1	1.5528971598E-3
4.8190799831E-2	6.3543036162E+1	1.5783550984E-3
4.9781872927E-2	6.5564558145E+1	1.6037866605E-3
5.1398364219E-2	6.7610836120E+1	1.6291914212E-3
5.3040246694E-2	6.9681239823E+1	1.6545689559E-3
5.4707492914E-2	7.1775112413E+1	1.6799188405E-3
5.6400075017E-2	7.3891769951E+1	1.7052406515E-3
5.8117964718E-2	7.6030500892E+1	1.7305339655E-3
5.9861133308E-2	7.8190565595E+1	1.7557983600E-3
6.1629551657E-2	8.0371195856E+1	1.7810334128E-3
6.3423190212E-2	8.2571594461E+1	1.8062387021E-3
6.5242019000E-2	8.4790934767E+1	1.8314138067E-3
6.7086007624E-2	8.7028360307E+1	1.8565583060E-3
6.8955125270E-2	8.9282984418E+1	1.8816717796E-3
7.0849340702E-2	9.1553889910E+1	1.9067538080E-3
7.2768622264E-2	9.3840128755E+1	1.9318039720E-3
7.4712937885E-2	9.6140721816E+1	1.9568218529E-3
7.6682255070E-2	9.8454658610E+1	1.9818070327E-3
7.8676540910E-2	1.0078089711E+2	2.0067590939E-3
8.0695762079E-2	1.0311836358E+2	2.0316776194E-3
8.2739884832E-2	1.0546595246E+2	2.0565621928E-3
8.4808875009E-2	1.0782252629E+2	2.0814123983E-3
8.6902698034E-2	1.1018691568E+2	2.1062278206E-3
8.9021318917E-2	1.1255791934E+2	2.1310080450E-3
9.1164702253E-2	1.1493430411E+2	2.1557526574E-3
9.3332812224E-2	1.1731480512E+2	2.1804612443E-3
9.5525612596E-2	1.1969812595E+2	2.2051333928E-3
9.7743066726E-2	1.2208293885E+2	2.2297686905E-3
9.9985137556E-2	1.2446788503E+2	2.2543667257E-3
1.0225178762E-1	1.2685157499E+2	2.2789270875E-3
1.0454297904E-1	1.2923258896E+2	2.3034493653E-3
1.0685867352E-1	1.3160947735E+2	2.3279331494E-3
1.0919883237E-1	1.3398076127E+2	2.3523780306E-3
1.1156341648E-1	1.3634493316E+2	2.3767836004E-3
1.1395238633E-1	1.3870045744E+2	2.4011494510E-3
1.1636570200E-1	1.4104577124E+2	2.4254751751E-3
1.1880332317E-1	1.4337928526E+2	2.4497603662E-3
1.2126520909E-1	1.4569938459E+2	2.4740046186E-3
1.2375131862E-1	1.4800442971E+2	2.4982075270E-3
1.2626161023E-1	1.5029275751E+2	2.5223686871E-3
1.2879604195E-1	1.5256268243E+2	2.5464876949E-3
1.3135457143E-1	1.5481249758E+2	2.5705641475E-3
1.3393715592E-1	1.5704047610E+2	2.5945976426E-3
1.3654375226E-1	1.5924487243E+2	2.6185877784E-3
1.3917431689E-1	1.6142392378E+2	2.6425341541E-3
1.4182880585E-1	1.6357585162E+2	2.6664363695E-3
1.4450717478E-1	1.6569886329E+2	2.6902940251E-3
1.4720937892E-1	1.6779115366E+2	2.7141067224E-3
1.4993537310E-1	1.6985090686E+2	2.7378740632E-3
1.5268511179E-1	1.7187629816E+2	2.7615956505E-3
1.5545854902E-1	1.7386549584E+2	2.7852710878E-3
1.5825563845E-1	1.7581666322E+2	2.8088999795E-3
1.6107633333E-1	1.7772796069E+2	2.8324819307E-3
1.6392058653E-1	1.7959754791E+2	2.8560165473E-3
1.6678835052E-1	1.8142358600E+2	2.8795034361E-3
1.6967957737E-1	1.8320423988E+2	2.9029422044E-3
1.7259421876E-1	1.8493768059E+2	2.9263324607E-3
1.7553222599E-1	1.8662208781E+2	2.9496738141E-3
1.7849354996E-1	1.8825565232E+2	2.9729658744E-3
1.8147814117E-1	1.8983657863E+2	2.9962082525E-3
1.8448594977E-1	1.9136308758E+2	3.0194005599E-3
1.8751692548E-1	1.9283341910E+2	3.0425424091E-3
1.9057101764E-1	1.9424583496E+2	3.0656334132E-3
1.9364817522E-1	1.9559862159E+2	3.0886731866E-3
1.9674834681E-1	1.9689009295E+2	3.1116613440E-3
1.9987148058E-1	1.9811859347E+2	3.1345975014E-3
2.0301752435E-1	1.9928250098E+2	3.1574812755E-3
2.0618642554E-1	2.0038022975E+2	3.1803122838E-3
2.0937813120E-1	2.0141023349E+2	3.2030901448E-3
2.1259258799E-1	2.0237100844E+2	3.2258144779E-3
2.1582974219E-1	2.0326109642E+2	3.2484849032E-3
2.1908953970E-1	2.0407908794E+2	3.2711010421E-3
2.2237192605E-1	2.0482362534E+2	3.2936625164E-3
2.2567684639E-1	2.0549340582E+2	3.3161689492E-3
2.2900424548E-1	2.0608718466E+2	3.3386199643E-3
2.3235406772E-1	2.0660377821E+2	3.3610151867E-3
2.3572625713E-1	2.0704206706E+2	3.3833542419E-3
2.3912075735E-1	2.0740099904E+2	3.4056367567E-3
2.4253751167E-1	2.0767959226E+2	3.4278623588E-3
2.4597646298E-1	2.0787693813E+2	3.4500306767E-3
2.4943755380E-1	2.0799220426E+2	3.4721413399E-3
2.5292072631E-1	2.0802463736E+2	3.4941939790E-3
2.5642592230E-1	2.0797356607E+2	3.5161882254E-3
2.5995308318E-1	2.0783840372E+2	3.5381237115E-3
2.6350215001E-1	2.0761865096E+2	3.5600000709E-3
2.6707306349E-1	2.0731389839E+2	3.5818169379E-3
2.7066576394E-1	2.0692382902E+2	3.6035739479E-3
2.7428019131E-1	2.0644822066E+2	3.6252707373E-3
2.7791628522E-1	2.0588694818E+2	3.6469069436E-3
2.8157398488E-1	2.0523998565E+2	3.6684822051E-3
2.8525322919E-1	2.0450740838E+2	3.6899961614E-3
2.8895395665E-1	2.0368939472E+2	3.7114484529E-3
2.9267610542E-1	2.0278622788E+2	3.7328387211E-3
2.9641961330E-1	2.0179829739E+2	3.7541666086E-3
3.0018441773E-1	2.0072610059E+2	3.7754317588E-3
3.0397045579E-1	1.9957024379E+2	3.7966338166E-3
3.0777766421E-1	1.9833144333E+2	3.8177724274E-3
3.1160597938E-1	1.9701052646E+2	3.8388472382E-3
3.1545533730E-1	1.9560843193E+2	3.8598578967E-3
3.1932567367E-1	1.9412621052E+2	3.8808040517E-3
3.2321692379E-1	1.9256502522E+2	3.9016853533E-3
3.2712902264E-1	1.9092615128E+2	3.9225014525E-3
3.3106190484E-1	1.8921097600E+2	3.9432520014E-3
3.3501550468E-1	1.8742099829E+2	3.9639366533E-3
3.3898975607E-1	1.8555782801E+2	3.9845550624E-3
3.4298459261E-1	1.8362318508E+2	4.0051068843E-3
3.4699994753E-1	1.8161889830E+2	4.0255917754E-3
3.5103575373E-1	1.7954690397E+2	4.0460093936E-3
3.5509194378E-1	1.7740924426E+2	4.0663593974E-3
3.5916844988E-1	1.7520806526E+2	4.0866414469E-3
3.6326520391E-1	1.7294561489E+2	4.1068552032E-3
3.6738213741E-1	1.7062424042E+2	4.1270003283E-3
3.7151918157E-1	1.6824638587E+2	4.1470764858E-3
3.7567626728E-1	1.6581458903E+2	4.1670833400E-3
3.7985332504E-1	1.6333147834E+2	4.1870205567E-3
3.8405028507E-1	1.6079976939E+2	4.2068878026E-3
3.8826707721E-1	1.5822226130E+2	4.2266847457E-3
3.9250363101E-1	1.5560183276E+2	4.2464110553E-3
3.9675987567E-1	1.5294143786E+2	4.2660664016E-3
4.0103574005E-1	1.5024410172E+2	4.2856504563E-3
4.0533115271E-1	1.4751291576E+2	4.3051628919E-3
4.0964604185E-1	1.4475103293E+2	4.3246033825E-3
4.1398033538E-1	1.4196166258E+2	4.3439716031E-3
4.1833396086E-1	1.3914806514E+2	4.3632672302E-3
4.2270684554E-1	1.3631354669E+2	4.3824899412E-3
4.2709891633E-1	1.3346145321E+2	4.4016394148E-3
4.3151009985E-1	1.3059516478E+2	4.4207153312E-3
4.3594032237E-1	1.2771808947E+2	4.4397173715E-3
4.4038950986E-1	1.2483365723E+2	4.4586452181E-3
4.4485758797E-1	1.2194531352E+2	4.4774985548E-3
4.4934448203E-1	1.1905651283E+2	4.4962770664E-3
4.5385011706E-1	1.1617071219E+2	4.5149804392E-3
4.5837441776E-1	1.1329136442E+2	4.5336083606E-3
4.6291730852E-1	1.1042191141E+2	4.5521605193E-3
4.6747871344E-1	1.0756577730E+2	4.5706366053E-3
4.7205855627E-1	1.0472636166E+2	4.5890363098E-3
4.7665676049E-1	1.0190703252E+2	4.6073593254E-3
4.8127324926E-1	9.9111119521E+1	4.6256053458E-3
4.8590794542E-1	9.6341907009E+1	4.6437740661E-3
4.9056077152E-1	9.3602627147E+1	4.6618651826E-3
4.9523164982E-1	9.0896453105E+1	4.6798783932E-3
4.9992050224E-1	8.8226492291E+1	4.6978133967E-3
5.0462725044E-1	8.5595779681E+1	4.7156698934E-3
5.0935181576E-1	8.3007271245E+1	4.7334475849E-3
5.1409411924E-1	8.0463837502E+1	4.7511461741E-3
5.1885408164E-1	7.7968257222E+1	4.7687653653E-3
5.2363162341E-1	7.5523211292E+1	4.7863048641E-3
5.2842666471E-1	7.3131276764E+1	4.8037643772E-3
5.3323912540E-1	7.0794921110E+1	4.8211436130E-3
5.3806892508E-1	6.8516496704E+1	4.8384422809E-3
5.4291598301E-1	6.6298235540E+1	4.8556600920E-3
5.4778021821E-1	6.4142244220E+1	4.8727967585E-3
5.5266154939E-1	6.2050499210E+1	4.8898519940E-3
5.5755989496E-1	6.0024842403E+1	4.9068255135E-3
5.6247517308E-1	5.8066976992E+1	4.9237170334E-3
5.6740730160E-1	5.6178463668E+1	4.9405262713E-3
5.7235619810E-1	5.4360717164E+1	4.9572529464E-3
5.7732177988E-1	5.2615003163E+1	4.9738967791E-3
5.8230396395E-1	5.0942435566E+1	4.9904574913E-3
5.8730266706E-1	4.9343974155E+1	5.0069348063E-3
5.9231780568E-1	4.7820422639E+1	5.0233284486E-3
5.9734929598E-1	4.6372427116E+1	5.0396381444E-3
6.0239705389E-1	4.5000474934E+1	5.0558636210E-3
6.0746099506E-1	4.3704893987E+1	5.0720046074E-3
6.1254103485E-1	4.2485852423E+1	5.0880608338E-3
6.1763708838E-1	4.1343358790E+1	5.1040320318E-3
6.2274907048E-1	4.0277262618E+1	5.1199179345E-3
6.2787689573E-1	3.9287255425E+1	5.1357182766E-3
6.3302047843E-1	3.8372872173E+1	5.1514327939E-3
6.3817973262E-1	3.7533493147E+1	5.1670612238E-3
6.4335457209E-1	3.6768346270E+1	5.1826033052E-3
6.4854491036E-1	3.6076509847E+1	5.1980587783E-3
6.5375066070E-1	3.5456915725E+1	5.2134273849E-3
6.5897173609E-1	3.4908352872E+1	5.2287088681E-3
6.6420804930E-1	3.4429471357E+1	5.2439029725E-3
6.6945951283E-1	3.4018786729E+1	5.2590094442E-3
6.7472603890E-1	3.3674684771E+1	5.2740280309E-3
6.8000753951E-1	3.3395426632E+1	5.2889584814E-3
6.8530392640E-1	3.3179154309E+1	5.3038005463E-3
6.9061511106E-1	3.3023896461E+1	5.3185539776E-3
6.9594100473E-1	3.2927574557E+1	5.3332185287E-3
7.0128151841E-1	3.2888009313E+1	5.3477939546E-3
7.0663656285E-1	3.2902927417E+1	5.3622800116E-3
7.1200604856E-1	3.2969968510E+1	5.3766764577E-3
7.1738988581E-1	3.3086692412E+1	5.3909830523E-3
7.2278798463E-1	3.3250586550E+1	5.4051995564E-3
7.2820025482E-1	3.3459073591E+1	5.4193257323E-3
7.3362660591E-1	3.3709519228E+1	5.4333613439E-3
7.3906694724E-1	3.3999240111E+1	5.4473061568E-3
7.4452118788E-1	3.4325511889E+1	5.4611599379E-3
7.4998923669E-1	3.4685577338E+1	5.4749224557E-3
7.5547100229E-1	3.5076654545E+1	5.4885934801E-3
7.6096639308E-1	3.5495945128E+1	5.5021727828E-3
7.6647531721E-1	3.5940642448E+1	5.5156601367E-3
7.7199768263E-1	3.6407939807E+1	5.5290553166E-3
7.7753339704E-1	3.6895038580E+1	5.5423580985E-3
7.8308236795E-1	3.7399156277E+1	5.5555682601E-3
7.8864450262E-1	3.7917534484E+1	5.5686855808E-3
7.9421970809E-1	3.8447446671E+1	5.5817098412E-3
7.9980789121E-1	3.8986205840E+1	5.5946408237E-3
8.0540895857E-1	3.9531171978E+1	5.6074783123E-3
8.1102281659E-1	4.0079759289E+1	5.6202220924E-3
8.1664937145E-1	4.0629443199E+1	5.6328719509E-3
8.2228852912E-1	4.1177767079E+1	5.6454276767E-3
8.2794019536E-1	4.1722348695E+1	5.6578890597E-3
8.3360427572E-1	4.2260886338E+1	5.6702558918E-3
8.3928067556E-1	4.2791164630E+1	5.6825279663E-3
8.4496930000E-1	4.3311059980E+1	5.6947050782E-3
8.5067005399E-1	4.3818545669E+1	5.7067870238E-3
8.5638284226E-1	4.4311696556E+1	5.7187736014E-3
8.6210756934E-1	4.4788693383E+1	5.7306646105E-3
8.6784413956E-1	4.5247826672E+1	5.7424598526E-3
8.7359245705E-1	4.5687500194E+1	5.7541591304E-3
8.7935242576E-1	4.6106234009E+1	5.7657622485E-3
8.8512394943E-1	4.6502667065E+1	5.7772690129E-3
8.9090693161E-1	4.6875559349E+1	5.7886792314E-3
8.9670127565E-1	4.7223793587E+1	5.7999927133E-3
9.0250688473E-1	4.7546376487E+1	5.8112092696E-3
9.0832366182E-1	4.7842439534E+1	5.8223287127E-3
9.1415150972E-1	4.8111239325E+1	5.8333508568E-3
9.1999033104E-1	4.8352157456E+1	5.8442755178E-3
9.2584002820E-1	4.8564699960E+1	5.8551025132E-3
9.3170050345E-1	4.8748496315E+1	5.8658316618E-3
9.3757165885E-1	4.8903298004E+1	5.8764627846E-3
9.4345339628E-1	4.9028976674E+1	5.8869957037E-3
9.4934561746E-1	4.9125521868E+1	5.8974302433E-3
9.5524822392E-1	4.9193038372E+1	5.9077662288E-3
9.6116111701E-1	4.9231743177E+1	5.9180034877E-3
9.6708419793E-1	4.9241962074E+1	5.9281418487E-3
9.7301736769E-1	4.9224125908E+1	5.9381811425E-3
9.7896052713E-1	4.9178766496E+1	5.9481212013E-3
9.8491357695E-1	4.9106512245E+1	5.9579618591E-3
9.9087641766E-1	4.9008083475E+1	5.9677029512E-3
9.9684894961E-1	4.8884287486E+1	5.9773443150E-3
1.0028310730E+0	4.8736013376E+1	5.9868857894E-3
1.0088226878E+0	4.8564226648E+1	5.9963272149E-3
1.0148236940E+0	4.8369963625E+1	6.0056684336E-3
1.0208339913E+0	4.8154325688E+1	6.0149092896E-3
1.0268534791E+0	4.7918473388E+1	6.0240496283E-3
1.0328820570E+0	4.7663620427E+1	6.0330892971E-3
1.0389196241E+0	4.7391027561E+1	6.0420281448E-3
1.0449660796E+0	4.7101996435E+1	6.0508660221E-3
1.0510213224E+0	4.6797863381E+1	6.0596027814E-3
1.0570852514E+0	4.6479993204E+1	6.0682382765E-3
1.0631577652E+0	4.6149772991E+1	6.0767723631E-3
1.0692387623E+0	4.5808605944E+1	6.0852048988E-3
1.0753281411E+0	4.5457905295E+1	6.0935357425E-3
1.0814257998E+0	4.5099088300E+1	6.1017647550E-3
1.0875316366E+0	4.4733570350E+1	6.1098917988E-3
1.0936455494E+0	4.4362759210E+1	6.1179167381E-3
1.0997674360E+0	4.3988049427E+1	6.1258394388E-3
1.1058971941E+0	4.3610816901E+1	6.1336597685E-3
1.1120347214E+0	4.3232413667E+1	6.1413775965E-3
1.1181799151E+0	4.2854162880E+1	6.1489927938E-3
1.1243326727E+0	4.2477354041E+1	6.1565052331E-3
1.1304928913E+0	4.2103238468E+1	6.1639147890E-3
1.1366604679E+0	4.1733025026E+1	6.1712213376E-3
1.1428352996E+0	4.1367876139E+1	6.1784247568E-3
1.1490172830E+0	4.1008904087E+1	6.1855249261E-3
1.1552063150E+0	4.0657167595E+1	6.1925217271E-3
1.1614022920E+0	4.0313668737E+1	6.1994150427E-3
1.1676051105E+0	3.9979350142E+1	6.2062047577E-3
1.1738146669E+0	3.9655092528E+1	6.2128907587E-3
1.1800308574E+0	3.9341712550E+1	6.2194729339E-3
1.1862535782E+0	3.9039960977E+1	6.2259511734E-3
1.1924827251E+0	3.8750521193E+1	6.2323253688E-3
1.1987181942E+0	3.8474008020E+1	6.2385954138E-3
1.2049598812E+0	3.8210966868E+1	6.2447612034E-3
1.2112076818E+0	3.7961873199E+1	6.2508226346E-3
1.2174614916E+0	3.7727132308E+1	6.2567796062E-3
1.2237212062E+0	3.7507079408E+1	6.2626320186E-3
1.2299867208E+0	3.7301980021E+1	6.2683797740E-3
1.2362579308E+0	3.7112030653E+1	6.2740227763E-3
1.2425347314E+0	3.6937359753E+1	6.2795609313E-3
1.2488170177E+0	3.6778028944E+1	6.2849941464E-3
1.2551046847E+0	3.6634034508E+1	6.2903223308E-3
1.2613976273E+0	3.6505309122E+1	6.2955453954E-3
1.2676957404E+0	3.6391723816E+1	6.3006632530E-3
1.2739989187E+0	3.6293090156E+1	6.3056758180E-3
1.2803070569E+0	3.6209162627E+1	6.3105830068E-3
1.2866200496E+0	3.6139641194E+1	6.3153847371E-3
1.2929377912E+0	3.6084174044E+1	6.3200809290E-3
1.2992601762E+0	3.6042360470E+1	6.3246715037E-3
1.3055870990E+0	3.6013753896E+1	6.3291563847E-3
1.3119184537E+0	3.5997865017E+1	6.3335354970E-3
1.3182541347E+0	3.5994165046E+1	6.3378087674E-3
1.3245940360E+0	3.6002089034E+1	6.3419761245E-3
1.3309380516E+0	3.6021039266E+1	6.3460374987E-3
1.3372860756E+0	3.6050388697E+1	6.3499928220E-3
1.3436380019E+0	3.6089484429E+1	6.3538420284E-3
1.3499937243E+0	3.6137651194E+1	6.3575850535E-3
1.3563531366E+0	3.6194194842E+1	6.3612218349E-3
1.3627161325E+0	3.6258405808E+1	6.3647523117E-3
1.3690826057E+0	3.6329562548E+1	6.3681764249E-3
1.3754524499E+0	3.6406934930E+1	6.3714941173E-3
1.3818255585E+0	3.6489787554E+1	6.3747053335E-3
1.3882018250E+0	3.6577383013E+1	6.3778100198E-3
1.3945811430E+0	3.6668985046E+1	6.3808081243E-3
1.4009634057E+0	3.6763861613E+1	6.3836995970E-3
1.4073485066E+0	3.6861287839E+1	6.3864843894E-3
1.4137363389E+0	3.6960548851E+1	6.3891624551E-3
1.4201267959E+0	3.7060942476E+1	6.3917337493E-3
1.4265197708E+0	3.7161781806E+1	6.3941982290E-3
1.4329151568E+0	3.7262397612E+1	6.3965558531E-3
1.4393128469E+0	3.7362140606E+1	6.3988065821E-3
1.4457127343E+0	3.7460383543E+1	6.4009503785E-3
1.4521147120E+0	3.7556523163E+1	6.4029872063E-3
1.4585186731E+0	3.7649981960E+1	6.4049170317E-3
1.4649245104E+0	3.7740209784E+1	6.4067398222E-3
1.4713321170E+0	3.7826685272E+1	6.4084555476E-3
1.4777413858E+0	3.7908917098E+1	6.4100641790E-3
1.4841522097E+0	3.7986445060E+1	6.4115656896E-3
1.4905644815E+0	3.8058840985E+1	6.4129600544E-3
1.4969780940E+0	3.8125709464E+1	6.4142472499E-3
1.5033929402E+0	3.8186688425E+1	6.4154272548E-3
1.5098089128E+0	3.8241449529E+1	6.4165000493E-3
1.5162259046E+0	3.8289698407E+1	6.4174656154E-3
1.5226438083E+0	3.8331174744E+1	6.4183239370E-3
1.5290625167E+0	3.8365652203E+1	6.4190749998E-3
1.5354819225E+0	3.8392938201E+1	6.4197187912E-3
1.5419019185E+0	3.8412873551E+1	6.4202553005E-3
1.5483223974E+0	3.8425331958E+1	6.4206845187E-3
1.5547432518E+0	3.8430219397E+1	6.4210064386E-3
1.5611643745E+0	3.8427473362E+1	6.4212210549E-3
1.5675856581E+0	3.8417062008E+1	6.4213283639E-3
1.5740069954E+0	3.8398983184E+1	6.4213283639E-3
1.5804282791E+0	3.8373263371E+1	6.4212210549E-3
1.5868494018E+0	3.8339956534E+1	6.4210064386E-3
1.5932702562E+0	3.8299142887E+1	6.4206845187E-3
1.5996907351E+0	3.8250927592E+1	6.4202553005E-3
1.6061107310E+0	3.8195439397E+1	6.4197187912E-3
1.6125301369E+0	3.8132829217E+1	6.4190749998E-3
1.6189488453E+0	3.8063268667E+1	6.4183239370E-3
1.6253667490E+0	3.7986948562E+1	6.4174656154E-3
1.6317837408E+0	3.7904077390E+1	6.4165000493E-3
1.6381997134E+0	3.7814879758E+1	6.4154272548E-3
1.6446145595E+0	3.7719594833E+1	6.4142472499E-3
1.6510281721E+0	3.7618474772E+1	6.4129600544E-3
1.6574404439E+0	3.7511783157E+1	6.4115656896E-3
1.6638512678E+0	3.7399793441E+1	6.4100641790E-3
1.6702605366E+0	3.7282787412E+1	6.4084555476E-3
1.6766681432E+0	3.7161053672E+1	6.4067398222E-3
1.6830739805E+0	3.7034886156E+1	6.4049170317E-3
1.6894779416E+0	3.6904582679E+1	6.4029872063E-3
1.6958799193E+0	3.6770443524E+1	6.4009503785E-3
1.7022798067E+0	3.6632770077E+1	6.3988065821E-3
1.7086774968E+0	3.6491863513E+1	6.3965558531E-3
1.7150728827E+0	3.6348023530E+1	6.3941982290E-3
1.7214658576E+0	3.6201547146E+1	6.3917337493E-3
1.7278563146E+0	3.6052727556E+1	6.3891624551E-3
1.7342441470E+0	3.5901853049E+1	6.3864843894E-3
1.7406292478E+0	3.5749205994E+1	6.3836995970E-3
1.7470115106E+0	3.5595061891E+1	6.3808081243E-3
1.7533908286E+0	3.5439688499E+1	6.3778100198E-3
1.7597670951E+0	3.5283345019E+1	6.3747053335E-3
1.7661402037E+0	3.5126281368E+1	6.3714941173E-3
1.7725100479E+0	3.4968737508E+1	6.3681764249E-3
1.7788765211E+0	3.4810942854E+1	6.3647523117E-3
1.7852395170E+0	3.4653115758E+1	6.3612218349E-3
1.7915989293E+0	3.4495463049E+1	6.3575850535E-3
1.7979546517E+0	3.4338179662E+1	6.3538420284E-3
1.8043065780E+0	3.4181448318E+1	6.3499928220E-3
1.8106546020E+0	3.4025439284E+1	6.3460374987E-3
1.8169986176E+0	3.3870310190E+1	6.3419761245E-3
1.8233385189E+0	3.3716205912E+1	6.3378087674E-3
1.8296741999E+0	3.3563258517E+1	6.3335354970E-3
1.8360055546E+0	3.3411587266E+1	6.3291563847E-3
1.8423324774E+0	3.3261298670E+1	6.3246715037E-3
1.8486548624E+0	3.3112486607E+1	6.3200809290E-3
1.8549726040E+0	3.2965232477E+1	6.3153847371E-3
1.8612855967E+0	3.2819605418E+1	6.3105830068E-3
1.8675937349E+0	3.2675662554E+1	6.3056758180E-3
1.8738969132E+0	3.2533449297E+1	6.3006632530E-3
1.8801950263E+0	3.2392999673E+1	6.2955453954E-3
1.8864879689E+0	3.2254336693E+1	6.2903223308E-3
1.8927756359E+0	3.2117472752E+1	6.2849941464E-3
1.8990579222E+0	3.1982410056E+1	6.2795609313E-3
1.9053347228E+0	3.1849141075E+1	6.2740227763E-3
1.9116059328E+0	3.1717649018E+1	6.2683797740E-3
1.9178714474E+0	3.1587908324E+1	6.2626320186E-3
1.9241311620E+0	3.1459885174E+1	6.2567796062E-3
1.9303849718E+0	3.1333538008E+1	6.2508226346E-3
1.9366327724E+0	3.1208818062E+1	6.2447612034E-3
1.9428744594E+0	3.1085669902E+1	6.2385954138E-3
1.9491099285E+0	3.0964031967E+1	6.2323253688E-3
1.9553390754E+0	3.0843837117E+1	6.2259511734E-3
1.9615617961E+0	3.0725013169E+1	6.2194729339E-3
1.9677779867E+0	3.0607483443E+1	6.2128907587E-3
1.9739875431E+0	3.0491167294E+1	6.2062047577E-3
1.9801903616E+0	3.0375980638E+1	6.1994150427E-3
1.9863863386E+0	3.0261836473E+1	6.1925217271E-3
1.9925753706E+0	3.0148645379E+1	6.1855249261E-3
1.9987573540E+0	3.0036316018E+1	6.1784247568E-3
2.0049321857E+0	2.9924755607E+1	6.1712213376E-3
2.0110997623E+0	2.9813870382E+1	6.1639147890E-3
2.0172599809E+0	2.9703566044E+1	6.1565052331E-3
2.0234127385E+0	2.9593748186E+1	6.1489927938E-3
2.0295579322E+0	2.9484322701E+1	6.1413775965E-3
2.0356954595E+0	2.9375196166E+1	6.1336597685E-3
2.0418252176E+0	2.9266276216E+1	6.1258394388E-3
2.0479471042E+0	2.9157471884E+1	6.1179167381E-3
2.0540610170E+0	2.9048693927E+1	6.1098917988E-3
2.0601668538E+0	2.8939855125E+1	6.1017647550E-3
2.0662645125E+0	2.8830870567E+1	6.0935357425E-3
2.0723538913E+0	2.8721657901E+1	6.0852048988E-3
2.0784348884E+0	2.8612137573E+1	6.0767723631E-3
2.0845074022E+0	2.8502233038E+1	6.0682382765E-3
2.0905713312E+0	2.8391870952E+1	6.0596027814E-3
2.0966265740E+0	2.8280981339E+1	6.0508660221E-3
2.1026730295E+0	2.8169497740E+1	6.0420281448E-3
2.1087105966E+0	2.8057357340E+1	6.0330892971E-3
2.1147391745E+0	2.7944501072E+1	6.0240496283E-3
2.1207586623E+0	2.7830873705E+1	6.0149092896E-3
2.1267689596E+0	2.7716423913E+1	6.0056684336E-3
2.1327699657E+0	2.7601104321E+1	5.9963272149E-3
2.1387615806E+0	2.7484871538E+1	5.9868857894E-3
2.1447437040E+0	2.7367686172E+1	5.9773443150E-3
2.1507162359E+0	2.7249512824E+1	5.9677029512E-3
2.1566790766E+0	2.7130320078E+1	5.9579618591E-3
2.1626321265E+0	2.7010080462E+1	5.9481212013E-3
2.1685752859E+0	2.6888770409E+1	5.9381811425E-3
2.1745084557E+0	2.6766370196E+1	5.9281418487E-3
2.1804315366E+0	2.6642863873E+1	5.9180034877E-3
2.1863444297E+0	2.6518239187E+1	5.9077662288E-3
2.1922470361E+0	2.6392487488E+1	5.8974302433E-3
2.1981392573E+0	2.6265603631E+1	5.8869957037E-3
2.2040209947E+0	2.6137585865E+1	5.8764627846E-3
2.2098921501E+0	2.6008435723E+1	5.8658316618E-3
2.2157526254E+0	2.5878157896E+1	5.8551025132E-3
2.2216023226E+0	2.5746760107E+1	5.8442755178E-3
2.2274411439E+0	2.5614252977E+1	5.8333508568E-3
2.2332689918E+0	2.5480649891E+1	5.8223287127E-3
2.2390857689E+0	2.5345966853E+1	5.8112092696E-3
2.2448913779E+0	2.5210222351E+1	5.7999927133E-3
2.2506857220E+0	2.5073437204E+1	5.7886792314E-3
2.2564687042E+0	2.4935634420E+1	5.7772690129E-3
2.2622402278E+0	2.4796839050E+1	5.7657622485E-3
2.2680001965E+0	2.4657078038E+1	5.7541591304E-3
2.2737485140E+0	2.4516380077E+1	5.7424598526E-3
2.2794850843E+0	2.4374775463E+1	5.7306646105E-3
2.2852098113E+0	2.4232295949E+1	5.7187736014E-3
2.2909225996E+0	2.4088974608E+1	5.7067870238E-3
2.2966233536E+0	2.3944845686E+1	5.6947050782E-3
2.3023119780E+0	2.3799944472E+1	5.6825279663E-3
2.3079883779E+0	2.3654307160E+1	5.6702558918E-3
2.3136524582E+0	2.3507970722E+1	5.6578890597E-3
2.3193041245E+0	2.3360972775E+1	5.6454276767E-3
2.3249432821E+0	2.3213351469E+1	5.6328719509E-3
2.3305698370E+0	2.3065145357E+1	5.6202220924E-3
2.3361836950E+0	2.2916393290E+1	5.6074783123E-3
2.3417847624E+0	2.2767134304E+1	5.5946408237E-3
2.3473729455E+0	2.2617407515E+1	5.5817098412E-3
2.3529481510E+0	2.2467252021E+1	5.5686855808E-3
2.3585102856E+0	2.2316706805E+1	5.5555682601E-3
2.3640592565E+0	2.2165810649E+1	5.5423580985E-3
2.3695949710E+0	2.2014602046E+1	5.5290553166E-3
2.3751173364E+0	2.1863119120E+1	5.5156601367E-3
2.3806262605E+0	2.1711399557E+1	5.5021727828E-3
2.3861216513E+0	2.1559480529E+1	5.4885934801E-3
2.3916034169E+0	2.1407398631E+1	5.4749224557E-3
2.3970714657E+0	2.1255189825E+1	5.4611599379E-3
2.4025257064E+0	2.1102889383E+1	5.4473061568E-3
2.4079660477E+0	2.0950531838E+1	5.4333613439E-3
2.4133923988E+0	2.0798150935E+1	5.4193257323E-3
2.4188046690E+0	2.0645779600E+1	5.4051995564E-3
2.4242027678E+0	2.0493449892E+1	5.3909830523E-3
2.4295866050E+0	2.0341192981E+1	5.3766764577E-3
2.4349560907E+0	2.0189039118E+1	5.3622800116E-3
2.4403111352E+0	2.0037017606E+1	5.3477939546E-3
2.4456516489E+0	1.9885156792E+1	5.3332185287E-3
2.4509775425E+0	1.9733484038E+1	5.3185539776E-3
2.4562887272E+0	1.9582025722E+1	5.3038005463E-3
2.4615851141E+0	1.9430807219E+1	5.2889584814E-3
2.4668666147E+0	1.9279852901E+1	5.2740280309E-3
2.4721331408E+0	1.9129186134E+1	5.2590094442E-3
2.4773846043E+0	1.8978829278E+1	5.2439029725E-3
2.4826209175E+0	1.8828803691E+1	5.2287088681E-3
2.4878419929E+0	1.8679129736E+1	5.2134273849E-3
2.4930477432E+0	1.8529826786E+1	5.1980587783E-3
2.4982380815E+0	1.8380913241E+1	5.1826033052E-3
2.5034129210E+0	1.8232406533E+1	5.1670612238E-3
2.5085721752E+0	1.8084323149E+1	5.1514327939E-3
2.5137157579E+0	1.7936678641E+1	5.1357182766E-3
2.5188435831E+0	1.7789487649E+1	5.1199179345E-3
2.5239555652E+0	1.7642763917E+1	5.1040320318E-3
2.5290516187E+0	1.7496520316E+1	5.0880608338E-3
2.5341316585E+0	1.7350768869E+1	5.0720046074E-3
2.5391955997E+0	1.7205520769E+1	5.0558636210E-3
2.5442433576E+0	1.7060786406E+1	5.0396381444E-3
2.5492748479E+0	1.6916575393E+1	5.0233284486E-3
2.5542899865E+0	1.6772896590E+1	5.0069348063E-3
2.5592886896E+0	1.6629758133E+1	4.9904574913E-3
2.5642708737E+0	1.6487167455E+1	4.9738967791E-3
2.5692364555E+0	1.6345131322E+1	4.9572529464E-3
2.5741853520E+0	1.6203655852E+1	4.9405262713E-3
2.5791174805E+0	1.6062746548E+1	4.9237170334E-3
2.5840327586E+0	1.5922408323E+1	4.9068255135E-3
2.5889311042E+0	1.5782645529E+1	4.8898519940E-3
2.5938124354E+0	1.5643461985E+1	4.8727967585E-3
2.5986766706E+0	1.5504861000E+1	4.8556600920E-3
2.6035237285E+0	1.5366845407E+1	4.8384422809E-3
2.6083535282E+0	1.5229417584E+1	4.8211436130E-3
2.6131659889E+0	1.5092579485E+1	4.8037643772E-3
2.6179610302E+0	1.4956332662E+1	4.7863048641E-3
2.6227385719E+0	1.4820678293E+1	4.7687653653E-3
2.6274985343E+0	1.4685617207E+1	4.7511461741E-3
2.6322408378E+0	1.4551149908E+1	4.7334475849E-3
2.6369654032E+0	1.4417276599E+1	4.7156698934E-3
2.6416721513E+0	1.4283997206E+1	4.6978133967E-3
2.6463610038E+0	1.4151311398E+1	4.6798783932E-3
2.6510318821E+0	1.4019218616E+1	4.6618651826E-3
2.6556847082E+0	1.3887718084E+1	4.6437740661E-3
2.6603194043E+0	1.3756808839E+1	4.6256053458E-3
2.6649358931E+0	1.3626489747E+1	4.6073593254E-3
2.6695340973E+0	1.3496759520E+1	4.5890363098E-3
2.6741139402E+0	1.3367616740E+1	4.5706366053E-3
2.6786753451E+0	1.3239059873E+1	4.5521605193E-3
2.6832182358E+0	1.3111087285E+1	4.5336083606E-3
2.6877425365E+0	1.2983697261E+1	4.5149804392E-3
2.6922481716E+0	1.2856888020E+1	4.4962770664E-3
2.6967350656E+0	1.2730657729E+1	4.4774985548E-3
2.7012031437E+0	1.2605004515E+1	4.4586452181E-3
2.7056523312E+0	1.2479926485E+1	4.4397173715E-3
2.7100825537E+0	1.2355421729E+1	4.4207153312E-3
2.7144937373E+0	1.2231488340E+1	4.4016394148E-3
2.7188858081E+0	1.2108124422E+1	4.3824899412E-3
2.7232586927E+0	1.1985328099E+1	4.3632672302E-3
2.7276123182E+0	1.1863097526E+1	4.3439716031E-3
2.7319466117E+0	1.1741430900E+1	4.3246033825E-3
2.7362615009E+0	1.1620326467E+1	4.3051628919E-3
2.7405569135E+0	1.1499782527E+1	4.2856504563E-3
2.7448327779E+0	1.1379797446E+1	4.2660664016E-3
2.7490890226E+0	1.1260369660E+1	4.2464110553E-3
2.7533255764E+0	1.1141497683E+1	4.2266847457E-3
2.7575423685E+0	1.1023180108E+1	4.2068878026E-3
2.7617393285E+0	1.0905415618E+1	4.1870205567E-3
2.7659163863E+0	1.0788202985E+1	4.1670833400E-3
2.7700734720E+0	1.0671541079E+1	4.1470764858E-3
2.7742105162E+0	1.0555428867E+1	4.1270003283E-3
2.7783274497E+0	1.0439865418E+1	4.1068552032E-3
2.7824242037E+0	1.0324849908E+1	4.0866414469E-3
2.7865007098E+0	1.0210381615E+1	4.0663593974E-3
2.7905568999E+0	1.0096459929E+1	4.0460093936E-3
2.7945927061E+0	9.9830843488E+0	4.0255917754E-3
2.7986080610E+0	9.8702544836E+0	4.0051068843E-3
2.8026028975E+0	9.7579700539E+0	3.9845550624E-3
2.8065771489E+0	9.6462308919E+0	3.9639366533E-3
2.8105307487E+0	9.5350369415E+0	3.9432520014E-3
2.8144636309E+0	9.4243882580E+0	3.9225014525E-3
2.8183757298E+0	9.3142850072E+0	3.9016853533E-3
2.8222669799E+0	9.2047274650E+0	3.8808040517E-3
2.8261373163E+0	9.0957160164E+0	3.8598578967E-3
2.8299866742E+0	8.9872511538E+0	3.8388472382E-3
2.8338149894E+0	8.8793334756E+0	3.8177724274E-3
2.8376221978E+0	8.7719636847E+0	3.7966338166E-3
2.8414082359E+0	8.6651425868E+0	3.7754317588E-3
2.8451730403E+0	8.5588710877E+0	3.7541666086E-3
2.8489165482E+0	8.4531501917E+0	3.7328387211E-3
2.8526386969E+0	8.3479809992E+0	3.7114484529E-3
2.8563394244E+0	8.2433647039E+0	3.6899961614E-3
2.8600186687E+0	8.1393025906E+0	3.6684822051E-3
2.8636763684E+0	8.0357960326E+0	3.6469069436E-3
2.8673124623E+0	7.9328464885E+0	3.6252707373E-3
2.8709268897E+0	7.8304554996E+0	3.6035739479E-3
2.8745195901E+0	7.7286246875E+0	3.5818169379E-3
2.8780905036E+0	7.6273557501E+0	3.5600000709E-3
2.8816395704E+0	7.5266504597E+0	3.5381237115E-3
2.8851667313E+0	7.4265106592E+0	3.5161882254E-3
2.8886719273E+0	7.3269382593E+0	3.4941939790E-3
2.8921550998E+0	7.2279352355E+0	3.4721413399E-3
2.8956161906E+0	7.1295036249E+0	3.4500306767E-3
2.8990551419E+0	7.0316455231E+0	3.4278623588E-3
2.9024718962E+0	6.9343630810E+0	3.4056367567E-3
2.9058663965E+0	6.8376585019E+0	3.3833542419E-3
2.9092385859E+0	6.7415340384E+0	3.3610151867E-3
2.9125884081E+0	6.6459919891E+0	3.3386199643E-3
2.9159158072E+0	6.5510346957E+0	3.3161689492E-3
2.9192207275E+0	6.4566645402E+0	3.2936625164E-3
2.9225031139E+0	6.3628839416E+0	3.2711010421E-3
2.9257629114E+0	6.2696953531E+0	3.2484849032E-3
2.9290000656E+0	6.1771012592E+0	3.2258144779E-3
2.9322145224E+0	6.0851041729E+0	3.2030901448E-3
2.9354062280E+0	5.9937066329E+0	3.1803122838E-3
2.9385751292E+0	5.9029112008E+0	3.1574812755E-3
2.9417211730E+0	5.8127204585E+0	3.1345975014E-3
2.9448443068E+0	5.7231370053E+0	3.1116613440E-3
2.9479444784E+0	5.6341634559E+0	3.0886731866E-3
2.9510216360E+0	5.5458024372E+0	3.0656334132E-3
2.9540757281E+0	5.4580565866E+0	3.0425424091E-3
2.9571067038E+0	5.3709285489E+0	3.0194005599E-3
2.9601145124E+0	5.2844209746E+0	2.9962082525E-3
2.9630991036E+0	5.1985365172E+0	2.9729658744E-3
2.9660604276E+0	5.1132778315E+0	2.9496738141E-3
2.9689984348E+0	5.0286475710E+0	2.9263324607E-3
2.9719130762E+0	4.9446483864E+0	2.9029422044E-3
2.9748043031E+0	4.8612829232E+0	2.8795034361E-3
2.9776720671E+0	4.7785538201E+0	2.8560165473E-3
2.9805163203E+0	4.6964637069E+0	2.8324819307E-3
2.9833370151E+0	4.6150152033E+0	2.8088999795E-3
2.9861341046E+0	4.5342109166E+0	2.7852710878E-3
2.9889075418E+0	4.4540534406E+0	2.7615956505E-3
2.9916572805E+0	4.3745453539E+0	2.7378740632E-3
2.9943832747E+0	4.2956892182E+0	2.7141067224E-3
2.9970854788E+0	4.2174875774E+0	2.6902940251E-3
2.9997638477E+0	4.1399429559E+0	2.6664363695E-3
3.0024183367E+0	4.0630578574E+0	2.6425341541E-3
3.0050489013E+0	3.9868347641E+0	2.6185877784E-3
3.0076554977E+0	3.9112761350E+0	2.5945976426E-3
3.0102380822E+0	3.8363844052E+0	2.5705641475E-3
3.0127966116E+0	3.7621619850E+0	2.5464876949E-3
3.0153310434E+0	3.6886112585E+0	2.5223686871E-3
3.0178413350E+0	3.6157345834E+0	2.4982075270E-3
3.0203274445E+0	3.5435342896E+0	2.4740046186E-3
3.0227893304E+0	3.4720126789E+0	2.4497603662E-3
3.0252269516E+0	3.4011720238E+0	2.4254751751E-3
3.0276402673E+0	3.3310145676E+0	2.4011494510E-3
3.0300292371E+0	3.2615425229E+0	2.3767836004E-3
3.0323938212E+0	3.1927580719E+0	2.3523780306E-3
3.0347339801E+0	3.1246633655E+0	2.3279331494E-3
3.0370496746E+0	3.0572605228E+0	2.3034493653E-3
3.0393408660E+0	2.9905516310E+0	2.2789270875E-3
3.0416075160E+0	2.9245387449E+0	2.2543667257E-3
3.0438495869E+0	2.8592238865E+0	2.2297686905E-3
3.0460670410E+0	2.7946090450E+0	2.2051333928E-3
3.0482598414E+0	2.7306961765E+0	2.1804612443E-3
3.0504279513E+0	2.6674872036E+0	2.1557526574E-3
3.0525713347E+0	2.6049840155E+0	2.1310080450E-3
3.0546899556E+0	2.5431884682E+0	2.1062278206E-3
3.0567837786E+0	2.4821023835E+0	2.0814123983E-3
3.0588527688E+0	2.4217275501E+0	2.0565621928E-3
3.0608968915E+0	2.3620657229E+0	2.0316776194E-3
3.0629161127E+0	2.3031186231E+0	2.0067590939E-3
3.0649103985E+0	2.2448879385E+0	1.9818070327E-3
3.0668797157E+0	2.1873753235E+0	1.9568218529E-3
3.0688240313E+0	2.1305823991E+0	1.9318039720E-3
3.0707433129E+0	2.0745107534E+0	1.9067538080E-3
3.0726375283E+0	2.0191619410E+0	1.8816717796E-3
3.0745066460E+0	1.9645374842E+0	1.8565583060E-3
3.0763506346E+0	1.9106388725E+0	1.8314138067E-3
3.0781694634E+0	1.8574675631E+0	1.8062387021E-3
3.0799631019E+0	1.8050249809E+0	1.7810334128E-3
3.0817315203E+0	1.7533125192E+0	1.7557983600E-3
3.0834746889E+0	1.7023315396E+0	1.7305339655E-3
3.0851925786E+0	1.6520833727E+0	1.7052406515E-3
3.0868851607E+0	1.6025693176E+0	1.6799188405E-3
3.0885524069E+0	1.5537906434E+0	1.6545689559E-3
3.0901942894E+0	1.5057485885E+0	1.6291914212E-3
3.0918107807E+0	1.4584443616E+0	1.6037866605E-3
3.0934018538E+0	1.4118791415E+0	1.5783550984E-3
3.0949674821E+0	1.3660540781E+0	1.5528971598E-3
3.0965076394E+0	1.3209702924E+0	1.5274132703E-3
3.0980223001E+0	1.2766288768E+0	1.5019038556E-3
3.0995114388E+0	1.2330308956E+0	1.4763693421E-3
3.1009750306E+0	1.1901773855E+0	1.4508101565E-3
3.1024130510E+0	1.1480693560E+0	1.4252267258E-3
3.1038254761E+0	1.1067077894E+0	1.3996194778E-3
3.1052122822E+0	1.0660936418E+0	1.3739888402E-3
3.1065734461E+0	1.0262278429E+0	1.3483352414E-3
3.1079089451E+0	9.8711129707E-1	1.3226591101E-3
3.1092187570E+0	9.4874488302E-1	1.2969608754E-3
3.1105028597E+0	9.1112945477E-1	1.2712409668E-3
3.1117612318E+0	8.7426584178E-1	1.2454998140E-3
3.1129938524E+0	8.3815484945E-1	1.2197378472E-3
3.1142007007E+0	8.0279725947E-1	1.1939554970E-3
3.1153817567E+0	7.6819383024E-1	1.1681531941E-3
3.1165370006E+0	7.3434529726E-1	1.1423313699E-3
3.1176664131E+0	7.0125237353E-1	1.1164904558E-3
3.1187699753E+0	6.6891574992E-1	1.0906308836E-3
3.1198476688E+0	6.3733609556E-1	1.0647530855E-3
3.1208994755E+0	6.0651405821E-1	1.0388574939E-3
3.1219253780E+0	5.7645026467E-1	1.0129445417E-3
3.1229253590E+0	5.4714532108E-1	9.8701466182E-4
3.1238994018E+0	5.1859981333E-1	9.6106828758E-4
3.1248474902E+0	4.9081430743E-1	9.3510585261E-4
3.1257696083E+0	4.6378934979E-1	9.0912779076E-4
3.1266657407E+0	4.3752546763E-1	8.8313453619E-4
3.1275358724E+0	4.1202316929E-1	8.5712652325E-4
3.1283799890E+0	3.8728294454E-1	8.3110418659E-4
3.1291980762E+0	3.6330526493E-1	8.0506796108E-4
3.1299901204E+0	3.4009058406E-1	7.7901828182E-4
3.1307561084E+0	3.1763933795E-1	7.5295558414E-4
3.1314960274E+0	2.9595194528E-1	7.2688030358E-4
3.1322098650E+0	2.7502880767E-1	7.0079287589E-4
3.1328976092E+0	2.5487031001E-1	6.7469373705E-4
3.1335592487E+0	2.3547682071E-1	6.4858332323E-4
3.1341947723E+0	2.1684869191E-1	6.2246207073E-4
3.1348041694E+0	1.9898625982E-1	5.9633041614E-4
3.1353874298E+0	1.8188984489E-1	5.7018879612E-4
3.1359445438E+0	1.6555975208E-1	5.4403764760E-4
3.1364755020E+0	1.4999627108E-1	5.1787740760E-4
3.1369802957E+0	1.3519967649E-1	4.9170851331E-4
3.1374589163E+0	1.2117022809E-1	4.6553140213E-4
3.1379113559E+0	1.0790817098E-1	4.3934651156E-4
3.1383376069E+0	9.5413735781E-2	4.1315427928E-4
3.1387376622E+0	8.3687138813E-2	3.8695514312E-4
3.1391115150E+0	7.2728582259E-2	3.6074954110E-4
3.1394591592E+0	6.2538254317E-2	3.3453791144E-4
3.1397805890E+0	5.3116329341E-2	3.0832069259E-4
3.1400757989E+0	4.4462967973E-2	2.8209832342E-4
3.1403447841E+0	3.6578317256E-2	2.5587124334E-4
3.1405875400E+0	2.9462510732E-2	2.2963989267E-4
3.1408040626E+0	2.3115668506E-2	2.0340471372E-4
3.1409943483E+0	1.7537897267E-2	1.7716615272E-4
3.1411583939E+0	1.2729290186E-2	1.5092466531E-4
3.1412961968E+0	8.6899265277E-3	1.2468073282E-4
3.1414077547E+0	5.4198703074E-3	9.8434919423E-5
3.1414930663E+0	2.9191650639E-3	7.2188137769E-5
3.1415521316E+0	1.1878055477E-3	4.5943520243E-5
3.1415849628E+0	2.2543615766E-4	1.9736940383E-5