# Differential cross section		
# Author: P. Swaczyna	Princeton University	(swaczyna@princeton.edu)
# Date: 	Fri 4 Dec 2020 10:33:13	
# 		
# Elastic collision: He^0 + He^0 -> He^0 + He^0		
# 		
# Red. mass: 	1.8642000787E+9	 eV/c^2
# CM energy: 	1.1885022274E-4	 eV
# Rel speed: 	1.0705068233E+4	 cm/s
# Tot sigma: 	8.3210555301E+1	 a.u.
# Int sigma: 	8.3210555301E+1	 a.u.
# 		
# Columns:		
# the <- scattering angle (rad)		
# dcs <- dsigma/dOmega*2*pi*sin(the) (a.u. = 2.8002852056E-17 cm^2)		
# wei <- weight for cross section integration (approx. width of angle bin)		
# 		
# the	dcs	wei
7.6907532846E-6	3.2136560436E-4	1.9736940383E-5
4.0521979771E-5	1.6932503272E-3	4.5943520243E-5
9.9587300392E-5	4.1613521771E-3	7.2188137769E-5
1.8489884726E-4	7.7261780811E-3	9.8434919423E-5
2.9645680168E-4	1.2387735544E-2	1.2468073282E-4
4.3425968311E-4	1.8145962549E-2	1.5092466531E-4
5.9830531657E-4	2.5000767925E-2	1.7716615272E-4
7.8859101285E-4	3.2952038826E-2	2.0340471372E-4
1.0051136166E-3	4.1999642661E-2	2.2963989267E-4
1.2478695220E-3	5.2143427679E-2	2.5587124334E-4
1.5168546797E-3	6.3383223134E-2	2.8209832342E-4
1.8120645986E-3	7.5718839298E-2	3.0832069259E-4
2.1334943481E-3	8.9150067400E-2	3.3453791144E-4
2.4811385584E-3	1.0367667953E-1	3.6074954110E-4
2.8549914211E-3	1.1929842851E-1	3.8695514312E-4
3.2550466893E-3	1.3601504776E-1	4.1315427928E-4
3.6812976783E-3	1.5382625117E-1	4.3934651156E-4
4.1337372652E-3	1.7273173288E-1	4.6553140213E-4
4.6123578895E-3	1.9273116716E-1	4.9170851331E-4
5.1171515529E-3	2.1382420817E-1	5.1787740760E-4
5.6481098199E-3	2.3601048981E-1	5.4403764760E-4
6.2052238176E-3	2.5928962547E-1	5.7018879612E-4
6.7884842360E-3	2.8366120781E-1	5.9633041614E-4
7.3978813281E-3	3.0912480855E-1	6.2246207073E-4
8.0334049101E-3	3.3567997822E-1	6.4858332323E-4
8.6950443616E-3	3.6332624589E-1	6.7469373705E-4
9.3827886258E-3	3.9206311893E-1	7.0079287589E-4
1.0096626210E-2	4.2189008268E-1	7.2688030358E-4
1.0836545184E-2	4.5280660026E-1	7.5295558414E-4
1.1602533184E-2	4.8481211219E-1	7.7901828182E-4
1.2394577408E-2	5.1790603611E-1	8.0506796108E-4
1.3212664621E-2	5.5208776648E-1	8.3110418659E-4
1.4056781152E-2	5.8735667424E-1	8.5712652325E-4
1.4926912893E-2	6.2371210647E-1	8.8313453619E-4
1.5823045305E-2	6.6115338607E-1	9.0912779076E-4
1.6745163410E-2	6.9967981136E-1	9.3510585261E-4
1.7693251801E-2	7.3929065577E-1	9.6106828758E-4
1.8667294632E-2	7.7998516742E-1	9.8701466182E-4
1.9667275626E-2	8.2176256874E-1	1.0129445417E-3
2.0693178073E-2	8.6462205612E-1	1.0388574939E-3
2.1744984827E-2	9.0856279946E-1	1.0647530855E-3
2.2822678313E-2	9.5358394179E-1	1.0906308836E-3
2.3926240519E-2	9.9968459880E-1	1.1164904558E-3
2.5055653005E-2	1.0468638585E+0	1.1423313699E-3
2.6210896896E-2	1.0951207807E+0	1.1681531941E-3
2.7391952886E-2	1.1444543965E+0	1.1939554970E-3
2.8598801239E-2	1.1948637081E+0	1.2197378472E-3
2.9831421786E-2	1.2463476881E+0	1.2454998140E-3
3.1089793929E-2	1.2989052789E+0	1.2712409668E-3
3.2373896638E-2	1.3525353927E+0	1.2969608754E-3
3.3683708455E-2	1.4072369106E+0	1.3226591101E-3
3.5019207490E-2	1.4630086821E+0	1.3483352414E-3
3.6380371427E-2	1.5198495248E+0	1.3739888402E-3
3.7767177517E-2	1.5777582239E+0	1.3996194778E-3
3.9179602586E-2	1.6367335315E+0	1.4252267258E-3
4.0617623030E-2	1.6967741661E+0	1.4508101565E-3
4.2081214817E-2	1.7578788121E+0	1.4763693421E-3
4.3570353490E-2	1.8200461195E+0	1.5019038556E-3
4.5085014162E-2	1.8832747029E+0	1.5274132703E-3
4.6625171522E-2	1.9475631413E+0	1.5528971598E-3
4.8190799831E-2	2.0129099773E+0	1.5783550984E-3
4.9781872927E-2	2.0793137167E+0	1.6037866605E-3
5.1398364219E-2	2.1467728278E+0	1.6291914212E-3
5.3040246694E-2	2.2152857411E+0	1.6545689559E-3
5.4707492914E-2	2.2848508483E+0	1.6799188405E-3
5.6400075017E-2	2.3554665018E+0	1.7052406515E-3
5.8117964718E-2	2.4271310145E+0	1.7305339655E-3
5.9861133308E-2	2.4998426587E+0	1.7557983600E-3
6.1629551657E-2	2.5735996657E+0	1.7810334128E-3
6.3423190212E-2	2.6484002252E+0	1.8062387021E-3
6.5242019000E-2	2.7242424847E+0	1.8314138067E-3
6.7086007624E-2	2.8011245487E+0	1.8565583060E-3
6.8955125270E-2	2.8790444783E+0	1.8816717796E-3
7.0849340702E-2	2.9580002905E+0	1.9067538080E-3
7.2768622264E-2	3.0379899573E+0	1.9318039720E-3
7.4712937885E-2	3.1190114055E+0	1.9568218529E-3
7.6682255070E-2	3.2010625158E+0	1.9818070327E-3
7.8676540910E-2	3.2841411220E+0	2.0067590939E-3
8.0695762079E-2	3.3682450108E+0	2.0316776194E-3
8.2739884832E-2	3.4533719207E+0	2.0565621928E-3
8.4808875009E-2	3.5395195415E+0	2.0814123983E-3
8.6902698034E-2	3.6266855136E+0	2.1062278206E-3
8.9021318917E-2	3.7148674277E+0	2.1310080450E-3
9.1164702253E-2	3.8040628233E+0	2.1557526574E-3
9.3332812224E-2	3.8942691890E+0	2.1804612443E-3
9.5525612596E-2	3.9854839610E+0	2.2051333928E-3
9.7743066726E-2	4.0777045231E+0	2.2297686905E-3
9.9985137556E-2	4.1709282056E+0	2.2543667257E-3
1.0225178762E-1	4.2651522846E+0	2.2789270875E-3
1.0454297904E-1	4.3603739816E+0	2.3034493653E-3
1.0685867352E-1	4.4565904626E+0	2.3279331494E-3
1.0919883237E-1	4.5537988377E+0	2.3523780306E-3
1.1156341648E-1	4.6519961599E+0	2.3767836004E-3
1.1395238633E-1	4.7511794249E+0	2.4011494510E-3
1.1636570200E-1	4.8513455704E+0	2.4254751751E-3
1.1880332317E-1	4.9524914749E+0	2.4497603662E-3
1.2126520909E-1	5.0546139577E+0	2.4740046186E-3
1.2375131862E-1	5.1577097778E+0	2.4982075270E-3
1.2626161023E-1	5.2617756333E+0	2.5223686871E-3
1.2879604195E-1	5.3668081609E+0	2.5464876949E-3
1.3135457143E-1	5.4728039348E+0	2.5705641475E-3
1.3393715592E-1	5.5797594666E+0	2.5945976426E-3
1.3654375226E-1	5.6876712041E+0	2.6185877784E-3
1.3917431689E-1	5.7965355310E+0	2.6425341541E-3
1.4182880585E-1	5.9063487660E+0	2.6664363695E-3
1.4450717478E-1	6.0171071622E+0	2.6902940251E-3
1.4720937892E-1	6.1288069066E+0	2.7141067224E-3
1.4993537310E-1	6.2414441191E+0	2.7378740632E-3
1.5268511179E-1	6.3550148522E+0	2.7615956505E-3
1.5545854902E-1	6.4695150901E+0	2.7852710878E-3
1.5825563845E-1	6.5849407481E+0	2.8088999795E-3
1.6107633333E-1	6.7012876721E+0	2.8324819307E-3
1.6392058653E-1	6.8185516379E+0	2.8560165473E-3
1.6678835052E-1	6.9367283502E+0	2.8795034361E-3
1.6967957737E-1	7.0558134426E+0	2.9029422044E-3
1.7259421876E-1	7.1758024766E+0	2.9263324607E-3
1.7553222599E-1	7.2966909410E+0	2.9496738141E-3
1.7849354996E-1	7.4184742511E+0	2.9729658744E-3
1.8147814117E-1	7.5411477488E+0	2.9962082525E-3
1.8448594977E-1	7.6647067011E+0	3.0194005599E-3
1.8751692548E-1	7.7891463000E+0	3.0425424091E-3
1.9057101764E-1	7.9144616619E+0	3.0656334132E-3
1.9364817522E-1	8.0406478271E+0	3.0886731866E-3
1.9674834681E-1	8.1676997586E+0	3.1116613440E-3
1.9987148058E-1	8.2956123425E+0	3.1345975014E-3
2.0301752435E-1	8.4243803867E+0	3.1574812755E-3
2.0618642554E-1	8.5539986205E+0	3.1803122838E-3
2.0937813120E-1	8.6844616944E+0	3.2030901448E-3
2.1259258799E-1	8.8157641792E+0	3.2258144779E-3
2.1582974219E-1	8.9479005655E+0	3.2484849032E-3
2.1908953970E-1	9.0808652634E+0	3.2711010421E-3
2.2237192605E-1	9.2146526018E+0	3.2936625164E-3
2.2567684639E-1	9.3492568280E+0	3.3161689492E-3
2.2900424548E-1	9.4846721071E+0	3.3386199643E-3
2.3235406772E-1	9.6208925219E+0	3.3610151867E-3
2.3572625713E-1	9.7579120717E+0	3.3833542419E-3
2.3912075735E-1	9.8957246727E+0	3.4056367567E-3
2.4253751167E-1	1.0034324157E+1	3.4278623588E-3
2.4597646298E-1	1.0173704272E+1	3.4500306767E-3
2.4943755380E-1	1.0313858680E+1	3.4721413399E-3
2.5292072631E-1	1.0454780960E+1	3.4941939790E-3
2.5642592230E-1	1.0596464604E+1	3.5161882254E-3
2.5995308318E-1	1.0738903017E+1	3.5381237115E-3
2.6350215001E-1	1.0882089519E+1	3.5600000709E-3
2.6707306349E-1	1.1026017343E+1	3.5818169379E-3
2.7066576394E-1	1.1170679634E+1	3.6035739479E-3
2.7428019131E-1	1.1316069453E+1	3.6252707373E-3
2.7791628522E-1	1.1462179768E+1	3.6469069436E-3
2.8157398488E-1	1.1609003463E+1	3.6684822051E-3
2.8525322919E-1	1.1756533332E+1	3.6899961614E-3
2.8895395665E-1	1.1904762081E+1	3.7114484529E-3
2.9267610542E-1	1.2053682327E+1	3.7328387211E-3
2.9641961330E-1	1.2203286597E+1	3.7541666086E-3
3.0018441773E-1	1.2353567331E+1	3.7754317588E-3
3.0397045579E-1	1.2504516877E+1	3.7966338166E-3
3.0777766421E-1	1.2656127494E+1	3.8177724274E-3
3.1160597938E-1	1.2808391352E+1	3.8388472382E-3
3.1545533730E-1	1.2961300529E+1	3.8598578967E-3
3.1932567367E-1	1.3114847015E+1	3.8808040517E-3
3.2321692379E-1	1.3269022709E+1	3.9016853533E-3
3.2712902264E-1	1.3423819417E+1	3.9225014525E-3
3.3106190484E-1	1.3579228859E+1	3.9432520014E-3
3.3501550468E-1	1.3735242660E+1	3.9639366533E-3
3.3898975607E-1	1.3891852356E+1	3.9845550624E-3
3.4298459261E-1	1.4049049393E+1	4.0051068843E-3
3.4699994753E-1	1.4206825125E+1	4.0255917754E-3
3.5103575373E-1	1.4365170816E+1	4.0460093936E-3
3.5509194378E-1	1.4524077638E+1	4.0663593974E-3
3.5916844988E-1	1.4683536673E+1	4.0866414469E-3
3.6326520391E-1	1.4843538913E+1	4.1068552032E-3
3.6738213741E-1	1.5004075258E+1	4.1270003283E-3
3.7151918157E-1	1.5165136517E+1	4.1470764858E-3
3.7567626728E-1	1.5326713410E+1	4.1670833400E-3
3.7985332504E-1	1.5488796566E+1	4.1870205567E-3
3.8405028507E-1	1.5651376524E+1	4.2068878026E-3
3.8826707721E-1	1.5814443732E+1	4.2266847457E-3
3.9250363101E-1	1.5977988549E+1	4.2464110553E-3
3.9675987567E-1	1.6142001244E+1	4.2660664016E-3
4.0103574005E-1	1.6306471996E+1	4.2856504563E-3
4.0533115271E-1	1.6471390896E+1	4.3051628919E-3
4.0964604185E-1	1.6636747945E+1	4.3246033825E-3
4.1398033538E-1	1.6802533056E+1	4.3439716031E-3
4.1833396086E-1	1.6968736052E+1	4.3632672302E-3
4.2270684554E-1	1.7135346670E+1	4.3824899412E-3
4.2709891633E-1	1.7302354558E+1	4.4016394148E-3
4.3151009985E-1	1.7469749278E+1	4.4207153312E-3
4.3594032237E-1	1.7637520303E+1	4.4397173715E-3
4.4038950986E-1	1.7805657021E+1	4.4586452181E-3
4.4485758797E-1	1.7974148734E+1	4.4774985548E-3
4.4934448203E-1	1.8142984658E+1	4.4962770664E-3
4.5385011706E-1	1.8312153922E+1	4.5149804392E-3
4.5837441776E-1	1.8481645574E+1	4.5336083606E-3
4.6291730852E-1	1.8651448574E+1	4.5521605193E-3
4.6747871344E-1	1.8821551802E+1	4.5706366053E-3
4.7205855627E-1	1.8991944053E+1	4.5890363098E-3
4.7665676049E-1	1.9162614039E+1	4.6073593254E-3
4.8127324926E-1	1.9333550391E+1	4.6256053458E-3
4.8590794542E-1	1.9504741659E+1	4.6437740661E-3
4.9056077152E-1	1.9676176312E+1	4.6618651826E-3
4.9523164982E-1	1.9847842740E+1	4.6798783932E-3
4.9992050224E-1	2.0019729253E+1	4.6978133967E-3
5.0462725044E-1	2.0191824083E+1	4.7156698934E-3
5.0935181576E-1	2.0364115383E+1	4.7334475849E-3
5.1409411924E-1	2.0536591232E+1	4.7511461741E-3
5.1885408164E-1	2.0709239630E+1	4.7687653653E-3
5.2363162341E-1	2.0882048503E+1	4.7863048641E-3
5.2842666471E-1	2.1055005703E+1	4.8037643772E-3
5.3323912540E-1	2.1228099007E+1	4.8211436130E-3
5.3806892508E-1	2.1401316120E+1	4.8384422809E-3
5.4291598301E-1	2.1574644677E+1	4.8556600920E-3
5.4778021821E-1	2.1748072239E+1	4.8727967585E-3
5.5266154939E-1	2.1921586299E+1	4.8898519940E-3
5.5755989496E-1	2.2095174281E+1	4.9068255135E-3
5.6247517308E-1	2.2268823540E+1	4.9237170334E-3
5.6740730160E-1	2.2442521366E+1	4.9405262713E-3
5.7235619810E-1	2.2616254981E+1	4.9572529464E-3
5.7732177988E-1	2.2790011544E+1	4.9738967791E-3
5.8230396395E-1	2.2963778149E+1	4.9904574913E-3
5.8730266706E-1	2.3137541829E+1	5.0069348063E-3
5.9231780568E-1	2.3311289554E+1	5.0233284486E-3
5.9734929598E-1	2.3485008235E+1	5.0396381444E-3
6.0239705389E-1	2.3658684722E+1	5.0558636210E-3
6.0746099506E-1	2.3832305809E+1	5.0720046074E-3
6.1254103485E-1	2.4005858233E+1	5.0880608338E-3
6.1763708838E-1	2.4179328675E+1	5.1040320318E-3
6.2274907048E-1	2.4352703762E+1	5.1199179345E-3
6.2787689573E-1	2.4525970069E+1	5.1357182766E-3
6.3302047843E-1	2.4699114119E+1	5.1514327939E-3
6.3817973262E-1	2.4872122383E+1	5.1670612238E-3
6.4335457209E-1	2.5044981287E+1	5.1826033052E-3
6.4854491036E-1	2.5217677205E+1	5.1980587783E-3
6.5375066070E-1	2.5390196469E+1	5.2134273849E-3
6.5897173609E-1	2.5562525364E+1	5.2287088681E-3
6.6420804930E-1	2.5734650131E+1	5.2439029725E-3
6.6945951283E-1	2.5906556973E+1	5.2590094442E-3
6.7472603890E-1	2.6078232049E+1	5.2740280309E-3
6.8000753951E-1	2.6249661480E+1	5.2889584814E-3
6.8530392640E-1	2.6420831351E+1	5.3038005463E-3
6.9061511106E-1	2.6591727710E+1	5.3185539776E-3
6.9594100473E-1	2.6762336573E+1	5.3332185287E-3
7.0128151841E-1	2.6932643919E+1	5.3477939546E-3
7.0663656285E-1	2.7102635701E+1	5.3622800116E-3
7.1200604856E-1	2.7272297840E+1	5.3766764577E-3
7.1738988581E-1	2.7441616229E+1	5.3909830523E-3
7.2278798463E-1	2.7610576735E+1	5.4051995564E-3
7.2820025482E-1	2.7779165203E+1	5.4193257323E-3
7.3362660591E-1	2.7947367452E+1	5.4333613439E-3
7.3906694724E-1	2.8115169281E+1	5.4473061568E-3
7.4452118788E-1	2.8282556470E+1	5.4611599379E-3
7.4998923669E-1	2.8449514782E+1	5.4749224557E-3
7.5547100229E-1	2.8616029963E+1	5.4885934801E-3
7.6096639308E-1	2.8782087746E+1	5.5021727828E-3
7.6647531721E-1	2.8947673850E+1	5.5156601367E-3
7.7199768263E-1	2.9112773985E+1	5.5290553166E-3
7.7753339704E-1	2.9277373852E+1	5.5423580985E-3
7.8308236795E-1	2.9441459146E+1	5.5555682601E-3
7.8864450262E-1	2.9605015554E+1	5.5686855808E-3
7.9421970809E-1	2.9768028762E+1	5.5817098412E-3
7.9980789121E-1	2.9930484456E+1	5.5946408237E-3
8.0540895857E-1	3.0092368320E+1	5.6074783123E-3
8.1102281659E-1	3.0253666041E+1	5.6202220924E-3
8.1664937145E-1	3.0414363312E+1	5.6328719509E-3
8.2228852912E-1	3.0574445831E+1	5.6454276767E-3
8.2794019536E-1	3.0733899303E+1	5.6578890597E-3
8.3360427572E-1	3.0892709446E+1	5.6702558918E-3
8.3928067556E-1	3.1050861988E+1	5.6825279663E-3
8.4496930000E-1	3.1208342672E+1	5.6947050782E-3
8.5067005399E-1	3.1365137257E+1	5.7067870238E-3
8.5638284226E-1	3.1521231518E+1	5.7187736014E-3
8.6210756934E-1	3.1676611254E+1	5.7306646105E-3
8.6784413956E-1	3.1831262283E+1	5.7424598526E-3
8.7359245705E-1	3.1985170447E+1	5.7541591304E-3
8.7935242576E-1	3.2138321615E+1	5.7657622485E-3
8.8512394943E-1	3.2290701684E+1	5.7772690129E-3
8.9090693161E-1	3.2442296582E+1	5.7886792314E-3
8.9670127565E-1	3.2593092266E+1	5.7999927133E-3
9.0250688473E-1	3.2743074731E+1	5.8112092696E-3
9.0832366182E-1	3.2892230005E+1	5.8223287127E-3
9.1415150972E-1	3.3040544157E+1	5.8333508568E-3
9.1999033104E-1	3.3188003293E+1	5.8442755178E-3
9.2584002820E-1	3.3334593566E+1	5.8551025132E-3
9.3170050345E-1	3.3480301168E+1	5.8658316618E-3
9.3757165885E-1	3.3625112341E+1	5.8764627846E-3
9.4345339628E-1	3.3769013375E+1	5.8869957037E-3
9.4934561746E-1	3.3911990611E+1	5.8974302433E-3
9.5524822392E-1	3.4054030441E+1	5.9077662288E-3
9.6116111701E-1	3.4195119314E+1	5.9180034877E-3
9.6708419793E-1	3.4335243733E+1	5.9281418487E-3
9.7301736769E-1	3.4474390263E+1	5.9381811425E-3
9.7896052713E-1	3.4612545528E+1	5.9481212013E-3
9.8491357695E-1	3.4749696216E+1	5.9579618591E-3
9.9087641766E-1	3.4885829079E+1	5.9677029512E-3
9.9684894961E-1	3.5020930938E+1	5.9773443150E-3
1.0028310730E+0	3.5154988682E+1	5.9868857894E-3
1.0088226878E+0	3.5287989271E+1	5.9963272149E-3
1.0148236940E+0	3.5419919740E+1	6.0056684336E-3
1.0208339913E+0	3.5550767198E+1	6.0149092896E-3
1.0268534791E+0	3.5680518831E+1	6.0240496283E-3
1.0328820570E+0	3.5809161907E+1	6.0330892971E-3
1.0389196241E+0	3.5936683773E+1	6.0420281448E-3
1.0449660796E+0	3.6063071862E+1	6.0508660221E-3
1.0510213224E+0	3.6188313690E+1	6.0596027814E-3
1.0570852514E+0	3.6312396863E+1	6.0682382765E-3
1.0631577652E+0	3.6435309075E+1	6.0767723631E-3
1.0692387623E+0	3.6557038113E+1	6.0852048988E-3
1.0753281411E+0	3.6677571857E+1	6.0935357425E-3
1.0814257998E+0	3.6796898282E+1	6.1017647550E-3
1.0875316366E+0	3.6915005463E+1	6.1098917988E-3
1.0936455494E+0	3.7031881572E+1	6.1179167381E-3
1.0997674360E+0	3.7147514884E+1	6.1258394388E-3
1.1058971941E+0	3.7261893777E+1	6.1336597685E-3
1.1120347214E+0	3.7375006735E+1	6.1413775965E-3
1.1181799151E+0	3.7486842348E+1	6.1489927938E-3
1.1243326727E+0	3.7597389318E+1	6.1565052331E-3
1.1304928913E+0	3.7706636455E+1	6.1639147890E-3
1.1366604679E+0	3.7814572684E+1	6.1712213376E-3
1.1428352996E+0	3.7921187045E+1	6.1784247568E-3
1.1490172830E+0	3.8026468694E+1	6.1855249261E-3
1.1552063150E+0	3.8130406906E+1	6.1925217271E-3
1.1614022920E+0	3.8232991076E+1	6.1994150427E-3
1.1676051105E+0	3.8334210721E+1	6.2062047577E-3
1.1738146669E+0	3.8434055484E+1	6.2128907587E-3
1.1800308574E+0	3.8532515132E+1	6.2194729339E-3
1.1862535782E+0	3.8629579559E+1	6.2259511734E-3
1.1924827251E+0	3.8725238791E+1	6.2323253688E-3
1.1987181942E+0	3.8819482982E+1	6.2385954138E-3
1.2049598812E+0	3.8912302421E+1	6.2447612034E-3
1.2112076818E+0	3.9003687529E+1	6.2508226346E-3
1.2174614916E+0	3.9093628866E+1	6.2567796062E-3
1.2237212062E+0	3.9182117126E+1	6.2626320186E-3
1.2299867208E+0	3.9269143147E+1	6.2683797740E-3
1.2362579308E+0	3.9354697904E+1	6.2740227763E-3
1.2425347314E+0	3.9438772516E+1	6.2795609313E-3
1.2488170177E+0	3.9521358245E+1	6.2849941464E-3
1.2551046847E+0	3.9602446500E+1	6.2903223308E-3
1.2613976273E+0	3.9682028836E+1	6.2955453954E-3
1.2676957404E+0	3.9760096958E+1	6.3006632530E-3
1.2739989187E+0	3.9836642718E+1	6.3056758180E-3
1.2803070569E+0	3.9911658123E+1	6.3105830068E-3
1.2866200496E+0	3.9985135330E+1	6.3153847371E-3
1.2929377912E+0	4.0057066651E+1	6.3200809290E-3
1.2992601762E+0	4.0127444555E+1	6.3246715037E-3
1.3055870990E+0	4.0196261666E+1	6.3291563847E-3
1.3119184537E+0	4.0263510767E+1	6.3335354970E-3
1.3182541347E+0	4.0329184800E+1	6.3378087674E-3
1.3245940360E+0	4.0393276869E+1	6.3419761245E-3
1.3309380516E+0	4.0455780238E+1	6.3460374987E-3
1.3372860756E+0	4.0516688336E+1	6.3499928220E-3
1.3436380019E+0	4.0575994754E+1	6.3538420284E-3
1.3499937243E+0	4.0633693252E+1	6.3575850535E-3
1.3563531366E+0	4.0689777753E+1	6.3612218349E-3
1.3627161325E+0	4.0744242350E+1	6.3647523117E-3
1.3690826057E+0	4.0797081303E+1	6.3681764249E-3
1.3754524499E+0	4.0848289042E+1	6.3714941173E-3
1.3818255585E+0	4.0897860169E+1	6.3747053335E-3
1.3882018250E+0	4.0945789457E+1	6.3778100198E-3
1.3945811430E+0	4.0992071850E+1	6.3808081243E-3
1.4009634057E+0	4.1036702469E+1	6.3836995970E-3
1.4073485066E+0	4.1079676605E+1	6.3864843894E-3
1.4137363389E+0	4.1120989728E+1	6.3891624551E-3
1.4201267959E+0	4.1160637481E+1	6.3917337493E-3
1.4265197708E+0	4.1198615687E+1	6.3941982290E-3
1.4329151568E+0	4.1234920343E+1	6.3965558531E-3
1.4393128469E+0	4.1269547627E+1	6.3988065821E-3
1.4457127343E+0	4.1302493894E+1	6.4009503785E-3
1.4521147120E+0	4.1333755680E+1	6.4029872063E-3
1.4585186731E+0	4.1363329700E+1	6.4049170317E-3
1.4649245104E+0	4.1391212851E+1	6.4067398222E-3
1.4713321170E+0	4.1417402210E+1	6.4084555476E-3
1.4777413858E+0	4.1441895036E+1	6.4100641790E-3
1.4841522097E+0	4.1464688771E+1	6.4115656896E-3
1.4905644815E+0	4.1485781040E+1	6.4129600544E-3
1.4969780940E+0	4.1505169650E+1	6.4142472499E-3
1.5033929402E+0	4.1522852592E+1	6.4154272548E-3
1.5098089128E+0	4.1538828041E+1	6.4165000493E-3
1.5162259046E+0	4.1553094356E+1	6.4174656154E-3
1.5226438083E+0	4.1565650080E+1	6.4183239370E-3
1.5290625167E+0	4.1576493942E+1	6.4190749998E-3
1.5354819225E+0	4.1585624856E+1	6.4197187912E-3
1.5419019185E+0	4.1593041918E+1	6.4202553005E-3
1.5483223974E+0	4.1598744413E+1	6.4206845187E-3
1.5547432518E+0	4.1602731810E+1	6.4210064386E-3
1.5611643745E+0	4.1605003762E+1	6.4212210549E-3
1.5675856581E+0	4.1605560110E+1	6.4213283639E-3
1.5740069954E+0	4.1604400878E+1	6.4213283639E-3
1.5804282791E+0	4.1601526278E+1	6.4212210549E-3
1.5868494018E+0	4.1596936705E+1	6.4210064386E-3
1.5932702562E+0	4.1590632740E+1	6.4206845187E-3
1.5996907351E+0	4.1582615149E+1	6.4202553005E-3
1.6061107310E+0	4.1572884885E+1	6.4197187912E-3
1.6125301369E+0	4.1561443082E+1	6.4190749998E-3
1.6189488453E+0	4.1548291062E+1	6.4183239370E-3
1.6253667490E+0	4.1533430329E+1	6.4174656154E-3
1.6317837408E+0	4.1516862572E+1	6.4165000493E-3
1.6381997134E+0	4.1498589664E+1	6.4154272548E-3
1.6446145595E+0	4.1478613660E+1	6.4142472499E-3
1.6510281721E+0	4.1456936799E+1	6.4129600544E-3
1.6574404439E+0	4.1433561501E+1	6.4115656896E-3
1.6638512678E+0	4.1408490371E+1	6.4100641790E-3
1.6702605366E+0	4.1381726191E+1	6.4084555476E-3
1.6766681432E+0	4.1353271927E+1	6.4067398222E-3
1.6830739805E+0	4.1323130726E+1	6.4049170317E-3
1.6894779416E+0	4.1291305911E+1	6.4029872063E-3
1.6958799193E+0	4.1257800988E+1	6.4009503785E-3
1.7022798067E+0	4.1222619639E+1	6.3988065821E-3
1.7086774968E+0	4.1185765726E+1	6.3965558531E-3
1.7150728827E+0	4.1147243285E+1	6.3941982290E-3
1.7214658576E+0	4.1107056531E+1	6.3917337493E-3
1.7278563146E+0	4.1065209852E+1	6.3891624551E-3
1.7342441470E+0	4.1021707814E+1	6.3864843894E-3
1.7406292478E+0	4.0976555153E+1	6.3836995970E-3
1.7470115106E+0	4.0929756781E+1	6.3808081243E-3
1.7533908286E+0	4.0881317779E+1	6.3778100198E-3
1.7597670951E+0	4.0831243402E+1	6.3747053335E-3
1.7661402037E+0	4.0779539074E+1	6.3714941173E-3
1.7725100479E+0	4.0726210386E+1	6.3681764249E-3
1.7788765211E+0	4.0671263101E+1	6.3647523117E-3
1.7852395170E+0	4.0614703146E+1	6.3612218349E-3
1.7915989293E+0	4.0556536614E+1	6.3575850535E-3
1.7979546517E+0	4.0496769763E+1	6.3538420284E-3
1.8043065780E+0	4.0435409017E+1	6.3499928220E-3
1.8106546020E+0	4.0372460959E+1	6.3460374987E-3
1.8169986176E+0	4.0307932335E+1	6.3419761245E-3
1.8233385189E+0	4.0241830050E+1	6.3378087674E-3
1.8296741999E+0	4.0174161170E+1	6.3335354970E-3
1.8360055546E+0	4.0104932915E+1	6.3291563847E-3
1.8423324774E+0	4.0034152664E+1	6.3246715037E-3
1.8486548624E+0	3.9961827949E+1	6.3200809290E-3
1.8549726040E+0	3.9887966458E+1	6.3153847371E-3
1.8612855967E+0	3.9812576028E+1	6.3105830068E-3
1.8675937349E+0	3.9735664648E+1	6.3056758180E-3
1.8738969132E+0	3.9657240456E+1	6.3006632530E-3
1.8801950263E+0	3.9577311739E+1	6.2955453954E-3
1.8864879689E+0	3.9495886928E+1	6.2903223308E-3
1.8927756359E+0	3.9412974602E+1	6.2849941464E-3
1.8990579222E+0	3.9328583479E+1	6.2795609313E-3
1.9053347228E+0	3.9242722423E+1	6.2740227763E-3
1.9116059328E+0	3.9155400436E+1	6.2683797740E-3
1.9178714474E+0	3.9066626658E+1	6.2626320186E-3
1.9241311620E+0	3.8976410368E+1	6.2567796062E-3
1.9303849718E+0	3.8884760977E+1	6.2508226346E-3
1.9366327724E+0	3.8791688035E+1	6.2447612034E-3
1.9428744594E+0	3.8697201218E+1	6.2385954138E-3
1.9491099285E+0	3.8601310337E+1	6.2323253688E-3
1.9553390754E+0	3.8504025329E+1	6.2259511734E-3
1.9615617961E+0	3.8405356259E+1	6.2194729339E-3
1.9677779867E+0	3.8305313316E+1	6.2128907587E-3
1.9739875431E+0	3.8203906816E+1	6.2062047577E-3
1.9801903616E+0	3.8101147191E+1	6.1994150427E-3
1.9863863386E+0	3.7997044998E+1	6.1925217271E-3
1.9925753706E+0	3.7891610908E+1	6.1855249261E-3
1.9987573540E+0	3.7784855712E+1	6.1784247568E-3
2.0049321857E+0	3.7676790313E+1	6.1712213376E-3
2.0110997623E+0	3.7567425726E+1	6.1639147890E-3
2.0172599809E+0	3.7456773080E+1	6.1565052331E-3
2.0234127385E+0	3.7344843608E+1	6.1489927938E-3
2.0295579322E+0	3.7231648655E+1	6.1413775965E-3
2.0356954595E+0	3.7117199667E+1	6.1336597685E-3
2.0418252176E+0	3.7001508195E+1	6.1258394388E-3
2.0479471042E+0	3.6884585891E+1	6.1179167381E-3
2.0540610170E+0	3.6766444507E+1	6.1098917988E-3
2.0601668538E+0	3.6647095891E+1	6.1017647550E-3
2.0662645125E+0	3.6526551987E+1	6.0935357425E-3
2.0723538913E+0	3.6404824833E+1	6.0852048988E-3
2.0784348884E+0	3.6281926556E+1	6.0767723631E-3
2.0845074022E+0	3.6157869377E+1	6.0682382765E-3
2.0905713312E+0	3.6032665599E+1	6.0596027814E-3
2.0966265740E+0	3.5906327616E+1	6.0508660221E-3
2.1026730295E+0	3.5778867901E+1	6.0420281448E-3
2.1087105966E+0	3.5650299011E+1	6.0330892971E-3
2.1147391745E+0	3.5520633582E+1	6.0240496283E-3
2.1207586623E+0	3.5389884327E+1	6.0149092896E-3
2.1267689596E+0	3.5258064035E+1	6.0056684336E-3
2.1327699657E+0	3.5125185569E+1	5.9963272149E-3
2.1387615806E+0	3.4991261863E+1	5.9868857894E-3
2.1447437040E+0	3.4856305918E+1	5.9773443150E-3
2.1507162359E+0	3.4720330807E+1	5.9677029512E-3
2.1566790766E+0	3.4583349664E+1	5.9579618591E-3
2.1626321265E+0	3.4445375690E+1	5.9481212013E-3
2.1685752859E+0	3.4306422144E+1	5.9381811425E-3
2.1745084557E+0	3.4166502346E+1	5.9281418487E-3
2.1804315366E+0	3.4025629672E+1	5.9180034877E-3
2.1863444297E+0	3.3883817556E+1	5.9077662288E-3
2.1922470361E+0	3.3741079482E+1	5.8974302433E-3
2.1981392573E+0	3.3597428987E+1	5.8869957037E-3
2.2040209947E+0	3.3452879656E+1	5.8764627846E-3
2.2098921501E+0	3.3307445120E+1	5.8658316618E-3
2.2157526254E+0	3.3161139058E+1	5.8551025132E-3
2.2216023226E+0	3.3013975191E+1	5.8442755178E-3
2.2274411439E+0	3.2865967278E+1	5.8333508568E-3
2.2332689918E+0	3.2717129122E+1	5.8223287127E-3
2.2390857689E+0	3.2567474558E+1	5.8112092696E-3
2.2448913779E+0	3.2417017459E+1	5.7999927133E-3
2.2506857220E+0	3.2265771731E+1	5.7886792314E-3
2.2564687042E+0	3.2113751309E+1	5.7772690129E-3
2.2622402278E+0	3.1960970159E+1	5.7657622485E-3
2.2680001965E+0	3.1807442272E+1	5.7541591304E-3
2.2737485140E+0	3.1653181666E+1	5.7424598526E-3
2.2794850843E+0	3.1498202380E+1	5.7306646105E-3
2.2852098113E+0	3.1342518477E+1	5.7187736014E-3
2.2909225996E+0	3.1186144036E+1	5.7067870238E-3
2.2966233536E+0	3.1029093155E+1	5.6947050782E-3
2.3023119780E+0	3.0871379946E+1	5.6825279663E-3
2.3079883779E+0	3.0713018536E+1	5.6702558918E-3
2.3136524582E+0	3.0554023063E+1	5.6578890597E-3
2.3193041245E+0	3.0394407673E+1	5.6454276767E-3
2.3249432821E+0	3.0234186522E+1	5.6328719509E-3
2.3305698370E+0	3.0073373770E+1	5.6202220924E-3
2.3361836950E+0	2.9911983581E+1	5.6074783123E-3
2.3417847624E+0	2.9750030122E+1	5.5946408237E-3
2.3473729455E+0	2.9587527560E+1	5.5817098412E-3
2.3529481510E+0	2.9424490060E+1	5.5686855808E-3
2.3585102856E+0	2.9260931783E+1	5.5555682601E-3
2.3640592565E+0	2.9096866886E+1	5.5423580985E-3
2.3695949710E+0	2.8932309519E+1	5.5290553166E-3
2.3751173364E+0	2.8767273821E+1	5.5156601367E-3
2.3806262605E+0	2.8601773924E+1	5.5021727828E-3
2.3861216513E+0	2.8435823945E+1	5.4885934801E-3
2.3916034169E+0	2.8269437986E+1	5.4749224557E-3
2.3970714657E+0	2.8102630138E+1	5.4611599379E-3
2.4025257064E+0	2.7935414469E+1	5.4473061568E-3
2.4079660477E+0	2.7767805032E+1	5.4333613439E-3
2.4133923988E+0	2.7599815856E+1	5.4193257323E-3
2.4188046690E+0	2.7431460950E+1	5.4051995564E-3
2.4242027678E+0	2.7262754298E+1	5.3909830523E-3
2.4295866050E+0	2.7093709859E+1	5.3766764577E-3
2.4349560907E+0	2.6924341562E+1	5.3622800116E-3
2.4403111352E+0	2.6754663311E+1	5.3477939546E-3
2.4456516489E+0	2.6584688976E+1	5.3332185287E-3
2.4509775425E+0	2.6414432398E+1	5.3185539776E-3
2.4562887272E+0	2.6243907382E+1	5.3038005463E-3
2.4615851141E+0	2.6073127699E+1	5.2889584814E-3
2.4668666147E+0	2.5902107085E+1	5.2740280309E-3
2.4721331408E+0	2.5730859234E+1	5.2590094442E-3
2.4773846043E+0	2.5559397806E+1	5.2439029725E-3
2.4826209175E+0	2.5387736414E+1	5.2287088681E-3
2.4878419929E+0	2.5215888634E+1	5.2134273849E-3
2.4930477432E+0	2.5043867995E+1	5.1980587783E-3
2.4982380815E+0	2.4871687982E+1	5.1826033052E-3
2.5034129210E+0	2.4699362033E+1	5.1670612238E-3
2.5085721752E+0	2.4526903541E+1	5.1514327939E-3
2.5137157579E+0	2.4354325845E+1	5.1357182766E-3
2.5188435831E+0	2.4181642237E+1	5.1199179345E-3
2.5239555652E+0	2.4008865958E+1	5.1040320318E-3
2.5290516187E+0	2.3836010193E+1	5.0880608338E-3
2.5341316585E+0	2.3663088075E+1	5.0720046074E-3
2.5391955997E+0	2.3490112681E+1	5.0558636210E-3
2.5442433576E+0	2.3317097033E+1	5.0396381444E-3
2.5492748479E+0	2.3144054091E+1	5.0233284486E-3
2.5542899865E+0	2.2970996762E+1	5.0069348063E-3
2.5592886896E+0	2.2797937888E+1	4.9904574913E-3
2.5642708737E+0	2.2624890253E+1	4.9738967791E-3
2.5692364555E+0	2.2451866577E+1	4.9572529464E-3
2.5741853520E+0	2.2278879518E+1	4.9405262713E-3
2.5791174805E+0	2.2105941669E+1	4.9237170334E-3
2.5840327586E+0	2.1933065558E+1	4.9068255135E-3
2.5889311042E+0	2.1760263646E+1	4.8898519940E-3
2.5938124354E+0	2.1587548328E+1	4.8727967585E-3
2.5986766706E+0	2.1414931929E+1	4.8556600920E-3
2.6035237285E+0	2.1242426707E+1	4.8384422809E-3
2.6083535282E+0	2.1070044849E+1	4.8211436130E-3
2.6131659889E+0	2.0897798470E+1	4.8037643772E-3
2.6179610302E+0	2.0725699614E+1	4.7863048641E-3
2.6227385719E+0	2.0553760254E+1	4.7687653653E-3
2.6274985343E+0	2.0381992285E+1	4.7511461741E-3
2.6322408378E+0	2.0210407533E+1	4.7334475849E-3
2.6369654032E+0	2.0039017746E+1	4.7156698934E-3
2.6416721513E+0	1.9867834596E+1	4.6978133967E-3
2.6463610038E+0	1.9696869681E+1	4.6798783932E-3
2.6510318821E+0	1.9526134517E+1	4.6618651826E-3
2.6556847082E+0	1.9355640547E+1	4.6437740661E-3
2.6603194043E+0	1.9185399134E+1	4.6256053458E-3
2.6649358931E+0	1.9015421559E+1	4.6073593254E-3
2.6695340973E+0	1.8845719027E+1	4.5890363098E-3
2.6741139402E+0	1.8676302659E+1	4.5706366053E-3
2.6786753451E+0	1.8507183498E+1	4.5521605193E-3
2.6832182358E+0	1.8338372504E+1	4.5336083606E-3
2.6877425365E+0	1.8169880554E+1	4.5149804392E-3
2.6922481716E+0	1.8001718444E+1	4.4962770664E-3
2.6967350656E+0	1.7833896886E+1	4.4774985548E-3
2.7012031437E+0	1.7666426508E+1	4.4586452181E-3
2.7056523312E+0	1.7499317854E+1	4.4397173715E-3
2.7100825537E+0	1.7332581384E+1	4.4207153312E-3
2.7144937373E+0	1.7166227474E+1	4.4016394148E-3
2.7188858081E+0	1.7000266411E+1	4.3824899412E-3
2.7232586927E+0	1.6834708401E+1	4.3632672302E-3
2.7276123182E+0	1.6669563561E+1	4.3439716031E-3
2.7319466117E+0	1.6504841922E+1	4.3246033825E-3
2.7362615009E+0	1.6340553429E+1	4.3051628919E-3
2.7405569135E+0	1.6176707940E+1	4.2856504563E-3
2.7448327779E+0	1.6013315225E+1	4.2660664016E-3
2.7490890226E+0	1.5850384968E+1	4.2464110553E-3
2.7533255764E+0	1.5687926763E+1	4.2266847457E-3
2.7575423685E+0	1.5525950118E+1	4.2068878026E-3
2.7617393285E+0	1.5364464452E+1	4.1870205567E-3
2.7659163863E+0	1.5203479097E+1	4.1670833400E-3
2.7700734720E+0	1.5043003295E+1	4.1470764858E-3
2.7742105162E+0	1.4883046201E+1	4.1270003283E-3
2.7783274497E+0	1.4723616879E+1	4.1068552032E-3
2.7824242037E+0	1.4564724306E+1	4.0866414469E-3
2.7865007098E+0	1.4406377371E+1	4.0663593974E-3
2.7905568999E+0	1.4248584872E+1	4.0460093936E-3
2.7945927061E+0	1.4091355519E+1	4.0255917754E-3
2.7986080610E+0	1.3934697934E+1	4.0051068843E-3
2.8026028975E+0	1.3778620649E+1	3.9845550624E-3
2.8065771489E+0	1.3623132107E+1	3.9639366533E-3
2.8105307487E+0	1.3468240662E+1	3.9432520014E-3
2.8144636309E+0	1.3313954581E+1	3.9225014525E-3
2.8183757298E+0	1.3160282040E+1	3.9016853533E-3
2.8222669799E+0	1.3007231126E+1	3.8808040517E-3
2.8261373163E+0	1.2854809841E+1	3.8598578967E-3
2.8299866742E+0	1.2703026094E+1	3.8388472382E-3
2.8338149894E+0	1.2551887708E+1	3.8177724274E-3
2.8376221978E+0	1.2401402419E+1	3.7966338166E-3
2.8414082359E+0	1.2251577873E+1	3.7754317588E-3
2.8451730403E+0	1.2102421627E+1	3.7541666086E-3
2.8489165482E+0	1.1953941154E+1	3.7328387211E-3
2.8526386969E+0	1.1806143838E+1	3.7114484529E-3
2.8563394244E+0	1.1659036973E+1	3.6899961614E-3
2.8600186687E+0	1.1512627771E+1	3.6684822051E-3
2.8636763684E+0	1.1366923353E+1	3.6469069436E-3
2.8673124623E+0	1.1221930757E+1	3.6252707373E-3
2.8709268897E+0	1.1077656931E+1	3.6035739479E-3
2.8745195901E+0	1.0934108740E+1	3.5818169379E-3
2.8780905036E+0	1.0791292964E+1	3.5600000709E-3
2.8816395704E+0	1.0649216295E+1	3.5381237115E-3
2.8851667313E+0	1.0507885342E+1	3.5161882254E-3
2.8886719273E+0	1.0367306628E+1	3.4941939790E-3
2.8921550998E+0	1.0227486595E+1	3.4721413399E-3
2.8956161906E+0	1.0088431597E+1	3.4500306767E-3
2.8990551419E+0	9.9501479068E+0	3.4278623588E-3
2.9024718962E+0	9.8126417144E+0	3.4056367567E-3
2.9058663965E+0	9.6759191262E+0	3.3833542419E-3
2.9092385859E+0	9.5399861669E+0	3.3610151867E-3
2.9125884081E+0	9.4048487793E+0	3.3386199643E-3
2.9159158072E+0	9.2705128247E+0	3.3161689492E-3
2.9192207275E+0	9.1369840837E+0	3.2936625164E-3
2.9225031139E+0	9.0042682563E+0	3.2711010421E-3
2.9257629114E+0	8.8723709625E+0	3.2484849032E-3
2.9290000656E+0	8.7412977431E+0	3.2258144779E-3
2.9322145224E+0	8.6110540594E+0	3.2030901448E-3
2.9354062280E+0	8.4816452947E+0	3.1803122838E-3
2.9385751292E+0	8.3530767539E+0	3.1574812755E-3
2.9417211730E+0	8.2253536645E+0	3.1345975014E-3
2.9448443068E+0	8.0984811773E+0	3.1116613440E-3
2.9479444784E+0	7.9724643663E+0	3.0886731866E-3
2.9510216360E+0	7.8473082298E+0	3.0656334132E-3
2.9540757281E+0	7.7230176907E+0	3.0425424091E-3
2.9571067038E+0	7.5995975972E+0	3.0194005599E-3
2.9601145124E+0	7.4770527231E+0	2.9962082525E-3
2.9630991036E+0	7.3553877686E+0	2.9729658744E-3
2.9660604276E+0	7.2346073609E+0	2.9496738141E-3
2.9689984348E+0	7.1147160547E+0	2.9263324607E-3
2.9719130762E+0	6.9957183326E+0	2.9029422044E-3
2.9748043031E+0	6.8776186060E+0	2.8795034361E-3
2.9776720671E+0	6.7604212157E+0	2.8560165473E-3
2.9805163203E+0	6.6441304320E+0	2.8324819307E-3
2.9833370151E+0	6.5287504562E+0	2.8088999795E-3
2.9861341046E+0	6.4142854202E+0	2.7852710878E-3
2.9889075418E+0	6.3007393880E+0	2.7615956505E-3
2.9916572805E+0	6.1881163557E+0	2.7378740632E-3
2.9943832747E+0	6.0764202526E+0	2.7141067224E-3
2.9970854788E+0	5.9656549413E+0	2.6902940251E-3
2.9997638477E+0	5.8558242189E+0	2.6664363695E-3
3.0024183367E+0	5.7469318172E+0	2.6425341541E-3
3.0050489013E+0	5.6389814037E+0	2.6185877784E-3
3.0076554977E+0	5.5319765819E+0	2.5945976426E-3
3.0102380822E+0	5.4259208922E+0	2.5705641475E-3
3.0127966116E+0	5.3208178124E+0	2.5464876949E-3
3.0153310434E+0	5.2166707583E+0	2.5223686871E-3
3.0178413350E+0	5.1134830847E+0	2.4982075270E-3
3.0203274445E+0	5.0112580856E+0	2.4740046186E-3
3.0227893304E+0	4.9099989953E+0	2.4497603662E-3
3.0252269516E+0	4.8097089886E+0	2.4254751751E-3
3.0276402673E+0	4.7103911818E+0	2.4011494510E-3
3.0300292371E+0	4.6120486331E+0	2.3767836004E-3
3.0323938212E+0	4.5146843436E+0	2.3523780306E-3
3.0347339801E+0	4.4183012578E+0	2.3279331494E-3
3.0370496746E+0	4.3229022639E+0	2.3034493653E-3
3.0393408660E+0	4.2284901951E+0	2.2789270875E-3
3.0416075160E+0	4.1350678298E+0	2.2543667257E-3
3.0438495869E+0	4.0426378925E+0	2.2297686905E-3
3.0460670410E+0	3.9512030542E+0	2.2051333928E-3
3.0482598414E+0	3.8607659334E+0	2.1804612443E-3
3.0504279513E+0	3.7713290963E+0	2.1557526574E-3
3.0525713347E+0	3.6828950582E+0	2.1310080450E-3
3.0546899556E+0	3.5954662831E+0	2.1062278206E-3
3.0567837786E+0	3.5090451854E+0	2.0814123983E-3
3.0588527688E+0	3.4236341298E+0	2.0565621928E-3
3.0608968915E+0	3.3392354323E+0	2.0316776194E-3
3.0629161127E+0	3.2558513609E+0	2.0067590939E-3
3.0649103985E+0	3.1734841360E+0	1.9818070327E-3
3.0668797157E+0	3.0921359310E+0	1.9568218529E-3
3.0688240313E+0	3.0118088734E+0	1.9318039720E-3
3.0707433129E+0	2.9325050449E+0	1.9067538080E-3
3.0726375283E+0	2.8542264823E+0	1.8816717796E-3
3.0745066460E+0	2.7769751780E+0	1.8565583060E-3
3.0763506346E+0	2.7007530809E+0	1.8314138067E-3
3.0781694634E+0	2.6255620965E+0	1.8062387021E-3
3.0799631019E+0	2.5514040882E+0	1.7810334128E-3
3.0817315203E+0	2.4782808771E+0	1.7557983600E-3
3.0834746889E+0	2.4061942435E+0	1.7305339655E-3
3.0851925786E+0	2.3351459266E+0	1.7052406515E-3
3.0868851607E+0	2.2651376258E+0	1.6799188405E-3
3.0885524069E+0	2.1961710011E+0	1.6545689559E-3
3.0901942894E+0	2.1282476732E+0	1.6291914212E-3
3.0918107807E+0	2.0613692249E+0	1.6037866605E-3
3.0934018538E+0	1.9955372010E+0	1.5783550984E-3
3.0949674821E+0	1.9307531093E+0	1.5528971598E-3
3.0965076394E+0	1.8670184208E+0	1.5274132703E-3
3.0980223001E+0	1.8043345707E+0	1.5019038556E-3
3.0995114388E+0	1.7427029584E+0	1.4763693421E-3
3.1009750306E+0	1.6821249486E+0	1.4508101565E-3
3.1024130510E+0	1.6226018713E+0	1.4252267258E-3
3.1038254761E+0	1.5641350228E+0	1.3996194778E-3
3.1052122822E+0	1.5067256660E+0	1.3739888402E-3
3.1065734461E+0	1.4503750308E+0	1.3483352414E-3
3.1079089451E+0	1.3950843151E+0	1.3226591101E-3
3.1092187570E+0	1.3408546844E+0	1.2969608754E-3
3.1105028597E+0	1.2876872735E+0	1.2712409668E-3
3.1117612318E+0	1.2355831857E+0	1.2454998140E-3
3.1129938524E+0	1.1845434944E+0	1.2197378472E-3
3.1142007007E+0	1.1345692428E+0	1.1939554970E-3
3.1153817567E+0	1.0856614448E+0	1.1681531941E-3
3.1165370006E+0	1.0378210853E+0	1.1423313699E-3
3.1176664131E+0	9.9104912050E-1	1.1164904558E-3
3.1187699753E+0	9.4534647871E-1	1.0906308836E-3
3.1198476688E+0	9.0071406043E-1	1.0647530855E-3
3.1208994755E+0	8.5715273896E-1	1.0388574939E-3
3.1219253780E+0	8.1466336076E-1	1.0129445417E-3
3.1229253590E+0	7.7324674586E-1	9.8701466182E-4
3.1238994018E+0	7.3290368824E-1	9.6106828758E-4
3.1248474902E+0	6.9363495628E-1	9.3510585261E-4
3.1257696083E+0	6.5544129305E-1	9.0912779076E-4
3.1266657407E+0	6.1832341676E-1	8.8313453619E-4
3.1275358724E+0	5.8228202108E-1	8.5712652325E-4
3.1283799890E+0	5.4731777551E-1	8.3110418659E-4
3.1291980762E+0	5.1343132569E-1	8.0506796108E-4
3.1299901204E+0	4.8062329378E-1	7.7901828182E-4
3.1307561084E+0	4.4889427875E-1	7.5295558414E-4
3.1314960274E+0	4.1824485673E-1	7.2688030358E-4
3.1322098650E+0	3.8867558125E-1	7.0079287589E-4
3.1328976092E+0	3.6018698360E-1	6.7469373705E-4
3.1335592487E+0	3.3277957310E-1	6.4858332323E-4
3.1341947723E+0	3.0645383734E-1	6.2246207073E-4
3.1348041694E+0	2.8121024251E-1	5.9633041614E-4
3.1353874298E+0	2.5704923356E-1	5.7018879612E-4
3.1359445438E+0	2.3397123457E-1	5.4403764760E-4
3.1364755020E+0	2.1197664886E-1	5.1787740760E-4
3.1369802957E+0	1.9106585930E-1	4.9170851331E-4
3.1374589163E+0	1.7123922850E-1	4.6553140213E-4
3.1379113559E+0	1.5249709900E-1	4.3934651156E-4
3.1383376069E+0	1.3483979347E-1	4.1315427928E-4
3.1387376622E+0	1.1826761491E-1	3.8695514312E-4
3.1391115150E+0	1.0278084679E-1	3.6074954110E-4
3.1394591592E+0	8.8379753259E-2	3.3453791144E-4
3.1397805890E+0	7.5064579227E-2	3.0832069259E-4
3.1400757989E+0	6.2835550550E-2	2.8209832342E-4
3.1403447841E+0	5.1692874127E-2	2.5587124334E-4
3.1405875400E+0	4.1636737993E-2	2.2963989267E-4
3.1408040626E+0	3.2667311379E-2	2.0340471372E-4
3.1409943483E+0	2.4784744697E-2	1.7716615272E-4
3.1411583939E+0	1.7989169376E-2	1.5092466531E-4
3.1412961968E+0	1.2280697273E-2	1.2468073282E-4
3.1414077547E+0	7.6594187640E-3	9.8434919423E-5
3.1414930663E+0	4.1253953262E-3	7.2188137769E-5
3.1415521316E+0	1.6786195181E-3	4.5943520243E-5
3.1415849628E+0	3.1858879176E-4	1.9736940383E-5