# Differential cross section		
# Author: P. Swaczyna	Princeton University	(swaczyna@princeton.edu)
# Date: 	Fri 4 Dec 2020 10:38:07	
# 		
# Elastic collision: He^0 + He^0 -> He^0 + He^0		
# 		
# Red. mass: 	1.8642000787E+9	 eV/c^2
# CM energy: 	6.3095734448E-3	 eV
# Rel speed: 	7.7999072738E+4	 cm/s
# Tot sigma: 	1.5130446568E+2	 a.u.
# Int sigma: 	1.5130446568E+2	 a.u.
# 		
# Columns:		
# the <- scattering angle (rad)		
# dcs <- dsigma/dOmega*2*pi*sin(the) (a.u. = 2.8002852056E-17 cm^2)		
# wei <- weight for cross section integration (approx. width of angle bin)		
# 		
# the	dcs	wei
7.6907532846E-6	1.4395467749E-2	1.9736940383E-5
4.0521979771E-5	7.5848596548E-2	4.5943520243E-5
9.9587300392E-5	1.8640639823E-1	7.2188137769E-5
1.8489884726E-4	3.4609151012E-1	9.8434919423E-5
2.9645680168E-4	5.5490407104E-1	1.2468073282E-4
4.3425968311E-4	8.1284087395E-1	1.5092466531E-4
5.9830531657E-4	1.1198970378E+0	1.7716615272E-4
7.8859101285E-4	1.4760661735E+0	2.0340471372E-4
1.0051136166E-3	1.8813402700E+0	2.2963989267E-4
1.2478695220E-3	2.3357094874E+0	2.5587124334E-4
1.5168546797E-3	2.8391619000E+0	2.8209832342E-4
1.8120645986E-3	3.3916832003E+0	3.0832069259E-4
2.1334943481E-3	3.9932563676E+0	3.3453791144E-4
2.4811385584E-3	4.6438613045E+0	3.6074954110E-4
2.8549914211E-3	5.3434744390E+0	3.8695514312E-4
3.2550466893E-3	6.0920682964E+0	4.1315427928E-4
3.6812976783E-3	6.8896110378E+0	4.3934651156E-4
4.1337372652E-3	7.7360659673E+0	4.6553140213E-4
4.6123578895E-3	8.6313910085E+0	4.9170851331E-4
5.1171515529E-3	9.5755381486E+0	5.1787740760E-4
5.6481098199E-3	1.0568452853E+1	5.4403764760E-4
6.2052238176E-3	1.1610073447E+1	5.7018879612E-4
6.7884842360E-3	1.2700330470E+1	5.9633041614E-4
7.3978813281E-3	1.3839145999E+1	6.2246207073E-4
8.0334049101E-3	1.5026432940E+1	6.4858332323E-4
8.6950443616E-3	1.6262094291E+1	6.7469373705E-4
9.3827886258E-3	1.7546022380E+1	7.0079287589E-4
1.0096626210E-2	1.8878098072E+1	7.2688030358E-4
1.0836545184E-2	2.0258189946E+1	7.5295558414E-4
1.1602533184E-2	2.1686153446E+1	7.7901828182E-4
1.2394577408E-2	2.3161830011E+1	8.0506796108E-4
1.3212664621E-2	2.4685046173E+1	8.3110418659E-4
1.4056781152E-2	2.6255612627E+1	8.5712652325E-4
1.4926912893E-2	2.7873323291E+1	8.8313453619E-4
1.5823045305E-2	2.9537954322E+1	9.0912779076E-4
1.6745163410E-2	3.1249263130E+1	9.3510585261E-4
1.7693251801E-2	3.3006987358E+1	9.6106828758E-4
1.8667294632E-2	3.4810843843E+1	9.8701466182E-4
1.9667275626E-2	3.6660527562E+1	1.0129445417E-3
2.0693178073E-2	3.8555710560E+1	1.0388574939E-3
2.1744984827E-2	4.0496040857E+1	1.0647530855E-3
2.2822678313E-2	4.2481141341E+1	1.0906308836E-3
2.3926240519E-2	4.4510608655E+1	1.1164904558E-3
2.5055653005E-2	4.6584012061E+1	1.1423313699E-3
2.6210896896E-2	4.8700892298E+1	1.1681531941E-3
2.7391952886E-2	5.0860760438E+1	1.1939554970E-3
2.8598801239E-2	5.3063096723E+1	1.2197378472E-3
2.9831421786E-2	5.5307349410E+1	1.2454998140E-3
3.1089793929E-2	5.7592933605E+1	1.2712409668E-3
3.2373896638E-2	5.9919230099E+1	1.2969608754E-3
3.3683708455E-2	6.2285584208E+1	1.3226591101E-3
3.5019207490E-2	6.4691304617E+1	1.3483352414E-3
3.6380371427E-2	6.7135662227E+1	1.3739888402E-3
3.7767177517E-2	6.9617889021E+1	1.3996194778E-3
3.9179602586E-2	7.2137176932E+1	1.4252267258E-3
4.0617623030E-2	7.4692676732E+1	1.4508101565E-3
4.2081214817E-2	7.7283496941E+1	1.4763693421E-3
4.3570353490E-2	7.9908702756E+1	1.5019038556E-3
4.5085014162E-2	8.2567314999E+1	1.5274132703E-3
4.6625171522E-2	8.5258309105E+1	1.5528971598E-3
4.8190799831E-2	8.7980614134E+1	1.5783550984E-3
4.9781872927E-2	9.0733111816E+1	1.6037866605E-3
5.1398364219E-2	9.3514635643E+1	1.6291914212E-3
5.3040246694E-2	9.6323969999E+1	1.6545689559E-3
5.4707492914E-2	9.9159849337E+1	1.6799188405E-3
5.6400075017E-2	1.0202095741E+2	1.7052406515E-3
5.8117964718E-2	1.0490592653E+2	1.7305339655E-3
5.9861133308E-2	1.0781333697E+2	1.7557983600E-3
6.1629551657E-2	1.1074171631E+2	1.7810334128E-3
6.3423190212E-2	1.1368953891E+2	1.8062387021E-3
6.5242019000E-2	1.1665522552E+2	1.8314138067E-3
6.7086007624E-2	1.1963714282E+2	1.8565583060E-3
6.8955125270E-2	1.2263360319E+2	1.8816717796E-3
7.0849340702E-2	1.2564286444E+2	1.9067538080E-3
7.2768622264E-2	1.2866312975E+2	1.9318039720E-3
7.4712937885E-2	1.3169254758E+2	1.9568218529E-3
7.6682255070E-2	1.3472921181E+2	1.9818070327E-3
7.8676540910E-2	1.3777116185E+2	2.0067590939E-3
8.0695762079E-2	1.4081638299E+2	2.0316776194E-3
8.2739884832E-2	1.4386280675E+2	2.0565621928E-3
8.4808875009E-2	1.4690831141E+2	2.0814123983E-3
8.6902698034E-2	1.4995072267E+2	2.1062278206E-3
8.9021318917E-2	1.5298781440E+2	2.1310080450E-3
9.1164702253E-2	1.5601730955E+2	2.1557526574E-3
9.3332812224E-2	1.5903688115E+2	2.1804612443E-3
9.5525612596E-2	1.6204415353E+2	2.2051333928E-3
9.7743066726E-2	1.6503670360E+2	2.2297686905E-3
9.9985137556E-2	1.6801206232E+2	2.2543667257E-3
1.0225178762E-1	1.7096771632E+2	2.2789270875E-3
1.0454297904E-1	1.7390110968E+2	2.3034493653E-3
1.0685867352E-1	1.7680964583E+2	2.3279331494E-3
1.0919883237E-1	1.7969068962E+2	2.3523780306E-3
1.1156341648E-1	1.8254156963E+2	2.3767836004E-3
1.1395238633E-1	1.8535958049E+2	2.4011494510E-3
1.1636570200E-1	1.8814198555E+2	2.4254751751E-3
1.1880332317E-1	1.9088601956E+2	2.4497603662E-3
1.2126520909E-1	1.9358889160E+2	2.4740046186E-3
1.2375131862E-1	1.9624778819E+2	2.4982075270E-3
1.2626161023E-1	1.9885987650E+2	2.5223686871E-3
1.2879604195E-1	2.0142230782E+2	2.5464876949E-3
1.3135457143E-1	2.0393222113E+2	2.5705641475E-3
1.3393715592E-1	2.0638674685E+2	2.5945976426E-3
1.3654375226E-1	2.0878301082E+2	2.6185877784E-3
1.3917431689E-1	2.1111813835E+2	2.6425341541E-3
1.4182880585E-1	2.1338925848E+2	2.6664363695E-3
1.4450717478E-1	2.1559350843E+2	2.6902940251E-3
1.4720937892E-1	2.1772803813E+2	2.7141067224E-3
1.4993537310E-1	2.1979001499E+2	2.7378740632E-3
1.5268511179E-1	2.2177662871E+2	2.7615956505E-3
1.5545854902E-1	2.2368509634E+2	2.7852710878E-3
1.5825563845E-1	2.2551266741E+2	2.8088999795E-3
1.6107633333E-1	2.2725662915E+2	2.8324819307E-3
1.6392058653E-1	2.2891431193E+2	2.8560165473E-3
1.6678835052E-1	2.3048309476E+2	2.8795034361E-3
1.6967957737E-1	2.3196041081E+2	2.9029422044E-3
1.7259421876E-1	2.3334375319E+2	2.9263324607E-3
1.7553222599E-1	2.3463068063E+2	2.9496738141E-3
1.7849354996E-1	2.3581882337E+2	2.9729658744E-3
1.8147814117E-1	2.3690588903E+2	2.9962082525E-3
1.8448594977E-1	2.3788966852E+2	3.0194005599E-3
1.8751692548E-1	2.3876804203E+2	3.0425424091E-3
1.9057101764E-1	2.3953898498E+2	3.0656334132E-3
1.9364817522E-1	2.4020057401E+2	3.0886731866E-3
1.9674834681E-1	2.4075099294E+2	3.1116613440E-3
1.9987148058E-1	2.4118853867E+2	3.1345975014E-3
2.0301752435E-1	2.4151162711E+2	3.1574812755E-3
2.0618642554E-1	2.4171879892E+2	3.1803122838E-3
2.0937813120E-1	2.4180872531E+2	3.2030901448E-3
2.1259258799E-1	2.4178021361E+2	3.2258144779E-3
2.1582974219E-1	2.4163221279E+2	3.2484849032E-3
2.1908953970E-1	2.4136381886E+2	3.2711010421E-3
2.2237192605E-1	2.4097427998E+2	3.2936625164E-3
2.2567684639E-1	2.4046300158E+2	3.3161689492E-3
2.2900424548E-1	2.3982955111E+2	3.3386199643E-3
2.3235406772E-1	2.3907366268E+2	3.3610151867E-3
2.3572625713E-1	2.3819524136E+2	3.3833542419E-3
2.3912075735E-1	2.3719436735E+2	3.4056367567E-3
2.4253751167E-1	2.3607129970E+2	3.4278623588E-3
2.4597646298E-1	2.3482647990E+2	3.4500306767E-3
2.4943755380E-1	2.3346053497E+2	3.4721413399E-3
2.5292072631E-1	2.3197428038E+2	3.4941939790E-3
2.5642592230E-1	2.3036872246E+2	3.5161882254E-3
2.5995308318E-1	2.2864506052E+2	3.5381237115E-3
2.6350215001E-1	2.2680468849E+2	3.5600000709E-3
2.6707306349E-1	2.2484919625E+2	3.5818169379E-3
2.7066576394E-1	2.2278037038E+2	3.6035739479E-3
2.7428019131E-1	2.2060019459E+2	3.6252707373E-3
2.7791628522E-1	2.1831084959E+2	3.6469069436E-3
2.8157398488E-1	2.1591471249E+2	3.6684822051E-3
2.8525322919E-1	2.1341435574E+2	3.6899961614E-3
2.8895395665E-1	2.1081254552E+2	3.7114484529E-3
2.9267610542E-1	2.0811223962E+2	3.7328387211E-3
2.9641961330E-1	2.0531658479E+2	3.7541666086E-3
3.0018441773E-1	2.0242891354E+2	3.7754317588E-3
3.0397045579E-1	1.9945274039E+2	3.7966338166E-3
3.0777766421E-1	1.9639175761E+2	3.8177724274E-3
3.1160597938E-1	1.9324983032E+2	3.8388472382E-3
3.1545533730E-1	1.9003099113E+2	3.8598578967E-3
3.1932567367E-1	1.8673943414E+2	3.8808040517E-3
3.2321692379E-1	1.8337950845E+2	3.9016853533E-3
3.2712902264E-1	1.7995571107E+2	3.9225014525E-3
3.3106190484E-1	1.7647267931E+2	3.9432520014E-3
3.3501550468E-1	1.7293518266E+2	3.9639366533E-3
3.3898975607E-1	1.6934811408E+2	3.9845550624E-3
3.4298459261E-1	1.6571648085E+2	4.0051068843E-3
3.4699994753E-1	1.6204539489E+2	4.0255917754E-3
3.5103575373E-1	1.5834006259E+2	4.0460093936E-3
3.5509194378E-1	1.5460577422E+2	4.0663593974E-3
3.5916844988E-1	1.5084789289E+2	4.0866414469E-3
3.6326520391E-1	1.4707184306E+2	4.1068552032E-3
3.6738213741E-1	1.4328309876E+2	4.1270003283E-3
3.7151918157E-1	1.3948717132E+2	4.1470764858E-3
3.7567626728E-1	1.3568959692E+2	4.1670833400E-3
3.7985332504E-1	1.3189592376E+2	4.1870205567E-3
3.8405028507E-1	1.2811169897E+2	4.2068878026E-3
3.8826707721E-1	1.2434245539E+2	4.2266847457E-3
3.9250363101E-1	1.2059369806E+2	4.2464110553E-3
3.9675987567E-1	1.1687089062E+2	4.2660664016E-3
4.0103574005E-1	1.1317944167E+2	4.2856504563E-3
4.0533115271E-1	1.0952469098E+2	4.3051628919E-3
4.0964604185E-1	1.0591189576E+2	4.3246033825E-3
4.1398033538E-1	1.0234621695E+2	4.3439716031E-3
4.1833396086E-1	9.8832705579E+1	4.3632672302E-3
4.2270684554E-1	9.5376289330E+1	4.3824899412E-3
4.2709891633E-1	9.1981759192E+1	4.4016394148E-3
4.3151009985E-1	8.8653756419E+1	4.4207153312E-3
4.3594032237E-1	8.5396759752E+1	4.4397173715E-3
4.4038950986E-1	8.2215072972E+1	4.4586452181E-3
4.4485758797E-1	7.9112812844E+1	4.4774985548E-3
4.4934448203E-1	7.6093897492E+1	4.4962770664E-3
4.5385011706E-1	7.3162035257E+1	4.5149804392E-3
4.5837441776E-1	7.0320714087E+1	4.5336083606E-3
4.6291730852E-1	6.7573191506E+1	4.5521605193E-3
4.6747871344E-1	6.4922485203E+1	4.5706366053E-3
4.7205855627E-1	6.2371364288E+1	4.5890363098E-3
4.7665676049E-1	5.9922341261E+1	4.6073593254E-3
4.8127324926E-1	5.7577664726E+1	4.6256053458E-3
4.8590794542E-1	5.5339312896E+1	4.6437740661E-3
4.9056077152E-1	5.3208987919E+1	4.6618651826E-3
4.9523164982E-1	5.1188111056E+1	4.6798783932E-3
4.9992050224E-1	4.9277818750E+1	4.6978133967E-3
5.0462725044E-1	4.7478959601E+1	4.7156698934E-3
5.0935181576E-1	4.5792092280E+1	4.7334475849E-3
5.1409411924E-1	4.4217484392E+1	4.7511461741E-3
5.1885408164E-1	4.2755112313E+1	4.7687653653E-3
5.2363162341E-1	4.1404662011E+1	4.7863048641E-3
5.2842666471E-1	4.0165530850E+1	4.8037643772E-3
5.3323912540E-1	3.9036830398E+1	4.8211436130E-3
5.3806892508E-1	3.8017390224E+1	4.8384422809E-3
5.4291598301E-1	3.7105762684E+1	4.8556600920E-3
5.4778021821E-1	3.6300228692E+1	4.8727967585E-3
5.5266154939E-1	3.5598804455E+1	4.8898519940E-3
5.5755989496E-1	3.4999249166E+1	4.9068255135E-3
5.6247517308E-1	3.4499073610E+1	4.9237170334E-3
5.6740730160E-1	3.4095549691E+1	4.9405262713E-3
5.7235619810E-1	3.3785720817E+1	4.9572529464E-3
5.7732177988E-1	3.3566413122E+1	4.9738967791E-3
5.8230396395E-1	3.3434247495E+1	4.9904574913E-3
5.8730266706E-1	3.3385652348E+1	5.0069348063E-3
5.9231780568E-1	3.3416877102E+1	5.0233284486E-3
5.9734929598E-1	3.3524006327E+1	5.0396381444E-3
6.0239705389E-1	3.3702974476E+1	5.0558636210E-3
6.0746099506E-1	3.3949581172E+1	5.0720046074E-3
6.1254103485E-1	3.4259506975E+1	5.0880608338E-3
6.1763708838E-1	3.4628329562E+1	5.1040320318E-3
6.2274907048E-1	3.5051540274E+1	5.1199179345E-3
6.2787689573E-1	3.5524560932E+1	5.1357182766E-3
6.3302047843E-1	3.6042760882E+1	5.1514327939E-3
6.3817973262E-1	3.6601474174E+1	5.1670612238E-3
6.4335457209E-1	3.7196016813E+1	5.1826033052E-3
6.4854491036E-1	3.7821704010E+1	5.1980587783E-3
6.5375066070E-1	3.8473867351E+1	5.2134273849E-3
6.5897173609E-1	3.9147871811E+1	5.2287088681E-3
6.6420804930E-1	3.9839132547E+1	5.2439029725E-3
6.6945951283E-1	4.0543131386E+1	5.2590094442E-3
6.7472603890E-1	4.1255432940E+1	5.2740280309E-3
6.8000753951E-1	4.1971700280E+1	5.2889584814E-3
6.8530392640E-1	4.2687710086E+1	5.3038005463E-3
6.9061511106E-1	4.3399367233E+1	5.3185539776E-3
6.9594100473E-1	4.4102718711E+1	5.3332185287E-3
7.0128151841E-1	4.4793966857E+1	5.3477939546E-3
7.0663656285E-1	4.5469481802E+1	5.3622800116E-3
7.1200604856E-1	4.6125813115E+1	5.3766764577E-3
7.1738988581E-1	4.6759700563E+1	5.3909830523E-3
7.2278798463E-1	4.7368083957E+1	5.4051995564E-3
7.2820025482E-1	4.7948112037E+1	5.4193257323E-3
7.3362660591E-1	4.8497150358E+1	5.4333613439E-3
7.3906694724E-1	4.9012788145E+1	5.4473061568E-3
7.4452118788E-1	4.9492844095E+1	5.4611599379E-3
7.4998923669E-1	4.9935371089E+1	5.4749224557E-3
7.5547100229E-1	5.0338659815E+1	5.4885934801E-3
7.6096639308E-1	5.0701241285E+1	5.5021727828E-3
7.6647531721E-1	5.1021888231E+1	5.5156601367E-3
7.7199768263E-1	5.1299615393E+1	5.5290553166E-3
7.7753339704E-1	5.1533678707E+1	5.5423580985E-3
7.8308236795E-1	5.1723573387E+1	5.5555682601E-3
7.8864450262E-1	5.1869030939E+1	5.5686855808E-3
7.9421970809E-1	5.1970015119E+1	5.5817098412E-3
7.9980789121E-1	5.2026716861E+1	5.5946408237E-3
8.0540895857E-1	5.2039548226E+1	5.6074783123E-3
8.1102281659E-1	5.2009135382E+1	5.6202220924E-3
8.1664937145E-1	5.1936310689E+1	5.6328719509E-3
8.2228852912E-1	5.1822103915E+1	5.6454276767E-3
8.2794019536E-1	5.1667732650E+1	5.6578890597E-3
8.3360427572E-1	5.1474591963E+1	5.6702558918E-3
8.3928067556E-1	5.1244243376E+1	5.6825279663E-3
8.4496930000E-1	5.0978403201E+1	5.6947050782E-3
8.5067005399E-1	5.0678930321E+1	5.7067870238E-3
8.5638284226E-1	5.0347813489E+1	5.7187736014E-3
8.6210756934E-1	4.9987158187E+1	5.7306646105E-3
8.6784413956E-1	4.9599173158E+1	5.7424598526E-3
8.7359245705E-1	4.9186156654E+1	5.7541591304E-3
8.7935242576E-1	4.8750482492E+1	5.7657622485E-3
8.8512394943E-1	4.8294585984E+1	5.7772690129E-3
8.9090693161E-1	4.7820949825E+1	5.7886792314E-3
8.9670127565E-1	4.7332090015E+1	5.7999927133E-3
9.0250688473E-1	4.6830541869E+1	5.8112092696E-3
9.0832366182E-1	4.6318846224E+1	5.8223287127E-3
9.1415150972E-1	4.5799535877E+1	5.8333508568E-3
9.1999033104E-1	4.5275122353E+1	5.8442755178E-3
9.2584002820E-1	4.4748083041E+1	5.8551025132E-3
9.3170050345E-1	4.4220848795E+1	5.8658316618E-3
9.3757165885E-1	4.3695792027E+1	5.8764627846E-3
9.4345339628E-1	4.3175215371E+1	5.8869957037E-3
9.4934561746E-1	4.2661340958E+1	5.8974302433E-3
9.5524822392E-1	4.2156300362E+1	5.9077662288E-3
9.6116111701E-1	4.1662125250E+1	5.9180034877E-3
9.6708419793E-1	4.1180738775E+1	5.9281418487E-3
9.7301736769E-1	4.0713947764E+1	5.9381811425E-3
9.7896052713E-1	4.0263435700E+1	5.9481212013E-3
9.8491357695E-1	3.9830756553E+1	5.9579618591E-3
9.9087641766E-1	3.9417329461E+1	5.9677029512E-3
9.9684894961E-1	3.9024434272E+1	5.9773443150E-3
1.0028310730E+0	3.8653207974E+1	5.9868857894E-3
1.0088226878E+0	3.8304641991E+1	5.9963272149E-3
1.0148236940E+0	3.7979580368E+1	6.0056684336E-3
1.0208339913E+0	3.7678718815E+1	6.0149092896E-3
1.0268534791E+0	3.7402604616E+1	6.0240496283E-3
1.0328820570E+0	3.7151637369E+1	6.0330892971E-3
1.0389196241E+0	3.6926070551E+1	6.0420281448E-3
1.0449660796E+0	3.6726013874E+1	6.0508660221E-3
1.0510213224E+0	3.6551436390E+1	6.0596027814E-3
1.0570852514E+0	3.6402170337E+1	6.0682382765E-3
1.0631577652E+0	3.6277915662E+1	6.0767723631E-3
1.0692387623E+0	3.6178245191E+1	6.0852048988E-3
1.0753281411E+0	3.6102610398E+1	6.0935357425E-3
1.0814257998E+0	3.6050347731E+1	6.1017647550E-3
1.0875316366E+0	3.6020685433E+1	6.1098917988E-3
1.0936455494E+0	3.6012750819E+1	6.1179167381E-3
1.0997674360E+0	3.6025577946E+1	6.1258394388E-3
1.1058971941E+0	3.6058115624E+1	6.1336597685E-3
1.1120347214E+0	3.6109235713E+1	6.1413775965E-3
1.1181799151E+0	3.6177741649E+1	6.1489927938E-3
1.1243326727E+0	3.6262377139E+1	6.1565052331E-3
1.1304928913E+0	3.6361834975E+1	6.1639147890E-3
1.1366604679E+0	3.6474765905E+1	6.1712213376E-3
1.1428352996E+0	3.6599787509E+1	6.1784247568E-3
1.1490172830E+0	3.6735493022E+1	6.1855249261E-3
1.1552063150E+0	3.6880460065E+1	6.1925217271E-3
1.1614022920E+0	3.7033259216E+1	6.1994150427E-3
1.1676051105E+0	3.7192462380E+1	6.2062047577E-3
1.1738146669E+0	3.7356650921E+1	6.2128907587E-3
1.1800308574E+0	3.7524423501E+1	6.2194729339E-3
1.1862535782E+0	3.7694403589E+1	6.2259511734E-3
1.1924827251E+0	3.7865246609E+1	6.2323253688E-3
1.1987181942E+0	3.8035646687E+1	6.2385954138E-3
1.2049598812E+0	3.8204342963E+1	6.2447612034E-3
1.2112076818E+0	3.8370125461E+1	6.2508226346E-3
1.2174614916E+0	3.8531840460E+1	6.2567796062E-3
1.2237212062E+0	3.8688395388E+1	6.2626320186E-3
1.2299867208E+0	3.8838763180E+1	6.2683797740E-3
1.2362579308E+0	3.8981986129E+1	6.2740227763E-3
1.2425347314E+0	3.9117179185E+1	6.2795609313E-3
1.2488170177E+0	3.9243532729E+1	6.2849941464E-3
1.2551046847E+0	3.9360314795E+1	6.2903223308E-3
1.2613976273E+0	3.9466872762E+1	6.2955453954E-3
1.2676957404E+0	3.9562634506E+1	6.3006632530E-3
1.2739989187E+0	3.9647109037E+1	6.3056758180E-3
1.2803070569E+0	3.9719886618E+1	6.3105830068E-3
1.2866200496E+0	3.9780638393E+1	6.3153847371E-3
1.2929377912E+0	3.9829115529E+1	6.3200809290E-3
1.2992601762E+0	3.9865147912E+1	6.3246715037E-3
1.3055870990E+0	3.9888642398E+1	6.3291563847E-3
1.3119184537E+0	3.9899580658E+1	6.3335354970E-3
1.3182541347E+0	3.9898016641E+1	6.3378087674E-3
1.3245940360E+0	3.9884073677E+1	6.3419761245E-3
1.3309380516E+0	3.9857941259E+1	6.3460374987E-3
1.3372860756E+0	3.9819871531E+1	6.3499928220E-3
1.3436380019E+0	3.9770175514E+1	6.3538420284E-3
1.3499937243E+0	3.9709219096E+1	6.3575850535E-3
1.3563531366E+0	3.9637418836E+1	6.3612218349E-3
1.3627161325E+0	3.9555237593E+1	6.3647523117E-3
1.3690826057E+0	3.9463180034E+1	6.3681764249E-3
1.3754524499E+0	3.9361788043E+1	6.3714941173E-3
1.3818255585E+0	3.9251636056E+1	6.3747053335E-3
1.3882018250E+0	3.9133326375E+1	6.3778100198E-3
1.3945811430E+0	3.9007484473E+1	6.3808081243E-3
1.4009634057E+0	3.8874754327E+1	6.3836995970E-3
1.4073485066E+0	3.8735793806E+1	6.3864843894E-3
1.4137363389E+0	3.8591270145E+1	6.3891624551E-3
1.4201267959E+0	3.8441855528E+1	6.3917337493E-3
1.4265197708E+0	3.8288222797E+1	6.3941982290E-3
1.4329151568E+0	3.8131041327E+1	6.3965558531E-3
1.4393128469E+0	3.7970973069E+1	6.3988065821E-3
1.4457127343E+0	3.7808668788E+1	6.4009503785E-3
1.4521147120E+0	3.7644764518E+1	6.4029872063E-3
1.4585186731E+0	3.7479878231E+1	6.4049170317E-3
1.4649245104E+0	3.7314606761E+1	6.4067398222E-3
1.4713321170E+0	3.7149522958E+1	6.4084555476E-3
1.4777413858E+0	3.6985173116E+1	6.4100641790E-3
1.4841522097E+0	3.6822074652E+1	6.4115656896E-3
1.4905644815E+0	3.6660714061E+1	6.4129600544E-3
1.4969780940E+0	3.6501545143E+1	6.4142472499E-3
1.5033929402E+0	3.6344987493E+1	6.4154272548E-3
1.5098089128E+0	3.6191425271E+1	6.4165000493E-3
1.5162259046E+0	3.6041206236E+1	6.4174656154E-3
1.5226438083E+0	3.5894641041E+1	6.4183239370E-3
1.5290625167E+0	3.5752002791E+1	6.4190749998E-3
1.5354819225E+0	3.5613526844E+1	6.4197187912E-3
1.5419019185E+0	3.5479410860E+1	6.4202553005E-3
1.5483223974E+0	3.5349815074E+1	6.4206845187E-3
1.5547432518E+0	3.5224862796E+1	6.4210064386E-3
1.5611643745E+0	3.5104641112E+1	6.4212210549E-3
1.5675856581E+0	3.4989201783E+1	6.4213283639E-3
1.5740069954E+0	3.4878562326E+1	6.4213283639E-3
1.5804282791E+0	3.4772707262E+1	6.4212210549E-3
1.5868494018E+0	3.4671589507E+1	6.4210064386E-3
1.5932702562E+0	3.4575131917E+1	6.4206845187E-3
1.5996907351E+0	3.4483228936E+1	6.4202553005E-3
1.6061107310E+0	3.4395748361E+1	6.4197187912E-3
1.6125301369E+0	3.4312533194E+1	6.4190749998E-3
1.6189488453E+0	3.4233403567E+1	6.4183239370E-3
1.6253667490E+0	3.4158158729E+1	6.4174656154E-3
1.6317837408E+0	3.4086579075E+1	6.4165000493E-3
1.6381997134E+0	3.4018428207E+1	6.4154272548E-3
1.6446145595E+0	3.3953455006E+1	6.4142472499E-3
1.6510281721E+0	3.3891395712E+1	6.4129600544E-3
1.6574404439E+0	3.3831975987E+1	6.4115656896E-3
1.6638512678E+0	3.3774912959E+1	6.4100641790E-3
1.6702605366E+0	3.3719917225E+1	6.4084555476E-3
1.6766681432E+0	3.3666694814E+1	6.4067398222E-3
1.6830739805E+0	3.3614949089E+1	6.4049170317E-3
1.6894779416E+0	3.3564382587E+1	6.4029872063E-3
1.6958799193E+0	3.3514698780E+1	6.4009503785E-3
1.7022798067E+0	3.3465603757E+1	6.3988065821E-3
1.7086774968E+0	3.3416807819E+1	6.3965558531E-3
1.7150728827E+0	3.3368026980E+1	6.3941982290E-3
1.7214658576E+0	3.3318984362E+1	6.3917337493E-3
1.7278563146E+0	3.3269411498E+1	6.3891624551E-3
1.7342441470E+0	3.3219049516E+1	6.3864843894E-3
1.7406292478E+0	3.3167650228E+1	6.3836995970E-3
1.7470115106E+0	3.3114977096E+1	6.3808081243E-3
1.7533908286E+0	3.3060806094E+1	6.3778100198E-3
1.7597670951E+0	3.3004926456E+1	6.3747053335E-3
1.7661402037E+0	3.2947141320E+1	6.3714941173E-3
1.7725100479E+0	3.2887268249E+1	6.3681764249E-3
1.7788765211E+0	3.2825139661E+1	6.3647523117E-3
1.7852395170E+0	3.2760603143E+1	6.3612218349E-3
1.7915989293E+0	3.2693521668E+1	6.3575850535E-3
1.7979546517E+0	3.2623773713E+1	6.3538420284E-3
1.8043065780E+0	3.2551253286E+1	6.3499928220E-3
1.8106546020E+0	3.2475869857E+1	6.3460374987E-3
1.8169986176E+0	3.2397548213E+1	6.3419761245E-3
1.8233385189E+0	3.2316228225E+1	6.3378087674E-3
1.8296741999E+0	3.2231864544E+1	6.3335354970E-3
1.8360055546E+0	3.2144426232E+1	6.3291563847E-3
1.8423324774E+0	3.2053896321E+1	6.3246715037E-3
1.8486548624E+0	3.1960271323E+1	6.3200809290E-3
1.8549726040E+0	3.1863560682E+1	6.3153847371E-3
1.8612855967E+0	3.1763786185E+1	6.3105830068E-3
1.8675937349E+0	3.1660981327E+1	6.3056758180E-3
1.8738969132E+0	3.1555190647E+1	6.3006632530E-3
1.8801950263E+0	3.1446469033E+1	6.2955453954E-3
1.8864879689E+0	3.1334881001E+1	6.2903223308E-3
1.8927756359E+0	3.1220499962E+1	6.2849941464E-3
1.8990579222E+0	3.1103407472E+1	6.2795609313E-3
1.9053347228E+0	3.0983692473E+1	6.2740227763E-3
1.9116059328E+0	3.0861450536E+1	6.2683797740E-3
1.9178714474E+0	3.0736783100E+1	6.2626320186E-3
1.9241311620E+0	3.0609796724E+1	6.2567796062E-3
1.9303849718E+0	3.0480602337E+1	6.2508226346E-3
1.9366327724E+0	3.0349314518E+1	6.2447612034E-3
1.9428744594E+0	3.0216050777E+1	6.2385954138E-3
1.9491099285E+0	3.0080930867E+1	6.2323253688E-3
1.9553390754E+0	2.9944076114E+1	6.2259511734E-3
1.9615617961E+0	2.9805608772E+1	6.2194729339E-3
1.9677779867E+0	2.9665651411E+1	6.2128907587E-3
1.9739875431E+0	2.9524326331E+1	6.2062047577E-3
1.9801903616E+0	2.9381755004E+1	6.1994150427E-3
1.9863863386E+0	2.9238057559E+1	6.1925217271E-3
1.9925753706E+0	2.9093352289E+1	6.1855249261E-3
1.9987573540E+0	2.8947755204E+1	6.1784247568E-3
2.0049321857E+0	2.8801379608E+1	6.1712213376E-3
2.0110997623E+0	2.8654335725E+1	6.1639147890E-3
2.0172599809E+0	2.8506730350E+1	6.1565052331E-3
2.0234127385E+0	2.8358666539E+1	6.1489927938E-3
2.0295579322E+0	2.8210243341E+1	6.1413775965E-3
2.0356954595E+0	2.8061555552E+1	6.1336597685E-3
2.0418252176E+0	2.7912693516E+1	6.1258394388E-3
2.0479471042E+0	2.7763742955E+1	6.1179167381E-3
2.0540610170E+0	2.7614784828E+1	6.1098917988E-3
2.0601668538E+0	2.7465895228E+1	6.1017647550E-3
2.0662645125E+0	2.7317145306E+1	6.0935357425E-3
2.0723538913E+0	2.7168601221E+1	6.0852048988E-3
2.0784348884E+0	2.7020324124E+1	6.0767723631E-3
2.0845074022E+0	2.6872370166E+1	6.0682382765E-3
2.0905713312E+0	2.6724790525E+1	6.0596027814E-3
2.0966265740E+0	2.6577631466E+1	6.0508660221E-3
2.1026730295E+0	2.6430934412E+1	6.0420281448E-3
2.1087105966E+0	2.6284736045E+1	6.0330892971E-3
2.1147391745E+0	2.6139068415E+1	6.0240496283E-3
2.1207586623E+0	2.5993959072E+1	6.0149092896E-3
2.1267689596E+0	2.5849431214E+1	6.0056684336E-3
2.1327699657E+0	2.5705503840E+1	5.9963272149E-3
2.1387615806E+0	2.5562191924E+1	5.9868857894E-3
2.1447437040E+0	2.5419506591E+1	5.9773443150E-3
2.1507162359E+0	2.5277455310E+1	5.9677029512E-3
2.1566790766E+0	2.5136042084E+1	5.9579618591E-3
2.1626321265E+0	2.4995267657E+1	5.9481212013E-3
2.1685752859E+0	2.4855129711E+1	5.9381811425E-3
2.1745084557E+0	2.4715623080E+1	5.9281418487E-3
2.1804315366E+0	2.4576739959E+1	5.9180034877E-3
2.1863444297E+0	2.4438470108E+1	5.9077662288E-3
2.1922470361E+0	2.4300801072E+1	5.8974302433E-3
2.1981392573E+0	2.4163718376E+1	5.8869957037E-3
2.2040209947E+0	2.4027205741E+1	5.8764627846E-3
2.2098921501E+0	2.3891245279E+1	5.8658316618E-3
2.2157526254E+0	2.3755817692E+1	5.8551025132E-3
2.2216023226E+0	2.3620902467E+1	5.8442755178E-3
2.2274411439E+0	2.3486478056E+1	5.8333508568E-3
2.2332689918E+0	2.3352522064E+1	5.8223287127E-3
2.2390857689E+0	2.3219011418E+1	5.8112092696E-3
2.2448913779E+0	2.3085922533E+1	5.7999927133E-3
2.2506857220E+0	2.2953231475E+1	5.7886792314E-3
2.2564687042E+0	2.2820914106E+1	5.7772690129E-3
2.2622402278E+0	2.2688946232E+1	5.7657622485E-3
2.2680001965E+0	2.2557303733E+1	5.7541591304E-3
2.2737485140E+0	2.2425962694E+1	5.7424598526E-3
2.2794850843E+0	2.2294899515E+1	5.7306646105E-3
2.2852098113E+0	2.2164091028E+1	5.7187736014E-3
2.2909225996E+0	2.2033514591E+1	5.7067870238E-3
2.2966233536E+0	2.1903148182E+1	5.6947050782E-3
2.3023119780E+0	2.1772970481E+1	5.6825279663E-3
2.3079883779E+0	2.1642960948E+1	5.6702558918E-3
2.3136524582E+0	2.1513099885E+1	5.6578890597E-3
2.3193041245E+0	2.1383368497E+1	5.6454276767E-3
2.3249432821E+0	2.1253748945E+1	5.6328719509E-3
2.3305698370E+0	2.1124224386E+1	5.6202220924E-3
2.3361836950E+0	2.0994779012E+1	5.6074783123E-3
2.3417847624E+0	2.0865398077E+1	5.5946408237E-3
2.3473729455E+0	2.0736067921E+1	5.5817098412E-3
2.3529481510E+0	2.0606775990E+1	5.5686855808E-3
2.3585102856E+0	2.0477510839E+1	5.5555682601E-3
2.3640592565E+0	2.0348262144E+1	5.5423580985E-3
2.3695949710E+0	2.0219020697E+1	5.5290553166E-3
2.3751173364E+0	2.0089778404E+1	5.5156601367E-3
2.3806262605E+0	1.9960528271E+1	5.5021727828E-3
2.3861216513E+0	1.9831264395E+1	5.4885934801E-3
2.3916034169E+0	1.9701981939E+1	5.4749224557E-3
2.3970714657E+0	1.9572677119E+1	5.4611599379E-3
2.4025257064E+0	1.9443347168E+1	5.4473061568E-3
2.4079660477E+0	1.9313990320E+1	5.4333613439E-3
2.4133923988E+0	1.9184605768E+1	5.4193257323E-3
2.4188046690E+0	1.9055193640E+1	5.4051995564E-3
2.4242027678E+0	1.8925754958E+1	5.3909830523E-3
2.4295866050E+0	1.8796291604E+1	5.3766764577E-3
2.4349560907E+0	1.8666806282E+1	5.3622800116E-3
2.4403111352E+0	1.8537302477E+1	5.3477939546E-3
2.4456516489E+0	1.8407784417E+1	5.3332185287E-3
2.4509775425E+0	1.8278257028E+1	5.3185539776E-3
2.4562887272E+0	1.8148725897E+1	5.3038005463E-3
2.4615851141E+0	1.8019197227E+1	5.2889584814E-3
2.4668666147E+0	1.7889677798E+1	5.2740280309E-3
2.4721331408E+0	1.7760174921E+1	5.2590094442E-3
2.4773846043E+0	1.7630696401E+1	5.2439029725E-3
2.4826209175E+0	1.7501250492E+1	5.2287088681E-3
2.4878419929E+0	1.7371845861E+1	5.2134273849E-3
2.4930477432E+0	1.7242491545E+1	5.1980587783E-3
2.4982380815E+0	1.7113196913E+1	5.1826033052E-3
2.5034129210E+0	1.6983971627E+1	5.1670612238E-3
2.5085721752E+0	1.6854825608E+1	5.1514327939E-3
2.5137157579E+0	1.6725768998E+1	5.1357182766E-3
2.5188435831E+0	1.6596812128E+1	5.1199179345E-3
2.5239555652E+0	1.6467965480E+1	5.1040320318E-3
2.5290516187E+0	1.6339239661E+1	5.0880608338E-3
2.5341316585E+0	1.6210645369E+1	5.0720046074E-3
2.5391955997E+0	1.6082193365E+1	5.0558636210E-3
2.5442433576E+0	1.5953894445E+1	5.0396381444E-3
2.5492748479E+0	1.5825759414E+1	5.0233284486E-3
2.5542899865E+0	1.5697799064E+1	5.0069348063E-3
2.5592886896E+0	1.5570024146E+1	4.9904574913E-3
2.5642708737E+0	1.5442445351E+1	4.9738967791E-3
2.5692364555E+0	1.5315073291E+1	4.9572529464E-3
2.5741853520E+0	1.5187918480E+1	4.9405262713E-3
2.5791174805E+0	1.5060991312E+1	4.9237170334E-3
2.5840327586E+0	1.4934302053E+1	4.9068255135E-3
2.5889311042E+0	1.4807860820E+1	4.8898519940E-3
2.5938124354E+0	1.4681677572E+1	4.8727967585E-3
2.5986766706E+0	1.4555762094E+1	4.8556600920E-3
2.6035237285E+0	1.4430123993E+1	4.8384422809E-3
2.6083535282E+0	1.4304772680E+1	4.8211436130E-3
2.6131659889E+0	1.4179717369E+1	4.8037643772E-3
2.6179610302E+0	1.4054967070E+1	4.7863048641E-3
2.6227385719E+0	1.3930530577E+1	4.7687653653E-3
2.6274985343E+0	1.3806416468E+1	4.7511461741E-3
2.6322408378E+0	1.3682633103E+1	4.7334475849E-3
2.6369654032E+0	1.3559188614E+1	4.7156698934E-3
2.6416721513E+0	1.3436090910E+1	4.6978133967E-3
2.6463610038E+0	1.3313347674E+1	4.6798783932E-3
2.6510318821E+0	1.3190966361E+1	4.6618651826E-3
2.6556847082E+0	1.3068954200E+1	4.6437740661E-3
2.6603194043E+0	1.2947318193E+1	4.6256053458E-3
2.6649358931E+0	1.2826065120E+1	4.6073593254E-3
2.6695340973E+0	1.2705201541E+1	4.5890363098E-3
2.6741139402E+0	1.2584733795E+1	4.5706366053E-3
2.6786753451E+0	1.2464668009E+1	4.5521605193E-3
2.6832182358E+0	1.2345010096E+1	4.5336083606E-3
2.6877425365E+0	1.2225765766E+1	4.5149804392E-3
2.6922481716E+0	1.2106940525E+1	4.4962770664E-3
2.6967350656E+0	1.1988539683E+1	4.4774985548E-3
2.7012031437E+0	1.1870568357E+1	4.4586452181E-3
2.7056523312E+0	1.1753031481E+1	4.4397173715E-3
2.7100825537E+0	1.1635933806E+1	4.4207153312E-3
2.7144937373E+0	1.1519279911E+1	4.4016394148E-3
2.7188858081E+0	1.1403074205E+1	4.3824899412E-3
2.7232586927E+0	1.1287320938E+1	4.3632672302E-3
2.7276123182E+0	1.1172024202E+1	4.3439716031E-3
2.7319466117E+0	1.1057187940E+1	4.3246033825E-3
2.7362615009E+0	1.0942815955E+1	4.3051628919E-3
2.7405569135E+0	1.0828911910E+1	4.2856504563E-3
2.7448327779E+0	1.0715479341E+1	4.2660664016E-3
2.7490890226E+0	1.0602521660E+1	4.2464110553E-3
2.7533255764E+0	1.0490042160E+1	4.2266847457E-3
2.7575423685E+0	1.0378044026E+1	4.2068878026E-3
2.7617393285E+0	1.0266530336E+1	4.1870205567E-3
2.7659163863E+0	1.0155504070E+1	4.1670833400E-3
2.7700734720E+0	1.0044968114E+1	4.1470764858E-3
2.7742105162E+0	9.9349252701E+0	4.1270003283E-3
2.7783274497E+0	9.8253782551E+0	4.1068552032E-3
2.7824242037E+0	9.7163297119E+0	4.0866414469E-3
2.7865007098E+0	9.6077822123E+0	4.0663593974E-3
2.7905568999E+0	9.4997382624E+0	4.0460093936E-3
2.7945927061E+0	9.3922003076E+0	4.0255917754E-3
2.7986080610E+0	9.2851707378E+0	4.0051068843E-3
2.8026028975E+0	9.1786518912E+0	3.9845550624E-3
2.8065771489E+0	9.0726460592E+0	3.9639366533E-3
2.8105307487E+0	8.9671554905E+0	3.9432520014E-3
2.8144636309E+0	8.8621823950E+0	3.9225014525E-3
2.8183757298E+0	8.7577289477E+0	3.9016853533E-3
2.8222669799E+0	8.6537972922E+0	3.8808040517E-3
2.8261373163E+0	8.5503895442E+0	3.8598578967E-3
2.8299866742E+0	8.4475077943E+0	3.8388472382E-3
2.8338149894E+0	8.3451541117E+0	3.8177724274E-3
2.8376221978E+0	8.2433305465E+0	3.7966338166E-3
2.8414082359E+0	8.1420391324E+0	3.7754317588E-3
2.8451730403E+0	8.0412818891E+0	3.7541666086E-3
2.8489165482E+0	7.9410608250E+0	3.7328387211E-3
2.8526386969E+0	7.8413779384E+0	3.7114484529E-3
2.8563394244E+0	7.7422352204E+0	3.6899961614E-3
2.8600186687E+0	7.6436346559E+0	3.6684822051E-3
2.8636763684E+0	7.5455782255E+0	3.6469069436E-3
2.8673124623E+0	7.4480679068E+0	3.6252707373E-3
2.8709268897E+0	7.3511056758E+0	3.6035739479E-3
2.8745195901E+0	7.2546935078E+0	3.5818169379E-3
2.8780905036E+0	7.1588333786E+0	3.5600000709E-3
2.8816395704E+0	7.0635272652E+0	3.5381237115E-3
2.8851667313E+0	6.9687771465E+0	3.5161882254E-3
2.8886719273E+0	6.8745850040E+0	3.4941939790E-3
2.8921550998E+0	6.7809528222E+0	3.4721413399E-3
2.8956161906E+0	6.6878825889E+0	3.4500306767E-3
2.8990551419E+0	6.5953762955E+0	3.4278623588E-3
2.9024718962E+0	6.5034359373E+0	3.4056367567E-3
2.9058663965E+0	6.4120635133E+0	3.3833542419E-3
2.9092385859E+0	6.3212610264E+0	3.3610151867E-3
2.9125884081E+0	6.2310304831E+0	3.3386199643E-3
2.9159158072E+0	6.1413738934E+0	3.3161689492E-3
2.9192207275E+0	6.0522932706E+0	3.2936625164E-3
2.9225031139E+0	5.9637906311E+0	3.2711010421E-3
2.9257629114E+0	5.8758679936E+0	3.2484849032E-3
2.9290000656E+0	5.7885273790E+0	3.2258144779E-3
2.9322145224E+0	5.7017708100E+0	3.2030901448E-3
2.9354062280E+0	5.6156003101E+0	3.1803122838E-3
2.9385751292E+0	5.5300179038E+0	3.1574812755E-3
2.9417211730E+0	5.4450256150E+0	3.1345975014E-3
2.9448443068E+0	5.3606254674E+0	3.1116613440E-3
2.9479444784E+0	5.2768194830E+0	3.0886731866E-3
2.9510216360E+0	5.1936096820E+0	3.0656334132E-3
2.9540757281E+0	5.1109980817E+0	3.0425424091E-3
2.9571067038E+0	5.0289866961E+0	3.0194005599E-3
2.9601145124E+0	4.9475775347E+0	2.9962082525E-3
2.9630991036E+0	4.8667726025E+0	2.9729658744E-3
2.9660604276E+0	4.7865738985E+0	2.9496738141E-3
2.9689984348E+0	4.7069834153E+0	2.9263324607E-3
2.9719130762E+0	4.6280031385E+0	2.9029422044E-3
2.9748043031E+0	4.5496350456E+0	2.8795034361E-3
2.9776720671E+0	4.4718811056E+0	2.8560165473E-3
2.9805163203E+0	4.3947432778E+0	2.8324819307E-3
2.9833370151E+0	4.3182235117E+0	2.8088999795E-3
2.9861341046E+0	4.2423237459E+0	2.7852710878E-3
2.9889075418E+0	4.1670459072E+0	2.7615956505E-3
2.9916572805E+0	4.0923919104E+0	2.7378740632E-3
2.9943832747E+0	4.0183636574E+0	2.7141067224E-3
2.9970854788E+0	3.9449630366E+0	2.6902940251E-3
2.9997638477E+0	3.8721919219E+0	2.6664363695E-3
3.0024183367E+0	3.8000521727E+0	2.6425341541E-3
3.0050489013E+0	3.7285456328E+0	2.6185877784E-3
3.0076554977E+0	3.6576741304E+0	2.5945976426E-3
3.0102380822E+0	3.5874394766E+0	2.5705641475E-3
3.0127966116E+0	3.5178434660E+0	2.5464876949E-3
3.0153310434E+0	3.4488878752E+0	2.5223686871E-3
3.0178413350E+0	3.3805744632E+0	2.4982075270E-3
3.0203274445E+0	3.3129049700E+0	2.4740046186E-3
3.0227893304E+0	3.2458811172E+0	2.4497603662E-3
3.0252269516E+0	3.1795046067E+0	2.4254751751E-3
3.0276402673E+0	3.1137771208E+0	2.4011494510E-3
3.0300292371E+0	3.0487003218E+0	2.3767836004E-3
3.0323938212E+0	2.9842758514E+0	2.3523780306E-3
3.0347339801E+0	2.9205053308E+0	2.3279331494E-3
3.0370496746E+0	2.8573903601E+0	2.3034493653E-3
3.0393408660E+0	2.7949325180E+0	2.2789270875E-3
3.0416075160E+0	2.7331333620E+0	2.2543667257E-3
3.0438495869E+0	2.6719944276E+0	2.2297686905E-3
3.0460670410E+0	2.6115172284E+0	2.2051333928E-3
3.0482598414E+0	2.5517032562E+0	2.1804612443E-3
3.0504279513E+0	2.4925539801E+0	2.1557526574E-3
3.0525713347E+0	2.4340708472E+0	2.1310080450E-3
3.0546899556E+0	2.3762552820E+0	2.1062278206E-3
3.0567837786E+0	2.3191086865E+0	2.0814123983E-3
3.0588527688E+0	2.2626324399E+0	2.0565621928E-3
3.0608968915E+0	2.2068278990E+0	2.0316776194E-3
3.0629161127E+0	2.1516963975E+0	2.0067590939E-3
3.0649103985E+0	2.0972392468E+0	1.9818070327E-3
3.0668797157E+0	2.0434577353E+0	1.9568218529E-3
3.0688240313E+0	1.9903531287E+0	1.9318039720E-3
3.0707433129E+0	1.9379266702E+0	1.9067538080E-3
3.0726375283E+0	1.8861795802E+0	1.8816717796E-3
3.0745066460E+0	1.8351130567E+0	1.8565583060E-3
3.0763506346E+0	1.7847282751E+0	1.8314138067E-3
3.0781694634E+0	1.7350263886E+0	1.8062387021E-3
3.0799631019E+0	1.6860085277E+0	1.7810334128E-3
3.0817315203E+0	1.6376758013E+0	1.7557983600E-3
3.0834746889E+0	1.5900292957E+0	1.7305339655E-3
3.0851925786E+0	1.5430700757E+0	1.7052406515E-3
3.0868851607E+0	1.4967991841E+0	1.6799188405E-3
3.0885524069E+0	1.4512176422E+0	1.6545689559E-3
3.0901942894E+0	1.4063264497E+0	1.6291914212E-3
3.0918107807E+0	1.3621265852E+0	1.6037866605E-3
3.0934018538E+0	1.3186190060E+0	1.5783550984E-3
3.0949674821E+0	1.2758046485E+0	1.5528971598E-3
3.0965076394E+0	1.2336844286E+0	1.5274132703E-3
3.0980223001E+0	1.1922592412E+0	1.5019038556E-3
3.0995114388E+0	1.1515299613E+0	1.4763693421E-3
3.1009750306E+0	1.1114974434E+0	1.4508101565E-3
3.1024130510E+0	1.0721625221E+0	1.4252267258E-3
3.1038254761E+0	1.0335260126E+0	1.3996194778E-3
3.1052122822E+0	9.9558871002E-1	1.3739888402E-3
3.1065734461E+0	9.5835139059E-1	1.3483352414E-3
3.1079089451E+0	9.2181481123E-1	1.3226591101E-3
3.1092187570E+0	8.8597971003E-1	1.2969608754E-3
3.1105028597E+0	8.5084680638E-1	1.2712409668E-3
3.1117612318E+0	8.1641680122E-1	1.2454998140E-3
3.1129938524E+0	7.8269037725E-1	1.2197378472E-3
3.1142007007E+0	7.4966819913E-1	1.1939554970E-3
3.1153817567E+0	7.1735091373E-1	1.1681531941E-3
3.1165370006E+0	6.8573915032E-1	1.1423313699E-3
3.1176664131E+0	6.5483352077E-1	1.1164904558E-3
3.1187699753E+0	6.2463461979E-1	1.0906308836E-3
3.1198476688E+0	5.9514302516E-1	1.0647530855E-3
3.1208994755E+0	5.6635929785E-1	1.0388574939E-3
3.1219253780E+0	5.3828398233E-1	1.0129445417E-3
3.1229253590E+0	5.1091760671E-1	9.8701466182E-4
3.1238994018E+0	4.8426068295E-1	9.6106828758E-4
3.1248474902E+0	4.5831370707E-1	9.3510585261E-4
3.1257696083E+0	4.3307715935E-1	9.0912779076E-4
3.1266657407E+0	4.0855150447E-1	8.8313453619E-4
3.1275358724E+0	3.8473719176E-1	8.5712652325E-4
3.1283799890E+0	3.6163465534E-1	8.3110418659E-4
3.1291980762E+0	3.3924431433E-1	8.0506796108E-4
3.1299901204E+0	3.1756657299E-1	7.7901828182E-4
3.1307561084E+0	2.9660182091E-1	7.5295558414E-4
3.1314960274E+0	2.7635043316E-1	7.2688030358E-4
3.1322098650E+0	2.5681277048E-1	7.0079287589E-4
3.1328976092E+0	2.3798917941E-1	6.7469373705E-4
3.1335592487E+0	2.1987999243E-1	6.4858332323E-4
3.1341947723E+0	2.0248552816E-1	6.2246207073E-4
3.1348041694E+0	1.8580609142E-1	5.9633041614E-4
3.1353874298E+0	1.6984197345E-1	5.7018879612E-4
3.1359445438E+0	1.5459345198E-1	5.4403764760E-4
3.1364755020E+0	1.4006079139E-1	5.1787740760E-4
3.1369802957E+0	1.2624424279E-1	4.9170851331E-4
3.1374589163E+0	1.1314404419E-1	4.6553140213E-4
3.1379113559E+0	1.0076042056E-1	4.3934651156E-4
3.1383376069E+0	8.9093583973E-2	4.1315427928E-4
3.1387376622E+0	7.8143733669E-2	3.8695514312E-4
3.1391115150E+0	6.7911056165E-2	3.6074954110E-4
3.1394591592E+0	5.8395725336E-2	3.3453791144E-4
3.1397805890E+0	4.9597902493E-2	3.0832069259E-4
3.1400757989E+0	4.1517736457E-2	2.8209832342E-4
3.1403447841E+0	3.4155363614E-2	2.5587124334E-4
3.1405875400E+0	2.7510907965E-2	2.2963989267E-4
3.1408040626E+0	2.1584481150E-2	2.0340471372E-4
3.1409943483E+0	1.6376182426E-2	1.7716615272E-4
3.1411583939E+0	1.1886098546E-2	1.5092466531E-4
3.1412961968E+0	8.1143033628E-3	1.2468073282E-4
3.1414077547E+0	5.0608565581E-3	9.8434919423E-5
3.1414930663E+0	2.7257987348E-3	7.2188137769E-5
3.1415521316E+0	1.1091249676E-3	4.5943520243E-5
3.1415849628E+0	2.1050320190E-4	1.9736940383E-5