# Differential cross section		
# Author: P. Swaczyna	Princeton University	(swaczyna@princeton.edu)
# Date: 	Fri 4 Dec 2020 10:38:47	
# 		
# Elastic collision: He^0 + He^0 -> He^0 + He^0		
# 		
# Red. mass: 	1.8642000787E+9	 eV/c^2
# CM energy: 	1.3182567386E-2	 eV
# Rel speed: 	1.1274296182E+5	 cm/s
# Tot sigma: 	1.4797208601E+2	 a.u.
# Int sigma: 	1.4797208601E+2	 a.u.
# 		
# Columns:		
# the <- scattering angle (rad)		
# dcs <- dsigma/dOmega*2*pi*sin(the) (a.u. = 2.8002852056E-17 cm^2)		
# wei <- weight for cross section integration (approx. width of angle bin)		
# 		
# the	dcs	wei
7.6907532846E-6	2.7703268108E-2	1.9736940383E-5
4.0521979771E-5	1.4596635588E-1	4.5943520243E-5
9.9587300392E-5	3.5872859062E-1	7.2188137769E-5
1.8489884726E-4	6.6603339316E-1	9.8434919423E-5
2.9645680168E-4	1.0678806279E+0	1.2468073282E-4
4.3425968311E-4	1.5642632476E+0	1.5092466531E-4
5.9830531657E-4	2.1551702322E+0	1.7716615272E-4
7.8859101285E-4	2.8405865642E+0	2.0340471372E-4
1.0051136166E-3	3.6204925989E+0	2.2963989267E-4
1.2478695220E-3	4.4948631924E+0	2.5587124334E-4
1.5168546797E-3	5.4636666668E+0	2.8209832342E-4
1.8120645986E-3	6.5268636354E+0	3.0832069259E-4
2.1334943481E-3	7.6844056969E+0	3.3453791144E-4
2.4811385584E-3	8.9362340003E+0	3.6074954110E-4
2.8549914211E-3	1.0282277684E+1	3.8695514312E-4
3.2550466893E-3	1.1722452188E+1	4.1315427928E-4
3.6812976783E-3	1.3256657443E+1	4.3934651156E-4
4.1337372652E-3	1.4884775939E+1	4.6553140213E-4
4.6123578895E-3	1.6606670663E+1	4.9170851331E-4
5.1171515529E-3	1.8422182927E+1	5.1787740760E-4
5.6481098199E-3	2.0331130066E+1	5.4403764760E-4
6.2052238176E-3	2.2333303028E+1	5.7018879612E-4
6.7884842360E-3	2.4428463842E+1	5.9633041614E-4
7.3978813281E-3	2.6616342973E+1	6.2246207073E-4
8.0334049101E-3	2.8896636566E+1	6.4858332323E-4
8.6950443616E-3	3.1269003581E+1	6.7469373705E-4
9.3827886258E-3	3.3733062823E+1	7.0079287589E-4
1.0096626210E-2	3.6288389870E+1	7.2688030358E-4
1.0836545184E-2	3.8934513896E+1	7.5295558414E-4
1.1602533184E-2	4.1670914403E+1	7.7901828182E-4
1.2394577408E-2	4.4497017865E+1	8.0506796108E-4
1.3212664621E-2	4.7412194279E+1	8.3110418659E-4
1.4056781152E-2	5.0415753636E+1	8.5712652325E-4
1.4926912893E-2	5.3506942320E+1	8.8313453619E-4
1.5823045305E-2	5.6684939435E+1	9.0912779076E-4
1.6745163410E-2	5.9948853066E+1	9.3510585261E-4
1.7693251801E-2	6.3297716487E+1	9.6106828758E-4
1.8667294632E-2	6.6730484319E+1	9.8701466182E-4
1.9667275626E-2	7.0246028649E+1	1.0129445417E-3
2.0693178073E-2	7.3843135115E+1	1.0388574939E-3
2.1744984827E-2	7.7520498967E+1	1.0647530855E-3
2.2822678313E-2	8.1276721123E+1	1.0906308836E-3
2.3926240519E-2	8.5110304212E+1	1.1164904558E-3
2.5055653005E-2	8.9019648635E+1	1.1423313699E-3
2.6210896896E-2	9.3003048644E+1	1.1681531941E-3
2.7391952886E-2	9.7058688453E+1	1.1939554970E-3
2.8598801239E-2	1.0118463840E+2	1.2197378472E-3
2.9831421786E-2	1.0537885116E+2	1.2454998140E-3
3.1089793929E-2	1.0963915805E+2	1.2712409668E-3
3.2373896638E-2	1.1396326541E+2	1.2969608754E-3
3.3683708455E-2	1.1834875111E+2	1.3226591101E-3
3.5019207490E-2	1.2279306115E+2	1.3483352414E-3
3.6380371427E-2	1.2729350640E+2	1.3739888402E-3
3.7767177517E-2	1.3184725958E+2	1.3996194778E-3
3.9179602586E-2	1.3645135229E+2	1.4252267258E-3
4.0617623030E-2	1.4110267234E+2	1.4508101565E-3
4.2081214817E-2	1.4579796124E+2	1.4763693421E-3
4.3570353490E-2	1.5053381198E+2	1.5019038556E-3
4.5085014162E-2	1.5530666697E+2	1.5274132703E-3
4.6625171522E-2	1.6011281642E+2	1.5528971598E-3
4.8190799831E-2	1.6494839683E+2	1.5783550984E-3
4.9781872927E-2	1.6980938998E+2	1.6037866605E-3
5.1398364219E-2	1.7469162215E+2	1.6291914212E-3
5.3040246694E-2	1.7959076377E+2	1.6545689559E-3
5.4707492914E-2	1.8450232943E+2	1.6799188405E-3
5.6400075017E-2	1.8942167834E+2	1.7052406515E-3
5.8117964718E-2	1.9434401519E+2	1.7305339655E-3
5.9861133308E-2	1.9926439151E+2	1.7557983600E-3
6.1629551657E-2	2.0417770750E+2	1.7810334128E-3
6.3423190212E-2	2.0907871436E+2	1.8062387021E-3
6.5242019000E-2	2.1396201717E+2	1.8314138067E-3
6.7086007624E-2	2.1882207830E+2	1.8565583060E-3
6.8955125270E-2	2.2365322143E+2	1.8816717796E-3
7.0849340702E-2	2.2844963612E+2	1.9067538080E-3
7.2768622264E-2	2.3320538302E+2	1.9318039720E-3
7.4712937885E-2	2.3791439971E+2	1.9568218529E-3
7.6682255070E-2	2.4257050718E+2	1.9818070327E-3
7.8676540910E-2	2.4716741698E+2	2.0067590939E-3
8.0695762079E-2	2.5169873903E+2	2.0316776194E-3
8.2739884832E-2	2.5615799018E+2	2.0565621928E-3
8.4808875009E-2	2.6053860337E+2	2.0814123983E-3
8.6902698034E-2	2.6483393758E+2	2.1062278206E-3
8.9021318917E-2	2.6903728848E+2	2.1310080450E-3
9.1164702253E-2	2.7314189976E+2	2.1557526574E-3
9.3332812224E-2	2.7714097522E+2	2.1804612443E-3
9.5525612596E-2	2.8102769154E+2	2.2051333928E-3
9.7743066726E-2	2.8479521181E+2	2.2297686905E-3
9.9985137556E-2	2.8843669971E+2	2.2543667257E-3
1.0225178762E-1	2.9194533437E+2	2.2789270875E-3
1.0454297904E-1	2.9531432602E+2	2.3034493653E-3
1.0685867352E-1	2.9853693213E+2	2.3279331494E-3
1.0919883237E-1	3.0160647429E+2	2.3523780306E-3
1.1156341648E-1	3.0451635571E+2	2.3767836004E-3
1.1395238633E-1	3.0726007919E+2	2.4011494510E-3
1.1636570200E-1	3.0983126575E+2	2.4254751751E-3
1.1880332317E-1	3.1222367368E+2	2.4497603662E-3
1.2126520909E-1	3.1443121808E+2	2.4740046186E-3
1.2375131862E-1	3.1644799081E+2	2.4982075270E-3
1.2626161023E-1	3.1826828074E+2	2.5223686871E-3
1.2879604195E-1	3.1988659442E+2	2.5464876949E-3
1.3135457143E-1	3.2129767684E+2	2.5705641475E-3
1.3393715592E-1	3.2249653245E+2	2.5945976426E-3
1.3654375226E-1	3.2347844626E+2	2.6185877784E-3
1.3917431689E-1	3.2423900491E+2	2.6425341541E-3
1.4182880585E-1	3.2477411781E+2	2.6664363695E-3
1.4450717478E-1	3.2508003796E+2	2.6902940251E-3
1.4720937892E-1	3.2515338268E+2	2.7141067224E-3
1.4993537310E-1	3.2499115397E+2	2.7378740632E-3
1.5268511179E-1	3.2459075842E+2	2.7615956505E-3
1.5545854902E-1	3.2395002668E+2	2.7852710878E-3
1.5825563845E-1	3.2306723223E+2	2.8088999795E-3
1.6107633333E-1	3.2194110949E+2	2.8324819307E-3
1.6392058653E-1	3.2057087106E+2	2.8560165473E-3
1.6678835052E-1	3.1895622406E+2	2.8795034361E-3
1.6967957737E-1	3.1709738542E+2	2.9029422044E-3
1.7259421876E-1	3.1499509600E+2	2.9263324607E-3
1.7553222599E-1	3.1265063344E+2	2.9496738141E-3
1.7849354996E-1	3.1006582369E+2	2.9729658744E-3
1.8147814117E-1	3.0724305100E+2	2.9962082525E-3
1.8448594977E-1	3.0418526637E+2	3.0194005599E-3
1.8751692548E-1	3.0089599427E+2	3.0425424091E-3
1.9057101764E-1	2.9737933762E+2	3.0656334132E-3
1.9364817522E-1	2.9363998084E+2	3.0886731866E-3
1.9674834681E-1	2.8968319092E+2	3.1116613440E-3
1.9987148058E-1	2.8551481648E+2	3.1345975014E-3
2.0301752435E-1	2.8114128459E+2	3.1574812755E-3
2.0618642554E-1	2.7656959549E+2	3.1803122838E-3
2.0937813120E-1	2.7180731490E+2	3.2030901448E-3
2.1259258799E-1	2.6686256406E+2	3.2258144779E-3
2.1582974219E-1	2.6174400737E+2	3.2484849032E-3
2.1908953970E-1	2.5646083760E+2	3.2711010421E-3
2.2237192605E-1	2.5102275861E+2	3.2936625164E-3
2.2567684639E-1	2.4543996565E+2	3.3161689492E-3
2.2900424548E-1	2.3972312311E+2	3.3386199643E-3
2.3235406772E-1	2.3388333991E+2	3.3610151867E-3
2.3572625713E-1	2.2793214234E+2	3.3833542419E-3
2.3912075735E-1	2.2188144453E+2	3.4056367567E-3
2.4253751167E-1	2.1574351659E+2	3.4278623588E-3
2.4597646298E-1	2.0953095042E+2	3.4500306767E-3
2.4943755380E-1	2.0325662333E+2	3.4721413399E-3
2.5292072631E-1	1.9693365953E+2	3.4941939790E-3
2.5642592230E-1	1.9057538961E+2	3.5161882254E-3
2.5995308318E-1	1.8419530816E+2	3.5381237115E-3
2.6350215001E-1	1.7780702966E+2	3.5600000709E-3
2.6707306349E-1	1.7142424276E+2	3.5818169379E-3
2.7066576394E-1	1.6506066315E+2	3.6035739479E-3
2.7428019131E-1	1.5872998528E+2	3.6252707373E-3
2.7791628522E-1	1.5244583295E+2	3.6469069436E-3
2.8157398488E-1	1.4622170919E+2	3.6684822051E-3
2.8525322919E-1	1.4007094546E+2	3.6899961614E-3
2.8895395665E-1	1.3400665067E+2	3.7114484529E-3
2.9267610542E-1	1.2804165987E+2	3.7328387211E-3
2.9641961330E-1	1.2218848333E+2	3.7541666086E-3
3.0018441773E-1	1.1645925590E+2	3.7754317588E-3
3.0397045579E-1	1.1086568714E+2	3.7966338166E-3
3.0777766421E-1	1.0541901237E+2	3.8177724274E-3
3.1160597938E-1	1.0012994508E+2	3.8388472382E-3
3.1545533730E-1	9.5008630749E+1	3.8598578967E-3
3.1932567367E-1	9.0064602581E+1	3.8808040517E-3
3.2321692379E-1	8.5306739333E+1	3.9016853533E-3
3.2712902264E-1	8.0743225497E+1	3.9225014525E-3
3.3106190484E-1	7.6381514159E+1	3.9432520014E-3
3.3501550468E-1	7.2228292769E+1	3.9639366533E-3
3.3898975607E-1	6.8289452081E+1	3.9845550624E-3
3.4298459261E-1	6.4570058515E+1	4.0051068843E-3
3.4699994753E-1	6.1074330150E+1	4.0255917754E-3
3.5103575373E-1	5.7805616574E+1	4.0460093936E-3
3.5509194378E-1	5.4766382787E+1	4.0663593974E-3
3.5916844988E-1	5.1958197310E+1	4.0866414469E-3
3.6326520391E-1	4.9381724678E+1	4.1068552032E-3
3.6738213741E-1	4.7036722422E+1	4.1270003283E-3
3.7151918157E-1	4.4922042655E+1	4.1470764858E-3
3.7567626728E-1	4.3035638338E+1	4.1670833400E-3
3.7985332504E-1	4.1374574256E+1	4.1870205567E-3
3.8405028507E-1	3.9935042744E+1	4.2068878026E-3
3.8826707721E-1	3.8712384136E+1	4.2266847457E-3
3.9250363101E-1	3.7701111890E+1	4.2464110553E-3
3.9675987567E-1	3.6894942321E+1	4.2660664016E-3
4.0103574005E-1	3.6286828828E+1	4.2856504563E-3
4.0533115271E-1	3.5869000474E+1	4.3051628919E-3
4.0964604185E-1	3.5633004742E+1	4.3246033825E-3
4.1398033538E-1	3.5569754265E+1	4.3439716031E-3
4.1833396086E-1	3.5669577294E+1	4.3632672302E-3
4.2270684554E-1	3.5922271632E+1	4.3824899412E-3
4.2709891633E-1	3.6317161740E+1	4.4016394148E-3
4.3151009985E-1	3.6843158694E+1	4.4207153312E-3
4.3594032237E-1	3.7488822635E+1	4.4397173715E-3
4.4038950986E-1	3.8242427350E+1	4.4586452181E-3
4.4485758797E-1	3.9092026579E+1	4.4774985548E-3
4.4934448203E-1	4.0025521649E+1	4.4962770664E-3
4.5385011706E-1	4.1030729981E+1	4.5149804392E-3
4.5837441776E-1	4.2095454058E+1	4.5336083606E-3
4.6291730852E-1	4.3207550377E+1	4.5521605193E-3
4.6747871344E-1	4.4354997942E+1	4.5706366053E-3
4.7205855627E-1	4.5525965825E+1	4.5890363098E-3
4.7665676049E-1	4.6708879344E+1	4.6073593254E-3
4.8127324926E-1	4.7892484396E+1	4.6256053458E-3
4.8590794542E-1	4.9065909493E+1	4.6437740661E-3
4.9056077152E-1	5.0218725072E+1	4.6618651826E-3
4.9523164982E-1	5.1340999651E+1	4.6798783932E-3
4.9992050224E-1	5.2423352432E+1	4.6978133967E-3
5.0462725044E-1	5.3457001970E+1	4.7156698934E-3
5.0935181576E-1	5.4433810551E+1	4.7334475849E-3
5.1409411924E-1	5.5346323970E+1	4.7511461741E-3
5.1885408164E-1	5.6187806396E+1	4.7687653653E-3
5.2363162341E-1	5.6952270083E+1	4.7863048641E-3
5.2842666471E-1	5.7634499712E+1	4.8037643772E-3
5.3323912540E-1	5.8230071174E+1	4.8211436130E-3
5.3806892508E-1	5.8735364674E+1	4.8384422809E-3
5.4291598301E-1	5.9147572055E+1	4.8556600920E-3
5.4778021821E-1	5.9464698302E+1	4.8727967585E-3
5.5266154939E-1	5.9685557233E+1	4.8898519940E-3
5.5755989496E-1	5.9809761413E+1	4.9068255135E-3
5.6247517308E-1	5.9837706399E+1	4.9237170334E-3
5.6740730160E-1	5.9770549448E+1	4.9405262713E-3
5.7235619810E-1	5.9610182886E+1	4.9572529464E-3
5.7732177988E-1	5.9359202356E+1	4.9738967791E-3
5.8230396395E-1	5.9020870235E+1	4.9904574913E-3
5.8730266706E-1	5.8599074523E+1	5.0069348063E-3
5.9231780568E-1	5.8098283565E+1	5.0233284486E-3
5.9734929598E-1	5.7523496991E+1	5.0396381444E-3
6.0239705389E-1	5.6880193291E+1	5.0558636210E-3
6.0746099506E-1	5.6174274487E+1	5.0720046074E-3
6.1254103485E-1	5.5412008355E+1	5.0880608338E-3
6.1763708838E-1	5.4599968709E+1	5.1040320318E-3
6.2274907048E-1	5.3744974245E+1	5.1199179345E-3
6.2787689573E-1	5.2854026469E+1	5.1357182766E-3
6.3302047843E-1	5.1934247229E+1	5.1514327939E-3
6.3817973262E-1	5.0992816399E+1	5.1670612238E-3
6.4335457209E-1	5.0036910205E+1	5.1826033052E-3
6.4854491036E-1	4.9073640752E+1	5.1980587783E-3
6.5375066070E-1	4.8109997212E+1	5.2134273849E-3
6.5897173609E-1	4.7152789198E+1	5.2287088681E-3
6.6420804930E-1	4.6208592755E+1	5.2439029725E-3
6.6945951283E-1	4.5283699428E+1	5.2590094442E-3
6.7472603890E-1	4.4384068795E+1	5.2740280309E-3
6.8000753951E-1	4.3515284853E+1	5.2889584814E-3
6.8530392640E-1	4.2682516568E+1	5.3038005463E-3
6.9061511106E-1	4.1890482907E+1	5.3185539776E-3
6.9594100473E-1	4.1143422569E+1	5.3332185287E-3
7.0128151841E-1	4.0445068647E+1	5.3477939546E-3
7.0663656285E-1	3.9798628350E+1	5.3622800116E-3
7.1200604856E-1	3.9206767900E+1	5.3766764577E-3
7.1738988581E-1	3.8671602663E+1	5.3909830523E-3
7.2278798463E-1	3.8194692501E+1	5.4051995564E-3
7.2820025482E-1	3.7777042317E+1	5.4193257323E-3
7.3362660591E-1	3.7419107690E+1	5.4333613439E-3
7.3906694724E-1	3.7120805449E+1	5.4473061568E-3
7.4452118788E-1	3.6881529019E+1	5.4611599379E-3
7.4998923669E-1	3.6700168276E+1	5.4749224557E-3
7.5547100229E-1	3.6575133668E+1	5.4885934801E-3
7.6096639308E-1	3.6504384266E+1	5.5021727828E-3
7.6647531721E-1	3.6485459413E+1	5.5156601367E-3
7.7199768263E-1	3.6515513592E+1	5.5290553166E-3
7.7753339704E-1	3.6591354103E+1	5.5423580985E-3
7.8308236795E-1	3.6709481141E+1	5.5555682601E-3
7.8864450262E-1	3.6866129811E+1	5.5686855808E-3
7.9421970809E-1	3.7057313650E+1	5.5817098412E-3
7.9980789121E-1	3.7278869177E+1	5.5946408237E-3
8.0540895857E-1	3.7526501017E+1	5.6074783123E-3
8.1102281659E-1	3.7795827131E+1	5.6202220924E-3
8.1664937145E-1	3.8082423705E+1	5.6328719509E-3
8.2228852912E-1	3.8381869248E+1	5.6454276767E-3
8.2794019536E-1	3.8689787485E+1	5.6578890597E-3
8.3360427572E-1	3.9001888623E+1	5.6702558918E-3
8.3928067556E-1	3.9314008623E+1	5.6825279663E-3
8.4496930000E-1	3.9622146124E+1	5.6947050782E-3
8.5067005399E-1	3.9922496690E+1	5.7067870238E-3
8.5638284226E-1	4.0211484108E+1	5.7187736014E-3
8.6210756934E-1	4.0485788479E+1	5.7306646105E-3
8.6784413956E-1	4.0742370889E+1	5.7424598526E-3
8.7359245705E-1	4.0978494506E+1	5.7541591304E-3
8.7935242576E-1	4.1191741962E+1	5.7657622485E-3
8.8512394943E-1	4.1380028940E+1	5.7772690129E-3
8.9090693161E-1	4.1541613928E+1	5.7886792314E-3
8.9670127565E-1	4.1675104139E+1	5.7999927133E-3
9.0250688473E-1	4.1779457626E+1	5.8112092696E-3
9.0832366182E-1	4.1853981698E+1	5.8223287127E-3
9.1415150972E-1	4.1898327732E+1	5.8333508568E-3
9.1999033104E-1	4.1912482553E+1	5.8442755178E-3
9.2584002820E-1	4.1896756561E+1	5.8551025132E-3
9.3170050345E-1	4.1851768834E+1	5.8658316618E-3
9.3757165885E-1	4.1778429449E+1	5.8764627846E-3
9.4345339628E-1	4.1677919288E+1	5.8869957037E-3
9.4934561746E-1	4.1551667633E+1	5.8974302433E-3
9.5524822392E-1	4.1401327851E+1	5.9077662288E-3
9.6116111701E-1	4.1228751482E+1	5.9180034877E-3
9.6708419793E-1	4.1035961084E+1	5.9281418487E-3
9.7301736769E-1	4.0825122143E+1	5.9381811425E-3
9.7896052713E-1	4.0598514398E+1	5.9481212013E-3
9.8491357695E-1	4.0358502917E+1	5.9579618591E-3
9.9087641766E-1	4.0107509239E+1	5.9677029512E-3
9.9684894961E-1	3.9847982901E+1	5.9773443150E-3
1.0028310730E+0	3.9582373660E+1	5.9868857894E-3
1.0088226878E+0	3.9313104686E+1	5.9963272149E-3
1.0148236940E+0	3.9042546987E+1	6.0056684336E-3
1.0208339913E+0	3.8772995331E+1	6.0149092896E-3
1.0268534791E+0	3.8506645854E+1	6.0240496283E-3
1.0328820570E+0	3.8245575572E+1	6.0330892971E-3
1.0389196241E+0	3.7991723948E+1	6.0420281448E-3
1.0449660796E+0	3.7746876653E+1	6.0508660221E-3
1.0510213224E+0	3.7512651631E+1	6.0596027814E-3
1.0570852514E+0	3.7290487540E+1	6.0682382765E-3
1.0631577652E+0	3.7081634622E+1	6.0767723631E-3
1.0692387623E+0	3.6887148012E+1	6.0852048988E-3
1.0753281411E+0	3.6707883477E+1	6.0935357425E-3
1.0814257998E+0	3.6544495556E+1	6.1017647550E-3
1.0875316366E+0	3.6397438016E+1	6.1098917988E-3
1.0936455494E+0	3.6266966555E+1	6.1179167381E-3
1.0997674360E+0	3.6153143620E+1	6.1258394388E-3
1.1058971941E+0	3.6055845222E+1	6.1336597685E-3
1.1120347214E+0	3.5974769591E+1	6.1413775965E-3
1.1181799151E+0	3.5909447493E+1	6.1489927938E-3
1.1243326727E+0	3.5859254044E+1	6.1565052331E-3
1.1304928913E+0	3.5823421820E+1	6.1639147890E-3
1.1366604679E+0	3.5801055061E+1	6.1712213376E-3
1.1428352996E+0	3.5791144763E+1	6.1784247568E-3
1.1490172830E+0	3.5792584467E+1	6.1855249261E-3
1.1552063150E+0	3.5804186500E+1	6.1925217271E-3
1.1614022920E+0	3.5824698502E+1	6.1994150427E-3
1.1676051105E+0	3.5852820012E+1	6.2062047577E-3
1.1738146669E+0	3.5887218923E+1	6.2128907587E-3
1.1800308574E+0	3.5926547629E+1	6.2194729339E-3
1.1862535782E+0	3.5969458680E+1	6.2259511734E-3
1.1924827251E+0	3.6014619787E+1	6.2323253688E-3
1.1987181942E+0	3.6060728034E+1	6.2385954138E-3
1.2049598812E+0	3.6106523155E+1	6.2447612034E-3
1.2112076818E+0	3.6150799769E+1	6.2508226346E-3
1.2174614916E+0	3.6192418469E+1	6.2567796062E-3
1.2237212062E+0	3.6230315687E+1	6.2626320186E-3
1.2299867208E+0	3.6263512270E+1	6.2683797740E-3
1.2362579308E+0	3.6291120725E+1	6.2740227763E-3
1.2425347314E+0	3.6312351098E+1	6.2795609313E-3
1.2488170177E+0	3.6326515484E+1	6.2849941464E-3
1.2551046847E+0	3.6333031179E+1	6.2903223308E-3
1.2613976273E+0	3.6331422479E+1	6.2955453954E-3
1.2676957404E+0	3.6321321182E+1	6.3006632530E-3
1.2739989187E+0	3.6302465839E+1	6.3056758180E-3
1.2803070569E+0	3.6274699808E+1	6.3105830068E-3
1.2866200496E+0	3.6237968206E+1	6.3153847371E-3
1.2929377912E+0	3.6192313828E+1	6.3200809290E-3
1.2992601762E+0	3.6137872129E+1	6.3246715037E-3
1.3055870990E+0	3.6074865384E+1	6.3291563847E-3
1.3119184537E+0	3.6003596111E+1	6.3335354970E-3
1.3182541347E+0	3.5924439886E+1	6.3378087674E-3
1.3245940360E+0	3.5837837646E+1	6.3419761245E-3
1.3309380516E+0	3.5744287614E+1	6.3460374987E-3
1.3372860756E+0	3.5644336933E+1	6.3499928220E-3
1.3436380019E+0	3.5538573138E+1	6.3538420284E-3
1.3499937243E+0	3.5427615574E+1	6.3575850535E-3
1.3563531366E+0	3.5312106850E+1	6.3612218349E-3
1.3627161325E+0	3.5192704434E+1	6.3647523117E-3
1.3690826057E+0	3.5070072491E+1	6.3681764249E-3
1.3754524499E+0	3.4944874023E+1	6.3714941173E-3
1.3818255585E+0	3.4817763416E+1	6.3747053335E-3
1.3882018250E+0	3.4689379438E+1	6.3778100198E-3
1.3945811430E+0	3.4560338765E+1	6.3808081243E-3
1.4009634057E+0	3.4431230074E+1	6.3836995970E-3
1.4073485066E+0	3.4302608744E+1	6.3864843894E-3
1.4137363389E+0	3.4174992208E+1	6.3891624551E-3
1.4201267959E+0	3.4048855964E+1	6.3917337493E-3
1.4265197708E+0	3.3924630262E+1	6.3941982290E-3
1.4329151568E+0	3.3802697481E+1	6.3965558531E-3
1.4393128469E+0	3.3683390180E+1	6.3988065821E-3
1.4457127343E+0	3.3566989816E+1	6.4009503785E-3
1.4521147120E+0	3.3453726111E+1	6.4029872063E-3
1.4585186731E+0	3.3343777043E+1	6.4049170317E-3
1.4649245104E+0	3.3237269422E+1	6.4067398222E-3
1.4713321170E+0	3.3134280028E+1	6.4084555476E-3
1.4777413858E+0	3.3034837252E+1	6.4100641790E-3
1.4841522097E+0	3.2938923210E+1	6.4115656896E-3
1.4905644815E+0	3.2846476267E+1	6.4129600544E-3
1.4969780940E+0	3.2757393935E+1	6.4142472499E-3
1.5033929402E+0	3.2671536082E+1	6.4154272548E-3
1.5098089128E+0	3.2588728398E+1	6.4165000493E-3
1.5162259046E+0	3.2508766070E+1	6.4174656154E-3
1.5226438083E+0	3.2431417612E+1	6.4183239370E-3
1.5290625167E+0	3.2356428796E+1	6.4190749998E-3
1.5354819225E+0	3.2283526629E+1	6.4197187912E-3
1.5419019185E+0	3.2212423340E+1	6.4202553005E-3
1.5483223974E+0	3.2142820315E+1	6.4206845187E-3
1.5547432518E+0	3.2074411958E+1	6.4210064386E-3
1.5611643745E+0	3.2006889412E+1	6.4212210549E-3
1.5675856581E+0	3.1939944135E+1	6.4213283639E-3
1.5740069954E+0	3.1873271274E+1	6.4213283639E-3
1.5804282791E+0	3.1806572816E+1	6.4212210549E-3
1.5868494018E+0	3.1739560510E+1	6.4210064386E-3
1.5932702562E+0	3.1671958508E+1	6.4206845187E-3
1.5996907351E+0	3.1603505743E+1	6.4202553005E-3
1.6061107310E+0	3.1533958004E+1	6.4197187912E-3
1.6125301369E+0	3.1463089728E+1	6.4190749998E-3
1.6189488453E+0	3.1390695478E+1	6.4183239370E-3
1.6253667490E+0	3.1316591135E+1	6.4174656154E-3
1.6317837408E+0	3.1240614779E+1	6.4165000493E-3
1.6381997134E+0	3.1162627295E+1	6.4154272548E-3
1.6446145595E+0	3.1082512692E+1	6.4142472499E-3
1.6510281721E+0	3.1000178154E+1	6.4129600544E-3
1.6574404439E+0	3.0915553842E+1	6.4115656896E-3
1.6638512678E+0	3.0828592457E+1	6.4100641790E-3
1.6702605366E+0	3.0739268594E+1	6.4084555476E-3
1.6766681432E+0	3.0647577884E+1	6.4067398222E-3
1.6830739805E+0	3.0553535973E+1	6.4049170317E-3
1.6894779416E+0	3.0457177338E+1	6.4029872063E-3
1.6958799193E+0	3.0358553973E+1	6.4009503785E-3
1.7022798067E+0	3.0257733963E+1	6.3988065821E-3
1.7086774968E+0	3.0154799967E+1	6.3965558531E-3
1.7150728827E+0	3.0049847640E+1	6.3941982290E-3
1.7214658576E+0	2.9942983999E+1	6.3917337493E-3
1.7278563146E+0	2.9834325770E+1	6.3891624551E-3
1.7342441470E+0	2.9723997731E+1	6.3864843894E-3
1.7406292478E+0	2.9612131057E+1	6.3836995970E-3
1.7470115106E+0	2.9498861702E+1	6.3808081243E-3
1.7533908286E+0	2.9384328822E+1	6.3778100198E-3
1.7597670951E+0	2.9268673258E+1	6.3747053335E-3
1.7661402037E+0	2.9152036084E+1	6.3714941173E-3
1.7725100479E+0	2.9034557251E+1	6.3681764249E-3
1.7788765211E+0	2.8916374304E+1	6.3647523117E-3
1.7852395170E+0	2.8797621213E+1	6.3612218349E-3
1.7915989293E+0	2.8678427303E+1	6.3575850535E-3
1.7979546517E+0	2.8558916294E+1	6.3538420284E-3
1.8043065780E+0	2.8439205459E+1	6.3499928220E-3
1.8106546020E+0	2.8319404890E+1	6.3460374987E-3
1.8169986176E+0	2.8199616888E+1	6.3419761245E-3
1.8233385189E+0	2.8079935464E+1	6.3378087674E-3
1.8296741999E+0	2.7960445946E+1	6.3335354970E-3
1.8360055546E+0	2.7841224711E+1	6.3291563847E-3
1.8423324774E+0	2.7722339010E+1	6.3246715037E-3
1.8486548624E+0	2.7603846898E+1	6.3200809290E-3
1.8549726040E+0	2.7485797260E+1	6.3153847371E-3
1.8612855967E+0	2.7368229922E+1	6.3105830068E-3
1.8675937349E+0	2.7251175853E+1	6.3056758180E-3
1.8738969132E+0	2.7134657429E+1	6.3006632530E-3
1.8801950263E+0	2.7018688778E+1	6.2955453954E-3
1.8864879689E+0	2.6903276172E+1	6.2903223308E-3
1.8927756359E+0	2.6788418476E+1	6.2849941464E-3
1.8990579222E+0	2.6674107648E+1	6.2795609313E-3
1.9053347228E+0	2.6560329262E+1	6.2740227763E-3
1.9116059328E+0	2.6447063066E+1	6.2683797740E-3
1.9178714474E+0	2.6334283567E+1	6.2626320186E-3
1.9241311620E+0	2.6221960616E+1	6.2567796062E-3
1.9303849718E+0	2.6110060013E+1	6.2508226346E-3
1.9366327724E+0	2.5998544108E+1	6.2447612034E-3
1.9428744594E+0	2.5887372395E+1	6.2385954138E-3
1.9491099285E+0	2.5776502097E+1	6.2323253688E-3
1.9553390754E+0	2.5665888736E+1	6.2259511734E-3
1.9615617961E+0	2.5555486685E+1	6.2194729339E-3
1.9677779867E+0	2.5445249690E+1	6.2128907587E-3
1.9739875431E+0	2.5335131367E+1	6.2062047577E-3
1.9801903616E+0	2.5225085671E+1	6.1994150427E-3
1.9863863386E+0	2.5115067332E+1	6.1925217271E-3
1.9925753706E+0	2.5005032247E+1	6.1855249261E-3
1.9987573540E+0	2.4894937849E+1	6.1784247568E-3
2.0049321857E+0	2.4784743431E+1	6.1712213376E-3
2.0110997623E+0	2.4674410429E+1	6.1639147890E-3
2.0172599809E+0	2.4563902675E+1	6.1565052331E-3
2.0234127385E+0	2.4453186606E+1	6.1489927938E-3
2.0295579322E+0	2.4342231436E+1	6.1413775965E-3
2.0356954595E+0	2.4231009297E+1	6.1336597685E-3
2.0418252176E+0	2.4119495335E+1	6.1258394388E-3
2.0479471042E+0	2.4007667785E+1	6.1179167381E-3
2.0540610170E+0	2.3895507997E+1	6.1098917988E-3
2.0601668538E+0	2.3783000453E+1	6.1017647550E-3
2.0662645125E+0	2.3670132733E+1	6.0935357425E-3
2.0723538913E+0	2.3556895473E+1	6.0852048988E-3
2.0784348884E+0	2.3443282291E+1	6.0767723631E-3
2.0845074022E+0	2.3329289689E+1	6.0682382765E-3
2.0905713312E+0	2.3214916944E+1	6.0596027814E-3
2.0966265740E+0	2.3100165972E+1	6.0508660221E-3
2.1026730295E+0	2.2985041188E+1	6.0420281448E-3
2.1087105966E+0	2.2869549347E+1	6.0330892971E-3
2.1147391745E+0	2.2753699373E+1	6.0240496283E-3
2.1207586623E+0	2.2637502188E+1	6.0149092896E-3
2.1267689596E+0	2.2520970529E+1	6.0056684336E-3
2.1327699657E+0	2.2404118765E+1	5.9963272149E-3
2.1387615806E+0	2.2286962708E+1	5.9868857894E-3
2.1447437040E+0	2.2169519427E+1	5.9773443150E-3
2.1507162359E+0	2.2051807066E+1	5.9677029512E-3
2.1566790766E+0	2.1933844658E+1	5.9579618591E-3
2.1626321265E+0	2.1815651951E+1	5.9481212013E-3
2.1685752859E+0	2.1697249231E+1	5.9381811425E-3
2.1745084557E+0	2.1578657166E+1	5.9281418487E-3
2.1804315366E+0	2.1459896640E+1	5.9180034877E-3
2.1863444297E+0	2.1340988608E+1	5.9077662288E-3
2.1922470361E+0	2.1221953956E+1	5.8974302433E-3
2.1981392573E+0	2.1102813372E+1	5.8869957037E-3
2.2040209947E+0	2.0983587226E+1	5.8764627846E-3
2.2098921501E+0	2.0864295459E+1	5.8658316618E-3
2.2157526254E+0	2.0744957487E+1	5.8551025132E-3
2.2216023226E+0	2.0625592111E+1	5.8442755178E-3
2.2274411439E+0	2.0506217440E+1	5.8333508568E-3
2.2332689918E+0	2.0386850827E+1	5.8223287127E-3
2.2390857689E+0	2.0267508810E+1	5.8112092696E-3
2.2448913779E+0	2.0148207065E+1	5.7999927133E-3
2.2506857220E+0	2.0028960374E+1	5.7886792314E-3
2.2564687042E+0	1.9909782593E+1	5.7772690129E-3
2.2622402278E+0	1.9790686638E+1	5.7657622485E-3
2.2680001965E+0	1.9671684473E+1	5.7541591304E-3
2.2737485140E+0	1.9552787108E+1	5.7424598526E-3
2.2794850843E+0	1.9434004609E+1	5.7306646105E-3
2.2852098113E+0	1.9315346103E+1	5.7187736014E-3
2.2909225996E+0	1.9196819806E+1	5.7067870238E-3
2.2966233536E+0	1.9078433039E+1	5.6947050782E-3
2.3023119780E+0	1.8960192263E+1	5.6825279663E-3
2.3079883779E+0	1.8842103113E+1	5.6702558918E-3
2.3136524582E+0	1.8724170431E+1	5.6578890597E-3
2.3193041245E+0	1.8606398312E+1	5.6454276767E-3
2.3249432821E+0	1.8488790148E+1	5.6328719509E-3
2.3305698370E+0	1.8371348672E+1	5.6202220924E-3
2.3361836950E+0	1.8254076005E+1	5.6074783123E-3
2.3417847624E+0	1.8136973709E+1	5.5946408237E-3
2.3473729455E+0	1.8020042836E+1	5.5817098412E-3
2.3529481510E+0	1.7903283975E+1	5.5686855808E-3
2.3585102856E+0	1.7786697306E+1	5.5555682601E-3
2.3640592565E+0	1.7670282650E+1	5.5423580985E-3
2.3695949710E+0	1.7554039515E+1	5.5290553166E-3
2.3751173364E+0	1.7437967146E+1	5.5156601367E-3
2.3806262605E+0	1.7322064573E+1	5.5021727828E-3
2.3861216513E+0	1.7206330653E+1	5.4885934801E-3
2.3916034169E+0	1.7090764117E+1	5.4749224557E-3
2.3970714657E+0	1.6975363608E+1	5.4611599379E-3
2.4025257064E+0	1.6860127722E+1	5.4473061568E-3
2.4079660477E+0	1.6745055045E+1	5.4333613439E-3
2.4133923988E+0	1.6630144186E+1	5.4193257323E-3
2.4188046690E+0	1.6515393812E+1	5.4051995564E-3
2.4242027678E+0	1.6400802675E+1	5.3909830523E-3
2.4295866050E+0	1.6286369638E+1	5.3766764577E-3
2.4349560907E+0	1.6172093703E+1	5.3622800116E-3
2.4403111352E+0	1.6057974033E+1	5.3477939546E-3
2.4456516489E+0	1.5944009967E+1	5.3332185287E-3
2.4509775425E+0	1.5830201042E+1	5.3185539776E-3
2.4562887272E+0	1.5716547003E+1	5.3038005463E-3
2.4615851141E+0	1.5603047822E+1	5.2889584814E-3
2.4668666147E+0	1.5489703699E+1	5.2740280309E-3
2.4721331408E+0	1.5376515078E+1	5.2590094442E-3
2.4773846043E+0	1.5263482650E+1	5.2439029725E-3
2.4826209175E+0	1.5150607354E+1	5.2287088681E-3
2.4878419929E+0	1.5037890383E+1	5.2134273849E-3
2.4930477432E+0	1.4925333185E+1	5.1980587783E-3
2.4982380815E+0	1.4812937456E+1	5.1826033052E-3
2.5034129210E+0	1.4700705144E+1	5.1670612238E-3
2.5085721752E+0	1.4588638439E+1	5.1514327939E-3
2.5137157579E+0	1.4476739774E+1	5.1357182766E-3
2.5188435831E+0	1.4365011812E+1	5.1199179345E-3
2.5239555652E+0	1.4253457445E+1	5.1040320318E-3
2.5290516187E+0	1.4142079778E+1	5.0880608338E-3
2.5341316585E+0	1.4030882128E+1	5.0720046074E-3
2.5391955997E+0	1.3919868009E+1	5.0558636210E-3
2.5442433576E+0	1.3809041122E+1	5.0396381444E-3
2.5492748479E+0	1.3698405348E+1	5.0233284486E-3
2.5542899865E+0	1.3587964733E+1	5.0069348063E-3
2.5592886896E+0	1.3477723476E+1	4.9904574913E-3
2.5642708737E+0	1.3367685923E+1	4.9738967791E-3
2.5692364555E+0	1.3257856548E+1	4.9572529464E-3
2.5741853520E+0	1.3148239947E+1	4.9405262713E-3
2.5791174805E+0	1.3038840824E+1	4.9237170334E-3
2.5840327586E+0	1.2929663979E+1	4.9068255135E-3
2.5889311042E+0	1.2820714298E+1	4.8898519940E-3
2.5938124354E+0	1.2711996742E+1	4.8727967585E-3
2.5986766706E+0	1.2603516333E+1	4.8556600920E-3
2.6035237285E+0	1.2495278147E+1	4.8384422809E-3
2.6083535282E+0	1.2387287303E+1	4.8211436130E-3
2.6131659889E+0	1.2279548951E+1	4.8037643772E-3
2.6179610302E+0	1.2172068264E+1	4.7863048641E-3
2.6227385719E+0	1.2064850431E+1	4.7687653653E-3
2.6274985343E+0	1.1957900645E+1	4.7511461741E-3
2.6322408378E+0	1.1851224094E+1	4.7334475849E-3
2.6369654032E+0	1.1744825960E+1	4.7156698934E-3
2.6416721513E+0	1.1638711403E+1	4.6978133967E-3
2.6463610038E+0	1.1532885560E+1	4.6798783932E-3
2.6510318821E+0	1.1427353538E+1	4.6618651826E-3
2.6556847082E+0	1.1322120407E+1	4.6437740661E-3
2.6603194043E+0	1.1217191192E+1	4.6256053458E-3
2.6649358931E+0	1.1112570875E+1	4.6073593254E-3
2.6695340973E+0	1.1008264385E+1	4.5890363098E-3
2.6741139402E+0	1.0904276596E+1	4.5706366053E-3
2.6786753451E+0	1.0800612323E+1	4.5521605193E-3
2.6832182358E+0	1.0697276317E+1	4.5336083606E-3
2.6877425365E+0	1.0594273267E+1	4.5149804392E-3
2.6922481716E+0	1.0491607794E+1	4.4962770664E-3
2.6967350656E+0	1.0389284448E+1	4.4774985548E-3
2.7012031437E+0	1.0287307712E+1	4.4586452181E-3
2.7056523312E+0	1.0185681992E+1	4.4397173715E-3
2.7100825537E+0	1.0084411624E+1	4.4207153312E-3
2.7144937373E+0	9.9835008692E+0	4.4016394148E-3
2.7188858081E+0	9.8829539148E+0	4.3824899412E-3
2.7232586927E+0	9.7827748730E+0	4.3632672302E-3
2.7276123182E+0	9.6829677814E+0	4.3439716031E-3
2.7319466117E+0	9.5835366038E+0	4.3246033825E-3
2.7362615009E+0	9.4844852299E+0	4.3051628919E-3
2.7405569135E+0	9.3858174765E+0	4.2856504563E-3
2.7448327779E+0	9.2875370881E+0	4.2660664016E-3
2.7490890226E+0	9.1896477377E+0	4.2464110553E-3
2.7533255764E+0	9.0921530283E+0	4.2266847457E-3
2.7575423685E+0	8.9950564938E+0	4.2068878026E-3
2.7617393285E+0	8.8983616006E+0	4.1870205567E-3
2.7659163863E+0	8.8020717488E+0	4.1670833400E-3
2.7700734720E+0	8.7061902735E+0	4.1470764858E-3
2.7742105162E+0	8.6107204470E+0	4.1270003283E-3
2.7783274497E+0	8.5156654800E+0	4.1068552032E-3
2.7824242037E+0	8.4210285230E+0	4.0866414469E-3
2.7865007098E+0	8.3268126685E+0	4.0663593974E-3
2.7905568999E+0	8.2330209525E+0	4.0460093936E-3
2.7945927061E+0	8.1396563562E+0	4.0255917754E-3
2.7986080610E+0	8.0467218075E+0	4.0051068843E-3
2.8026028975E+0	7.9542201831E+0	3.9845550624E-3
2.8065771489E+0	7.8621543102E+0	3.9639366533E-3
2.8105307487E+0	7.7705269677E+0	3.9432520014E-3
2.8144636309E+0	7.6793408883E+0	3.9225014525E-3
2.8183757298E+0	7.5885987601E+0	3.9016853533E-3
2.8222669799E+0	7.4983032279E+0	3.8808040517E-3
2.8261373163E+0	7.4084568953E+0	3.8598578967E-3
2.8299866742E+0	7.3190623256E+0	3.8388472382E-3
2.8338149894E+0	7.2301220436E+0	3.8177724274E-3
2.8376221978E+0	7.1416385372E+0	3.7966338166E-3
2.8414082359E+0	7.0536142583E+0	3.7754317588E-3
2.8451730403E+0	6.9660516245E+0	3.7541666086E-3
2.8489165482E+0	6.8789530204E+0	3.7328387211E-3
2.8526386969E+0	6.7923207984E+0	3.7114484529E-3
2.8563394244E+0	6.7061572806E+0	3.6899961614E-3
2.8600186687E+0	6.6204647590E+0	3.6684822051E-3
2.8636763684E+0	6.5352454974E+0	3.6469069436E-3
2.8673124623E+0	6.4505017317E+0	3.6252707373E-3
2.8709268897E+0	6.3662356716E+0	3.6035739479E-3
2.8745195901E+0	6.2824495006E+0	3.5818169379E-3
2.8780905036E+0	6.1991453779E+0	3.5600000709E-3
2.8816395704E+0	6.1163254380E+0	3.5381237115E-3
2.8851667313E+0	6.0339917926E+0	3.5161882254E-3
2.8886719273E+0	5.9521465304E+0	3.4941939790E-3
2.8921550998E+0	5.8707917183E+0	3.4721413399E-3
2.8956161906E+0	5.7899294017E+0	3.4500306767E-3
2.8990551419E+0	5.7095616052E+0	3.4278623588E-3
2.9024718962E+0	5.6296903332E+0	3.4056367567E-3
2.9058663965E+0	5.5503175700E+0	3.3833542419E-3
2.9092385859E+0	5.4714452806E+0	3.3610151867E-3
2.9125884081E+0	5.3930754110E+0	3.3386199643E-3
2.9159158072E+0	5.3152098885E+0	3.3161689492E-3
2.9192207275E+0	5.2378506220E+0	3.2936625164E-3
2.9225031139E+0	5.1609995025E+0	3.2711010421E-3
2.9257629114E+0	5.0846584030E+0	3.2484849032E-3
2.9290000656E+0	5.0088291790E+0	3.2258144779E-3
2.9322145224E+0	4.9335136688E+0	3.2030901448E-3
2.9354062280E+0	4.8587136933E+0	3.1803122838E-3
2.9385751292E+0	4.7844310566E+0	3.1574812755E-3
2.9417211730E+0	4.7106675456E+0	3.1345975014E-3
2.9448443068E+0	4.6374249308E+0	3.1116613440E-3
2.9479444784E+0	4.5647049657E+0	3.0886731866E-3
2.9510216360E+0	4.4925093875E+0	3.0656334132E-3
2.9540757281E+0	4.4208399167E+0	3.0425424091E-3
2.9571067038E+0	4.3496982572E+0	3.0194005599E-3
2.9601145124E+0	4.2790860967E+0	2.9962082525E-3
2.9630991036E+0	4.2090051064E+0	2.9729658744E-3
2.9660604276E+0	4.1394569409E+0	2.9496738141E-3
2.9689984348E+0	4.0704432387E+0	2.9263324607E-3
2.9719130762E+0	4.0019656217E+0	2.9029422044E-3
2.9748043031E+0	3.9340256955E+0	2.8795034361E-3
2.9776720671E+0	3.8666250491E+0	2.8560165473E-3
2.9805163203E+0	3.7997652552E+0	2.8324819307E-3
2.9833370151E+0	3.7334478700E+0	2.8088999795E-3
2.9861341046E+0	3.6676744332E+0	2.7852710878E-3
2.9889075418E+0	3.6024464679E+0	2.7615956505E-3
2.9916572805E+0	3.5377654807E+0	2.7378740632E-3
2.9943832747E+0	3.4736329616E+0	2.7141067224E-3
2.9970854788E+0	3.4100503840E+0	2.6902940251E-3
2.9997638477E+0	3.3470192046E+0	2.6664363695E-3
3.0024183367E+0	3.2845408634E+0	2.6425341541E-3
3.0050489013E+0	3.2226167838E+0	2.6185877784E-3
3.0076554977E+0	3.1612483723E+0	2.5945976426E-3
3.0102380822E+0	3.1004370187E+0	2.5705641475E-3
3.0127966116E+0	3.0401840961E+0	2.5464876949E-3
3.0153310434E+0	2.9804909605E+0	2.5223686871E-3
3.0178413350E+0	2.9213589515E+0	2.4982075270E-3
3.0203274445E+0	2.8627893915E+0	2.4740046186E-3
3.0227893304E+0	2.8047835862E+0	2.4497603662E-3
3.0252269516E+0	2.7473428244E+0	2.4254751751E-3
3.0276402673E+0	2.6904683782E+0	2.4011494510E-3
3.0300292371E+0	2.6341615026E+0	2.3767836004E-3
3.0323938212E+0	2.5784234359E+0	2.3523780306E-3
3.0347339801E+0	2.5232553996E+0	2.3279331494E-3
3.0370496746E+0	2.4686585983E+0	2.3034493653E-3
3.0393408660E+0	2.4146342199E+0	2.2789270875E-3
3.0416075160E+0	2.3611834353E+0	2.2543667257E-3
3.0438495869E+0	2.3083073990E+0	2.2297686905E-3
3.0460670410E+0	2.2560072485E+0	2.2051333928E-3
3.0482598414E+0	2.2042841048E+0	2.1804612443E-3
3.0504279513E+0	2.1531390722E+0	2.1557526574E-3
3.0525713347E+0	2.1025732385E+0	2.1310080450E-3
3.0546899556E+0	2.0525876749E+0	2.1062278206E-3
3.0567837786E+0	2.0031834361E+0	2.0814123983E-3
3.0588527688E+0	1.9543615606E+0	2.0565621928E-3
3.0608968915E+0	1.9061230701E+0	2.0316776194E-3
3.0629161127E+0	1.8584689706E+0	2.0067590939E-3
3.0649103985E+0	1.8114002513E+0	1.9818070327E-3
3.0668797157E+0	1.7649178858E+0	1.9568218529E-3
3.0688240313E+0	1.7190228313E+0	1.9318039720E-3
3.0707433129E+0	1.6737160291E+0	1.9067538080E-3
3.0726375283E+0	1.6289984045E+0	1.8816717796E-3
3.0745066460E+0	1.5848708673E+0	1.8565583060E-3
3.0763506346E+0	1.5413343111E+0	1.8314138067E-3
3.0781694634E+0	1.4983896144E+0	1.8062387021E-3
3.0799631019E+0	1.4560376397E+0	1.7810334128E-3
3.0817315203E+0	1.4142792343E+0	1.7557983600E-3
3.0834746889E+0	1.3731152301E+0	1.7305339655E-3
3.0851925786E+0	1.3325464437E+0	1.7052406515E-3
3.0868851607E+0	1.2925736765E+0	1.6799188405E-3
3.0885524069E+0	1.2531977152E+0	1.6545689559E-3
3.0901942894E+0	1.2144193310E+0	1.6291914212E-3
3.0918107807E+0	1.1762392808E+0	1.6037866605E-3
3.0934018538E+0	1.1386583063E+0	1.5783550984E-3
3.0949674821E+0	1.1016771350E+0	1.5528971598E-3
3.0965076394E+0	1.0652964795E+0	1.5274132703E-3
3.0980223001E+0	1.0295170383E+0	1.5019038556E-3
3.0995114388E+0	9.9433949532E-1	1.4763693421E-3
3.1009750306E+0	9.5976452052E-1	1.4508101565E-3
3.1024130510E+0	9.2579276964E-1	1.4252267258E-3
3.1038254761E+0	8.9242488448E-1	1.3996194778E-3
3.1052122822E+0	8.5966149297E-1	1.3739888402E-3
3.1065734461E+0	8.2750320926E-1	1.3483352414E-3
3.1079089451E+0	7.9595063388E-1	1.3226591101E-3
3.1092187570E+0	7.6500435379E-1	1.2969608754E-3
3.1105028597E+0	7.3466494252E-1	1.2712409668E-3
3.1117612318E+0	7.0493296026E-1	1.2454998140E-3
3.1129938524E+0	6.7580895399E-1	1.2197378472E-3
3.1142007007E+0	6.4729345754E-1	1.1939554970E-3
3.1153817567E+0	6.1938699175E-1	1.1681531941E-3
3.1165370006E+0	5.9209006453E-1	1.1423313699E-3
3.1176664131E+0	5.6540317098E-1	1.1164904558E-3
3.1187699753E+0	5.3932679346E-1	1.0906308836E-3
3.1198476688E+0	5.1386140176E-1	1.0647530855E-3
3.1208994755E+0	4.8900745309E-1	1.0388574939E-3
3.1219253780E+0	4.6476539230E-1	1.0129445417E-3
3.1229253590E+0	4.4113565185E-1	9.8701466182E-4
3.1238994018E+0	4.1811865201E-1	9.6106828758E-4
3.1248474902E+0	3.9571480086E-1	9.3510585261E-4
3.1257696083E+0	3.7392449446E-1	9.0912779076E-4
3.1266657407E+0	3.5274811687E-1	8.8313453619E-4
3.1275358724E+0	3.3218604028E-1	8.5712652325E-4
3.1283799890E+0	3.1223862506E-1	8.3110418659E-4
3.1291980762E+0	2.9290621986E-1	8.0506796108E-4
3.1299901204E+0	2.7418916170E-1	7.7901828182E-4
3.1307561084E+0	2.5608777603E-1	7.5295558414E-4
3.1314960274E+0	2.3860237678E-1	7.2688030358E-4
3.1322098650E+0	2.2173326650E-1	7.0079287589E-4
3.1328976092E+0	2.0548073636E-1	6.7469373705E-4
3.1335592487E+0	1.8984506627E-1	6.4858332323E-4
3.1341947723E+0	1.7482652490E-1	6.2246207073E-4
3.1348041694E+0	1.6042536980E-1	5.9633041614E-4
3.1353874298E+0	1.4664184739E-1	5.7018879612E-4
3.1359445438E+0	1.3347619309E-1	5.4403764760E-4
3.1364755020E+0	1.2092863133E-1	5.1787740760E-4
3.1369802957E+0	1.0899937562E-1	4.9170851331E-4
3.1374589163E+0	9.7688628602E-2	4.6553140213E-4
3.1379113559E+0	8.6996582088E-2	4.3934651156E-4
3.1383376069E+0	7.6923417121E-2	4.1315427928E-4
3.1387376622E+0	6.7469304011E-2	3.8695514312E-4
3.1391115150E+0	5.8634402375E-2	3.6074954110E-4
3.1394591592E+0	5.0418861177E-2	3.3453791144E-4
3.1397805890E+0	4.2822818759E-2	3.0832069259E-4
3.1400757989E+0	3.5846402873E-2	2.8209832342E-4
3.1403447841E+0	2.9489730702E-2	2.5587124334E-4
3.1405875400E+0	2.3752908876E-2	2.2963989267E-4
3.1408040626E+0	1.8636033464E-2	2.0340471372E-4
3.1409943483E+0	1.4139189937E-2	1.7716615272E-4
3.1411583939E+0	1.0262453043E-2	1.5092466531E-4
3.1412961968E+0	7.0058864471E-3	1.2468073282E-4
3.1414077547E+0	4.3695416189E-3	9.8434919423E-5
3.1414930663E+0	2.3534535827E-3	7.2188137769E-5
3.1415521316E+0	9.5761807133E-4	4.5943520243E-5
3.1415849628E+0	1.8174838371E-4	1.9736940383E-5