# Differential cross section		
# Author: P. Swaczyna	Princeton University	(swaczyna@princeton.edu)
# Date: 	Fri 4 Dec 2020 10:36:52	
# 		
# Elastic collision: He^0 + He^0 -> He^0 + He^0		
# 		
# Red. mass: 	1.8642000787E+9	 eV/c^2
# CM energy: 	2.0653801558E-3	 eV
# Rel speed: 	4.4626151942E+4	 cm/s
# Tot sigma: 	1.5074450514E+2	 a.u.
# Int sigma: 	1.5074450514E+2	 a.u.
# 		
# Columns:		
# the <- scattering angle (rad)		
# dcs <- dsigma/dOmega*2*pi*sin(the) (a.u. = 2.8002852056E-17 cm^2)		
# wei <- weight for cross section integration (approx. width of angle bin)		
# 		
# the	dcs	wei
7.6907532846E-6	5.1761105588E-3	1.9736940383E-5
4.0521979771E-5	2.7272523046E-2	4.5943520243E-5
9.9587300392E-5	6.7025275700E-2	7.2188137769E-5
1.8489884726E-4	1.2444252540E-1	9.8434919423E-5
2.9645680168E-4	1.9952437056E-1	1.2468073282E-4
4.3425968311E-4	2.9226976347E-1	1.5092466531E-4
5.9830531657E-4	4.0267714496E-1	1.7716615272E-4
7.8859101285E-4	5.3074454565E-1	2.0340471372E-4
1.0051136166E-3	6.7646959415E-1	2.2963989267E-4
1.2478695220E-3	8.3984950002E-1	2.5587124334E-4
1.5168546797E-3	1.0208810264E+0	2.8209832342E-4
1.8120645986E-3	1.2195604562E+0	3.0832069259E-4
2.1334943481E-3	1.4358835541E+0	3.3453791144E-4
2.4811385584E-3	1.6698455238E+0	3.6074954110E-4
2.8549914211E-3	1.9214409615E+0	3.8695514312E-4
3.2550466893E-3	2.1906638054E+0	4.1315427928E-4
3.6812976783E-3	2.4775072817E+0	4.3934651156E-4
4.1337372652E-3	2.7819638469E+0	4.6553140213E-4
4.6123578895E-3	3.1040251253E+0	4.9170851331E-4
5.1171515529E-3	3.4436818443E+0	5.1787740760E-4
5.6481098199E-3	3.8009237651E+0	5.4403764760E-4
6.2052238176E-3	4.1757396101E+0	5.7018879612E-4
6.7884842360E-3	4.5681169859E+0	5.9633041614E-4
7.3978813281E-3	4.9780423043E+0	6.2246207073E-4
8.0334049101E-3	5.4055006977E+0	6.4858332323E-4
8.6950443616E-3	5.8504759328E+0	6.7469373705E-4
9.3827886258E-3	6.3129503195E+0	7.0079287589E-4
1.0096626210E-2	6.7929046168E+0	7.2688030358E-4
1.0836545184E-2	7.2903179353E+0	7.5295558414E-4
1.1602533184E-2	7.8051676363E+0	7.7901828182E-4
1.2394577408E-2	8.3374292273E+0	8.0506796108E-4
1.3212664621E-2	8.8870762541E+0	8.3110418659E-4
1.4056781152E-2	9.4540801903E+0	8.5712652325E-4
1.4926912893E-2	1.0038410323E+1	8.8313453619E-4
1.5823045305E-2	1.0640033635E+1	9.0912779076E-4
1.6745163410E-2	1.1258914684E+1	9.3510585261E-4
1.7693251801E-2	1.1895015482E+1	9.6106828758E-4
1.8667294632E-2	1.2548295363E+1	9.8701466182E-4
1.9667275626E-2	1.3218710861E+1	1.0129445417E-3
2.0693178073E-2	1.3906215569E+1	1.0388574939E-3
2.1744984827E-2	1.4610760012E+1	1.0647530855E-3
2.2822678313E-2	1.5332291505E+1	1.0906308836E-3
2.3926240519E-2	1.6070754013E+1	1.1164904558E-3
2.5055653005E-2	1.6826088008E+1	1.1423313699E-3
2.6210896896E-2	1.7598230325E+1	1.1681531941E-3
2.7391952886E-2	1.8387114012E+1	1.1939554970E-3
2.8598801239E-2	1.9192668181E+1	1.2197378472E-3
2.9831421786E-2	2.0014817859E+1	1.2454998140E-3
3.1089793929E-2	2.0853483827E+1	1.2712409668E-3
3.2373896638E-2	2.1708582471E+1	1.2969608754E-3
3.3683708455E-2	2.2580025621E+1	1.3226591101E-3
3.5019207490E-2	2.3467720391E+1	1.3483352414E-3
3.6380371427E-2	2.4371569017E+1	1.3739888402E-3
3.7767177517E-2	2.5291468701E+1	1.3996194778E-3
3.9179602586E-2	2.6227311438E+1	1.4252267258E-3
4.0617623030E-2	2.7178983860E+1	1.4508101565E-3
4.2081214817E-2	2.8146367065E+1	1.4763693421E-3
4.3570353490E-2	2.9129336452E+1	1.5019038556E-3
4.5085014162E-2	3.0127761554E+1	1.5274132703E-3
4.6625171522E-2	3.1141505873E+1	1.5528971598E-3
4.8190799831E-2	3.2170426708E+1	1.5783550984E-3
4.9781872927E-2	3.3214374992E+1	1.6037866605E-3
5.1398364219E-2	3.4273195120E+1	1.6291914212E-3
5.3040246694E-2	3.5346724788E+1	1.6545689559E-3
5.4707492914E-2	3.6434794817E+1	1.6799188405E-3
5.6400075017E-2	3.7537228999E+1	1.7052406515E-3
5.8117964718E-2	3.8653843921E+1	1.7305339655E-3
5.9861133308E-2	3.9784448810E+1	1.7557983600E-3
6.1629551657E-2	4.0928845367E+1	1.7810334128E-3
6.3423190212E-2	4.2086827607E+1	1.8062387021E-3
6.5242019000E-2	4.3258181699E+1	1.8314138067E-3
6.7086007624E-2	4.4442685815E+1	1.8565583060E-3
6.8955125270E-2	4.5640109970E+1	1.8816717796E-3
7.0849340702E-2	4.6850215878E+1	1.9067538080E-3
7.2768622264E-2	4.8072756796E+1	1.9318039720E-3
7.4712937885E-2	4.9307477386E+1	1.9568218529E-3
7.6682255070E-2	5.0554113572E+1	1.9818070327E-3
7.8676540910E-2	5.1812392401E+1	2.0067590939E-3
8.0695762079E-2	5.3082031914E+1	2.0316776194E-3
8.2739884832E-2	5.4362741013E+1	2.0565621928E-3
8.4808875009E-2	5.5654219341E+1	2.0814123983E-3
8.6902698034E-2	5.6956157163E+1	2.1062278206E-3
8.9021318917E-2	5.8268235251E+1	2.1310080450E-3
9.1164702253E-2	5.9590124780E+1	2.1557526574E-3
9.3332812224E-2	6.0921487222E+1	2.1804612443E-3
9.5525612596E-2	6.2261974258E+1	2.2051333928E-3
9.7743066726E-2	6.3611227685E+1	2.2297686905E-3
9.9985137556E-2	6.4968879336E+1	2.2543667257E-3
1.0225178762E-1	6.6334551009E+1	2.2789270875E-3
1.0454297904E-1	6.7707854401E+1	2.3034493653E-3
1.0685867352E-1	6.9088391048E+1	2.3279331494E-3
1.0919883237E-1	7.0475752280E+1	2.3523780306E-3
1.1156341648E-1	7.1869519179E+1	2.3767836004E-3
1.1395238633E-1	7.3269262548E+1	2.4011494510E-3
1.1636570200E-1	7.4674542895E+1	2.4254751751E-3
1.1880332317E-1	7.6084910414E+1	2.4497603662E-3
1.2126520909E-1	7.7499904991E+1	2.4740046186E-3
1.2375131862E-1	7.8919056210E+1	2.4982075270E-3
1.2626161023E-1	8.0341883379E+1	2.5223686871E-3
1.2879604195E-1	8.1767895555E+1	2.5464876949E-3
1.3135457143E-1	8.3196591595E+1	2.5705641475E-3
1.3393715592E-1	8.4627460211E+1	2.5945976426E-3
1.3654375226E-1	8.6059980035E+1	2.6185877784E-3
1.3917431689E-1	8.7493619703E+1	2.6425341541E-3
1.4182880585E-1	8.8927837952E+1	2.6664363695E-3
1.4450717478E-1	9.0362083722E+1	2.6902940251E-3
1.4720937892E-1	9.1795796285E+1	2.7141067224E-3
1.4993537310E-1	9.3228405373E+1	2.7378740632E-3
1.5268511179E-1	9.4659331336E+1	2.7615956505E-3
1.5545854902E-1	9.6087985298E+1	2.7852710878E-3
1.5825563845E-1	9.7513769344E+1	2.8088999795E-3
1.6107633333E-1	9.8936076711E+1	2.8324819307E-3
1.6392058653E-1	1.0035429200E+2	2.8560165473E-3
1.6678835052E-1	1.0176779139E+2	2.8795034361E-3
1.6967957737E-1	1.0317594292E+2	2.9029422044E-3
1.7259421876E-1	1.0457810667E+2	2.9263324607E-3
1.7553222599E-1	1.0597363513E+2	2.9496738141E-3
1.7849354996E-1	1.0736187341E+2	2.9729658744E-3
1.8147814117E-1	1.0874215958E+2	2.9962082525E-3
1.8448594977E-1	1.1011382501E+2	3.0194005599E-3
1.8751692548E-1	1.1147619468E+2	3.0425424091E-3
1.9057101764E-1	1.1282858756E+2	3.0656334132E-3
1.9364817522E-1	1.1417031696E+2	3.0886731866E-3
1.9674834681E-1	1.1550069095E+2	3.1116613440E-3
1.9987148058E-1	1.1681901275E+2	3.1345975014E-3
2.0301752435E-1	1.1812458116E+2	3.1574812755E-3
2.0618642554E-1	1.1941669100E+2	3.1803122838E-3
2.0937813120E-1	1.2069463358E+2	3.2030901448E-3
2.1259258799E-1	1.2195769716E+2	3.2258144779E-3
2.1582974219E-1	1.2320516746E+2	3.2484849032E-3
2.1908953970E-1	1.2443632816E+2	3.2711010421E-3
2.2237192605E-1	1.2565046143E+2	3.2936625164E-3
2.2567684639E-1	1.2684684847E+2	3.3161689492E-3
2.2900424548E-1	1.2802477007E+2	3.3386199643E-3
2.3235406772E-1	1.2918350719E+2	3.3610151867E-3
2.3572625713E-1	1.3032234154E+2	3.3833542419E-3
2.3912075735E-1	1.3144055619E+2	3.4056367567E-3
2.4253751167E-1	1.3253743620E+2	3.4278623588E-3
2.4597646298E-1	1.3361226922E+2	3.4500306767E-3
2.4943755380E-1	1.3466434621E+2	3.4721413399E-3
2.5292072631E-1	1.3569296199E+2	3.4941939790E-3
2.5642592230E-1	1.3669741604E+2	3.5161882254E-3
2.5995308318E-1	1.3767701309E+2	3.5381237115E-3
2.6350215001E-1	1.3863106386E+2	3.5600000709E-3
2.6707306349E-1	1.3955888578E+2	3.5818169379E-3
2.7066576394E-1	1.4045980367E+2	3.6035739479E-3
2.7428019131E-1	1.4133315051E+2	3.6252707373E-3
2.7791628522E-1	1.4217826818E+2	3.6469069436E-3
2.8157398488E-1	1.4299450816E+2	3.6684822051E-3
2.8525322919E-1	1.4378123233E+2	3.6899961614E-3
2.8895395665E-1	1.4453781372E+2	3.7114484529E-3
2.9267610542E-1	1.4526363729E+2	3.7328387211E-3
2.9641961330E-1	1.4595810065E+2	3.7541666086E-3
3.0018441773E-1	1.4662061491E+2	3.7754317588E-3
3.0397045579E-1	1.4725060540E+2	3.7966338166E-3
3.0777766421E-1	1.4784751248E+2	3.8177724274E-3
3.1160597938E-1	1.4841079231E+2	3.8388472382E-3
3.1545533730E-1	1.4893991765E+2	3.8598578967E-3
3.1932567367E-1	1.4943437859E+2	3.8808040517E-3
3.2321692379E-1	1.4989368340E+2	3.9016853533E-3
3.2712902264E-1	1.5031735924E+2	3.9225014525E-3
3.3106190484E-1	1.5070495294E+2	3.9432520014E-3
3.3501550468E-1	1.5105603181E+2	3.9639366533E-3
3.3898975607E-1	1.5137018433E+2	3.9845550624E-3
3.4298459261E-1	1.5164702092E+2	4.0051068843E-3
3.4699994753E-1	1.5188617469E+2	4.0255917754E-3
3.5103575373E-1	1.5208730215E+2	4.0460093936E-3
3.5509194378E-1	1.5225008391E+2	4.0663593974E-3
3.5916844988E-1	1.5237422542E+2	4.0866414469E-3
3.6326520391E-1	1.5245945757E+2	4.1068552032E-3
3.6738213741E-1	1.5250553745E+2	4.1270003283E-3
3.7151918157E-1	1.5251224893E+2	4.1470764858E-3
3.7567626728E-1	1.5247940331E+2	4.1670833400E-3
3.7985332504E-1	1.5240683992E+2	4.1870205567E-3
3.8405028507E-1	1.5229442672E+2	4.2068878026E-3
3.8826707721E-1	1.5214206083E+2	4.2266847457E-3
3.9250363101E-1	1.5194966907E+2	4.2464110553E-3
3.9675987567E-1	1.5171720850E+2	4.2660664016E-3
4.0103574005E-1	1.5144466687E+2	4.2856504563E-3
4.0533115271E-1	1.5113206306E+2	4.3051628919E-3
4.0964604185E-1	1.5077944752E+2	4.3246033825E-3
4.1398033538E-1	1.5038690266E+2	4.3439716031E-3
4.1833396086E-1	1.4995454319E+2	4.3632672302E-3
4.2270684554E-1	1.4948251646E+2	4.3824899412E-3
4.2709891633E-1	1.4897100270E+2	4.4016394148E-3
4.3151009985E-1	1.4842021532E+2	4.4207153312E-3
4.3594032237E-1	1.4783040109E+2	4.4397173715E-3
4.4038950986E-1	1.4720184031E+2	4.4586452181E-3
4.4485758797E-1	1.4653484697E+2	4.4774985548E-3
4.4934448203E-1	1.4582976877E+2	4.4962770664E-3
4.5385011706E-1	1.4508698724E+2	4.5149804392E-3
4.5837441776E-1	1.4430691771E+2	4.5336083606E-3
4.6291730852E-1	1.4349000926E+2	4.5521605193E-3
4.6747871344E-1	1.4263674465E+2	4.5706366053E-3
4.7205855627E-1	1.4174764018E+2	4.5890363098E-3
4.7665676049E-1	1.4082324554E+2	4.6073593254E-3
4.8127324926E-1	1.3986414351E+2	4.6256053458E-3
4.8590794542E-1	1.3887094979E+2	4.6437740661E-3
4.9056077152E-1	1.3784431261E+2	4.6618651826E-3
4.9523164982E-1	1.3678491237E+2	4.6798783932E-3
4.9992050224E-1	1.3569346125E+2	4.6978133967E-3
5.0462725044E-1	1.3457070274E+2	4.7156698934E-3
5.0935181576E-1	1.3341741108E+2	4.7334475849E-3
5.1409411924E-1	1.3223439078E+2	4.7511461741E-3
5.1885408164E-1	1.3102247594E+2	4.7687653653E-3
5.2363162341E-1	1.2978252961E+2	4.7863048641E-3
5.2842666471E-1	1.2851544310E+2	4.8037643772E-3
5.3323912540E-1	1.2722213521E+2	4.8211436130E-3
5.3806892508E-1	1.2590355142E+2	4.8384422809E-3
5.4291598301E-1	1.2456066305E+2	4.8556600920E-3
5.4778021821E-1	1.2319446637E+2	4.8727967585E-3
5.5266154939E-1	1.2180598163E+2	4.8898519940E-3
5.5755989496E-1	1.2039625212E+2	4.9068255135E-3
5.6247517308E-1	1.1896634309E+2	4.9237170334E-3
5.6740730160E-1	1.1751734071E+2	4.9405262713E-3
5.7235619810E-1	1.1605035094E+2	4.9572529464E-3
5.7732177988E-1	1.1456649838E+2	4.9738967791E-3
5.8230396395E-1	1.1306692507E+2	4.9904574913E-3
5.8730266706E-1	1.1155278929E+2	5.0069348063E-3
5.9231780568E-1	1.1002526422E+2	5.0233284486E-3
5.9734929598E-1	1.0848553673E+2	5.0396381444E-3
6.0239705389E-1	1.0693480597E+2	5.0558636210E-3
6.0746099506E-1	1.0537428206E+2	5.0720046074E-3
6.1254103485E-1	1.0380518464E+2	5.0880608338E-3
6.1763708838E-1	1.0222874151E+2	5.1040320318E-3
6.2274907048E-1	1.0064618713E+2	5.1199179345E-3
6.2787689573E-1	9.9058761192E+1	5.1357182766E-3
6.3302047843E-1	9.7467707106E+1	5.1514327939E-3
6.3817973262E-1	9.5874270502E+1	5.1670612238E-3
6.4335457209E-1	9.4279697708E+1	5.1826033052E-3
6.4854491036E-1	9.2685234213E+1	5.1980587783E-3
6.5375066070E-1	9.1092123120E+1	5.2134273849E-3
6.5897173609E-1	8.9501603588E+1	5.2287088681E-3
6.6420804930E-1	8.7914909279E+1	5.2439029725E-3
6.6945951283E-1	8.6333266787E+1	5.2590094442E-3
6.7472603890E-1	8.4757894080E+1	5.2740280309E-3
6.8000753951E-1	8.3189998933E+1	5.2889584814E-3
6.8530392640E-1	8.1630777380E+1	5.3038005463E-3
6.9061511106E-1	8.0081412160E+1	5.3185539776E-3
6.9594100473E-1	7.8543071181E+1	5.3332185287E-3
7.0128151841E-1	7.7016905999E+1	5.3477939546E-3
7.0663656285E-1	7.5504050314E+1	5.3622800116E-3
7.1200604856E-1	7.4005618475E+1	5.3766764577E-3
7.1738988581E-1	7.2522704021E+1	5.3909830523E-3
7.2278798463E-1	7.1056378243E+1	5.4051995564E-3
7.2820025482E-1	6.9607688763E+1	5.4193257323E-3
7.3362660591E-1	6.8177658163E+1	5.4333613439E-3
7.3906694724E-1	6.6767282630E+1	5.4473061568E-3
7.4452118788E-1	6.5377530644E+1	5.4611599379E-3
7.4998923669E-1	6.4009341706E+1	5.4749224557E-3
7.5547100229E-1	6.2663625107E+1	5.4885934801E-3
7.6096639308E-1	6.1341258733E+1	5.5021727828E-3
7.6647531721E-1	6.0043087929E+1	5.5156601367E-3
7.7199768263E-1	5.8769924398E+1	5.5290553166E-3
7.7753339704E-1	5.7522545164E+1	5.5423580985E-3
7.8308236795E-1	5.6301691575E+1	5.5555682601E-3
7.8864450262E-1	5.5108068372E+1	5.5686855808E-3
7.9421970809E-1	5.3942342809E+1	5.5817098412E-3
7.9980789121E-1	5.2805143831E+1	5.5946408237E-3
8.0540895857E-1	5.1697061321E+1	5.6074783123E-3
8.1102281659E-1	5.0618645396E+1	5.6202220924E-3
8.1664937145E-1	4.9570405784E+1	5.6328719509E-3
8.2228852912E-1	4.8552811250E+1	5.6454276767E-3
8.2794019536E-1	4.7566289098E+1	5.6578890597E-3
8.3360427572E-1	4.6611224741E+1	5.6702558918E-3
8.3928067556E-1	4.5687961338E+1	5.6825279663E-3
8.4496930000E-1	4.4796799498E+1	5.6947050782E-3
8.5067005399E-1	4.3937997060E+1	5.7067870238E-3
8.5638284226E-1	4.3111768943E+1	5.7187736014E-3
8.6210756934E-1	4.2318287063E+1	5.7306646105E-3
8.6784413956E-1	4.1557680329E+1	5.7424598526E-3
8.7359245705E-1	4.0830034705E+1	5.7541591304E-3
8.7935242576E-1	4.0135393348E+1	5.7657622485E-3
8.8512394943E-1	3.9473756817E+1	5.7772690129E-3
8.9090693161E-1	3.8845083353E+1	5.7886792314E-3
8.9670127565E-1	3.8249289230E+1	5.7999927133E-3
9.0250688473E-1	3.7686249177E+1	5.8112092696E-3
9.0832366182E-1	3.7155796869E+1	5.8223287127E-3
9.1415150972E-1	3.6657725488E+1	5.8333508568E-3
9.1999033104E-1	3.6191788351E+1	5.8442755178E-3
9.2584002820E-1	3.5757699604E+1	5.8551025132E-3
9.3170050345E-1	3.5355134980E+1	5.8658316618E-3
9.3757165885E-1	3.4983732622E+1	5.8764627846E-3
9.4345339628E-1	3.4643093971E+1	5.8869957037E-3
9.4934561746E-1	3.4332784702E+1	5.8974302433E-3
9.5524822392E-1	3.4052335734E+1	5.9077662288E-3
9.6116111701E-1	3.3801244283E+1	5.9180034877E-3
9.6708419793E-1	3.3578974976E+1	5.9281418487E-3
9.7301736769E-1	3.3384961010E+1	5.9381811425E-3
9.7896052713E-1	3.3218605368E+1	5.9481212013E-3
9.8491357695E-1	3.3079282072E+1	5.9579618591E-3
9.9087641766E-1	3.2966337489E+1	5.9677029512E-3
9.9684894961E-1	3.2879091666E+1	5.9773443150E-3
1.0028310730E+0	3.2816839715E+1	5.9868857894E-3
1.0088226878E+0	3.2778853228E+1	5.9963272149E-3
1.0148236940E+0	3.2764381718E+1	6.0056684336E-3
1.0208339913E+0	3.2772654100E+1	6.0149092896E-3
1.0268534791E+0	3.2802880191E+1	6.0240496283E-3
1.0328820570E+0	3.2854252231E+1	6.0330892971E-3
1.0389196241E+0	3.2925946428E+1	6.0420281448E-3
1.0449660796E+0	3.3017124518E+1	6.0508660221E-3
1.0510213224E+0	3.3126935334E+1	6.0596027814E-3
1.0570852514E+0	3.3254516390E+1	6.0682382765E-3
1.0631577652E+0	3.3398995466E+1	6.0767723631E-3
1.0692387623E+0	3.3559492202E+1	6.0852048988E-3
1.0753281411E+0	3.3735119680E+1	6.0935357425E-3
1.0814257998E+0	3.3924986019E+1	6.1017647550E-3
1.0875316366E+0	3.4128195947E+1	6.1098917988E-3
1.0936455494E+0	3.4343852372E+1	6.1179167381E-3
1.0997674360E+0	3.4571057935E+1	6.1258394388E-3
1.1058971941E+0	3.4808916550E+1	6.1336597685E-3
1.1120347214E+0	3.5056534923E+1	6.1413775965E-3
1.1181799151E+0	3.5313024044E+1	6.1489927938E-3
1.1243326727E+0	3.5577500659E+1	6.1565052331E-3
1.1304928913E+0	3.5849088709E+1	6.1639147890E-3
1.1366604679E+0	3.6126920743E+1	6.1712213376E-3
1.1428352996E+0	3.6410139289E+1	6.1784247568E-3
1.1490172830E+0	3.6697898196E+1	6.1855249261E-3
1.1552063150E+0	3.6989363929E+1	6.1925217271E-3
1.1614022920E+0	3.7283716833E+1	6.1994150427E-3
1.1676051105E+0	3.7580152340E+1	6.2062047577E-3
1.1738146669E+0	3.7877882139E+1	6.2128907587E-3
1.1800308574E+0	3.8176135297E+1	6.2194729339E-3
1.1862535782E+0	3.8474159325E+1	6.2259511734E-3
1.1924827251E+0	3.8771221201E+1	6.2323253688E-3
1.1987181942E+0	3.9066608326E+1	6.2385954138E-3
1.2049598812E+0	3.9359629444E+1	6.2447612034E-3
1.2112076818E+0	3.9649615485E+1	6.2508226346E-3
1.2174614916E+0	3.9935920371E+1	6.2567796062E-3
1.2237212062E+0	4.0217921743E+1	6.2626320186E-3
1.2299867208E+0	4.0495021650E+1	6.2683797740E-3
1.2362579308E+0	4.0766647161E+1	6.2740227763E-3
1.2425347314E+0	4.1032250925E+1	6.2795609313E-3
1.2488170177E+0	4.1291311668E+1	6.2849941464E-3
1.2551046847E+0	4.1543334628E+1	6.2903223308E-3
1.2613976273E+0	4.1787851934E+1	6.2955453954E-3
1.2676957404E+0	4.2024422913E+1	6.3006632530E-3
1.2739989187E+0	4.2252634346E+1	6.3056758180E-3
1.2803070569E+0	4.2472100660E+1	6.3105830068E-3
1.2866200496E+0	4.2682464057E+1	6.3153847371E-3
1.2929377912E+0	4.2883394589E+1	6.3200809290E-3
1.2992601762E+0	4.3074590165E+1	6.3246715037E-3
1.3055870990E+0	4.3255776512E+1	6.3291563847E-3
1.3119184537E+0	4.3426707069E+1	6.3335354970E-3
1.3182541347E+0	4.3587162828E+1	6.3378087674E-3
1.3245940360E+0	4.3736952125E+1	6.3419761245E-3
1.3309380516E+0	4.3875910370E+1	6.3460374987E-3
1.3372860756E+0	4.4003899731E+1	6.3499928220E-3
1.3436380019E+0	4.4120808765E+1	6.3538420284E-3
1.3499937243E+0	4.4226552004E+1	6.3575850535E-3
1.3563531366E+0	4.4321069487E+1	6.3612218349E-3
1.3627161325E+0	4.4404326260E+1	6.3647523117E-3
1.3690826057E+0	4.4476311816E+1	6.3681764249E-3
1.3754524499E+0	4.4537039511E+1	6.3714941173E-3
1.3818255585E+0	4.4586545929E+1	6.3747053335E-3
1.3882018250E+0	4.4624890219E+1	6.3778100198E-3
1.3945811430E+0	4.4652153392E+1	6.3808081243E-3
1.4009634057E+0	4.4668437586E+1	6.3836995970E-3
1.4073485066E+0	4.4673865308E+1	6.3864843894E-3
1.4137363389E+0	4.4668578641E+1	6.3891624551E-3
1.4201267959E+0	4.4652738429E+1	6.3917337493E-3
1.4265197708E+0	4.4626523438E+1	6.3941982290E-3
1.4329151568E+0	4.4590129501E+1	6.3965558531E-3
1.4393128469E+0	4.4543768639E+1	6.3988065821E-3
1.4457127343E+0	4.4487668174E+1	6.4009503785E-3
1.4521147120E+0	4.4422069820E+1	6.4029872063E-3
1.4585186731E+0	4.4347228769E+1	6.4049170317E-3
1.4649245104E+0	4.4263412772E+1	6.4067398222E-3
1.4713321170E+0	4.4170901205E+1	6.4084555476E-3
1.4777413858E+0	4.4069984139E+1	6.4100641790E-3
1.4841522097E+0	4.3960961406E+1	6.4115656896E-3
1.4905644815E+0	4.3844141665E+1	6.4129600544E-3
1.4969780940E+0	4.3719841472E+1	6.4142472499E-3
1.5033929402E+0	4.3588384356E+1	6.4154272548E-3
1.5098089128E+0	4.3450099904E+1	6.4165000493E-3
1.5162259046E+0	4.3305322848E+1	6.4174656154E-3
1.5226438083E+0	4.3154392170E+1	6.4183239370E-3
1.5290625167E+0	4.2997650223E+1	6.4190749998E-3
1.5354819225E+0	4.2835441854E+1	6.4197187912E-3
1.5419019185E+0	4.2668113560E+1	6.4202553005E-3
1.5483223974E+0	4.2496012648E+1	6.4206845187E-3
1.5547432518E+0	4.2319486425E+1	6.4210064386E-3
1.5611643745E+0	4.2138881403E+1	6.4212210549E-3
1.5675856581E+0	4.1954542532E+1	6.4213283639E-3
1.5740069954E+0	4.1766812451E+1	6.4213283639E-3
1.5804282791E+0	4.1576030770E+1	6.4212210549E-3
1.5868494018E+0	4.1382533372E+1	6.4210064386E-3
1.5932702562E+0	4.1186651750E+1	6.4206845187E-3
1.5996907351E+0	4.0988712366E+1	6.4202553005E-3
1.6061107310E+0	4.0789036041E+1	6.4197187912E-3
1.6125301369E+0	4.0587937377E+1	6.4190749998E-3
1.6189488453E+0	4.0385724204E+1	6.4183239370E-3
1.6253667490E+0	4.0182697064E+1	6.4174656154E-3
1.6317837408E+0	3.9979148723E+1	6.4165000493E-3
1.6381997134E+0	3.9775363716E+1	6.4154272548E-3
1.6446145595E+0	3.9571617922E+1	6.4142472499E-3
1.6510281721E+0	3.9368178173E+1	6.4129600544E-3
1.6574404439E+0	3.9165301897E+1	6.4115656896E-3
1.6638512678E+0	3.8963236789E+1	6.4100641790E-3
1.6702605366E+0	3.8762220517E+1	6.4084555476E-3
1.6766681432E+0	3.8562480459E+1	6.4067398222E-3
1.6830739805E+0	3.8364233473E+1	6.4049170317E-3
1.6894779416E+0	3.8167685697E+1	6.4029872063E-3
1.6958799193E+0	3.7973032380E+1	6.4009503785E-3
1.7022798067E+0	3.7780457745E+1	6.3988065821E-3
1.7086774968E+0	3.7590134882E+1	6.3965558531E-3
1.7150728827E+0	3.7402225667E+1	6.3941982290E-3
1.7214658576E+0	3.7216880716E+1	6.3917337493E-3
1.7278563146E+0	3.7034239361E+1	6.3891624551E-3
1.7342441470E+0	3.6854429657E+1	6.3864843894E-3
1.7406292478E+0	3.6677568413E+1	6.3836995970E-3
1.7470115106E+0	3.6503761253E+1	6.3808081243E-3
1.7533908286E+0	3.6333102697E+1	6.3778100198E-3
1.7597670951E+0	3.6165676266E+1	6.3747053335E-3
1.7661402037E+0	3.6001554615E+1	6.3714941173E-3
1.7725100479E+0	3.5840799682E+1	6.3681764249E-3
1.7788765211E+0	3.5683462862E+1	6.3647523117E-3
1.7852395170E+0	3.5529585197E+1	6.3612218349E-3
1.7915989293E+0	3.5379197586E+1	6.3575850535E-3
1.7979546517E+0	3.5232321018E+1	6.3538420284E-3
1.8043065780E+0	3.5088966811E+1	6.3499928220E-3
1.8106546020E+0	3.4949136874E+1	6.3460374987E-3
1.8169986176E+0	3.4812823985E+1	6.3419761245E-3
1.8233385189E+0	3.4680012072E+1	6.3378087674E-3
1.8296741999E+0	3.4550676518E+1	6.3335354970E-3
1.8360055546E+0	3.4424784469E+1	6.3291563847E-3
1.8423324774E+0	3.4302295154E+1	6.3246715037E-3
1.8486548624E+0	3.4183160218E+1	6.3200809290E-3
1.8549726040E+0	3.4067324050E+1	6.3153847371E-3
1.8612855967E+0	3.3954724136E+1	6.3105830068E-3
1.8675937349E+0	3.3845291402E+1	6.3056758180E-3
1.8738969132E+0	3.3738950568E+1	6.3006632530E-3
1.8801950263E+0	3.3635620505E+1	6.2955453954E-3
1.8864879689E+0	3.3535214595E+1	6.2903223308E-3
1.8927756359E+0	3.3437641089E+1	6.2849941464E-3
1.8990579222E+0	3.3342803472E+1	6.2795609313E-3
1.9053347228E+0	3.3250600820E+1	6.2740227763E-3
1.9116059328E+0	3.3160928164E+1	6.2683797740E-3
1.9178714474E+0	3.3073676843E+1	6.2626320186E-3
1.9241311620E+0	3.2988734862E+1	6.2567796062E-3
1.9303849718E+0	3.2905987242E+1	6.2508226346E-3
1.9366327724E+0	3.2825316367E+1	6.2447612034E-3
1.9428744594E+0	3.2746602326E+1	6.2385954138E-3
1.9491099285E+0	3.2669723251E+1	6.2323253688E-3
1.9553390754E+0	3.2594555643E+1	6.2259511734E-3
1.9615617961E+0	3.2520974699E+1	6.2194729339E-3
1.9677779867E+0	3.2448854624E+1	6.2128907587E-3
1.9739875431E+0	3.2378068942E+1	6.2062047577E-3
1.9801903616E+0	3.2308490792E+1	6.1994150427E-3
1.9863863386E+0	3.2239993222E+1	6.1925217271E-3
1.9925753706E+0	3.2172449466E+1	6.1855249261E-3
1.9987573540E+0	3.2105733219E+1	6.1784247568E-3
2.0049321857E+0	3.2039718896E+1	6.1712213376E-3
2.0110997623E+0	3.1974281886E+1	6.1639147890E-3
2.0172599809E+0	3.1909298791E+1	6.1565052331E-3
2.0234127385E+0	3.1844647657E+1	6.1489927938E-3
2.0295579322E+0	3.1780208193E+1	6.1413775965E-3
2.0356954595E+0	3.1715861981E+1	6.1336597685E-3
2.0418252176E+0	3.1651492672E+1	6.1258394388E-3
2.0479471042E+0	3.1586986176E+1	6.1179167381E-3
2.0540610170E+0	3.1522230830E+1	6.1098917988E-3
2.0601668538E+0	3.1457117571E+1	6.1017647550E-3
2.0662645125E+0	3.1391540080E+1	6.0935357425E-3
2.0723538913E+0	3.1325394933E+1	6.0852048988E-3
2.0784348884E+0	3.1258581725E+1	6.0767723631E-3
2.0845074022E+0	3.1191003190E+1	6.0682382765E-3
2.0905713312E+0	3.1122565316E+1	6.0596027814E-3
2.0966265740E+0	3.1053177435E+1	6.0508660221E-3
2.1026730295E+0	3.0982752319E+1	6.0420281448E-3
2.1087105966E+0	3.0911206250E+1	6.0330892971E-3
2.1147391745E+0	3.0838459093E+1	6.0240496283E-3
2.1207586623E+0	3.0764434350E+1	6.0149092896E-3
2.1267689596E+0	3.0689059210E+1	6.0056684336E-3
2.1327699657E+0	3.0612264586E+1	5.9963272149E-3
2.1387615806E+0	3.0533985142E+1	5.9868857894E-3
2.1447437040E+0	3.0454159319E+1	5.9773443150E-3
2.1507162359E+0	3.0372729341E+1	5.9677029512E-3
2.1566790766E+0	3.0289641222E+1	5.9579618591E-3
2.1626321265E+0	3.0204844759E+1	5.9481212013E-3
2.1685752859E+0	3.0118293521E+1	5.9381811425E-3
2.1745084557E+0	3.0029944829E+1	5.9281418487E-3
2.1804315366E+0	2.9939759731E+1	5.9180034877E-3
2.1863444297E+0	2.9847702966E+1	5.9077662288E-3
2.1922470361E+0	2.9753742925E+1	5.8974302433E-3
2.1981392573E+0	2.9657851606E+1	5.8869957037E-3
2.2040209947E+0	2.9560004564E+1	5.8764627846E-3
2.2098921501E+0	2.9460180851E+1	5.8658316618E-3
2.2157526254E+0	2.9358362956E+1	5.8551025132E-3
2.2216023226E+0	2.9254536741E+1	5.8442755178E-3
2.2274411439E+0	2.9148691363E+1	5.8333508568E-3
2.2332689918E+0	2.9040819209E+1	5.8223287127E-3
2.2390857689E+0	2.8930915810E+1	5.8112092696E-3
2.2448913779E+0	2.8818979760E+1	5.7999927133E-3
2.2506857220E+0	2.8705012637E+1	5.7886792314E-3
2.2564687042E+0	2.8589018907E+1	5.7772690129E-3
2.2622402278E+0	2.8471005839E+1	5.7657622485E-3
2.2680001965E+0	2.8350983414E+1	5.7541591304E-3
2.2737485140E+0	2.8228964224E+1	5.7424598526E-3
2.2794850843E+0	2.8104963384E+1	5.7306646105E-3
2.2852098113E+0	2.7978998431E+1	5.7187736014E-3
2.2909225996E+0	2.7851089226E+1	5.7067870238E-3
2.2966233536E+0	2.7721257856E+1	5.6947050782E-3
2.3023119780E+0	2.7589528532E+1	5.6825279663E-3
2.3079883779E+0	2.7455927494E+1	5.6702558918E-3
2.3136524582E+0	2.7320482907E+1	5.6578890597E-3
2.3193041245E+0	2.7183224762E+1	5.6454276767E-3
2.3249432821E+0	2.7044184778E+1	5.6328719509E-3
2.3305698370E+0	2.6903396302E+1	5.6202220924E-3
2.3361836950E+0	2.6760894210E+1	5.6074783123E-3
2.3417847624E+0	2.6616714811E+1	5.5946408237E-3
2.3473729455E+0	2.6470895750E+1	5.5817098412E-3
2.3529481510E+0	2.6323475912E+1	5.5686855808E-3
2.3585102856E+0	2.6174495331E+1	5.5555682601E-3
2.3640592565E+0	2.6023995094E+1	5.5423580985E-3
2.3695949710E+0	2.5872017254E+1	5.5290553166E-3
2.3751173364E+0	2.5718604739E+1	5.5156601367E-3
2.3806262605E+0	2.5563801264E+1	5.5021727828E-3
2.3861216513E+0	2.5407651247E+1	5.4885934801E-3
2.3916034169E+0	2.5250199728E+1	5.4749224557E-3
2.3970714657E+0	2.5091492284E+1	5.4611599379E-3
2.4025257064E+0	2.4931574953E+1	5.4473061568E-3
2.4079660477E+0	2.4770494157E+1	5.4333613439E-3
2.4133923988E+0	2.4608296625E+1	5.4193257323E-3
2.4188046690E+0	2.4445029328E+1	5.4051995564E-3
2.4242027678E+0	2.4280739399E+1	5.3909830523E-3
2.4295866050E+0	2.4115474077E+1	5.3766764577E-3
2.4349560907E+0	2.3949280635E+1	5.3622800116E-3
2.4403111352E+0	2.3782206319E+1	5.3477939546E-3
2.4456516489E+0	2.3614298292E+1	5.3332185287E-3
2.4509775425E+0	2.3445603573E+1	5.3185539776E-3
2.4562887272E+0	2.3276168983E+1	5.3038005463E-3
2.4615851141E+0	2.3106041095E+1	5.2889584814E-3
2.4668666147E+0	2.2935266182E+1	5.2740280309E-3
2.4721331408E+0	2.2763890171E+1	5.2590094442E-3
2.4773846043E+0	2.2591958598E+1	5.2439029725E-3
2.4826209175E+0	2.2419516567E+1	5.2287088681E-3
2.4878419929E+0	2.2246608706E+1	5.2134273849E-3
2.4930477432E+0	2.2073279136E+1	5.1980587783E-3
2.4982380815E+0	2.1899571428E+1	5.1826033052E-3
2.5034129210E+0	2.1725528579E+1	5.1670612238E-3
2.5085721752E+0	2.1551192972E+1	5.1514327939E-3
2.5137157579E+0	2.1376606356E+1	5.1357182766E-3
2.5188435831E+0	2.1201809815E+1	5.1199179345E-3
2.5239555652E+0	2.1026843744E+1	5.1040320318E-3
2.5290516187E+0	2.0851747829E+1	5.0880608338E-3
2.5341316585E+0	2.0676561024E+1	5.0720046074E-3
2.5391955997E+0	2.0501321538E+1	5.0558636210E-3
2.5442433576E+0	2.0326066813E+1	5.0396381444E-3
2.5492748479E+0	2.0150833512E+1	5.0233284486E-3
2.5542899865E+0	1.9975657509E+1	5.0069348063E-3
2.5592886896E+0	1.9800573874E+1	4.9904574913E-3
2.5642708737E+0	1.9625616866E+1	4.9738967791E-3
2.5692364555E+0	1.9450819925E+1	4.9572529464E-3
2.5741853520E+0	1.9276215666E+1	4.9405262713E-3
2.5791174805E+0	1.9101835876E+1	4.9237170334E-3
2.5840327586E+0	1.8927711506E+1	4.9068255135E-3
2.5889311042E+0	1.8753872676E+1	4.8898519940E-3
2.5938124354E+0	1.8580348669E+1	4.8727967585E-3
2.5986766706E+0	1.8407167935E+1	4.8556600920E-3
2.6035237285E+0	1.8234358092E+1	4.8384422809E-3
2.6083535282E+0	1.8061945928E+1	4.8211436130E-3
2.6131659889E+0	1.7889957406E+1	4.8037643772E-3
2.6179610302E+0	1.7718417669E+1	4.7863048641E-3
2.6227385719E+0	1.7547351049E+1	4.7687653653E-3
2.6274985343E+0	1.7376781067E+1	4.7511461741E-3
2.6322408378E+0	1.7206730447E+1	4.7334475849E-3
2.6369654032E+0	1.7037221125E+1	4.7156698934E-3
2.6416721513E+0	1.6868274251E+1	4.6978133967E-3
2.6463610038E+0	1.6699910207E+1	4.6798783932E-3
2.6510318821E+0	1.6532148616E+1	4.6618651826E-3
2.6556847082E+0	1.6365008347E+1	4.6437740661E-3
2.6603194043E+0	1.6198507537E+1	4.6256053458E-3
2.6649358931E+0	1.6032663595E+1	4.6073593254E-3
2.6695340973E+0	1.5867493216E+1	4.5890363098E-3
2.6741139402E+0	1.5703012400E+1	4.5706366053E-3
2.6786753451E+0	1.5539236456E+1	4.5521605193E-3
2.6832182358E+0	1.5376180025E+1	4.5336083606E-3
2.6877425365E+0	1.5213857088E+1	4.5149804392E-3
2.6922481716E+0	1.5052280983E+1	4.4962770664E-3
2.6967350656E+0	1.4891464418E+1	4.4774985548E-3
2.7012031437E+0	1.4731419486E+1	4.4586452181E-3
2.7056523312E+0	1.4572157683E+1	4.4397173715E-3
2.7100825537E+0	1.4413689917E+1	4.4207153312E-3
2.7144937373E+0	1.4256026528E+1	4.4016394148E-3
2.7188858081E+0	1.4099177303E+1	4.3824899412E-3
2.7232586927E+0	1.3943151487E+1	4.3632672302E-3
2.7276123182E+0	1.3787957802E+1	4.3439716031E-3
2.7319466117E+0	1.3633604461E+1	4.3246033825E-3
2.7362615009E+0	1.3480099183E+1	4.3051628919E-3
2.7405569135E+0	1.3327449208E+1	4.2856504563E-3
2.7448327779E+0	1.3175661312E+1	4.2660664016E-3
2.7490890226E+0	1.3024741823E+1	4.2464110553E-3
2.7533255764E+0	1.2874696632E+1	4.2266847457E-3
2.7575423685E+0	1.2725531214E+1	4.2068878026E-3
2.7617393285E+0	1.2577250634E+1	4.1870205567E-3
2.7659163863E+0	1.2429859570E+1	4.1670833400E-3
2.7700734720E+0	1.2283362322E+1	4.1470764858E-3
2.7742105162E+0	1.2137762825E+1	4.1270003283E-3
2.7783274497E+0	1.1993064668E+1	4.1068552032E-3
2.7824242037E+0	1.1849271101E+1	4.0866414469E-3
2.7865007098E+0	1.1706385053E+1	4.0663593974E-3
2.7905568999E+0	1.1564409144E+1	4.0460093936E-3
2.7945927061E+0	1.1423345697E+1	4.0255917754E-3
2.7986080610E+0	1.1283196750E+1	4.0051068843E-3
2.8026028975E+0	1.1143964070E+1	3.9845550624E-3
2.8065771489E+0	1.1005649165E+1	3.9639366533E-3
2.8105307487E+0	1.0868253293E+1	3.9432520014E-3
2.8144636309E+0	1.0731777478E+1	3.9225014525E-3
2.8183757298E+0	1.0596222517E+1	3.9016853533E-3
2.8222669799E+0	1.0461588994E+1	3.8808040517E-3
2.8261373163E+0	1.0327877290E+1	3.8598578967E-3
2.8299866742E+0	1.0195087591E+1	3.8388472382E-3
2.8338149894E+0	1.0063219905E+1	3.8177724274E-3
2.8376221978E+0	9.9322740610E+0	3.7966338166E-3
2.8414082359E+0	9.8022497298E+0	3.7754317588E-3
2.8451730403E+0	9.6731464263E+0	3.7541666086E-3
2.8489165482E+0	9.5449635212E+0	3.7328387211E-3
2.8526386969E+0	9.4177002496E+0	3.7114484529E-3
2.8563394244E+0	9.2913557191E+0	3.6899961614E-3
2.8600186687E+0	9.1659289186E+0	3.6684822051E-3
2.8636763684E+0	9.0414187260E+0	3.6469069436E-3
2.8673124623E+0	8.9178239161E+0	3.6252707373E-3
2.8709268897E+0	8.7951431682E+0	3.6035739479E-3
2.8745195901E+0	8.6733750731E+0	3.5818169379E-3
2.8780905036E+0	8.5525181405E+0	3.5600000709E-3
2.8816395704E+0	8.4325708053E+0	3.5381237115E-3
2.8851667313E+0	8.3135314345E+0	3.5161882254E-3
2.8886719273E+0	8.1953983334E+0	3.4941939790E-3
2.8921550998E+0	8.0781697513E+0	3.4721413399E-3
2.8956161906E+0	7.9618438878E+0	3.4500306767E-3
2.8990551419E+0	7.8464188980E+0	3.4278623588E-3
2.9024718962E+0	7.7318928982E+0	3.4056367567E-3
2.9058663965E+0	7.6182639705E+0	3.3833542419E-3
2.9092385859E+0	7.5055301684E+0	3.3610151867E-3
2.9125884081E+0	7.3936895209E+0	3.3386199643E-3
2.9159158072E+0	7.2827400373E+0	3.3161689492E-3
2.9192207275E+0	7.1726797116E+0	3.2936625164E-3
2.9225031139E+0	7.0635065263E+0	3.2711010421E-3
2.9257629114E+0	6.9552184564E+0	3.2484849032E-3
2.9290000656E+0	6.8478134735E+0	3.2258144779E-3
2.9322145224E+0	6.7412895486E+0	3.2030901448E-3
2.9354062280E+0	6.6356446563E+0	3.1803122838E-3
2.9385751292E+0	6.5308767774E+0	3.1574812755E-3
2.9417211730E+0	6.4269839021E+0	3.1345975014E-3
2.9448443068E+0	6.3239640330E+0	3.1116613440E-3
2.9479444784E+0	6.2218151874E+0	3.0886731866E-3
2.9510216360E+0	6.1205354004E+0	3.0656334132E-3
2.9540757281E+0	6.0201227269E+0	3.0425424091E-3
2.9571067038E+0	5.9205752441E+0	3.0194005599E-3
2.9601145124E+0	5.8218910531E+0	2.9962082525E-3
2.9630991036E+0	5.7240682816E+0	2.9729658744E-3
2.9660604276E+0	5.6271050854E+0	2.9496738141E-3
2.9689984348E+0	5.5309996499E+0	2.9263324607E-3
2.9719130762E+0	5.4357501919E+0	2.9029422044E-3
2.9748043031E+0	5.3413549612E+0	2.8795034361E-3
2.9776720671E+0	5.2478122418E+0	2.8560165473E-3
2.9805163203E+0	5.1551203529E+0	2.8324819307E-3
2.9833370151E+0	5.0632776507E+0	2.8088999795E-3
2.9861341046E+0	4.9722825285E+0	2.7852710878E-3
2.9889075418E+0	4.8821334186E+0	2.7615956505E-3
2.9916572805E+0	4.7928287925E+0	2.7378740632E-3
2.9943832747E+0	4.7043671616E+0	2.7141067224E-3
2.9970854788E+0	4.6167470783E+0	2.6902940251E-3
2.9997638477E+0	4.5299671363E+0	2.6664363695E-3
3.0024183367E+0	4.4440259709E+0	2.6425341541E-3
3.0050489013E+0	4.3589222598E+0	2.6185877784E-3
3.0076554977E+0	4.2746547231E+0	2.5945976426E-3
3.0102380822E+0	4.1912221237E+0	2.5705641475E-3
3.0127966116E+0	4.1086232672E+0	2.5464876949E-3
3.0153310434E+0	4.0268570026E+0	2.5223686871E-3
3.0178413350E+0	3.9459222219E+0	2.4982075270E-3
3.0203274445E+0	3.8658178598E+0	2.4740046186E-3
3.0227893304E+0	3.7865428946E+0	2.4497603662E-3
3.0252269516E+0	3.7080963469E+0	2.4254751751E-3
3.0276402673E+0	3.6304772804E+0	2.4011494510E-3
3.0300292371E+0	3.5536848009E+0	2.3767836004E-3
3.0323938212E+0	3.4777180566E+0	2.3523780306E-3
3.0347339801E+0	3.4025762373E+0	2.3279331494E-3
3.0370496746E+0	3.3282585745E+0	2.3034493653E-3
3.0393408660E+0	3.2547643405E+0	2.2789270875E-3
3.0416075160E+0	3.1820928482E+0	2.2543667257E-3
3.0438495869E+0	3.1102434507E+0	2.2297686905E-3
3.0460670410E+0	3.0392155404E+0	2.2051333928E-3
3.0482598414E+0	2.9690085489E+0	2.1804612443E-3
3.0504279513E+0	2.8996219461E+0	2.1557526574E-3
3.0525713347E+0	2.8310552396E+0	2.1310080450E-3
3.0546899556E+0	2.7633079741E+0	2.1062278206E-3
3.0567837786E+0	2.6963797308E+0	2.0814123983E-3
3.0588527688E+0	2.6302701265E+0	2.0565621928E-3
3.0608968915E+0	2.5649788130E+0	2.0316776194E-3
3.0629161127E+0	2.5005054764E+0	2.0067590939E-3
3.0649103985E+0	2.4368498363E+0	1.9818070327E-3
3.0668797157E+0	2.3740116448E+0	1.9568218529E-3
3.0688240313E+0	2.3119906861E+0	1.9318039720E-3
3.0707433129E+0	2.2507867754E+0	1.9067538080E-3
3.0726375283E+0	2.1903997581E+0	1.8816717796E-3
3.0745066460E+0	2.1308295090E+0	1.8565583060E-3
3.0763506346E+0	2.0720759314E+0	1.8314138067E-3
3.0781694634E+0	2.0141389565E+0	1.8062387021E-3
3.0799631019E+0	1.9570185420E+0	1.7810334128E-3
3.0817315203E+0	1.9007146718E+0	1.7557983600E-3
3.0834746889E+0	1.8452273547E+0	1.7305339655E-3
3.0851925786E+0	1.7905566238E+0	1.7052406515E-3
3.0868851607E+0	1.7367025353E+0	1.6799188405E-3
3.0885524069E+0	1.6836651679E+0	1.6545689559E-3
3.0901942894E+0	1.6314446218E+0	1.6291914212E-3
3.0918107807E+0	1.5800410177E+0	1.6037866605E-3
3.0934018538E+0	1.5294544959E+0	1.5783550984E-3
3.0949674821E+0	1.4796852158E+0	1.5528971598E-3
3.0965076394E+0	1.4307333543E+0	1.5274132703E-3
3.0980223001E+0	1.3825991056E+0	1.5019038556E-3
3.0995114388E+0	1.3352826799E+0	1.4763693421E-3
3.1009750306E+0	1.2887843026E+0	1.4508101565E-3
3.1024130510E+0	1.2431042133E+0	1.4252267258E-3
3.1038254761E+0	1.1982426655E+0	1.3996194778E-3
3.1052122822E+0	1.1541999248E+0	1.3739888402E-3
3.1065734461E+0	1.1109762688E+0	1.3483352414E-3
3.1079089451E+0	1.0685719859E+0	1.3226591101E-3
3.1092187570E+0	1.0269873747E+0	1.2969608754E-3
3.1105028597E+0	9.8622274273E-1	1.2712409668E-3
3.1117612318E+0	9.4627840605E-1	1.2454998140E-3
3.1129938524E+0	9.0715468822E-1	1.2197378472E-3
3.1142007007E+0	8.6885191955E-1	1.1939554970E-3
3.1153817567E+0	8.3137043630E-1	1.1681531941E-3
3.1165370006E+0	7.9471057985E-1	1.1423313699E-3
3.1176664131E+0	7.5887269601E-1	1.1164904558E-3
3.1187699753E+0	7.2385713416E-1	1.0906308836E-3
3.1198476688E+0	6.8966424658E-1	1.0647530855E-3
3.1208994755E+0	6.5629438766E-1	1.0388574939E-3
3.1219253780E+0	6.2374791321E-1	1.0129445417E-3
3.1229253590E+0	5.9202517972E-1	9.8701466182E-4
3.1238994018E+0	5.6112654371E-1	9.6106828758E-4
3.1248474902E+0	5.3105236099E-1	9.3510585261E-4
3.1257696083E+0	5.0180298604E-1	9.0912779076E-4
3.1266657407E+0	4.7337877132E-1	8.8313453619E-4
3.1275358724E+0	4.4578006669E-1	8.5712652325E-4
3.1283799890E+0	4.1900721873E-1	8.3110418659E-4
3.1291980762E+0	3.9306057015E-1	8.0506796108E-4
3.1299901204E+0	3.6794045923E-1	7.7901828182E-4
3.1307561084E+0	3.4364721921E-1	7.5295558414E-4
3.1314960274E+0	3.2018117776E-1	7.2688030358E-4
3.1322098650E+0	2.9754265643E-1	7.0079287589E-4
3.1328976092E+0	2.7573197012E-1	6.7469373705E-4
3.1335592487E+0	2.5474942658E-1	6.4858332323E-4
3.1341947723E+0	2.3459532594E-1	6.2246207073E-4
3.1348041694E+0	2.1526996021E-1	5.9633041614E-4
3.1353874298E+0	1.9677361284E-1	5.7018879612E-4
3.1359445438E+0	1.7910655828E-1	5.4403764760E-4
3.1364755020E+0	1.6226906156E-1	5.1787740760E-4
3.1369802957E+0	1.4626137792E-1	4.9170851331E-4
3.1374589163E+0	1.3108375237E-1	4.6553140213E-4
3.1379113559E+0	1.1673641938E-1	4.3934651156E-4
3.1383376069E+0	1.0321960251E-1	4.1315427928E-4
3.1387376622E+0	9.0533514076E-2	3.8695514312E-4
3.1391115150E+0	7.8678354851E-2	3.6074954110E-4
3.1394591592E+0	6.7654313775E-2	3.3453791144E-4
3.1397805890E+0	5.7461567675E-2	3.0832069259E-4
3.1400757989E+0	4.8100281004E-2	2.8209832342E-4
3.1403447841E+0	3.9570605601E-2	2.5587124334E-4
3.1405875400E+0	3.1872680451E-2	2.2963989267E-4
3.1408040626E+0	2.5006631451E-2	2.0340471372E-4
3.1409943483E+0	1.8972571147E-2	1.7716615272E-4
3.1411583939E+0	1.3770598378E-2	1.5092466531E-4
3.1412961968E+0	9.4007976339E-3	1.2468073282E-4
3.1414077547E+0	5.8632374152E-3	9.8434919423E-5
3.1414930663E+0	3.1579644177E-3	7.2188137769E-5
3.1415521316E+0	1.2849727763E-3	4.5943520243E-5
3.1415849628E+0	2.4387773375E-4	1.9736940383E-5