# Differential cross section		
# Author: P. Swaczyna	Princeton University	(swaczyna@princeton.edu)
# Date: 	Fri 4 Dec 2020 10:33:30	
# 		
# Elastic collision: He^0 + He^0 -> He^0 + He^0		
# 		
# Red. mass: 	1.8642000787E+9	 eV/c^2
# CM energy: 	1.5488166189E-4	 eV
# Rel speed: 	1.2220513068E+4	 cm/s
# Tot sigma: 	9.7805644075E+1	 a.u.
# Int sigma: 	9.7805644075E+1	 a.u.
# 		
# Columns:		
# the <- scattering angle (rad)		
# dcs <- dsigma/dOmega*2*pi*sin(the) (a.u. = 2.8002852056E-17 cm^2)		
# wei <- weight for cross section integration (approx. width of angle bin)		
# 		
# the	dcs	wei
7.6907532846E-6	3.9275365445E-4	1.9736940383E-5
4.0521979771E-5	2.0693884002E-3	4.5943520243E-5
9.9587300392E-5	5.0857535856E-3	7.2188137769E-5
1.8489884726E-4	9.4424687429E-3	9.8434919423E-5
2.9645680168E-4	1.5139543034E-2	1.2468073282E-4
4.3425968311E-4	2.2176900644E-2	1.5092466531E-4
5.9830531657E-4	3.0554430109E-2	1.7716615272E-4
7.8859101285E-4	4.0271993449E-2	2.0340471372E-4
1.0051136166E-3	5.1329428514E-2	2.2963989267E-4
1.2478695220E-3	6.3726549690E-2	2.5587124334E-4
1.5168546797E-3	7.7463148086E-2	2.8209832342E-4
1.8120645986E-3	9.2538991536E-2	3.0832069259E-4
2.1334943481E-3	1.0895382451E-1	3.3453791144E-4
2.4811385584E-3	1.2670736796E-1	3.6074954110E-4
2.8549914211E-3	1.4579931918E-1	3.8695514312E-4
3.2550466893E-3	1.6622935160E-1	4.1315427928E-4
3.6812976783E-3	1.8799711457E-1	4.3934651156E-4
4.1337372652E-3	2.1110223315E-1	4.6553140213E-4
4.6123578895E-3	2.3554430786E-1	4.9170851331E-4
5.1171515529E-3	2.6132291440E-1	5.1787740760E-4
5.6481098199E-3	2.8843760342E-1	5.4403764760E-4
6.2052238176E-3	3.1688790018E-1	5.7018879612E-4
6.7884842360E-3	3.4667330430E-1	5.9633041614E-4
7.3978813281E-3	3.7779328938E-1	6.2246207073E-4
8.0334049101E-3	4.1024730275E-1	6.4858332323E-4
8.6950443616E-3	4.4403476501E-1	6.7469373705E-4
9.3827886258E-3	4.7915506979E-1	7.0079287589E-4
1.0096626210E-2	5.1560758328E-1	7.2688030358E-4
1.0836545184E-2	5.5339164388E-1	7.5295558414E-4
1.1602533184E-2	5.9250656180E-1	7.7901828182E-4
1.2394577408E-2	6.3295161864E-1	8.0506796108E-4
1.3212664621E-2	6.7472606694E-1	8.3110418659E-4
1.4056781152E-2	7.1782912974E-1	8.5712652325E-4
1.4926912893E-2	7.6226000015E-1	8.8313453619E-4
1.5823045305E-2	8.0801784083E-1	9.0912779076E-4
1.6745163410E-2	8.5510178356E-1	9.3510585261E-4
1.7693251801E-2	9.0351092868E-1	9.6106828758E-4
1.8667294632E-2	9.5324434464E-1	9.8701466182E-4
1.9667275626E-2	1.0043010674E+0	1.0129445417E-3
2.0693178073E-2	1.0566801000E+0	1.0388574939E-3
2.1744984827E-2	1.1103804120E+0	1.0647530855E-3
2.2822678313E-2	1.1654009386E+0	1.0906308836E-3
2.3926240519E-2	1.2217405806E+0	1.1164904558E-3
2.5055653005E-2	1.2793982034E+0	1.1423313699E-3
2.6210896896E-2	1.3383726367E+0	1.1681531941E-3
2.7391952886E-2	1.3986626736E+0	1.1939554970E-3
2.8598801239E-2	1.4602670701E+0	1.2197378472E-3
2.9831421786E-2	1.5231845445E+0	1.2454998140E-3
3.1089793929E-2	1.5874137768E+0	1.2712409668E-3
3.2373896638E-2	1.6529534078E+0	1.2969608754E-3
3.3683708455E-2	1.7198020388E+0	1.3226591101E-3
3.5019207490E-2	1.7879582307E+0	1.3483352414E-3
3.6380371427E-2	1.8574205031E+0	1.3739888402E-3
3.7767177517E-2	1.9281873342E+0	1.3996194778E-3
3.9179602586E-2	2.0002571594E+0	1.4252267258E-3
4.0617623030E-2	2.0736283710E+0	1.4508101565E-3
4.2081214817E-2	2.1482993176E+0	1.4763693421E-3
4.3570353490E-2	2.2242683028E+0	1.5019038556E-3
4.5085014162E-2	2.3015335849E+0	1.5274132703E-3
4.6625171522E-2	2.3800933761E+0	1.5528971598E-3
4.8190799831E-2	2.4599458417E+0	1.5783550984E-3
4.9781872927E-2	2.5410890990E+0	1.6037866605E-3
5.1398364219E-2	2.6235212171E+0	1.6291914212E-3
5.3040246694E-2	2.7072402157E+0	1.6545689559E-3
5.4707492914E-2	2.7922440642E+0	1.6799188405E-3
5.6400075017E-2	2.8785306815E+0	1.7052406515E-3
5.8117964718E-2	2.9660979344E+0	1.7305339655E-3
5.9861133308E-2	3.0549436373E+0	1.7557983600E-3
6.1629551657E-2	3.1450655512E+0	1.7810334128E-3
6.3423190212E-2	3.2364613829E+0	1.8062387021E-3
6.5242019000E-2	3.3291287841E+0	1.8314138067E-3
6.7086007624E-2	3.4230653505E+0	1.8565583060E-3
6.8955125270E-2	3.5182686211E+0	1.8816717796E-3
7.0849340702E-2	3.6147360774E+0	1.9067538080E-3
7.2768622264E-2	3.7124651420E+0	1.9318039720E-3
7.4712937885E-2	3.8114531785E+0	1.9568218529E-3
7.6682255070E-2	3.9116974900E+0	1.9818070327E-3
7.8676540910E-2	4.0131953185E+0	2.0067590939E-3
8.0695762079E-2	4.1159438440E+0	2.0316776194E-3
8.2739884832E-2	4.2199401835E+0	2.0565621928E-3
8.4808875009E-2	4.3251813903E+0	2.0814123983E-3
8.6902698034E-2	4.4316644526E+0	2.1062278206E-3
8.9021318917E-2	4.5393862935E+0	2.1310080450E-3
9.1164702253E-2	4.6483437690E+0	2.1557526574E-3
9.3332812224E-2	4.7585336679E+0	2.1804612443E-3
9.5525612596E-2	4.8699527108E+0	2.2051333928E-3
9.7743066726E-2	4.9825975487E+0	2.2297686905E-3
9.9985137556E-2	5.0964647626E+0	2.2543667257E-3
1.0225178762E-1	5.2115508622E+0	2.2789270875E-3
1.0454297904E-1	5.3278522852E+0	2.3034493653E-3
1.0685867352E-1	5.4453653965E+0	2.3279331494E-3
1.0919883237E-1	5.5640864870E+0	2.3523780306E-3
1.1156341648E-1	5.6840117728E+0	2.3767836004E-3
1.1395238633E-1	5.8051373942E+0	2.4011494510E-3
1.1636570200E-1	5.9274594150E+0	2.4254751751E-3
1.1880332317E-1	6.0509738212E+0	2.4497603662E-3
1.2126520909E-1	6.1756765207E+0	2.4740046186E-3
1.2375131862E-1	6.3015633417E+0	2.4982075270E-3
1.2626161023E-1	6.4286300322E+0	2.5223686871E-3
1.2879604195E-1	6.5568722589E+0	2.5464876949E-3
1.3135457143E-1	6.6862856063E+0	2.5705641475E-3
1.3393715592E-1	6.8168655762E+0	2.5945976426E-3
1.3654375226E-1	6.9486075861E+0	2.6185877784E-3
1.3917431689E-1	7.0815069688E+0	2.6425341541E-3
1.4182880585E-1	7.2155589714E+0	2.6664363695E-3
1.4450717478E-1	7.3507587543E+0	2.6902940251E-3
1.4720937892E-1	7.4871013903E+0	2.7141067224E-3
1.4993537310E-1	7.6245818640E+0	2.7378740632E-3
1.5268511179E-1	7.7631950707E+0	2.7615956505E-3
1.5545854902E-1	7.9029358154E+0	2.7852710878E-3
1.5825563845E-1	8.0437988123E+0	2.8088999795E-3
1.6107633333E-1	8.1857786835E+0	2.8324819307E-3
1.6392058653E-1	8.3288699587E+0	2.8560165473E-3
1.6678835052E-1	8.4730670738E+0	2.8795034361E-3
1.6967957737E-1	8.6183643704E+0	2.9029422044E-3
1.7259421876E-1	8.7647560949E+0	2.9263324607E-3
1.7553222599E-1	8.9122363978E+0	2.9496738141E-3
1.7849354996E-1	9.0607993324E+0	2.9729658744E-3
1.8147814117E-1	9.2104388549E+0	2.9962082525E-3
1.8448594977E-1	9.3611488226E+0	3.0194005599E-3
1.8751692548E-1	9.5129229938E+0	3.0425424091E-3
1.9057101764E-1	9.6657550270E+0	3.0656334132E-3
1.9364817522E-1	9.8196384797E+0	3.0886731866E-3
1.9674834681E-1	9.9745668081E+0	3.1116613440E-3
1.9987148058E-1	1.0130533366E+1	3.1345975014E-3
2.0301752435E-1	1.0287531405E+1	3.1574812755E-3
2.0618642554E-1	1.0445554072E+1	3.1803122838E-3
2.0937813120E-1	1.0604594410E+1	3.2030901448E-3
2.1259258799E-1	1.0764645357E+1	3.2258144779E-3
2.1582974219E-1	1.0925699746E+1	3.2484849032E-3
2.1908953970E-1	1.1087750303E+1	3.2711010421E-3
2.2237192605E-1	1.1250789646E+1	3.2936625164E-3
2.2567684639E-1	1.1414810289E+1	3.3161689492E-3
2.2900424548E-1	1.1579804633E+1	3.3386199643E-3
2.3235406772E-1	1.1745764973E+1	3.3610151867E-3
2.3572625713E-1	1.1912683495E+1	3.3833542419E-3
2.3912075735E-1	1.2080552274E+1	3.4056367567E-3
2.4253751167E-1	1.2249363275E+1	3.4278623588E-3
2.4597646298E-1	1.2419108351E+1	3.4500306767E-3
2.4943755380E-1	1.2589779245E+1	3.4721413399E-3
2.5292072631E-1	1.2761367587E+1	3.4941939790E-3
2.5642592230E-1	1.2933864895E+1	3.5161882254E-3
2.5995308318E-1	1.3107262574E+1	3.5381237115E-3
2.6350215001E-1	1.3281551915E+1	3.5600000709E-3
2.6707306349E-1	1.3456724097E+1	3.5818169379E-3
2.7066576394E-1	1.3632770183E+1	3.6035739479E-3
2.7428019131E-1	1.3809681122E+1	3.6252707373E-3
2.7791628522E-1	1.3987447748E+1	3.6469069436E-3
2.8157398488E-1	1.4166060781E+1	3.6684822051E-3
2.8525322919E-1	1.4345510823E+1	3.6899961614E-3
2.8895395665E-1	1.4525788364E+1	3.7114484529E-3
2.9267610542E-1	1.4706883774E+1	3.7328387211E-3
2.9641961330E-1	1.4888787309E+1	3.7541666086E-3
3.0018441773E-1	1.5071489107E+1	3.7754317588E-3
3.0397045579E-1	1.5254979192E+1	3.7966338166E-3
3.0777766421E-1	1.5439247467E+1	3.8177724274E-3
3.1160597938E-1	1.5624283722E+1	3.8388472382E-3
3.1545533730E-1	1.5810077626E+1	3.8598578967E-3
3.1932567367E-1	1.5996618735E+1	3.8808040517E-3
3.2321692379E-1	1.6183896484E+1	3.9016853533E-3
3.2712902264E-1	1.6371900193E+1	3.9225014525E-3
3.3106190484E-1	1.6560619062E+1	3.9432520014E-3
3.3501550468E-1	1.6750042177E+1	3.9639366533E-3
3.3898975607E-1	1.6940158504E+1	3.9845550624E-3
3.4298459261E-1	1.7130956892E+1	4.0051068843E-3
3.4699994753E-1	1.7322426075E+1	4.0255917754E-3
3.5103575373E-1	1.7514554666E+1	4.0460093936E-3
3.5509194378E-1	1.7707331165E+1	4.0663593974E-3
3.5916844988E-1	1.7900743952E+1	4.0866414469E-3
3.6326520391E-1	1.8094781292E+1	4.1068552032E-3
3.6738213741E-1	1.8289431334E+1	4.1270003283E-3
3.7151918157E-1	1.8484682110E+1	4.1470764858E-3
3.7567626728E-1	1.8680521536E+1	4.1670833400E-3
3.7985332504E-1	1.8876937413E+1	4.1870205567E-3
3.8405028507E-1	1.9073917427E+1	4.2068878026E-3
3.8826707721E-1	1.9271449147E+1	4.2266847457E-3
3.9250363101E-1	1.9469520031E+1	4.2464110553E-3
3.9675987567E-1	1.9668117420E+1	4.2660664016E-3
4.0103574005E-1	1.9867228543E+1	4.2856504563E-3
4.0533115271E-1	2.0066840515E+1	4.3051628919E-3
4.0964604185E-1	2.0266940341E+1	4.3246033825E-3
4.1398033538E-1	2.0467514909E+1	4.3439716031E-3
4.1833396086E-1	2.0668551001E+1	4.3632672302E-3
4.2270684554E-1	2.0870035284E+1	4.3824899412E-3
4.2709891633E-1	2.1071954317E+1	4.4016394148E-3
4.3151009985E-1	2.1274294549E+1	4.4207153312E-3
4.3594032237E-1	2.1477042320E+1	4.4397173715E-3
4.4038950986E-1	2.1680183863E+1	4.4586452181E-3
4.4485758797E-1	2.1883705302E+1	4.4774985548E-3
4.4934448203E-1	2.2087592655E+1	4.4962770664E-3
4.5385011706E-1	2.2291831836E+1	4.5149804392E-3
4.5837441776E-1	2.2496408651E+1	4.5336083606E-3
4.6291730852E-1	2.2701308806E+1	4.5521605193E-3
4.6747871344E-1	2.2906517900E+1	4.5706366053E-3
4.7205855627E-1	2.3112021433E+1	4.5890363098E-3
4.7665676049E-1	2.3317804803E+1	4.6073593254E-3
4.8127324926E-1	2.3523853308E+1	4.6256053458E-3
4.8590794542E-1	2.3730152146E+1	4.6437740661E-3
4.9056077152E-1	2.3936686420E+1	4.6618651826E-3
4.9523164982E-1	2.4143441133E+1	4.6798783932E-3
4.9992050224E-1	2.4350401195E+1	4.6978133967E-3
5.0462725044E-1	2.4557551420E+1	4.7156698934E-3
5.0935181576E-1	2.4764876528E+1	4.7334475849E-3
5.1409411924E-1	2.4972361151E+1	4.7511461741E-3
5.1885408164E-1	2.5179989827E+1	4.7687653653E-3
5.2363162341E-1	2.5387747004E+1	4.7863048641E-3
5.2842666471E-1	2.5595617046E+1	4.8037643772E-3
5.3323912540E-1	2.5803584227E+1	4.8211436130E-3
5.3806892508E-1	2.6011632736E+1	4.8384422809E-3
5.4291598301E-1	2.6219746680E+1	4.8556600920E-3
5.4778021821E-1	2.6427910083E+1	4.8727967585E-3
5.5266154939E-1	2.6636106889E+1	4.8898519940E-3
5.5755989496E-1	2.6844320961E+1	4.9068255135E-3
5.6247517308E-1	2.7052536085E+1	4.9237170334E-3
5.6740730160E-1	2.7260735972E+1	4.9405262713E-3
5.7235619810E-1	2.7468904258E+1	4.9572529464E-3
5.7732177988E-1	2.7677024506E+1	4.9738967791E-3
5.8230396395E-1	2.7885080209E+1	4.9904574913E-3
5.8730266706E-1	2.8093054790E+1	5.0069348063E-3
5.9231780568E-1	2.8300931603E+1	5.0233284486E-3
5.9734929598E-1	2.8508693939E+1	5.0396381444E-3
6.0239705389E-1	2.8716325023E+1	5.0558636210E-3
6.0746099506E-1	2.8923808019E+1	5.0720046074E-3
6.1254103485E-1	2.9131126030E+1	5.0880608338E-3
6.1763708838E-1	2.9338262100E+1	5.1040320318E-3
6.2274907048E-1	2.9545199220E+1	5.1199179345E-3
6.2787689573E-1	2.9751920322E+1	5.1357182766E-3
6.3302047843E-1	2.9958408289E+1	5.1514327939E-3
6.3817973262E-1	3.0164645951E+1	5.1670612238E-3
6.4335457209E-1	3.0370616092E+1	5.1826033052E-3
6.4854491036E-1	3.0576301447E+1	5.1980587783E-3
6.5375066070E-1	3.0781684709E+1	5.2134273849E-3
6.5897173609E-1	3.0986748528E+1	5.2287088681E-3
6.6420804930E-1	3.1191475513E+1	5.2439029725E-3
6.6945951283E-1	3.1395848238E+1	5.2590094442E-3
6.7472603890E-1	3.1599849238E+1	5.2740280309E-3
6.8000753951E-1	3.1803461016E+1	5.2889584814E-3
6.8530392640E-1	3.2006666044E+1	5.3038005463E-3
6.9061511106E-1	3.2209446765E+1	5.3185539776E-3
6.9594100473E-1	3.2411785596E+1	5.3332185287E-3
7.0128151841E-1	3.2613664928E+1	5.3477939546E-3
7.0663656285E-1	3.2815067131E+1	5.3622800116E-3
7.1200604856E-1	3.3015974555E+1	5.3766764577E-3
7.1738988581E-1	3.3216369534E+1	5.3909830523E-3
7.2278798463E-1	3.3416234385E+1	5.4051995564E-3
7.2820025482E-1	3.3615551414E+1	5.4193257323E-3
7.3362660591E-1	3.3814302917E+1	5.4333613439E-3
7.3906694724E-1	3.4012471181E+1	5.4473061568E-3
7.4452118788E-1	3.4210038489E+1	5.4611599379E-3
7.4998923669E-1	3.4406987122E+1	5.4749224557E-3
7.5547100229E-1	3.4603299359E+1	5.4885934801E-3
7.6096639308E-1	3.4798957483E+1	5.5021727828E-3
7.6647531721E-1	3.4993943781E+1	5.5156601367E-3
7.7199768263E-1	3.5188240548E+1	5.5290553166E-3
7.7753339704E-1	3.5381830089E+1	5.5423580985E-3
7.8308236795E-1	3.5574694720E+1	5.5555682601E-3
7.8864450262E-1	3.5766816776E+1	5.5686855808E-3
7.9421970809E-1	3.5958178605E+1	5.5817098412E-3
7.9980789121E-1	3.6148762579E+1	5.5946408237E-3
8.0540895857E-1	3.6338551092E+1	5.6074783123E-3
8.1102281659E-1	3.6527526562E+1	5.6202220924E-3
8.1664937145E-1	3.6715671439E+1	5.6328719509E-3
8.2228852912E-1	3.6902968200E+1	5.6454276767E-3
8.2794019536E-1	3.7089399358E+1	5.6578890597E-3
8.3360427572E-1	3.7274947462E+1	5.6702558918E-3
8.3928067556E-1	3.7459595099E+1	5.6825279663E-3
8.4496930000E-1	3.7643324900E+1	5.6947050782E-3
8.5067005399E-1	3.7826119537E+1	5.7067870238E-3
8.5638284226E-1	3.8007961732E+1	5.7187736014E-3
8.6210756934E-1	3.8188834256E+1	5.7306646105E-3
8.6784413956E-1	3.8368719931E+1	5.7424598526E-3
8.7359245705E-1	3.8547601635E+1	5.7541591304E-3
8.7935242576E-1	3.8725462306E+1	5.7657622485E-3
8.8512394943E-1	3.8902284940E+1	5.7772690129E-3
8.9090693161E-1	3.9078052596E+1	5.7886792314E-3
8.9670127565E-1	3.9252748402E+1	5.7999927133E-3
9.0250688473E-1	3.9426355552E+1	5.8112092696E-3
9.0832366182E-1	3.9598857312E+1	5.8223287127E-3
9.1415150972E-1	3.9770237024E+1	5.8333508568E-3
9.1999033104E-1	3.9940478104E+1	5.8442755178E-3
9.2584002820E-1	4.0109564049E+1	5.8551025132E-3
9.3170050345E-1	4.0277478439E+1	5.8658316618E-3
9.3757165885E-1	4.0444204938E+1	5.8764627846E-3
9.4345339628E-1	4.0609727298E+1	5.8869957037E-3
9.4934561746E-1	4.0774029360E+1	5.8974302433E-3
9.5524822392E-1	4.0937095060E+1	5.9077662288E-3
9.6116111701E-1	4.1098908429E+1	5.9180034877E-3
9.6708419793E-1	4.1259453596E+1	5.9281418487E-3
9.7301736769E-1	4.1418714790E+1	5.9381811425E-3
9.7896052713E-1	4.1576676346E+1	5.9481212013E-3
9.8491357695E-1	4.1733322702E+1	5.9579618591E-3
9.9087641766E-1	4.1888638408E+1	5.9677029512E-3
9.9684894961E-1	4.2042608123E+1	5.9773443150E-3
1.0028310730E+0	4.2195216621E+1	5.9868857894E-3
1.0088226878E+0	4.2346448792E+1	5.9963272149E-3
1.0148236940E+0	4.2496289646E+1	6.0056684336E-3
1.0208339913E+0	4.2644724315E+1	6.0149092896E-3
1.0268534791E+0	4.2791738052E+1	6.0240496283E-3
1.0328820570E+0	4.2937316240E+1	6.0330892971E-3
1.0389196241E+0	4.3081444391E+1	6.0420281448E-3
1.0449660796E+0	4.3224108145E+1	6.0508660221E-3
1.0510213224E+0	4.3365293280E+1	6.0596027814E-3
1.0570852514E+0	4.3504985709E+1	6.0682382765E-3
1.0631577652E+0	4.3643171484E+1	6.0767723631E-3
1.0692387623E+0	4.3779836797E+1	6.0852048988E-3
1.0753281411E+0	4.3914967985E+1	6.0935357425E-3
1.0814257998E+0	4.4048551531E+1	6.1017647550E-3
1.0875316366E+0	4.4180574065E+1	6.1098917988E-3
1.0936455494E+0	4.4311022369E+1	6.1179167381E-3
1.0997674360E+0	4.4439883376E+1	6.1258394388E-3
1.1058971941E+0	4.4567144176E+1	6.1336597685E-3
1.1120347214E+0	4.4692792014E+1	6.1413775965E-3
1.1181799151E+0	4.4816814296E+1	6.1489927938E-3
1.1243326727E+0	4.4939198590E+1	6.1565052331E-3
1.1304928913E+0	4.5059932626E+1	6.1639147890E-3
1.1366604679E+0	4.5179004300E+1	6.1712213376E-3
1.1428352996E+0	4.5296401678E+1	6.1784247568E-3
1.1490172830E+0	4.5412112993E+1	6.1855249261E-3
1.1552063150E+0	4.5526126651E+1	6.1925217271E-3
1.1614022920E+0	4.5638431233E+1	6.1994150427E-3
1.1676051105E+0	4.5749015494E+1	6.2062047577E-3
1.1738146669E+0	4.5857868368E+1	6.2128907587E-3
1.1800308574E+0	4.5964978967E+1	6.2194729339E-3
1.1862535782E+0	4.6070336587E+1	6.2259511734E-3
1.1924827251E+0	4.6173930704E+1	6.2323253688E-3
1.1987181942E+0	4.6275750983E+1	6.2385954138E-3
1.2049598812E+0	4.6375787271E+1	6.2447612034E-3
1.2112076818E+0	4.6474029607E+1	6.2508226346E-3
1.2174614916E+0	4.6570468218E+1	6.2567796062E-3
1.2237212062E+0	4.6665093526E+1	6.2626320186E-3
1.2299867208E+0	4.6757896142E+1	6.2683797740E-3
1.2362579308E+0	4.6848866874E+1	6.2740227763E-3
1.2425347314E+0	4.6937996728E+1	6.2795609313E-3
1.2488170177E+0	4.7025276905E+1	6.2849941464E-3
1.2551046847E+0	4.7110698806E+1	6.2903223308E-3
1.2613976273E+0	4.7194254035E+1	6.2955453954E-3
1.2676957404E+0	4.7275934396E+1	6.3006632530E-3
1.2739989187E+0	4.7355731895E+1	6.3056758180E-3
1.2803070569E+0	4.7433638747E+1	6.3105830068E-3
1.2866200496E+0	4.7509647370E+1	6.3153847371E-3
1.2929377912E+0	4.7583750388E+1	6.3200809290E-3
1.2992601762E+0	4.7655940637E+1	6.3246715037E-3
1.3055870990E+0	4.7726211159E+1	6.3291563847E-3
1.3119184537E+0	4.7794555209E+1	6.3335354970E-3
1.3182541347E+0	4.7860966252E+1	6.3378087674E-3
1.3245940360E+0	4.7925437966E+1	6.3419761245E-3
1.3309380516E+0	4.7987964243E+1	6.3460374987E-3
1.3372860756E+0	4.8048539188E+1	6.3499928220E-3
1.3436380019E+0	4.8107157123E+1	6.3538420284E-3
1.3499937243E+0	4.8163812585E+1	6.3575850535E-3
1.3563531366E+0	4.8218500328E+1	6.3612218349E-3
1.3627161325E+0	4.8271215324E+1	6.3647523117E-3
1.3690826057E+0	4.8321952764E+1	6.3681764249E-3
1.3754524499E+0	4.8370708056E+1	6.3714941173E-3
1.3818255585E+0	4.8417476829E+1	6.3747053335E-3
1.3882018250E+0	4.8462254932E+1	6.3778100198E-3
1.3945811430E+0	4.8505038434E+1	6.3808081243E-3
1.4009634057E+0	4.8545823626E+1	6.3836995970E-3
1.4073485066E+0	4.8584607020E+1	6.3864843894E-3
1.4137363389E+0	4.8621385351E+1	6.3891624551E-3
1.4201267959E+0	4.8656155574E+1	6.3917337493E-3
1.4265197708E+0	4.8688914868E+1	6.3941982290E-3
1.4329151568E+0	4.8719660637E+1	6.3965558531E-3
1.4393128469E+0	4.8748390504E+1	6.3988065821E-3
1.4457127343E+0	4.8775102318E+1	6.4009503785E-3
1.4521147120E+0	4.8799794150E+1	6.4029872063E-3
1.4585186731E+0	4.8822464295E+1	6.4049170317E-3
1.4649245104E+0	4.8843111273E+1	6.4067398222E-3
1.4713321170E+0	4.8861733824E+1	6.4084555476E-3
1.4777413858E+0	4.8878330915E+1	6.4100641790E-3
1.4841522097E+0	4.8892901733E+1	6.4115656896E-3
1.4905644815E+0	4.8905445692E+1	6.4129600544E-3
1.4969780940E+0	4.8915962426E+1	6.4142472499E-3
1.5033929402E+0	4.8924451793E+1	6.4154272548E-3
1.5098089128E+0	4.8930913874E+1	6.4165000493E-3
1.5162259046E+0	4.8935348970E+1	6.4174656154E-3
1.5226438083E+0	4.8937757607E+1	6.4183239370E-3
1.5290625167E+0	4.8938140530E+1	6.4190749998E-3
1.5354819225E+0	4.8936498706E+1	6.4197187912E-3
1.5419019185E+0	4.8932833324E+1	6.4202553005E-3
1.5483223974E+0	4.8927145790E+1	6.4206845187E-3
1.5547432518E+0	4.8919437733E+1	6.4210064386E-3
1.5611643745E+0	4.8909710997E+1	6.4212210549E-3
1.5675856581E+0	4.8897967649E+1	6.4213283639E-3
1.5740069954E+0	4.8884209969E+1	6.4213283639E-3
1.5804282791E+0	4.8868440457E+1	6.4212210549E-3
1.5868494018E+0	4.8850661827E+1	6.4210064386E-3
1.5932702562E+0	4.8830877011E+1	6.4206845187E-3
1.5996907351E+0	4.8809089153E+1	6.4202553005E-3
1.6061107310E+0	4.8785301612E+1	6.4197187912E-3
1.6125301369E+0	4.8759517958E+1	6.4190749998E-3
1.6189488453E+0	4.8731741976E+1	6.4183239370E-3
1.6253667490E+0	4.8701977658E+1	6.4174656154E-3
1.6317837408E+0	4.8670229208E+1	6.4165000493E-3
1.6381997134E+0	4.8636501040E+1	6.4154272548E-3
1.6446145595E+0	4.8600797771E+1	6.4142472499E-3
1.6510281721E+0	4.8563124230E+1	6.4129600544E-3
1.6574404439E+0	4.8523485446E+1	6.4115656896E-3
1.6638512678E+0	4.8481886657E+1	6.4100641790E-3
1.6702605366E+0	4.8438333300E+1	6.4084555476E-3
1.6766681432E+0	4.8392831017E+1	6.4067398222E-3
1.6830739805E+0	4.8345385646E+1	6.4049170317E-3
1.6894779416E+0	4.8296003228E+1	6.4029872063E-3
1.6958799193E+0	4.8244690000E+1	6.4009503785E-3
1.7022798067E+0	4.8191452395E+1	6.3988065821E-3
1.7086774968E+0	4.8136297040E+1	6.3965558531E-3
1.7150728827E+0	4.8079230757E+1	6.3941982290E-3
1.7214658576E+0	4.8020260558E+1	6.3917337493E-3
1.7278563146E+0	4.7959393648E+1	6.3891624551E-3
1.7342441470E+0	4.7896637418E+1	6.3864843894E-3
1.7406292478E+0	4.7831999446E+1	6.3836995970E-3
1.7470115106E+0	4.7765487498E+1	6.3808081243E-3
1.7533908286E+0	4.7697109523E+1	6.3778100198E-3
1.7597670951E+0	4.7626873649E+1	6.3747053335E-3
1.7661402037E+0	4.7554788190E+1	6.3714941173E-3
1.7725100479E+0	4.7480861634E+1	6.3681764249E-3
1.7788765211E+0	4.7405102649E+1	6.3647523117E-3
1.7852395170E+0	4.7327520077E+1	6.3612218349E-3
1.7915989293E+0	4.7248122935E+1	6.3575850535E-3
1.7979546517E+0	4.7166920408E+1	6.3538420284E-3
1.8043065780E+0	4.7083921856E+1	6.3499928220E-3
1.8106546020E+0	4.6999136802E+1	6.3460374987E-3
1.8169986176E+0	4.6912574939E+1	6.3419761245E-3
1.8233385189E+0	4.6824246122E+1	6.3378087674E-3
1.8296741999E+0	4.6734160369E+1	6.3335354970E-3
1.8360055546E+0	4.6642327857E+1	6.3291563847E-3
1.8423324774E+0	4.6548758924E+1	6.3246715037E-3
1.8486548624E+0	4.6453464063E+1	6.3200809290E-3
1.8549726040E+0	4.6356453919E+1	6.3153847371E-3
1.8612855967E+0	4.6257739294E+1	6.3105830068E-3
1.8675937349E+0	4.6157331136E+1	6.3056758180E-3
1.8738969132E+0	4.6055240544E+1	6.3006632530E-3
1.8801950263E+0	4.5951478762E+1	6.2955453954E-3
1.8864879689E+0	4.5846057178E+1	6.2903223308E-3
1.8927756359E+0	4.5738987321E+1	6.2849941464E-3
1.8990579222E+0	4.5630280863E+1	6.2795609313E-3
1.9053347228E+0	4.5519949611E+1	6.2740227763E-3
1.9116059328E+0	4.5408005507E+1	6.2683797740E-3
1.9178714474E+0	4.5294460630E+1	6.2626320186E-3
1.9241311620E+0	4.5179327185E+1	6.2567796062E-3
1.9303849718E+0	4.5062617511E+1	6.2508226346E-3
1.9366327724E+0	4.4944344071E+1	6.2447612034E-3
1.9428744594E+0	4.4824519454E+1	6.2385954138E-3
1.9491099285E+0	4.4703156370E+1	6.2323253688E-3
1.9553390754E+0	4.4580267650E+1	6.2259511734E-3
1.9615617961E+0	4.4455866243E+1	6.2194729339E-3
1.9677779867E+0	4.4329965215E+1	6.2128907587E-3
1.9739875431E+0	4.4202577743E+1	6.2062047577E-3
1.9801903616E+0	4.4073717117E+1	6.1994150427E-3
1.9863863386E+0	4.3943396736E+1	6.1925217271E-3
1.9925753706E+0	4.3811630104E+1	6.1855249261E-3
1.9987573540E+0	4.3678430831E+1	6.1784247568E-3
2.0049321857E+0	4.3543812629E+1	6.1712213376E-3
2.0110997623E+0	4.3407789310E+1	6.1639147890E-3
2.0172599809E+0	4.3270374782E+1	6.1565052331E-3
2.0234127385E+0	4.3131583052E+1	6.1489927938E-3
2.0295579322E+0	4.2991428216E+1	6.1413775965E-3
2.0356954595E+0	4.2849924463E+1	6.1336597685E-3
2.0418252176E+0	4.2707086069E+1	6.1258394388E-3
2.0479471042E+0	4.2562927398E+1	6.1179167381E-3
2.0540610170E+0	4.2417462897E+1	6.1098917988E-3
2.0601668538E+0	4.2270707094E+1	6.1017647550E-3
2.0662645125E+0	4.2122674597E+1	6.0935357425E-3
2.0723538913E+0	4.1973380091E+1	6.0852048988E-3
2.0784348884E+0	4.1822838336E+1	6.0767723631E-3
2.0845074022E+0	4.1671064163E+1	6.0682382765E-3
2.0905713312E+0	4.1518072474E+1	6.0596027814E-3
2.0966265740E+0	4.1363878240E+1	6.0508660221E-3
2.1026730295E+0	4.1208496497E+1	6.0420281448E-3
2.1087105966E+0	4.1051942342E+1	6.0330892971E-3
2.1147391745E+0	4.0894230937E+1	6.0240496283E-3
2.1207586623E+0	4.0735377499E+1	6.0149092896E-3
2.1267689596E+0	4.0575397305E+1	6.0056684336E-3
2.1327699657E+0	4.0414305684E+1	5.9963272149E-3
2.1387615806E+0	4.0252118017E+1	5.9868857894E-3
2.1447437040E+0	4.0088849737E+1	5.9773443150E-3
2.1507162359E+0	3.9924516322E+1	5.9677029512E-3
2.1566790766E+0	3.9759133296E+1	5.9579618591E-3
2.1626321265E+0	3.9592716228E+1	5.9481212013E-3
2.1685752859E+0	3.9425280726E+1	5.9381811425E-3
2.1745084557E+0	3.9256842438E+1	5.9281418487E-3
2.1804315366E+0	3.9087417046E+1	5.9180034877E-3
2.1863444297E+0	3.8917020271E+1	5.9077662288E-3
2.1922470361E+0	3.8745667862E+1	5.8974302433E-3
2.1981392573E+0	3.8573375599E+1	5.8869957037E-3
2.2040209947E+0	3.8400159293E+1	5.8764627846E-3
2.2098921501E+0	3.8226034776E+1	5.8658316618E-3
2.2157526254E+0	3.8051017908E+1	5.8551025132E-3
2.2216023226E+0	3.7875124567E+1	5.8442755178E-3
2.2274411439E+0	3.7698370654E+1	5.8333508568E-3
2.2332689918E+0	3.7520772084E+1	5.8223287127E-3
2.2390857689E+0	3.7342344790E+1	5.8112092696E-3
2.2448913779E+0	3.7163104717E+1	5.7999927133E-3
2.2506857220E+0	3.6983067822E+1	5.7886792314E-3
2.2564687042E+0	3.6802250070E+1	5.7772690129E-3
2.2622402278E+0	3.6620667435E+1	5.7657622485E-3
2.2680001965E+0	3.6438335894E+1	5.7541591304E-3
2.2737485140E+0	3.6255271428E+1	5.7424598526E-3
2.2794850843E+0	3.6071490022E+1	5.7306646105E-3
2.2852098113E+0	3.5887007656E+1	5.7187736014E-3
2.2909225996E+0	3.5701840310E+1	5.7067870238E-3
2.2966233536E+0	3.5516003958E+1	5.6947050782E-3
2.3023119780E+0	3.5329514570E+1	5.6825279663E-3
2.3079883779E+0	3.5142388106E+1	5.6702558918E-3
2.3136524582E+0	3.4954640514E+1	5.6578890597E-3
2.3193041245E+0	3.4766287734E+1	5.6454276767E-3
2.3249432821E+0	3.4577345689E+1	5.6328719509E-3
2.3305698370E+0	3.4387830287E+1	5.6202220924E-3
2.3361836950E+0	3.4197757419E+1	5.6074783123E-3
2.3417847624E+0	3.4007142957E+1	5.5946408237E-3
2.3473729455E+0	3.3816002752E+1	5.5817098412E-3
2.3529481510E+0	3.3624352630E+1	5.5686855808E-3
2.3585102856E+0	3.3432208395E+1	5.5555682601E-3
2.3640592565E+0	3.3239585825E+1	5.5423580985E-3
2.3695949710E+0	3.3046500668E+1	5.5290553166E-3
2.3751173364E+0	3.2852968644E+1	5.5156601367E-3
2.3806262605E+0	3.2659005442E+1	5.5021727828E-3
2.3861216513E+0	3.2464626716E+1	5.4885934801E-3
2.3916034169E+0	3.2269848089E+1	5.4749224557E-3
2.3970714657E+0	3.2074685144E+1	5.4611599379E-3
2.4025257064E+0	3.1879153431E+1	5.4473061568E-3
2.4079660477E+0	3.1683268456E+1	5.4333613439E-3
2.4133923988E+0	3.1487045689E+1	5.4193257323E-3
2.4188046690E+0	3.1290500553E+1	5.4051995564E-3
2.4242027678E+0	3.1093648432E+1	5.3909830523E-3
2.4295866050E+0	3.0896504662E+1	5.3766764577E-3
2.4349560907E+0	3.0699084534E+1	5.3622800116E-3
2.4403111352E+0	3.0501403288E+1	5.3477939546E-3
2.4456516489E+0	3.0303476119E+1	5.3332185287E-3
2.4509775425E+0	3.0105318169E+1	5.3185539776E-3
2.4562887272E+0	2.9906944527E+1	5.3038005463E-3
2.4615851141E+0	2.9708370230E+1	5.2889584814E-3
2.4668666147E+0	2.9509610259E+1	5.2740280309E-3
2.4721331408E+0	2.9310679540E+1	5.2590094442E-3
2.4773846043E+0	2.9111592942E+1	5.2439029725E-3
2.4826209175E+0	2.8912365274E+1	5.2287088681E-3
2.4878419929E+0	2.8713011285E+1	5.2134273849E-3
2.4930477432E+0	2.8513545665E+1	5.1980587783E-3
2.4982380815E+0	2.8313983041E+1	5.1826033052E-3
2.5034129210E+0	2.8114337974E+1	5.1670612238E-3
2.5085721752E+0	2.7914624965E+1	5.1514327939E-3
2.5137157579E+0	2.7714858445E+1	5.1357182766E-3
2.5188435831E+0	2.7515052782E+1	5.1199179345E-3
2.5239555652E+0	2.7315222273E+1	5.1040320318E-3
2.5290516187E+0	2.7115381147E+1	5.0880608338E-3
2.5341316585E+0	2.6915543565E+1	5.0720046074E-3
2.5391955997E+0	2.6715723615E+1	5.0558636210E-3
2.5442433576E+0	2.6515935313E+1	5.0396381444E-3
2.5492748479E+0	2.6316192603E+1	5.0233284486E-3
2.5542899865E+0	2.6116509355E+1	5.0069348063E-3
2.5592886896E+0	2.5916899365E+1	4.9904574913E-3
2.5642708737E+0	2.5717376351E+1	4.9738967791E-3
2.5692364555E+0	2.5517953957E+1	4.9572529464E-3
2.5741853520E+0	2.5318645747E+1	4.9405262713E-3
2.5791174805E+0	2.5119465209E+1	4.9237170334E-3
2.5840327586E+0	2.4920425752E+1	4.9068255135E-3
2.5889311042E+0	2.4721540703E+1	4.8898519940E-3
2.5938124354E+0	2.4522823310E+1	4.8727967585E-3
2.5986766706E+0	2.4324286739E+1	4.8556600920E-3
2.6035237285E+0	2.4125944074E+1	4.8384422809E-3
2.6083535282E+0	2.3927808316E+1	4.8211436130E-3
2.6131659889E+0	2.3729892384E+1	4.8037643772E-3
2.6179610302E+0	2.3532209110E+1	4.7863048641E-3
2.6227385719E+0	2.3334771244E+1	4.7687653653E-3
2.6274985343E+0	2.3137591447E+1	4.7511461741E-3
2.6322408378E+0	2.2940682299E+1	4.7334475849E-3
2.6369654032E+0	2.2744056288E+1	4.7156698934E-3
2.6416721513E+0	2.2547725819E+1	4.6978133967E-3
2.6463610038E+0	2.2351703207E+1	4.6798783932E-3
2.6510318821E+0	2.2156000679E+1	4.6618651826E-3
2.6556847082E+0	2.1960630373E+1	4.6437740661E-3
2.6603194043E+0	2.1765604340E+1	4.6256053458E-3
2.6649358931E+0	2.1570934538E+1	4.6073593254E-3
2.6695340973E+0	2.1376632836E+1	4.5890363098E-3
2.6741139402E+0	2.1182711015E+1	4.5706366053E-3
2.6786753451E+0	2.0989180760E+1	4.5521605193E-3
2.6832182358E+0	2.0796053670E+1	4.5336083606E-3
2.6877425365E+0	2.0603341249E+1	4.5149804392E-3
2.6922481716E+0	2.0411054909E+1	4.4962770664E-3
2.6967350656E+0	2.0219205971E+1	4.4774985548E-3
2.7012031437E+0	2.0027805663E+1	4.4586452181E-3
2.7056523312E+0	1.9836865119E+1	4.4397173715E-3
2.7100825537E+0	1.9646395381E+1	4.4207153312E-3
2.7144937373E+0	1.9456407398E+1	4.4016394148E-3
2.7188858081E+0	1.9266912023E+1	4.3824899412E-3
2.7232586927E+0	1.9077920017E+1	4.3632672302E-3
2.7276123182E+0	1.8889442047E+1	4.3439716031E-3
2.7319466117E+0	1.8701488685E+1	4.3246033825E-3
2.7362615009E+0	1.8514070409E+1	4.3051628919E-3
2.7405569135E+0	1.8327197602E+1	4.2856504563E-3
2.7448327779E+0	1.8140880553E+1	4.2660664016E-3
2.7490890226E+0	1.7955129456E+1	4.2464110553E-3
2.7533255764E+0	1.7769954410E+1	4.2266847457E-3
2.7575423685E+0	1.7585365419E+1	4.2068878026E-3
2.7617393285E+0	1.7401372392E+1	4.1870205567E-3
2.7659163863E+0	1.7217985145E+1	4.1670833400E-3
2.7700734720E+0	1.7035213396E+1	4.1470764858E-3
2.7742105162E+0	1.6853066770E+1	4.1270003283E-3
2.7783274497E+0	1.6671554796E+1	4.1068552032E-3
2.7824242037E+0	1.6490686908E+1	4.0866414469E-3
2.7865007098E+0	1.6310472448E+1	4.0663593974E-3
2.7905568999E+0	1.6130920659E+1	4.0460093936E-3
2.7945927061E+0	1.5952040692E+1	4.0255917754E-3
2.7986080610E+0	1.5773841603E+1	4.0051068843E-3
2.8026028975E+0	1.5596332352E+1	3.9845550624E-3
2.8065771489E+0	1.5419521807E+1	3.9639366533E-3
2.8105307487E+0	1.5243418740E+1	3.9432520014E-3
2.8144636309E+0	1.5068031830E+1	3.9225014525E-3
2.8183757298E+0	1.4893369661E+1	3.9016853533E-3
2.8222669799E+0	1.4719440725E+1	3.8808040517E-3
2.8261373163E+0	1.4546253419E+1	3.8598578967E-3
2.8299866742E+0	1.4373816048E+1	3.8388472382E-3
2.8338149894E+0	1.4202136822E+1	3.8177724274E-3
2.8376221978E+0	1.4031223861E+1	3.7966338166E-3
2.8414082359E+0	1.3861085190E+1	3.7754317588E-3
2.8451730403E+0	1.3691728744E+1	3.7541666086E-3
2.8489165482E+0	1.3523162363E+1	3.7328387211E-3
2.8526386969E+0	1.3355393798E+1	3.7114484529E-3
2.8563394244E+0	1.3188430709E+1	3.6899961614E-3
2.8600186687E+0	1.3022280662E+1	3.6684822051E-3
2.8636763684E+0	1.2856951135E+1	3.6469069436E-3
2.8673124623E+0	1.2692449514E+1	3.6252707373E-3
2.8709268897E+0	1.2528783097E+1	3.6035739479E-3
2.8745195901E+0	1.2365959090E+1	3.5818169379E-3
2.8780905036E+0	1.2203984612E+1	3.5600000709E-3
2.8816395704E+0	1.2042866690E+1	3.5381237115E-3
2.8851667313E+0	1.1882612267E+1	3.5161882254E-3
2.8886719273E+0	1.1723228195E+1	3.4941939790E-3
2.8921550998E+0	1.1564721238E+1	3.4721413399E-3
2.8956161906E+0	1.1407098074E+1	3.4500306767E-3
2.8990551419E+0	1.1250365295E+1	3.4278623588E-3
2.9024718962E+0	1.1094529405E+1	3.4056367567E-3
2.9058663965E+0	1.0939596823E+1	3.3833542419E-3
2.9092385859E+0	1.0785573883E+1	3.3610151867E-3
2.9125884081E+0	1.0632466835E+1	3.3386199643E-3
2.9159158072E+0	1.0480281841E+1	3.3161689492E-3
2.9192207275E+0	1.0329024983E+1	3.2936625164E-3
2.9225031139E+0	1.0178702258E+1	3.2711010421E-3
2.9257629114E+0	1.0029319581E+1	3.2484849032E-3
2.9290000656E+0	9.8808827830E+0	3.2258144779E-3
2.9322145224E+0	9.7333976150E+0	3.2030901448E-3
2.9354062280E+0	9.5868697460E+0	3.1803122838E-3
2.9385751292E+0	9.4413047642E+0	3.1574812755E-3
2.9417211730E+0	9.2967081780E+0	3.1345975014E-3
2.9448443068E+0	9.1530854158E+0	3.1116613440E-3
2.9479444784E+0	9.0104418274E+0	3.0886731866E-3
2.9510216360E+0	8.8687826839E+0	3.0656334132E-3
2.9540757281E+0	8.7281131786E+0	3.0425424091E-3
2.9571067038E+0	8.5884384274E+0	3.0194005599E-3
2.9601145124E+0	8.4497634699E+0	2.9962082525E-3
2.9630991036E+0	8.3120932691E+0	2.9729658744E-3
2.9660604276E+0	8.1754327129E+0	2.9496738141E-3
2.9689984348E+0	8.0397866141E+0	2.9263324607E-3
2.9719130762E+0	7.9051597113E+0	2.9029422044E-3
2.9748043031E+0	7.7715566695E+0	2.8795034361E-3
2.9776720671E+0	7.6389820806E+0	2.8560165473E-3
2.9805163203E+0	7.5074404640E+0	2.8324819307E-3
2.9833370151E+0	7.3769362675E+0	2.8088999795E-3
2.9861341046E+0	7.2474738677E+0	2.7852710878E-3
2.9889075418E+0	7.1190575706E+0	2.7615956505E-3
2.9916572805E+0	6.9916916124E+0	2.7378740632E-3
2.9943832747E+0	6.8653801601E+0	2.7141067224E-3
2.9970854788E+0	6.7401273121E+0	2.6902940251E-3
2.9997638477E+0	6.6159370988E+0	2.6664363695E-3
3.0024183367E+0	6.4928134833E+0	2.6425341541E-3
3.0050489013E+0	6.3707603623E+0	2.6185877784E-3
3.0076554977E+0	6.2497815662E+0	2.5945976426E-3
3.0102380822E+0	6.1298808603E+0	2.5705641475E-3
3.0127966116E+0	6.0110619451E+0	2.5464876949E-3
3.0153310434E+0	5.8933284573E+0	2.5223686871E-3
3.0178413350E+0	5.7766839700E+0	2.4982075270E-3
3.0203274445E+0	5.6611319938E+0	2.4740046186E-3
3.0227893304E+0	5.5466759772E+0	2.4497603662E-3
3.0252269516E+0	5.4333193074E+0	2.4254751751E-3
3.0276402673E+0	5.3210653109E+0	2.4011494510E-3
3.0300292371E+0	5.2099172541E+0	2.3767836004E-3
3.0323938212E+0	5.0998783441E+0	2.3523780306E-3
3.0347339801E+0	4.9909517293E+0	2.3279331494E-3
3.0370496746E+0	4.8831405000E+0	2.3034493653E-3
3.0393408660E+0	4.7764476893E+0	2.2789270875E-3
3.0416075160E+0	4.6708762733E+0	2.2543667257E-3
3.0438495869E+0	4.5664291723E+0	2.2297686905E-3
3.0460670410E+0	4.4631092510E+0	2.2051333928E-3
3.0482598414E+0	4.3609193196E+0	2.1804612443E-3
3.0504279513E+0	4.2598621340E+0	2.1557526574E-3
3.0525713347E+0	4.1599403968E+0	2.1310080450E-3
3.0546899556E+0	4.0611567577E+0	2.1062278206E-3
3.0567837786E+0	3.9635138144E+0	2.0814123983E-3
3.0588527688E+0	3.8670141130E+0	2.0565621928E-3
3.0608968915E+0	3.7716601488E+0	2.0316776194E-3
3.0629161127E+0	3.6774543670E+0	2.0067590939E-3
3.0649103985E+0	3.5843991632E+0	1.9818070327E-3
3.0668797157E+0	3.4924968839E+0	1.9568218529E-3
3.0688240313E+0	3.4017498276E+0	1.9318039720E-3
3.0707433129E+0	3.3121602449E+0	1.9067538080E-3
3.0726375283E+0	3.2237303396E+0	1.8816717796E-3
3.0745066460E+0	3.1364622688E+0	1.8565583060E-3
3.0763506346E+0	3.0503581441E+0	1.8314138067E-3
3.0781694634E+0	2.9654200317E+0	1.8062387021E-3
3.0799631019E+0	2.8816499533E+0	1.7810334128E-3
3.0817315203E+0	2.7990498866E+0	1.7557983600E-3
3.0834746889E+0	2.7176217660E+0	1.7305339655E-3
3.0851925786E+0	2.6373674831E+0	1.7052406515E-3
3.0868851607E+0	2.5582888874E+0	1.6799188405E-3
3.0885524069E+0	2.4803877865E+0	1.6545689559E-3
3.0901942894E+0	2.4036659473E+0	1.6291914212E-3
3.0918107807E+0	2.3281250961E+0	1.6037866605E-3
3.0934018538E+0	2.2537669195E+0	1.5783550984E-3
3.0949674821E+0	2.1805930644E+0	1.5528971598E-3
3.0965076394E+0	2.1086051394E+0	1.5274132703E-3
3.0980223001E+0	2.0378047146E+0	1.5019038556E-3
3.0995114388E+0	1.9681933225E+0	1.4763693421E-3
3.1009750306E+0	1.8997724584E+0	1.4508101565E-3
3.1024130510E+0	1.8325435813E+0	1.4252267258E-3
3.1038254761E+0	1.7665081137E+0	1.3996194778E-3
3.1052122822E+0	1.7016674429E+0	1.3739888402E-3
3.1065734461E+0	1.6380229209E+0	1.3483352414E-3
3.1079089451E+0	1.5755758654E+0	1.3226591101E-3
3.1092187570E+0	1.5143275600E+0	1.2969608754E-3
3.1105028597E+0	1.4542792545E+0	1.2712409668E-3
3.1117612318E+0	1.3954321660E+0	1.2454998140E-3
3.1129938524E+0	1.3377874787E+0	1.2197378472E-3
3.1142007007E+0	1.2813463449E+0	1.1939554970E-3
3.1153817567E+0	1.2261098851E+0	1.1681531941E-3
3.1165370006E+0	1.1720791886E+0	1.1423313699E-3
3.1176664131E+0	1.1192553140E+0	1.1164904558E-3
3.1187699753E+0	1.0676392895E+0	1.0906308836E-3
3.1198476688E+0	1.0172321133E+0	1.0647530855E-3
3.1208994755E+0	9.6803475430E-1	1.0388574939E-3
3.1219253780E+0	9.2004815216E-1	1.0129445417E-3
3.1229253590E+0	8.7327321794E-1	9.8701466182E-4
3.1238994018E+0	8.2771083438E-1	9.6106828758E-4
3.1248474902E+0	7.8336185632E-1	9.3510585261E-4
3.1257696083E+0	7.4022711107E-1	9.0912779076E-4
3.1266657407E+0	6.9830739878E-1	8.8313453619E-4
3.1275358724E+0	6.5760349277E-1	8.5712652325E-4
3.1283799890E+0	6.1811613994E-1	8.3110418659E-4
3.1291980762E+0	5.7984606105E-1	8.0506796108E-4
3.1299901204E+0	5.4279395106E-1	7.7901828182E-4
3.1307561084E+0	5.0696047948E-1	7.5295558414E-4
3.1314960274E+0	4.7234629064E-1	7.2688030358E-4
3.1322098650E+0	4.3895200403E-1	7.0079287589E-4
3.1328976092E+0	4.0677821457E-1	6.7469373705E-4
3.1335592487E+0	3.7582549288E-1	6.4858332323E-4
3.1341947723E+0	3.4609438559E-1	6.2246207073E-4
3.1348041694E+0	3.1758541556E-1	5.9633041614E-4
3.1353874298E+0	2.9029908216E-1	5.7018879612E-4
3.1359445438E+0	2.6423586151E-1	5.4403764760E-4
3.1364755020E+0	2.3939620670E-1	5.1787740760E-4
3.1369802957E+0	2.1578054801E-1	4.9170851331E-4
3.1374589163E+0	1.9338929315E-1	4.6553140213E-4
3.1379113559E+0	1.7222282742E-1	4.3934651156E-4
3.1383376069E+0	1.5228151394E-1	4.1315427928E-4
3.1387376622E+0	1.3356569382E-1	3.8695514312E-4
3.1391115150E+0	1.1607568629E-1	3.6074954110E-4
3.1394591592E+0	9.9811788911E-2	3.3453791144E-4
3.1397805890E+0	8.4774277708E-2	3.0832069259E-4
3.1400757989E+0	7.0963407275E-2	2.8209832342E-4
3.1403447841E+0	5.8379410911E-2	2.5587124334E-4
3.1405875400E+0	4.7022500697E-2	2.2963989267E-4
3.1408040626E+0	3.6892867554E-2	2.0340471372E-4
3.1409943483E+0	2.7990681206E-2	1.7716615272E-4
3.1411583939E+0	2.0316089982E-2	1.5092466531E-4
3.1412961968E+0	1.3869220148E-2	1.2468073282E-4
3.1414077547E+0	8.6501737290E-3	9.8434919423E-5
3.1414930663E+0	4.6590201365E-3	7.2188137769E-5
3.1415521316E+0	1.8957509563E-3	4.5943520243E-5
3.1415849628E+0	3.5979863223E-4	1.9736940383E-5