# Differential cross section		
# Author: P. Swaczyna	Princeton University	(swaczyna@princeton.edu)
# Date: 	Fri 4 Dec 2020 10:38:45	
# 		
# Elastic collision: He^0 + He^0 -> He^0 + He^0		
# 		
# Red. mass: 	1.8642000787E+9	 eV/c^2
# CM energy: 	1.2302687708E-2	 eV
# Rel speed: 	1.0891543736E+5	 cm/s
# Tot sigma: 	1.4837550004E+2	 a.u.
# Int sigma: 	1.4837550004E+2	 a.u.
# 		
# Columns:		
# the <- scattering angle (rad)		
# dcs <- dsigma/dOmega*2*pi*sin(the) (a.u. = 2.8002852056E-17 cm^2)		
# wei <- weight for cross section integration (approx. width of angle bin)		
# 		
# the	dcs	wei
7.6907532846E-6	2.6069698665E-2	1.9736940383E-5
4.0521979771E-5	1.3735920638E-1	4.5943520243E-5
9.9587300392E-5	3.3757556522E-1	7.2188137769E-5
1.8489884726E-4	6.2675965260E-1	9.8434919423E-5
2.9645680168E-4	1.0049113886E+0	1.2468073282E-4
4.3425968311E-4	1.4720242453E+0	1.5092466531E-4
5.9830531657E-4	2.0280880450E+0	1.7716615272E-4
7.8859101285E-4	2.6730889781E+0	2.0340471372E-4
1.0051136166E-3	3.4070090589E+0	2.2963989267E-4
1.2478695220E-3	4.2298253612E+0	2.5587124334E-4
1.5168546797E-3	5.1415091087E+0	2.8209832342E-4
1.8120645986E-3	6.1420246405E+0	3.0832069259E-4
2.1334943481E-3	7.2313282622E+0	3.3453791144E-4
2.4811385584E-3	8.4093669817E+0	3.6074954110E-4
2.8549914211E-3	9.6760771348E+0	3.8695514312E-4
3.2550466893E-3	1.1031382900E+1	4.1315427928E-4
3.6812976783E-3	1.2475194702E+1	4.3934651156E-4
4.1337372652E-3	1.4007407510E+1	4.6553140213E-4
4.6123578895E-3	1.5627899024E+1	4.9170851331E-4
5.1171515529E-3	1.7336527759E+1	5.1787740760E-4
5.6481098199E-3	1.9133131020E+1	5.4403764760E-4
6.2052238176E-3	2.1017522775E+1	5.7018879612E-4
6.7884842360E-3	2.2989491423E+1	5.9633041614E-4
7.3978813281E-3	2.5048797468E+1	6.2246207073E-4
8.0334049101E-3	2.7195171086E+1	6.4858332323E-4
8.6950443616E-3	2.9428309599E+1	6.7469373705E-4
9.3827886258E-3	3.1747874856E+1	7.0079287589E-4
1.0096626210E-2	3.4153490521E+1	7.2688030358E-4
1.0836545184E-2	3.6644739274E+1	7.5295558414E-4
1.1602533184E-2	3.9221159922E+1	7.7901828182E-4
1.2394577408E-2	4.1882244436E+1	8.0506796108E-4
1.3212664621E-2	4.4627434903E+1	8.3110418659E-4
1.4056781152E-2	4.7456120408E+1	8.5712652325E-4
1.4926912893E-2	5.0367633847E+1	8.8313453619E-4
1.5823045305E-2	5.3361248676E+1	9.0912779076E-4
1.6745163410E-2	5.6436175599E+1	9.3510585261E-4
1.7693251801E-2	5.9591559206E+1	9.6106828758E-4
1.8667294632E-2	6.2826474566E+1	9.8701466182E-4
1.9667275626E-2	6.6139923777E+1	1.0129445417E-3
2.0693178073E-2	6.9530832484E+1	1.0388574939E-3
2.1744984827E-2	7.2998046376E+1	1.0647530855E-3
2.2822678313E-2	7.6540327665E+1	1.0906308836E-3
2.3926240519E-2	8.0156351553E+1	1.1164904558E-3
2.5055653005E-2	8.3844702711E+1	1.1423313699E-3
2.6210896896E-2	8.7603871761E+1	1.1681531941E-3
2.7391952886E-2	9.1432251781E+1	1.1939554970E-3
2.8598801239E-2	9.5328134851E+1	1.2197378472E-3
2.9831421786E-2	9.9289708637E+1	1.2454998140E-3
3.1089793929E-2	1.0331505303E+2	1.2712409668E-3
3.2373896638E-2	1.0740213687E+2	1.2969608754E-3
3.3683708455E-2	1.1154881473E+2	1.3226591101E-3
3.5019207490E-2	1.1575282382E+2	1.3483352414E-3
3.6380371427E-2	1.2001178099E+2	1.3739888402E-3
3.7767177517E-2	1.2432317988E+2	1.3996194778E-3
3.9179602586E-2	1.2868438814E+2	1.4252267258E-3
4.0617623030E-2	1.3309264497E+2	1.4508101565E-3
4.2081214817E-2	1.3754505862E+2	1.4763693421E-3
4.3570353490E-2	1.4203860427E+2	1.5019038556E-3
4.5085014162E-2	1.4657012204E+2	1.5274132703E-3
4.6625171522E-2	1.5113631519E+2	1.5528971598E-3
4.8190799831E-2	1.5573374868E+2	1.5783550984E-3
4.9781872927E-2	1.6035884789E+2	1.6037866605E-3
5.1398364219E-2	1.6500789768E+2	1.6291914212E-3
5.3040246694E-2	1.6967704173E+2	1.6545689559E-3
5.4707492914E-2	1.7436228226E+2	1.6799188405E-3
5.6400075017E-2	1.7905948002E+2	1.7052406515E-3
5.8117964718E-2	1.8376435470E+2	1.7305339655E-3
5.9861133308E-2	1.8847248569E+2	1.7557983600E-3
6.1629551657E-2	1.9317931330E+2	1.7810334128E-3
6.3423190212E-2	1.9788014032E+2	1.8062387021E-3
6.5242019000E-2	2.0257013411E+2	1.8314138067E-3
6.7086007624E-2	2.0724432912E+2	1.8565583060E-3
6.8955125270E-2	2.1189762987E+2	1.8816717796E-3
7.0849340702E-2	2.1652481446E+2	1.9067538080E-3
7.2768622264E-2	2.2112053862E+2	1.9318039720E-3
7.4712937885E-2	2.2567934021E+2	1.9568218529E-3
7.6682255070E-2	2.3019564438E+2	1.9818070327E-3
7.8676540910E-2	2.3466376923E+2	2.0067590939E-3
8.0695762079E-2	2.3907793203E+2	2.0316776194E-3
8.2739884832E-2	2.4343225613E+2	2.0565621928E-3
8.4808875009E-2	2.4772077834E+2	2.0814123983E-3
8.6902698034E-2	2.5193745702E+2	2.1062278206E-3
8.9021318917E-2	2.5607618077E+2	2.1310080450E-3
9.1164702253E-2	2.6013077769E+2	2.1557526574E-3
9.3332812224E-2	2.6409502538E+2	2.1804612443E-3
9.5525612596E-2	2.6796266139E+2	2.2051333928E-3
9.7743066726E-2	2.7172739452E+2	2.2297686905E-3
9.9985137556E-2	2.7538291654E+2	2.2543667257E-3
1.0225178762E-1	2.7892291468E+2	2.2789270875E-3
1.0454297904E-1	2.8234108462E+2	2.3034493653E-3
1.0685867352E-1	2.8563114414E+2	2.3279331494E-3
1.0919883237E-1	2.8878684735E+2	2.3523780306E-3
1.1156341648E-1	2.9180199942E+2	2.3767836004E-3
1.1395238633E-1	2.9467047194E+2	2.4011494510E-3
1.1636570200E-1	2.9738621873E+2	2.4254751751E-3
1.1880332317E-1	2.9994329218E+2	2.4497603662E-3
1.2126520909E-1	3.0233585997E+2	2.4740046186E-3
1.2375131862E-1	3.0455822234E+2	2.4982075270E-3
1.2626161023E-1	3.0660482960E+2	2.5223686871E-3
1.2879604195E-1	3.0847030006E+2	2.5464876949E-3
1.3135457143E-1	3.1014943822E+2	2.5705641475E-3
1.3393715592E-1	3.1163725322E+2	2.5945976426E-3
1.3654375226E-1	3.1292897742E+2	2.6185877784E-3
1.3917431689E-1	3.1402008515E+2	2.6425341541E-3
1.4182880585E-1	3.1490631149E+2	2.6664363695E-3
1.4450717478E-1	3.1558367110E+2	2.6902940251E-3
1.4720937892E-1	3.1604847686E+2	2.7141067224E-3
1.4993537310E-1	3.1629735850E+2	2.7378740632E-3
1.5268511179E-1	3.1632728087E+2	2.7615956505E-3
1.5545854902E-1	3.1613556201E+2	2.7852710878E-3
1.5825563845E-1	3.1571989076E+2	2.8088999795E-3
1.6107633333E-1	3.1507834394E+2	2.8324819307E-3
1.6392058653E-1	3.1420940292E+2	2.8560165473E-3
1.6678835052E-1	3.1311196961E+2	2.8795034361E-3
1.6967957737E-1	3.1178538160E+2	2.9029422044E-3
1.7259421876E-1	3.1022942661E+2	2.9263324607E-3
1.7553222599E-1	3.0844435585E+2	2.9496738141E-3
1.7849354996E-1	3.0643089648E+2	2.9729658744E-3
1.8147814117E-1	3.0419026288E+2	2.9962082525E-3
1.8448594977E-1	3.0172416679E+2	3.0194005599E-3
1.8751692548E-1	2.9903482601E+2	3.0425424091E-3
1.9057101764E-1	2.9612497188E+2	3.0656334132E-3
1.9364817522E-1	2.9299785512E+2	3.0886731866E-3
1.9674834681E-1	2.8965725021E+2	3.1116613440E-3
1.9987148058E-1	2.8610745805E+2	3.1345975014E-3
2.0301752435E-1	2.8235330693E+2	3.1574812755E-3
2.0618642554E-1	2.7840015169E+2	3.1803122838E-3
2.0937813120E-1	2.7425387100E+2	3.2030901448E-3
2.1259258799E-1	2.6992086268E+2	3.2258144779E-3
2.1582974219E-1	2.6540803707E+2	3.2484849032E-3
2.1908953970E-1	2.6072280833E+2	3.2711010421E-3
2.2237192605E-1	2.5587308368E+2	3.2936625164E-3
2.2567684639E-1	2.5086725048E+2	3.3161689492E-3
2.2900424548E-1	2.4571416122E+2	3.3386199643E-3
2.3235406772E-1	2.4042311631E+2	3.3610151867E-3
2.3572625713E-1	2.3500384472E+2	3.3833542419E-3
2.3912075735E-1	2.2946648253E+2	3.4056367567E-3
2.4253751167E-1	2.2382154920E+2	3.4278623588E-3
2.4597646298E-1	2.1807992190E+2	3.4500306767E-3
2.4943755380E-1	2.1225280765E+2	3.4721413399E-3
2.5292072631E-1	2.0635171351E+2	3.4941939790E-3
2.5642592230E-1	2.0038841482E+2	3.5161882254E-3
2.5995308318E-1	1.9437492149E+2	3.5381237115E-3
2.6350215001E-1	1.8832344269E+2	3.5600000709E-3
2.6707306349E-1	1.8224634965E+2	3.5818169379E-3
2.7066576394E-1	1.7615613710E+2	3.6035739479E-3
2.7428019131E-1	1.7006538316E+2	3.6252707373E-3
2.7791628522E-1	1.6398670800E+2	3.6469069436E-3
2.8157398488E-1	1.5793273139E+2	3.6684822051E-3
2.8525322919E-1	1.5191602922E+2	3.6899961614E-3
2.8895395665E-1	1.4594908935E+2	3.7114484529E-3
2.9267610542E-1	1.4004426677E+2	3.7328387211E-3
2.9641961330E-1	1.3421373842E+2	3.7541666086E-3
3.0018441773E-1	1.2846945779E+2	3.7754317588E-3
3.0397045579E-1	1.2282310962E+2	3.7966338166E-3
3.0777766421E-1	1.1728606479E+2	3.8177724274E-3
3.1160597938E-1	1.1186933570E+2	3.8388472382E-3
3.1545533730E-1	1.0658353244E+2	3.8598578967E-3
3.1932567367E-1	1.0143881982E+2	3.8808040517E-3
3.2321692379E-1	9.6444875678E+1	3.9016853533E-3
3.2712902264E-1	9.1610850617E+1	3.9225014525E-3
3.3106190484E-1	8.6945329390E+1	3.9432520014E-3
3.3501550468E-1	8.2456294243E+1	3.9639366533E-3
3.3898975607E-1	7.8151090403E+1	3.9845550624E-3
3.4298459261E-1	7.4036393951E+1	4.0051068843E-3
3.4699994753E-1	7.0118182308E+1	4.0255917754E-3
3.5103575373E-1	6.6401707536E+1	4.0460093936E-3
3.5509194378E-1	6.2891472676E+1	4.0663593974E-3
3.5916844988E-1	5.9591211284E+1	4.0866414469E-3
3.6326520391E-1	5.6503870372E+1	4.1068552032E-3
3.6738213741E-1	5.3631596890E+1	4.1270003283E-3
3.7151918157E-1	5.0975727910E+1	4.1470764858E-3
3.7567626728E-1	4.8536784620E+1	4.1670833400E-3
3.7985332504E-1	4.6314470254E+1	4.1870205567E-3
3.8405028507E-1	4.4307672007E+1	4.2068878026E-3
3.8826707721E-1	4.2514467039E+1	4.2266847457E-3
3.9250363101E-1	4.0932132559E+1	4.2464110553E-3
3.9675987567E-1	3.9557160035E+1	4.2660664016E-3
4.0103574005E-1	3.8385273495E+1	4.2856504563E-3
4.0533115271E-1	3.7411451885E+1	4.3051628919E-3
4.0964604185E-1	3.6629955417E+1	4.3246033825E-3
4.1398033538E-1	3.6034355812E+1	4.3439716031E-3
4.1833396086E-1	3.5617570313E+1	4.3632672302E-3
4.2270684554E-1	3.5371899324E+1	4.3824899412E-3
4.2709891633E-1	3.5289067497E+1	4.4016394148E-3
4.3151009985E-1	3.5360268063E+1	4.4207153312E-3
4.3594032237E-1	3.5576210194E+1	4.4397173715E-3
4.4038950986E-1	3.5927169121E+1	4.4586452181E-3
4.4485758797E-1	3.6403038760E+1	4.4774985548E-3
4.4934448203E-1	3.6993386535E+1	4.4962770664E-3
4.5385011706E-1	3.7687510091E+1	4.5149804392E-3
4.5837441776E-1	3.8474495556E+1	4.5336083606E-3
4.6291730852E-1	3.9343277010E+1	4.5521605193E-3
4.6747871344E-1	4.0282696805E+1	4.5706366053E-3
4.7205855627E-1	4.1281566339E+1	4.5890363098E-3
4.7665676049E-1	4.2328726934E+1	4.6073593254E-3
4.8127324926E-1	4.3413110400E+1	4.6256053458E-3
4.8590794542E-1	4.4523798916E+1	4.6437740661E-3
4.9056077152E-1	4.5650083821E+1	4.6618651826E-3
4.9523164982E-1	4.6781522939E+1	4.6798783932E-3
4.9992050224E-1	4.7907996049E+1	4.6978133967E-3
5.0462725044E-1	4.9019758118E+1	4.7156698934E-3
5.0935181576E-1	5.0107489959E+1	4.7334475849E-3
5.1409411924E-1	5.1162345938E+1	4.7511461741E-3
5.1885408164E-1	5.2175998427E+1	4.7687653653E-3
5.2363162341E-1	5.3140678670E+1	4.7863048641E-3
5.2842666471E-1	5.4049213805E+1	4.8037643772E-3
5.3323912540E-1	5.4895059760E+1	4.8211436130E-3
5.3806892508E-1	5.5672329802E+1	4.8384422809E-3
5.4291598301E-1	5.6375818545E+1	4.8556600920E-3
5.4778021821E-1	5.7001021241E+1	4.8727967585E-3
5.5266154939E-1	5.7544148229E+1	4.8898519940E-3
5.5755989496E-1	5.8002134443E+1	4.9068255135E-3
5.6247517308E-1	5.8372643920E+1	4.9237170334E-3
5.6740730160E-1	5.8654069291E+1	4.9405262713E-3
5.7235619810E-1	5.8845526264E+1	4.9572529464E-3
5.7732177988E-1	5.8946843167E+1	4.9738967791E-3
5.8230396395E-1	5.8958545638E+1	4.9904574913E-3
5.8730266706E-1	5.8881836599E+1	5.0069348063E-3
5.9231780568E-1	5.8718571683E+1	5.0233284486E-3
5.9734929598E-1	5.8471230321E+1	5.0396381444E-3
6.0239705389E-1	5.8142882738E+1	5.0558636210E-3
6.0746099506E-1	5.7737153116E+1	5.0720046074E-3
6.1254103485E-1	5.7258179254E+1	5.0880608338E-3
6.1763708838E-1	5.6710569030E+1	5.1040320318E-3
6.2274907048E-1	5.6099354053E+1	5.1199179345E-3
6.2787689573E-1	5.5429940869E+1	5.1357182766E-3
6.3302047843E-1	5.4708060121E+1	5.1514327939E-3
6.3817973262E-1	5.3939714098E+1	5.1670612238E-3
6.4335457209E-1	5.3131123082E+1	5.1826033052E-3
6.4854491036E-1	5.2288670944E+1	5.1980587783E-3
6.5375066070E-1	5.1418850433E+1	5.2134273849E-3
6.5897173609E-1	5.0528208587E+1	5.2287088681E-3
6.6420804930E-1	4.9623292727E+1	5.2439029725E-3
6.6945951283E-1	4.8710597453E+1	5.2590094442E-3
6.7472603890E-1	4.7796513070E+1	5.2740280309E-3
6.8000753951E-1	4.6887275851E+1	5.2889584814E-3
6.8530392640E-1	4.5988920527E+1	5.3038005463E-3
6.9061511106E-1	4.5107235367E+1	5.3185539776E-3
6.9594100473E-1	4.4247720203E+1	5.3332185287E-3
7.0128151841E-1	4.3415547692E+1	5.3477939546E-3
7.0663656285E-1	4.2615528120E+1	5.3622800116E-3
7.1200604856E-1	4.1852077981E+1	5.3766764577E-3
7.1738988581E-1	4.1129192553E+1	5.3909830523E-3
7.2278798463E-1	4.0450422643E+1	5.4051995564E-3
7.2820025482E-1	3.9818855633E+1	5.4193257323E-3
7.3362660591E-1	3.9237100934E+1	5.4333613439E-3
7.3906694724E-1	3.8707279894E+1	5.4473061568E-3
7.4452118788E-1	3.8231020172E+1	5.4611599379E-3
7.4998923669E-1	3.7809454565E+1	5.4749224557E-3
7.5547100229E-1	3.7443224202E+1	5.4885934801E-3
7.6096639308E-1	3.7132486014E+1	5.5021727828E-3
7.6647531721E-1	3.6876924328E+1	5.5156601367E-3
7.7199768263E-1	3.6675766401E+1	5.5290553166E-3
7.7753339704E-1	3.6527801686E+1	5.5423580985E-3
7.8308236795E-1	3.6431404573E+1	5.5555682601E-3
7.8864450262E-1	3.6384560344E+1	5.5686855808E-3
7.9421970809E-1	3.6384894020E+1	5.5817098412E-3
7.9980789121E-1	3.6429701784E+1	5.5946408237E-3
8.0540895857E-1	3.6515984645E+1	5.6074783123E-3
8.1102281659E-1	3.6640483961E+1	5.6202220924E-3
8.1664937145E-1	3.6799718463E+1	5.6328719509E-3
8.2228852912E-1	3.6990022405E+1	5.6454276767E-3
8.2794019536E-1	3.7207584432E+1	5.6578890597E-3
8.3360427572E-1	3.7448486808E+1	5.6702558918E-3
8.3928067556E-1	3.7708744599E+1	5.6825279663E-3
8.4496930000E-1	3.7984344461E+1	5.6947050782E-3
8.5067005399E-1	3.8271282642E+1	5.7067870238E-3
8.5638284226E-1	3.8565601877E+1	5.7187736014E-3
8.6210756934E-1	3.8863426827E+1	5.7306646105E-3
8.6784413956E-1	3.9160997759E+1	5.7424598526E-3
8.7359245705E-1	3.9454702182E+1	5.7541591304E-3
8.7935242576E-1	3.9741104183E+1	5.7657622485E-3
8.8512394943E-1	4.0016971222E+1	5.7772690129E-3
8.9090693161E-1	4.0279298197E+1	5.7886792314E-3
8.9670127565E-1	4.0525328606E+1	5.7999927133E-3
9.0250688473E-1	4.0752572671E+1	5.8112092696E-3
9.0832366182E-1	4.0958822324E+1	5.8223287127E-3
9.1415150972E-1	4.1142162987E+1	5.8333508568E-3
9.1999033104E-1	4.1300982115E+1	5.8442755178E-3
9.2584002820E-1	4.1433974506E+1	5.8551025132E-3
9.3170050345E-1	4.1540144403E+1	5.8658316618E-3
9.3757165885E-1	4.1618804472E+1	5.8764627846E-3
9.4345339628E-1	4.1669571730E+1	5.8869957037E-3
9.4934561746E-1	4.1692360578E+1	5.8974302433E-3
9.5524822392E-1	4.1687373070E+1	5.9077662288E-3
9.6116111701E-1	4.1655086601E+1	5.9180034877E-3
9.6708419793E-1	4.1596239230E+1	5.9281418487E-3
9.7301736769E-1	4.1511812837E+1	5.9381811425E-3
9.7896052713E-1	4.1403014366E+1	5.9481212013E-3
9.8491357695E-1	4.1271255396E+1	5.9579618591E-3
9.9087641766E-1	4.1118130312E+1	5.9677029512E-3
9.9684894961E-1	4.0945393333E+1	5.9773443150E-3
1.0028310730E+0	4.0754934682E+1	5.9868857894E-3
1.0088226878E+0	4.0548756158E+1	5.9963272149E-3
1.0148236940E+0	4.0328946408E+1	6.0056684336E-3
1.0208339913E+0	4.0097656140E+1	6.0149092896E-3
1.0268534791E+0	3.9857073556E+1	6.0240496283E-3
1.0328820570E+0	3.9609400254E+1	6.0330892971E-3
1.0389196241E+0	3.9356827832E+1	6.0420281448E-3
1.0449660796E+0	3.9101515420E+1	6.0508660221E-3
1.0510213224E+0	3.8845568355E+1	6.0596027814E-3
1.0570852514E+0	3.8591018165E+1	6.0682382765E-3
1.0631577652E+0	3.8339804066E+1	6.0767723631E-3
1.0692387623E+0	3.8093756073E+1	6.0852048988E-3
1.0753281411E+0	3.7854579897E+1	6.0935357425E-3
1.0814257998E+0	3.7623843682E+1	6.1017647550E-3
1.0875316366E+0	3.7402966698E+1	6.1098917988E-3
1.0936455494E+0	3.7193210018E+1	6.1179167381E-3
1.0997674360E+0	3.6995669220E+1	6.1258394388E-3
1.1058971941E+0	3.6811269114E+1	6.1336597685E-3
1.1120347214E+0	3.6640760489E+1	6.1413775965E-3
1.1181799151E+0	3.6484718828E+1	6.1489927938E-3
1.1243326727E+0	3.6343544940E+1	6.1565052331E-3
1.1304928913E+0	3.6217467435E+1	6.1639147890E-3
1.1366604679E+0	3.6106546945E+1	6.1712213376E-3
1.1428352996E+0	3.6010681972E+1	6.1784247568E-3
1.1490172830E+0	3.5929616252E+1	6.1855249261E-3
1.1552063150E+0	3.5862947488E+1	6.1925217271E-3
1.1614022920E+0	3.5810137312E+1	6.1994150427E-3
1.1676051105E+0	3.5770522307E+1	6.2062047577E-3
1.1738146669E+0	3.5743325953E+1	6.2128907587E-3
1.1800308574E+0	3.5727671296E+1	6.2194729339E-3
1.1862535782E+0	3.5722594210E+1	6.2259511734E-3
1.1924827251E+0	3.5727057056E+1	6.2323253688E-3
1.1987181942E+0	3.5739962581E+1	6.2385954138E-3
1.2049598812E+0	3.5760167907E+1	6.2447612034E-3
1.2112076818E+0	3.5786498430E+1	6.2508226346E-3
1.2174614916E+0	3.5817761503E+1	6.2567796062E-3
1.2237212062E+0	3.5852759744E+1	6.2626320186E-3
1.2299867208E+0	3.5890303852E+1	6.2683797740E-3
1.2362579308E+0	3.5929224793E+1	6.2740227763E-3
1.2425347314E+0	3.5968385270E+1	6.2795609313E-3
1.2488170177E+0	3.6006690363E+1	6.2849941464E-3
1.2551046847E+0	3.6043097258E+1	6.2903223308E-3
1.2613976273E+0	3.6076624010E+1	6.2955453954E-3
1.2676957404E+0	3.6106357269E+1	6.3006632530E-3
1.2739989187E+0	3.6131458929E+1	6.3056758180E-3
1.2803070569E+0	3.6151171691E+1	6.3105830068E-3
1.2866200496E+0	3.6164823497E+1	6.3153847371E-3
1.2929377912E+0	3.6171830856E+1	6.3200809290E-3
1.2992601762E+0	3.6171701073E+1	6.3246715037E-3
1.3055870990E+0	3.6164033388E+1	6.3291563847E-3
1.3119184537E+0	3.6148519080E+1	6.3335354970E-3
1.3182541347E+0	3.6124940568E+1	6.3378087674E-3
1.3245940360E+0	3.6093169568E+1	6.3419761245E-3
1.3309380516E+0	3.6053164370E+1	6.3460374987E-3
1.3372860756E+0	3.6004966303E+1	6.3499928220E-3
1.3436380019E+0	3.5948695462E+1	6.3538420284E-3
1.3499937243E+0	3.5884545784E+1	6.3575850535E-3
1.3563531366E+0	3.5812779549E+1	6.3612218349E-3
1.3627161325E+0	3.5733721399E+1	6.3647523117E-3
1.3690826057E+0	3.5647751963E+1	6.3681764249E-3
1.3754524499E+0	3.5555301175E+1	6.3714941173E-3
1.3818255585E+0	3.5456841371E+1	6.3747053335E-3
1.3882018250E+0	3.5352880256E+1	6.3778100198E-3
1.3945811430E+0	3.5243953824E+1	6.3808081243E-3
1.4009634057E+0	3.5130619310E+1	6.3836995970E-3
1.4073485066E+0	3.5013448244E+1	6.3864843894E-3
1.4137363389E+0	3.4893019696E+1	6.3891624551E-3
1.4201267959E+0	3.4769913752E+1	6.3917337493E-3
1.4265197708E+0	3.4644705310E+1	6.3941982290E-3
1.4329151568E+0	3.4517958223E+1	6.3965558531E-3
1.4393128469E+0	3.4390219849E+1	6.3988065821E-3
1.4457127343E+0	3.4262016054E+1	6.4009503785E-3
1.4521147120E+0	3.4133846681E+1	6.4029872063E-3
1.4585186731E+0	3.4006181532E+1	6.4049170317E-3
1.4649245104E+0	3.3879456870E+1	6.4067398222E-3
1.4713321170E+0	3.3754072452E+1	6.4084555476E-3
1.4777413858E+0	3.3630389110E+1	6.4100641790E-3
1.4841522097E+0	3.3508726862E+1	6.4115656896E-3
1.4905644815E+0	3.3389363565E+1	6.4129600544E-3
1.4969780940E+0	3.3272534081E+1	6.4142472499E-3
1.5033929402E+0	3.3158429950E+1	6.4154272548E-3
1.5098089128E+0	3.3047199541E+1	6.4165000493E-3
1.5162259046E+0	3.2938948655E+1	6.4174656154E-3
1.5226438083E+0	3.2833741559E+1	6.4183239370E-3
1.5290625167E+0	3.2731602399E+1	6.4190749998E-3
1.5354819225E+0	3.2632516979E+1	6.4197187912E-3
1.5419019185E+0	3.2536434849E+1	6.4202553005E-3
1.5483223974E+0	3.2443271674E+1	6.4206845187E-3
1.5547432518E+0	3.2352911836E+1	6.4210064386E-3
1.5611643745E+0	3.2265211239E+1	6.4212210549E-3
1.5675856581E+0	3.2180000264E+1	6.4213283639E-3
1.5740069954E+0	3.2097086841E+1	6.4213283639E-3
1.5804282791E+0	3.2016259598E+1	6.4212210549E-3
1.5868494018E+0	3.1937291048E+1	6.4210064386E-3
1.5932702562E+0	3.1859940776E+1	6.4206845187E-3
1.5996907351E+0	3.1783958600E+1	6.4202553005E-3
1.6061107310E+0	3.1709087661E+1	6.4197187912E-3
1.6125301369E+0	3.1635067420E+1	6.4190749998E-3
1.6189488453E+0	3.1561636542E+1	6.4183239370E-3
1.6253667490E+0	3.1488535625E+1	6.4174656154E-3
1.6317837408E+0	3.1415509774E+1	6.4165000493E-3
1.6381997134E+0	3.1342310981E+1	6.4154272548E-3
1.6446145595E+0	3.1268700318E+1	6.4142472499E-3
1.6510281721E+0	3.1194449910E+1	6.4129600544E-3
1.6574404439E+0	3.1119344694E+1	6.4115656896E-3
1.6638512678E+0	3.1043183950E+1	6.4100641790E-3
1.6702605366E+0	3.0965782603E+1	6.4084555476E-3
1.6766681432E+0	3.0886972300E+1	6.4067398222E-3
1.6830739805E+0	3.0806602252E+1	6.4049170317E-3
1.6894779416E+0	3.0724539859E+1	6.4029872063E-3
1.6958799193E+0	3.0640671109E+1	6.4009503785E-3
1.7022798067E+0	3.0554900783E+1	6.3988065821E-3
1.7086774968E+0	3.0467152444E+1	6.3965558531E-3
1.7150728827E+0	3.0377368248E+1	6.3941982290E-3
1.7214658576E+0	3.0285508581E+1	6.3917337493E-3
1.7278563146E+0	3.0191551529E+1	6.3891624551E-3
1.7342441470E+0	3.0095492208E+1	6.3864843894E-3
1.7406292478E+0	2.9997341960E+1	6.3836995970E-3
1.7470115106E+0	2.9897127433E+1	6.3808081243E-3
1.7533908286E+0	2.9794889568E+1	6.3778100198E-3
1.7597670951E+0	2.9690682496E+1	6.3747053335E-3
1.7661402037E+0	2.9584572373E+1	6.3714941173E-3
1.7725100479E+0	2.9476636160E+1	6.3681764249E-3
1.7788765211E+0	2.9366960374E+1	6.3647523117E-3
1.7852395170E+0	2.9255639814E+1	6.3612218349E-3
1.7915989293E+0	2.9142776274E+1	6.3575850535E-3
1.7979546517E+0	2.9028477272E+1	6.3538420284E-3
1.8043065780E+0	2.8912854796E+1	6.3499928220E-3
1.8106546020E+0	2.8796024071E+1	6.3460374987E-3
1.8169986176E+0	2.8678102375E+1	6.3419761245E-3
1.8233385189E+0	2.8559207902E+1	6.3378087674E-3
1.8296741999E+0	2.8439458681E+1	6.3335354970E-3
1.8360055546E+0	2.8318971560E+1	6.3291563847E-3
1.8423324774E+0	2.8197861263E+1	6.3246715037E-3
1.8486548624E+0	2.8076239517E+1	6.3200809290E-3
1.8549726040E+0	2.7954214263E+1	6.3153847371E-3
1.8612855967E+0	2.7831888947E+1	6.3105830068E-3
1.8675937349E+0	2.7709361896E+1	6.3056758180E-3
1.8738969132E+0	2.7586725775E+1	6.3006632530E-3
1.8801950263E+0	2.7464067133E+1	6.2955453954E-3
1.8864879689E+0	2.7341466029E+1	6.2903223308E-3
1.8927756359E+0	2.7218995739E+1	6.2849941464E-3
1.8990579222E+0	2.7096722549E+1	6.2795609313E-3
1.9053347228E+0	2.6974705613E+1	6.2740227763E-3
1.9116059328E+0	2.6852996896E+1	6.2683797740E-3
1.9178714474E+0	2.6731641178E+1	6.2626320186E-3
1.9241311620E+0	2.6610676123E+1	6.2567796062E-3
1.9303849718E+0	2.6490132412E+1	6.2508226346E-3
1.9366327724E+0	2.6370033922E+1	6.2447612034E-3
1.9428744594E+0	2.6250397968E+1	6.2385954138E-3
1.9491099285E+0	2.6131235573E+1	6.2323253688E-3
1.9553390754E+0	2.6012551788E+1	6.2259511734E-3
1.9615617961E+0	2.5894346042E+1	6.2194729339E-3
1.9677779867E+0	2.5776612518E+1	6.2128907587E-3
1.9739875431E+0	2.5659340550E+1	6.2062047577E-3
1.9801903616E+0	2.5542515048E+1	6.1994150427E-3
1.9863863386E+0	2.5426116918E+1	6.1925217271E-3
1.9925753706E+0	2.5310123508E+1	6.1855249261E-3
1.9987573540E+0	2.5194509042E+1	6.1784247568E-3
2.0049321857E+0	2.5079245066E+1	6.1712213376E-3
2.0110997623E+0	2.4964300877E+1	6.1639147890E-3
2.0172599809E+0	2.4849643956E+1	6.1565052331E-3
2.0234127385E+0	2.4735240377E+1	6.1489927938E-3
2.0295579322E+0	2.4621055214E+1	6.1413775965E-3
2.0356954595E+0	2.4507052918E+1	6.1336597685E-3
2.0418252176E+0	2.4393197689E+1	6.1258394388E-3
2.0479471042E+0	2.4279453810E+1	6.1179167381E-3
2.0540610170E+0	2.4165785977E+1	6.1098917988E-3
2.0601668538E+0	2.4052159586E+1	6.1017647550E-3
2.0662645125E+0	2.3938541011E+1	6.0935357425E-3
2.0723538913E+0	2.3824897846E+1	6.0852048988E-3
2.0784348884E+0	2.3711199125E+1	6.0767723631E-3
2.0845074022E+0	2.3597415515E+1	6.0682382765E-3
2.0905713312E+0	2.3483519483E+1	6.0596027814E-3
2.0966265740E+0	2.3369485439E+1	6.0508660221E-3
2.1026730295E+0	2.3255289848E+1	6.0420281448E-3
2.1087105966E+0	2.3140911327E+1	6.0330892971E-3
2.1147391745E+0	2.3026330707E+1	6.0240496283E-3
2.1207586623E+0	2.2911531085E+1	6.0149092896E-3
2.1267689596E+0	2.2796497843E+1	6.0056684336E-3
2.1327699657E+0	2.2681218654E+1	5.9963272149E-3
2.1387615806E+0	2.2565683468E+1	5.9868857894E-3
2.1447437040E+0	2.2449884480E+1	5.9773443150E-3
2.1507162359E+0	2.2333816079E+1	5.9677029512E-3
2.1566790766E+0	2.2217474790E+1	5.9579618591E-3
2.1626321265E+0	2.2100859198E+1	5.9481212013E-3
2.1685752859E+0	2.1983969859E+1	5.9381811425E-3
2.1745084557E+0	2.1866809206E+1	5.9281418487E-3
2.1804315366E+0	2.1749381445E+1	5.9180034877E-3
2.1863444297E+0	2.1631692440E+1	5.9077662288E-3
2.1922470361E+0	2.1513749599E+1	5.8974302433E-3
2.1981392573E+0	2.1395561753E+1	5.8869957037E-3
2.2040209947E+0	2.1277139027E+1	5.8764627846E-3
2.2098921501E+0	2.1158492720E+1	5.8658316618E-3
2.2157526254E+0	2.1039635174E+1	5.8551025132E-3
2.2216023226E+0	2.0920579650E+1	5.8442755178E-3
2.2274411439E+0	2.0801340199E+1	5.8333508568E-3
2.2332689918E+0	2.0681931548E+1	5.8223287127E-3
2.2390857689E+0	2.0562368969E+1	5.8112092696E-3
2.2448913779E+0	2.0442668173E+1	5.7999927133E-3
2.2506857220E+0	2.0322845194E+1	5.7886792314E-3
2.2564687042E+0	2.0202916283E+1	5.7772690129E-3
2.2622402278E+0	2.0082897808E+1	5.7657622485E-3
2.2680001965E+0	1.9962806160E+1	5.7541591304E-3
2.2737485140E+0	1.9842657661E+1	5.7424598526E-3
2.2794850843E+0	1.9722468483E+1	5.7306646105E-3
2.2852098113E+0	1.9602254576E+1	5.7187736014E-3
2.2909225996E+0	1.9482031592E+1	5.7067870238E-3
2.2966233536E+0	1.9361814829E+1	5.6947050782E-3
2.3023119780E+0	1.9241619168E+1	5.6825279663E-3
2.3079883779E+0	1.9121459033E+1	5.6702558918E-3
2.3136524582E+0	1.9001348342E+1	5.6578890597E-3
2.3193041245E+0	1.8881300472E+1	5.6454276767E-3
2.3249432821E+0	1.8761328230E+1	5.6328719509E-3
2.3305698370E+0	1.8641443831E+1	5.6202220924E-3
2.3361836950E+0	1.8521658876E+1	5.6074783123E-3
2.3417847624E+0	1.8401984341E+1	5.5946408237E-3
2.3473729455E+0	1.8282430571E+1	5.5817098412E-3
2.3529481510E+0	1.8163007276E+1	5.5686855808E-3
2.3585102856E+0	1.8043723532E+1	5.5555682601E-3
2.3640592565E+0	1.7924587789E+1	5.5423580985E-3
2.3695949710E+0	1.7805607879E+1	5.5290553166E-3
2.3751173364E+0	1.7686791031E+1	5.5156601367E-3
2.3806262605E+0	1.7568143886E+1	5.5021727828E-3
2.3861216513E+0	1.7449672519E+1	5.4885934801E-3
2.3916034169E+0	1.7331382456E+1	5.4749224557E-3
2.3970714657E+0	1.7213278703E+1	5.4611599379E-3
2.4025257064E+0	1.7095365769E+1	5.4473061568E-3
2.4079660477E+0	1.6977647695E+1	5.4333613439E-3
2.4133923988E+0	1.6860128080E+1	5.4193257323E-3
2.4188046690E+0	1.6742810113E+1	5.4051995564E-3
2.4242027678E+0	1.6625696600E+1	5.3909830523E-3
2.4295866050E+0	1.6508789999E+1	5.3766764577E-3
2.4349560907E+0	1.6392092447E+1	5.3622800116E-3
2.4403111352E+0	1.6275605790E+1	5.3477939546E-3
2.4456516489E+0	1.6159331619E+1	5.3332185287E-3
2.4509775425E+0	1.6043271293E+1	5.3185539776E-3
2.4562887272E+0	1.5927425971E+1	5.3038005463E-3
2.4615851141E+0	1.5811796643E+1	5.2889584814E-3
2.4668666147E+0	1.5696384154E+1	5.2740280309E-3
2.4721331408E+0	1.5581189235E+1	5.2590094442E-3
2.4773846043E+0	1.5466212521E+1	5.2439029725E-3
2.4826209175E+0	1.5351454585E+1	5.2287088681E-3
2.4878419929E+0	1.5236915954E+1	5.2134273849E-3
2.4930477432E+0	1.5122597134E+1	5.1980587783E-3
2.4982380815E+0	1.5008498629E+1	5.1826033052E-3
2.5034129210E+0	1.4894620961E+1	5.1670612238E-3
2.5085721752E+0	1.4780964687E+1	5.1514327939E-3
2.5137157579E+0	1.4667530416E+1	5.1357182766E-3
2.5188435831E+0	1.4554318822E+1	5.1199179345E-3
2.5239555652E+0	1.4441330661E+1	5.1040320318E-3
2.5290516187E+0	1.4328566776E+1	5.0880608338E-3
2.5341316585E+0	1.4216028117E+1	5.0720046074E-3
2.5391955997E+0	1.4103715740E+1	5.0558636210E-3
2.5442433576E+0	1.3991630825E+1	5.0396381444E-3
2.5492748479E+0	1.3879774674E+1	5.0233284486E-3
2.5542899865E+0	1.3768148722E+1	5.0069348063E-3
2.5592886896E+0	1.3656754538E+1	4.9904574913E-3
2.5642708737E+0	1.3545593831E+1	4.9738967791E-3
2.5692364555E+0	1.3434668450E+1	4.9572529464E-3
2.5741853520E+0	1.3323980386E+1	4.9405262713E-3
2.5791174805E+0	1.3213531772E+1	4.9237170334E-3
2.5840327586E+0	1.3103324883E+1	4.9068255135E-3
2.5889311042E+0	1.2993362132E+1	4.8898519940E-3
2.5938124354E+0	1.2883646073E+1	4.8727967585E-3
2.5986766706E+0	1.2774179394E+1	4.8556600920E-3
2.6035237285E+0	1.2664964914E+1	4.8384422809E-3
2.6083535282E+0	1.2556005580E+1	4.8211436130E-3
2.6131659889E+0	1.2447304465E+1	4.8037643772E-3
2.6179610302E+0	1.2338864756E+1	4.7863048641E-3
2.6227385719E+0	1.2230689756E+1	4.7687653653E-3
2.6274985343E+0	1.2122782878E+1	4.7511461741E-3
2.6322408378E+0	1.2015147632E+1	4.7334475849E-3
2.6369654032E+0	1.1907787629E+1	4.7156698934E-3
2.6416721513E+0	1.1800706566E+1	4.6978133967E-3
2.6463610038E+0	1.1693908227E+1	4.6798783932E-3
2.6510318821E+0	1.1587396470E+1	4.6618651826E-3
2.6556847082E+0	1.1481175225E+1	4.6437740661E-3
2.6603194043E+0	1.1375248488E+1	4.6256053458E-3
2.6649358931E+0	1.1269620312E+1	4.6073593254E-3
2.6695340973E+0	1.1164294799E+1	4.5890363098E-3
2.6741139402E+0	1.1059276099E+1	4.5706366053E-3
2.6786753451E+0	1.0954568402E+1	4.5521605193E-3
2.6832182358E+0	1.0850175929E+1	4.5336083606E-3
2.6877425365E+0	1.0746102928E+1	4.5149804392E-3
2.6922481716E+0	1.0642353670E+1	4.4962770664E-3
2.6967350656E+0	1.0538932442E+1	4.4774985548E-3
2.7012031437E+0	1.0435843540E+1	4.4586452181E-3
2.7056523312E+0	1.0333091266E+1	4.4397173715E-3
2.7100825537E+0	1.0230679924E+1	4.4207153312E-3
2.7144937373E+0	1.0128613811E+1	4.4016394148E-3
2.7188858081E+0	1.0026897220E+1	4.3824899412E-3
2.7232586927E+0	9.9255344253E+0	4.3632672302E-3
2.7276123182E+0	9.8245296891E+0	4.3439716031E-3
2.7319466117E+0	9.7238872505E+0	4.3246033825E-3
2.7362615009E+0	9.6236113254E+0	4.3051628919E-3
2.7405569135E+0	9.5237061019E+0	4.2856504563E-3
2.7448327779E+0	9.4241757377E+0	4.2660664016E-3
2.7490890226E+0	9.3250243573E+0	4.2464110553E-3
2.7533255764E+0	9.2262560491E+0	4.2266847457E-3
2.7575423685E+0	9.1278748634E+0	4.2068878026E-3
2.7617393285E+0	9.0298848100E+0	4.1870205567E-3
2.7659163863E+0	8.9322898561E+0	4.1670833400E-3
2.7700734720E+0	8.8350939251E+0	4.1470764858E-3
2.7742105162E+0	8.7383008943E+0	4.1270003283E-3
2.7783274497E+0	8.6419145942E+0	4.1068552032E-3
2.7824242037E+0	8.5459388068E+0	4.0866414469E-3
2.7865007098E+0	8.4503772650E+0	4.0663593974E-3
2.7905568999E+0	8.3552336513E+0	4.0460093936E-3
2.7945927061E+0	8.2605115975E+0	4.0255917754E-3
2.7986080610E+0	8.1662146839E+0	4.0051068843E-3
2.8026028975E+0	8.0723464390E+0	3.9845550624E-3
2.8065771489E+0	7.9789103390E+0	3.9639366533E-3
2.8105307487E+0	7.8859098079E+0	3.9432520014E-3
2.8144636309E+0	7.7933482174E+0	3.9225014525E-3
2.8183757298E+0	7.7012288866E+0	3.9016853533E-3
2.8222669799E+0	7.6095550828E+0	3.8808040517E-3
2.8261373163E+0	7.5183300210E+0	3.8598578967E-3
2.8299866742E+0	7.4275568648E+0	3.8388472382E-3
2.8338149894E+0	7.3372387262E+0	3.8177724274E-3
2.8376221978E+0	7.2473786668E+0	3.7966338166E-3
2.8414082359E+0	7.1579796977E+0	3.7754317588E-3
2.8451730403E+0	7.0690447804E+0	3.7541666086E-3
2.8489165482E+0	6.9805768271E+0	3.7328387211E-3
2.8526386969E+0	6.8925787018E+0	3.7114484529E-3
2.8563394244E+0	6.8050532207E+0	3.6899961614E-3
2.8600186687E+0	6.7180031530E+0	3.6684822051E-3
2.8636763684E+0	6.6314312216E+0	3.6469069436E-3
2.8673124623E+0	6.5453401040E+0	3.6252707373E-3
2.8709268897E+0	6.4597324332E+0	3.6035739479E-3
2.8745195901E+0	6.3746107981E+0	3.5818169379E-3
2.8780905036E+0	6.2899777449E+0	3.5600000709E-3
2.8816395704E+0	6.2058357772E+0	3.5381237115E-3
2.8851667313E+0	6.1221873577E+0	3.5161882254E-3
2.8886719273E+0	6.0390349084E+0	3.4941939790E-3
2.8921550998E+0	5.9563808116E+0	3.4721413399E-3
2.8956161906E+0	5.8742274109E+0	3.4500306767E-3
2.8990551419E+0	5.7925770118E+0	3.4278623588E-3
2.9024718962E+0	5.7114318826E+0	3.4056367567E-3
2.9058663965E+0	5.6307942552E+0	3.3833542419E-3
2.9092385859E+0	5.5506663261E+0	3.3610151867E-3
2.9125884081E+0	5.4710502568E+0	3.3386199643E-3
2.9159158072E+0	5.3919481748E+0	3.3161689492E-3
2.9192207275E+0	5.3133621743E+0	3.2936625164E-3
2.9225031139E+0	5.2352943171E+0	3.2711010421E-3
2.9257629114E+0	5.1577466328E+0	3.2484849032E-3
2.9290000656E+0	5.0807211202E+0	3.2258144779E-3
2.9322145224E+0	5.0042197475E+0	3.2030901448E-3
2.9354062280E+0	4.9282444532E+0	3.1803122838E-3
2.9385751292E+0	4.8527971464E+0	3.1574812755E-3
2.9417211730E+0	4.7778797079E+0	3.1345975014E-3
2.9448443068E+0	4.7034939904E+0	3.1116613440E-3
2.9479444784E+0	4.6296418194E+0	3.0886731866E-3
2.9510216360E+0	4.5563249935E+0	3.0656334132E-3
2.9540757281E+0	4.4835452850E+0	3.0425424091E-3
2.9571067038E+0	4.4113044406E+0	3.0194005599E-3
2.9601145124E+0	4.3396041816E+0	2.9962082525E-3
2.9630991036E+0	4.2684462049E+0	2.9729658744E-3
2.9660604276E+0	4.1978321828E+0	2.9496738141E-3
2.9689984348E+0	4.1277637640E+0	2.9263324607E-3
2.9719130762E+0	4.0582425737E+0	2.9029422044E-3
2.9748043031E+0	3.9892702141E+0	2.8795034361E-3
2.9776720671E+0	3.9208482651E+0	2.8560165473E-3
2.9805163203E+0	3.8529782842E+0	2.8324819307E-3
2.9833370151E+0	3.7856618071E+0	2.8088999795E-3
2.9861341046E+0	3.7189003482E+0	2.7852710878E-3
2.9889075418E+0	3.6526954007E+0	2.7615956505E-3
2.9916572805E+0	3.5870484370E+0	2.7378740632E-3
2.9943832747E+0	3.5219609091E+0	2.7141067224E-3
2.9970854788E+0	3.4574342488E+0	2.6902940251E-3
2.9997638477E+0	3.3934698680E+0	2.6664363695E-3
3.0024183367E+0	3.3300691591E+0	2.6425341541E-3
3.0050489013E+0	3.2672334951E+0	2.6185877784E-3
3.0076554977E+0	3.2049642300E+0	2.5945976426E-3
3.0102380822E+0	3.1432626988E+0	2.5705641475E-3
3.0127966116E+0	3.0821302180E+0	2.5464876949E-3
3.0153310434E+0	3.0215680859E+0	2.5223686871E-3
3.0178413350E+0	2.9615775825E+0	2.4982075270E-3
3.0203274445E+0	2.9021599698E+0	2.4740046186E-3
3.0227893304E+0	2.8433164921E+0	2.4497603662E-3
3.0252269516E+0	2.7850483764E+0	2.4254751751E-3
3.0276402673E+0	2.7273568320E+0	2.4011494510E-3
3.0300292371E+0	2.6702430512E+0	2.3767836004E-3
3.0323938212E+0	2.6137082093E+0	2.3523780306E-3
3.0347339801E+0	2.5577534649E+0	2.3279331494E-3
3.0370496746E+0	2.5023799596E+0	2.3034493653E-3
3.0393408660E+0	2.4475888189E+0	2.2789270875E-3
3.0416075160E+0	2.3933811517E+0	2.2543667257E-3
3.0438495869E+0	2.3397580507E+0	2.2297686905E-3
3.0460670410E+0	2.2867205927E+0	2.2051333928E-3
3.0482598414E+0	2.2342698384E+0	2.1804612443E-3
3.0504279513E+0	2.1824068328E+0	2.1557526574E-3
3.0525713347E+0	2.1311326054E+0	2.1310080450E-3
3.0546899556E+0	2.0804481699E+0	2.1062278206E-3
3.0567837786E+0	2.0303545249E+0	2.0814123983E-3
3.0588527688E+0	1.9808526534E+0	2.0565621928E-3
3.0608968915E+0	1.9319435236E+0	2.0316776194E-3
3.0629161127E+0	1.8836280885E+0	2.0067590939E-3
3.0649103985E+0	1.8359072861E+0	1.9818070327E-3
3.0668797157E+0	1.7887820398E+0	1.9568218529E-3
3.0688240313E+0	1.7422532581E+0	1.9318039720E-3
3.0707433129E+0	1.6963218351E+0	1.9067538080E-3
3.0726375283E+0	1.6509886504E+0	1.8816717796E-3
3.0745066460E+0	1.6062545690E+0	1.8565583060E-3
3.0763506346E+0	1.5621204419E+0	1.8314138067E-3
3.0781694634E+0	1.5185871057E+0	1.8062387021E-3
3.0799631019E+0	1.4756553833E+0	1.7810334128E-3
3.0817315203E+0	1.4333260831E+0	1.7557983600E-3
3.0834746889E+0	1.3916000000E+0	1.7305339655E-3
3.0851925786E+0	1.3504779149E+0	1.7052406515E-3
3.0868851607E+0	1.3099605953E+0	1.6799188405E-3
3.0885524069E+0	1.2700487948E+0	1.6545689559E-3
3.0901942894E+0	1.2307432535E+0	1.6291914212E-3
3.0918107807E+0	1.1920446982E+0	1.6037866605E-3
3.0934018538E+0	1.1539538423E+0	1.5783550984E-3
3.0949674821E+0	1.1164713860E+0	1.5528971598E-3
3.0965076394E+0	1.0795980163E+0	1.5274132703E-3
3.0980223001E+0	1.0433344070E+0	1.5019038556E-3
3.0995114388E+0	1.0076812190E+0	1.4763693421E-3
3.1009750306E+0	9.7263910038E-1	1.4508101565E-3
3.1024130510E+0	9.3820868612E-1	1.4252267258E-3
3.1038254761E+0	9.0439059861E-1	1.3996194778E-3
3.1052122822E+0	8.7118544749E-1	1.3739888402E-3
3.1065734461E+0	8.3859382978E-1	1.3483352414E-3
3.1079089451E+0	8.0661632999E-1	1.3226591101E-3
3.1092187570E+0	7.7525352011E-1	1.2969608754E-3
3.1105028597E+0	7.4450595977E-1	1.2712409668E-3
3.1117612318E+0	7.1437419627E-1	1.2454998140E-3
3.1129938524E+0	6.8485876462E-1	1.2197378472E-3
3.1142007007E+0	6.5596018767E-1	1.1939554970E-3
3.1153817567E+0	6.2767897613E-1	1.1681531941E-3
3.1165370006E+0	6.0001562868E-1	1.1423313699E-3
3.1176664131E+0	5.7297063197E-1	1.1164904558E-3
3.1187699753E+0	5.4654446075E-1	1.0906308836E-3
3.1198476688E+0	5.2073757788E-1	1.0647530855E-3
3.1208994755E+0	4.9555043444E-1	1.0388574939E-3
3.1219253780E+0	4.7098346974E-1	1.0129445417E-3
3.1229253590E+0	4.4703711141E-1	9.8701466182E-4
3.1238994018E+0	4.2371177546E-1	9.6106828758E-4
3.1248474902E+0	4.0100786630E-1	9.3510585261E-4
3.1257696083E+0	3.7892577684E-1	9.0912779076E-4
3.1266657407E+0	3.5746588851E-1	8.8313453619E-4
3.1275358724E+0	3.3662857134E-1	8.5712652325E-4
3.1283799890E+0	3.1641418398E-1	8.3110418659E-4
3.1291980762E+0	2.9682307376E-1	8.0506796108E-4
3.1299901204E+0	2.7785557675E-1	7.7901828182E-4
3.1307561084E+0	2.5951201779E-1	7.5295558414E-4
3.1314960274E+0	2.4179271056E-1	7.2688030358E-4
3.1322098650E+0	2.2469795759E-1	7.0079287589E-4
3.1328976092E+0	2.0822805032E-1	6.7469373705E-4
3.1335592487E+0	1.9238326914E-1	6.4858332323E-4
3.1341947723E+0	1.7716388344E-1	6.2246207073E-4
3.1348041694E+0	1.6257015162E-1	5.9633041614E-4
3.1353874298E+0	1.4860232115E-1	5.7018879612E-4
3.1359445438E+0	1.3526062859E-1	5.4403764760E-4
3.1364755020E+0	1.2254529966E-1	5.1787740760E-4
3.1369802957E+0	1.1045654921E-1	4.9170851331E-4
3.1374589163E+0	9.8994581301E-2	4.6553140213E-4
3.1379113559E+0	8.8159589215E-2	4.3934651156E-4
3.1383376069E+0	7.7951755483E-2	4.1315427928E-4
3.1387376622E+0	6.8371251914E-2	3.8695514312E-4
3.1391115150E+0	5.9418239615E-2	3.6074954110E-4
3.1394591592E+0	5.1092869016E-2	3.3453791144E-4
3.1397805890E+0	4.3395279886E-2	3.0832069259E-4
3.1400757989E+0	3.6325601349E-2	2.8209832342E-4
3.1403447841E+0	2.9883951898E-2	2.5587124334E-4
3.1405875400E+0	2.4070439388E-2	2.2963989267E-4
3.1408040626E+0	1.8885161030E-2	2.0340471372E-4
3.1409943483E+0	1.4328203335E-2	1.7716615272E-4
3.1411583939E+0	1.0399641979E-2	1.5092466531E-4
3.1412961968E+0	7.0995414340E-3	1.2468073282E-4
3.1414077547E+0	4.4279538298E-3	9.8434919423E-5
3.1414930663E+0	2.3849146448E-3	7.2188137769E-5
3.1415521316E+0	9.7041954795E-4	4.5943520243E-5
3.1415849628E+0	1.8417800335E-4	1.9736940383E-5