# Differential cross section		
# Author: P. Swaczyna	Princeton University	(swaczyna@princeton.edu)
# Date: 	Fri 4 Dec 2020 10:39:16	
# 		
# Elastic collision: He^0 + He^0 -> He^0 + He^0		
# 		
# Red. mass: 	1.8642000787E+9	 eV/c^2
# CM energy: 	3.2359365693E-2	 eV
# Rel speed: 	1.7664015607E+5	 cm/s
# Tot sigma: 	1.4145750118E+2	 a.u.
# Int sigma: 	1.4145750118E+2	 a.u.
# 		
# Columns:		
# the <- scattering angle (rad)		
# dcs <- dsigma/dOmega*2*pi*sin(the) (a.u. = 2.8002852056E-17 cm^2)		
# wei <- weight for cross section integration (approx. width of angle bin)		
# 		
# the	dcs	wei
7.6907532846E-6	6.0446935449E-2	1.9736940383E-5
4.0521979771E-5	3.1849016671E-1	4.5943520243E-5
9.9587300392E-5	7.8272489542E-1	7.2188137769E-5
1.8489884726E-4	1.4532450355E+0	9.8434919423E-5
2.9645680168E-4	2.3300479672E+0	1.2468073282E-4
4.3425968311E-4	3.4131132634E+0	1.5092466531E-4
5.9830531657E-4	4.7024074934E+0	1.7716615272E-4
7.8859101285E-4	6.1978821824E+0	2.0340471372E-4
1.0051136166E-3	7.8994700760E+0	2.2963989267E-4
1.2478695220E-3	9.8070804980E+0	2.5587124334E-4
1.5168546797E-3	1.1920593979E+1	2.8209832342E-4
1.8120645986E-3	1.4239856209E+1	3.0832069259E-4
2.1334943481E-3	1.6764671329E+1	3.3453791144E-4
2.4811385584E-3	1.9494794580E+1	3.6074954110E-4
2.8549914211E-3	2.2429924303E+1	3.8695514312E-4
3.2550466893E-3	2.5569693316E+1	4.1315427928E-4
3.6812976783E-3	2.8913659655E+1	4.3934651156E-4
4.1337372652E-3	3.2461296708E+1	4.6553140213E-4
4.6123578895E-3	3.6211982729E+1	4.9170851331E-4
5.1171515529E-3	4.0164989770E+1	5.1787740760E-4
5.6481098199E-3	4.4319472023E+1	5.4403764760E-4
6.2052238176E-3	4.8674453596E+1	5.7018879612E-4
6.7884842360E-3	5.3228815744E+1	5.9633041614E-4
7.3978813281E-3	5.7981283574E+1	6.2246207073E-4
8.0334049101E-3	6.2930412235E+1	6.4858332323E-4
8.6950443616E-3	6.8074572644E+1	6.7469373705E-4
9.3827886258E-3	7.3411936756E+1	7.0079287589E-4
1.0096626210E-2	7.8940462413E+1	7.2688030358E-4
1.0836545184E-2	8.4657877829E+1	7.5295558414E-4
1.1602533184E-2	9.0561665721E+1	7.7901828182E-4
1.2394577408E-2	9.6649047154E+1	8.0506796108E-4
1.3212664621E-2	1.0291696514E+2	8.3110418659E-4
1.4056781152E-2	1.0936206806E+2	8.5712652325E-4
1.4926912893E-2	1.1598069291E+2	8.8313453619E-4
1.5823045305E-2	1.2276884853E+2	9.0912779076E-4
1.6745163410E-2	1.2972219884E+2	9.3510585261E-4
1.7693251801E-2	1.3683604606E+2	9.6106828758E-4
1.8667294632E-2	1.4410531420E+2	9.8701466182E-4
1.9667275626E-2	1.5152453273E+2	1.0129445417E-3
2.0693178073E-2	1.5908782055E+2	1.0388574939E-3
2.1744984827E-2	1.6678887050E+2	1.0647530855E-3
2.2822678313E-2	1.7462093427E+2	1.0906308836E-3
2.3926240519E-2	1.8257680802E+2	1.1164904558E-3
2.5055653005E-2	1.9064881877E+2	1.1423313699E-3
2.6210896896E-2	1.9882881160E+2	1.1681531941E-3
2.7391952886E-2	2.0710813792E+2	1.1939554970E-3
2.8598801239E-2	2.1547764481E+2	1.2197378472E-3
2.9831421786E-2	2.2392766566E+2	1.2454998140E-3
3.1089793929E-2	2.3244801222E+2	1.2712409668E-3
3.2373896638E-2	2.4102796818E+2	1.2969608754E-3
3.3683708455E-2	2.4965628445E+2	1.3226591101E-3
3.5019207490E-2	2.5832117628E+2	1.3483352414E-3
3.6380371427E-2	2.6701032245E+2	1.3739888402E-3
3.7767177517E-2	2.7571086651E+2	1.3996194778E-3
3.9179602586E-2	2.8440942040E+2	1.4252267258E-3
4.0617623030E-2	2.9309207056E+2	1.4508101565E-3
4.2081214817E-2	3.0174438657E+2	1.4763693421E-3
4.3570353490E-2	3.1035143270E+2	1.5019038556E-3
4.5085014162E-2	3.1889778223E+2	1.5274132703E-3
4.6625171522E-2	3.2736753498E+2	1.5528971598E-3
4.8190799831E-2	3.3574433795E+2	1.5783550984E-3
4.9781872927E-2	3.4401140937E+2	1.6037866605E-3
5.1398364219E-2	3.5215156612E+2	1.6291914212E-3
5.3040246694E-2	3.6014725478E+2	1.6545689559E-3
5.4707492914E-2	3.6798058634E+2	1.6799188405E-3
5.6400075017E-2	3.7563337466E+2	1.7052406515E-3
5.8117964718E-2	3.8308717868E+2	1.7305339655E-3
5.9861133308E-2	3.9032334859E+2	1.7557983600E-3
6.1629551657E-2	3.9732307579E+2	1.7810334128E-3
6.3423190212E-2	4.0406744684E+2	1.8062387021E-3
6.5242019000E-2	4.1053750123E+2	1.8314138067E-3
6.7086007624E-2	4.1671429297E+2	1.8565583060E-3
6.8955125270E-2	4.2257895598E+2	1.8816717796E-3
7.0849340702E-2	4.2811277313E+2	1.9067538080E-3
7.2768622264E-2	4.3329724881E+2	1.9318039720E-3
7.4712937885E-2	4.3811418480E+2	1.9568218529E-3
7.6682255070E-2	4.4254575942E+2	1.9818070327E-3
7.8676540910E-2	4.4657460945E+2	2.0067590939E-3
8.0695762079E-2	4.5018391486E+2	2.0316776194E-3
8.2739884832E-2	4.5335748570E+2	2.0565621928E-3
8.4808875009E-2	4.5607985114E+2	2.0814123983E-3
8.6902698034E-2	4.5833634996E+2	2.1062278206E-3
8.9021318917E-2	4.6011322230E+2	2.1310080450E-3
9.1164702253E-2	4.6139770202E+2	2.1557526574E-3
9.3332812224E-2	4.6217810935E+2	2.1804612443E-3
9.5525612596E-2	4.6244394303E+2	2.2051333928E-3
9.7743066726E-2	4.6218597164E+2	2.2297686905E-3
9.9985137556E-2	4.6139632324E+2	2.2543667257E-3
1.0225178762E-1	4.6006857293E+2	2.2789270875E-3
1.0454297904E-1	4.5819782739E+2	2.3034493653E-3
1.0685867352E-1	4.5578080590E+2	2.3279331494E-3
1.0919883237E-1	4.5281591696E+2	2.3523780306E-3
1.1156341648E-1	4.4930332997E+2	2.3767836004E-3
1.1395238633E-1	4.4524504091E+2	2.4011494510E-3
1.1636570200E-1	4.4064493155E+2	2.4254751751E-3
1.1880332317E-1	4.3550882127E+2	2.4497603662E-3
1.2126520909E-1	4.2984451072E+2	2.4740046186E-3
1.2375131862E-1	4.2366181663E+2	2.4982075270E-3
1.2626161023E-1	4.1697259707E+2	2.5223686871E-3
1.2879604195E-1	4.0979076632E+2	2.5464876949E-3
1.3135457143E-1	4.0213229881E+2	2.5705641475E-3
1.3393715592E-1	3.9401522148E+2	2.5945976426E-3
1.3654375226E-1	3.8545959396E+2	2.6185877784E-3
1.3917431689E-1	3.7648747605E+2	2.6425341541E-3
1.4182880585E-1	3.6712288218E+2	2.6664363695E-3
1.4450717478E-1	3.5739172224E+2	2.6902940251E-3
1.4720937892E-1	3.4732172886E+2	2.7141067224E-3
1.4993537310E-1	3.3694237059E+2	2.7378740632E-3
1.5268511179E-1	3.2628475122E+2	2.7615956505E-3
1.5545854902E-1	3.1538149508E+2	2.7852710878E-3
1.5825563845E-1	3.0426661856E+2	2.8088999795E-3
1.6107633333E-1	2.9297538817E+2	2.8324819307E-3
1.6392058653E-1	2.8154416545E+2	2.8560165473E-3
1.6678835052E-1	2.7001023939E+2	2.8795034361E-3
1.6967957737E-1	2.5841164692E+2	2.9029422044E-3
1.7259421876E-1	2.4678698251E+2	2.9263324607E-3
1.7553222599E-1	2.3517519757E+2	2.9496738141E-3
1.7849354996E-1	2.2361539100E+2	2.9729658744E-3
1.8147814117E-1	2.1214659199E+2	2.9962082525E-3
1.8448594977E-1	2.0080753654E+2	3.0194005599E-3
1.8751692548E-1	1.8963643911E+2	3.0425424091E-3
1.9057101764E-1	1.7867076108E+2	3.0656334132E-3
1.9364817522E-1	1.6794697781E+2	3.0886731866E-3
1.9674834681E-1	1.5750034596E+2	3.1116613440E-3
1.9987148058E-1	1.4736467320E+2	3.1345975014E-3
2.0301752435E-1	1.3757209210E+2	3.1574812755E-3
2.0618642554E-1	1.2815284037E+2	3.1803122838E-3
2.0937813120E-1	1.1913504942E+2	3.2030901448E-3
2.1259258799E-1	1.1054454346E+2	3.2258144779E-3
2.1582974219E-1	1.0240465100E+2	3.2484849032E-3
2.1908953970E-1	9.4736031050E+1	3.2711010421E-3
2.2237192605E-1	8.7556515767E+1	3.2936625164E-3
2.2567684639E-1	8.0880971654E+1	3.3161689492E-3
2.2900424548E-1	7.4721180983E+1	3.3386199643E-3
2.3235406772E-1	6.9085745192E+1	3.3610151867E-3
2.3572625713E-1	6.3980011751E+1	3.3833542419E-3
2.3912075735E-1	5.9406025852E+1	3.4056367567E-3
2.4253751167E-1	5.5362508066E+1	3.4278623588E-3
2.4597646298E-1	5.1844858885E+1	3.4500306767E-3
2.4943755380E-1	4.8845190829E+1	3.4721413399E-3
2.5292072631E-1	4.6352388524E+1	3.4941939790E-3
2.5642592230E-1	4.4352196904E+1	3.5161882254E-3
2.5995308318E-1	4.2827337344E+1	3.5381237115E-3
2.6350215001E-1	4.1757651300E+1	3.5600000709E-3
2.6707306349E-1	4.1120270658E+1	3.5818169379E-3
2.7066576394E-1	4.0889813712E+1	3.6035739479E-3
2.7428019131E-1	4.1038605375E+1	3.6252707373E-3
2.7791628522E-1	4.1536919903E+1	3.6469069436E-3
2.8157398488E-1	4.2353244142E+1	3.6684822051E-3
2.8525322919E-1	4.3454558975E+1	3.6899961614E-3
2.8895395665E-1	4.4806636432E+1	3.7114484529E-3
2.9267610542E-1	4.6374349626E+1	3.7328387211E-3
2.9641961330E-1	4.8121992492E+1	3.7541666086E-3
3.0018441773E-1	5.0013606116E+1	3.7754317588E-3
3.0397045579E-1	5.2013308243E+1	3.7966338166E-3
3.0777766421E-1	5.4085622498E+1	3.8177724274E-3
3.1160597938E-1	5.6195803719E+1	3.8388472382E-3
3.1545533730E-1	5.8310155807E+1	3.8598578967E-3
3.1932567367E-1	6.0396338474E+1	3.8808040517E-3
3.2321692379E-1	6.2423659376E+1	3.9016853533E-3
3.2712902264E-1	6.4363348169E+1	3.9225014525E-3
3.3106190484E-1	6.6188809227E+1	3.9432520014E-3
3.3501550468E-1	6.7875849942E+1	3.9639366533E-3
3.3898975607E-1	6.9402881781E+1	3.9845550624E-3
3.4298459261E-1	7.0751091570E+1	4.0051068843E-3
3.4699994753E-1	7.1904580804E+1	4.0255917754E-3
3.5103575373E-1	7.2850471175E+1	4.0460093936E-3
3.5509194378E-1	7.3578974888E+1	4.0663593974E-3
3.5916844988E-1	7.4083428809E+1	4.0866414469E-3
3.6326520391E-1	7.4360291900E+1	4.1068552032E-3
3.6738213741E-1	7.4409105936E+1	4.1270003283E-3
3.7151918157E-1	7.4232419915E+1	4.1470764858E-3
3.7567626728E-1	7.3835679121E+1	4.1670833400E-3
3.7985332504E-1	7.3227080255E+1	4.1870205567E-3
3.8405028507E-1	7.2417394518E+1	4.2068878026E-3
3.8826707721E-1	7.1419761013E+1	4.2266847457E-3
3.9250363101E-1	7.0249453227E+1	4.2464110553E-3
3.9675987567E-1	6.8923621769E+1	4.2660664016E-3
4.0103574005E-1	6.7461016880E+1	4.2856504563E-3
4.0533115271E-1	6.5881694545E+1	4.3051628919E-3
4.0964604185E-1	6.4206710277E+1	4.3246033825E-3
4.1398033538E-1	6.2457804838E+1	4.3439716031E-3
4.1833396086E-1	6.0657086307E+1	4.3632672302E-3
4.2270684554E-1	5.8826712937E+1	4.3824899412E-3
4.2709891633E-1	5.6988581274E+1	4.4016394148E-3
4.3151009985E-1	5.5164023909E+1	4.4207153312E-3
4.3594032237E-1	5.3373521115E+1	4.4397173715E-3
4.4038950986E-1	5.1636430390E+1	4.4586452181E-3
4.4485758797E-1	4.9970737663E+1	4.4774985548E-3
4.4934448203E-1	4.8392833594E+1	4.4962770664E-3
4.5385011706E-1	4.6917317975E+1	4.5149804392E-3
4.5837441776E-1	4.5556834827E+1	4.5336083606E-3
4.6291730852E-1	4.4321940289E+1	4.5521605193E-3
4.6747871344E-1	4.3221004857E+1	4.5706366053E-3
4.7205855627E-1	4.2260151013E+1	4.5890363098E-3
4.7665676049E-1	4.1443226676E+1	4.6073593254E-3
4.8127324926E-1	4.0771814376E+1	4.6256053458E-3
4.8590794542E-1	4.0245275420E+1	4.6437740661E-3
4.9056077152E-1	3.9860827828E+1	4.6618651826E-3
4.9523164982E-1	3.9613656199E+1	4.6798783932E-3
4.9992050224E-1	3.9497051221E+1	4.6978133967E-3
5.0462725044E-1	3.9502576032E+1	4.7156698934E-3
5.0935181576E-1	3.9620256241E+1	4.7334475849E-3
5.1409411924E-1	3.9838790030E+1	4.7511461741E-3
5.1885408164E-1	4.0145774500E+1	4.7687653653E-3
5.2363162341E-1	4.0527944150E+1	4.7863048641E-3
5.2842666471E-1	4.0971417248E+1	4.8037643772E-3
5.3323912540E-1	4.1461945775E+1	4.8211436130E-3
5.3806892508E-1	4.1985164601E+1	4.8384422809E-3
5.4291598301E-1	4.2526835653E+1	4.8556600920E-3
5.4778021821E-1	4.3073082954E+1	4.8727967585E-3
5.5266154939E-1	4.3610614686E+1	4.8898519940E-3
5.5755989496E-1	4.4126928661E+1	4.9068255135E-3
5.6247517308E-1	4.4610498000E+1	4.9237170334E-3
5.6740730160E-1	4.5050934184E+1	4.9405262713E-3
5.7235619810E-1	4.5439125139E+1	4.9572529464E-3
5.7732177988E-1	4.5767346481E+1	4.9738967791E-3
5.8230396395E-1	4.6029344599E+1	4.9904574913E-3
5.8730266706E-1	4.6220390782E+1	5.0069348063E-3
5.9231780568E-1	4.6337306162E+1	5.0233284486E-3
5.9734929598E-1	4.6378457770E+1	5.0396381444E-3
6.0239705389E-1	4.6343726574E+1	5.0558636210E-3
6.0746099506E-1	4.6234448827E+1	5.0720046074E-3
6.1254103485E-1	4.6053332582E+1	5.0880608338E-3
6.1763708838E-1	4.5804351617E+1	5.1040320318E-3
6.2274907048E-1	4.5492619417E+1	5.1199179345E-3
6.2787689573E-1	4.5124246187E+1	5.1357182766E-3
6.3302047843E-1	4.4706182093E+1	5.1514327939E-3
6.3817973262E-1	4.4246050167E+1	5.1670612238E-3
6.4335457209E-1	4.3751972379E+1	5.1826033052E-3
6.4854491036E-1	4.3232392453E+1	5.1980587783E-3
6.5375066070E-1	4.2695898977E+1	5.2134273849E-3
6.5897173609E-1	4.2151052234E+1	5.2287088681E-3
6.6420804930E-1	4.1606218044E+1	5.2439029725E-3
6.6945951283E-1	4.1069411646E+1	5.2590094442E-3
6.7472603890E-1	4.0548154405E+1	5.2740280309E-3
6.8000753951E-1	4.0049345743E+1	5.2889584814E-3
6.8530392640E-1	3.9579152355E+1	5.3038005463E-3
6.9061511106E-1	3.9142916339E+1	5.3185539776E-3
6.9594100473E-1	3.8745083449E+1	5.3332185287E-3
7.0128151841E-1	3.8389152208E+1	5.3477939546E-3
7.0663656285E-1	3.8077644199E+1	5.3622800116E-3
7.1200604856E-1	3.7812095368E+1	5.3766764577E-3
7.1738988581E-1	3.7593067782E+1	5.3909830523E-3
7.2278798463E-1	3.7420180832E+1	5.4051995564E-3
7.2820025482E-1	3.7292160545E+1	5.4193257323E-3
7.3362660591E-1	3.7206905289E+1	5.4333613439E-3
7.3906694724E-1	3.7161565893E+1	5.4473061568E-3
7.4452118788E-1	3.7152637965E+1	5.4611599379E-3
7.4998923669E-1	3.7176063996E+1	5.4749224557E-3
7.5547100229E-1	3.7227342712E+1	5.4885934801E-3
7.6096639308E-1	3.7301643094E+1	5.5021727828E-3
7.6647531721E-1	3.7393920443E+1	5.5156601367E-3
7.7199768263E-1	3.7499031945E+1	5.5290553166E-3
7.7753339704E-1	3.7611849280E+1	5.5423580985E-3
7.8308236795E-1	3.7727365972E+1	5.5555682601E-3
7.8864450262E-1	3.7840797397E+1	5.5686855808E-3
7.9421970809E-1	3.7947671570E+1	5.5817098412E-3
7.9980789121E-1	3.8043909137E+1	5.5946408237E-3
8.0540895857E-1	3.8125891288E+1	5.6074783123E-3
8.1102281659E-1	3.8190514607E+1	5.6202220924E-3
8.1664937145E-1	3.8235232220E+1	5.6328719509E-3
8.2228852912E-1	3.8258080927E+1	5.6454276767E-3
8.2794019536E-1	3.8257694328E+1	5.6578890597E-3
8.3360427572E-1	3.8233302260E+1	5.6702558918E-3
8.3928067556E-1	3.8184717160E+1	5.6825279663E-3
8.4496930000E-1	3.8112308240E+1	5.6947050782E-3
8.5067005399E-1	3.8016964590E+1	5.7067870238E-3
8.5638284226E-1	3.7900048535E+1	5.7187736014E-3
8.6210756934E-1	3.7763340727E+1	5.7306646105E-3
8.6784413956E-1	3.7608978589E+1	5.7424598526E-3
8.7359245705E-1	3.7439389801E+1	5.7541591304E-3
8.7935242576E-1	3.7257222557E+1	5.7657622485E-3
8.8512394943E-1	3.7065274323E+1	5.7772690129E-3
8.9090693161E-1	3.6866420786E+1	5.7886792314E-3
8.9670127565E-1	3.6663546598E+1	5.7999927133E-3
9.0250688473E-1	3.6459479405E+1	5.8112092696E-3
9.0832366182E-1	3.6256928518E+1	5.8223287127E-3
9.1415150972E-1	3.6058429398E+1	5.8333508568E-3
9.1999033104E-1	3.5866294950E+1	5.8442755178E-3
9.2584002820E-1	3.5682574413E+1	5.8551025132E-3
9.3170050345E-1	3.5509020415E+1	5.8658316618E-3
9.3757165885E-1	3.5347064555E+1	5.8764627846E-3
9.4345339628E-1	3.5197801639E+1	5.8869957037E-3
9.4934561746E-1	3.5061982519E+1	5.8974302433E-3
9.5524822392E-1	3.4940015242E+1	5.9077662288E-3
9.6116111701E-1	3.4831974080E+1	5.9180034877E-3
9.6708419793E-1	3.4737615819E+1	5.9281418487E-3
9.7301736769E-1	3.4656402542E+1	5.9381811425E-3
9.7896052713E-1	3.4587530056E+1	5.9481212013E-3
9.8491357695E-1	3.4529960985E+1	5.9579618591E-3
9.9087641766E-1	3.4482461513E+1	5.9677029512E-3
9.9684894961E-1	3.4443640722E+1	5.9773443150E-3
1.0028310730E+0	3.4411991456E+1	5.9868857894E-3
1.0088226878E+0	3.4385931674E+1	5.9963272149E-3
1.0148236940E+0	3.4363845273E+1	6.0056684336E-3
1.0208339913E+0	3.4344121457E+1	6.0149092896E-3
1.0268534791E+0	3.4325191799E+1	6.0240496283E-3
1.0328820570E+0	3.4305564227E+1	6.0330892971E-3
1.0389196241E+0	3.4283853314E+1	6.0420281448E-3
1.0449660796E+0	3.4258806340E+1	6.0508660221E-3
1.0510213224E+0	3.4229324752E+1	6.0596027814E-3
1.0570852514E+0	3.4194480758E+1	6.0682382765E-3
1.0631577652E+0	3.4153528932E+1	6.0767723631E-3
1.0692387623E+0	3.4105912841E+1	6.0852048988E-3
1.0753281411E+0	3.4051266808E+1	6.0935357425E-3
1.0814257998E+0	3.3989413049E+1	6.1017647550E-3
1.0875316366E+0	3.3920354523E+1	6.1098917988E-3
1.0936455494E+0	3.3844263893E+1	6.1179167381E-3
1.0997674360E+0	3.3761469121E+1	6.1258394388E-3
1.1058971941E+0	3.3672436199E+1	6.1336597685E-3
1.1120347214E+0	3.3577749628E+1	6.1413775965E-3
1.1181799151E+0	3.3478091232E+1	6.1489927938E-3
1.1243326727E+0	3.3374217924E+1	6.1565052331E-3
1.1304928913E+0	3.3266939005E+1	6.1639147890E-3
1.1366604679E+0	3.3157093594E+1	6.1712213376E-3
1.1428352996E+0	3.3045528702E+1	6.1784247568E-3
1.1490172830E+0	3.2933078464E+1	6.1855249261E-3
1.1552063150E+0	3.2820544938E+1	6.1925217271E-3
1.1614022920E+0	3.2708680856E+1	6.1994150427E-3
1.1676051105E+0	3.2598174616E+1	6.2062047577E-3
1.1738146669E+0	3.2489637748E+1	6.2128907587E-3
1.1800308574E+0	3.2383595000E+1	6.2194729339E-3
1.1862535782E+0	3.2280477125E+1	6.2259511734E-3
1.1924827251E+0	3.2180616374E+1	6.2323253688E-3
1.1987181942E+0	3.2084244642E+1	6.2385954138E-3
1.2049598812E+0	3.1991494140E+1	6.2447612034E-3
1.2112076818E+0	3.1902400421E+1	6.2508226346E-3
1.2174614916E+0	3.1816907539E+1	6.2567796062E-3
1.2237212062E+0	3.1734875086E+1	6.2626320186E-3
1.2299867208E+0	3.1656086806E+1	6.2683797740E-3
1.2362579308E+0	3.1580260488E+1	6.2740227763E-3
1.2425347314E+0	3.1507058816E+1	6.2795609313E-3
1.2488170177E+0	3.1436100846E+1	6.2849941464E-3
1.2551046847E+0	3.1366973792E+1	6.2903223308E-3
1.2613976273E+0	3.1299244829E+1	6.2955453954E-3
1.2676957404E+0	3.1232472606E+1	6.3006632530E-3
1.2739989187E+0	3.1166218224E+1	6.3056758180E-3
1.2803070569E+0	3.1100055445E+1	6.3105830068E-3
1.2866200496E+0	3.1033579936E+1	6.3153847371E-3
1.2929377912E+0	3.0966417381E+1	6.3200809290E-3
1.2992601762E+0	3.0898230352E+1	6.3246715037E-3
1.3055870990E+0	3.0828723843E+1	6.3291563847E-3
1.3119184537E+0	3.0757649437E+1	6.3335354970E-3
1.3182541347E+0	3.0684808079E+1	6.3378087674E-3
1.3245940360E+0	3.0610051491E+1	6.3419761245E-3
1.3309380516E+0	3.0533282294E+1	6.3460374987E-3
1.3372860756E+0	3.0454452900E+1	6.3499928220E-3
1.3436380019E+0	3.0373563305E+1	6.3538420284E-3
1.3499937243E+0	3.0290657896E+1	6.3575850535E-3
1.3563531366E+0	3.0205821429E+1	6.3612218349E-3
1.3627161325E+0	3.0119174310E+1	6.3647523117E-3
1.3690826057E+0	3.0030867364E+1	6.3681764249E-3
1.3754524499E+0	2.9941076239E+1	6.3714941173E-3
1.3818255585E+0	2.9849995603E+1	6.3747053335E-3
1.3882018250E+0	2.9757833291E+1	6.3778100198E-3
1.3945811430E+0	2.9664804544E+1	6.3808081243E-3
1.4009634057E+0	2.9571126477E+1	6.3836995970E-3
1.4073485066E+0	2.9477012875E+1	6.3864843894E-3
1.4137363389E+0	2.9382669436E+1	6.3891624551E-3
1.4201267959E+0	2.9288289535E+1	6.3917337493E-3
1.4265197708E+0	2.9194050571E+1	6.3941982290E-3
1.4329151568E+0	2.9100110942E+1	6.3965558531E-3
1.4393128469E+0	2.9006607687E+1	6.3988065821E-3
1.4457127343E+0	2.8913654780E+1	6.4009503785E-3
1.4521147120E+0	2.8821342095E+1	6.4029872063E-3
1.4585186731E+0	2.8729735001E+1	6.4049170317E-3
1.4649245104E+0	2.8638874558E+1	6.4067398222E-3
1.4713321170E+0	2.8548778269E+1	6.4084555476E-3
1.4777413858E+0	2.8459441320E+1	6.4100641790E-3
1.4841522097E+0	2.8370838257E+1	6.4115656896E-3
1.4905644815E+0	2.8282925014E+1	6.4129600544E-3
1.4969780940E+0	2.8195641239E+1	6.4142472499E-3
1.5033929402E+0	2.8108912813E+1	6.4154272548E-3
1.5098089128E+0	2.8022654526E+1	6.4165000493E-3
1.5162259046E+0	2.7936772797E+1	6.4174656154E-3
1.5226438083E+0	2.7851168408E+1	6.4183239370E-3
1.5290625167E+0	2.7765739156E+1	6.4190749998E-3
1.5354819225E+0	2.7680382389E+1	6.4197187912E-3
1.5419019185E+0	2.7594997371E+1	6.4202553005E-3
1.5483223974E+0	2.7509487428E+1	6.4206845187E-3
1.5547432518E+0	2.7423761842E+1	6.4210064386E-3
1.5611643745E+0	2.7337737482E+1	6.4212210549E-3
1.5675856581E+0	2.7251340140E+1	6.4213283639E-3
1.5740069954E+0	2.7164505558E+1	6.4213283639E-3
1.5804282791E+0	2.7077180175E+1	6.4212210549E-3
1.5868494018E+0	2.6989321561E+1	6.4210064386E-3
1.5932702562E+0	2.6900898576E+1	6.4206845187E-3
1.5996907351E+0	2.6811891268E+1	6.4202553005E-3
1.6061107310E+0	2.6722290521E+1	6.4197187912E-3
1.6125301369E+0	2.6632097495E+1	6.4190749998E-3
1.6189488453E+0	2.6541322871E+1	6.4183239370E-3
1.6253667490E+0	2.6449985949E+1	6.4174656154E-3
1.6317837408E+0	2.6358113618E+1	6.4165000493E-3
1.6381997134E+0	2.6265739233E+1	6.4154272548E-3
1.6446145595E+0	2.6172901439E+1	6.4142472499E-3
1.6510281721E+0	2.6079642965E+1	6.4129600544E-3
1.6574404439E+0	2.5986009414E+1	6.4115656896E-3
1.6638512678E+0	2.5892048090E+1	6.4100641790E-3
1.6702605366E+0	2.5797806870E+1	6.4084555476E-3
1.6766681432E+0	2.5703333150E+1	6.4067398222E-3
1.6830739805E+0	2.5608672883E+1	6.4049170317E-3
1.6894779416E+0	2.5513869719E+1	6.4029872063E-3
1.6958799193E+0	2.5418964263E+1	6.4009503785E-3
1.7022798067E+0	2.5323993451E+1	6.3988065821E-3
1.7086774968E+0	2.5228990057E+1	6.3965558531E-3
1.7150728827E+0	2.5133982322E+1	6.3941982290E-3
1.7214658576E+0	2.5038993716E+1	6.3917337493E-3
1.7278563146E+0	2.4944042812E+1	6.3891624551E-3
1.7342441470E+0	2.4849143277E+1	6.3864843894E-3
1.7406292478E+0	2.4754303971E+1	6.3836995970E-3
1.7470115106E+0	2.4659529133E+1	6.3808081243E-3
1.7533908286E+0	2.4564818662E+1	6.3778100198E-3
1.7597670951E+0	2.4470168454E+1	6.3747053335E-3
1.7661402037E+0	2.4375570805E+1	6.3714941173E-3
1.7725100479E+0	2.4281014862E+1	6.3681764249E-3
1.7788765211E+0	2.4186487094E+1	6.3647523117E-3
1.7852395170E+0	2.4091971792E+1	6.3612218349E-3
1.7915989293E+0	2.3997451574E+1	6.3575850535E-3
1.7979546517E+0	2.3902907881E+1	6.3538420284E-3
1.8043065780E+0	2.3808321462E+1	6.3499928220E-3
1.8106546020E+0	2.3713672840E+1	6.3460374987E-3
1.8169986176E+0	2.3618942739E+1	6.3419761245E-3
1.8233385189E+0	2.3524112481E+1	6.3378087674E-3
1.8296741999E+0	2.3429164335E+1	6.3335354970E-3
1.8360055546E+0	2.3334081824E+1	6.3291563847E-3
1.8423324774E+0	2.3238849983E+1	6.3246715037E-3
1.8486548624E+0	2.3143455562E+1	6.3200809290E-3
1.8549726040E+0	2.3047887190E+1	6.3153847371E-3
1.8612855967E+0	2.2952135474E+1	6.3105830068E-3
1.8675937349E+0	2.2856193071E+1	6.3056758180E-3
1.8738969132E+0	2.2760054693E+1	6.3006632530E-3
1.8801950263E+0	2.2663717092E+1	6.2955453954E-3
1.8864879689E+0	2.2567178990E+1	6.2903223308E-3
1.8927756359E+0	2.2470440991E+1	6.2849941464E-3
1.8990579222E+0	2.2373505454E+1	6.2795609313E-3
1.9053347228E+0	2.2276376345E+1	6.2740227763E-3
1.9116059328E+0	2.2179059075E+1	6.2683797740E-3
1.9178714474E+0	2.2081560319E+1	6.2626320186E-3
1.9241311620E+0	2.1983887828E+1	6.2567796062E-3
1.9303849718E+0	2.1886050235E+1	6.2508226346E-3
1.9366327724E+0	2.1788056864E+1	6.2447612034E-3
1.9428744594E+0	2.1689917535E+1	6.2385954138E-3
1.9491099285E+0	2.1591642385E+1	6.2323253688E-3
1.9553390754E+0	2.1493241690E+1	6.2259511734E-3
1.9615617961E+0	2.1394725707E+1	6.2194729339E-3
1.9677779867E+0	2.1296104521E+1	6.2128907587E-3
1.9739875431E+0	2.1197387920E+1	6.2062047577E-3
1.9801903616E+0	2.1098585272E+1	6.1994150427E-3
1.9863863386E+0	2.0999705435E+1	6.1925217271E-3
1.9925753706E+0	2.0900756673E+1	6.1855249261E-3
1.9987573540E+0	2.0801746597E+1	6.1784247568E-3
2.0049321857E+0	2.0702682121E+1	6.1712213376E-3
2.0110997623E+0	2.0603569436E+1	6.1639147890E-3
2.0172599809E+0	2.0504413997E+1	6.1565052331E-3
2.0234127385E+0	2.0405220529E+1	6.1489927938E-3
2.0295579322E+0	2.0305993044E+1	6.1413775965E-3
2.0356954595E+0	2.0206734872E+1	6.1336597685E-3
2.0418252176E+0	2.0107448695E+1	6.1258394388E-3
2.0479471042E+0	2.0008136602E+1	6.1179167381E-3
2.0540610170E+0	1.9908800144E+1	6.1098917988E-3
2.0601668538E+0	1.9809440388E+1	6.1017647550E-3
2.0662645125E+0	1.9710057992E+1	6.0935357425E-3
2.0723538913E+0	1.9610653264E+1	6.0852048988E-3
2.0784348884E+0	1.9511226236E+1	6.0767723631E-3
2.0845074022E+0	1.9411776730E+1	6.0682382765E-3
2.0905713312E+0	1.9312304421E+1	6.0596027814E-3
2.0966265740E+0	1.9212808908E+1	6.0508660221E-3
2.1026730295E+0	1.9113289769E+1	6.0420281448E-3
2.1087105966E+0	1.9013746619E+1	6.0330892971E-3
2.1147391745E+0	1.8914179160E+1	6.0240496283E-3
2.1207586623E+0	1.8814587229E+1	6.0149092896E-3
2.1267689596E+0	1.8714970838E+1	6.0056684336E-3
2.1327699657E+0	1.8615330207E+1	5.9963272149E-3
2.1387615806E+0	1.8515665793E+1	5.9868857894E-3
2.1447437040E+0	1.8415978314E+1	5.9773443150E-3
2.1507162359E+0	1.8316268761E+1	5.9677029512E-3
2.1566790766E+0	1.8216538417E+1	5.9579618591E-3
2.1626321265E+0	1.8116788855E+1	5.9481212013E-3
2.1685752859E+0	1.8017021943E+1	5.9381811425E-3
2.1745084557E+0	1.7917239839E+1	5.9281418487E-3
2.1804315366E+0	1.7817444983E+1	5.9180034877E-3
2.1863444297E+0	1.7717640085E+1	5.9077662288E-3
2.1922470361E+0	1.7617828114E+1	5.8974302433E-3
2.1981392573E+0	1.7518012275E+1	5.8869957037E-3
2.2040209947E+0	1.7418195992E+1	5.8764627846E-3
2.2098921501E+0	1.7318382891E+1	5.8658316618E-3
2.2157526254E+0	1.7218576771E+1	5.8551025132E-3
2.2216023226E+0	1.7118781584E+1	5.8442755178E-3
2.2274411439E+0	1.7019001415E+1	5.8333508568E-3
2.2332689918E+0	1.6919240452E+1	5.8223287127E-3
2.2390857689E+0	1.6819502970E+1	5.8112092696E-3
2.2448913779E+0	1.6719793304E+1	5.7999927133E-3
2.2506857220E+0	1.6620115831E+1	5.7886792314E-3
2.2564687042E+0	1.6520474948E+1	5.7772690129E-3
2.2622402278E+0	1.6420875056E+1	5.7657622485E-3
2.2680001965E+0	1.6321320540E+1	5.7541591304E-3
2.2737485140E+0	1.6221815757E+1	5.7424598526E-3
2.2794850843E+0	1.6122365019E+1	5.7306646105E-3
2.2852098113E+0	1.6022972586E+1	5.7187736014E-3
2.2909225996E+0	1.5923642652E+1	5.7067870238E-3
2.2966233536E+0	1.5824379336E+1	5.6947050782E-3
2.3023119780E+0	1.5725186682E+1	5.6825279663E-3
2.3079883779E+0	1.5626068648E+1	5.6702558918E-3
2.3136524582E+0	1.5527029103E+1	5.6578890597E-3
2.3193041245E+0	1.5428071831E+1	5.6454276767E-3
2.3249432821E+0	1.5329200523E+1	5.6328719509E-3
2.3305698370E+0	1.5230418783E+1	5.6202220924E-3
2.3361836950E+0	1.5131730130E+1	5.6074783123E-3
2.3417847624E+0	1.5033137997E+1	5.5946408237E-3
2.3473729455E+0	1.4934645738E+1	5.5817098412E-3
2.3529481510E+0	1.4836256634E+1	5.5686855808E-3
2.3585102856E+0	1.4737973892E+1	5.5555682601E-3
2.3640592565E+0	1.4639800656E+1	5.5423580985E-3
2.3695949710E+0	1.4541740013E+1	5.5290553166E-3
2.3751173364E+0	1.4443794995E+1	5.5156601367E-3
2.3806262605E+0	1.4345968587E+1	5.5021727828E-3
2.3861216513E+0	1.4248263736E+1	5.4885934801E-3
2.3916034169E+0	1.4150683352E+1	5.4749224557E-3
2.3970714657E+0	1.4053230317E+1	5.4611599379E-3
2.4025257064E+0	1.3955907492E+1	5.4473061568E-3
2.4079660477E+0	1.3858717720E+1	5.4333613439E-3
2.4133923988E+0	1.3761663831E+1	5.4193257323E-3
2.4188046690E+0	1.3664748647E+1	5.4051995564E-3
2.4242027678E+0	1.3567974989E+1	5.3909830523E-3
2.4295866050E+0	1.3471345677E+1	5.3766764577E-3
2.4349560907E+0	1.3374863536E+1	5.3622800116E-3
2.4403111352E+0	1.3278531398E+1	5.3477939546E-3
2.4456516489E+0	1.3182352105E+1	5.3332185287E-3
2.4509775425E+0	1.3086328510E+1	5.3185539776E-3
2.4562887272E+0	1.2990463481E+1	5.3038005463E-3
2.4615851141E+0	1.2894759900E+1	5.2889584814E-3
2.4668666147E+0	1.2799220665E+1	5.2740280309E-3
2.4721331408E+0	1.2703848691E+1	5.2590094442E-3
2.4773846043E+0	1.2608646907E+1	5.2439029725E-3
2.4826209175E+0	1.2513618262E+1	5.2287088681E-3
2.4878419929E+0	1.2418765718E+1	5.2134273849E-3
2.4930477432E+0	1.2324092254E+1	5.1980587783E-3
2.4982380815E+0	1.2229600862E+1	5.1826033052E-3
2.5034129210E+0	1.2135294547E+1	5.1670612238E-3
2.5085721752E+0	1.2041176327E+1	5.1514327939E-3
2.5137157579E+0	1.1947249230E+1	5.1357182766E-3
2.5188435831E+0	1.1853516293E+1	5.1199179345E-3
2.5239555652E+0	1.1759980560E+1	5.1040320318E-3
2.5290516187E+0	1.1666645080E+1	5.0880608338E-3
2.5341316585E+0	1.1573512907E+1	5.0720046074E-3
2.5391955997E+0	1.1480587096E+1	5.0558636210E-3
2.5442433576E+0	1.1387870703E+1	5.0396381444E-3
2.5492748479E+0	1.1295366782E+1	5.0233284486E-3
2.5542899865E+0	1.1203078385E+1	5.0069348063E-3
2.5592886896E+0	1.1111008557E+1	4.9904574913E-3
2.5642708737E+0	1.1019160341E+1	4.9738967791E-3
2.5692364555E+0	1.0927536767E+1	4.9572529464E-3
2.5741853520E+0	1.0836140859E+1	4.9405262713E-3
2.5791174805E+0	1.0744975630E+1	4.9237170334E-3
2.5840327586E+0	1.0654044081E+1	4.9068255135E-3
2.5889311042E+0	1.0563349199E+1	4.8898519940E-3
2.5938124354E+0	1.0472893959E+1	4.8727967585E-3
2.5986766706E+0	1.0382681319E+1	4.8556600920E-3
2.6035237285E+0	1.0292714223E+1	4.8384422809E-3
2.6083535282E+0	1.0202995597E+1	4.8211436130E-3
2.6131659889E+0	1.0113528350E+1	4.8037643772E-3
2.6179610302E+0	1.0024315374E+1	4.7863048641E-3
2.6227385719E+0	9.9353595418E+0	4.7687653653E-3
2.6274985343E+0	9.8466637075E+0	4.7511461741E-3
2.6322408378E+0	9.7582307063E+0	4.7334475849E-3
2.6369654032E+0	9.6700633538E+0	4.7156698934E-3
2.6416721513E+0	9.5821644462E+0	4.6978133967E-3
2.6463610038E+0	9.4945367599E+0	4.6798783932E-3
2.6510318821E+0	9.4071830512E+0	4.6618651826E-3
2.6556847082E+0	9.3201060569E+0	4.6437740661E-3
2.6603194043E+0	9.2333084938E+0	4.6256053458E-3
2.6649358931E+0	9.1467930586E+0	4.6073593254E-3
2.6695340973E+0	9.0605624287E+0	4.5890363098E-3
2.6741139402E+0	8.9746192614E+0	4.5706366053E-3
2.6786753451E+0	8.8889661947E+0	4.5521605193E-3
2.6832182358E+0	8.8036058471E+0	4.5336083606E-3
2.6877425365E+0	8.7185408182E+0	4.5149804392E-3
2.6922481716E+0	8.6337736880E+0	4.4962770664E-3
2.6967350656E+0	8.5493070181E+0	4.4774985548E-3
2.7012031437E+0	8.4651433513E+0	4.4586452181E-3
2.7056523312E+0	8.3812852117E+0	4.4397173715E-3
2.7100825537E+0	8.2977351053E+0	4.4207153312E-3
2.7144937373E+0	8.2144955200E+0	4.4016394148E-3
2.7188858081E+0	8.1315689256E+0	4.3824899412E-3
2.7232586927E+0	8.0489577743E+0	4.3632672302E-3
2.7276123182E+0	7.9666645005E+0	4.3439716031E-3
2.7319466117E+0	7.8846915214E+0	4.3246033825E-3
2.7362615009E+0	7.8030412366E+0	4.3051628919E-3
2.7405569135E+0	7.7217160287E+0	4.2856504563E-3
2.7448327779E+0	7.6407182633E+0	4.2660664016E-3
2.7490890226E+0	7.5600502889E+0	4.2464110553E-3
2.7533255764E+0	7.4797144372E+0	4.2266847457E-3
2.7575423685E+0	7.3997130232E+0	4.2068878026E-3
2.7617393285E+0	7.3200483451E+0	4.1870205567E-3
2.7659163863E+0	7.2407226846E+0	4.1670833400E-3
2.7700734720E+0	7.1617383066E+0	4.1470764858E-3
2.7742105162E+0	7.0830974598E+0	4.1270003283E-3
2.7783274497E+0	7.0048023762E+0	4.1068552032E-3
2.7824242037E+0	6.9268552711E+0	4.0866414469E-3
2.7865007098E+0	6.8492583438E+0	4.0663593974E-3
2.7905568999E+0	6.7720137766E+0	4.0460093936E-3
2.7945927061E+0	6.6951237359E+0	4.0255917754E-3
2.7986080610E+0	6.6185903710E+0	4.0051068843E-3
2.8026028975E+0	6.5424158152E+0	3.9845550624E-3
2.8065771489E+0	6.4666021850E+0	3.9639366533E-3
2.8105307487E+0	6.3911515804E+0	3.9432520014E-3
2.8144636309E+0	6.3160660848E+0	3.9225014525E-3
2.8183757298E+0	6.2413477652E+0	3.9016853533E-3
2.8222669799E+0	6.1669986718E+0	3.8808040517E-3
2.8261373163E+0	6.0930208379E+0	3.8598578967E-3
2.8299866742E+0	6.0194162804E+0	3.8388472382E-3
2.8338149894E+0	5.9461869994E+0	3.8177724274E-3
2.8376221978E+0	5.8733349782E+0	3.7966338166E-3
2.8414082359E+0	5.8008621831E+0	3.7754317588E-3
2.8451730403E+0	5.7287705637E+0	3.7541666086E-3
2.8489165482E+0	5.6570620527E+0	3.7328387211E-3
2.8526386969E+0	5.5857385658E+0	3.7114484529E-3
2.8563394244E+0	5.5148020020E+0	3.6899961614E-3
2.8600186687E+0	5.4442542429E+0	3.6684822051E-3
2.8636763684E+0	5.3740971534E+0	3.6469069436E-3
2.8673124623E+0	5.3043325813E+0	3.6252707373E-3
2.8709268897E+0	5.2349623574E+0	3.6035739479E-3
2.8745195901E+0	5.1659882954E+0	3.5818169379E-3
2.8780905036E+0	5.0974121918E+0	3.5600000709E-3
2.8816395704E+0	5.0292358264E+0	3.5381237115E-3
2.8851667313E+0	4.9614609616E+0	3.5161882254E-3
2.8886719273E+0	4.8940893428E+0	3.4941939790E-3
2.8921550998E+0	4.8271226985E+0	3.4721413399E-3
2.8956161906E+0	4.7605627399E+0	3.4500306767E-3
2.8990551419E+0	4.6944111613E+0	3.4278623588E-3
2.9024718962E+0	4.6286696400E+0	3.4056367567E-3
2.9058663965E+0	4.5633398362E+0	3.3833542419E-3
2.9092385859E+0	4.4984233932E+0	3.3610151867E-3
2.9125884081E+0	4.4339219374E+0	3.3386199643E-3
2.9159158072E+0	4.3698370781E+0	3.3161689492E-3
2.9192207275E+0	4.3061704079E+0	3.2936625164E-3
2.9225031139E+0	4.2429235024E+0	3.2711010421E-3
2.9257629114E+0	4.1800979206E+0	3.2484849032E-3
2.9290000656E+0	4.1176952045E+0	3.2258144779E-3
2.9322145224E+0	4.0557168796E+0	3.2030901448E-3
2.9354062280E+0	3.9941644546E+0	3.1803122838E-3
2.9385751292E+0	3.9330394217E+0	3.1574812755E-3
2.9417211730E+0	3.8723432564E+0	3.1345975014E-3
2.9448443068E+0	3.8120774179E+0	3.1116613440E-3
2.9479444784E+0	3.7522433489E+0	3.0886731866E-3
2.9510216360E+0	3.6928424757E+0	3.0656334132E-3
2.9540757281E+0	3.6338762083E+0	3.0425424091E-3
2.9571067038E+0	3.5753459406E+0	3.0194005599E-3
2.9601145124E+0	3.5172530501E+0	2.9962082525E-3
2.9630991036E+0	3.4595988984E+0	2.9729658744E-3
2.9660604276E+0	3.4023848311E+0	2.9496738141E-3
2.9689984348E+0	3.3456121777E+0	2.9263324607E-3
2.9719130762E+0	3.2892822520E+0	2.9029422044E-3
2.9748043031E+0	3.2333963520E+0	2.8795034361E-3
2.9776720671E+0	3.1779557599E+0	2.8560165473E-3
2.9805163203E+0	3.1229617423E+0	2.8324819307E-3
2.9833370151E+0	3.0684155503E+0	2.8088999795E-3
2.9861341046E+0	3.0143184196E+0	2.7852710878E-3
2.9889075418E+0	2.9606715703E+0	2.7615956505E-3
2.9916572805E+0	2.9074762076E+0	2.7378740632E-3
2.9943832747E+0	2.8547335210E+0	2.7141067224E-3
2.9970854788E+0	2.8024446854E+0	2.6902940251E-3
2.9997638477E+0	2.7506108602E+0	2.6664363695E-3
3.0024183367E+0	2.6992331902E+0	2.6425341541E-3
3.0050489013E+0	2.6483128052E+0	2.6185877784E-3
3.0076554977E+0	2.5978508202E+0	2.5945976426E-3
3.0102380822E+0	2.5478483356E+0	2.5705641475E-3
3.0127966116E+0	2.4983064373E+0	2.5464876949E-3
3.0153310434E+0	2.4492261965E+0	2.5223686871E-3
3.0178413350E+0	2.4006086700E+0	2.4982075270E-3
3.0203274445E+0	2.3524549005E+0	2.4740046186E-3
3.0227893304E+0	2.3047659163E+0	2.4497603662E-3
3.0252269516E+0	2.2575427317E+0	2.4254751751E-3
3.0276402673E+0	2.2107863468E+0	2.4011494510E-3
3.0300292371E+0	2.1644977477E+0	2.3767836004E-3
3.0323938212E+0	2.1186779070E+0	2.3523780306E-3
3.0347339801E+0	2.0733277831E+0	2.3279331494E-3
3.0370496746E+0	2.0284483210E+0	2.3034493653E-3
3.0393408660E+0	1.9840404519E+0	2.2789270875E-3
3.0416075160E+0	1.9401050938E+0	2.2543667257E-3
3.0438495869E+0	1.8966431510E+0	2.2297686905E-3
3.0460670410E+0	1.8536555147E+0	2.2051333928E-3
3.0482598414E+0	1.8111430626E+0	2.1804612443E-3
3.0504279513E+0	1.7691066596E+0	2.1557526574E-3
3.0525713347E+0	1.7275471572E+0	2.1310080450E-3
3.0546899556E+0	1.6864653944E+0	2.1062278206E-3
3.0567837786E+0	1.6458621969E+0	2.0814123983E-3
3.0588527688E+0	1.6057383778E+0	2.0565621928E-3
3.0608968915E+0	1.5660947375E+0	2.0316776194E-3
3.0629161127E+0	1.5269320638E+0	2.0067590939E-3
3.0649103985E+0	1.4882511320E+0	1.9818070327E-3
3.0668797157E+0	1.4500527050E+0	1.9568218529E-3
3.0688240313E+0	1.4123375333E+0	1.9318039720E-3
3.0707433129E+0	1.3751063551E+0	1.9067538080E-3
3.0726375283E+0	1.3383598966E+0	1.8816717796E-3
3.0745066460E+0	1.3020988717E+0	1.8565583060E-3
3.0763506346E+0	1.2663239825E+0	1.8314138067E-3
3.0781694634E+0	1.2310359190E+0	1.8062387021E-3
3.0799631019E+0	1.1962353597E+0	1.7810334128E-3
3.0817315203E+0	1.1619229709E+0	1.7557983600E-3
3.0834746889E+0	1.1280994076E+0	1.7305339655E-3
3.0851925786E+0	1.0947653131E+0	1.7052406515E-3
3.0868851607E+0	1.0619213191E+0	1.6799188405E-3
3.0885524069E+0	1.0295680459E+0	1.6545689559E-3
3.0901942894E+0	9.9770610276E-1	1.6291914212E-3
3.0918107807E+0	9.6633608726E-1	1.6037866605E-3
3.0934018538E+0	9.3545858602E-1	1.5783550984E-3
3.0949674821E+0	9.0507417452E-1	1.5528971598E-3
3.0965076394E+0	8.7518341719E-1	1.5274132703E-3
3.0980223001E+0	8.4578686752E-1	1.5019038556E-3
3.0995114388E+0	8.1688506813E-1	1.4763693421E-3
3.1009750306E+0	7.8847855080E-1	1.4508101565E-3
3.1024130510E+0	7.6056783661E-1	1.4252267258E-3
3.1038254761E+0	7.3315343597E-1	1.3996194778E-3
3.1052122822E+0	7.0623584869E-1	1.3739888402E-3
3.1065734461E+0	6.7981556408E-1	1.3483352414E-3
3.1079089451E+0	6.5389306098E-1	1.3226591101E-3
3.1092187570E+0	6.2846880786E-1	1.2969608754E-3
3.1105028597E+0	6.0354326288E-1	1.2712409668E-3
3.1117612318E+0	5.7911687395E-1	1.2454998140E-3
3.1129938524E+0	5.5519007880E-1	1.2197378472E-3
3.1142007007E+0	5.3176330502E-1	1.1939554970E-3
3.1153817567E+0	5.0883697017E-1	1.1681531941E-3
3.1165370006E+0	4.8641148182E-1	1.1423313699E-3
3.1176664131E+0	4.6448723760E-1	1.1164904558E-3
3.1187699753E+0	4.4306462526E-1	1.0906308836E-3
3.1198476688E+0	4.2214402274E-1	1.0647530855E-3
3.1208994755E+0	4.0172579824E-1	1.0388574939E-3
3.1219253780E+0	3.8181031026E-1	1.0129445417E-3
3.1229253590E+0	3.6239790763E-1	9.8701466182E-4
3.1238994018E+0	3.4348892962E-1	9.6106828758E-4
3.1248474902E+0	3.2508370596E-1	9.3510585261E-4
3.1257696083E+0	3.0718255688E-1	9.0912779076E-4
3.1266657407E+0	2.8978579319E-1	8.8313453619E-4
3.1275358724E+0	2.7289371631E-1	8.5712652325E-4
3.1283799890E+0	2.5650661832E-1	8.3110418659E-4
3.1291980762E+0	2.4062478203E-1	8.0506796108E-4
3.1299901204E+0	2.2524848098E-1	7.7901828182E-4
3.1307561084E+0	2.1037797952E-1	7.5295558414E-4
3.1314960274E+0	1.9601353286E-1	7.2688030358E-4
3.1322098650E+0	1.8215538706E-1	7.0079287589E-4
3.1328976092E+0	1.6880377913E-1	6.7469373705E-4
3.1335592487E+0	1.5595893703E-1	6.4858332323E-4
3.1341947723E+0	1.4362107974E-1	6.2246207073E-4
3.1348041694E+0	1.3179041726E-1	5.9633041614E-4
3.1353874298E+0	1.2046715067E-1	5.7018879612E-4
3.1359445438E+0	1.0965147214E-1	5.4403764760E-4
3.1364755020E+0	9.9343565005E-2	5.1787740760E-4
3.1369802957E+0	8.9543603748E-2	4.9170851331E-4
3.1374589163E+0	8.0251754055E-2	4.6553140213E-4
3.1379113559E+0	7.1468172838E-2	4.3934651156E-4
3.1383376069E+0	6.3193008257E-2	4.1315427928E-4
3.1387376622E+0	5.5426399751E-2	3.8695514312E-4
3.1391115150E+0	4.8168478055E-2	3.6074954110E-4
3.1394591592E+0	4.1419365224E-2	3.3453791144E-4
3.1397805890E+0	3.5179174651E-2	3.0832069259E-4
3.1400757989E+0	2.9448011082E-2	2.8209832342E-4
3.1403447841E+0	2.4225970625E-2	2.5587124334E-4
3.1405875400E+0	1.9513140758E-2	2.2963989267E-4
3.1408040626E+0	1.5309600314E-2	2.0340471372E-4
3.1409943483E+0	1.1615419447E-2	1.7716615272E-4
3.1411583939E+0	8.4306595182E-3	1.5092466531E-4
3.1412961968E+0	5.7553728031E-3	1.2468073282E-4
3.1414077547E+0	3.5896015668E-3	9.8434919423E-5
3.1414930663E+0	1.9333745735E-3	7.2188137769E-5
3.1415521316E+0	7.8668831349E-4	4.5943520243E-5
3.1415849628E+0	1.4930725906E-4	1.9736940383E-5