# Differential cross section		
# Author: P. Swaczyna	Princeton University	(swaczyna@princeton.edu)
# Date: 	Wed 17 Feb 2021 15:31:13	
# 		
# Charge transfer collision: He^0 + He^+ -> He^+ + He^0		
# 		
# Red. mass: 	1.8640723202E+9	 eV/c^2
# CM energy: 	1.9498445998E-2	 eV
# Rel speed: 	1.3712111055E+5	 cm/s
# Tot sigma: 	N/A	 a.u.
# Int sigma: 	1.6875207419E+2	 a.u.
# 		
# Columns:		
# the <- scattering angle (rad)		
# dcs <- dsigma/dOmega*2*pi*sin(the) (a.u. = 2.8002852056E-17 cm^2)		
# wei <- weight for cross section integration (approx. width of angle bin)		
# 		
# the	dcs	wei
7.6907532846E-6	8.2640182416E-3	1.9736940383E-5
4.0521979771E-5	4.3542453251E-2	4.5943520243E-5
9.9587300392E-5	1.0701026045E-1	7.2188137769E-5
1.8489884726E-4	1.9867964942E-1	9.8434919423E-5
2.9645680168E-4	3.1854849360E-1	1.2468073282E-4
4.3425968311E-4	4.6661015715E-1	1.5092466531E-4
5.9830531657E-4	6.4285292785E-1	1.7716615272E-4
7.8859101285E-4	8.4725822756E-1	2.0340471372E-4
1.0051136166E-3	1.0797983050E+0	2.2963989267E-4
1.2478695220E-3	1.3404335203E+0	2.5587124334E-4
1.5168546797E-3	1.6291092478E+0	2.8209832342E-4
1.8120645986E-3	1.9457524069E+0	3.0832069259E-4
2.1334943481E-3	2.2902676284E+0	3.3453791144E-4
2.4811385584E-3	2.6625330617E+0	3.6074954110E-4
2.8549914211E-3	3.0623958329E+0	3.8695514312E-4
3.2550466893E-3	3.4896671608E+0	4.1315427928E-4
3.6812976783E-3	3.9441171452E+0	4.3934651156E-4
4.1337372652E-3	4.4254692408E+0	4.6553140213E-4
4.6123578895E-3	4.9333944329E+0	4.9170851331E-4
5.1171515529E-3	5.4675051391E+0	5.1787740760E-4
5.6481098199E-3	6.0273488572E+0	5.4403764760E-4
6.2052238176E-3	6.6124015912E+0	5.7018879612E-4
6.7884842360E-3	7.2220610867E+0	5.9633041614E-4
7.3978813281E-3	7.8556399150E+0	6.2246207073E-4
8.0334049101E-3	8.5123584471E+0	6.4858332323E-4
8.6950443616E-3	9.1913377697E+0	6.7469373705E-4
9.3827886258E-3	9.8915925944E+0	7.0079287589E-4
1.0096626210E-2	1.0612024225E+1	7.2688030358E-4
1.0836545184E-2	1.1351413650E+1	7.5295558414E-4
1.1602533184E-2	1.2108414828E+1	7.7901828182E-4
1.2394577408E-2	1.2881548267E+1	8.0506796108E-4
1.3212664621E-2	1.3669194958E+1	8.3110418659E-4
1.4056781152E-2	1.4469590789E+1	8.5712652325E-4
1.4926912893E-2	1.5280821519E+1	8.8313453619E-4
1.5823045305E-2	1.6100818434E+1	9.0912779076E-4
1.6745163410E-2	1.6927354804E+1	9.3510585261E-4
1.7693251801E-2	1.7758043251E+1	9.6106828758E-4
1.8667294632E-2	1.8590334174E+1	9.8701466182E-4
1.9667275626E-2	1.9421515345E+1	1.0129445417E-3
2.0693178073E-2	2.0248712832E+1	1.0388574939E-3
2.1744984827E-2	2.1068893376E+1	1.0647530855E-3
2.2822678313E-2	2.1878868362E+1	1.0906308836E-3
2.3926240519E-2	2.2675299540E+1	1.1164904558E-3
2.5055653005E-2	2.3454706610E+1	1.1423313699E-3
2.6210896896E-2	2.4213476834E+1	1.1681531941E-3
2.7391952886E-2	2.4947876776E+1	1.1939554970E-3
2.8598801239E-2	2.5654066310E+1	1.2197378472E-3
2.9831421786E-2	2.6328114987E+1	1.2454998140E-3
3.1089793929E-2	2.6966020865E+1	1.2712409668E-3
3.2373896638E-2	2.7563731876E+1	1.2969608754E-3
3.3683708455E-2	2.8117169770E+1	1.3226591101E-3
3.5019207490E-2	2.8622256684E+1	1.3483352414E-3
3.6380371427E-2	2.9074944320E+1	1.3739888402E-3
3.7767177517E-2	2.9471245707E+1	1.3996194778E-3
3.9179602586E-2	2.9807269477E+1	1.4252267258E-3
4.0617623030E-2	3.0079256547E+1	1.4508101565E-3
4.2081214817E-2	3.0283619051E+1	1.4763693421E-3
4.3570353490E-2	3.0416981330E+1	1.5019038556E-3
4.5085014162E-2	3.0476222724E+1	1.5274132703E-3
4.6625171522E-2	3.0458521870E+1	1.5528971598E-3
4.8190799831E-2	3.0361402138E+1	1.5783550984E-3
4.9781872927E-2	3.0182777805E+1	1.6037866605E-3
5.1398364219E-2	2.9921000476E+1	1.6291914212E-3
5.3040246694E-2	2.9574905238E+1	1.6545689559E-3
5.4707492914E-2	2.9143855936E+1	1.6799188405E-3
5.6400075017E-2	2.8627788947E+1	1.7052406515E-3
5.8117964718E-2	2.8027254729E+1	1.7305339655E-3
5.9861133308E-2	2.7343456421E+1	1.7557983600E-3
6.1629551657E-2	2.6578284672E+1	1.7810334128E-3
6.3423190212E-2	2.5734347902E+1	1.8062387021E-3
6.5242019000E-2	2.4814997112E+1	1.8314138067E-3
6.7086007624E-2	2.3824344387E+1	1.8565583060E-3
6.8955125270E-2	2.2767274206E+1	1.8816717796E-3
7.0849340702E-2	2.1649446698E+1	1.9067538080E-3
7.2768622264E-2	2.0477291991E+1	1.9318039720E-3
7.4712937885E-2	1.9257994869E+1	1.9568218529E-3
7.6682255070E-2	1.7999468975E+1	1.9818070327E-3
7.8676540910E-2	1.6710319928E+1	2.0067590939E-3
8.0695762079E-2	1.5399796777E+1	2.0316776194E-3
8.2739884832E-2	1.4077731369E+1	2.0565621928E-3
8.4808875009E-2	1.2754465354E+1	2.0814123983E-3
8.6902698034E-2	1.1440764696E+1	2.1062278206E-3
8.9021318917E-2	1.0147721789E+1	2.1310080450E-3
9.1164702253E-2	8.8866454514E+0	2.1557526574E-3
9.3332812224E-2	7.6689393419E+0	2.1804612443E-3
9.5525612596E-2	6.5059695604E+0	2.2051333928E-3
9.7743066726E-2	5.4089224894E+0	2.2297686905E-3
9.9985137556E-2	4.3886541962E+0	2.2543667257E-3
1.0225178762E-1	3.4555330066E+0	2.2789270875E-3
1.0454297904E-1	2.6192771525E+0	2.3034493653E-3
1.0685867352E-1	1.8887896766E+0	2.3279331494E-3
1.0919883237E-1	1.2719930612E+0	2.3523780306E-3
1.1156341648E-1	7.7566630271E-1	2.3767836004E-3
1.1395238633E-1	4.0528739371E-1	2.4011494510E-3
1.1636570200E-1	1.6488437927E-1	2.4254751751E-3
1.1880332317E-1	5.6898317413E-2	2.4497603662E-3
1.2126520909E-1	8.2061591256E-2	2.4740046186E-3
1.2375131862E-1	2.3929507824E-1	2.4982075270E-3
1.2626161023E-1	5.2562767549E-1	2.5223686871E-3
1.2879604195E-1	9.3614159996E-1	2.5464876949E-3
1.3135457143E-1	1.4639467214E+0	2.5705641475E-3
1.3393715592E-1	2.1001869390E+0	2.5945976426E-3
1.3654375226E-1	2.8340812738E+0	2.6185877784E-3
1.3917431689E-1	3.6530019148E+0	2.6425341541E-3
1.4182880585E-1	4.5425909305E+0	2.6664363695E-3
1.4450717478E-1	5.4869167279E+0	2.6902940251E-3
1.4720937892E-1	6.4686706319E+0	2.7141067224E-3
1.4993537310E-1	7.4694031515E+0	2.7378740632E-3
1.5268511179E-1	8.4697986229E+0	2.7615956505E-3
1.5545854902E-1	9.4499859803E+0	2.7852710878E-3
1.5825563845E-1	1.0389882408E+1	2.8088999795E-3
1.6107633333E-1	1.1269565613E+1	2.8324819307E-3
1.6392058653E-1	1.2069669416E+1	2.8560165473E-3
1.6678835052E-1	1.2771796356E+1	2.8795034361E-3
1.6967957737E-1	1.3358940014E+1	2.9029422044E-3
1.7259421876E-1	1.3815908868E+1	2.9263324607E-3
1.7553222599E-1	1.4129742698E+1	2.9496738141E-3
1.7849354996E-1	1.4290111863E+1	2.9729658744E-3
1.8147814117E-1	1.4289689306E+1	2.9962082525E-3
1.8448594977E-1	1.4124484824E+1	3.0194005599E-3
1.8751692548E-1	1.3794131039E+1	3.0425424091E-3
1.9057101764E-1	1.3302110726E+1	3.0656334132E-3
1.9364817522E-1	1.2655915570E+1	3.0886731866E-3
1.9674834681E-1	1.1867127181E+1	3.1116613440E-3
1.9987148058E-1	1.0951412252E+1	3.1345975014E-3
2.0301752435E-1	9.9284251132E+0	3.1574812755E-3
2.0618642554E-1	8.8216125866E+0	3.1803122838E-3
2.0937813120E-1	7.6579180404E+0	3.2030901448E-3
2.1259258799E-1	6.4673837520E+0	3.2258144779E-3
2.1582974219E-1	5.2826531825E+0	3.2484849032E-3
2.1908953970E-1	4.1383774257E+0	3.2711010421E-3
2.2237192605E-1	3.0705329061E+0	3.2936625164E-3
2.2567684639E-1	2.1156602829E+0	3.3161689492E-3
2.2900424548E-1	1.3100373989E+0	3.3386199643E-3
2.3235406772E-1	6.8880191514E-1	3.3610151867E-3
2.3572625713E-1	2.8504189885E-1	3.3833542419E-3
2.3912075735E-1	1.2887499783E-1	3.4056367567E-3
2.4253751167E-1	2.4653883564E-1	3.4278623588E-3
2.4597646298E-1	6.5951681134E-1	3.4500306767E-3
2.4943755380E-1	1.3837244889E+0	3.4721413399E-3
2.5292072631E-1	2.4287821357E+0	3.4941939790E-3
2.5642592230E-1	3.7973986415E+0	3.5161882254E-3
2.5995308318E-1	5.4848909648E+0	3.5381237115E-3
2.6350215001E-1	7.4788613697E+0	3.5600000709E-3
2.6707306349E-1	9.7590520184E+0	3.5818169379E-3
2.7066576394E-1	1.2297392979E+1	3.6035739479E-3
2.7428019131E-1	1.5058255427E+1	3.6252707373E-3
2.7791628522E-1	1.7998916822E+1	3.6469069436E-3
2.8157398488E-1	2.1070239239E+1	3.6684822051E-3
2.8525322919E-1	2.4217555904E+1	3.6899961614E-3
2.8895395665E-1	2.7381754547E+1	3.7114484529E-3
2.9267610542E-1	3.0500539538E+1	3.7328387211E-3
2.9641961330E-1	3.3509848182E+1	3.7541666086E-3
3.0018441773E-1	3.6345390192E+1	3.7754317588E-3
3.0397045579E-1	3.8944273499E+1	3.7966338166E-3
3.0777766421E-1	4.1246674369E+1	3.8177724274E-3
3.1160597938E-1	4.3197505632E+1	3.8388472382E-3
3.1545533730E-1	4.4748033744E+1	3.8598578967E-3
3.1932567367E-1	4.5857393773E+1	3.8808040517E-3
3.2321692379E-1	4.6493951261E+1	3.9016853533E-3
3.2712902264E-1	4.6636461469E+1	3.9225014525E-3
3.3106190484E-1	4.6274979849E+1	3.9432520014E-3
3.3501550468E-1	4.5411482687E+1	3.9639366533E-3
3.3898975607E-1	4.4060163714E+1	3.9845550624E-3
3.4298459261E-1	4.2247381031E+1	4.0051068843E-3
3.4699994753E-1	4.0011238674E+1	4.0255917754E-3
3.5103575373E-1	3.7400798403E+1	4.0460093936E-3
3.5509194378E-1	3.4474929464E+1	4.0663593974E-3
3.5916844988E-1	3.1300816812E+1	4.0866414469E-3
3.6326520391E-1	2.7952161160E+1	4.1068552032E-3
3.6738213741E-1	2.4507116740E+1	4.1270003283E-3
3.7151918157E-1	2.1046024410E+1	4.1470764858E-3
3.7567626728E-1	1.7649008091E+1	4.1670833400E-3
3.7985332504E-1	1.4393511138E+1	4.1870205567E-3
3.8405028507E-1	1.1351855523E+1	4.2068878026E-3
3.8826707721E-1	8.5889103233E+0	4.2266847457E-3
3.9250363101E-1	6.1599566152E+0	4.2464110553E-3
3.9675987567E-1	4.1088331742E+0	4.2660664016E-3
4.0103574005E-1	2.4664413504E+0	4.2856504563E-3
4.0533115271E-1	1.2496779995E+0	4.3051628919E-3
4.0964604185E-1	4.6085264855E-1	4.3246033825E-3
4.1398033538E-1	8.7629368054E-2	4.3439716031E-3
4.1833396086E-1	1.0351557972E-1	4.3632672302E-3
4.2270684554E-1	4.6889978725E-1	4.3824899412E-3
4.2709891633E-1	1.1326186888E+0	4.4016394148E-3
4.3151009985E-1	2.0340121010E+0	4.4207153312E-3
4.3594032237E-1	3.1054024810E+0	4.4397173715E-3
4.4038950986E-1	4.2749155069E+0	4.4586452181E-3
4.4485758797E-1	5.4695401081E+0	4.4774985548E-3
4.4934448203E-1	6.6183114442E+0	4.4962770664E-3
4.5385011706E-1	7.6554894632E+0	4.5149804392E-3
4.5837441776E-1	8.5235995479E+0	4.5336083606E-3
4.6291730852E-1	9.1762009729E+0	4.5521605193E-3
4.6747871344E-1	9.5802538153E+0	4.5706366053E-3
4.7205855627E-1	9.7179657463E+0	4.5890363098E-3
4.7665676049E-1	9.5880166841E+0	4.6073593254E-3
4.8127324926E-1	9.2060812450E+0	4.6256053458E-3
4.8590794542E-1	8.6045956547E+0	4.6437740661E-3
4.9056077152E-1	7.8317463786E+0	4.6618651826E-3
4.9523164982E-1	6.9496910710E+0	4.6798783932E-3
4.9992050224E-1	6.0320571747E+0	4.6978133967E-3
5.0462725044E-1	5.1607981483E+0	4.7156698934E-3
5.0935181576E-1	4.4225202449E+0	4.7334475849E-3
5.1409411924E-1	3.9044224139E+0	4.7511461741E-3
5.1885408164E-1	3.6900166572E+0	4.7687653653E-3
5.2363162341E-1	3.8548146036E+0	4.7863048641E-3
5.2842666471E-1	4.4621769328E+0	4.8037643772E-3
5.3323912540E-1	5.5595246125E+0	4.8211436130E-3
5.3806892508E-1	7.1751041050E+0	4.8384422809E-3
5.4291598301E-1	9.3154825343E+0	4.8556600920E-3
5.4778021821E-1	1.1963923512E+1	4.8727967585E-3
5.5266154939E-1	1.5079760578E+1	4.8898519940E-3
5.5755989496E-1	1.8598844177E+1	4.9068255135E-3
5.6247517308E-1	2.2435091300E+1	4.9237170334E-3
5.6740730160E-1	2.6483116362E+1	4.9405262713E-3
5.7235619810E-1	3.0621869793E+1	4.9572529464E-3
5.7732177988E-1	3.4719159611E+1	4.9738967791E-3
5.8230396395E-1	3.8636883614E+1	4.9904574913E-3
5.8730266706E-1	4.2236758131E+1	5.0069348063E-3
5.9231780568E-1	4.5386296056E+1	5.0233284486E-3
5.9734929598E-1	4.7964764159E+1	5.0396381444E-3
6.0239705389E-1	4.9868839097E+1	5.0558636210E-3
6.0746099506E-1	5.1017684339E+1	5.0720046074E-3
6.1254103485E-1	5.1357186861E+1	5.0880608338E-3
6.1763708838E-1	5.0863122779E+1	5.1040320318E-3
6.2274907048E-1	4.9543064288E+1	5.1199179345E-3
6.2787689573E-1	4.7436894636E+1	5.1357182766E-3
6.3302047843E-1	4.4615861301E+1	5.1514327939E-3
6.3817973262E-1	4.1180166997E+1	5.1670612238E-3
6.4335457209E-1	3.7255170549E+1	5.1826033052E-3
6.4854491036E-1	3.2986341152E+1	5.1980587783E-3
6.5375066070E-1	2.8533176526E+1	5.2134273849E-3
6.5897173609E-1	2.4062354153E+1	5.2287088681E-3
6.6420804930E-1	1.9740431690E+1	5.2439029725E-3
6.6945951283E-1	1.5726444940E+1	5.2590094442E-3
6.7472603890E-1	1.2164766926E+1	5.2740280309E-3
6.8000753951E-1	9.1785883187E+0	5.2889584814E-3
6.8530392640E-1	6.8643570312E+0	5.3038005463E-3
6.9061511106E-1	5.2874737665E+0	5.3185539776E-3
6.9594100473E-1	4.4794821148E+0	5.3332185287E-3
7.0128151841E-1	4.4369190396E+0	5.3477939546E-3
7.0663656285E-1	5.1219076611E+0	5.3622800116E-3
7.1200604856E-1	6.4644833746E+0	5.3766764577E-3
7.1738988581E-1	8.3665513141E+0	5.3909830523E-3
7.2278798463E-1	1.0707283072E+1	5.4051995564E-3
7.2820025482E-1	1.3349678581E+1	5.4193257323E-3
7.3362660591E-1	1.6147950009E+1	5.4333613439E-3
7.3906694724E-1	1.8955332818E+1	5.4473061568E-3
7.4452118788E-1	2.1631898214E+1	5.4611599379E-3
7.4998923669E-1	2.4051933644E+1	5.4749224557E-3
7.5547100229E-1	2.6110474866E+1	5.4885934801E-3
7.6096639308E-1	2.7728614316E+1	5.5021727828E-3
7.6647531721E-1	2.8857274374E+1	5.5156601367E-3
7.7199768263E-1	2.9479217717E+1	5.5290553166E-3
7.7753339704E-1	2.9609165879E+1	5.5423580985E-3
7.8308236795E-1	2.9292006230E+1	5.5555682601E-3
7.8864450262E-1	2.8599180441E+1	5.5686855808E-3
7.9421970809E-1	2.7623457815E+1	5.5817098412E-3
7.9980789121E-1	2.6472397682E+1	5.5946408237E-3
8.0540895857E-1	2.5260890214E+1	5.6074783123E-3
8.1102281659E-1	2.4103228835E+1	5.6202220924E-3
8.1664937145E-1	2.3105205300E+1	5.6328719509E-3
8.2228852912E-1	2.2356727457E+1	5.6454276767E-3
8.2794019536E-1	2.1925438237E+1	5.6578890597E-3
8.3360427572E-1	2.1851762848E+1	5.6702558918E-3
8.3928067556E-1	2.2145731767E+1	5.6825279663E-3
8.4496930000E-1	2.2785823974E+1	5.6947050782E-3
8.5067005399E-1	2.3719953499E+1	5.7067870238E-3
8.5638284226E-1	2.4868589865E+1	5.7187736014E-3
8.6210756934E-1	2.6129867112E+1	5.7306646105E-3
8.6784413956E-1	2.7386405349E+1	5.7424598526E-3
8.7359245705E-1	2.8513451352E+1	5.7541591304E-3
8.7935242576E-1	2.9387848494E+1	5.7657622485E-3
8.8512394943E-1	2.9897277943E+1	5.7772690129E-3
8.9090693161E-1	2.9949177682E+1	5.7886792314E-3
8.9670127565E-1	2.9478746936E+1	5.7999927133E-3
9.0250688473E-1	2.8455481877E+1	5.8112092696E-3
9.0832366182E-1	2.6887763030E+1	5.8223287127E-3
9.1415150972E-1	2.4825121838E+1	5.8333508568E-3
9.1999033104E-1	2.2357947766E+1	5.8442755178E-3
9.2584002820E-1	1.9614550445E+1	5.8551025132E-3
9.3170050345E-1	1.6755654636E+1	5.8658316618E-3
9.3757165885E-1	1.3966569188E+1	5.8764627846E-3
9.4345339628E-1	1.1447424476E+1	5.8869957037E-3
9.4934561746E-1	9.4020059165E+0	5.8974302433E-3
9.5524822392E-1	8.0258152397E+0	5.9077662288E-3
9.6116111701E-1	7.4940588221E+0	5.9180034877E-3
9.6708419793E-1	7.9502882143E+0	5.9281418487E-3
9.7301736769E-1	9.4963994277E+0	5.9381811425E-3
9.7896052713E-1	1.2184634466E+1	5.9481212013E-3
9.8491357695E-1	1.6012123922E+1	5.9579618591E-3
9.9087641766E-1	2.0918368762E+1	5.9677029512E-3
9.9684894961E-1	2.6785890734E+1	5.9773443150E-3
1.0028310730E+0	3.3444094177E+1	5.9868857894E-3
1.0088226878E+0	4.0676188716E+1	5.9963272149E-3
1.0148236940E+0	4.8228834607E+1	6.0056684336E-3
1.0208339913E+0	5.5824002217E+1	6.0149092896E-3
1.0268534791E+0	6.3172395451E+1	6.0240496283E-3
1.0328820570E+0	6.9987685452E+1	6.0330892971E-3
1.0389196241E+0	7.6000742723E+1	6.0420281448E-3
1.0449660796E+0	8.0973047491E+1	6.0508660221E-3
1.0510213224E+0	8.4708500903E+1	6.0596027814E-3
1.0570852514E+0	8.7062951541E+1	6.0682382765E-3
1.0631577652E+0	8.7950887521E+1	6.0767723631E-3
1.0692387623E+0	8.7348915936E+1	6.0852048988E-3
1.0753281411E+0	8.5295847982E+1	6.0935357425E-3
1.0814257998E+0	8.1889417246E+1	6.1017647550E-3
1.0875316366E+0	7.7279866989E+1	6.1098917988E-3
1.0936455494E+0	7.1660836069E+1	6.1179167381E-3
1.0997674360E+0	6.5258139684E+1	6.1258394388E-3
1.1058971941E+0	5.8317169151E+1	6.1336597685E-3
1.1120347214E+0	5.1089715612E+1	6.1413775965E-3
1.1181799151E+0	4.3821050274E+1	6.1489927938E-3
1.1243326727E+0	3.6738066198E+1	6.1565052331E-3
1.1304928913E+0	3.0039205249E+1	6.1639147890E-3
1.1366604679E+0	2.3886763794E+1	6.1712213376E-3
1.1428352996E+0	1.8402000480E+1	6.1784247568E-3
1.1490172830E+0	1.3663270467E+1	6.1855249261E-3
1.1552063150E+0	9.7071961384E+0	6.1925217271E-3
1.1614022920E+0	6.5326695351E+0	6.1994150427E-3
1.1676051105E+0	4.1072812723E+0	6.2062047577E-3
1.1738146669E+0	2.3755989801E+0	6.2128907587E-3
1.1800308574E+0	1.2685875368E+0	6.2194729339E-3
1.1862535782E+0	7.1338343679E-1	6.2259511734E-3
1.1924827251E+0	6.4261280083E-1	6.2323253688E-3
1.1987181942E+0	1.0024792378E+0	6.2385954138E-3
1.2049598812E+0	1.7589422360E+0	6.2447612034E-3
1.2112076818E+0	2.9014531148E+0	6.2508226346E-3
1.2174614916E+0	4.4439041050E+0	6.2567796062E-3
1.2237212062E+0	6.4226639514E+0	6.2626320186E-3
1.2299867208E+0	8.8918052559E+0	6.2683797740E-3
1.2362579308E+0	1.1915857998E+1	6.2740227763E-3
1.2425347314E+0	1.5560633425E+1	6.2795609313E-3
1.2488170177E+0	1.9882836981E+1	6.2849941464E-3
1.2551046847E+0	2.4919314383E+1	6.2903223308E-3
1.2613976273E+0	3.0676840813E+1	6.2955453954E-3
1.2676957404E+0	3.7123362911E+1	6.3006632530E-3
1.2739989187E+0	4.4181534738E+1	6.3056758180E-3
1.2803070569E+0	5.1725255061E+1	6.3105830068E-3
1.2866200496E+0	5.9579721636E+1	6.3153847371E-3
1.2929377912E+0	6.7525280655E+1	6.3200809290E-3
1.2992601762E+0	7.5305081721E+1	6.3246715037E-3
1.3055870990E+0	8.2636268778E+1	6.3291563847E-3
1.3119184537E+0	8.9224165039E+1	6.3335354970E-3
1.3182541347E+0	9.4778664788E+1	6.3378087674E-3
1.3245940360E+0	9.9031845291E+1	6.3419761245E-3
1.3309380516E+0	1.0175567381E+2	6.3460374987E-3
1.3372860756E+0	1.0277861952E+2	6.3499928220E-3
1.3436380019E+0	1.0199999525E+2	6.3538420284E-3
1.3499937243E+0	9.9400950961E+1	6.3575850535E-3
1.3563531366E+0	9.5051215684E+1	6.3612218349E-3
1.3627161325E+0	8.9110927662E+1	6.3647523117E-3
1.3690826057E+0	8.1827189015E+1	6.3681764249E-3
1.3754524499E+0	7.3525312604E+1	6.3714941173E-3
1.3818255585E+0	6.4595073126E+1	6.3747053335E-3
1.3882018250E+0	5.5472608613E+1	6.3778100198E-3
1.3945811430E+0	4.6618919468E+1	6.3808081243E-3
1.4009634057E+0	3.8496158462E+1	6.3836995970E-3
1.4073485066E+0	3.1543078863E+1	6.3864843894E-3
1.4137363389E+0	2.6151095547E+1	6.3891624551E-3
1.4201267959E+0	2.2642407947E+1	6.3917337493E-3
1.4265197708E+0	2.1251532557E+1	6.3941982290E-3
1.4329151568E+0	2.2111401742E+1	6.3965558531E-3
1.4393128469E+0	2.5244916183E+1	6.3988065821E-3
1.4457127343E+0	3.0562507693E+1	6.4009503785E-3
1.4521147120E+0	3.7865898875E+1	6.4029872063E-3
1.4585186731E+0	4.6857860921E+1	6.4049170317E-3
1.4649245104E+0	5.7157396696E+1	6.4067398222E-3
1.4713321170E+0	6.8319438654E+1	6.4084555476E-3
1.4777413858E+0	7.9857873129E+1	6.4100641790E-3
1.4841522097E+0	9.1270503410E+1	6.4115656896E-3
1.4905644815E+0	1.0206445724E+2	6.4129600544E-3
1.4969780940E+0	1.1178053740E+2	6.4142472499E-3
1.5033929402E+0	1.2001510664E+2	6.4154272548E-3
1.5098089128E+0	1.2643828419E+2	6.4165000493E-3
1.5162259046E+0	1.3080749557E+2	6.4174656154E-3
1.5226438083E+0	1.3297574277E+2	6.4183239370E-3
1.5290625167E+0	1.3289432285E+2	6.4190749998E-3
1.5354819225E+0	1.3061009474E+2	6.4197187912E-3
1.5419019185E+0	1.2625774912E+2	6.4202553005E-3
1.5483223974E+0	1.2004784922E+2	6.4206845187E-3
1.5547432518E+0	1.1225165954E+2	6.4210064386E-3
1.5611643745E+0	1.0318394727E+2	6.4212210549E-3
1.5675856581E+0	9.3185016585E+1	6.4213283639E-3
1.5740069954E+0	8.2603215823E+1	6.4213283639E-3
1.5804282791E+0	7.1779044192E+1	6.4212210549E-3
1.5868494018E+0	6.1031790184E+1	6.4210064386E-3
1.5932702562E+0	5.0649373908E+1	6.4206845187E-3
1.5996907351E+0	4.0881762943E+1	6.4202553005E-3
1.6061107310E+0	3.1938010669E+1	6.4197187912E-3
1.6125301369E+0	2.3986653994E+1	6.4190749998E-3
1.6189488453E+0	1.7158929367E+1	6.4183239370E-3
1.6253667490E+0	1.1554044705E+1	6.4174656154E-3
1.6317837408E+0	7.2455982500E+0	6.4165000493E-3
1.6381997134E+0	4.2881751384E+0	6.4154272548E-3
1.6446145595E+0	2.7231833013E+0	6.4142472499E-3
1.6510281721E+0	2.5831090845E+0	6.4129600544E-3
1.6574404439E+0	3.8935694186E+0	6.4115656896E-3
1.6638512678E+0	6.6727944253E+0	6.4100641790E-3
1.6702605366E+0	1.0928469785E+1	6.4084555476E-3
1.6766681432E+0	1.6652176252E+1	6.4067398222E-3
1.6830739805E+0	2.3811957186E+1	6.4049170317E-3
1.6894779416E+0	3.2343797492E+1	6.4029872063E-3
1.6958799193E+0	4.2142985475E+1	6.4009503785E-3
1.7022798067E+0	5.3056434313E+1	6.3988065821E-3
1.7086774968E+0	6.4877050217E+1	6.3965558531E-3
1.7150728827E+0	7.7341145474E+1	6.3941982290E-3
1.7214658576E+0	9.0129710331E+1	6.3917337493E-3
1.7278563146E+0	1.0287408978E+2	6.3891624551E-3
1.7342441470E+0	1.1516627880E+2	6.3864843894E-3
1.7406292478E+0	1.2657367713E+2	6.3836995970E-3
1.7470115106E+0	1.3665776128E+2	6.3808081243E-3
1.7533908286E+0	1.4499576722E+2	6.3778100198E-3
1.7597670951E+0	1.5120416231E+2	6.3747053335E-3
1.7661402037E+0	1.5496244653E+2	6.3714941173E-3
1.7725100479E+0	1.5603568221E+2	6.3681764249E-3
1.7788765211E+0	1.5429412335E+2	6.3647523117E-3
1.7852395170E+0	1.4972840726E+2	6.3612218349E-3
1.7915989293E+0	1.4245897924E+2	6.3575850535E-3
1.7979546517E+0	1.3273873561E+2	6.3538420284E-3
1.8043065780E+0	1.2094827056E+2	6.3499928220E-3
1.8106546020E+0	1.0758357372E+2	6.3460374987E-3
1.8169986176E+0	9.3236514586E+1	6.3419761245E-3
1.8233385189E+0	7.8568935232E+1	6.3378087674E-3
1.8296741999E+0	6.4281617685E+1	6.3335354970E-3
1.8360055546E+0	5.1079766842E+1	6.3291563847E-3
1.8423324774E+0	3.9636924755E+1	6.3246715037E-3
1.8486548624E+0	3.0559387928E+1	6.3200809290E-3
1.8549726040E+0	2.4353222695E+1	6.3153847371E-3
1.8612855967E+0	2.1395861551E+1	6.3105830068E-3
1.8675937349E+0	2.1914021468E+1	6.3056758180E-3
1.8738969132E+0	2.5969328591E+1	6.3006632530E-3
1.8801950263E+0	3.3452585396E+1	6.2955453954E-3
1.8864879689E+0	4.4087105483E+1	6.2903223308E-3
1.8927756359E+0	5.7441001273E+1	6.2849941464E-3
1.8990579222E+0	7.2947776330E+1	6.2795609313E-3
1.9053347228E+0	8.9934081502E+1	6.2740227763E-3
1.9116059328E+0	1.0765307443E+2	6.2683797740E-3
1.9178714474E+0	1.2532150161E+2	6.2626320186E-3
1.9241311620E+0	1.4215842060E+2	6.2567796062E-3
1.9303849718E+0	1.5742340902E+2	6.2508226346E-3
1.9366327724E+0	1.7045216801E+2	6.2447612034E-3
1.9428744594E+0	1.8068761611E+2	6.2385954138E-3
1.9491099285E+0	1.8770486901E+2	6.2323253688E-3
1.9553390754E+0	1.9122889022E+2	6.2259511734E-3
1.9615617961E+0	1.9114405105E+2	6.2194729339E-3
1.9677779867E+0	1.8749532375E+2	6.2128907587E-3
1.9739875431E+0	1.8048131810E+2	6.2062047577E-3
1.9801903616E+0	1.7043982939E+2	6.1994150427E-3
1.9863863386E+0	1.5782696479E+2	6.1925217271E-3
1.9925753706E+0	1.4319123520E+2	6.1855249261E-3
1.9987573540E+0	1.2714422166E+2	6.1784247568E-3
2.0049321857E+0	1.1032954168E+2	6.1712213376E-3
2.0110997623E+0	9.3391847844E+1	6.1639147890E-3
2.0172599809E+0	7.6947493836E+1	6.1565052331E-3
2.0234127385E+0	6.1558314337E+1	6.1489927938E-3
2.0295579322E+0	4.7709700345E+1	6.1413775965E-3
2.0356954595E+0	3.5793833033E+1	6.1336597685E-3
2.0418252176E+0	2.6098589647E+1	6.1258394388E-3
2.0479471042E+0	1.8802278875E+1	6.1179167381E-3
2.0540610170E+0	1.3974023256E+1	6.1098917988E-3
2.0601668538E+0	1.1579303237E+1	6.1017647550E-3
2.0662645125E+0	1.1489927977E+1	6.0935357425E-3
2.0723538913E+0	1.3497513778E+1	6.0852048988E-3
2.0784348884E+0	1.7329438843E+1	6.0767723631E-3
2.0845074022E+0	2.2666204098E+1	6.0682382765E-3
2.0905713312E+0	2.9159160260E+1	6.0596027814E-3
2.0966265740E+0	3.6447652909E+1	6.0508660221E-3
2.1026730295E+0	4.4174778273E+1	6.0420281448E-3
2.1087105966E+0	5.2001118443E+1	6.0330892971E-3
2.1147391745E+0	5.9616020443E+1	6.0240496283E-3
2.1207586623E+0	6.6746183580E+1	6.0149092896E-3
2.1267689596E+0	7.3161509418E+1	6.0056684336E-3
2.1327699657E+0	7.8678336583E+1	5.9963272149E-3
2.1387615806E+0	8.3160318844E+1	5.9868857894E-3
2.1447437040E+0	8.6517303763E+1	5.9773443150E-3
2.1507162359E+0	8.8702627888E+1	5.9677029512E-3
2.1566790766E+0	8.9709263911E+1	5.9579618591E-3
2.1626321265E+0	8.9565239205E+1	5.9481212013E-3
2.1685752859E+0	8.8328699830E+1	5.9381811425E-3
2.1745084557E+0	8.6082927539E+1	5.9281418487E-3
2.1804315366E+0	8.2931538147E+1	5.9180034877E-3
2.1863444297E+0	7.8994006924E+1	5.9077662288E-3
2.1922470361E+0	7.4401588549E+1	5.8974302433E-3
2.1981392573E+0	6.9293632614E+1	5.8869957037E-3
2.2040209947E+0	6.3814245683E+1	5.8764627846E-3
2.2098921501E+0	5.8109220647E+1	5.8658316618E-3
2.2157526254E+0	5.2323144187E+1	5.8551025132E-3
2.2216023226E+0	4.6596602334E+1	5.8442755178E-3
2.2274411439E+0	4.1063429290E+1	5.8333508568E-3
2.2332689918E+0	3.5847981080E+1	5.8223287127E-3
2.2390857689E+0	3.1062458020E+1	5.8112092696E-3
2.2448913779E+0	2.6804342354E+1	5.7999927133E-3
2.2506857220E+0	2.3154054323E+1	5.7886792314E-3
2.2564687042E+0	2.0172956487E+1	5.7772690129E-3
2.2622402278E+0	1.7901848659E+1	5.7657622485E-3
2.2680001965E+0	1.6360092228E+1	5.7541591304E-3
2.2737485140E+0	1.5545482470E+1	5.7424598526E-3
2.2794850843E+0	1.5434951696E+1	5.7306646105E-3
2.2852098113E+0	1.5986137740E+1	5.7187736014E-3
2.2909225996E+0	1.7139795035E+1	5.7067870238E-3
2.2966233536E+0	1.8822964509E+1	5.6947050782E-3
2.3023119780E+0	2.0952758958E+1	5.6825279663E-3
2.3079883779E+0	2.3440567818E+1	5.6702558918E-3
2.3136524582E+0	2.6196444323E+1	5.6578890597E-3
2.3193041245E+0	2.9133412789E+1	5.6454276767E-3
2.3249432821E+0	3.2171427121E+1	5.6328719509E-3
2.3305698370E+0	3.5240724808E+1	5.6202220924E-3
2.3361836950E+0	3.8284353551E+1	5.6074783123E-3
2.3417847624E+0	4.1259698226E+1	5.5946408237E-3
2.3473729455E+0	4.4138901125E+1	5.5817098412E-3
2.3529481510E+0	4.6908143637E+1	5.5686855808E-3
2.3585102856E+0	4.9565837654E+1	5.5555682601E-3
2.3640592565E+0	5.2119854056E+1	5.5423580985E-3
2.3695949710E+0	5.4583988002E+1	5.5290553166E-3
2.3751173364E+0	5.6973920950E+1	5.5156601367E-3
2.3806262605E+0	5.9302982793E+1	5.5021727828E-3
2.3861216513E+0	6.1578040726E+1	5.4885934801E-3
2.3916034169E+0	6.3795842497E+1	5.4749224557E-3
2.3970714657E+0	6.5940119792E+1	5.4611599379E-3
2.4025257064E+0	6.7979713979E+1	5.4473061568E-3
2.4079660477E+0	6.9867923589E+1	5.4333613439E-3
2.4133923988E+0	7.1543194822E+1	5.4193257323E-3
2.4188046690E+0	7.2931187875E+1	5.4051995564E-3
2.4242027678E+0	7.3948158760E+1	5.3909830523E-3
2.4295866050E+0	7.4505504541E+1	5.3766764577E-3
2.4349560907E+0	7.4515235554E+1	5.3622800116E-3
2.4403111352E+0	7.3896066798E+1	5.3477939546E-3
2.4456516489E+0	7.2579766990E+1	5.3332185287E-3
2.4509775425E+0	7.0517371472E+1	5.3185539776E-3
2.4562887272E+0	6.7684856573E+1	5.3038005463E-3
2.4615851141E+0	6.4087888954E+1	5.2889584814E-3
2.4668666147E+0	5.9765303322E+1	5.2740280309E-3
2.4721331408E+0	5.4791023535E+1	5.2590094442E-3
2.4773846043E+0	4.9274222025E+1	5.2439029725E-3
2.4826209175E+0	4.3357606265E+1	5.2287088681E-3
2.4878419929E+0	3.7213823112E+1	5.2134273849E-3
2.4930477432E+0	3.1040076679E+1	5.1980587783E-3
2.4982380815E+0	2.5051156707E+1	5.1826033052E-3
2.5034129210E+0	1.9471166682E+1	5.1670612238E-3
2.5085721752E+0	1.4524318797E+1	5.1514327939E-3
2.5137157579E+0	1.0425222038E+1	5.1357182766E-3
2.5188435831E+0	7.3691268180E+0	5.1199179345E-3
2.5239555652E+0	5.5226027190E+0	5.1040320318E-3
2.5290516187E+0	5.0151142513E+0	5.0880608338E-3
2.5341316585E+0	5.9319238226E+0	5.0720046074E-3
2.5391955997E+0	8.3086932225E+0	5.0558636210E-3
2.5442433576E+0	1.2128077979E+1	5.0396381444E-3
2.5492748479E+0	1.7318517009E+1	5.0233284486E-3
2.5542899865E+0	2.3755317816E+1	5.0069348063E-3
2.5592886896E+0	3.1264030387E+1	4.9904574913E-3
2.5642708737E+0	3.9625996206E+1	4.9738967791E-3
2.5692364555E+0	4.8585857824E+1	4.9572529464E-3
2.5741853520E+0	5.7860724033E+1	4.9405262713E-3
2.5791174805E+0	6.7150610074E+1	4.9237170334E-3
2.5840327586E+0	7.6149715052E+1	4.9068255135E-3
2.5889311042E+0	8.4558062084E+1	4.8898519940E-3
2.5938124354E+0	9.2093012149E+1	4.8727967585E-3
2.5986766706E+0	9.8500170381E+1	4.8556600920E-3
2.6035237285E+0	1.0356323284E+2	4.8384422809E-3
2.6083535282E+0	1.0711237070E+2	4.8211436130E-3
2.6131659889E+0	1.0903081492E+2	4.8037643772E-3
2.6179610302E+0	1.0925938367E+2	4.7863048641E-3
2.6227385719E+0	1.0779878459E+2	4.7687653653E-3
2.6274985343E+0	1.0470961796E+2	4.7511461741E-3
2.6322408378E+0	1.0011010308E+2	4.7334475849E-3
2.6369654032E+0	9.4171642557E+1	4.7156698934E-3
2.6416721513E+0	8.7112424646E+1	4.6978133967E-3
2.6463610038E+0	7.9189338954E+1	4.6798783932E-3
2.6510318821E+0	7.0688542066E+1	4.6618651826E-3
2.6556847082E+0	6.1915055862E+1	4.6437740661E-3
2.6603194043E+0	5.3181810164E+1	4.6256053458E-3
2.6649358931E+0	4.4798552862E+1	4.6073593254E-3
2.6695340973E+0	3.7061044778E+1	4.5890363098E-3
2.6741139402E+0	3.0240934190E+1	4.5706366053E-3
2.6786753451E+0	2.4576668796E+1	4.5521605193E-3
2.6832182358E+0	2.0265753006E+1	4.5336083606E-3
2.6877425365E+0	1.7458598378E+1	4.5149804392E-3
2.6922481716E+0	1.6254147705E+1	4.4962770664E-3
2.6967350656E+0	1.6697381545E+1	4.4774985548E-3
2.7012031437E+0	1.8778743091E+1	4.4586452181E-3
2.7056523312E+0	2.2435445967E+1	4.4397173715E-3
2.7100825537E+0	2.7554562572E+1	4.4207153312E-3
2.7144937373E+0	3.3977730359E+1	4.4016394148E-3
2.7188858081E+0	4.1507261867E+1	4.3824899412E-3
2.7232586927E+0	4.9913402929E+1	4.3632672302E-3
2.7276123182E+0	5.8942453338E+1	4.3439716031E-3
2.7319466117E+0	6.8325445861E+1	4.3246033825E-3
2.7362615009E+0	7.7787072855E+1	4.3051628919E-3
2.7405569135E+0	8.7054554546E+1	4.2856504563E-3
2.7448327779E+0	9.5866158343E+1	4.2660664016E-3
2.7490890226E+0	1.0397910333E+2	4.2464110553E-3
2.7533255764E+0	1.1117661676E+2	4.2266847457E-3
2.7575423685E+0	1.1727394835E+2	4.2068878026E-3
2.7617393285E+0	1.2212319183E+2	4.1870205567E-3
2.7659163863E+0	1.2561680933E+2	4.1670833400E-3
2.7700734720E+0	1.2768980148E+2	4.1470764858E-3
2.7742105162E+0	1.2832051256E+2	4.1270003283E-3
2.7783274497E+0	1.2753010413E+2	4.1068552032E-3
2.7824242037E+0	1.2538077102E+2	4.0866414469E-3
2.7865007098E+0	1.2197280919E+2	4.0663593974E-3
2.7905568999E+0	1.1744067497E+2	4.0460093936E-3
2.7945927061E+0	1.1194819885E+2	4.0255917754E-3
2.7986080610E+0	1.0568313395E+2	4.0051068843E-3
2.8026028975E+0	9.8851229554E+1	3.9845550624E-3
2.8065771489E+0	9.1670023949E+1	3.9639366533E-3
2.8105307487E+0	8.4362547810E+1	3.9432520014E-3
2.8144636309E+0	7.7151121549E+1	3.9225014525E-3
2.8183757298E+0	7.0251416348E+1	3.9016853533E-3
2.8222669799E+0	6.3866931199E+1	3.8808040517E-3
2.8261373163E+0	5.8184017286E+1	3.8598578967E-3
2.8299866742E+0	5.3367557630E+1	3.8388472382E-3
2.8338149894E+0	4.9557384990E+1	3.8177724274E-3
2.8376221978E+0	4.6865495349E+1	3.7966338166E-3
2.8414082359E+0	4.5374088873E+1	3.7754317588E-3
2.8451730403E+0	4.5134445633E+1	3.7541666086E-3
2.8489165482E+0	4.6166620407E+1	3.7328387211E-3
2.8526386969E+0	4.8459919986E+1	3.7114484529E-3
2.8563394244E+0	5.1974108067E+1	3.6899961614E-3
2.8600186687E+0	5.6641267371E+1	3.6684822051E-3
2.8636763684E+0	6.2368236247E+1	3.6469069436E-3
2.8673124623E+0	6.9039527804E+1	3.6252707373E-3
2.8709268897E+0	7.6520633553E+1	3.6035739479E-3
2.8745195901E+0	8.4661610588E+1	3.5818169379E-3
2.8780905036E+0	9.3300851175E+1	3.5600000709E-3
2.8816395704E+0	1.0226893615E+2	3.5381237115E-3
2.8851667313E+0	1.1139247838E+2	3.5161882254E-3
2.8886719273E+0	1.2049786936E+2	3.4941939790E-3
2.8921550998E+0	1.2941485052E+2	3.4721413399E-3
2.8956161906E+0	1.3797984042E+2	3.4500306767E-3
2.8990551419E+0	1.4603895987E+2	3.4278623588E-3
2.9024718962E+0	1.5345070794E+2	3.4056367567E-3
2.9058663965E+0	1.6008825324E+2	3.3833542419E-3
2.9092385859E+0	1.6584131626E+2	3.3610151867E-3
2.9125884081E+0	1.7061762919E+2	3.3386199643E-3
2.9159158072E+0	1.7434397016E+2	3.3161689492E-3
2.9192207275E+0	1.7696677802E+2	3.2936625164E-3
2.9225031139E+0	1.7845236259E+2	3.2711010421E-3
2.9257629114E+0	1.7878673245E+2	3.2484849032E-3
2.9290000656E+0	1.7797506895E+2	3.2258144779E-3
2.9322145224E+0	1.7604087976E+2	3.2030901448E-3
2.9354062280E+0	1.7302486978E+2	3.1803122838E-3
2.9385751292E+0	1.6898356945E+2	3.1574812755E-3
2.9417211730E+0	1.6398776258E+2	3.1345975014E-3
2.9448443068E+0	1.5812075609E+2	3.1116613440E-3
2.9479444784E+0	1.5147653408E+2	3.0886731866E-3
2.9510216360E+0	1.4415783718E+2	3.0656334132E-3
2.9540757281E+0	1.3627420640E+2	3.0425424091E-3
2.9571067038E+0	1.2794002818E+2	3.0194005599E-3
2.9601145124E+0	1.1927261430E+2	2.9962082525E-3
2.9630991036E+0	1.1039034687E+2	2.9729658744E-3
2.9660604276E+0	1.0141091508E+2	2.9496738141E-3
2.9689984348E+0	9.2449666462E+1	2.9263324607E-3
2.9719130762E+0	8.3618091430E+1	2.9029422044E-3
2.9748043031E+0	7.5022456167E+1	2.8795034361E-3
2.9776720671E+0	6.6762594938E+1	2.8560165473E-3
2.9805163203E+0	5.8930869312E+1	2.8324819307E-3
2.9833370151E+0	5.1611298355E+1	2.8088999795E-3
2.9861341046E+0	4.4878860627E+1	2.7852710878E-3
2.9889075418E+0	3.8798965941E+1	2.7615956505E-3
2.9916572805E+0	3.3427092226E+1	2.7378740632E-3
2.9943832747E+0	2.8808580614E+1	2.7141067224E-3
2.9970854788E+0	2.4978579903E+1	2.6902940251E-3
2.9997638477E+0	2.1962129990E+1	2.6664363695E-3
3.0024183367E+0	1.9774372595E+1	2.6425341541E-3
3.0050489013E+0	1.8420876644E+1	2.6185877784E-3
3.0076554977E+0	1.7898065048E+1	2.5945976426E-3
3.0102380822E+0	1.8193729228E+1	2.5705641475E-3
3.0127966116E+0	1.9287617633E+1	2.5464876949E-3
3.0153310434E+0	2.1152084614E+1	2.5223686871E-3
3.0178413350E+0	2.3752786331E+1	2.4982075270E-3
3.0203274445E+0	2.7049410858E+1	2.4740046186E-3
3.0227893304E+0	3.0996430323E+1	2.4497603662E-3
3.0252269516E+0	3.5543863645E+1	2.4254751751E-3
3.0276402673E+0	4.0638039338E+1	2.4011494510E-3
3.0300292371E+0	4.6222348744E+1	2.3767836004E-3
3.0323938212E+0	5.2237981087E+1	2.3523780306E-3
3.0347339801E+0	5.8624632728E+1	2.3279331494E-3
3.0370496746E+0	6.5321184024E+1	2.3034493653E-3
3.0393408660E+0	7.2266338248E+1	2.2789270875E-3
3.0416075160E+0	7.9399217971E+1	2.2543667257E-3
3.0438495869E+0	8.6659915332E+1	2.2297686905E-3
3.0460670410E+0	9.3989993479E+1	2.2051333928E-3
3.0482598414E+0	1.0133293738E+2	2.1804612443E-3
3.0504279513E+0	1.0863455299E+2	2.1557526574E-3
3.0525713347E+0	1.1584331444E+2	2.1310080450E-3
3.0546899556E+0	1.2291065972E+2	2.1062278206E-3
3.0567837786E+0	1.2979123576E+2	2.0814123983E-3
3.0588527688E+0	1.3644309444E+2	2.0565621928E-3
3.0608968915E+0	1.4282784152E+2	2.0316776194E-3
3.0629161127E+0	1.4891074077E+2	2.0067590939E-3
3.0649103985E+0	1.5466077596E+2	1.9818070327E-3
3.0668797157E+0	1.6005067362E+2	1.9568218529E-3
3.0688240313E+0	1.6505688970E+2	1.9318039720E-3
3.0707433129E+0	1.6965956317E+2	1.9067538080E-3
3.0726375283E+0	1.7384244006E+2	1.8816717796E-3
3.0745066460E+0	1.7759277110E+2	1.8565583060E-3
3.0763506346E+0	1.8090118624E+2	1.8314138067E-3
3.0781694634E+0	1.8376154942E+2	1.8062387021E-3
3.0799631019E+0	1.8617079661E+2	1.7810334128E-3
3.0817315203E+0	1.8812876019E+2	1.7557983600E-3
3.0834746889E+0	1.8963798254E+2	1.7305339655E-3
3.0851925786E+0	1.9070352167E+2	1.7052406515E-3
3.0868851607E+0	1.9133275125E+2	1.6799188405E-3
3.0885524069E+0	1.9153515756E+2	1.6545689559E-3
3.0901942894E+0	1.9132213552E+2	1.6291914212E-3
3.0918107807E+0	1.9070678565E+2	1.6037866605E-3
3.0934018538E+0	1.8970371387E+2	1.5783550984E-3
3.0949674821E+0	1.8832883558E+2	1.5528971598E-3
3.0965076394E+0	1.8659918550E+2	1.5274132703E-3
3.0980223001E+0	1.8453273439E+2	1.5019038556E-3
3.0995114388E+0	1.8214821364E+2	1.4763693421E-3
3.1009750306E+0	1.7946494857E+2	1.4508101565E-3
3.1024130510E+0	1.7650270107E+2	1.4252267258E-3
3.1038254761E+0	1.7328152214E+2	1.3996194778E-3
3.1052122822E+0	1.6982161459E+2	1.3739888402E-3
3.1065734461E+0	1.6614320619E+2	1.3483352414E-3
3.1079089451E+0	1.6226643340E+2	1.3226591101E-3
3.1092187570E+0	1.5821123550E+2	1.2969608754E-3
3.1105028597E+0	1.5399725930E+2	1.2712409668E-3
3.1117612318E+0	1.4964377396E+2	1.2454998140E-3
3.1129938524E+0	1.4516959585E+2	1.2197378472E-3
3.1142007007E+0	1.4059302299E+2	1.1939554970E-3
3.1153817567E+0	1.3593177886E+2	1.1681531941E-3
3.1165370006E+0	1.3120296489E+2	1.1423313699E-3
3.1176664131E+0	1.2642302149E+2	1.1164904558E-3
3.1187699753E+0	1.2160769687E+2	1.0906308836E-3
3.1198476688E+0	1.1677202328E+2	1.0647530855E-3
3.1208994755E+0	1.1193030016E+2	1.0388574939E-3
3.1219253780E+0	1.0709608357E+2	1.0129445417E-3
3.1229253590E+0	1.0228218153E+2	9.8701466182E-4
3.1238994018E+0	9.7500654612E+1	9.6106828758E-4
3.1248474902E+0	9.2762821398E+1	9.3510585261E-4
3.1257696083E+0	8.8079268199E+1	9.0912779076E-4
3.1266657407E+0	8.3459862636E+1	8.8313453619E-4
3.1275358724E+0	7.8913770584E+1	8.5712652325E-4
3.1283799890E+0	7.4449476047E+1	8.3110418659E-4
3.1291980762E+0	7.0074803553E+1	8.0506796108E-4
3.1299901204E+0	6.5796942653E+1	7.7901828182E-4
3.1307561084E+0	6.1622474176E+1	7.5295558414E-4
3.1314960274E+0	5.7557397882E+1	7.2688030358E-4
3.1322098650E+0	5.3607161178E+1	7.0079287589E-4
3.1328976092E+0	4.9776688628E+1	6.7469373705E-4
3.1335592487E+0	4.6070411949E+1	6.4858332323E-4
3.1341947723E+0	4.2492300267E+1	6.2246207073E-4
3.1348041694E+0	3.9045890391E+1	5.9633041614E-4
3.1353874298E+0	3.5734316904E+1	5.7018879612E-4
3.1359445438E+0	3.2560341882E+1	5.4403764760E-4
3.1364755020E+0	2.9526384078E+1	5.1787740760E-4
3.1369802957E+0	2.6634547413E+1	4.9170851331E-4
3.1374589163E+0	2.3886648662E+1	4.6553140213E-4
3.1379113559E+0	2.1284244204E+1	4.3934651156E-4
3.1383376069E+0	1.8828655738E+1	4.1315427928E-4
3.1387376622E+0	1.6520994890E+1	3.8695514312E-4
3.1391115150E+0	1.4362186627E+1	3.6074954110E-4
3.1394591592E+0	1.2352991417E+1	3.3453791144E-4
3.1397805890E+0	1.0494026081E+1	3.0832069259E-4
3.1400757989E+0	8.7857833049E+0	2.8209832342E-4
3.1403447841E+0	7.2286497546E+0	2.5587124334E-4
3.1405875400E+0	5.8229227816E+0	2.2963989267E-4
3.1408040626E+0	4.5688256858E+0	2.0340471372E-4
3.1409943483E+0	3.4665215146E+0	1.7716615272E-4
3.1411583939E+0	2.5161253723E+0	1.5092466531E-4
3.1412961968E+0	1.7177151924E+0	1.2468073282E-4
3.1414077547E+0	1.0713408369E+0	9.8434919423E-5
3.1414930663E+0	5.7703093417E-1	7.2188137769E-5
3.1415521316E+0	2.3479365943E-1	4.5943520243E-5
3.1415849628E+0	4.4562002481E-2	1.9736940383E-5