# Differential cross section		
# Author: P. Swaczyna	Princeton University	(swaczyna@princeton.edu)
# Date: 	Wed 17 Feb 2021 15:27:42	
# 		
# Charge transfer collision: He^0 + He^+ -> He^+ + He^0		
# 		
# Red. mass: 	1.8640723202E+9	 eV/c^2
# CM energy: 	1.8407720015E-3	 eV
# Rel speed: 	4.2131247815E+4	 cm/s
# Tot sigma: 	N/A	 a.u.
# Int sigma: 	3.1900069579E+1	 a.u.
# 		
# Columns:		
# the <- scattering angle (rad)		
# dcs <- dsigma/dOmega*2*pi*sin(the) (a.u. = 2.8002852056E-17 cm^2)		
# wei <- weight for cross section integration (approx. width of angle bin)		
# 		
# the	dcs	wei
7.6907532846E-6	3.4488175679E-5	1.9736940383E-5
4.0521979771E-5	1.8171550488E-4	4.5943520243E-5
9.9587300392E-5	4.4658612145E-4	7.2188137769E-5
1.8489884726E-4	8.2915413301E-4	9.8434919423E-5
2.9645680168E-4	1.3294195180E-3	1.2468073282E-4
4.3425968311E-4	1.9473738234E-3	1.5092466531E-4
5.9830531657E-4	2.6830039254E-3	1.7716615272E-4
7.8859101285E-4	3.5362921250E-3	2.0340471372E-4
1.0051136166E-3	4.5072155153E-3	2.2963989267E-4
1.2478695220E-3	5.5957450723E-3	2.5587124334E-4
1.5168546797E-3	6.8018445689E-3	2.8209832342E-4
1.8120645986E-3	8.1254693425E-3	3.0832069259E-4
2.1334943481E-3	9.5665649285E-3	3.3453791144E-4
2.4811385584E-3	1.1125065565E-2	3.6074954110E-4
2.8549914211E-3	1.2800892577E-2	3.8695514312E-4
3.2550466893E-3	1.4593952641E-2	4.1315427928E-4
3.6812976783E-3	1.6504135944E-2	4.3934651156E-4
4.1337372652E-3	1.8531314241E-2	4.6553140213E-4
4.6123578895E-3	2.0675338817E-2	4.9170851331E-4
5.1171515529E-3	2.2936038374E-2	5.1787740760E-4
5.6481098199E-3	2.5313216854E-2	5.4403764760E-4
6.2052238176E-3	2.7806651208E-2	5.7018879612E-4
6.7884842360E-3	3.0416089140E-2	5.9633041614E-4
7.3978813281E-3	3.3141246843E-2	6.2246207073E-4
8.0334049101E-3	3.5981806752E-2	6.4858332323E-4
8.6950443616E-3	3.8937415344E-2	6.7469373705E-4
9.3827886258E-3	4.2007681021E-2	7.0079287589E-4
1.0096626210E-2	4.5192172104E-2	7.2688030358E-4
1.0836545184E-2	4.8490414998E-2	7.5295558414E-4
1.1602533184E-2	5.1901892545E-2	7.7901828182E-4
1.2394577408E-2	5.5426042648E-2	8.0506796108E-4
1.3212664621E-2	5.9062257199E-2	8.3110418659E-4
1.4056781152E-2	6.2809881386E-2	8.5712652325E-4
1.4926912893E-2	6.6668213442E-2	8.8313453619E-4
1.5823045305E-2	7.0636504914E-2	9.0912779076E-4
1.6745163410E-2	7.4713961524E-2	9.3510585261E-4
1.7693251801E-2	7.8899744720E-2	9.6106828758E-4
1.8667294632E-2	8.3192974009E-2	9.8701466182E-4
1.9667275626E-2	8.7592730161E-2	1.0129445417E-3
2.0693178073E-2	9.2098059415E-2	1.0388574939E-3
2.1744984827E-2	9.6707978777E-2	1.0647530855E-3
2.2822678313E-2	1.0142148255E-1	1.0906308836E-3
2.3926240519E-2	1.0623755022E-1	1.1164904558E-3
2.5055653005E-2	1.1115515583E-1	1.1423313699E-3
2.6210896896E-2	1.1617327901E-1	1.1681531941E-3
2.7391952886E-2	1.2129091778E-1	1.1939554970E-3
2.8598801239E-2	1.2650710326E-1	1.2197378472E-3
2.9831421786E-2	1.3182091661E-1	1.2454998140E-3
3.1089793929E-2	1.3723150810E-1	1.2712409668E-3
3.2373896638E-2	1.4273811873E-1	1.2969608754E-3
3.3683708455E-2	1.4834010446E-1	1.3226591101E-3
3.5019207490E-2	1.5403696328E-1	1.3483352414E-3
3.6380371427E-2	1.5982836523E-1	1.3739888402E-3
3.7767177517E-2	1.6571418567E-1	1.3996194778E-3
3.9179602586E-2	1.7169454192E-1	1.4252267258E-3
4.0617623030E-2	1.7776983349E-1	1.4508101565E-3
4.2081214817E-2	1.8394078603E-1	1.4763693421E-3
4.3570353490E-2	1.9020849929E-1	1.5019038556E-3
4.5085014162E-2	1.9657449922E-1	1.5274132703E-3
4.6625171522E-2	2.0304079432E-1	1.5528971598E-3
4.8190799831E-2	2.0960993656E-1	1.5783550984E-3
4.9781872927E-2	2.1628508685E-1	1.6037866605E-3
5.1398364219E-2	2.2307008541E-1	1.6291914212E-3
5.3040246694E-2	2.2996952695E-1	1.6545689559E-3
5.4707492914E-2	2.3698884099E-1	1.6799188405E-3
5.6400075017E-2	2.4413437722E-1	1.7052406515E-3
5.8117964718E-2	2.5141349615E-1	1.7305339655E-3
5.9861133308E-2	2.5883466497E-1	1.7557983600E-3
6.1629551657E-2	2.6640755870E-1	1.7810334128E-3
6.3423190212E-2	2.7414316663E-1	1.8062387021E-3
6.5242019000E-2	2.8205390394E-1	1.8314138067E-3
6.7086007624E-2	2.9015372850E-1	1.8565583060E-3
6.8955125270E-2	2.9845826266E-1	1.8816717796E-3
7.0849340702E-2	3.0698491990E-1	1.9067538080E-3
7.2768622264E-2	3.1575303611E-1	1.9318039720E-3
7.4712937885E-2	3.2478400523E-1	1.9568218529E-3
7.6682255070E-2	3.3410141890E-1	1.9818070327E-3
7.8676540910E-2	3.4373120983E-1	2.0067590939E-3
8.0695762079E-2	3.5370179832E-1	2.0316776194E-3
8.2739884832E-2	3.6404424147E-1	2.0565621928E-3
8.4808875009E-2	3.7479238462E-1	2.0814123983E-3
8.6902698034E-2	3.8598301411E-1	2.1062278206E-3
8.9021318917E-2	3.9765601092E-1	2.1310080450E-3
9.1164702253E-2	4.0985450419E-1	2.1557526574E-3
9.3332812224E-2	4.2262502388E-1	2.1804612443E-3
9.5525612596E-2	4.3601765145E-1	2.2051333928E-3
9.7743066726E-2	4.5008616774E-1	2.2297686905E-3
9.9985137556E-2	4.6488819673E-1	2.2543667257E-3
1.0225178762E-1	4.8048534412E-1	2.2789270875E-3
1.0454297904E-1	4.9694332932E-1	2.3034493653E-3
1.0685867352E-1	5.1433210961E-1	2.3279331494E-3
1.0919883237E-1	5.3272599499E-1	2.3523780306E-3
1.1156341648E-1	5.5220375211E-1	2.3767836004E-3
1.1395238633E-1	5.7284869584E-1	2.4011494510E-3
1.1636570200E-1	5.9474876670E-1	2.4254751751E-3
1.1880332317E-1	6.1799659246E-1	2.4497603662E-3
1.2126520909E-1	6.4268953220E-1	2.4740046186E-3
1.2375131862E-1	6.6892970085E-1	2.4982075270E-3
1.2626161023E-1	6.9682397250E-1	2.5223686871E-3
1.2879604195E-1	7.2648396043E-1	2.5464876949E-3
1.3135457143E-1	7.5802597204E-1	2.5705641475E-3
1.3393715592E-1	7.9157093667E-1	2.5945976426E-3
1.3654375226E-1	8.2724430440E-1	2.6185877784E-3
1.3917431689E-1	8.6517591392E-1	2.6425341541E-3
1.4182880585E-1	9.0549982753E-1	2.6664363695E-3
1.4450717478E-1	9.4835413146E-1	2.6902940251E-3
1.4720937892E-1	9.9388069975E-1	2.7141067224E-3
1.4993537310E-1	1.0422249199E+0	2.7378740632E-3
1.5268511179E-1	1.0935353789E+0	2.7615956505E-3
1.5545854902E-1	1.1479635077E+0	2.7852710878E-3
1.5825563845E-1	1.2056631836E+0	2.8088999795E-3
1.6107633333E-1	1.2667902884E+0	2.8324819307E-3
1.6392058653E-1	1.3315022222E+0	2.8560165473E-3
1.6678835052E-1	1.3999573714E+0	2.8795034361E-3
1.6967957737E-1	1.4723145309E+0	2.9029422044E-3
1.7259421876E-1	1.5487322804E+0	2.9263324607E-3
1.7553222599E-1	1.6293683130E+0	2.9496738141E-3
1.7849354996E-1	1.7143787198E+0	2.9729658744E-3
1.8147814117E-1	1.8039172274E+0	2.9962082525E-3
1.8448594977E-1	1.8981343922E+0	3.0194005599E-3
1.8751692548E-1	1.9971767513E+0	3.0425424091E-3
1.9057101764E-1	2.1011859319E+0	3.0656334132E-3
1.9364817522E-1	2.2102977221E+0	3.0886731866E-3
1.9674834681E-1	2.3246411050E+0	3.1116613440E-3
1.9987148058E-1	2.4443372592E+0	3.1345975014E-3
2.0301752435E-1	2.5694985297E+0	3.1574812755E-3
2.0618642554E-1	2.7002273725E+0	3.1803122838E-3
2.0937813120E-1	2.8366152777E+0	3.2030901448E-3
2.1259258799E-1	2.9787416757E+0	3.2258144779E-3
2.1582974219E-1	3.1266728326E+0	3.2484849032E-3
2.1908953970E-1	3.2804607396E+0	3.2711010421E-3
2.2237192605E-1	3.4401420034E+0	3.2936625164E-3
2.2567684639E-1	3.6057367441E+0	3.3161689492E-3
2.2900424548E-1	3.7772475080E+0	3.3386199643E-3
2.3235406772E-1	3.9546582027E+0	3.3610151867E-3
2.3572625713E-1	4.1379330623E+0	3.3833542419E-3
2.3912075735E-1	4.3270156515E+0	3.4056367567E-3
2.4253751167E-1	4.5218279165E+0	3.4278623588E-3
2.4597646298E-1	4.7222692924E+0	3.4500306767E-3
2.4943755380E-1	4.9282158759E+0	3.4721413399E-3
2.5292072631E-1	5.1395196719E+0	3.4941939790E-3
2.5642592230E-1	5.3560079242E+0	3.5161882254E-3
2.5995308318E-1	5.5774825395E+0	3.5381237115E-3
2.6350215001E-1	5.8037196137E+0	3.5600000709E-3
2.6707306349E-1	6.0344690699E+0	3.5818169379E-3
2.7066576394E-1	6.2694544169E+0	3.6035739479E-3
2.7428019131E-1	6.5083726377E+0	3.6252707373E-3
2.7791628522E-1	6.7508942150E+0	3.6469069436E-3
2.8157398488E-1	6.9966633026E+0	3.6684822051E-3
2.8525322919E-1	7.2452980501E+0	3.6899961614E-3
2.8895395665E-1	7.4963910866E+0	3.7114484529E-3
2.9267610542E-1	7.7495101699E+0	3.7328387211E-3
2.9641961330E-1	8.0041990066E+0	3.7541666086E-3
3.0018441773E-1	8.2599782463E+0	3.7754317588E-3
3.0397045579E-1	8.5163466538E+0	3.7966338166E-3
3.0777766421E-1	8.7727824602E+0	3.8177724274E-3
3.1160597938E-1	9.0287448950E+0	3.8388472382E-3
3.1545533730E-1	9.2836758971E+0	3.8598578967E-3
3.1932567367E-1	9.5370020036E+0	3.8808040517E-3
3.2321692379E-1	9.7881364129E+0	3.9016853533E-3
3.2712902264E-1	1.0036481217E+1	3.9225014525E-3
3.3106190484E-1	1.0281429795E+1	3.9432520014E-3
3.3501550468E-1	1.0522369365E+1	3.9639366533E-3
3.3898975607E-1	1.0758683675E+1	3.9845550624E-3
3.4298459261E-1	1.0989755835E+1	4.0051068843E-3
3.4699994753E-1	1.1214971262E+1	4.0255917754E-3
3.5103575373E-1	1.1433720736E+1	4.0460093936E-3
3.5509194378E-1	1.1645403544E+1	4.0663593974E-3
3.5916844988E-1	1.1849430698E+1	4.0866414469E-3
3.6326520391E-1	1.2045228205E+1	4.1068552032E-3
3.6738213741E-1	1.2232240371E+1	4.1270003283E-3
3.7151918157E-1	1.2409933113E+1	4.1470764858E-3
3.7567626728E-1	1.2577797265E+1	4.1670833400E-3
3.7985332504E-1	1.2735351845E+1	4.1870205567E-3
3.8405028507E-1	1.2882147264E+1	4.2068878026E-3
3.8826707721E-1	1.3017768445E+1	4.2266847457E-3
3.9250363101E-1	1.3141837842E+1	4.2464110553E-3
3.9675987567E-1	1.3254018313E+1	4.2660664016E-3
4.0103574005E-1	1.3354015830E+1	4.2856504563E-3
4.0533115271E-1	1.3441582014E+1	4.3051628919E-3
4.0964604185E-1	1.3516516437E+1	4.3246033825E-3
4.1398033538E-1	1.3578668707E+1	4.3439716031E-3
4.1833396086E-1	1.3627940272E+1	4.3632672302E-3
4.2270684554E-1	1.3664285962E+1	4.3824899412E-3
4.2709891633E-1	1.3687715205E+1	4.4016394148E-3
4.3151009985E-1	1.3698292938E+1	4.4207153312E-3
4.3594032237E-1	1.3696140170E+1	4.4397173715E-3
4.4038950986E-1	1.3681434191E+1	4.4586452181E-3
4.4485758797E-1	1.3654408416E+1	4.4774985548E-3
4.4934448203E-1	1.3615351855E+1	4.4962770664E-3
4.5385011706E-1	1.3564608200E+1	4.5149804392E-3
4.5837441776E-1	1.3502574524E+1	4.5336083606E-3
4.6291730852E-1	1.3429699602E+1	4.5521605193E-3
4.6747871344E-1	1.3346481844E+1	4.5706366053E-3
4.7205855627E-1	1.3253466860E+1	4.5890363098E-3
4.7665676049E-1	1.3151244656E+1	4.6073593254E-3
4.8127324926E-1	1.3040446489E+1	4.6256053458E-3
4.8590794542E-1	1.2921741378E+1	4.6437740661E-3
4.9056077152E-1	1.2795832325E+1	4.6618651826E-3
4.9523164982E-1	1.2663452231E+1	4.6798783932E-3
4.9992050224E-1	1.2525359577E+1	4.6978133967E-3
5.0462725044E-1	1.2382333860E+1	4.7156698934E-3
5.0935181576E-1	1.2235170862E+1	4.7334475849E-3
5.1409411924E-1	1.2084677747E+1	4.7511461741E-3
5.1885408164E-1	1.1931668061E+1	4.7687653653E-3
5.2363162341E-1	1.1776956654E+1	4.7863048641E-3
5.2842666471E-1	1.1621354574E+1	4.8037643772E-3
5.3323912540E-1	1.1465663989E+1	4.8211436130E-3
5.3806892508E-1	1.1310673162E+1	4.8384422809E-3
5.4291598301E-1	1.1157151539E+1	4.8556600920E-3
5.4778021821E-1	1.1005844999E+1	4.8727967585E-3
5.5266154939E-1	1.0857471293E+1	4.8898519940E-3
5.5755989496E-1	1.0712715740E+1	4.9068255135E-3
5.6247517308E-1	1.0572227201E+1	4.9237170334E-3
5.6740730160E-1	1.0436614387E+1	4.9405262713E-3
5.7235619810E-1	1.0306442527E+1	4.9572529464E-3
5.7732177988E-1	1.0182230435E+1	4.9738967791E-3
5.8230396395E-1	1.0064448011E+1	4.9904574913E-3
5.8730266706E-1	9.9535141930E+0	5.0069348063E-3
5.9231780568E-1	9.8497953853E+0	5.0233284486E-3
5.9734929598E-1	9.7536043835E+0	5.0396381444E-3
6.0239705389E-1	9.6651998026E+0	5.0558636210E-3
6.0746099506E-1	9.5847860168E+0	5.0720046074E-3
6.1254103485E-1	9.5125136088E+0	5.0880608338E-3
6.1763708838E-1	9.4484803259E+0	5.1040320318E-3
6.2274907048E-1	9.3927325271E+0	5.1199179345E-3
6.2787689573E-1	9.3452671082E+0	5.1357182766E-3
6.3302047843E-1	9.3060338763E+0	5.1514327939E-3
6.3817973262E-1	9.2749383492E+0	5.1670612238E-3
6.4335457209E-1	9.2518449413E+0	5.1826033052E-3
6.4854491036E-1	9.2365804985E+0	5.1980587783E-3
6.5375066070E-1	9.2289381370E+0	5.2134273849E-3
6.5897173609E-1	9.2286813370E+0	5.2287088681E-3
6.6420804930E-1	9.2355482393E+0	5.2439029725E-3
6.6945951283E-1	9.2492560903E+0	5.2590094442E-3
6.7472603890E-1	9.2695057761E+0	5.2740280309E-3
6.8000753951E-1	9.2959863876E+0	5.2889584814E-3
6.8530392640E-1	9.3283797565E+0	5.3038005463E-3
6.9061511106E-1	9.3663649014E+0	5.3185539776E-3
6.9594100473E-1	9.4096223252E+0	5.3332185287E-3
7.0128151841E-1	9.4578381053E+0	5.3477939546E-3
7.0663656285E-1	9.5107077231E+0	5.3622800116E-3
7.1200604856E-1	9.5679395780E+0	5.3766764577E-3
7.1738988581E-1	9.6292581409E+0	5.3909830523E-3
7.2278798463E-1	9.6944067018E+0	5.4051995564E-3
7.2820025482E-1	9.7631496762E+0	5.4193257323E-3
7.3362660591E-1	9.8352744367E+0	5.4333613439E-3
7.3906694724E-1	9.9105926471E+0	5.4473061568E-3
7.4452118788E-1	9.9889410811E+0	5.4611599379E-3
7.4998923669E-1	1.0070181916E+1	5.4749224557E-3
7.5547100229E-1	1.0154202498E+1	5.4885934801E-3
7.6096639308E-1	1.0240914593E+1	5.5021727828E-3
7.6647531721E-1	1.0330253121E+1	5.5156601367E-3
7.7199768263E-1	1.0422174419E+1	5.5290553166E-3
7.7753339704E-1	1.0516654044E+1	5.5423580985E-3
7.8308236795E-1	1.0613684166E+1	5.5555682601E-3
7.8864450262E-1	1.0713270582E+1	5.5686855808E-3
7.9421970809E-1	1.0815429430E+1	5.5817098412E-3
7.9980789121E-1	1.0920183624E+1	5.5946408237E-3
8.0540895857E-1	1.1027559104E+1	5.6074783123E-3
8.1102281659E-1	1.1137580950E+1	5.6202220924E-3
8.1664937145E-1	1.1250269438E+1	5.6328719509E-3
8.2228852912E-1	1.1365636105E+1	5.6454276767E-3
8.2794019536E-1	1.1483679900E+1	5.6578890597E-3
8.3360427572E-1	1.1604383492E+1	5.6702558918E-3
8.3928067556E-1	1.1727709810E+1	5.6825279663E-3
8.4496930000E-1	1.1853598877E+1	5.6947050782E-3
8.5067005399E-1	1.1981965011E+1	5.7067870238E-3
8.5638284226E-1	1.2112694452E+1	5.7187736014E-3
8.6210756934E-1	1.2245643468E+1	5.7306646105E-3
8.6784413956E-1	1.2380636986E+1	5.7424598526E-3
8.7359245705E-1	1.2517467794E+1	5.7541591304E-3
8.7935242576E-1	1.2655896342E+1	5.7657622485E-3
8.8512394943E-1	1.2795651162E+1	5.7772690129E-3
8.9090693161E-1	1.2936429928E+1	5.7886792314E-3
8.9670127565E-1	1.3077901139E+1	5.7999927133E-3
9.0250688473E-1	1.3219706442E+1	5.8112092696E-3
9.0832366182E-1	1.3361463550E+1	5.8223287127E-3
9.1415150972E-1	1.3502769749E+1	5.8333508568E-3
9.1999033104E-1	1.3643205924E+1	5.8442755178E-3
9.2584002820E-1	1.3782341090E+1	5.8551025132E-3
9.3170050345E-1	1.3919737333E+1	5.8658316618E-3
9.3757165885E-1	1.4054955119E+1	5.8764627846E-3
9.4345339628E-1	1.4187558879E+1	5.8869957037E-3
9.4934561746E-1	1.4317122796E+1	5.8974302433E-3
9.5524822392E-1	1.4443236707E+1	5.9077662288E-3
9.6116111701E-1	1.4565512020E+1	5.9180034877E-3
9.6708419793E-1	1.4683587564E+1	5.9281418487E-3
9.7301736769E-1	1.4797135265E+1	5.9381811425E-3
9.7896052713E-1	1.4905865568E+1	5.9481212013E-3
9.8491357695E-1	1.5009532497E+1	5.9579618591E-3
9.9087641766E-1	1.5107938270E+1	5.9677029512E-3
9.9684894961E-1	1.5200937399E+1	5.9773443150E-3
1.0028310730E+0	1.5288440168E+1	5.9868857894E-3
1.0088226878E+0	1.5370415454E+1	5.9963272149E-3
1.0148236940E+0	1.5446892803E+1	6.0056684336E-3
1.0208339913E+0	1.5517963726E+1	6.0149092896E-3
1.0268534791E+0	1.5583782179E+1	6.0240496283E-3
1.0328820570E+0	1.5644564181E+1	6.0330892971E-3
1.0389196241E+0	1.5700586589E+1	6.0420281448E-3
1.0449660796E+0	1.5752184990E+1	6.0508660221E-3
1.0510213224E+0	1.5799750762E+1	6.0596027814E-3
1.0570852514E+0	1.5843727295E+1	6.0682382765E-3
1.0631577652E+0	1.5884605440E+1	6.0767723631E-3
1.0692387623E+0	1.5922918214E+1	6.0852048988E-3
1.0753281411E+0	1.5959234840E+1	6.0935357425E-3
1.0814257998E+0	1.5994154189E+1	6.1017647550E-3
1.0875316366E+0	1.6028297706E+1	6.1098917988E-3
1.0936455494E+0	1.6062301924E+1	6.1179167381E-3
1.0997674360E+0	1.6096810644E+1	6.1258394388E-3
1.1058971941E+0	1.6132466916E+1	6.1336597685E-3
1.1120347214E+0	1.6169904898E+1	6.1413775965E-3
1.1181799151E+0	1.6209741729E+1	6.1489927938E-3
1.1243326727E+0	1.6252569520E+1	6.1565052331E-3
1.1304928913E+0	1.6298947568E+1	6.1639147890E-3
1.1366604679E+0	1.6349394907E+1	6.1712213376E-3
1.1428352996E+0	1.6404383299E+1	6.1784247568E-3
1.1490172830E+0	1.6464330757E+1	6.1855249261E-3
1.1552063150E+0	1.6529595693E+1	6.1925217271E-3
1.1614022920E+0	1.6600471764E+1	6.1994150427E-3
1.1676051105E+0	1.6677183494E+1	6.2062047577E-3
1.1738146669E+0	1.6759882718E+1	6.2128907587E-3
1.1800308574E+0	1.6848645897E+1	6.2194729339E-3
1.1862535782E+0	1.6943472339E+1	6.2259511734E-3
1.1924827251E+0	1.7044283334E+1	6.2323253688E-3
1.1987181942E+0	1.7150922218E+1	6.2385954138E-3
1.2049598812E+0	1.7263155346E+1	6.2447612034E-3
1.2112076818E+0	1.7380673957E+1	6.2508226346E-3
1.2174614916E+0	1.7503096891E+1	6.2567796062E-3
1.2237212062E+0	1.7629974115E+1	6.2626320186E-3
1.2299867208E+0	1.7760790992E+1	6.2683797740E-3
1.2362579308E+0	1.7894973231E+1	6.2740227763E-3
1.2425347314E+0	1.8031892433E+1	6.2795609313E-3
1.2488170177E+0	1.8170872154E+1	6.2849941464E-3
1.2551046847E+0	1.8311194388E+1	6.2903223308E-3
1.2613976273E+0	1.8452106383E+1	6.2955453954E-3
1.2676957404E+0	1.8592827685E+1	6.3006632530E-3
1.2739989187E+0	1.8732557317E+1	6.3056758180E-3
1.2803070569E+0	1.8870480991E+1	6.3105830068E-3
1.2866200496E+0	1.9005778271E+1	6.3153847371E-3
1.2929377912E+0	1.9137629572E+1	6.3200809290E-3
1.2992601762E+0	1.9265222944E+1	6.3246715037E-3
1.3055870990E+0	1.9387760527E+1	6.3291563847E-3
1.3119184537E+0	1.9504464639E+1	6.3335354970E-3
1.3182541347E+0	1.9614583414E+1	6.3378087674E-3
1.3245940360E+0	1.9717395946E+1	6.3419761245E-3
1.3309380516E+0	1.9812216901E+1	6.3460374987E-3
1.3372860756E+0	1.9898400561E+1	6.3499928220E-3
1.3436380019E+0	1.9975344282E+1	6.3538420284E-3
1.3499937243E+0	2.0042491361E+1	6.3575850535E-3
1.3563531366E+0	2.0099333300E+1	6.3612218349E-3
1.3627161325E+0	2.0145411495E+1	6.3647523117E-3
1.3690826057E+0	2.0180318362E+1	6.3681764249E-3
1.3754524499E+0	2.0203697918E+1	6.3714941173E-3
1.3818255585E+0	2.0215245876E+1	6.3747053335E-3
1.3882018250E+0	2.0214709276E+1	6.3778100198E-3
1.3945811430E+0	2.0201885703E+1	6.3808081243E-3
1.4009634057E+0	2.0176622160E+1	6.3836995970E-3
1.4073485066E+0	2.0138813618E+1	6.3864843894E-3
1.4137363389E+0	2.0088401331E+1	6.3891624551E-3
1.4201267959E+0	2.0025370955E+1	6.3917337493E-3
1.4265197708E+0	1.9949750516E+1	6.3941982290E-3
1.4329151568E+0	1.9861608307E+1	6.3965558531E-3
1.4393128469E+0	1.9761050735E+1	6.3988065821E-3
1.4457127343E+0	1.9648220174E+1	6.4009503785E-3
1.4521147120E+0	1.9523292870E+1	6.4029872063E-3
1.4585186731E+0	1.9386476921E+1	6.4049170317E-3
1.4649245104E+0	1.9238010371E+1	6.4067398222E-3
1.4713321170E+0	1.9078159426E+1	6.4084555476E-3
1.4777413858E+0	1.8907216826E+1	6.4100641790E-3
1.4841522097E+0	1.8725500369E+1	6.4115656896E-3
1.4905644815E+0	1.8533351597E+1	6.4129600544E-3
1.4969780940E+0	1.8331134639E+1	6.4142472499E-3
1.5033929402E+0	1.8119235206E+1	6.4154272548E-3
1.5098089128E+0	1.7898059722E+1	6.4165000493E-3
1.5162259046E+0	1.7668034583E+1	6.4174656154E-3
1.5226438083E+0	1.7429605515E+1	6.4183239370E-3
1.5290625167E+0	1.7183237020E+1	6.4190749998E-3
1.5354819225E+0	1.6929411879E+1	6.4197187912E-3
1.5419019185E+0	1.6668630690E+1	6.4202553005E-3
1.5483223974E+0	1.6401411427E+1	6.4206845187E-3
1.5547432518E+0	1.6128288979E+1	6.4210064386E-3
1.5611643745E+0	1.5849814677E+1	6.4212210549E-3
1.5675856581E+0	1.5566555754E+1	6.4213283639E-3
1.5740069954E+0	1.5279094762E+1	6.4213283639E-3
1.5804282791E+0	1.4988028900E+1	6.4212210549E-3
1.5868494018E+0	1.4693969270E+1	6.4210064386E-3
1.5932702562E+0	1.4397540042E+1	6.4206845187E-3
1.5996907351E+0	1.4099377529E+1	6.4202553005E-3
1.6061107310E+0	1.3800129177E+1	6.4197187912E-3
1.6125301369E+0	1.3500452479E+1	6.4190749998E-3
1.6189488453E+0	1.3201013810E+1	6.4183239370E-3
1.6253667490E+0	1.2902487206E+1	6.4174656154E-3
1.6317837408E+0	1.2605553095E+1	6.4165000493E-3
1.6381997134E+0	1.2310896990E+1	6.4154272548E-3
1.6446145595E+0	1.2019208163E+1	6.4142472499E-3
1.6510281721E+0	1.1731178315E+1	6.4129600544E-3
1.6574404439E+0	1.1447500247E+1	6.4115656896E-3
1.6638512678E+0	1.1168866553E+1	6.4100641790E-3
1.6702605366E+0	1.0895968333E+1	6.4084555476E-3
1.6766681432E+0	1.0629493943E+1	6.4067398222E-3
1.6830739805E+0	1.0370127770E+1	6.4049170317E-3
1.6894779416E+0	1.0118549042E+1	6.4029872063E-3
1.6958799193E+0	9.8754306565E+0	6.4009503785E-3
1.7022798067E+0	9.6414380296E+0	6.3988065821E-3
1.7086774968E+0	9.4172279299E+0	6.3965558531E-3
1.7150728827E+0	9.2034472983E+0	6.3941982290E-3
1.7214658576E+0	9.0007320165E+0	6.3917337493E-3
1.7278563146E+0	8.8097056029E+0	6.3891624551E-3
1.7342441470E+0	8.6309778051E+0	6.3864843894E-3
1.7406292478E+0	8.4651430567E+0	6.3836995970E-3
1.7470115106E+0	8.3127787658E+0	6.3808081243E-3
1.7533908286E+0	8.1744434043E+0	6.3778100198E-3
1.7597670951E+0	8.0506743639E+0	6.3747053335E-3
1.7661402037E+0	7.9419855520E+0	6.3714941173E-3
1.7725100479E+0	7.8488647004E+0	6.3681764249E-3
1.7788765211E+0	7.7717703666E+0	6.3647523117E-3
1.7852395170E+0	7.7111286138E+0	6.3612218349E-3
1.7915989293E+0	7.6673293587E+0	6.3575850535E-3
1.7979546517E+0	7.6407223914E+0	6.3538420284E-3
1.8043065780E+0	7.6316130733E+0	6.3499928220E-3
1.8106546020E+0	7.6402577323E+0	6.3460374987E-3
1.8169986176E+0	7.6668587864E+0	6.3419761245E-3
1.8233385189E+0	7.7115596322E+0	6.3378087674E-3
1.8296741999E+0	7.7744393507E+0	6.3335354970E-3
1.8360055546E+0	7.8555072900E+0	6.3291563847E-3
1.8423324774E+0	7.9546975968E+0	6.3246715037E-3
1.8486548624E+0	8.0718637767E+0	6.3200809290E-3
1.8549726040E+0	8.2067733719E+0	6.3153847371E-3
1.8612855967E+0	8.3591028555E+0	6.3105830068E-3
1.8675937349E+0	8.5284328426E+0	6.3056758180E-3
1.8738969132E+0	8.7142437296E+0	6.3006632530E-3
1.8801950263E+0	8.9159118689E+0	6.2955453954E-3
1.8864879689E+0	9.1327063946E+0	6.2903223308E-3
1.8927756359E+0	9.3637868085E+0	6.2849941464E-3
1.8990579222E+0	9.6082014343E+0	6.2795609313E-3
1.9053347228E+0	9.8648868443E+0	6.2740227763E-3
1.9116059328E+0	1.0132668353E+1	6.2683797740E-3
1.9178714474E+0	1.0410261662E+1	6.2626320186E-3
1.9241311620E+0	1.0696275738E+1	6.2567796062E-3
1.9303849718E+0	1.0989216969E+1	6.2508226346E-3
1.9366327724E+0	1.1287494661E+1	6.2447612034E-3
1.9428744594E+0	1.1589427893E+1	6.2385954138E-3
1.9491099285E+0	1.1893253739E+1	6.2323253688E-3
1.9553390754E+0	1.2197136853E+1	6.2259511734E-3
1.9615617961E+0	1.2499180382E+1	6.2194729339E-3
1.9677779867E+0	1.2797438152E+1	6.2128907587E-3
1.9739875431E+0	1.3089928060E+1	6.2062047577E-3
1.9801903616E+0	1.3374646577E+1	6.1994150427E-3
1.9863863386E+0	1.3649584242E+1	6.1925217271E-3
1.9925753706E+0	1.3912742016E+1	6.1855249261E-3
1.9987573540E+0	1.4162148351E+1	6.1784247568E-3
2.0049321857E+0	1.4395876787E+1	6.1712213376E-3
2.0110997623E+0	1.4612063909E+1	6.1639147890E-3
2.0172599809E+0	1.4808927464E+1	6.1565052331E-3
2.0234127385E+0	1.4984784425E+1	6.1489927938E-3
2.0295579322E+0	1.5138068791E+1	6.1413775965E-3
2.0356954595E+0	1.5267348906E+1	6.1336597685E-3
2.0418252176E+0	1.5371344077E+1	6.1258394388E-3
2.0479471042E+0	1.5448940267E+1	6.1179167381E-3
2.0540610170E+0	1.5499204653E+1	6.1098917988E-3
2.0601668538E+0	1.5521398841E+1	6.1017647550E-3
2.0662645125E+0	1.5514990551E+1	6.0935357425E-3
2.0723538913E+0	1.5479663572E+1	6.0852048988E-3
2.0784348884E+0	1.5415325845E+1	6.0767723631E-3
2.0845074022E+0	1.5322115512E+1	6.0682382765E-3
2.0905713312E+0	1.5200404823E+1	6.0596027814E-3
2.0966265740E+0	1.5050801789E+1	6.0508660221E-3
2.1026730295E+0	1.4874149513E+1	6.0420281448E-3
2.1087105966E+0	1.4671523161E+1	6.0330892971E-3
2.1147391745E+0	1.4444224543E+1	6.0240496283E-3
2.1207586623E+0	1.4193774328E+1	6.0149092896E-3
2.1267689596E+0	1.3921901920E+1	6.0056684336E-3
2.1327699657E+0	1.3630533082E+1	5.9963272149E-3
2.1387615806E+0	1.3321775388E+1	5.9868857894E-3
2.1447437040E+0	1.2997901649E+1	5.9773443150E-3
2.1507162359E+0	1.2661331442E+1	5.9677029512E-3
2.1566790766E+0	1.2314610941E+1	5.9579618591E-3
2.1626321265E+0	1.1960391235E+1	5.9481212013E-3
2.1685752859E+0	1.1601405347E+1	5.9381811425E-3
2.1745084557E+0	1.1240444209E+1	5.9281418487E-3
2.1804315366E+0	1.0880331821E+1	5.9180034877E-3
2.1863444297E+0	1.0523899871E+1	5.9077662288E-3
2.1922470361E+0	1.0173962069E+1	5.8974302433E-3
2.1981392573E+0	9.8332884856E+0	5.8869957037E-3
2.2040209947E+0	9.5045801565E+0	5.8764627846E-3
2.2098921501E+0	9.1904442250E+0	5.8658316618E-3
2.2157526254E+0	8.8933698951E+0	5.8551025132E-3
2.2216023226E+0	8.6157054461E+0	5.8442755178E-3
2.2274411439E+0	8.3596365545E+0	5.8333508568E-3
2.2332689918E+0	8.1271661518E+0	5.8223287127E-3
2.2390857689E+0	7.9200960306E+0	5.8112092696E-3
2.2448913779E+0	7.7400103879E+0	5.7999927133E-3
2.2506857220E+0	7.5882614746E+0	5.7886792314E-3
2.2564687042E+0	7.4659574947E+0	5.7772690129E-3
2.2622402278E+0	7.3739528708E+0	5.7657622485E-3
2.2680001965E+0	7.3128409671E+0	5.7541591304E-3
2.2737485140E+0	7.2829493313E+0	5.7424598526E-3
2.2794850843E+0	7.2843374888E+0	5.7306646105E-3
2.2852098113E+0	7.3167972958E+0	5.7187736014E-3
2.2909225996E+0	7.3798558255E+0	5.7067870238E-3
2.2966233536E+0	7.4727807391E+0	5.6947050782E-3
2.3023119780E+0	7.5945880619E+0	5.6825279663E-3
2.3079883779E+0	7.7440522636E+0	5.6702558918E-3
2.3136524582E+0	7.9197185140E+0	5.6578890597E-3
2.3193041245E+0	8.1199169673E+0	5.6454276767E-3
2.3249432821E+0	8.3427789053E+0	5.6328719509E-3
2.3305698370E+0	8.5862545550E+0	5.6202220924E-3
2.3361836950E+0	8.8481323778E+0	5.6074783123E-3
2.3417847624E+0	9.1260596189E+0	5.5946408237E-3
2.3473729455E+0	9.4175638925E+0	5.5817098412E-3
2.3529481510E+0	9.7200755735E+0	5.5686855808E-3
2.3585102856E+0	1.0030950761E+1	5.5555682601E-3
2.3640592565E+0	1.0347494578E+1	5.5423580985E-3
2.3695949710E+0	1.0666984575E+1	5.5290553166E-3
2.3751173364E+0	1.0986694000E+1	5.5156601367E-3
2.3806262605E+0	1.1303914725E+1	5.5021727828E-3
2.3861216513E+0	1.1615979592E+1	5.4885934801E-3
2.3916034169E+0	1.1920284000E+1	5.4749224557E-3
2.3970714657E+0	1.2214306521E+1	5.4611599379E-3
2.4025257064E+0	1.2495628374E+1	5.4473061568E-3
2.4079660477E+0	1.2761951604E+1	5.4333613439E-3
2.4133923988E+0	1.3011115811E+1	5.4193257323E-3
2.4188046690E+0	1.3241113318E+1	5.4051995564E-3
2.4242027678E+0	1.3450102661E+1	5.3909830523E-3
2.4295866050E+0	1.3636420322E+1	5.3766764577E-3
2.4349560907E+0	1.3798590642E+1	5.3622800116E-3
2.4403111352E+0	1.3935333869E+1	5.3477939546E-3
2.4456516489E+0	1.4045572310E+1	5.3332185287E-3
2.4509775425E+0	1.4128434598E+1	5.3185539776E-3
2.4562887272E+0	1.4183258071E+1	5.3038005463E-3
2.4615851141E+0	1.4209589312E+1	5.2889584814E-3
2.4668666147E+0	1.4207182892E+1	5.2740280309E-3
2.4721331408E+0	1.4175998381E+1	5.2590094442E-3
2.4773846043E+0	1.4116195720E+1	5.2439029725E-3
2.4826209175E+0	1.4028129034E+1	5.2287088681E-3
2.4878419929E+0	1.3912339008E+1	5.2134273849E-3
2.4930477432E+0	1.3769543926E+1	5.1980587783E-3
2.4982380815E+0	1.3600629523E+1	5.1826033052E-3
2.5034129210E+0	1.3406637756E+1	5.1670612238E-3
2.5085721752E+0	1.3188754656E+1	5.1514327939E-3
2.5137157579E+0	1.2948297384E+1	5.1357182766E-3
2.5188435831E+0	1.2686700653E+1	5.1199179345E-3
2.5239555652E+0	1.2405502642E+1	5.1040320318E-3
2.5290516187E+0	1.2106330569E+1	5.0880608338E-3
2.5341316585E+0	1.1790886036E+1	5.0720046074E-3
2.5391955997E+0	1.1460930304E+1	5.0558636210E-3
2.5442433576E+0	1.1118269632E+1	5.0396381444E-3
2.5492748479E+0	1.0764740784E+1	5.0233284486E-3
2.5542899865E+0	1.0402196846E+1	5.0069348063E-3
2.5592886896E+0	1.0032493454E+1	4.9904574913E-3
2.5642708737E+0	9.6574755376E+0	4.9738967791E-3
2.5692364555E+0	9.2789646617E+0	4.9572529464E-3
2.5741853520E+0	8.8987470680E+0	4.9405262713E-3
2.5791174805E+0	8.5185624719E+0	4.9237170334E-3
2.5840327586E+0	8.1400936849E+0	4.9068255135E-3
2.5889311042E+0	7.7649571110E+0	4.8898519940E-3
2.5938124354E+0	7.3946941597E+0	4.8727967585E-3
2.5986766706E+0	7.0307636045E+0	4.8556600920E-3
2.6035237285E+0	6.6745349084E+0	4.8384422809E-3
2.6083535282E+0	6.3272825254E+0	4.8211436130E-3
2.6131659889E+0	5.9901811801E+0	4.8037643772E-3
2.6179610302E+0	5.6643021169E+0	4.7863048641E-3
2.6227385719E+0	5.3506103024E+0	4.7687653653E-3
2.6274985343E+0	5.0499625573E+0	4.7511461741E-3
2.6322408378E+0	4.7631065859E+0	4.7334475849E-3
2.6369654032E+0	4.4906808661E+0	4.7156698934E-3
2.6416721513E+0	4.2332153564E+0	4.6978133967E-3
2.6463610038E+0	3.9911329714E+0	4.6798783932E-3
2.6510318821E+0	3.7647517747E+0	4.6618651826E-3
2.6556847082E+0	3.5542878305E+0	4.6437740661E-3
2.6603194043E+0	3.3598586592E+0	4.6256053458E-3
2.6649358931E+0	3.1814872325E+0	4.6073593254E-3
2.6695340973E+0	3.0191064492E+0	4.5890363098E-3
2.6741139402E+0	2.8725640277E+0	4.5706366053E-3
2.6786753451E+0	2.7416277528E+0	4.5521605193E-3
2.6832182358E+0	2.6259910153E+0	4.5336083606E-3
2.6877425365E+0	2.5252785840E+0	4.5149804392E-3
2.6922481716E+0	2.4390525494E+0	4.4962770664E-3
2.6967350656E+0	2.3668183845E+0	4.4774985548E-3
2.7012031437E+0	2.3080310659E+0	4.4586452181E-3
2.7056523312E+0	2.2621012051E+0	4.4397173715E-3
2.7100825537E+0	2.2284011402E+0	4.4207153312E-3
2.7144937373E+0	2.2062709445E+0	4.4016394148E-3
2.7188858081E+0	2.1950243082E+0	4.3824899412E-3
2.7232586927E+0	2.1939542577E+0	4.3632672302E-3
2.7276123182E+0	2.2023386762E+0	4.3439716031E-3
2.7319466117E+0	2.2194455980E+0	4.3246033825E-3
2.7362615009E+0	2.2445382470E+0	4.3051628919E-3
2.7405569135E+0	2.2768798010E+0	4.2856504563E-3
2.7448327779E+0	2.3157378589E+0	4.2660664016E-3
2.7490890226E+0	2.3603886001E+0	4.2464110553E-3
2.7533255764E+0	2.4101206215E+0	4.2266847457E-3
2.7575423685E+0	2.4642384464E+0	4.2068878026E-3
2.7617393285E+0	2.5220656995E+0	4.1870205567E-3
2.7659163863E+0	2.5829479474E+0	4.1670833400E-3
2.7700734720E+0	2.6462552055E+0	4.1470764858E-3
2.7742105162E+0	2.7113841150E+0	4.1270003283E-3
2.7783274497E+0	2.7777597975E+0	4.1068552032E-3
2.7824242037E+0	2.8448373944E+0	4.0866414469E-3
2.7865007098E+0	2.9121033035E+0	4.0663593974E-3
2.7905568999E+0	2.9790761229E+0	4.0460093936E-3
2.7945927061E+0	3.0453073178E+0	4.0255917754E-3
2.7986080610E+0	3.1103816242E+0	4.0051068843E-3
2.8026028975E+0	3.1739172060E+0	3.9845550624E-3
2.8065771489E+0	3.2355655819E+0	3.9639366533E-3
2.8105307487E+0	3.2950113393E+0	3.9432520014E-3
2.8144636309E+0	3.3519716544E+0	3.9225014525E-3
2.8183757298E+0	3.4061956341E+0	3.9016853533E-3
2.8222669799E+0	3.4574635002E+0	3.8808040517E-3
2.8261373163E+0	3.5055856317E+0	3.8598578967E-3
2.8299866742E+0	3.5504014842E+0	3.8388472382E-3
2.8338149894E+0	3.5917784031E+0	3.8177724274E-3
2.8376221978E+0	3.6296103474E+0	3.7966338166E-3
2.8414082359E+0	3.6638165395E+0	3.7754317588E-3
2.8451730403E+0	3.6943400579E+0	3.7541666086E-3
2.8489165482E+0	3.7211463861E+0	3.7328387211E-3
2.8526386969E+0	3.7442219312E+0	3.7114484529E-3
2.8563394244E+0	3.7635725264E+0	3.6899961614E-3
2.8600186687E+0	3.7792219288E+0	3.6684822051E-3
2.8636763684E+0	3.7912103221E+0	3.6469069436E-3
2.8673124623E+0	3.7995928371E+0	3.6252707373E-3
2.8709268897E+0	3.8044380954E+0	3.6035739479E-3
2.8745195901E+0	3.8058267888E+0	3.5818169379E-3
2.8780905036E+0	3.8038502966E+0	3.5600000709E-3
2.8816395704E+0	3.7986093517E+0	3.5381237115E-3
2.8851667313E+0	3.7902127576E+0	3.5161882254E-3
2.8886719273E+0	3.7787761626E+0	3.4941939790E-3
2.8921550998E+0	3.7644208933E+0	3.4721413399E-3
2.8956161906E+0	3.7472728526E+0	3.4500306767E-3
2.8990551419E+0	3.7274614816E+0	3.4278623588E-3
2.9024718962E+0	3.7051187892E+0	3.4056367567E-3
2.9058663965E+0	3.6803784488E+0	3.3833542419E-3
2.9092385859E+0	3.6533749630E+0	3.3610151867E-3
2.9125884081E+0	3.6242428955E+0	3.3386199643E-3
2.9159158072E+0	3.5931161702E+0	3.3161689492E-3
2.9192207275E+0	3.5601274359E+0	3.2936625164E-3
2.9225031139E+0	3.5254074942E+0	3.2711010421E-3
2.9257629114E+0	3.4890847902E+0	3.2484849032E-3
2.9290000656E+0	3.4512849627E+0	3.2258144779E-3
2.9322145224E+0	3.4121304520E+0	3.2030901448E-3
2.9354062280E+0	3.3717401618E+0	3.1803122838E-3
2.9385751292E+0	3.3302291739E+0	3.1574812755E-3
2.9417211730E+0	3.2877085113E+0	3.1345975014E-3
2.9448443068E+0	3.2442849471E+0	3.1116613440E-3
2.9479444784E+0	3.2000608569E+0	3.0886731866E-3
2.9510216360E+0	3.1551341105E+0	3.0656334132E-3
2.9540757281E+0	3.1095980005E+0	3.0425424091E-3
2.9571067038E+0	3.0635412044E+0	3.0194005599E-3
2.9601145124E+0	3.0170477778E+0	2.9962082525E-3
2.9630991036E+0	2.9701971744E+0	2.9729658744E-3
2.9660604276E+0	2.9230642921E+0	2.9496738141E-3
2.9689984348E+0	2.8757195401E+0	2.9263324607E-3
2.9719130762E+0	2.8282289260E+0	2.9029422044E-3
2.9748043031E+0	2.7806541596E+0	2.8795034361E-3
2.9776720671E+0	2.7330527720E+0	2.8560165473E-3
2.9805163203E+0	2.6854782457E+0	2.8324819307E-3
2.9833370151E+0	2.6379801562E+0	2.8088999795E-3
2.9861341046E+0	2.5906043212E+0	2.7852710878E-3
2.9889075418E+0	2.5433929562E+0	2.7615956505E-3
2.9916572805E+0	2.4963848351E+0	2.7378740632E-3
2.9943832747E+0	2.4496154541E+0	2.7141067224E-3
2.9970854788E+0	2.4031171969E+0	2.6902940251E-3
2.9997638477E+0	2.3569195007E+0	2.6664363695E-3
3.0024183367E+0	2.3110490220E+0	2.6425341541E-3
3.0050489013E+0	2.2655298003E+0	2.6185877784E-3
3.0076554977E+0	2.2203834192E+0	2.5945976426E-3
3.0102380822E+0	2.1756291649E+0	2.5705641475E-3
3.0127966116E+0	2.1312841800E+0	2.5464876949E-3
3.0153310434E+0	2.0873636133E+0	2.5223686871E-3
3.0178413350E+0	2.0438807644E+0	2.4982075270E-3
3.0203274445E+0	2.0008472232E+0	2.4740046186E-3
3.0227893304E+0	1.9582730031E+0	2.4497603662E-3
3.0252269516E+0	1.9161666691E+0	2.4254751751E-3
3.0276402673E+0	1.8745354595E+0	2.4011494510E-3
3.0300292371E+0	1.8333854013E+0	2.3767836004E-3
3.0323938212E+0	1.7927214194E+0	2.3523780306E-3
3.0347339801E+0	1.7525474402E+0	2.3279331494E-3
3.0370496746E+0	1.7128664882E+0	2.3034493653E-3
3.0393408660E+0	1.6736807770E+0	2.2789270875E-3
3.0416075160E+0	1.6349917948E+0	2.2543667257E-3
3.0438495869E+0	1.5968003828E+0	2.2297686905E-3
3.0460670410E+0	1.5591068098E+0	2.2051333928E-3
3.0482598414E+0	1.5219108397E+0	2.1804612443E-3
3.0504279513E+0	1.4852117947E+0	2.1557526574E-3
3.0525713347E+0	1.4490086135E+0	2.1310080450E-3
3.0546899556E+0	1.4132999046E+0	2.1062278206E-3
3.0567837786E+0	1.3780839946E+0	2.0814123983E-3
3.0588527688E+0	1.3433589733E+0	2.0565621928E-3
3.0608968915E+0	1.3091227333E+0	2.0316776194E-3
3.0629161127E+0	1.2753730077E+0	2.0067590939E-3
3.0649103985E+0	1.2421074019E+0	1.9818070327E-3
3.0668797157E+0	1.2093234245E+0	1.9568218529E-3
3.0688240313E+0	1.1770185129E+0	1.9318039720E-3
3.0707433129E+0	1.1451900579E+0	1.9067538080E-3
3.0726375283E+0	1.1138354240E+0	1.8816717796E-3
3.0745066460E+0	1.0829519685E+0	1.8565583060E-3
3.0763506346E+0	1.0525370575E+0	1.8314138067E-3
3.0781694634E+0	1.0225880802E+0	1.8062387021E-3
3.0799631019E+0	9.9310246145E-1	1.7810334128E-3
3.0817315203E+0	9.6407767205E-1	1.7557983600E-3
3.0834746889E+0	9.3551123784E-1	1.7305339655E-3
3.0851925786E+0	9.0740074729E-1	1.7052406515E-3
3.0868851607E+0	8.7974385776E-1	1.6799188405E-3
3.0885524069E+0	8.5253830059E-1	1.6545689559E-3
3.0901942894E+0	8.2578188519E-1	1.6291914212E-3
3.0918107807E+0	7.9947250218E-1	1.6037866605E-3
3.0934018538E+0	7.7360812563E-1	1.5783550984E-3
3.0949674821E+0	7.4818681466E-1	1.5528971598E-3
3.0965076394E+0	7.2320671435E-1	1.5274132703E-3
3.0980223001E+0	6.9866605603E-1	1.5019038556E-3
3.0995114388E+0	6.7456315719E-1	1.4763693421E-3
3.1009750306E+0	6.5089642078E-1	1.4508101565E-3
3.1024130510E+0	6.2766433430E-1	1.4252267258E-3
3.1038254761E+0	6.0486546849E-1	1.3996194778E-3
3.1052122822E+0	5.8249847571E-1	1.3739888402E-3
3.1065734461E+0	5.6056208817E-1	1.3483352414E-3
3.1079089451E+0	5.3905511591E-1	1.3226591101E-3
3.1092187570E+0	5.1797644460E-1	1.2969608754E-3
3.1105028597E+0	4.9732503333E-1	1.2712409668E-3
3.1117612318E+0	4.7709991209E-1	1.2454998140E-3
3.1129938524E+0	4.5730017941E-1	1.2197378472E-3
3.1142007007E+0	4.3792499974E-1	1.1939554970E-3
3.1153817567E+0	4.1897360090E-1	1.1681531941E-3
3.1165370006E+0	4.0044527148E-1	1.1423313699E-3
3.1176664131E+0	3.8233935821E-1	1.1164904558E-3
3.1187699753E+0	3.6465526338E-1	1.0906308836E-3
3.1198476688E+0	3.4739244217E-1	1.0647530855E-3
3.1208994755E+0	3.3055040014E-1	1.0388574939E-3
3.1219253780E+0	3.1412869064E-1	1.0129445417E-3
3.1229253590E+0	2.9812691227E-1	9.8701466182E-4
3.1238994018E+0	2.8254470642E-1	9.6106828758E-4
3.1248474902E+0	2.6738175483E-1	9.3510585261E-4
3.1257696083E+0	2.5263777717E-1	9.0912779076E-4
3.1266657407E+0	2.3831252874E-1	8.8313453619E-4
3.1275358724E+0	2.2440579812E-1	8.5712652325E-4
3.1283799890E+0	2.1091740499E-1	8.3110418659E-4
3.1291980762E+0	1.9784719792E-1	8.0506796108E-4
3.1299901204E+0	1.8519505227E-1	7.7901828182E-4
3.1307561084E+0	1.7296086812E-1	7.5295558414E-4
3.1314960274E+0	1.6114456824E-1	7.2688030358E-4
3.1322098650E+0	1.4974609623E-1	7.0079287589E-4
3.1328976092E+0	1.3876541456E-1	6.7469373705E-4
3.1335592487E+0	1.2820250281E-1	6.4858332323E-4
3.1341947723E+0	1.1805735592E-1	6.2246207073E-4
3.1348041694E+0	1.0832998246E-1	5.9633041614E-4
3.1353874298E+0	9.9020403075E-2	5.7018879612E-4
3.1359445438E+0	9.0128648879E-2	5.4403764760E-4
3.1364755020E+0	8.1654759984E-2	5.1787740760E-4
3.1369802957E+0	7.3598784071E-2	4.9170851331E-4
3.1374589163E+0	6.5960775030E-2	4.6553140213E-4
3.1379113559E+0	5.8740791664E-2	4.3934651156E-4
3.1383376069E+0	5.1938896459E-2	4.1315427928E-4
3.1387376622E+0	4.5555154420E-2	3.8695514312E-4
3.1391115150E+0	3.9589631976E-2	3.6074954110E-4
3.1394591592E+0	3.4042395948E-2	3.3453791144E-4
3.1397805890E+0	2.8913512578E-2	3.0832069259E-4
3.1400757989E+0	2.4203046636E-2	2.8209832342E-4
3.1403447841E+0	1.9911060580E-2	2.5587124334E-4
3.1405875400E+0	1.6037613782E-2	2.2963989267E-4
3.1408040626E+0	1.2582761813E-2	2.0340471372E-4
3.1409943483E+0	9.5465557737E-3	1.7716615272E-4
3.1411583939E+0	6.9290416303E-3	1.5092466531E-4
3.1412961968E+0	4.7302594705E-3	1.2468073282E-4
3.1414077547E+0	2.9502423132E-3	9.8434919423E-5
3.1414930663E+0	1.5890128746E-3	7.2188137769E-5
3.1415521316E+0	6.4656784463E-4	4.5943520243E-5
3.1415849628E+0	1.2271349480E-4	1.9736940383E-5