# Differential cross section		
# Author: P. Swaczyna	Princeton University	(swaczyna@princeton.edu)
# Date: 	Wed 17 Feb 2021 15:25:07	
# 		
# Charge transfer collision: He^0 + He^+ -> He^+ + He^0		
# 		
# Red. mass: 	1.8640723202E+9	 eV/c^2
# CM energy: 	4.3151907683E-4	 eV
# Rel speed: 	2.0398786004E+4	 cm/s
# Tot sigma: 	N/A	 a.u.
# Int sigma: 	4.4956663638E+2	 a.u.
# 		
# Columns:		
# the <- scattering angle (rad)		
# dcs <- dsigma/dOmega*2*pi*sin(the) (a.u. = 2.8002852056E-17 cm^2)		
# wei <- weight for cross section integration (approx. width of angle bin)		
# 		
# the	dcs	wei
7.6907532846E-6	7.5322023546E-3	1.9736940383E-5
4.0521979771E-5	3.9686586016E-2	4.5943520243E-5
9.9587300392E-5	9.7534210553E-2	7.2188137769E-5
1.8489884726E-4	1.8108688809E-1	9.8434919423E-5
2.9645680168E-4	2.9034459998E-1	1.2468073282E-4
4.3425968311E-4	4.2530546984E-1	1.5092466531E-4
5.9830531657E-4	5.8596657512E-1	1.7716615272E-4
7.8859101285E-4	7.7232395597E-1	2.0340471372E-4
1.0051136166E-3	9.8437246269E-1	2.2963989267E-4
1.2478695220E-3	1.2221055401E+0	2.5587124334E-4
1.5168546797E-3	1.4855149705E+0	2.8209832342E-4
1.8120645986E-3	1.7745905818E+0	3.0832069259E-4
2.1334943481E-3	2.0893199226E+0	3.3453791144E-4
2.4811385584E-3	2.4296879054E+0	3.6074954110E-4
2.8549914211E-3	2.7956764178E+0	3.8695514312E-4
3.2550466893E-3	3.1872639031E+0	4.1315427928E-4
3.6812976783E-3	3.6044249091E+0	4.3934651156E-4
4.1337372652E-3	4.0471296071E+0	4.6553140213E-4
4.6123578895E-3	4.5153432791E+0	4.9170851331E-4
5.1171515529E-3	5.0090257760E+0	5.1787740760E-4
5.6481098199E-3	5.5281309452E+0	5.4403764760E-4
6.2052238176E-3	6.0726060286E+0	5.7018879612E-4
6.7884842360E-3	6.6423910319E+0	5.9633041614E-4
7.3978813281E-3	7.2374180646E+0	6.2246207073E-4
8.0334049101E-3	7.8576106522E+0	6.4858332323E-4
8.6950443616E-3	8.5028830207E+0	6.7469373705E-4
9.3827886258E-3	9.1731393534E+0	7.0079287589E-4
1.0096626210E-2	9.8682730223E+0	7.2688030358E-4
1.0836545184E-2	1.0588165793E+1	7.5295558414E-4
1.1602533184E-2	1.1332687005E+1	7.7901828182E-4
1.2394577408E-2	1.2101692728E+1	8.0506796108E-4
1.3212664621E-2	1.2895024897E+1	8.3110418659E-4
1.4056781152E-2	1.3712510420E+1	8.5712652325E-4
1.4926912893E-2	1.4553960273E+1	8.8313453619E-4
1.5823045305E-2	1.5419168569E+1	9.0912779076E-4
1.6745163410E-2	1.6307911611E+1	9.3510585261E-4
1.7693251801E-2	1.7219946929E+1	9.6106828758E-4
1.8667294632E-2	1.8155012302E+1	9.8701466182E-4
1.9667275626E-2	1.9112824762E+1	1.0129445417E-3
2.0693178073E-2	2.0093079597E+1	1.0388574939E-3
2.1744984827E-2	2.1095449331E+1	1.0647530855E-3
2.2822678313E-2	2.2119582708E+1	1.0906308836E-3
2.3926240519E-2	2.3165103661E+1	1.1164904558E-3
2.5055653005E-2	2.4231610285E+1	1.1423313699E-3
2.6210896896E-2	2.5318673808E+1	1.1681531941E-3
2.7391952886E-2	2.6425837561E+1	1.1939554970E-3
2.8598801239E-2	2.7552615955E+1	1.2197378472E-3
2.9831421786E-2	2.8698493466E+1	1.2454998140E-3
3.1089793929E-2	2.9862923632E+1	1.2712409668E-3
3.2373896638E-2	3.1045328057E+1	1.2969608754E-3
3.3683708455E-2	3.2245095447E+1	1.3226591101E-3
3.5019207490E-2	3.3461580651E+1	1.3483352414E-3
3.6380371427E-2	3.4694103734E+1	1.3739888402E-3
3.7767177517E-2	3.5941949085E+1	1.3996194778E-3
3.9179602586E-2	3.7204364545E+1	1.4252267258E-3
4.0617623030E-2	3.8480560582E+1	1.4508101565E-3
4.2081214817E-2	3.9769709501E+1	1.4763693421E-3
4.3570353490E-2	4.1070944706E+1	1.5019038556E-3
4.5085014162E-2	4.2383360006E+1	1.5274132703E-3
4.6625171522E-2	4.3706008984E+1	1.5528971598E-3
4.8190799831E-2	4.5037904417E+1	1.5783550984E-3
4.9781872927E-2	4.6378017768E+1	1.6037866605E-3
5.1398364219E-2	4.7725278750E+1	1.6291914212E-3
5.3040246694E-2	4.9078574959E+1	1.6545689559E-3
5.4707492914E-2	5.0436751597E+1	1.6799188405E-3
5.6400075017E-2	5.1798611273E+1	1.7052406515E-3
5.8117964718E-2	5.3162913905E+1	1.7305339655E-3
5.9861133308E-2	5.4528376718E+1	1.7557983600E-3
6.1629551657E-2	5.5893674342E+1	1.7810334128E-3
6.3423190212E-2	5.7257439024E+1	1.8062387021E-3
6.5242019000E-2	5.8618260958E+1	1.8314138067E-3
6.7086007624E-2	5.9974688733E+1	1.8565583060E-3
6.8955125270E-2	6.1325229908E+1	1.8816717796E-3
7.0849340702E-2	6.2668351728E+1	1.9067538080E-3
7.2768622264E-2	6.4002481969E+1	1.9318039720E-3
7.4712937885E-2	6.5326009934E+1	1.9568218529E-3
7.6682255070E-2	6.6637287601E+1	1.9818070327E-3
7.8676540910E-2	6.7934630926E+1	2.0067590939E-3
8.0695762079E-2	6.9216321303E+1	2.0316776194E-3
8.2739884832E-2	7.0480607198E+1	2.0565621928E-3
8.4808875009E-2	7.1725705949E+1	2.0814123983E-3
8.6902698034E-2	7.2949805745E+1	2.1062278206E-3
8.9021318917E-2	7.4151067787E+1	2.1310080450E-3
9.1164702253E-2	7.5327628629E+1	2.1557526574E-3
9.3332812224E-2	7.6477602713E+1	2.1804612443E-3
9.5525612596E-2	7.7599085091E+1	2.2051333928E-3
9.7743066726E-2	7.8690154348E+1	2.2297686905E-3
9.9985137556E-2	7.9748875712E+1	2.2543667257E-3
1.0225178762E-1	8.0773304378E+1	2.2789270875E-3
1.0454297904E-1	8.1761489015E+1	2.3034493653E-3
1.0685867352E-1	8.2711475490E+1	2.3279331494E-3
1.0919883237E-1	8.3621310784E+1	2.3523780306E-3
1.1156341648E-1	8.4489047110E+1	2.3767836004E-3
1.1395238633E-1	8.5312746237E+1	2.4011494510E-3
1.1636570200E-1	8.6090484002E+1	2.4254751751E-3
1.1880332317E-1	8.6820355025E+1	2.4497603662E-3
1.2126520909E-1	8.7500477610E+1	2.4740046186E-3
1.2375131862E-1	8.8128998838E+1	2.4982075270E-3
1.2626161023E-1	8.8704099833E+1	2.5223686871E-3
1.2879604195E-1	8.9224001217E+1	2.5464876949E-3
1.3135457143E-1	8.9686968712E+1	2.5705641475E-3
1.3393715592E-1	9.0091318924E+1	2.5945976426E-3
1.3654375226E-1	9.0435425257E+1	2.6185877784E-3
1.3917431689E-1	9.0717723983E+1	2.6425341541E-3
1.4182880585E-1	9.0936720422E+1	2.6664363695E-3
1.4450717478E-1	9.1090995254E+1	2.6902940251E-3
1.4720937892E-1	9.1179210919E+1	2.7141067224E-3
1.4993537310E-1	9.1200118108E+1	2.7378740632E-3
1.5268511179E-1	9.1152562324E+1	2.7615956505E-3
1.5545854902E-1	9.1035490492E+1	2.7852710878E-3
1.5825563845E-1	9.0847957601E+1	2.8088999795E-3
1.6107633333E-1	9.0589133367E+1	2.8324819307E-3
1.6392058653E-1	9.0258308877E+1	2.8560165473E-3
1.6678835052E-1	8.9854903209E+1	2.8795034361E-3
1.6967957737E-1	8.9378470000E+1	2.9029422044E-3
1.7259421876E-1	8.8828703930E+1	2.9263324607E-3
1.7553222599E-1	8.8205447106E+1	2.9496738141E-3
1.7849354996E-1	8.7508695316E+1	2.9729658744E-3
1.8147814117E-1	8.6738604122E+1	2.9962082525E-3
1.8448594977E-1	8.5895494765E+1	3.0194005599E-3
1.8751692548E-1	8.4979859861E+1	3.0425424091E-3
1.9057101764E-1	8.3992368839E+1	3.0656334132E-3
1.9364817522E-1	8.2933873110E+1	3.0886731866E-3
1.9674834681E-1	8.1805410924E+1	3.1116613440E-3
1.9987148058E-1	8.0608211880E+1	3.1345975014E-3
2.0301752435E-1	7.9343701069E+1	3.1574812755E-3
2.0618642554E-1	7.8013502802E+1	3.1803122838E-3
2.0937813120E-1	7.6619443902E+1	3.2030901448E-3
2.1259258799E-1	7.5163556521E+1	3.2258144779E-3
2.1582974219E-1	7.3648080446E+1	3.2484849032E-3
2.1908953970E-1	7.2075464865E+1	3.2711010421E-3
2.2237192605E-1	7.0448369564E+1	3.2936625164E-3
2.2567684639E-1	6.8769665511E+1	3.3161689492E-3
2.2900424548E-1	6.7042434812E+1	3.3386199643E-3
2.3235406772E-1	6.5269969988E+1	3.3610151867E-3
2.3572625713E-1	6.3455772568E+1	3.3833542419E-3
2.3912075735E-1	6.1603550944E+1	3.4056367567E-3
2.4253751167E-1	5.9717217484E+1	3.4278623588E-3
2.4597646298E-1	5.7800884861E+1	3.4500306767E-3
2.4943755380E-1	5.5858861586E+1	3.4721413399E-3
2.5292072631E-1	5.3895646721E+1	3.4941939790E-3
2.5642592230E-1	5.1915923745E+1	3.5161882254E-3
2.5995308318E-1	4.9924553568E+1	3.5381237115E-3
2.6350215001E-1	4.7926566680E+1	3.5600000709E-3
2.6707306349E-1	4.5927154407E+1	3.5818169379E-3
2.7066576394E-1	4.3931659295E+1	3.6035739479E-3
2.7428019131E-1	4.1945564584E+1	3.6252707373E-3
2.7791628522E-1	3.9974482806E+1	3.6469069436E-3
2.8157398488E-1	3.8024143482E+1	3.6684822051E-3
2.8525322919E-1	3.6100379943E+1	3.6899961614E-3
2.8895395665E-1	3.4209115274E+1	3.7114484529E-3
2.9267610542E-1	3.2356347408E+1	3.7328387211E-3
2.9641961330E-1	3.0548133382E+1	3.7541666086E-3
3.0018441773E-1	2.8790572781E+1	3.7754317588E-3
3.0397045579E-1	2.7089790399E+1	3.7966338166E-3
3.0777766421E-1	2.5451918154E+1	3.8177724274E-3
3.1160597938E-1	2.3883076296E+1	3.8388472382E-3
3.1545533730E-1	2.2389353940E+1	3.8598578967E-3
3.1932567367E-1	2.0976788995E+1	3.8808040517E-3
3.2321692379E-1	1.9651347520E+1	3.9016853533E-3
3.2712902264E-1	1.8418902582E+1	3.9225014525E-3
3.3106190484E-1	1.7285212670E+1	3.9432520014E-3
3.3501550468E-1	1.6255899742E+1	3.9639366533E-3
3.3898975607E-1	1.5336426971E+1	3.9845550624E-3
3.4298459261E-1	1.4532076269E+1	4.0051068843E-3
3.4699994753E-1	1.3847925682E+1	4.0255917754E-3
3.5103575373E-1	1.3288826729E+1	4.0460093936E-3
3.5509194378E-1	1.2859381784E+1	4.0663593974E-3
3.5916844988E-1	1.2563921599E+1	4.0866414469E-3
3.6326520391E-1	1.2406483058E+1	4.1068552032E-3
3.6738213741E-1	1.2390787273E+1	4.1270003283E-3
3.7151918157E-1	1.2520218124E+1	4.1470764858E-3
3.7567626728E-1	1.2797801344E+1	4.1670833400E-3
3.7985332504E-1	1.3226184275E+1	4.1870205567E-3
3.8405028507E-1	1.3807616388E+1	4.2068878026E-3
3.8826707721E-1	1.4543930694E+1	4.2266847457E-3
3.9250363101E-1	1.5436526146E+1	4.2464110553E-3
3.9675987567E-1	1.6486351166E+1	4.2660664016E-3
4.0103574005E-1	1.7693888378E+1	4.2856504563E-3
4.0533115271E-1	1.9059140697E+1	4.3051628919E-3
4.0964604185E-1	2.0581618852E+1	4.3246033825E-3
4.1398033538E-1	2.2260330466E+1	4.3439716031E-3
4.1833396086E-1	2.4093770796E+1	4.3632672302E-3
4.2270684554E-1	2.6079915232E+1	4.3824899412E-3
4.2709891633E-1	2.8216213655E+1	4.4016394148E-3
4.3151009985E-1	3.0499586731E+1	4.4207153312E-3
4.3594032237E-1	3.2926424253E+1	4.4397173715E-3
4.4038950986E-1	3.5492585581E+1	4.4586452181E-3
4.4485758797E-1	3.8193402270E+1	4.4774985548E-3
4.4934448203E-1	4.1023682938E+1	4.4962770664E-3
4.5385011706E-1	4.3977720445E+1	4.5149804392E-3
4.5837441776E-1	4.7049301397E+1	4.5336083606E-3
4.6291730852E-1	5.0231718049E+1	4.5521605193E-3
4.6747871344E-1	5.3517782601E+1	4.5706366053E-3
4.7205855627E-1	5.6899843906E+1	4.5890363098E-3
4.7665676049E-1	6.0369806609E+1	4.6073593254E-3
4.8127324926E-1	6.3919152676E+1	4.6256053458E-3
4.8590794542E-1	6.7538965315E+1	4.6437740661E-3
4.9056077152E-1	7.1219955235E+1	4.6618651826E-3
4.9523164982E-1	7.4952489201E+1	4.6798783932E-3
4.9992050224E-1	7.8726620811E+1	4.6978133967E-3
5.0462725044E-1	8.2532123428E+1	4.7156698934E-3
5.0935181576E-1	8.6358525160E+1	4.7334475849E-3
5.1409411924E-1	9.0195145792E+1	4.7511461741E-3
5.1885408164E-1	9.4031135541E+1	4.7687653653E-3
5.2363162341E-1	9.7855515499E+1	4.7863048641E-3
5.2842666471E-1	1.0165721962E+2	4.8037643772E-3
5.3323912540E-1	1.0542513807E+2	4.8211436130E-3
5.3806892508E-1	1.0914816180E+2	4.8384422809E-3
5.4291598301E-1	1.1281522811E+2	4.8556600920E-3
5.4778021821E-1	1.1641536701E+2	4.8727967585E-3
5.5266154939E-1	1.1993774822E+2	4.8898519940E-3
5.5755989496E-1	1.2337172847E+2	4.9068255135E-3
5.6247517308E-1	1.2670689905E+2	4.9237170334E-3
5.6740730160E-1	1.2993313313E+2	4.9405262713E-3
5.7235619810E-1	1.3304063282E+2	4.9572529464E-3
5.7732177988E-1	1.3601997557E+2	4.9738967791E-3
5.8230396395E-1	1.3886215978E+2	4.9904574913E-3
5.8730266706E-1	1.4155864915E+2	5.0069348063E-3
5.9231780568E-1	1.4410141576E+2	5.0233284486E-3
5.9734929598E-1	1.4648298143E+2	5.0396381444E-3
6.0239705389E-1	1.4869645711E+2	5.0558636210E-3
6.0746099506E-1	1.5073558019E+2	5.0720046074E-3
6.1254103485E-1	1.5259474923E+2	5.0880608338E-3
6.1763708838E-1	1.5426905605E+2	5.1040320318E-3
6.2274907048E-1	1.5575431491E+2	5.1199179345E-3
6.2787689573E-1	1.5704708839E+2	5.1357182766E-3
6.3302047843E-1	1.5814470999E+2	5.1514327939E-3
6.3817973262E-1	1.5904530302E+2	5.1670612238E-3
6.4335457209E-1	1.5974779571E+2	5.1826033052E-3
6.4854491036E-1	1.6025193231E+2	5.1980587783E-3
6.5375066070E-1	1.6055828010E+2	5.2134273849E-3
6.5897173609E-1	1.6066823200E+2	5.2287088681E-3
6.6420804930E-1	1.6058400488E+2	5.2439029725E-3
6.6945951283E-1	1.6030863329E+2	5.2590094442E-3
6.7472603890E-1	1.5984595864E+2	5.2740280309E-3
6.8000753951E-1	1.5920061378E+2	5.2889584814E-3
6.8530392640E-1	1.5837800295E+2	5.3038005463E-3
6.9061511106E-1	1.5738427706E+2	5.3185539776E-3
6.9594100473E-1	1.5622630444E+2	5.3332185287E-3
7.0128151841E-1	1.5491163707E+2	5.3477939546E-3
7.0663656285E-1	1.5344847241E+2	5.3622800116E-3
7.1200604856E-1	1.5184561093E+2	5.3766764577E-3
7.1738988581E-1	1.5011240954E+2	5.3909830523E-3
7.2278798463E-1	1.4825873114E+2	5.4051995564E-3
7.2820025482E-1	1.4629489042E+2	5.4193257323E-3
7.3362660591E-1	1.4423159626E+2	5.4333613439E-3
7.3906694724E-1	1.4207989097E+2	5.4473061568E-3
7.4452118788E-1	1.3985108667E+2	5.4611599379E-3
7.4998923669E-1	1.3755669921E+2	5.4749224557E-3
7.5547100229E-1	1.3520837992E+2	5.4885934801E-3
7.6096639308E-1	1.3281784561E+2	5.5021727828E-3
7.6647531721E-1	1.3039680728E+2	5.5156601367E-3
7.7199768263E-1	1.2795689785E+2	5.5290553166E-3
7.7753339704E-1	1.2550959956E+2	5.5423580985E-3
7.8308236795E-1	1.2306617124E+2	5.5555682601E-3
7.8864450262E-1	1.2063757619E+2	5.5686855808E-3
7.9421970809E-1	1.1823441098E+2	5.5817098412E-3
7.9980789121E-1	1.1586683573E+2	5.5946408237E-3
8.0540895857E-1	1.1354450638E+2	5.6074783123E-3
8.1102281659E-1	1.1127650943E+2	5.6202220924E-3
8.1664937145E-1	1.0907129962E+2	5.6328719509E-3
8.2228852912E-1	1.0693664109E+2	5.6454276767E-3
8.2794019536E-1	1.0487955248E+2	5.6578890597E-3
8.3360427572E-1	1.0290625639E+2	5.6702558918E-3
8.3928067556E-1	1.0102213371E+2	5.6825279663E-3
8.4496930000E-1	9.9231683200E+1	5.6947050782E-3
8.5067005399E-1	9.7538486754E+1	5.7067870238E-3
8.5638284226E-1	9.5945180679E+1	5.7187736014E-3
8.6210756934E-1	9.4453433359E+1	5.7306646105E-3
8.6784413956E-1	9.3063929590E+1	5.7424598526E-3
8.7359245705E-1	9.1776361866E+1	5.7541591304E-3
8.7935242576E-1	9.0589428815E+1	5.7657622485E-3
8.8512394943E-1	8.9500840991E+1	5.7772690129E-3
8.9090693161E-1	8.8507334131E+1	5.7886792314E-3
8.9670127565E-1	8.7604689966E+1	5.7999927133E-3
9.0250688473E-1	8.6787764622E+1	5.8112092696E-3
9.0832366182E-1	8.6050524586E+1	5.8223287127E-3
9.1415150972E-1	8.5386090145E+1	5.8333508568E-3
9.1999033104E-1	8.4786786193E+1	5.8442755178E-3
9.2584002820E-1	8.4244200196E+1	5.8551025132E-3
9.3170050345E-1	8.3749247074E+1	5.8658316618E-3
9.3757165885E-1	8.3292240708E+1	5.8764627846E-3
9.4345339628E-1	8.2862971707E+1	5.8869957037E-3
9.4934561746E-1	8.2450791028E+1	5.8974302433E-3
9.5524822392E-1	8.2044698985E+1	5.9077662288E-3
9.6116111701E-1	8.1633439135E+1	5.9180034877E-3
9.6708419793E-1	8.1205596469E+1	5.9281418487E-3
9.7301736769E-1	8.0749699314E+1	5.9381811425E-3
9.7896052713E-1	8.0254324280E+1	5.9481212013E-3
9.8491357695E-1	7.9708203568E+1	5.9579618591E-3
9.9087641766E-1	7.9100333913E+1	5.9677029512E-3
9.9684894961E-1	7.8420086402E+1	5.9773443150E-3
1.0028310730E+0	7.7657316392E+1	5.9868857894E-3
1.0088226878E+0	7.6802472715E+1	5.9963272149E-3
1.0148236940E+0	7.5846705351E+1	6.0056684336E-3
1.0208339913E+0	7.4781970752E+1	6.0149092896E-3
1.0268534791E+0	7.3601133968E+1	6.0240496283E-3
1.0328820570E+0	7.2298066751E+1	6.0330892971E-3
1.0389196241E+0	7.0867740812E+1	6.0420281448E-3
1.0449660796E+0	6.9306315419E+1	6.0508660221E-3
1.0510213224E+0	6.7611218549E+1	6.0596027814E-3
1.0570852514E+0	6.5781220830E+1	6.0682382765E-3
1.0631577652E+0	6.3816501540E+1	6.0767723631E-3
1.0692387623E+0	6.1718705979E+1	6.0852048988E-3
1.0753281411E+0	5.9490993558E+1	6.0935357425E-3
1.0814257998E+0	5.7138076024E+1	6.1017647550E-3
1.0875316366E+0	5.4666245273E+1	6.1098917988E-3
1.0936455494E+0	5.2083390267E+1	6.1179167381E-3
1.0997674360E+0	4.9399002674E+1	6.1258394388E-3
1.1058971941E+0	4.6624170860E+1	6.1336597685E-3
1.1120347214E+0	4.3771561988E+1	6.1413775965E-3
1.1181799151E+0	4.0855392046E+1	6.1489927938E-3
1.1243326727E+0	3.7891383683E+1	6.1565052331E-3
1.1304928913E+0	3.4896711863E+1	6.1639147890E-3
1.1366604679E+0	3.1889937380E+1	6.1712213376E-3
1.1428352996E+0	2.8890928427E+1	6.1784247568E-3
1.1490172830E+0	2.5920770432E+1	6.1855249261E-3
1.1552063150E+0	2.3001664533E+1	6.1925217271E-3
1.1614022920E+0	2.0156815095E+1	6.1994150427E-3
1.1676051105E+0	1.7410306796E+1	6.2062047577E-3
1.1738146669E+0	1.4786971883E+1	6.2128907587E-3
1.1800308574E+0	1.2312248277E+1	6.2194729339E-3
1.1862535782E+0	1.0012029294E+1	6.2259511734E-3
1.1924827251E+0	7.9125058279E+0	6.2323253688E-3
1.1987181942E+0	6.0400018899E+0	6.2385954138E-3
1.2049598812E+0	4.4208045060E+0	6.2447612034E-3
1.2112076818E+0	3.0809889910E+0	6.2508226346E-3
1.2174614916E+0	2.0462407023E+0	6.2567796062E-3
1.2237212062E+0	1.3416744094E+0	6.2626320186E-3
1.2299867208E+0	9.9165245980E-1	6.2683797740E-3
1.2362579308E+0	1.0196029537E+0	6.2740227763E-3
1.2425347314E+0	1.4478391610E+0	6.2795609313E-3
1.2488170177E+0	2.2973814348E+0	6.2849941464E-3
1.2551046847E+0	3.5877828754E+0	6.2903223308E-3
1.2613976273E+0	5.3369600048E+0	6.2955453954E-3
1.2676957404E+0	7.5610296913E+0	6.3006632530E-3
1.2739989187E+0	1.0274153551E+1	6.3056758180E-3
1.2803070569E+0	1.3488391021E+1	6.3105830068E-3
1.2866200496E+0	1.7213562250E+1	6.3153847371E-3
1.2929377912E+0	2.1457121937E+1	6.3200809290E-3
1.2992601762E+0	2.6224045134E+1	6.3246715037E-3
1.3055870990E+0	3.1516726041E+1	6.3291563847E-3
1.3119184537E+0	3.7334890666E+1	6.3335354970E-3
1.3182541347E+0	4.3675524219E+1	6.3378087674E-3
1.3245940360E+0	5.0532813959E+1	6.3419761245E-3
1.3309380516E+0	5.7898108167E+1	6.3460374987E-3
1.3372860756E+0	6.5759891781E+1	6.3499928220E-3
1.3436380019E+0	7.4103779149E+1	6.3538420284E-3
1.3499937243E+0	8.2912524232E+1	6.3575850535E-3
1.3563531366E+0	9.2166048487E+1	6.3612218349E-3
1.3627161325E+0	1.0184148653E+2	6.3647523117E-3
1.3690826057E+0	1.1191324957E+2	6.3681764249E-3
1.3754524499E+0	1.2235310647E+2	6.3714941173E-3
1.3818255585E+0	1.3313028220E+2	6.3747053335E-3
1.3882018250E+0	1.4421157335E+2	6.3778100198E-3
1.3945811430E+0	1.5556148003E+2	6.3808081243E-3
1.4009634057E+0	1.6714235383E+2	6.3836995970E-3
1.4073485066E+0	1.7891456089E+2	6.3864843894E-3
1.4137363389E+0	1.9083665932E+2	6.3891624551E-3
1.4201267959E+0	2.0286559006E+2	6.3917337493E-3
1.4265197708E+0	2.1495688014E+2	6.3941982290E-3
1.4329151568E+0	2.2706485714E+2	6.3965558531E-3
1.4393128469E+0	2.3914287374E+2	6.3988065821E-3
1.4457127343E+0	2.5114354097E+2	6.4009503785E-3
1.4521147120E+0	2.6301896892E+2	6.4029872063E-3
1.4585186731E+0	2.7472101329E+2	6.4049170317E-3
1.4649245104E+0	2.8620152653E+2	6.4067398222E-3
1.4713321170E+0	2.9741261192E+2	6.4084555476E-3
1.4777413858E+0	3.0830687908E+2	6.4100641790E-3
1.4841522097E+0	3.1883769930E+2	6.4115656896E-3
1.4905644815E+0	3.2895945922E+2	6.4129600544E-3
1.4969780940E+0	3.3862781118E+2	6.4142472499E-3
1.5033929402E+0	3.4779991873E+2	6.4154272548E-3
1.5098089128E+0	3.5643469573E+2	6.4165000493E-3
1.5162259046E+0	3.6449303762E+2	6.4174656154E-3
1.5226438083E+0	3.7193804327E+2	6.4183239370E-3
1.5290625167E+0	3.7873522606E+2	6.4190749998E-3
1.5354819225E+0	3.8485271296E+2	6.4197187912E-3
1.5419019185E+0	3.9026143011E+2	6.4202553005E-3
1.5483223974E+0	3.9493527395E+2	6.4206845187E-3
1.5547432518E+0	3.9885126665E+2	6.4210064386E-3
1.5611643745E+0	4.0198969491E+2	6.4212210549E-3
1.5675856581E+0	4.0433423125E+2	6.4213283639E-3
1.5740069954E+0	4.0587203693E+2	6.4213283639E-3
1.5804282791E+0	4.0659384600E+2	6.4212210549E-3
1.5868494018E+0	4.0649402975E+2	6.4210064386E-3
1.5932702562E+0	4.0557064128E+2	6.4206845187E-3
1.5996907351E+0	4.0382543986E+2	6.4202553005E-3
1.6061107310E+0	4.0126389490E+2	6.4197187912E-3
1.6125301369E+0	3.9789516958E+2	6.4190749998E-3
1.6189488453E+0	3.9373208412E+2	6.4183239370E-3
1.6253667490E+0	3.8879105907E+2	6.4174656154E-3
1.6317837408E+0	3.8309203885E+2	6.4165000493E-3
1.6381997134E+0	3.7665839611E+2	6.4154272548E-3
1.6446145595E+0	3.6951681749E+2	6.4142472499E-3
1.6510281721E+0	3.6169717147E+2	6.4129600544E-3
1.6574404439E+0	3.5323235921E+2	6.4115656896E-3
1.6638512678E+0	3.4415814925E+2	6.4100641790E-3
1.6702605366E+0	3.3451299714E+2	6.4084555476E-3
1.6766681432E+0	3.2433785111E+2	6.4067398222E-3
1.6830739805E+0	3.1367594500E+2	6.4049170317E-3
1.6894779416E+0	3.0257257971E+2	6.4029872063E-3
1.6958799193E+0	2.9107489454E+2	6.4009503785E-3
1.7022798067E+0	2.7923162977E+2	6.3988065821E-3
1.7086774968E+0	2.6709288197E+2	6.3965558531E-3
1.7150728827E+0	2.5470985348E+2	6.3941982290E-3
1.7214658576E+0	2.4213459758E+2	6.3917337493E-3
1.7278563146E+0	2.2941976090E+2	6.3891624551E-3
1.7342441470E+0	2.1661832445E+2	6.3864843894E-3
1.7406292478E+0	2.0378334498E+2	6.3836995970E-3
1.7470115106E+0	1.9096769798E+2	6.3808081243E-3
1.7533908286E+0	1.7822382391E+2	6.3778100198E-3
1.7597670951E+0	1.6560347907E+2	6.3747053335E-3
1.7661402037E+0	1.5315749238E+2	6.3714941173E-3
1.7725100479E+0	1.4093552960E+2	6.3681764249E-3
1.7788765211E+0	1.2898586611E+2	6.3647523117E-3
1.7852395170E+0	1.1735516949E+2	6.3612218349E-3
1.7915989293E+0	1.0608829303E+2	6.3575850535E-3
1.7979546517E+0	9.5228081218E+1	6.3538420284E-3
1.8043065780E+0	8.4815188155E+1	6.3499928220E-3
1.8106546020E+0	7.4887909703E+1	6.3460374987E-3
1.8169986176E+0	6.5482030209E+1	6.3419761245E-3
1.8233385189E+0	5.6630684389E+1	6.3378087674E-3
1.8296741999E+0	4.8364234964E+1	6.3335354970E-3
1.8360055546E+0	4.0710166469E+1	6.3291563847E-3
1.8423324774E+0	3.3692995587E+1	6.3246715037E-3
1.8486548624E+0	2.7334198231E+1	6.3200809290E-3
1.8549726040E+0	2.1652153495E+1	6.3153847371E-3
1.8612855967E+0	1.6662104486E+1	6.3105830068E-3
1.8675937349E+0	1.2376135955E+1	6.3056758180E-3
1.8738969132E+0	8.8031685276E+0	6.3006632530E-3
1.8801950263E+0	5.9489692466E+0	6.2955453954E-3
1.8864879689E+0	3.8161780425E+0	6.2903223308E-3
1.8927756359E+0	2.4043496549E+0	6.2849941464E-3
1.8990579222E+0	1.7100104451E+0	6.2795609313E-3
1.9053347228E+0	1.7267294601E+0	6.2740227763E-3
1.9116059328E+0	2.4452030350E+0	6.2683797740E-3
1.9178714474E+0	3.8533521529E+0	6.2626320186E-3
1.9241311620E+0	5.9364317212E+0	6.2567796062E-3
1.9303849718E+0	8.6771508723E+0	6.2508226346E-3
1.9366327724E+0	1.2055803346E+1	6.2447612034E-3
1.9428744594E+0	1.6050406976E+1	6.2385954138E-3
1.9491099285E+0	2.0636851272E+1	6.2323253688E-3
1.9553390754E+0	2.5789052062E+1	6.2259511734E-3
1.9615617961E+0	3.1479112148E+1	6.2194729339E-3
1.9677779867E+0	3.7677486906E+1	6.2128907587E-3
1.9739875431E+0	4.4353153795E+1	6.2062047577E-3
1.9801903616E+0	5.1473784689E+1	6.1994150427E-3
1.9863863386E+0	5.9005920018E+1	6.1925217271E-3
1.9925753706E+0	6.6915143679E+1	6.1855249261E-3
1.9987573540E+0	7.5166257730E+1	6.1784247568E-3
2.0049321857E+0	8.3723455897E+1	6.1712213376E-3
2.0110997623E+0	9.2550494964E+1	6.1639147890E-3
2.0172599809E+0	1.0161086317E+2	6.1565052331E-3
2.0234127385E+0	1.1086794476E+2	6.1489927938E-3
2.0295579322E+0	1.2028517992E+2	6.1413775965E-3
2.0356954595E+0	1.2982621933E+2	6.1336597685E-3
2.0418252176E+0	1.3945507270E+2	6.1258394388E-3
2.0479471042E+0	1.4913625066E+2	6.1179167381E-3
2.0540610170E+0	1.5883489940E+2	6.1098917988E-3
2.0601668538E+0	1.6851692771E+2	6.1017647550E-3
2.0662645125E+0	1.7814912577E+2	6.0935357425E-3
2.0723538913E+0	1.8769927560E+2	6.0852048988E-3
2.0784348884E+0	1.9713625268E+2	6.0767723631E-3
2.0845074022E+0	2.0643011856E+2	6.0682382765E-3
2.0905713312E+0	2.1555220440E+2	6.0596027814E-3
2.0966265740E+0	2.2447518516E+2	6.0508660221E-3
2.1026730295E+0	2.3317314460E+2	6.0420281448E-3
2.1087105966E+0	2.4162163100E+2	6.0330892971E-3
2.1147391745E+0	2.4979770364E+2	6.0240496283E-3
2.1207586623E+0	2.5767997035E+2	6.0149092896E-3
2.1267689596E+0	2.6524861613E+2	6.0056684336E-3
2.1327699657E+0	2.7248542320E+2	5.9963272149E-3
2.1387615806E+0	2.7937378265E+2	5.9868857894E-3
2.1447437040E+0	2.8589869820E+2	5.9773443150E-3
2.1507162359E+0	2.9204678216E+2	5.9677029512E-3
2.1566790766E+0	2.9780624425E+2	5.9579618591E-3
2.1626321265E+0	3.0316687348E+2	5.9481212013E-3
2.1685752859E+0	3.0812001370E+2	5.9381811425E-3
2.1745084557E+0	3.1265853313E+2	5.9281418487E-3
2.1804315366E+0	3.1677678857E+2	5.9180034877E-3
2.1863444297E+0	3.2047058445E+2	5.9077662288E-3
2.1922470361E+0	3.2373712757E+2	5.8974302433E-3
2.1981392573E+0	3.2657497785E+2	5.8869957037E-3
2.2040209947E+0	3.2898399550E+2	5.8764627846E-3
2.2098921501E+0	3.3096528538E+2	5.8658316618E-3
2.2157526254E+0	3.3252113883E+2	5.8551025132E-3
2.2216023226E+0	3.3365497347E+2	5.8442755178E-3
2.2274411439E+0	3.3437127153E+2	5.8333508568E-3
2.2332689918E+0	3.3467551713E+2	5.8223287127E-3
2.2390857689E+0	3.3457413289E+2	5.8112092696E-3
2.2448913779E+0	3.3407441631E+2	5.7999927133E-3
2.2506857220E+0	3.3318447640E+2	5.7886792314E-3
2.2564687042E+0	3.3191317078E+2	5.7772690129E-3
2.2622402278E+0	3.3027004365E+2	5.7657622485E-3
2.2680001965E+0	3.2826526502E+2	5.7541591304E-3
2.2737485140E+0	3.2590957137E+2	5.7424598526E-3
2.2794850843E+0	3.2321420801E+2	5.7306646105E-3
2.2852098113E+0	3.2019087347E+2	5.7187736014E-3
2.2909225996E+0	3.1685166596E+2	5.7067870238E-3
2.2966233536E+0	3.1320903223E+2	5.6947050782E-3
2.3023119780E+0	3.0927571881E+2	5.6825279663E-3
2.3079883779E+0	3.0506472585E+2	5.6702558918E-3
2.3136524582E+0	3.0058926359E+2	5.6578890597E-3
2.3193041245E+0	2.9586271158E+2	5.6454276767E-3
2.3249432821E+0	2.9089858049E+2	5.6328719509E-3
2.3305698370E+0	2.8571047682E+2	5.6202220924E-3
2.3361836950E+0	2.8031207017E+2	5.6074783123E-3
2.3417847624E+0	2.7471706330E+2	5.5946408237E-3
2.3473729455E+0	2.6893916467E+2	5.5817098412E-3
2.3529481510E+0	2.6299206360E+2	5.5686855808E-3
2.3585102856E+0	2.5688940782E+2	5.5555682601E-3
2.3640592565E+0	2.5064478331E+2	5.5423580985E-3
2.3695949710E+0	2.4427169640E+2	5.5290553166E-3
2.3751173364E+0	2.3778355784E+2	5.5156601367E-3
2.3806262605E+0	2.3119366886E+2	5.5021727828E-3
2.3861216513E+0	2.2451520891E+2	5.4885934801E-3
2.3916034169E+0	2.1776122507E+2	5.4749224557E-3
2.3970714657E+0	2.1094462288E+2	5.4611599379E-3
2.4025257064E+0	2.0407815842E+2	5.4473061568E-3
2.4079660477E+0	1.9717443152E+2	5.4333613439E-3
2.4133923988E+0	1.9024587995E+2	5.4193257323E-3
2.4188046690E+0	1.8330477436E+2	5.4051995564E-3
2.4242027678E+0	1.7636321391E+2	5.3909830523E-3
2.4295866050E+0	1.6943312230E+2	5.3766764577E-3
2.4349560907E+0	1.6252624429E+2	5.3622800116E-3
2.4403111352E+0	1.5565414227E+2	5.3477939546E-3
2.4456516489E+0	1.4882819304E+2	5.3332185287E-3
2.4509775425E+0	1.4205958448E+2	5.3185539776E-3
2.4562887272E+0	1.3535931216E+2	5.3038005463E-3
2.4615851141E+0	1.2873817563E+2	5.2889584814E-3
2.4668666147E+0	1.2220677443E+2	5.2740280309E-3
2.4721331408E+0	1.1577550376E+2	5.2590094442E-3
2.4773846043E+0	1.0945454958E+2	5.2439029725E-3
2.4826209175E+0	1.0325388333E+2	5.2287088681E-3
2.4878419929E+0	9.7183256034E+1	5.2134273849E-3
2.4930477432E+0	9.1252191844E+1	5.1980587783E-3
2.4982380815E+0	8.5469981045E+1	5.1826033052E-3
2.5034129210E+0	7.9845672430E+1	5.1670612238E-3
2.5085721752E+0	7.4388065126E+1	5.1514327939E-3
2.5137157579E+0	6.9105699845E+1	5.1357182766E-3
2.5188435831E+0	6.4006849613E+1	5.1199179345E-3
2.5239555652E+0	5.9099510006E+1	5.1040320318E-3
2.5290516187E+0	5.4391388923E+1	5.0880608338E-3
2.5341316585E+0	4.9889895980E+1	5.0720046074E-3
2.5391955997E+0	4.5602131555E+1	5.0558636210E-3
2.5442433576E+0	4.1534875569E+1	5.0396381444E-3
2.5492748479E+0	3.7694576063E+1	5.0233284486E-3
2.5542899865E+0	3.4087337664E+1	5.0069348063E-3
2.5592886896E+0	3.0718909996E+1	4.9904574913E-3
2.5642708737E+0	2.7594676139E+1	4.9738967791E-3
2.5692364555E+0	2.4719641215E+1	4.9572529464E-3
2.5741853520E+0	2.2098421184E+1	4.9405262713E-3
2.5791174805E+0	1.9735231941E+1	4.9237170334E-3
2.5840327586E+0	1.7633878800E+1	4.9068255135E-3
2.5889311042E+0	1.5797746445E+1	4.8898519940E-3
2.5938124354E+0	1.4229789444E+1	4.8727967585E-3
2.5986766706E+0	1.2932523394E+1	4.8556600920E-3
2.6035237285E+0	1.1908016784E+1	4.8384422809E-3
2.6083535282E+0	1.1157883643E+1	4.8211436130E-3
2.6131659889E+0	1.0683277052E+1	4.8037643772E-3
2.6179610302E+0	1.0484883581E+1	4.7863048641E-3
2.6227385719E+0	1.0562918706E+1	4.7687653653E-3
2.6274985343E+0	1.0917123272E+1	4.7511461741E-3
2.6322408378E+0	1.1546761038E+1	4.7334475849E-3
2.6369654032E+0	1.2450617362E+1	4.7156698934E-3
2.6416721513E+0	1.3626999040E+1	4.6978133967E-3
2.6463610038E+0	1.5073735354E+1	4.6798783932E-3
2.6510318821E+0	1.6788180330E+1	4.6618651826E-3
2.6556847082E+0	1.8767216234E+1	4.6437740661E-3
2.6603194043E+0	2.1007258316E+1	4.6256053458E-3
2.6649358931E+0	2.3504260787E+1	4.6073593254E-3
2.6695340973E+0	2.6253724051E+1	4.5890363098E-3
2.6741139402E+0	2.9250703160E+1	4.5706366053E-3
2.6786753451E+0	3.2489817482E+1	4.5521605193E-3
2.6832182358E+0	3.5965261555E+1	4.5336083606E-3
2.6877425365E+0	3.9670817105E+1	4.5149804392E-3
2.6922481716E+0	4.3599866181E+1	4.4962770664E-3
2.6967350656E+0	4.7745405373E+1	4.4774985548E-3
2.7012031437E+0	5.2100061069E+1	4.4586452181E-3
2.7056523312E+0	5.6656105688E+1	4.4397173715E-3
2.7100825537E+0	6.1405474848E+1	4.4207153312E-3
2.7144937373E+0	6.6339785402E+1	4.4016394148E-3
2.7188858081E+0	7.1450354278E+1	4.3824899412E-3
2.7232586927E+0	7.6728218058E+1	4.3632672302E-3
2.7276123182E+0	8.2164153234E+1	4.3439716031E-3
2.7319466117E+0	8.7748697055E+1	4.3246033825E-3
2.7362615009E+0	9.3472168906E+1	4.3051628919E-3
2.7405569135E+0	9.9324692131E+1	4.2856504563E-3
2.7448327779E+0	1.0529621624E+2	4.2660664016E-3
2.7490890226E+0	1.1137653942E+2	4.2464110553E-3
2.7533255764E+0	1.1755533124E+2	4.2266847457E-3
2.7575423685E+0	1.2382215551E+2	4.2068878026E-3
2.7617393285E+0	1.3016649327E+2	4.1870205567E-3
2.7659163863E+0	1.3657776566E+2	4.1670833400E-3
2.7700734720E+0	1.4304535680E+2	4.1470764858E-3
2.7742105162E+0	1.4955863650E+2	4.1270003283E-3
2.7783274497E+0	1.5610698269E+2	4.1068552032E-3
2.7824242037E+0	1.6267980364E+2	4.0866414469E-3
2.7865007098E+0	1.6926655975E+2	4.0663593974E-3
2.7905568999E+0	1.7585678499E+2	4.0460093936E-3
2.7945927061E+0	1.8244010778E+2	4.0255917754E-3
2.7986080610E+0	1.8900627137E+2	4.0051068843E-3
2.8026028975E+0	1.9554515364E+2	3.9845550624E-3
2.8065771489E+0	2.0204678624E+2	3.9639366533E-3
2.8105307487E+0	2.0850137300E+2	3.9432520014E-3
2.8144636309E+0	2.1489930769E+2	3.9225014525E-3
2.8183757298E+0	2.2123119091E+2	3.9016853533E-3
2.8222669799E+0	2.2748784624E+2	3.8808040517E-3
2.8261373163E+0	2.3366033549E+2	3.8598578967E-3
2.8299866742E+0	2.3973997317E+2	3.8388472382E-3
2.8338149894E+0	2.4571833992E+2	3.8177724274E-3
2.8376221978E+0	2.5158729516E+2	3.7966338166E-3
2.8414082359E+0	2.5733898873E+2	3.7754317588E-3
2.8451730403E+0	2.6296587163E+2	3.7541666086E-3
2.8489165482E+0	2.6846070576E+2	3.7328387211E-3
2.8526386969E+0	2.7381657272E+2	3.7114484529E-3
2.8563394244E+0	2.7902688167E+2	3.6899961614E-3
2.8600186687E+0	2.8408537620E+2	3.6684822051E-3
2.8636763684E+0	2.8898614024E+2	3.6469069436E-3
2.8673124623E+0	2.9372360306E+2	3.6252707373E-3
2.8709268897E+0	2.9829254329E+2	3.6035739479E-3
2.8745195901E+0	3.0268809204E+2	3.5818169379E-3
2.8780905036E+0	3.0690573513E+2	3.5600000709E-3
2.8816395704E+0	3.1094131437E+2	3.5381237115E-3
2.8851667313E+0	3.1479102807E+2	3.5161882254E-3
2.8886719273E+0	3.1845143060E+2	3.4941939790E-3
2.8921550998E+0	3.2191943122E+2	3.4721413399E-3
2.8956161906E+0	3.2519229211E+2	3.4500306767E-3
2.8990551419E+0	3.2826762555E+2	3.4278623588E-3
2.9024718962E+0	3.3114339053E+2	3.4056367567E-3
2.9058663965E+0	3.3381788849E+2	3.3833542419E-3
2.9092385859E+0	3.3628975856E+2	3.3610151867E-3
2.9125884081E+0	3.3855797202E+2	3.3386199643E-3
2.9159158072E+0	3.4062182629E+2	3.3161689492E-3
2.9192207275E+0	3.4248093830E+2	3.2936625164E-3
2.9225031139E+0	3.4413523732E+2	3.2711010421E-3
2.9257629114E+0	3.4558495736E+2	3.2484849032E-3
2.9290000656E+0	3.4683062910E+2	3.2258144779E-3
2.9322145224E+0	3.4787307137E+2	3.2030901448E-3
2.9354062280E+0	3.4871338230E+2	3.1803122838E-3
2.9385751292E+0	3.4935293014E+2	3.1574812755E-3
2.9417211730E+0	3.4979334372E+2	3.1345975014E-3
2.9448443068E+0	3.5003650268E+2	3.1116613440E-3
2.9479444784E+0	3.5008452749E+2	3.0886731866E-3
2.9510216360E+0	3.4993976923E+2	3.0656334132E-3
2.9540757281E+0	3.4960479920E+2	3.0425424091E-3
2.9571067038E+0	3.4908239847E+2	3.0194005599E-3
2.9601145124E+0	3.4837554724E+2	2.9962082525E-3
2.9630991036E+0	3.4748741419E+2	2.9729658744E-3
2.9660604276E+0	3.4642134576E+2	2.9496738141E-3
2.9689984348E+0	3.4518085546E+2	2.9263324607E-3
2.9719130762E+0	3.4376961315E+2	2.9029422044E-3
2.9748043031E+0	3.4219143438E+2	2.8795034361E-3
2.9776720671E+0	3.4045026983E+2	2.8560165473E-3
2.9805163203E+0	3.3855019480E+2	2.8324819307E-3
2.9833370151E+0	3.3649539882E+2	2.8088999795E-3
2.9861341046E+0	3.3429017544E+2	2.7852710878E-3
2.9889075418E+0	3.3193891210E+2	2.7615956505E-3
2.9916572805E+0	3.2944608028E+2	2.7378740632E-3
2.9943832747E+0	3.2681622573E+2	2.7141067224E-3
2.9970854788E+0	3.2405395900E+2	2.6902940251E-3
2.9997638477E+0	3.2116394612E+2	2.6664363695E-3
3.0024183367E+0	3.1815089959E+2	2.6425341541E-3
3.0050489013E+0	3.1501956953E+2	2.6185877784E-3
3.0076554977E+0	3.1177473519E+2	2.5945976426E-3
3.0102380822E+0	3.0842119666E+2	2.5705641475E-3
3.0127966116E+0	3.0496376687E+2	2.5464876949E-3
3.0153310434E+0	3.0140726388E+2	2.5223686871E-3
3.0178413350E+0	2.9775650349E+2	2.4982075270E-3
3.0203274445E+0	2.9401629208E+2	2.4740046186E-3
3.0227893304E+0	2.9019141983E+2	2.4497603662E-3
3.0252269516E+0	2.8628665417E+2	2.4254751751E-3
3.0276402673E+0	2.8230673361E+2	2.4011494510E-3
3.0300292371E+0	2.7825636180E+2	2.3767836004E-3
3.0323938212E+0	2.7414020194E+2	2.3523780306E-3
3.0347339801E+0	2.6996287152E+2	2.3279331494E-3
3.0370496746E+0	2.6572893730E+2	2.3034493653E-3
3.0393408660E+0	2.6144291065E+2	2.2789270875E-3
3.0416075160E+0	2.5710924316E+2	2.2543667257E-3
3.0438495869E+0	2.5273232258E+2	2.2297686905E-3
3.0460670410E+0	2.4831646901E+2	2.2051333928E-3
3.0482598414E+0	2.4386593137E+2	2.1804612443E-3
3.0504279513E+0	2.3938488427E+2	2.1557526574E-3
3.0525713347E+0	2.3487742496E+2	2.1310080450E-3
3.0546899556E+0	2.3034757075E+2	2.1062278206E-3
3.0567837786E+0	2.2579925656E+2	2.0814123983E-3
3.0588527688E+0	2.2123633277E+2	2.0565621928E-3
3.0608968915E+0	2.1666256337E+2	2.0316776194E-3
3.0629161127E+0	2.1208162427E+2	2.0067590939E-3
3.0649103985E+0	2.0749710188E+2	1.9818070327E-3
3.0668797157E+0	2.0291249197E+2	1.9568218529E-3
3.0688240313E+0	1.9833119865E+2	1.9318039720E-3
3.0707433129E+0	1.9375653366E+2	1.9067538080E-3
3.0726375283E+0	1.8919171580E+2	1.8816717796E-3
3.0745066460E+0	1.8463987057E+2	1.8565583060E-3
3.0763506346E+0	1.8010403001E+2	1.8314138067E-3
3.0781694634E+0	1.7558713272E+2	1.8062387021E-3
3.0799631019E+0	1.7109202403E+2	1.7810334128E-3
3.0817315203E+0	1.6662145636E+2	1.7557983600E-3
3.0834746889E+0	1.6217808968E+2	1.7305339655E-3
3.0851925786E+0	1.5776449219E+2	1.7052406515E-3
3.0868851607E+0	1.5338314108E+2	1.6799188405E-3
3.0885524069E+0	1.4903642345E+2	1.6545689559E-3
3.0901942894E+0	1.4472663731E+2	1.6291914212E-3
3.0918107807E+0	1.4045599277E+2	1.6037866605E-3
3.0934018538E+0	1.3622661322E+2	1.5783550984E-3
3.0949674821E+0	1.3204053673E+2	1.5528971598E-3
3.0965076394E+0	1.2789971746E+2	1.5274132703E-3
3.0980223001E+0	1.2380602716E+2	1.5019038556E-3
3.0995114388E+0	1.1976125679E+2	1.4763693421E-3
3.1009750306E+0	1.1576711818E+2	1.4508101565E-3
3.1024130510E+0	1.1182524572E+2	1.4252267258E-3
3.1038254761E+0	1.0793719816E+2	1.3996194778E-3
3.1052122822E+0	1.0410446045E+2	1.3739888402E-3
3.1065734461E+0	1.0032844558E+2	1.3483352414E-3
3.1079089451E+0	9.6610496526E+1	1.3226591101E-3
3.1092187570E+0	9.2951888140E+1	1.2969608754E-3
3.1105028597E+0	8.9353829166E+1	1.2712409668E-3
3.1117612318E+0	8.5817464201E+1	1.2454998140E-3
3.1129938524E+0	8.2343875704E+1	1.2197378472E-3
3.1142007007E+0	7.8934086015E+1	1.1939554970E-3
3.1153817567E+0	7.5589059374E+1	1.1681531941E-3
3.1165370006E+0	7.2309703946E+1	1.1423313699E-3
3.1176664131E+0	6.9096873850E+1	1.1164904558E-3
3.1187699753E+0	6.5951371169E+1	1.0906308836E-3
3.1198476688E+0	6.2873947966E+1	1.0647530855E-3
3.1208994755E+0	5.9865308276E+1	1.0388574939E-3
3.1219253780E+0	5.6926110088E+1	1.0129445417E-3
3.1229253590E+0	5.4056967304E+1	9.8701466182E-4
3.1238994018E+0	5.1258451680E+1	9.6106828758E-4
3.1248474902E+0	4.8531094735E+1	9.3510585261E-4
3.1257696083E+0	4.5875389641E+1	9.0912779076E-4
3.1266657407E+0	4.3291793076E+1	8.8313453619E-4
3.1275358724E+0	4.0780727044E+1	8.5712652325E-4
3.1283799890E+0	3.8342580669E+1	8.3110418659E-4
3.1291980762E+0	3.5977711938E+1	8.0506796108E-4
3.1299901204E+0	3.3686449421E+1	7.7901828182E-4
3.1307561084E+0	3.1469093936E+1	7.5295558414E-4
3.1314960274E+0	2.9325920183E+1	7.2688030358E-4
3.1322098650E+0	2.7257178326E+1	7.0079287589E-4
3.1328976092E+0	2.5263095537E+1	6.7469373705E-4
3.1335592487E+0	2.3343877489E+1	6.4858332323E-4
3.1341947723E+0	2.1499709804E+1	6.2246207073E-4
3.1348041694E+0	1.9730759447E+1	5.9633041614E-4
3.1353874298E+0	1.8037176081E+1	5.7018879612E-4
3.1359445438E+0	1.6419093361E+1	5.4403764760E-4
3.1364755020E+0	1.4876630179E+1	5.1787740760E-4
3.1369802957E+0	1.3409891863E+1	4.9170851331E-4
3.1374589163E+0	1.2018971318E+1	4.6553140213E-4
3.1379113559E+0	1.0703950108E+1	4.3934651156E-4
3.1383376069E+0	9.4648995005E+0	4.1315427928E-4
3.1387376622E+0	8.3018814372E+0	3.8695514312E-4
3.1391115150E+0	7.2149494637E+0	3.6074954110E-4
3.1394591592E+0	6.2041495974E+0	3.3453791144E-4
3.1397805890E+0	5.2695211407E+0	3.0832069259E-4
3.1400757989E+0	4.4110974391E+0	2.8209832342E-4
3.1403447841E+0	3.6289065810E+0	2.5587124334E-4
3.1405875400E+0	2.9229720411E+0	2.2963989267E-4
3.1408040626E+0	2.2933132653E+0	2.0340471372E-4
3.1409943483E+0	1.7399461937E+0	1.7716615272E-4
3.1411583939E+0	1.2628837171E+0	1.5092466531E-4
3.1412961968E+0	8.6213604794E-1	1.2468073282E-4
3.1414077547E+0	5.3771094083E-1	9.8434919423E-5
3.1414930663E+0	2.8961347037E-1	7.2188137769E-5
3.1415521316E+0	1.1784346322E-1	4.5943520243E-5
3.1415849628E+0	2.2365763579E-2	1.9736940383E-5