# Differential cross section		
# Author: P. Swaczyna	Princeton University	(swaczyna@princeton.edu)
# Date: 	Wed 17 Feb 2021 15:34:54	
# 		
# Charge transfer collision: He^0 + He^+ -> He^+ + He^0		
# 		
# Red. mass: 	1.8640723202E+9	 eV/c^2
# CM energy: 	7.9432823472E-1	 eV
# Rel speed: 	8.7519398048E+5	 cm/s
# Tot sigma: 	N/A	 a.u.
# Int sigma: 	1.0153887645E+2	 a.u.
# 		
# Columns:		
# the <- scattering angle (rad)		
# dcs <- dsigma/dOmega*2*pi*sin(the) (a.u. = 2.8002852056E-17 cm^2)		
# wei <- weight for cross section integration (approx. width of angle bin)		
# 		
# the	dcs	wei
7.6907532846E-6	3.5428807778E-3	1.9736940383E-5
4.0521979771E-5	1.8667093244E-2	4.5943520243E-5
9.9587300392E-5	4.5875577785E-2	7.2188137769E-5
1.8489884726E-4	8.5170068678E-2	9.8434919423E-5
2.9645680168E-4	1.3653982879E-1	1.2468073282E-4
4.3425968311E-4	1.9996066457E-1	1.5092466531E-4
5.9830531657E-4	2.7538789907E-1	1.7716615272E-4
7.8859101285E-4	3.6274725466E-1	2.0340471372E-4
1.0051136166E-3	4.6192398290E-1	2.2963989267E-4
1.2478695220E-3	5.7275034598E-1	2.5587124334E-4
1.5168546797E-3	6.9499154828E-1	2.8209832342E-4
1.8120645986E-3	8.2833024890E-1	3.0832069259E-4
2.1334943481E-3	9.7234983319E-1	3.3453791144E-4
2.4811385584E-3	1.1265166806E+0	3.6074954110E-4
2.8549914211E-3	1.2901617375E+0	3.8695514312E-4
3.2550466893E-3	1.4624617838E+0	4.1315427928E-4
3.6812976783E-3	1.6424208789E+0	4.3934651156E-4
4.1337372652E-3	1.8288525677E+0	4.6553140213E-4
4.6123578895E-3	2.0203635451E+0	4.9170851331E-4
5.1171515529E-3	2.2153395836E+0	5.1787740760E-4
5.6481098199E-3	2.4119346503E+0	5.4403764760E-4
6.2052238176E-3	2.6080642453E+0	5.7018879612E-4
6.7884842360E-3	2.8014040964E+0	5.9633041614E-4
7.3978813281E-3	2.9893954273E+0	6.2246207073E-4
8.0334049101E-3	3.1692580683E+0	6.4858332323E-4
8.6950443616E-3	3.3380126997E+0	6.7469373705E-4
9.3827886258E-3	3.4925134842E+0	7.0079287589E-4
1.0096626210E-2	3.6294922522E+0	7.2688030358E-4
1.0836545184E-2	3.7456152392E+0	7.5295558414E-4
1.1602533184E-2	3.8375531219E+0	7.7901828182E-4
1.2394577408E-2	3.9020647498E+0	8.0506796108E-4
1.3212664621E-2	3.9360945140E+0	8.3110418659E-4
1.4056781152E-2	3.9368827281E+0	8.5712652325E-4
1.4926912893E-2	3.9020877098E+0	8.8313453619E-4
1.5823045305E-2	3.8299174606E+0	9.0912779076E-4
1.6745163410E-2	3.7192679495E+0	9.3510585261E-4
1.7693251801E-2	3.5698640330E+0	9.6106828758E-4
1.8667294632E-2	3.3823980289E+0	9.8701466182E-4
1.9667275626E-2	3.1586599345E+0	1.0129445417E-3
2.0693178073E-2	2.9016523094E+0	1.0388574939E-3
2.1744984827E-2	2.6156819810E+0	1.0647530855E-3
2.2822678313E-2	2.3064200681E+0	1.0906308836E-3
2.3926240519E-2	1.9809214353E+0	1.1164904558E-3
2.5055653005E-2	1.6475946825E+0	1.1423313699E-3
2.6210896896E-2	1.3161142382E+0	1.1681531941E-3
2.7391952886E-2	9.9726715548E-1	1.1939554970E-3
2.8598801239E-2	7.0272888200E-1	1.2197378472E-3
2.9831421786E-2	4.4476465379E-1	1.2454998140E-3
3.1089793929E-2	2.3585627825E-1	1.2712409668E-3
3.2373896638E-2	8.8257909079E-2	1.2969608754E-3
3.3683708455E-2	1.3488916416E-2	1.3226591101E-3
3.5019207490E-2	2.1776992611E-2	1.3483352414E-3
3.6380371427E-2	1.2147001537E-1	1.3739888402E-3
3.7767177517E-2	3.1844064793E-1	1.3996194778E-3
3.9179602586E-2	6.1551285005E-1	1.4252267258E-3
4.0617623030E-2	1.0119439949E+0	1.4508101565E-3
4.2081214817E-2	1.5029996736E+0	1.4763693421E-3
4.3570353490E-2	2.0796600247E+0	1.5019038556E-3
4.5085014162E-2	2.7284960513E+0	1.5274132703E-3
4.6625171522E-2	3.4317514274E+0	1.5528971598E-3
4.8190799831E-2	4.1676593545E+0	1.5783550984E-3
4.9781872927E-2	4.9110148888E+0	1.6037866605E-3
5.1398364219E-2	5.6340107334E+0	1.6291914212E-3
5.3040246694E-2	6.3073289987E+0	1.6545689559E-3
5.4707492914E-2	6.9014633286E+0	1.6799188405E-3
5.6400075017E-2	7.3882258900E+0	1.7052406515E-3
5.8117964718E-2	7.7423731468E+0	1.7305339655E-3
5.9861133308E-2	7.9432645557E+0	1.7557983600E-3
6.1629551657E-2	7.9764510461E+0	1.7810334128E-3
6.3423190212E-2	7.8350773107E+0	1.8062387021E-3
6.5242019000E-2	7.5209755105E+0	1.8314138067E-3
6.7086007624E-2	7.0453298840E+0	1.8565583060E-3
6.8955125270E-2	6.4288035387E+0	1.8816717796E-3
7.0849340702E-2	5.7010414766E+0	1.9067538080E-3
7.2768622264E-2	4.8994980195E+0	1.9318039720E-3
7.4712937885E-2	4.0675816602E+0	1.9568218529E-3
7.6682255070E-2	3.2521642458E+0	1.9818070327E-3
7.8676540910E-2	2.5005613683E+0	2.0067590939E-3
8.0695762079E-2	1.8571526958E+0	2.0316776194E-3
8.2739884832E-2	1.3598694255E+0	2.0565621928E-3
8.4808875009E-2	1.0368248764E+0	2.0814123983E-3
8.6902698034E-2	9.0339683293E-1	2.1062278206E-3
8.9021318917E-2	9.6008005037E-1	2.1310080450E-3
9.1164702253E-2	1.1914086385E+0	2.1557526574E-3
9.3332812224E-2	1.5661967485E+0	2.1804612443E-3
9.5525612596E-2	2.0392604961E+0	2.2051333928E-3
9.7743066726E-2	2.5546660047E+0	2.2297686905E-3
9.9985137556E-2	3.0504034021E+0	2.2543667257E-3
1.0225178762E-1	3.4642243703E+0	2.2789270875E-3
1.0454297904E-1	3.7402154693E+0	2.3034493653E-3
1.0685867352E-1	3.8355286027E+0	2.3279331494E-3
1.0919883237E-1	3.7265738446E+0	2.3523780306E-3
1.1156341648E-1	3.4139192148E+0	2.3767836004E-3
1.1395238633E-1	2.9251559698E+0	2.4011494510E-3
1.1636570200E-1	2.3150910266E+0	2.4254751751E-3
1.1880332317E-1	1.6628270588E+0	2.4497603662E-3
1.2126520909E-1	1.0655817695E+0	2.4740046186E-3
1.2375131862E-1	6.2946418035E-1	2.4982075270E-3
1.2626161023E-1	4.5783677279E-1	2.5223686871E-3
1.2879604195E-1	6.3830388340E-1	2.5464876949E-3
1.3135457143E-1	1.2297240724E+0	2.5705641475E-3
1.3393715592E-1	2.2508868750E+0	2.5945976426E-3
1.3654375226E-1	3.6725638938E+0	2.6185877784E-3
1.3917431689E-1	5.4144932672E+0	2.6425341541E-3
1.4182880585E-1	7.3484591921E+0	2.6664363695E-3
1.4450717478E-1	9.3079894861E+0	2.6902940251E-3
1.4720937892E-1	1.1104357561E+1	2.7141067224E-3
1.4993537310E-1	1.2547625314E+1	2.7378740632E-3
1.5268511179E-1	1.3470522929E+1	2.7615956505E-3
1.5545854902E-1	1.3752180164E+1	2.7852710878E-3
1.5825563845E-1	1.3338259459E+1	2.8088999795E-3
1.6107633333E-1	1.2254035544E+1	2.8324819307E-3
1.6392058653E-1	1.0607514163E+1	2.8560165473E-3
1.6678835052E-1	8.5808047794E+0	2.8795034361E-3
1.6967957737E-1	6.4095820062E+0	2.9029422044E-3
1.7259421876E-1	4.3524052470E+0	2.9263324607E-3
1.7553222599E-1	2.6536343173E+0	2.9496738141E-3
1.7849354996E-1	1.5053317308E+0	2.9729658744E-3
1.8147814117E-1	1.0145142713E+0	2.9962082525E-3
1.8448594977E-1	1.1820937090E+0	3.0194005599E-3
1.8751692548E-1	1.8986420233E+0	3.0425424091E-3
1.9057101764E-1	2.9597375380E+0	3.0656334132E-3
1.9364817522E-1	4.1003398286E+0	3.0886731866E-3
1.9674834681E-1	5.0438888434E+0	3.1116613440E-3
1.9987148058E-1	5.5583054835E+0	3.1345975014E-3
2.0301752435E-1	5.5085549366E+0	3.1574812755E-3
2.0618642554E-1	4.8946309771E+0	3.1803122838E-3
2.0937813120E-1	3.8652129843E+0	3.2030901448E-3
2.1259258799E-1	2.7009369037E+0	3.2258144779E-3
2.1582974219E-1	1.7668161544E+0	3.2484849032E-3
2.1908953970E-1	1.4399529012E+0	3.2711010421E-3
2.2237192605E-1	2.0249945991E+0	3.2936625164E-3
2.2567684639E-1	3.6743326349E+0	3.3161689492E-3
2.2900424548E-1	6.3314580436E+0	3.3386199643E-3
2.3235406772E-1	9.7133158775E+0	3.3610151867E-3
2.3572625713E-1	1.3340859212E+1	3.3833542419E-3
2.3912075735E-1	1.6617189436E+1	3.4056367567E-3
2.4253751167E-1	1.8941512787E+1	3.4278623588E-3
2.4597646298E-1	1.9837135476E+1	3.4500306767E-3
2.4943755380E-1	1.9065505609E+1	3.4721413399E-3
2.5292072631E-1	1.6698036178E+1	3.4941939790E-3
2.5642592230E-1	1.3124106796E+1	3.5161882254E-3
2.5995308318E-1	8.9866161664E+0	3.5381237115E-3
2.6350215001E-1	5.0533624769E+0	3.5600000709E-3
2.6707306349E-1	2.0495555467E+0	3.5818169379E-3
2.7066576394E-1	4.8945413757E-1	3.6035739479E-3
2.7428019131E-1	5.4947668090E-1	3.6252707373E-3
2.7791628522E-1	2.0188047200E+0	3.6469069436E-3
2.8157398488E-1	4.3467240896E+0	3.6684822051E-3
2.8525322919E-1	6.7819215421E+0	3.6899961614E-3
2.8895395665E-1	8.5733953091E+0	3.7114484529E-3
2.9267610542E-1	9.1825548133E+0	3.7328387211E-3
2.9641961330E-1	8.4479310010E+0	3.7541666086E-3
3.0018441773E-1	6.6516000450E+0	3.7754317588E-3
3.0397045579E-1	4.4597321873E+0	3.7966338166E-3
3.0777766421E-1	2.7437199068E+0	3.8177724274E-3
3.1160597938E-1	2.3243074521E+0	3.8388472382E-3
3.1545533730E-1	3.7084319440E+0	3.8598578967E-3
3.1932567367E-1	6.8977151485E+0	3.8808040517E-3
3.2321692379E-1	1.1333677671E+1	3.9016853533E-3
3.2712902264E-1	1.6009309301E+1	3.9225014525E-3
3.3106190484E-1	1.9728157679E+1	3.9432520014E-3
3.3501550468E-1	2.1444378313E+1	3.9639366533E-3
3.3898975607E-1	2.0585507642E+1	3.9845550624E-3
3.4298459261E-1	1.7256060700E+1	4.0051068843E-3
3.4699994753E-1	1.2248698783E+1	4.0255917754E-3
3.5103575373E-1	6.8448037093E+0	4.0460093936E-3
3.5509194378E-1	2.4524974162E+0	4.0663593974E-3
3.5916844988E-1	1.8663608691E-1	4.0866414469E-3
3.6326520391E-1	5.2220855880E-1	4.1068552032E-3
3.6738213741E-1	3.1379059520E+0	4.1270003283E-3
3.7151918157E-1	7.0114343874E+0	4.1470764858E-3
3.7567626728E-1	1.0747608217E+1	4.1670833400E-3
3.7985332504E-1	1.3039996145E+1	4.1870205567E-3
3.8405028507E-1	1.3114970076E+1	4.2068878026E-3
3.8826707721E-1	1.1004157239E+1	4.2266847457E-3
3.9250363101E-1	7.5426207655E+0	4.2464110553E-3
3.9675987567E-1	4.0815677257E+0	4.2660664016E-3
4.0103574005E-1	2.0060598904E+0	4.2856504563E-3
4.0533115271E-1	2.2237266652E+0	4.3051628919E-3
4.0964604185E-1	4.8100514943E+0	4.3246033825E-3
4.1398033538E-1	8.9480263240E+0	4.3439716031E-3
4.1833396086E-1	1.3197887367E+1	4.3632672302E-3
4.2270684554E-1	1.6010968781E+1	4.3824899412E-3
4.2709891633E-1	1.6305352098E+1	4.4016394148E-3
4.3151009985E-1	1.3888511061E+1	4.4207153312E-3
4.3594032237E-1	9.5601669457E+0	4.4397173715E-3
4.4038950986E-1	4.8434324574E+0	4.4586452181E-3
4.4485758797E-1	1.4331730161E+0	4.4774985548E-3
4.4934448203E-1	5.6352326261E-1	4.4962770664E-3
4.5385011706E-1	2.5355314542E+0	4.5149804392E-3
4.5837441776E-1	6.5916952918E+0	4.5336083606E-3
4.6291730852E-1	1.1193904832E+1	4.5521605193E-3
4.6747871344E-1	1.4603965003E+1	4.5706366053E-3
4.7205855627E-1	1.5543872310E+1	4.5890363098E-3
4.7665676049E-1	1.3677221243E+1	4.6073593254E-3
4.8127324926E-1	9.7210016456E+0	4.6256053458E-3
4.8590794542E-1	5.1437850491E+0	4.6437740661E-3
4.9056077152E-1	1.5732896579E+0	4.6618651826E-3
4.9523164982E-1	1.5464410127E-1	4.6798783932E-3
4.9992050224E-1	1.1200886142E+0	4.6978133967E-3
5.0462725044E-1	3.7419180437E+0	4.7156698934E-3
5.0935181576E-1	6.6797764215E+0	4.7334475849E-3
5.1409411924E-1	8.5688241674E+0	4.7511461741E-3
5.1885408164E-1	8.5969945248E+0	4.7687653653E-3
5.2363162341E-1	6.8293394861E+0	4.7863048641E-3
5.2842666471E-1	4.1501297840E+0	4.8037643772E-3
5.3323912540E-1	1.8588466042E+0	4.8211436130E-3
5.3806892508E-1	1.1018844353E+0	4.8384422809E-3
5.4291598301E-1	2.3850851223E+0	4.8556600920E-3
5.4778021821E-1	5.3683711645E+0	4.8727967585E-3
5.5266154939E-1	9.0159890031E+0	4.8898519940E-3
5.5755989496E-1	1.2023480261E+1	4.9068255135E-3
5.6247517308E-1	1.3332580205E+1	4.9237170334E-3
5.6740730160E-1	1.2522094485E+1	4.9405262713E-3
5.7235619810E-1	9.9294111443E+0	4.9572529464E-3
5.7732177988E-1	6.4772254553E+0	4.9738967791E-3
5.8230396395E-1	3.2975441860E+0	4.9904574913E-3
5.8730266706E-1	1.3122463974E+0	5.0069348063E-3
5.9231780568E-1	9.2678493386E-1	5.0233284486E-3
5.9734929598E-1	1.9337499890E+0	5.0396381444E-3
6.0239705389E-1	3.6391152510E+0	5.0558636210E-3
6.0746099506E-1	5.1502637652E+0	5.0720046074E-3
6.1254103485E-1	5.7216755165E+0	5.0880608338E-3
6.1763708838E-1	5.0447041073E+0	5.1040320318E-3
6.2274907048E-1	3.3858212606E+0	5.1199179345E-3
6.2787689573E-1	1.5170107960E+0	5.1357182766E-3
6.3302047843E-1	4.4016918990E-1	5.1514327939E-3
6.3817973262E-1	9.7926340523E-1	5.1670612238E-3
6.4335457209E-1	3.3820624814E+0	5.1826033052E-3
6.4854491036E-1	7.1054646930E+0	5.1980587783E-3
6.5375066070E-1	1.0921288199E+1	5.2134273849E-3
6.5897173609E-1	1.3362403680E+1	5.2287088681E-3
6.6420804930E-1	1.3365469768E+1	5.2439029725E-3
6.6945951283E-1	1.0831595771E+1	5.2590094442E-3
6.7472603890E-1	6.8053878005E+0	5.2740280309E-3
6.8000753951E-1	3.1105045262E+0	5.2889584814E-3
6.8530392640E-1	1.5385162404E+0	5.3038005463E-3
6.9061511106E-1	2.9476274061E+0	5.3185539776E-3
6.9594100473E-1	6.7387807542E+0	5.3332185287E-3
7.0128151841E-1	1.1043788221E+1	5.3477939546E-3
7.0663656285E-1	1.3613991373E+1	5.3622800116E-3
7.1200604856E-1	1.3002589370E+1	5.3766764577E-3
7.1738988581E-1	9.4130226059E+0	5.3909830523E-3
7.2278798463E-1	4.6977629550E+0	5.4051995564E-3
7.2820025482E-1	1.4206210189E+0	5.4193257323E-3
7.3362660591E-1	1.4317344145E+0	5.4333613439E-3
7.3906694724E-1	4.7419266263E+0	5.4473061568E-3
7.4452118788E-1	9.3928569759E+0	5.4611599379E-3
7.4998923669E-1	1.2500787663E+1	5.4749224557E-3
7.5547100229E-1	1.1965671933E+1	5.4885934801E-3
7.6096639308E-1	7.8802883879E+0	5.5021727828E-3
7.6647531721E-1	2.7514452617E+0	5.5156601367E-3
7.7199768263E-1	2.7012330885E-1	5.5290553166E-3
7.7753339704E-1	3.2178243222E+0	5.5423580985E-3
7.8308236795E-1	1.1676150056E+1	5.5555682601E-3
7.8864450262E-1	2.2634367645E+1	5.5686855808E-3
7.9421970809E-1	3.1348214867E+1	5.5817098412E-3
7.9980789121E-1	3.3786783515E+1	5.5946408237E-3
8.0540895857E-1	2.8812192966E+1	5.6074783123E-3
8.1102281659E-1	1.8817184110E+1	5.6202220924E-3
8.1664937145E-1	8.4025968911E+0	5.6328719509E-3
8.2228852912E-1	1.8313619423E+0	5.6454276767E-3
8.2794019536E-1	7.5182930798E-1	5.6578890597E-3
8.3360427572E-1	3.5510061745E+0	5.6702558918E-3
8.3928067556E-1	6.7181329876E+0	5.6825279663E-3
8.4496930000E-1	7.3497712457E+0	5.6947050782E-3
8.5067005399E-1	5.1888317203E+0	5.7067870238E-3
8.5638284226E-1	2.8537204835E+0	5.7187736014E-3
8.6210756934E-1	4.0518799740E+0	5.7306646105E-3
8.6784413956E-1	1.0886494836E+1	5.7424598526E-3
8.7359245705E-1	2.2012123695E+1	5.7541591304E-3
8.7935242576E-1	3.2926379057E+1	5.7657622485E-3
8.8512394943E-1	3.8358443964E+1	5.7772690129E-3
8.9090693161E-1	3.5357629943E+1	5.7886792314E-3
8.9670127565E-1	2.5174447142E+1	5.7999927133E-3
9.0250688473E-1	1.2720417288E+1	5.8112092696E-3
9.0832366182E-1	3.8772008502E+0	5.8223287127E-3
9.1415150972E-1	2.2637646936E+0	5.8333508568E-3
9.1999033104E-1	7.4032231517E+0	5.8442755178E-3
9.2584002820E-1	1.5340944167E+1	5.8551025132E-3
9.3170050345E-1	2.1226596981E+1	5.8658316618E-3
9.3757165885E-1	2.2179118223E+1	5.8764627846E-3
9.4345339628E-1	1.8665599343E+1	5.8869957037E-3
9.4934561746E-1	1.3669467973E+1	5.8974302433E-3
9.5524822392E-1	1.0383160927E+1	5.9077662288E-3
9.6116111701E-1	1.0063782037E+1	5.9180034877E-3
9.6708419793E-1	1.1464301282E+1	5.9281418487E-3
9.7301736769E-1	1.2098751915E+1	5.9381811425E-3
9.7896052713E-1	1.0334802836E+1	5.9481212013E-3
9.8491357695E-1	6.7908044821E+0	5.9579618591E-3
9.9087641766E-1	4.0624957125E+0	5.9677029512E-3
9.9684894961E-1	4.9936721903E+0	5.9773443150E-3
1.0028310730E+0	1.0694289314E+1	5.9868857894E-3
1.0088226878E+0	1.9637105789E+1	5.9963272149E-3
1.0148236940E+0	2.8393515639E+1	6.0056684336E-3
1.0208339913E+0	3.3477917980E+1	6.0149092896E-3
1.0268534791E+0	3.3110969150E+1	6.0240496283E-3
1.0328820570E+0	2.7882430157E+1	6.0330892971E-3
1.0389196241E+0	2.0092006548E+1	6.0420281448E-3
1.0449660796E+0	1.2368925843E+1	6.0508660221E-3
1.0510213224E+0	6.4775735469E+0	6.0596027814E-3
1.0570852514E+0	2.8981623252E+0	6.0682382765E-3
1.0631577652E+0	1.1648755607E+0	6.0767723631E-3
1.0692387623E+0	5.1874427033E-1	6.0852048988E-3
1.0753281411E+0	4.2402365758E-1	6.0935357425E-3
1.0814257998E+0	7.7526448466E-1	6.1017647550E-3
1.0875316366E+0	1.8729576760E+0	6.1098917988E-3
1.0936455494E+0	4.2742480716E+0	6.1179167381E-3
1.0997674360E+0	8.5117833601E+0	6.1258394388E-3
1.1058971941E+0	1.4649459580E+1	6.1336597685E-3
1.1120347214E+0	2.1820887644E+1	6.1413775965E-3
1.1181799151E+0	2.8117917581E+1	6.1489927938E-3
1.1243326727E+0	3.1165934170E+1	6.1565052331E-3
1.1304928913E+0	2.9311018437E+1	6.1639147890E-3
1.1366604679E+0	2.2788566870E+1	6.1712213376E-3
1.1428352996E+0	1.4016784533E+1	6.1784247568E-3
1.1490172830E+0	6.5764300184E+0	6.1855249261E-3
1.1552063150E+0	3.3215764519E+0	6.1925217271E-3
1.1614022920E+0	4.7890638377E+0	6.1994150427E-3
1.1676051105E+0	9.0184806964E+0	6.2062047577E-3
1.1738146669E+0	1.2978558727E+1	6.2128907587E-3
1.1800308574E+0	1.4629729981E+1	6.2194729339E-3
1.1862535782E+0	1.4129825866E+1	6.2259511734E-3
1.1924827251E+0	1.3288147388E+1	6.2323253688E-3
1.1987181942E+0	1.3714789738E+1	6.2385954138E-3
1.2049598812E+0	1.5182084244E+1	6.2447612034E-3
1.2112076818E+0	1.5626103374E+1	6.2508226346E-3
1.2174614916E+0	1.2944818012E+1	6.2567796062E-3
1.2237212062E+0	7.2333559307E+0	6.2626320186E-3
1.2299867208E+0	1.5558274589E+0	6.2683797740E-3
1.2362579308E+0	3.2243710062E-1	6.2740227763E-3
1.2425347314E+0	6.1795271797E+0	6.2795609313E-3
1.2488170177E+0	1.7633723563E+1	6.2849941464E-3
1.2551046847E+0	2.9329207344E+1	6.2903223308E-3
1.2613976273E+0	3.5082483345E+1	6.2955453954E-3
1.2676957404E+0	3.1744147902E+1	6.3006632530E-3
1.2739989187E+0	2.1239335645E+1	6.3056758180E-3
1.2803070569E+0	9.3377058742E+0	6.3105830068E-3
1.2866200496E+0	1.9848437855E+0	6.3153847371E-3
1.2929377912E+0	1.7208061346E+0	6.3200809290E-3
1.2992601762E+0	6.5746032208E+0	6.3246715037E-3
1.3055870990E+0	1.1984421060E+1	6.3291563847E-3
1.3119184537E+0	1.4148183310E+1	6.3335354970E-3
1.3182541347E+0	1.2342794572E+1	6.3378087674E-3
1.3245940360E+0	8.7305020829E+0	6.3419761245E-3
1.3309380516E+0	6.1506598863E+0	6.3460374987E-3
1.3372860756E+0	5.8205833033E+0	6.3499928220E-3
1.3436380019E+0	6.7060953903E+0	6.3538420284E-3
1.3499937243E+0	6.8271151317E+0	6.3575850535E-3
1.3563531366E+0	5.2072377884E+0	6.3612218349E-3
1.3627161325E+0	2.7850786644E+0	6.3647523117E-3
1.3690826057E+0	1.5953584444E+0	6.3681764249E-3
1.3754524499E+0	2.9996632320E+0	6.3714941173E-3
1.3818255585E+0	6.4794027609E+0	6.3747053335E-3
1.3882018250E+0	9.9586359539E+0	6.3778100198E-3
1.3945811430E+0	1.1335411429E+1	6.3808081243E-3
1.4009634057E+0	9.9636018901E+0	6.3836995970E-3
1.4073485066E+0	6.9687169168E+0	6.3864843894E-3
1.4137363389E+0	4.2915672453E+0	6.3891624551E-3
1.4201267959E+0	3.3360646028E+0	6.3917337493E-3
1.4265197708E+0	4.2654238863E+0	6.3941982290E-3
1.4329151568E+0	6.3098431121E+0	6.3965558531E-3
1.4393128469E+0	8.5906612162E+0	6.3988065821E-3
1.4457127343E+0	1.0669584750E+1	6.4009503785E-3
1.4521147120E+0	1.2461425558E+1	6.4029872063E-3
1.4585186731E+0	1.3813256461E+1	6.4049170317E-3
1.4649245104E+0	1.4311220073E+1	6.4067398222E-3
1.4713321170E+0	1.3539231934E+1	6.4084555476E-3
1.4777413858E+0	1.1483599847E+1	6.4100641790E-3
1.4841522097E+0	8.6192770794E+0	6.4115656896E-3
1.4905644815E+0	5.5852094055E+0	6.4129600544E-3
1.4969780940E+0	2.8503015091E+0	6.4142472499E-3
1.5033929402E+0	8.2498784890E-1	6.4154272548E-3
1.5098089128E+0	3.5701691006E-1	6.4165000493E-3
1.5162259046E+0	2.9551266839E+0	6.4174656154E-3
1.5226438083E+0	1.0088194714E+1	6.4183239370E-3
1.5290625167E+0	2.1691329501E+1	6.4190749998E-3
1.5354819225E+0	3.4976820877E+1	6.4197187912E-3
1.5419019185E+0	4.4864964007E+1	6.4202553005E-3
1.5483223974E+0	4.6390148069E+1	6.4206845187E-3
1.5547432518E+0	3.7874612509E+1	6.4210064386E-3
1.5611643745E+0	2.2722854504E+1	6.4212210549E-3
1.5675856581E+0	8.2767795068E+0	6.4213283639E-3
1.5740069954E+0	2.0507681101E+0	6.4213283639E-3
1.5804282791E+0	7.5336823422E+0	6.4212210549E-3
1.5868494018E+0	2.2192446134E+1	6.4210064386E-3
1.5932702562E+0	3.8935432290E+1	6.4206845187E-3
1.5996907351E+0	5.0048919135E+1	6.4202553005E-3
1.6061107310E+0	5.1108248599E+1	6.4197187912E-3
1.6125301369E+0	4.2613589237E+1	6.4190749998E-3
1.6189488453E+0	2.8803306904E+1	6.4183239370E-3
1.6253667490E+0	1.4918809374E+1	6.4174656154E-3
1.6317837408E+0	4.8468334451E+0	6.4165000493E-3
1.6381997134E+0	2.8282368706E-1	6.4154272548E-3
1.6446145595E+0	1.1899678076E+0	6.4142472499E-3
1.6510281721E+0	6.5350693926E+0	6.4129600544E-3
1.6574404439E+0	1.4568879520E+1	6.4115656896E-3
1.6638512678E+0	2.2797948707E+1	6.4100641790E-3
1.6702605366E+0	2.8325037721E+1	6.4084555476E-3
1.6766681432E+0	2.8899952695E+1	6.4067398222E-3
1.6830739805E+0	2.4175894527E+1	6.4049170317E-3
1.6894779416E+0	1.6168672634E+1	6.4029872063E-3
1.6958799193E+0	8.3231793031E+0	6.4009503785E-3
1.7022798067E+0	3.6302550371E+0	6.3988065821E-3
1.7086774968E+0	3.0329446558E+0	6.3965558531E-3
1.7150728827E+0	5.2071825740E+0	6.3941982290E-3
1.7214658576E+0	7.7859526793E+0	6.3917337493E-3
1.7278563146E+0	9.0360644635E+0	6.3891624551E-3
1.7342441470E+0	8.7462927642E+0	6.3864843894E-3
1.7406292478E+0	7.8149061354E+0	6.3836995970E-3
1.7470115106E+0	7.0944888368E+0	6.3808081243E-3
1.7533908286E+0	6.5741719096E+0	6.3778100198E-3
1.7597670951E+0	5.5665789294E+0	6.3747053335E-3
1.7661402037E+0	3.6304532375E+0	6.3714941173E-3
1.7725100479E+0	1.3224304365E+0	6.3681764249E-3
1.7788765211E+0	5.1971036619E-2	6.3647523117E-3
1.7852395170E+0	1.1096271503E+0	6.3612218349E-3
1.7915989293E+0	4.6430506878E+0	6.3575850535E-3
1.7979546517E+0	9.3858463015E+0	6.3538420284E-3
1.8043065780E+0	1.3327335369E+1	6.3499928220E-3
1.8106546020E+0	1.4808517520E+1	6.3460374987E-3
1.8169986176E+0	1.3313977389E+1	6.3419761245E-3
1.8233385189E+0	9.5945042758E+0	6.3378087674E-3
1.8296741999E+0	5.2874330672E+0	6.3335354970E-3
1.8360055546E+0	2.4100867424E+0	6.3291563847E-3
1.8423324774E+0	2.8832517331E+0	6.3246715037E-3
1.8486548624E+0	7.9482705109E+0	6.3200809290E-3
1.8549726040E+0	1.7394276475E+1	6.3153847371E-3
1.8612855967E+0	2.8939129586E+1	6.3105830068E-3
1.8675937349E+0	3.8459730082E+1	6.3056758180E-3
1.8738969132E+0	4.1525582659E+1	6.3006632530E-3
1.8801950263E+0	3.5809094229E+1	6.2955453954E-3
1.8864879689E+0	2.3025200833E+1	6.2903223308E-3
1.8927756359E+0	8.9137447071E+0	6.2849941464E-3
1.8990579222E+0	7.6694564467E-1	6.2795609313E-3
1.9053347228E+0	3.5990377498E+0	6.2740227763E-3
1.9116059328E+0	1.7155316313E+1	6.2683797740E-3
1.9178714474E+0	3.5685916721E+1	6.2626320186E-3
1.9241311620E+0	5.0812299815E+1	6.2567796062E-3
1.9303849718E+0	5.5899660676E+1	6.2508226346E-3
1.9366327724E+0	4.9397358123E+1	6.2447612034E-3
1.9428744594E+0	3.5265200988E+1	6.2385954138E-3
1.9491099285E+0	2.0416813681E+1	6.2323253688E-3
1.9553390754E+0	1.0872807769E+1	6.2259511734E-3
1.9615617961E+0	8.9126572283E+0	6.2194729339E-3
1.9677779867E+0	1.2671078394E+1	6.2128907587E-3
1.9739875431E+0	1.8019547567E+1	6.2062047577E-3
1.9801903616E+0	2.1289112903E+1	6.1994150427E-3
1.9863863386E+0	2.1158983631E+1	6.1925217271E-3
1.9925753706E+0	1.8818193310E+1	6.1855249261E-3
1.9987573540E+0	1.6652120033E+1	6.1784247568E-3
2.0049321857E+0	1.6474739528E+1	6.1712213376E-3
2.0110997623E+0	1.8374069737E+1	6.1639147890E-3
2.0172599809E+0	2.0715238124E+1	6.1565052331E-3
2.0234127385E+0	2.1168587820E+1	6.1489927938E-3
2.0295579322E+0	1.8154084371E+1	6.1413775965E-3
2.0356954595E+0	1.1953294120E+1	6.1336597685E-3
2.0418252176E+0	4.9039396354E+0	6.1258394388E-3
2.0479471042E+0	4.7876682996E-1	6.1179167381E-3
2.0540610170E+0	1.5653321505E+0	6.1098917988E-3
2.0601668538E+0	8.7399716519E+0	6.1017647550E-3
2.0662645125E+0	1.9510239759E+1	6.0935357425E-3
2.0723538913E+0	2.9163714659E+1	6.0852048988E-3
2.0784348884E+0	3.3038816740E+1	6.0767723631E-3
2.0845074022E+0	2.9119603486E+1	6.0682382765E-3
2.0905713312E+0	1.9443847732E+1	6.0596027814E-3
2.0966265740E+0	9.2999060405E+0	6.0508660221E-3
2.1026730295E+0	4.4249385773E+0	6.0420281448E-3
2.1087105966E+0	7.7006489605E+0	6.0330892971E-3
2.1147391745E+0	1.7320739776E+1	6.0240496283E-3
2.1207586623E+0	2.7660988759E+1	6.0149092896E-3
2.1267689596E+0	3.2484963355E+1	6.0056684336E-3
2.1327699657E+0	2.8641188611E+1	5.9963272149E-3
2.1387615806E+0	1.8018132542E+1	5.9868857894E-3
2.1447437040E+0	6.5263835887E+0	5.9773443150E-3
2.1507162359E+0	6.7974610140E-1	5.9677029512E-3
2.1566790766E+0	3.8208044487E+0	5.9579618591E-3
2.1626321265E+0	1.4248658684E+1	5.9481212013E-3
2.1685752859E+0	2.6326603750E+1	5.9381811425E-3
2.1745084557E+0	3.3828059394E+1	5.9281418487E-3
2.1804315366E+0	3.3460752375E+1	5.9180034877E-3
2.1863444297E+0	2.6487643846E+1	5.9077662288E-3
2.1922470361E+0	1.7600558202E+1	5.8974302433E-3
2.1981392573E+0	1.1887326855E+1	5.8869957037E-3
2.2040209947E+0	1.1821802261E+1	5.8764627846E-3
2.2098921501E+0	1.6076051556E+1	5.8658316618E-3
2.2157526254E+0	2.0755553791E+1	5.8551025132E-3
2.2216023226E+0	2.2169756381E+1	5.8442755178E-3
2.2274411439E+0	1.9369184446E+1	5.8333508568E-3
2.2332689918E+0	1.4886676807E+1	5.8223287127E-3
2.2390857689E+0	1.3233431768E+1	5.8112092696E-3
2.2448913779E+0	1.8036144784E+1	5.7999927133E-3
2.2506857220E+0	2.9496055069E+1	5.7886792314E-3
2.2564687042E+0	4.3685424983E+1	5.7772690129E-3
2.2622402278E+0	5.4193862502E+1	5.7657622485E-3
2.2680001965E+0	5.5353675353E+1	5.7541591304E-3
2.2737485140E+0	4.5389000807E+1	5.7424598526E-3
2.2794850843E+0	2.7802462406E+1	5.7306646105E-3
2.2852098113E+0	1.0154409030E+1	5.7187736014E-3
2.2909225996E+0	6.9060816108E-1	5.7067870238E-3
2.2966233536E+0	4.3926111241E+0	5.6947050782E-3
2.3023119780E+0	2.0394896572E+1	5.6825279663E-3
2.3079883779E+0	4.2119074049E+1	5.6702558918E-3
2.3136524582E+0	6.0173609537E+1	5.6578890597E-3
2.3193041245E+0	6.6683655293E+1	5.6454276767E-3
2.3249432821E+0	5.8952609907E+1	5.6328719509E-3
2.3305698370E+0	4.0637384402E+1	5.6202220924E-3
2.3361836950E+0	1.9843010436E+1	5.6074783123E-3
2.3417847624E+0	5.1043043672E+0	5.5946408237E-3
2.3473729455E+0	1.3076439328E+0	5.5817098412E-3
2.3529481510E+0	7.6227794586E+0	5.5686855808E-3
2.3585102856E+0	1.8433173772E+1	5.5555682601E-3
2.3640592565E+0	2.6647295030E+1	5.5423580985E-3
2.3695949710E+0	2.7519748157E+1	5.5290553166E-3
2.3751173364E+0	2.0903559183E+1	5.5156601367E-3
2.3806262605E+0	1.0803639653E+1	5.5021727828E-3
2.3861216513E+0	2.6599985427E+0	5.4885934801E-3
2.3916034169E+0	6.1124042571E-2	5.4749224557E-3
2.3970714657E+0	2.8436481922E+0	5.4611599379E-3
2.4025257064E+0	7.6383281822E+0	5.4473061568E-3
2.4079660477E+0	1.0415182453E+1	5.4333613439E-3
2.4133923988E+0	9.3632929714E+0	5.4193257323E-3
2.4188046690E+0	6.2429930794E+0	5.4051995564E-3
2.4242027678E+0	5.2940161445E+0	5.3909830523E-3
2.4295866050E+0	1.0312599565E+1	5.3766764577E-3
2.4349560907E+0	2.1705385037E+1	5.3622800116E-3
2.4403111352E+0	3.5453145848E+1	5.3477939546E-3
2.4456516489E+0	4.4859717092E+1	5.3332185287E-3
2.4509775425E+0	4.4308167570E+1	5.3185539776E-3
2.4562887272E+0	3.2954627991E+1	5.3038005463E-3
2.4615851141E+0	1.6138201024E+1	5.2889584814E-3
2.4668666147E+0	3.4178259879E+0	5.2740280309E-3
2.4721331408E+0	3.9781110860E+0	5.2590094442E-3
2.4773846043E+0	2.1675329974E+1	5.2439029725E-3
2.4826209175E+0	5.2358623767E+1	5.2287088681E-3
2.4878419929E+0	8.5054669451E+1	5.2134273849E-3
2.4930477432E+0	1.0666317020E+2	5.1980587783E-3
2.4982380815E+0	1.0798276394E+2	5.1826033052E-3
2.5034129210E+0	8.8134364653E+1	5.1670612238E-3
2.5085721752E+0	5.5178100702E+1	5.1514327939E-3
2.5137157579E+0	2.2569287130E+1	5.1357182766E-3
2.5188435831E+0	3.1311978941E+0	5.1199179345E-3
2.5239555652E+0	3.4146971196E+0	5.1040320318E-3
2.5290516187E+0	2.1082758522E+1	5.0880608338E-3
2.5341316585E+0	4.6444139482E+1	5.0720046074E-3
2.5391955997E+0	6.7244534521E+1	5.0558636210E-3
2.5442433576E+0	7.4311810567E+1	5.0396381444E-3
2.5492748479E+0	6.5366593538E+1	5.0233284486E-3
2.5542899865E+0	4.5338563900E+1	5.0069348063E-3
2.5592886896E+0	2.3307424332E+1	4.9904574913E-3
2.5642708737E+0	7.8059919607E+0	4.9738967791E-3
2.5692364555E+0	2.8938719638E+0	4.9572529464E-3
2.5741853520E+0	6.8540958535E+0	4.9405262713E-3
2.5791174805E+0	1.3925474345E+1	4.9237170334E-3
2.5840327586E+0	1.7926660519E+1	4.9068255135E-3
2.5889311042E+0	1.5741524905E+1	4.8898519940E-3
2.5938124354E+0	8.8333495333E+0	4.8727967585E-3
2.5986766706E+0	2.0867178504E+0	4.8556600920E-3
2.6035237285E+0	7.2391587990E-1	4.8384422809E-3
2.6083535282E+0	7.0520396250E+0	4.8211436130E-3
2.6131659889E+0	1.8859549718E+1	4.8037643772E-3
2.6179610302E+0	3.0384136311E+1	4.7863048641E-3
2.6227385719E+0	3.5394121605E+1	4.7687653653E-3
2.6274985343E+0	3.0778599521E+1	4.7511461741E-3
2.6322408378E+0	1.8717500048E+1	4.7334475849E-3
2.6369654032E+0	6.1730642740E+0	4.7156698934E-3
2.6416721513E+0	1.7796226123E+0	4.6978133967E-3
2.6463610038E+0	1.1546197137E+1	4.6798783932E-3
2.6510318821E+0	3.5458367591E+1	4.6618651826E-3
2.6556847082E+0	6.6726689915E+1	4.6437740661E-3
2.6603194043E+0	9.4223857233E+1	4.6256053458E-3
2.6649358931E+0	1.0714710524E+2	4.6073593254E-3
2.6695340973E+0	9.9850488555E+1	4.5890363098E-3
2.6741139402E+0	7.4637021476E+1	4.5706366053E-3
2.6786753451E+0	4.1168930554E+1	4.5521605193E-3
2.6832182358E+0	1.2654393382E+1	4.5336083606E-3
2.6877425365E+0	4.1737341746E-1	4.5149804392E-3
2.6922481716E+0	9.1943870541E+0	4.4962770664E-3
2.6967350656E+0	3.5195531754E+1	4.4774985548E-3
2.7012031437E+0	6.7758307425E+1	4.4586452181E-3
2.7056523312E+0	9.3856853793E+1	4.4397173715E-3
2.7100825537E+0	1.0350347133E+2	4.4207153312E-3
2.7144937373E+0	9.3728398622E+1	4.4016394148E-3
2.7188858081E+0	6.9485419840E+1	4.3824899412E-3
2.7232586927E+0	4.1193855058E+1	4.3632672302E-3
2.7276123182E+0	2.0080688516E+1	4.3439716031E-3
2.7319466117E+0	1.3395670934E+1	4.3246033825E-3
2.7362615009E+0	2.1558151744E+1	4.3051628919E-3
2.7405569135E+0	3.8391011099E+1	4.2856504563E-3
2.7448327779E+0	5.4223102963E+1	4.2660664016E-3
2.7490890226E+0	6.0406173827E+1	4.2464110553E-3
2.7533255764E+0	5.3224618257E+1	4.2266847457E-3
2.7575423685E+0	3.5500535378E+1	4.2068878026E-3
2.7617393285E+0	1.5245081640E+1	4.1870205567E-3
2.7659163863E+0	2.0071921408E+0	4.1670833400E-3
2.7700734720E+0	2.5569439222E+0	4.1470764858E-3
2.7742105162E+0	1.7799572692E+1	4.1270003283E-3
2.7783274497E+0	4.2256177659E+1	4.1068552032E-3
2.7824242037E+0	6.6327119373E+1	4.0866414469E-3
2.7865007098E+0	8.0361697765E+1	4.0663593974E-3
2.7905568999E+0	7.8797207688E+1	4.0460093936E-3
2.7945927061E+0	6.2611649858E+1	4.0255917754E-3
2.7986080610E+0	3.9050012526E+1	4.0051068843E-3
2.8026028975E+0	1.8723187460E+1	3.9845550624E-3
2.8065771489E+0	1.1264110824E+1	3.9639366533E-3
2.8105307487E+0	2.1314554557E+1	3.9432520014E-3
2.8144636309E+0	4.6477952565E+1	3.9225014525E-3
2.8183757298E+0	7.8077516224E+1	3.9016853533E-3
2.8222669799E+0	1.0443530619E+2	3.8808040517E-3
2.8261373163E+0	1.1538931240E+2	3.8598578967E-3
2.8299866742E+0	1.0628337103E+2	3.8388472382E-3
2.8338149894E+0	7.9877692418E+1	3.8177724274E-3
2.8376221978E+0	4.5439452500E+1	3.7966338166E-3
2.8414082359E+0	1.5358327072E+1	3.7754317588E-3
2.8451730403E+0	5.7021494060E-1	3.7541666086E-3
2.8489165482E+0	6.5108915163E+0	3.7328387211E-3
2.8526386969E+0	3.1106221095E+1	3.7114484529E-3
2.8563394244E+0	6.5532612345E+1	3.6899961614E-3
2.8600186687E+0	9.7450862676E+1	3.6684822051E-3
2.8636763684E+0	1.1551417653E+2	3.6469069436E-3
2.8673124623E+0	1.1350326172E+2	3.6252707373E-3
2.8709268897E+0	9.2598290257E+1	3.6035739479E-3
2.8745195901E+0	6.0986233578E+1	3.5818169379E-3
2.8780905036E+0	3.0961951005E+1	3.5600000709E-3
2.8816395704E+0	1.4564727620E+1	3.5381237115E-3
2.8851667313E+0	1.9290601611E+1	3.5161882254E-3
2.8886719273E+0	4.5372479643E+1	3.4941939790E-3
2.8921550998E+0	8.5558083182E+1	3.4721413399E-3
2.8956161906E+0	1.2744878948E+2	3.4500306767E-3
2.8990551419E+0	1.5759473209E+2	3.4278623588E-3
2.9024718962E+0	1.6596538021E+2	3.4056367567E-3
2.9058663965E+0	1.4931277896E+2	3.3833542419E-3
2.9092385859E+0	1.1233412333E+2	3.3610151867E-3
2.9125884081E+0	6.6276243899E+1	3.3386199643E-3
2.9159158072E+0	2.5455207257E+1	3.3161689492E-3
2.9192207275E+0	2.8186829888E+0	3.2936625164E-3
2.9225031139E+0	5.9551671200E+0	3.2711010421E-3
2.9257629114E+0	3.4780418295E+1	3.2484849032E-3
2.9290000656E+0	8.1580610918E+1	3.2258144779E-3
2.9322145224E+0	1.3335075781E+2	3.2030901448E-3
2.9354062280E+0	1.7567208021E+2	3.1803122838E-3
2.9385751292E+0	1.9693283461E+2	3.1574812755E-3
2.9417211730E+0	1.9163432795E+2	3.1345975014E-3
2.9448443068E+0	1.6183819719E+2	3.1116613440E-3
2.9479444784E+0	1.1639064888E+2	3.0886731866E-3
2.9510216360E+0	6.8220333109E+1	3.0656334132E-3
2.9540757281E+0	3.0551816993E+1	3.0425424091E-3
2.9571067038E+0	1.3154496131E+1	3.0194005599E-3
2.9601145124E+0	1.9691710327E+1	2.9962082525E-3
2.9630991036E+0	4.6880399794E+1	2.9729658744E-3
2.9660604276E+0	8.5634125655E+1	2.9496738141E-3
2.9689984348E+0	1.2380207439E+2	2.9263324607E-3
2.9719130762E+0	1.4969034643E+2	2.9029422044E-3
2.9748043031E+0	1.5536910566E+2	2.8795034361E-3
2.9776720671E+0	1.3886620653E+2	2.8560165473E-3
2.9805163203E+0	1.0468289918E+2	2.8324819307E-3
2.9833370151E+0	6.2537324681E+1	2.8088999795E-3
2.9861341046E+0	2.4714838858E+1	2.7852710878E-3
2.9889075418E+0	2.7566607139E+0	2.7615956505E-3
2.9916572805E+0	4.3654272705E+0	2.7378740632E-3
2.9943832747E+0	3.1321802176E+1	2.7141067224E-3
2.9970854788E+0	7.8924714797E+1	2.6902940251E-3
2.9997638477E+0	1.3707064864E+2	2.6664363695E-3
3.0024183367E+0	1.9267933794E+2	2.6425341541E-3
3.0050489013E+0	2.3285446371E+2	2.6185877784E-3
3.0076554977E+0	2.4801013111E+2	2.5945976426E-3
3.0102380822E+0	2.3422526360E+2	2.5705641475E-3
3.0127966116E+0	1.9429016092E+2	2.5464876949E-3
3.0153310434E+0	1.3722550012E+2	2.5223686871E-3
3.0178413350E+0	7.6405128016E+1	2.4982075270E-3
3.0203274445E+0	2.6719074608E+1	2.4740046186E-3
3.0227893304E+0	1.4076138913E+0	2.4497603662E-3
3.0252269516E+0	9.2455122559E+0	2.4254751751E-3
3.0276402673E+0	5.2656909887E+1	2.4011494510E-3
3.0300292371E+0	1.2712621197E+2	2.3767836004E-3
3.0323938212E+0	2.2199167523E+2	2.3523780306E-3
3.0347339801E+0	3.2242774576E+2	2.3279331494E-3
3.0370496746E+0	4.1219658040E+2	2.3034493653E-3
3.0393408660E+0	4.7661955121E+2	2.2789270875E-3
3.0416075160E+0	5.0520419460E+2	2.2543667257E-3
3.0438495869E+0	4.9345526013E+2	2.2297686905E-3
3.0460670410E+0	4.4357398449E+2	2.2051333928E-3
3.0482598414E+0	3.6396792351E+2	2.1804612443E-3
3.0504279513E+0	2.6771074819E+2	2.1557526574E-3
3.0525713347E+0	1.7026788100E+2	2.1310080450E-3
3.0546899556E+0	8.6911508286E+1	2.1062278206E-3
3.0567837786E+0	3.0274339321E+1	2.0814123983E-3
3.0588527688E+0	8.4383222096E+0	2.0565621928E-3
3.0608968915E+0	2.3838740993E+1	2.0316776194E-3
3.0629161127E+0	7.3111177317E+1	2.0067590939E-3
3.0649103985E+0	1.4784781162E+2	1.9818070327E-3
3.0668797157E+0	2.3608776452E+2	1.9568218529E-3
3.0688240313E+0	3.2426476181E+2	1.9318039720E-3
3.0707433129E+0	3.9928652765E+2	1.9067538080E-3
3.0726375283E+0	4.5042631277E+2	1.8816717796E-3
3.0745066460E+0	4.7076120354E+2	1.8565583060E-3
3.0763506346E+0	4.5798089983E+2	1.8314138067E-3
3.0781694634E+0	4.1449726423E+2	1.8062387021E-3
3.0799631019E+0	3.4689127940E+2	1.7810334128E-3
3.0817315203E+0	2.6482445849E+2	1.7557983600E-3
3.0834746889E+0	1.7960488051E+2	1.7305339655E-3
3.0851925786E+0	1.0262793262E+2	1.7052406515E-3
3.0868851607E+0	4.3908162727E+1	1.6799188405E-3
3.0885524069E+0	1.0885861638E+1	1.6545689559E-3
3.0901942894E+0	7.6381205261E+0	1.6291914212E-3
3.0918107807E+0	3.4559050530E+1	1.6037866605E-3
3.0934018538E+0	8.8507731366E+1	1.5783550984E-3
3.0949674821E+0	1.6336416981E+2	1.5528971598E-3
3.0965076394E+0	2.5088971132E+2	1.5274132703E-3
3.0980223001E+0	3.4176272497E+2	1.5019038556E-3
3.0995114388E+0	4.2665380735E+2	1.4763693421E-3
3.1009750306E+0	4.9721546265E+2	1.4508101565E-3
3.1024130510E+0	5.4688549063E+2	1.4252267258E-3
3.1038254761E+0	5.7143626281E+2	1.3996194778E-3
3.1052122822E+0	5.6923846257E+2	1.3739888402E-3
3.1065734461E+0	5.4124286324E+2	1.3483352414E-3
3.1079089451E+0	4.9071341808E+2	1.3226591101E-3
3.1092187570E+0	4.2276671098E+2	1.2969608754E-3
3.1105028597E+0	3.4378542009E+2	1.2712409668E-3
3.1117612318E+0	2.6077693092E+2	1.2454998140E-3
3.1129938524E+0	1.8074370686E+2	1.2197378472E-3
3.1142007007E+0	1.1012132070E+2	1.1939554970E-3
3.1153817567E+0	5.4325382209E+1	1.1681531941E-3
3.1165370006E+0	1.7432214163E+1	1.1423313699E-3
3.1176664131E+0	2.0020541927E+0	1.1164904558E-3
3.1187699753E+0	9.0393909656E+0	1.0906308836E-3
3.1198476688E+0	3.8073864046E+1	1.0647530855E-3
3.1208994755E+0	8.7337514581E+1	1.0388574939E-3
3.1219253780E+0	1.5401013430E+2	1.0129445417E-3
3.1229253590E+0	2.3450370182E+2	9.8701466182E-4
3.1238994018E+0	3.2475882952E+2	9.6106828758E-4
3.1248474902E+0	4.2053003875E+2	9.3510585261E-4
3.1257696083E+0	5.1764176949E+2	9.0912779076E-4
3.1266657407E+0	6.1220260051E+2	8.8313453619E-4
3.1275358724E+0	7.0077061040E+2	8.5712652325E-4
3.1283799890E+0	7.8046769960E+2	8.3110418659E-4
3.1291980762E+0	8.4904472640E+2	8.0506796108E-4
3.1299901204E+0	9.0490234197E+2	7.7901828182E-4
3.1307561084E+0	9.4707441993E+2	7.5295558414E-4
3.1314960274E+0	9.7518203983E+2	7.2688030358E-4
3.1322098650E+0	9.8936623980E+2	7.0079287589E-4
3.1328976092E+0	9.9020737327E+2	6.7469373705E-4
3.1335592487E+0	9.7863807067E+2	6.4858332323E-4
3.1341947723E+0	9.5585569210E+2	6.2246207073E-4
3.1348041694E+0	9.2323891141E+2	5.9633041614E-4
3.1353874298E+0	8.8227181874E+2	5.7018879612E-4
3.1359445438E+0	8.3447775673E+2	5.4403764760E-4
3.1364755020E+0	7.8136407646E+2	5.1787740760E-4
3.1369802957E+0	7.2437814546E+2	4.9170851331E-4
3.1374589163E+0	6.6487427387E+2	4.6553140213E-4
3.1379113559E+0	6.0409074079E+2	4.3934651156E-4
3.1383376069E+0	5.4313578406E+2	4.1315427928E-4
3.1387376622E+0	4.8298124027E+2	3.8695514312E-4
3.1391115150E+0	4.2446246025E+2	3.6074954110E-4
3.1394591592E+0	3.6828315212E+2	3.3453791144E-4
3.1397805890E+0	3.1502389330E+2	3.0832069259E-4
3.1400757989E+0	2.6515318301E+2	2.8209832342E-4
3.1403447841E+0	2.1904005843E+2	2.5587124334E-4
3.1405875400E+0	1.7696745655E+2	2.2963989267E-4
3.1408040626E+0	1.3914565850E+2	2.0340471372E-4
3.1409943483E+0	1.0572529612E+2	1.7716615272E-4
3.1411583939E+0	7.6809526656E+1	1.5092466531E-4
3.1412961968E+0	5.2465088284E+1	1.2468073282E-4
3.1414077547E+0	3.2732033616E+1	9.8434919423E-5
3.1414930663E+0	1.7631993001E+1	7.2188137769E-5
3.1415521316E+0	7.1747719590E+0	4.5943520243E-5
3.1415849628E+0	1.3617273243E+0	1.9736940383E-5