# Differential cross section		
# Author: P. Swaczyna	Princeton University	(swaczyna@princeton.edu)
# Date: 	Wed 17 Feb 2021 15:35:57	
# 		
# Charge transfer collision: He^0 + He^+ -> He^+ + He^0		
# 		
# Red. mass: 	1.8640723202E+9	 eV/c^2
# CM energy: 	2.2387211386E+1	 eV
# Rel speed: 	4.6462686992E+6	 cm/s
# Tot sigma: 	N/A	 a.u.
# Int sigma: 	6.6394798614E+1	 a.u.
# 		
# Columns:		
# the <- scattering angle (rad)		
# dcs <- dsigma/dOmega*2*pi*sin(the) (a.u. = 2.8002852056E-17 cm^2)		
# wei <- weight for cross section integration (approx. width of angle bin)		
# 		
# the	dcs	wei
7.6907532846E-6	2.3923427198E-6	1.9736940383E-5
4.0521979771E-5	1.2605067202E-5	4.5943520243E-5
9.9587300392E-5	3.0978361172E-5	7.2188137769E-5
1.8489884726E-4	5.7515988954E-5	9.8434919423E-5
2.9645680168E-4	9.2217979494E-5	1.2468073282E-4
4.3425968311E-4	1.3508381112E-4	1.5092466531E-4
5.9830531657E-4	1.8611269301E-4	1.7716615272E-4
7.8859101285E-4	2.4530360152E-4	2.0340471372E-4
1.0051136166E-3	3.1265526703E-4	2.2963989267E-4
1.2478695220E-3	3.8816613672E-4	2.5587124334E-4
1.5168546797E-3	4.7183434591E-4	2.8209832342E-4
1.8120645986E-3	5.6365768051E-4	3.0832069259E-4
2.1334943481E-3	6.6363352758E-4	3.3453791144E-4
2.4811385584E-3	7.7175881778E-4	3.6074954110E-4
2.8549914211E-3	8.8802998999E-4	3.8695514312E-4
3.2550466893E-3	1.0124429077E-3	4.1315427928E-4
3.6812976783E-3	1.1449928043E-3	4.3934651156E-4
4.1337372652E-3	1.2856742316E-3	4.6553140213E-4
4.6123578895E-3	1.4344809596E-3	4.9170851331E-4
5.1171515529E-3	1.5914059097E-3	5.1787740760E-4
5.6481098199E-3	1.7564410881E-3	5.4403764760E-4
6.2052238176E-3	1.9295774707E-3	5.7018879612E-4
6.7884842360E-3	2.1108049450E-3	5.9633041614E-4
7.3978813281E-3	2.3001121844E-3	6.2246207073E-4
8.0334049101E-3	2.4974865761E-3	6.4858332323E-4
8.6950443616E-3	2.7029141025E-3	6.7469373705E-4
9.3827886258E-3	2.9163792315E-3	7.0079287589E-4
1.0096626210E-2	3.1378648182E-3	7.2688030358E-4
1.0836545184E-2	3.3673519874E-3	7.5295558414E-4
1.1602533184E-2	3.6048199885E-3	7.7901828182E-4
1.2394577408E-2	3.8502461120E-3	8.0506796108E-4
1.3212664621E-2	4.1036055232E-3	8.3110418659E-4
1.4056781152E-2	4.3648711617E-3	8.5712652325E-4
1.4926912893E-2	4.6340135684E-3	8.8313453619E-4
1.5823045305E-2	4.9110007894E-3	9.0912779076E-4
1.6745163410E-2	5.1957981839E-3	9.3510585261E-4
1.7693251801E-2	5.4883683094E-3	9.6106828758E-4
1.8667294632E-2	5.7886707379E-3	9.8701466182E-4
1.9667275626E-2	6.0966619640E-3	1.0129445417E-3
2.0693178073E-2	6.4122951630E-3	1.0388574939E-3
2.1744984827E-2	6.7355200618E-3	1.0647530855E-3
2.2822678313E-2	7.0662827935E-3	1.0906308836E-3
2.3926240519E-2	7.4045257055E-3	1.1164904558E-3
2.5055653005E-2	7.7501871815E-3	1.1423313699E-3
2.6210896896E-2	8.1032015221E-3	1.1681531941E-3
2.7391952886E-2	8.4634986803E-3	1.1939554970E-3
2.8598801239E-2	8.8310041843E-3	1.2197378472E-3
2.9831421786E-2	9.2056389055E-3	1.2454998140E-3
3.1089793929E-2	9.5873188725E-3	1.2712409668E-3
3.2373896638E-2	9.9759551888E-3	1.2969608754E-3
3.3683708455E-2	1.0371453761E-2	1.3226591101E-3
3.5019207490E-2	1.0773715116E-2	1.3483352414E-3
3.6380371427E-2	1.1182634358E-2	1.3739888402E-3
3.7767177517E-2	1.1598100858E-2	1.3996194778E-3
3.9179602586E-2	1.2019998112E-2	1.4252267258E-3
4.0617623030E-2	1.2448203566E-2	1.4508101565E-3
4.2081214817E-2	1.2882588441E-2	1.4763693421E-3
4.3570353490E-2	1.3323017516E-2	1.5019038556E-3
4.5085014162E-2	1.3769348865E-2	1.5274132703E-3
4.6625171522E-2	1.4221433765E-2	1.5528971598E-3
4.8190799831E-2	1.4679116337E-2	1.5783550984E-3
4.9781872927E-2	1.5142233361E-2	1.6037866605E-3
5.1398364219E-2	1.5610614054E-2	1.6291914212E-3
5.3040246694E-2	1.6084079812E-2	1.6545689559E-3
5.4707492914E-2	1.6562443924E-2	1.6799188405E-3
5.6400075017E-2	1.7045511398E-2	1.7052406515E-3
5.8117964718E-2	1.7533078729E-2	1.7305339655E-3
5.9861133308E-2	1.8024933622E-2	1.7557983600E-3
6.1629551657E-2	1.8520854915E-2	1.7810334128E-3
6.3423190212E-2	1.9020612404E-2	1.8062387021E-3
6.5242019000E-2	1.9523966582E-2	1.8314138067E-3
6.7086007624E-2	2.0030668812E-2	1.8565583060E-3
6.8955125270E-2	2.0540460883E-2	1.8816717796E-3
7.0849340702E-2	2.1053075257E-2	1.9067538080E-3
7.2768622264E-2	2.1568234765E-2	1.9318039720E-3
7.4712937885E-2	2.2085652677E-2	1.9568218529E-3
7.6682255070E-2	2.2605032404E-2	1.9818070327E-3
7.8676540910E-2	2.3126067520E-2	2.0067590939E-3
8.0695762079E-2	2.3648441576E-2	2.0316776194E-3
8.2739884832E-2	2.4171827783E-2	2.0565621928E-3
8.4808875009E-2	2.4695888876E-2	2.0814123983E-3
8.6902698034E-2	2.5220276996E-2	2.1062278206E-3
8.9021318917E-2	2.5744633320E-2	2.1310080450E-3
9.1164702253E-2	2.6268588032E-2	2.1557526574E-3
9.3332812224E-2	2.6791760281E-2	2.1804612443E-3
9.5525612596E-2	2.7313757827E-2	2.2051333928E-3
9.7743066726E-2	2.7834177509E-2	2.2297686905E-3
9.9985137556E-2	2.8352604872E-2	2.2543667257E-3
1.0225178762E-1	2.8868614524E-2	2.2789270875E-3
1.0454297904E-1	2.9381770125E-2	2.3034493653E-3
1.0685867352E-1	2.9891624415E-2	2.3279331494E-3
1.0919883237E-1	3.0397719377E-2	2.3523780306E-3
1.1156341648E-1	3.0899586175E-2	2.3767836004E-3
1.1395238633E-1	3.1396745038E-2	2.4011494510E-3
1.1636570200E-1	3.1888705569E-2	2.4254751751E-3
1.1880332317E-1	3.2374966512E-2	2.4497603662E-3
1.2126520909E-1	3.2855016165E-2	2.4740046186E-3
1.2375131862E-1	3.3328332525E-2	2.4982075270E-3
1.2626161023E-1	3.3794383942E-2	2.5223686871E-3
1.2879604195E-1	3.4252629453E-2	2.5464876949E-3
1.3135457143E-1	3.4702519340E-2	2.5705641475E-3
1.3393715592E-1	3.5143496159E-2	2.5945976426E-3
1.3654375226E-1	3.5574994552E-2	2.6185877784E-3
1.3917431689E-1	3.5996442176E-2	2.6425341541E-3
1.4182880585E-1	3.6407259439E-2	2.6664363695E-3
1.4450717478E-1	3.6806859907E-2	2.6902940251E-3
1.4720937892E-1	3.7194650135E-2	2.7141067224E-3
1.4993537310E-1	3.7570029866E-2	2.7378740632E-3
1.5268511179E-1	3.7932392846E-2	2.7615956505E-3
1.5545854902E-1	3.8281127350E-2	2.7852710878E-3
1.5825563845E-1	3.8615617983E-2	2.8088999795E-3
1.6107633333E-1	3.8935246941E-2	2.8324819307E-3
1.6392058653E-1	3.9239396495E-2	2.8560165473E-3
1.6678835052E-1	3.9527450584E-2	2.8795034361E-3
1.6967957737E-1	3.9798796434E-2	2.9029422044E-3
1.7259421876E-1	4.0052825925E-2	2.9263324607E-3
1.7553222599E-1	4.0288935998E-2	2.9496738141E-3
1.7849354996E-1	4.0506529285E-2	2.9729658744E-3
1.8147814117E-1	4.0705013996E-2	2.9962082525E-3
1.8448594977E-1	4.0883804762E-2	3.0194005599E-3
1.8751692548E-1	4.1042323476E-2	3.0425424091E-3
1.9057101764E-1	4.1180001561E-2	3.0656334132E-3
1.9364817522E-1	4.1296282253E-2	3.0886731866E-3
1.9674834681E-1	4.1390624535E-2	3.1116613440E-3
1.9987148058E-1	4.1462506176E-2	3.1345975014E-3
2.0301752435E-1	4.1511427687E-2	3.1574812755E-3
2.0618642554E-1	4.1536915157E-2	3.1803122838E-3
2.0937813120E-1	4.1538522848E-2	3.2030901448E-3
2.1259258799E-1	4.1515835813E-2	3.2258144779E-3
2.1582974219E-1	4.1468471866E-2	3.2484849032E-3
2.1908953970E-1	4.1396084404E-2	3.2711010421E-3
2.2237192605E-1	4.1298365383E-2	3.2936625164E-3
2.2567684639E-1	4.1175048622E-2	3.3161689492E-3
2.2900424548E-1	4.1025914102E-2	3.3386199643E-3
2.3235406772E-1	4.0850790111E-2	3.3610151867E-3
2.3572625713E-1	4.0649557805E-2	3.3833542419E-3
2.3912075735E-1	4.0422153322E-2	3.4056367567E-3
2.4253751167E-1	4.0168571421E-2	3.4278623588E-3
2.4597646298E-1	3.9888869712E-2	3.4500306767E-3
2.4943755380E-1	3.9583174315E-2	3.4721413399E-3
2.5292072631E-1	3.9251686834E-2	3.4941939790E-3
2.5642592230E-1	3.8894693778E-2	3.5161882254E-3
2.5995308318E-1	3.8512574021E-2	3.5381237115E-3
2.6350215001E-1	3.8105807349E-2	3.5600000709E-3
2.6707306349E-1	3.7674980470E-2	3.5818169379E-3
2.7066576394E-1	3.7220790523E-2	3.6035739479E-3
2.7428019131E-1	3.6744048383E-2	3.6252707373E-3
2.7791628522E-1	3.6245680536E-2	3.6469069436E-3
2.8157398488E-1	3.5726732811E-2	3.6684822051E-3
2.8525322919E-1	3.5188375679E-2	3.6899961614E-3
2.8895395665E-1	3.4631912188E-2	3.7114484529E-3
2.9267610542E-1	3.4058787895E-2	3.7328387211E-3
2.9641961330E-1	3.3470601606E-2	3.7541666086E-3
3.0018441773E-1	3.2869116655E-2	3.7754317588E-3
3.0397045579E-1	3.2256271722E-2	3.7966338166E-3
3.0777766421E-1	3.1634191553E-2	3.8177724274E-3
3.1160597938E-1	3.1005195847E-2	3.8388472382E-3
3.1545533730E-1	3.0371808129E-2	3.8598578967E-3
3.1932567367E-1	2.9736762863E-2	3.8808040517E-3
3.2321692379E-1	2.9103010849E-2	3.9016853533E-3
3.2712902264E-1	2.8473724108E-2	3.9225014525E-3
3.3106190484E-1	2.7852299950E-2	3.9432520014E-3
3.3501550468E-1	2.7242367401E-2	3.9639366533E-3
3.3898975607E-1	2.6647796521E-2	3.9845550624E-3
3.4298459261E-1	2.6072710792E-2	4.0051068843E-3
3.4699994753E-1	2.5521502003E-2	4.0255917754E-3
3.5103575373E-1	2.4998844477E-2	4.0460093936E-3
3.5509194378E-1	2.4509706985E-2	4.0663593974E-3
3.5916844988E-1	2.4059360497E-2	4.0866414469E-3
3.6326520391E-1	2.3653382720E-2	4.1068552032E-3
3.6738213741E-1	2.3297661191E-2	4.1270003283E-3
3.7151918157E-1	2.2998397135E-2	4.1470764858E-3
3.7567626728E-1	2.2762111243E-2	4.1670833400E-3
3.7985332504E-1	2.2595650577E-2	4.1870205567E-3
3.8405028507E-1	2.2506195764E-2	4.2068878026E-3
3.8826707721E-1	2.2501267008E-2	4.2266847457E-3
3.9250363101E-1	2.2588728614E-2	4.2464110553E-3
3.9675987567E-1	2.2776793362E-2	4.2660664016E-3
4.0103574005E-1	2.3074026451E-2	4.2856504563E-3
4.0533115271E-1	2.3489348280E-2	4.3051628919E-3
4.0964604185E-1	2.4032033974E-2	4.3246033825E-3
4.1398033538E-1	2.4711708369E-2	4.3439716031E-3
4.1833396086E-1	2.5538336808E-2	4.3632672302E-3
4.2270684554E-1	2.6522215453E-2	4.3824899412E-3
4.2709891633E-1	2.7673964367E-2	4.4016394148E-3
4.3151009985E-1	2.9004525424E-2	4.4207153312E-3
4.3594032237E-1	3.0525162465E-2	4.4397173715E-3
4.4038950986E-1	3.2247456863E-2	4.4586452181E-3
4.4485758797E-1	3.4183293741E-2	4.4774985548E-3
4.4934448203E-1	3.6344836246E-2	4.4962770664E-3
4.5385011706E-1	3.8744491332E-2	4.5149804392E-3
4.5837441776E-1	4.1394874725E-2	4.5336083606E-3
4.6291730852E-1	4.4308778738E-2	4.5521605193E-3
4.6747871344E-1	4.7499144977E-2	4.5706366053E-3
4.7205855627E-1	5.0979038663E-2	4.5890363098E-3
4.7665676049E-1	5.4761621090E-2	4.6073593254E-3
4.8127324926E-1	5.8860118001E-2	4.6256053458E-3
4.8590794542E-1	6.3287782726E-2	4.6437740661E-3
4.9056077152E-1	6.8057852001E-2	4.6618651826E-3
4.9523164982E-1	7.3183489460E-2	4.6798783932E-3
4.9992050224E-1	7.8677713928E-2	4.6978133967E-3
5.0462725044E-1	8.4553315259E-2	4.7156698934E-3
5.0935181576E-1	9.0822768457E-2	4.7334475849E-3
5.1409411924E-1	9.7498159284E-2	4.7511461741E-3
5.1885408164E-1	1.0459112634E-1	4.7687653653E-3
5.2363162341E-1	1.1211280975E-1	4.7863048641E-3
5.2842666471E-1	1.2007378728E-1	4.8037643772E-3
5.3323912540E-1	1.2848398080E-1	4.8211436130E-3
5.3806892508E-1	1.3735253500E-1	4.8384422809E-3
5.4291598301E-1	1.4668768477E-1	4.8556600920E-3
5.4778021821E-1	1.5649663340E-1	4.8727967585E-3
5.5266154939E-1	1.6678545036E-1	4.8898519940E-3
5.5755989496E-1	1.7755897991E-1	4.9068255135E-3
5.6247517308E-1	1.8882074175E-1	4.9237170334E-3
5.6740730160E-1	2.0057281561E-1	4.9405262713E-3
5.7235619810E-1	2.1281571036E-1	4.9572529464E-3
5.7732177988E-1	2.2554822421E-1	4.9738967791E-3
5.8230396395E-1	2.3876729993E-1	4.9904574913E-3
5.8730266706E-1	2.5246786709E-1	5.0069348063E-3
5.9231780568E-1	2.6664268116E-1	5.0233284486E-3
5.9734929598E-1	2.8128217223E-1	5.0396381444E-3
6.0239705389E-1	2.9637433529E-1	5.0558636210E-3
6.0746099506E-1	3.1190465182E-1	5.0720046074E-3
6.1254103485E-1	3.2785602138E-1	5.0880608338E-3
6.1763708838E-1	3.4420864971E-1	5.1040320318E-3
6.2274907048E-1	3.6093987421E-1	5.1199179345E-3
6.2787689573E-1	3.7802395656E-1	5.1357182766E-3
6.3302047843E-1	3.9543190160E-1	5.1514327939E-3
6.3817973262E-1	4.1313134936E-1	5.1670612238E-3
6.4335457209E-1	4.3108653751E-1	5.1826033052E-3
6.4854491036E-1	4.4925829324E-1	5.1980587783E-3
6.5375066070E-1	4.6760401572E-1	5.2134273849E-3
6.5897173609E-1	4.8607763871E-1	5.2287088681E-3
6.6420804930E-1	5.0462958409E-1	5.2439029725E-3
6.6945951283E-1	5.2320671398E-1	5.2590094442E-3
6.7472603890E-1	5.4175228563E-1	5.2740280309E-3
6.8000753951E-1	5.6020593042E-1	5.2889584814E-3
6.8530392640E-1	5.7850370371E-1	5.3038005463E-3
6.9061511106E-1	5.9657823909E-1	5.3185539776E-3
6.9594100473E-1	6.1435898148E-1	5.3332185287E-3
7.0128151841E-1	6.3177240946E-1	5.3477939546E-3
7.0663656285E-1	6.4874217703E-1	5.3622800116E-3
7.1200604856E-1	6.6518919756E-1	5.3766764577E-3
7.1738988581E-1	6.8103179393E-1	5.3909830523E-3
7.2278798463E-1	6.9618602218E-1	5.4051995564E-3
7.2820025482E-1	7.1056617063E-1	5.4193257323E-3
7.3362660591E-1	7.2408531193E-1	5.4333613439E-3
7.3906694724E-1	7.3665580114E-1	5.4473061568E-3
7.4452118788E-1	7.4818969355E-1	5.4611599379E-3
7.4998923669E-1	7.5859916641E-1	5.4749224557E-3
7.5547100229E-1	7.6779700847E-1	5.4885934801E-3
7.6096639308E-1	7.7569721506E-1	5.5021727828E-3
7.6647531721E-1	7.8221567779E-1	5.5156601367E-3
7.7199768263E-1	7.8727098537E-1	5.5290553166E-3
7.7753339704E-1	7.9078533202E-1	5.5423580985E-3
7.8308236795E-1	7.9268546384E-1	5.5555682601E-3
7.8864450262E-1	7.9290354706E-1	5.5686855808E-3
7.9421970809E-1	7.9137791143E-1	5.5817098412E-3
7.9980789121E-1	7.8805377205E-1	5.5946408237E-3
8.0540895857E-1	7.8288410145E-1	5.6074783123E-3
8.1102281659E-1	7.7583070945E-1	5.6202220924E-3
8.1664937145E-1	7.6686540187E-1	5.6328719509E-3
8.2228852912E-1	7.5597103344E-1	5.6454276767E-3
8.2794019536E-1	7.4314239616E-1	5.6578890597E-3
8.3360427572E-1	7.2838704420E-1	5.6702558918E-3
8.3928067556E-1	7.1172615989E-1	5.6825279663E-3
8.4496930000E-1	6.9319546900E-1	5.6947050782E-3
8.5067005399E-1	6.7284612222E-1	5.7067870238E-3
8.5638284226E-1	6.5074552164E-1	5.7187736014E-3
8.6210756934E-1	6.2697808202E-1	5.7306646105E-3
8.6784413956E-1	6.0164588149E-1	5.7424598526E-3
8.7359245705E-1	5.7486908667E-1	5.7541591304E-3
8.7935242576E-1	5.4678612443E-1	5.7657622485E-3
8.8512394943E-1	5.1755373204E-1	5.7772690129E-3
8.9090693161E-1	4.8734703429E-1	5.7886792314E-3
8.9670127565E-1	4.5635962439E-1	5.7999927133E-3
9.0250688473E-1	4.2480341845E-1	5.8112092696E-3
9.0832366182E-1	3.9290810818E-1	5.8223287127E-3
9.1415150972E-1	3.6092024377E-1	5.8333508568E-3
9.1999033104E-1	3.2910211522E-1	5.8442755178E-3
9.2584002820E-1	2.9773050753E-1	5.8551025132E-3
9.3170050345E-1	2.6709525971E-1	5.8658316618E-3
9.3757165885E-1	2.3749754218E-1	5.8764627846E-3
9.4345339628E-1	2.0924783939E-1	5.8869957037E-3
9.4934561746E-1	1.8266363656E-1	5.8974302433E-3
9.5524822392E-1	1.5806676976E-1	5.9077662288E-3
9.6116111701E-1	1.3578044573E-1	5.9180034877E-3
9.6708419793E-1	1.1612604737E-1	5.9281418487E-3
9.7301736769E-1	9.9419836391E-2	5.9381811425E-3
9.7896052713E-1	8.5969494688E-2	5.9481212013E-3
9.8491357695E-1	7.6070335791E-2	5.9579618591E-3
9.9087641766E-1	7.0001158884E-2	5.9677029512E-3
9.9684894961E-1	6.8019936304E-2	5.9773443150E-3
1.0028310730E+0	7.0359540718E-2	5.9868857894E-3
1.0088226878E+0	7.7223532595E-2	5.9963272149E-3
1.0148236940E+0	8.8781911974E-2	6.0056684336E-3
1.0208339913E+0	1.0516681852E-1	6.0149092896E-3
1.0268534791E+0	1.2646827141E-1	6.0240496283E-3
1.0328820570E+0	1.5273005182E-1	6.0330892971E-3
1.0389196241E+0	1.8394584478E-1	6.0420281448E-3
1.0449660796E+0	2.2005581321E-1	6.0508660221E-3
1.0510213224E+0	2.6094372425E-1	6.0596027814E-3
1.0570852514E+0	3.0643453799E-1	6.0682382765E-3
1.0631577652E+0	3.5629230103E-1	6.0767723631E-3
1.0692387623E+0	4.1021847560E-1	6.0852048988E-3
1.0753281411E+0	4.6785115492E-1	6.0935357425E-3
1.0814257998E+0	5.2876546105E-1	6.1017647550E-3
1.0875316366E+0	5.9247494472E-1	6.1098917988E-3
1.0936455494E+0	6.5843364576E-1	6.1179167381E-3
1.0997674360E+0	7.2603881118E-1	6.1258394388E-3
1.1058971941E+0	7.9463463855E-1	6.1336597685E-3
1.1120347214E+0	8.6351733155E-1	6.1413775965E-3
1.1181799151E+0	9.3194148947E-1	6.1489927938E-3
1.1243326727E+0	9.9912774371E-1	6.1565052331E-3
1.1304928913E+0	1.0642714833E+0	6.1639147890E-3
1.1366604679E+0	1.1265523688E+0	6.1712213376E-3
1.1428352996E+0	1.1851444397E+0	6.1784247568E-3
1.1490172830E+0	1.2392271149E+0	6.1855249261E-3
1.1552063150E+0	1.2879975999E+0	6.1925217271E-3
1.1614022920E+0	1.3306845635E+0	6.1994150427E-3
1.1676051105E+0	1.3665621217E+0	6.2062047577E-3
1.1738146669E+0	1.3949633542E+0	6.2128907587E-3
1.1800308574E+0	1.4152935952E+0	6.2194729339E-3
1.1862535782E+0	1.4270441558E+0	6.2259511734E-3
1.1924827251E+0	1.4298063869E+0	6.2323253688E-3
1.1987181942E+0	1.4232852187E+0	6.2385954138E-3
1.2049598812E+0	1.4073114265E+0	6.2447612034E-3
1.2112076818E+0	1.3818523913E+0	6.2508226346E-3
1.2174614916E+0	1.3470212408E+0	6.2567796062E-3
1.2237212062E+0	1.3030842145E+0	6.2626320186E-3
1.2299867208E+0	1.2504662260E+0	6.2683797740E-3
1.2362579308E+0	1.1897544703E+0	6.2740227763E-3
1.2425347314E+0	1.1216993137E+0	6.2795609313E-3
1.2488170177E+0	1.0472115858E+0	6.2849941464E-3
1.2551046847E+0	9.6735627864E-1	6.2903223308E-3
1.2613976273E+0	8.8334339914E-1	6.2955453954E-3
1.2676957404E+0	7.9651618350E-1	6.3006632530E-3
1.2739989187E+0	7.0833588329E-1	6.3056758180E-3
1.2803070569E+0	6.2036247872E-1	6.3105830068E-3
1.2866200496E+0	5.3423167980E-1	6.3153847371E-3
1.2929377912E+0	4.5162896719E-1	6.3200809290E-3
1.2992601762E+0	3.7426100618E-1	6.3246715037E-3
1.3055870990E+0	3.0382456479E-1	6.3291563847E-3
1.3119184537E+0	2.4197329232E-1	6.3335354970E-3
1.3182541347E+0	1.9028277017E-1	6.3378087674E-3
1.3245940360E+0	1.5021429927E-1	6.3419761245E-3
1.3309380516E+0	1.2307835260E-1	6.3460374987E-3
1.3372860756E+0	1.0999895592E-1	6.3499928220E-3
1.3436380019E+0	1.1187973359E-1	6.3538420284E-3
1.3499937243E+0	1.2937183489E-1	6.3575850535E-3
1.3563531366E+0	1.6284449459E-1	6.3612218349E-3
1.3627161325E+0	2.1235979106E-1	6.3647523117E-3
1.3690826057E+0	2.7765290710E-1	6.3681764249E-3
1.3754524499E+0	3.5811838590E-1	6.3714941173E-3
1.3818255585E+0	4.5280279590E-1	6.3747053335E-3
1.3882018250E+0	5.6040462809E-1	6.3778100198E-3
1.3945811430E+0	6.7928223009E-1	6.3808081243E-3
1.4009634057E+0	8.0747037123E-1	6.3836995970E-3
1.4073485066E+0	9.4270599211E-1	6.3864843894E-3
1.4137363389E+0	1.0824631489E+0	6.3891624551E-3
1.4201267959E+0	1.2239962630E+0	6.3917337493E-3
1.4265197708E+0	1.3643909803E+0	6.3941982290E-3
1.4329151568E+0	1.5006230348E+0	6.3965558531E-3
1.4393128469E+0	1.6296251733E+0	6.3988065821E-3
1.4457127343E+0	1.7483601275E+0	6.4009503785E-3
1.4521147120E+0	1.8538967914E+0	6.4029872063E-3
1.4585186731E+0	1.9434881934E+0	6.4049170317E-3
1.4649245104E+0	2.0146507378E+0	6.4067398222E-3
1.4713321170E+0	2.0652429439E+0	6.4084555476E-3
1.4777413858E+0	2.0935406546E+0	6.4100641790E-3
1.4841522097E+0	2.0983059380E+0	6.4115656896E-3
1.4905644815E+0	2.0788472018E+0	6.4129600544E-3
1.4969780940E+0	2.0350680456E+0	6.4142472499E-3
1.5033929402E+0	1.9675031557E+0	6.4154272548E-3
1.5098089128E+0	1.8773402901E+0	6.4165000493E-3
1.5162259046E+0	1.7664262298E+0	6.4174656154E-3
1.5226438083E+0	1.6372534124E+0	6.4183239370E-3
1.5290625167E+0	1.4929257671E+0	6.4190749998E-3
1.5354819225E+0	1.3371051149E+0	6.4197187912E-3
1.5419019185E+0	1.1739393456E+0	6.4202553005E-3
1.5483223974E+0	1.0079717524E+0	6.4206845187E-3
1.5547432518E+0	8.4403148187E-1	6.4210064386E-3
1.5611643745E+0	6.8710754323E-1	6.4212210549E-3
1.5675856581E+0	5.4220999593E-1	6.4213283639E-3
1.5740069954E+0	4.1422182452E-1	6.4213283639E-3
1.5804282791E+0	3.0774531809E-1	6.4212210549E-3
1.5868494018E+0	2.2694709750E-1	6.4210064386E-3
1.5932702562E+0	1.7540603926E-1	6.4206845187E-3
1.5996907351E+0	1.5596949108E-1	6.4202553005E-3
1.6061107310E+0	1.7062436684E-1	6.4197187912E-3
1.6125301369E+0	2.2038857037E-1	6.4190749998E-3
1.6189488453E+0	3.0522631425E-1	6.4183239370E-3
1.6253667490E+0	4.2399157139E-1	6.4174656154E-3
1.6317837408E+0	5.7440530343E-1	6.4165000493E-3
1.6381997134E+0	7.5307044909E-1	6.4154272548E-3
1.6446145595E+0	9.5552556793E-1	6.4142472499E-3
1.6510281721E+0	1.1763371886E+0	6.4129600544E-3
1.6574404439E+0	1.4092311640E+0	6.4115656896E-3
1.6638512678E+0	1.6472620598E+0	6.4100641790E-3
1.6702605366E+0	1.8830175220E+0	6.4084555476E-3
1.6766681432E+0	2.1088524911E+0	6.4067398222E-3
1.6830739805E+0	2.3171456400E+0	6.4049170317E-3
1.6894779416E+0	2.5005692805E+0	6.4029872063E-3
1.6958799193E+0	2.6523654671E+0	6.4009503785E-3
1.7022798067E+0	2.7666207304E+0	6.3988065821E-3
1.7086774968E+0	2.8385274030E+0	6.3965558531E-3
1.7150728827E+0	2.8646172021E+0	6.3941982290E-3
1.7214658576E+0	2.8429567943E+0	6.3917337493E-3
1.7278563146E+0	2.7732987328E+0	6.3891624551E-3
1.7342441470E+0	2.6571790878E+0	6.3864843894E-3
1.7406292478E+0	2.4979512813E+0	6.3836995970E-3
1.7470115106E+0	2.3007493242E+0	6.3808081243E-3
1.7533908286E+0	2.0723784677E+0	6.3778100198E-3
1.7597670951E+0	1.8211335362E+0	6.3747053335E-3
1.7661402037E+0	1.5565474309E+0	6.3714941173E-3
1.7725100479E+0	1.2890751754E+0	6.3681764249E-3
1.7788765211E+0	1.0297208790E+0	6.3647523117E-3
1.7852395170E+0	7.8961839624E-1	6.3612218349E-3
1.7915989293E+0	5.7958196657E-1	6.3575850535E-3
1.7979546517E+0	4.0964560117E-1	6.3538420284E-3
1.8043065780E+0	2.8860840075E-1	6.3499928220E-3
1.8106546020E+0	2.2360378957E-1	6.3460374987E-3
1.8169986176E+0	2.1971448034E-1	6.3419761245E-3
1.8233385189E+0	2.7965499159E-1	6.3378087674E-3
1.8296741999E+0	4.0353930085E-1	6.3335354970E-3
1.8360055546E+0	5.8874837213E-1	6.3291563847E-3
1.8423324774E+0	8.2991059349E-1	6.3246715037E-3
1.8486548624E+0	1.1190040439E+0	6.3200809290E-3
1.8549726040E+0	1.4455842721E+0	6.3153847371E-3
1.8612855967E+0	1.7971358507E+0	6.3105830068E-3
1.8675937349E+0	2.1595384985E+0	6.3056758180E-3
1.8738969132E+0	2.5176318794E+0	6.3006632530E-3
1.8801950263E+0	2.8558606006E+0	6.2955453954E-3
1.8864879689E+0	3.1589768619E+0	6.2903223308E-3
1.8927756359E+0	3.4127690893E+0	6.2849941464E-3
1.8990579222E+0	3.6047794540E+0	6.2795609313E-3
1.9053347228E+0	3.7249761051E+0	6.2740227763E-3
1.9116059328E+0	3.7663480396E+0	6.2683797740E-3
1.9178714474E+0	3.7253876946E+0	6.2626320186E-3
1.9241311620E+0	3.6024273779E+0	6.2567796062E-3
1.9303849718E+0	3.4018033134E+0	6.2508226346E-3
1.9366327724E+0	3.1318290630E+0	6.2447612034E-3
1.9428744594E+0	2.8045678958E+0	6.2385954138E-3
1.9491099285E+0	2.4354041622E+0	6.2323253688E-3
1.9553390754E+0	2.0424230695E+0	6.2259511734E-3
1.9615617961E+0	1.6456162336E+0	6.2194729339E-3
1.9677779867E+0	1.2659432395E+0	6.2128907587E-3
1.9739875431E+0	9.2429355148E-1	6.2062047577E-3
1.9801903616E+0	6.4039858227E-1	6.1994150427E-3
1.9863863386E+0	4.3174492980E-1	6.1925217271E-3
1.9925753706E+0	3.1254628937E-1	6.1855249261E-3
1.9987573540E+0	2.9283696085E-1	6.1784247568E-3
2.0049321857E+0	3.7774487652E-1	6.1712213376E-3
2.0110997623E+0	5.6699254005E-1	6.1639147890E-3
2.0172599809E+0	8.5466663059E-1	6.1565052331E-3
2.0234127385E+0	1.2292866147E+0	6.1489927938E-3
2.0295579322E+0	1.6741872982E+0	6.1413775965E-3
2.0356954595E+0	2.1682131041E+0	6.1336597685E-3
2.0418252176E+0	2.6867024471E+0	6.1258394388E-3
2.0479471042E+0	3.2027206401E+0	6.1179167381E-3
2.0540610170E+0	3.6884858973E+0	6.1098917988E-3
2.0601668538E+0	4.1169214747E+0	6.1017647550E-3
2.0662645125E+0	4.4632498341E+0	6.0935357425E-3
2.0723538913E+0	4.7065314592E+0	6.0852048988E-3
2.0784348884E+0	4.8310539437E+0	6.0767723631E-3
2.0845074022E+0	4.8274857911E+0	6.0682382765E-3
2.0905713312E+0	4.6937123140E+0	6.0596027814E-3
2.0966265740E+0	4.4352793290E+0	6.0508660221E-3
2.1026730295E+0	4.0653938113E+0	6.0420281448E-3
2.1087105966E+0	3.6044587700E+0	6.0330892971E-3
2.1147391745E+0	3.0791450645E+0	6.0240496283E-3
2.1207586623E+0	2.5210308298E+0	6.0149092896E-3
2.1267689596E+0	1.9648683855E+0	6.0056684336E-3
2.1327699657E+0	1.4465641849E+0	5.9963272149E-3
2.1387615806E+0	1.0009831561E+0	5.9868857894E-3
2.1447437040E+0	6.5971148621E-1	5.9773443150E-3
2.1507162359E+0	4.4891967707E-1	5.9677029512E-3
2.1566790766E+0	3.8746441999E-1	5.9579618591E-3
2.1626321265E+0	4.8536546169E-1	5.9481212013E-3
2.1685752859E+0	7.4278343210E-1	5.9381811425E-3
2.1745084557E+0	1.1495941438E+0	5.9281418487E-3
2.1804315366E+0	1.6856158118E+0	5.9180034877E-3
2.1863444297E+0	2.3215104195E+0	5.9077662288E-3
2.1922470361E+0	3.0203402803E+0	5.8974302433E-3
2.1981392573E+0	3.7397111841E+0	5.8869957037E-3
2.2040209947E+0	4.4343866570E+0	5.8764627846E-3
2.2098921501E+0	5.0592199578E+0	5.8658316618E-3
2.2157526254E+0	5.5722197821E+0	5.8551025132E-3
2.2216023226E+0	5.9375470986E+0	5.8442755178E-3
2.2274411439E+0	6.1282344207E+0	5.8333508568E-3
2.2332689918E+0	6.1284199932E+0	5.8223287127E-3
2.2390857689E+0	5.9349073517E+0	5.8112092696E-3
2.2448913779E+0	5.5579061674E+0	5.7999927133E-3
2.2506857220E+0	5.0208660632E+0	5.7886792314E-3
2.2564687042E+0	4.3593648156E+0	5.7772690129E-3
2.2622402278E+0	3.6190716753E+0	5.7657622485E-3
2.2680001965E+0	2.8528851194E+0	5.7541591304E-3
2.2737485140E+0	2.1174171550E+0	5.7424598526E-3
2.2794850843E+0	1.4690463156E+0	5.7306646105E-3
2.2852098113E+0	9.5980178062E-1	5.7187736014E-3
2.2909225996E+0	6.3337459572E-1	5.7067870238E-3
2.2966233536E+0	5.2156195668E-1	5.6947050782E-3
2.3023119780E+0	6.4143315850E-1	5.6825279663E-3
2.3079883779E+0	9.9346804837E-1	5.6702558918E-3
2.3136524582E+0	1.5608586474E+0	5.6578890597E-3
2.3193041245E+0	2.3100848927E+0	5.6454276767E-3
2.3249432821E+0	3.1927877716E+0	5.6328719509E-3
2.3305698370E+0	4.1488665660E+0	5.6202220924E-3
2.3361836950E+0	5.1106205682E+0	5.6074783123E-3
2.3417847624E+0	6.0076613566E+0	5.5946408237E-3
2.3473729455E+0	6.7722551597E+0	5.5817098412E-3
2.3529481510E+0	7.3447037353E+0	5.5686855808E-3
2.3585102856E+0	7.6783366264E+0	5.5555682601E-3
2.3640592565E+0	7.7436932658E+0	5.5423580985E-3
2.3695949710E+0	7.5315245703E+0	5.5290553166E-3
2.3751173364E+0	7.0543186078E+0	5.5156601367E-3
2.3806262605E+0	6.3461508970E+0	5.5021727828E-3
2.3861216513E+0	5.4607862925E+0	5.4885934801E-3
2.3916034169E+0	4.4681018574E+0	5.4749224557E-3
2.3970714657E+0	3.4490387777E+0	5.4611599379E-3
2.4025257064E+0	2.4894249395E+0	5.4473061568E-3
2.4079660477E+0	1.6731272290E+0	5.4333613439E-3
2.4133923988E+0	1.0750693369E+0	5.4193257323E-3
2.4188046690E+0	7.5468471821E-1	5.4051995564E-3
2.4242027678E+0	7.5037516746E-1	5.3909830523E-3
2.4295866050E+0	1.0754976587E+0	5.3766764577E-3
2.4349560907E+0	1.7162919510E+0	5.3622800116E-3
2.4403111352E+0	2.6320119694E+0	5.3477939546E-3
2.4456516489E+0	3.7573576301E+0	5.3332185287E-3
2.4509775425E+0	5.0071146942E+0	5.3185539776E-3
2.4562887272E+0	6.2827059754E+0	5.3038005463E-3
2.4615851141E+0	7.4801731377E+0	5.2889584814E-3
2.4668666147E+0	8.4989641422E+0	5.2740280309E-3
2.4721331408E+0	9.2507977658E+0	5.2590094442E-3
2.4773846043E+0	9.6678290342E+0	5.2439029725E-3
2.4826209175E+0	9.7093638546E+0	5.2287088681E-3
2.4878419929E+0	9.3664602163E+0	5.2134273849E-3
2.4930477432E+0	8.6639020275E+0	5.1980587783E-3
2.4982380815E+0	7.6592459008E+0	5.1826033052E-3
2.5034129210E+0	6.4388987330E+0	5.1670612238E-3
2.5085721752E+0	5.1114432940E+0	5.1514327939E-3
2.5137157579E+0	3.7986791323E+0	5.1357182766E-3
2.5188435831E+0	2.6250870996E+0	5.1199179345E-3
2.5239555652E+0	1.7066181787E+0	5.1040320318E-3
2.5290516187E+0	1.1398062101E+0	5.0880608338E-3
2.5341316585E+0	9.9221331950E-1	5.0720046074E-3
2.5391955997E+0	1.2951515975E+0	5.0558636210E-3
2.5442433576E+0	2.0394680861E+0	5.0396381444E-3
2.5492748479E+0	3.1749254630E+0	5.0233284486E-3
2.5542899865E+0	4.6133936242E+0	5.0069348063E-3
2.5592886896E+0	6.2357235596E+0	4.9904574913E-3
2.5642708737E+0	7.9018213941E+0	4.9738967791E-3
2.5692364555E+0	9.4631091887E+0	4.9572529464E-3
2.5741853520E+0	1.0776293948E+1	4.9405262713E-3
2.5791174805E+0	1.1717189345E+1	4.9237170334E-3
2.5840327586E+0	1.2193261216E+1	4.9068255135E-3
2.5889311042E+0	1.2153627846E+1	4.8898519940E-3
2.5938124354E+0	1.1595444071E+1	4.8727967585E-3
2.5986766706E+0	1.0565897854E+1	4.8556600920E-3
2.6035237285E+0	9.1594237654E+0	4.8384422809E-3
2.6083535282E+0	7.5101884961E+0	4.8211436130E-3
2.6131659889E+0	5.7803893758E+0	4.8037643772E-3
2.6179610302E+0	4.1453473011E+0	4.7863048641E-3
2.6227385719E+0	2.7767225500E+0	4.7687653653E-3
2.6274985343E+0	1.8254290517E+0	4.7511461741E-3
2.6322408378E+0	1.4059409094E+0	4.7334475849E-3
2.6369654032E+0	1.5836260728E+0	4.7156698934E-3
2.6416721513E+0	2.3665027953E+0	4.6978133967E-3
2.6463610038E+0	3.7024322578E+0	4.6798783932E-3
2.6510318821E+0	5.4822635488E+0	4.6618651826E-3
2.6556847082E+0	7.5488641103E+0	4.6437740661E-3
2.6603194043E+0	9.7113629283E+0	4.6256053458E-3
2.6649358931E+0	1.1763374855E+1	4.6073593254E-3
2.6695340973E+0	1.3503509030E+1	4.5890363098E-3
2.6741139402E+0	1.4756143678E+1	4.5706366053E-3
2.6786753451E+0	1.5390334637E+1	4.5521605193E-3
2.6832182358E+0	1.5334836158E+1	4.5336083606E-3
2.6877425365E+0	1.4587522171E+1	4.5149804392E-3
2.6922481716E+0	1.3217986580E+1	4.4962770664E-3
2.6967350656E+0	1.1362763125E+1	4.4774985548E-3
2.7012031437E+0	9.2133750610E+0	4.4586452181E-3
2.7056523312E+0	6.9981894884E+0	4.4397173715E-3
2.7100825537E+0	4.9597277433E+0	4.4207153312E-3
2.7144937373E+0	3.3296318293E+0	4.4016394148E-3
2.7188858081E+0	2.3038486987E+0	4.3824899412E-3
2.7232586927E+0	2.0206896241E+0	4.3632672302E-3
2.7276123182E+0	2.5442160745E+0	4.3439716031E-3
2.7319466117E+0	3.8549266277E+0	4.3246033825E-3
2.7362615009E+0	5.8490272981E+0	4.3051628919E-3
2.7405569135E+0	8.3467157795E+0	4.2856504563E-3
2.7448327779E+0	1.1108955618E+1	4.2660664016E-3
2.7490890226E+0	1.3861243710E+1	4.2464110553E-3
2.7533255764E+0	1.6322035200E+1	4.2266847457E-3
2.7575423685E+0	1.8232944365E+1	4.2068878026E-3
2.7617393285E+0	1.9387585172E+1	4.1870205567E-3
2.7659163863E+0	1.9655830861E+1	4.1670833400E-3
2.7700734720E+0	1.9000488623E+1	4.1470764858E-3
2.7742105162E+0	1.7484255291E+1	4.1270003283E-3
2.7783274497E+0	1.5266150448E+1	4.1068552032E-3
2.7824242037E+0	1.2587555576E+1	4.0866414469E-3
2.7865007098E+0	9.7484444872E+0	4.0663593974E-3
2.7905568999E+0	7.0756633052E+0	4.0460093936E-3
2.7945927061E+0	4.8873621444E+0	4.0255917754E-3
2.7986080610E+0	3.4583050892E+0	4.0051068843E-3
2.8026028975E+0	2.9886338678E+0	3.9845550624E-3
2.8065771489E+0	3.5778407063E+0	3.9639366533E-3
2.8105307487E+0	5.2090334935E+0	3.9432520014E-3
2.8144636309E+0	7.7493572587E+0	3.9225014525E-3
2.8183757298E+0	1.0964263030E+1	3.9016853533E-3
2.8222669799E+0	1.4536929802E+1	3.8808040517E-3
2.8261373163E+0	1.8094094570E+1	3.8598578967E-3
2.8299866742E+0	2.1250775665E+1	3.8388472382E-3
2.8338149894E+0	2.3668709448E+1	3.8177724274E-3
2.8376221978E+0	2.5094450038E+1	3.7966338166E-3
2.8414082359E+0	2.5362457007E+1	3.7754317588E-3
2.8451730403E+0	2.4406370060E+1	3.7541666086E-3
2.8489165482E+0	2.2312674870E+1	3.7328387211E-3
2.8526386969E+0	1.9352349883E+1	3.7114484529E-3
2.8563394244E+0	1.5903801495E+1	3.6899961614E-3
2.8600186687E+0	1.2333725120E+1	3.6684822051E-3
2.8636763684E+0	9.0015252106E+0	3.6469069436E-3
2.8673124623E+0	6.3545337892E+0	3.6252707373E-3
2.8709268897E+0	4.8576248423E+0	3.6035739479E-3
2.8745195901E+0	4.7282920236E+0	3.5818169379E-3
2.8780905036E+0	5.8727810786E+0	3.5600000709E-3
2.8816395704E+0	8.2115176921E+0	3.5381237115E-3
2.8851667313E+0	1.1843794432E+1	3.5161882254E-3
2.8886719273E+0	1.6560501191E+1	3.4941939790E-3
2.8921550998E+0	2.1405820873E+1	3.4721413399E-3
2.8956161906E+0	2.5368846817E+1	3.4500306767E-3
2.8990551419E+0	2.8545749463E+1	3.4278623588E-3
2.9024718962E+0	3.1724457310E+1	3.4056367567E-3
2.9058663965E+0	3.4407417781E+1	3.3833542419E-3
2.9092385859E+0	3.4438457853E+1	3.3610151867E-3
2.9125884081E+0	3.0859229682E+1	3.3386199643E-3
2.9159158072E+0	2.6148067686E+1	3.3161689492E-3
2.9192207275E+0	2.3419993412E+1	3.2936625164E-3
2.9225031139E+0	2.1715804786E+1	3.2711010421E-3
2.9257629114E+0	1.7203637596E+1	3.2484849032E-3
2.9290000656E+0	1.0034643271E+1	3.2258144779E-3
2.9322145224E+0	6.0946740198E+0	3.2030901448E-3
2.9354062280E+0	8.6740112441E+0	3.1803122838E-3
2.9385751292E+0	1.2129286833E+1	3.1574812755E-3
2.9417211730E+0	1.0129018279E+1	3.1345975014E-3
2.9448443068E+0	8.2167120488E+0	3.1116613440E-3
2.9479444784E+0	1.8348220004E+1	3.0886731866E-3
2.9510216360E+0	3.8111843077E+1	3.0656334132E-3
2.9540757281E+0	4.7015535192E+1	3.0425424091E-3
2.9571067038E+0	3.4117820084E+1	3.0194005599E-3
2.9601145124E+0	2.0702875004E+1	2.9962082525E-3
2.9630991036E+0	3.6738561322E+1	2.9729658744E-3
2.9660604276E+0	7.4384800796E+1	2.9496738141E-3
2.9689984348E+0	8.7751991860E+1	2.9263324607E-3
2.9719130762E+0	5.3006055267E+1	2.9029422044E-3
2.9748043031E+0	9.8204889369E+0	2.8795034361E-3
2.9776720671E+0	1.5463798372E+1	2.8560165473E-3
2.9805163203E+0	6.4049133171E+1	2.8324819307E-3
2.9833370151E+0	8.7548414257E+1	2.8088999795E-3
2.9861341046E+0	5.0377915035E+1	2.7852710878E-3
2.9889075418E+0	7.9033866082E+0	2.7615956505E-3
2.9916572805E+0	3.3825273006E+1	2.7378740632E-3
2.9943832747E+0	1.0773959592E+2	2.7141067224E-3
2.9970854788E+0	1.3016888673E+2	2.6902940251E-3
2.9997638477E+0	6.4348281864E+1	2.6664363695E-3
3.0024183367E+0	9.8775186336E+0	2.6425341541E-3
3.0050489013E+0	8.2496030408E+1	2.6185877784E-3
3.0076554977E+0	2.4279013166E+2	2.5945976426E-3
3.0102380822E+0	3.1616994709E+2	2.5705641475E-3
3.0127966116E+0	2.0850481571E+2	2.5464876949E-3
3.0153310434E+0	4.5565018600E+1	2.5223686871E-3
3.0178413350E+0	3.6127699683E+1	2.4982075270E-3
3.0203274445E+0	2.1290903645E+2	2.4740046186E-3
3.0227893304E+0	3.8070978180E+2	2.4497603662E-3
3.0252269516E+0	3.4926899046E+2	2.4254751751E-3
3.0276402673E+0	1.6363112121E+2	2.4011494510E-3
3.0300292371E+0	4.3035078116E+1	2.3767836004E-3
3.0323938212E+0	1.0861896258E+2	2.3523780306E-3
3.0347339801E+0	2.4475199670E+2	2.3279331494E-3
3.0370496746E+0	2.6055047754E+2	2.3034493653E-3
3.0393408660E+0	1.3435224199E+2	2.2789270875E-3
3.0416075160E+0	2.9475350363E+1	2.2543667257E-3
3.0438495869E+0	7.3878485659E+1	2.2297686905E-3
3.0460670410E+0	1.9632747174E+2	2.2051333928E-3
3.0482598414E+0	2.2627461088E+2	2.1804612443E-3
3.0504279513E+0	1.1911907761E+2	2.1557526574E-3
3.0525713347E+0	1.2979494324E+1	2.1310080450E-3
3.0546899556E+0	4.7588624152E+1	2.1062278206E-3
3.0567837786E+0	1.8185971947E+2	2.0814123983E-3
3.0588527688E+0	2.4443495840E+2	2.0565621928E-3
3.0608968915E+0	1.5291235433E+2	2.0316776194E-3
3.0629161127E+0	2.4382880623E+1	2.0067590939E-3
3.0649103985E+0	3.5964630384E+1	1.9818070327E-3
3.0668797157E+0	2.0429906712E+2	1.9568218529E-3
3.0688240313E+0	3.5427727645E+2	1.9318039720E-3
3.0707433129E+0	3.1993595674E+2	1.9067538080E-3
3.0726375283E+0	1.4223258073E+2	1.8816717796E-3
3.0745066460E+0	2.9963295258E+1	1.8565583060E-3
3.0763506346E+0	1.2495200390E+2	1.8314138067E-3
3.0781694634E+0	3.3807915691E+2	1.8062387021E-3
3.0799631019E+0	4.4261474310E+2	1.7810334128E-3
3.0817315203E+0	3.2290960378E+2	1.7557983600E-3
3.0834746889E+0	1.0535630607E+2	1.7305339655E-3
3.0851925786E+0	2.8657283979E+1	1.7052406515E-3
3.0868851607E+0	1.9177157744E+2	1.6799188405E-3
3.0885524069E+0	4.4573390400E+2	1.6545689559E-3
3.0901942894E+0	5.4154648119E+2	1.6291914212E-3
3.0918107807E+0	3.8128038526E+2	1.6037866605E-3
3.0934018538E+0	1.1828257650E+2	1.5783550984E-3
3.0949674821E+0	8.8135935128E+0	1.5528971598E-3
3.0965076394E+0	1.6399478149E+2	1.5274132703E-3
3.0980223001E+0	4.4291516477E+2	1.5019038556E-3
3.0995114388E+0	5.8573288012E+2	1.4763693421E-3
3.1009750306E+0	4.5729662442E+2	1.4508101565E-3
3.1024130510E+0	1.7430382844E+2	1.4252267258E-3
3.1038254761E+0	2.8894475970E+0	1.3996194778E-3
3.1052122822E+0	1.2264791757E+2	1.3739888402E-3
3.1065734461E+0	4.6664781756E+2	1.3483352414E-3
3.1079089451E+0	7.7354636510E+2	1.3226591101E-3
3.1092187570E+0	8.0351079715E+2	1.2969608754E-3
3.1105028597E+0	5.3618303762E+2	1.2712409668E-3
3.1117612318E+0	1.9121463078E+2	1.2454998140E-3
3.1129938524E+0	5.9485815787E+1	1.2197378472E-3
3.1142007007E+0	2.8016387106E+2	1.1939554970E-3
3.1153817567E+0	7.3302213586E+2	1.1681531941E-3
3.1165370006E+0	1.1216424989E+3	1.1423313699E-3
3.1176664131E+0	1.1817131363E+3	1.1164904558E-3
3.1187699753E+0	8.6479900095E+2	1.0906308836E-3
3.1198476688E+0	3.7389009332E+2	1.0647530855E-3
3.1208994755E+0	3.3488990971E+1	1.0388574939E-3
3.1219253780E+0	8.5013278971E+1	1.0129445417E-3
3.1229253590E+0	5.3851701253E+2	9.8701466182E-4
3.1238994018E+0	1.1672576472E+3	9.6106828758E-4
3.1248474902E+0	1.6399812633E+3	9.3510585261E-4
3.1257696083E+0	1.7071045718E+3	9.0912779076E-4
3.1266657407E+0	1.3346019731E+3	8.8313453619E-4
3.1275358724E+0	7.1799200811E+2	8.5712652325E-4
3.1283799890E+0	1.7866626193E+2	8.3110418659E-4
3.1291980762E+0	4.4263881684E+0	8.0506796108E-4
3.1299901204E+0	3.1647695895E+2	7.7901828182E-4
3.1307561084E+0	1.0223587805E+3	7.5295558414E-4
3.1314960274E+0	1.8666504180E+3	7.2688030358E-4
3.1322098650E+0	2.5456480732E+3	7.0079287589E-4
3.1328976092E+0	2.8294292159E+3	6.7469373705E-4
3.1335592487E+0	2.6407259864E+3	6.4858332323E-4
3.1341947723E+0	2.0664939573E+3	6.2246207073E-4
3.1348041694E+0	1.3092408393E+3	5.9633041614E-4
3.1353874298E+0	6.0685828204E+2	5.7018879612E-4
3.1359445438E+0	1.5516279385E+2	5.4403764760E-4
3.1364755020E+0	5.8448126380E+1	5.1787740760E-4
3.1369802957E+0	3.1739605039E+2	4.9170851331E-4
3.1374589163E+0	8.4878432528E+2	4.6553140213E-4
3.1379113559E+0	1.5228101499E+3	4.3934651156E-4
3.1383376069E+0	2.2026441598E+3	4.1315427928E-4
3.1387376622E+0	2.7749919602E+3	3.8695514312E-4
3.1391115150E+0	3.1666741310E+3	3.6074954110E-4
3.1394591592E+0	3.3477371250E+3	3.3453791144E-4
3.1397805890E+0	3.3249164178E+3	3.0832069259E-4
3.1400757989E+0	3.1302522941E+3	2.8209832342E-4
3.1403447841E+0	2.8089777943E+3	2.5587124334E-4
3.1405875400E+0	2.4093517840E+3	2.2963989267E-4
3.1408040626E+0	1.9756215302E+3	2.0340471372E-4
3.1409943483E+0	1.5441732883E+3	1.7716615272E-4
3.1411583939E+0	1.1422815490E+3	1.5092466531E-4
3.1412961968E+0	7.8863118258E+2	1.2468073282E-4
3.1414077547E+0	4.9482215318E+2	9.8434919423E-5
3.1414930663E+0	2.6723540667E+2	7.2188137769E-5
3.1415521316E+0	1.0883816978E+2	4.5943520243E-5
3.1415849628E+0	2.0660273023E+1	1.9736940383E-5