# Differential cross section		
# Author: P. Swaczyna	Princeton University	(swaczyna@princeton.edu)
# Date: 	Wed 17 Feb 2021 15:32:29	
# 		
# Charge transfer collision: He^0 + He^+ -> He^+ + He^0		
# 		
# Red. mass: 	1.8640723202E+9	 eV/c^2
# CM energy: 	7.4131024130E-2	 eV
# Rel speed: 	2.6736485691E+5	 cm/s
# Tot sigma: 	N/A	 a.u.
# Int sigma: 	1.3020660239E+2	 a.u.
# 		
# Columns:		
# the <- scattering angle (rad)		
# dcs <- dsigma/dOmega*2*pi*sin(the) (a.u. = 2.8002852056E-17 cm^2)		
# wei <- weight for cross section integration (approx. width of angle bin)		
# 		
# the	dcs	wei
7.6907532846E-6	6.7679352039E-3	1.9736940383E-5
4.0521979771E-5	3.5659691494E-2	4.5943520243E-5
9.9587300392E-5	8.7637275233E-2	7.2188137769E-5
1.8489884726E-4	1.6270960366E-1	9.8434919423E-5
2.9645680168E-4	2.6087189768E-1	1.2468073282E-4
4.3425968311E-4	3.8211212180E-1	1.5092466531E-4
5.9830531657E-4	5.2640841875E-1	1.7716615272E-4
7.8859101285E-4	6.9372505226E-1	2.0340471372E-4
1.0051136166E-3	8.8400743891E-1	2.2963989267E-4
1.2478695220E-3	1.0971763650E+0	2.5587124334E-4
1.5168546797E-3	1.3331214192E+0	2.8209832342E-4
1.8120645986E-3	1.5916936621E+0	3.0832069259E-4
2.1334943481E-3	1.8726975562E+0	3.3453791144E-4
2.4811385584E-3	2.1758821872E+0	3.6074954110E-4
2.8549914211E-3	2.5009318121E+0	3.8695514312E-4
3.2550466893E-3	2.8474557846E+0	4.1315427928E-4
3.6812976783E-3	3.2149779162E+0	4.3934651156E-4
4.1337372652E-3	3.6029253468E+0	4.6553140213E-4
4.6123578895E-3	4.0106170129E+0	4.9170851331E-4
5.1171515529E-3	4.4372518202E+0	5.1787740760E-4
5.6481098199E-3	4.8818966442E+0	5.4403764760E-4
6.2052238176E-3	5.3434743038E+0	5.7018879612E-4
6.7884842360E-3	5.8207516760E+0	5.9633041614E-4
7.3978813281E-3	6.3123281404E+0	6.2246207073E-4
8.0334049101E-3	6.8166245703E+0	6.4858332323E-4
8.6950443616E-3	7.3318731088E+0	6.7469373705E-4
9.3827886258E-3	7.8561079973E+0	7.0079287589E-4
1.0096626210E-2	8.3871577468E+0	7.2688030358E-4
1.0836545184E-2	8.9226389683E+0	7.5295558414E-4
1.1602533184E-2	9.4599522028E+0	7.7901828182E-4
1.2394577408E-2	9.9962801110E+0	8.0506796108E-4
1.3212664621E-2	1.0528588403E+1	8.3110418659E-4
1.4056781152E-2	1.1053629899E+1	8.5712652325E-4
1.4926912893E-2	1.1567952129E+1	8.8313453619E-4
1.5823045305E-2	1.2067908866E+1	9.0912779076E-4
1.6745163410E-2	1.2549676003E+1	9.3510585261E-4
1.7693251801E-2	1.3009272158E+1	9.6106828758E-4
1.8667294632E-2	1.3442584352E+1	9.8701466182E-4
1.9667275626E-2	1.3845399115E+1	1.0129445417E-3
2.0693178073E-2	1.4213439259E+1	1.0388574939E-3
2.1744984827E-2	1.4542406561E+1	1.0647530855E-3
2.2822678313E-2	1.4828030466E+1	1.0906308836E-3
2.3926240519E-2	1.5066122848E+1	1.1164904558E-3
2.5055653005E-2	1.5252638768E+1	1.1423313699E-3
2.6210896896E-2	1.5383742989E+1	1.1681531941E-3
2.7391952886E-2	1.5455881914E+1	1.1939554970E-3
2.8598801239E-2	1.5465860409E+1	1.2197378472E-3
2.9831421786E-2	1.5410922800E+1	1.2454998140E-3
3.1089793929E-2	1.5288837144E+1	1.2712409668E-3
3.2373896638E-2	1.5097981651E+1	1.2969608754E-3
3.3683708455E-2	1.4837431922E+1	1.3226591101E-3
3.5019207490E-2	1.4507047430E+1	1.3483352414E-3
3.6380371427E-2	1.4107555485E+1	1.3739888402E-3
3.7767177517E-2	1.3640630642E+1	1.3996194778E-3
3.9179602586E-2	1.3108967365E+1	1.4252267258E-3
4.0617623030E-2	1.2516343537E+1	1.4508101565E-3
4.2081214817E-2	1.1867672268E+1	1.4763693421E-3
4.3570353490E-2	1.1169039318E+1	1.5019038556E-3
4.5085014162E-2	1.0427723404E+1	1.5274132703E-3
4.6625171522E-2	9.6521966281E+0	1.5528971598E-3
4.8190799831E-2	8.8521023403E+0	1.5783550984E-3
4.9781872927E-2	8.0382078814E+0	1.6037866605E-3
5.1398364219E-2	7.2223298802E+0	1.6291914212E-3
5.3040246694E-2	6.4172301149E+0	1.6545689559E-3
5.4707492914E-2	5.6364803784E+0	1.6799188405E-3
5.6400075017E-2	4.8942953368E+0	1.7052406515E-3
5.8117964718E-2	4.2053330318E+0	1.7305339655E-3
5.9861133308E-2	3.5844634524E+0	1.7557983600E-3
6.1629551657E-2	3.0465064864E+0	1.7810334128E-3
6.3423190212E-2	2.6059415463E+0	1.8062387021E-3
6.5242019000E-2	2.2765922381E+0	1.8314138067E-3
6.7086007624E-2	2.0712905773E+0	1.8565583060E-3
6.8955125270E-2	2.0015264426E+0	1.8816717796E-3
7.0849340702E-2	2.0770891484E+0	1.9067538080E-3
7.2768622264E-2	2.3057091890E+0	1.9318039720E-3
7.4712937885E-2	2.6927093089E+0	1.9568218529E-3
7.6682255070E-2	3.2406750437E+0	1.9818070327E-3
7.8676540910E-2	3.9491557009E+0	2.0067590939E-3
8.0695762079E-2	4.8144073527E+0	2.0316776194E-3
8.2739884832E-2	5.8291897480E+0	2.0565621928E-3
8.4808875009E-2	6.9826290463E+0	2.0814123983E-3
8.6902698034E-2	8.2601579001E+0	2.1062278206E-3
8.9021318917E-2	9.6435435979E+0	2.1310080450E-3
9.1164702253E-2	1.1111013706E+1	2.1557526574E-3
9.3332812224E-2	1.2637486868E+1	2.1804612443E-3
9.5525612596E-2	1.4194914148E+1	2.2051333928E-3
9.7743066726E-2	1.5752733499E+1	2.2297686905E-3
9.9985137556E-2	1.7278436688E+1	2.2543667257E-3
1.0225178762E-1	1.8738244307E+1	2.2789270875E-3
1.0454297904E-1	2.0097880401E+1	2.3034493653E-3
1.0685867352E-1	2.1323433979E+1	2.3279331494E-3
1.0919883237E-1	2.2382290156E+1	2.3523780306E-3
1.1156341648E-1	2.3244109238E+1	2.3767836004E-3
1.1395238633E-1	2.3881827817E+1	2.4011494510E-3
1.1636570200E-1	2.4272652023E+1	2.4254751751E-3
1.1880332317E-1	2.4399009818E+1	2.4497603662E-3
1.2126520909E-1	2.4249426702E+1	2.4740046186E-3
1.2375131862E-1	2.3819287769E+1	2.4982075270E-3
1.2626161023E-1	2.3111448792E+1	2.5223686871E-3
1.2879604195E-1	2.2136660230E+1	2.5464876949E-3
1.3135457143E-1	2.0913770782E+1	2.5705641475E-3
1.3393715592E-1	1.9469681568E+1	2.5945976426E-3
1.3654375226E-1	1.7839028159E+1	2.6185877784E-3
1.3917431689E-1	1.6063575529E+1	2.6425341541E-3
1.4182880585E-1	1.4191320470E+1	2.6664363695E-3
1.4450717478E-1	1.2275306837E+1	2.6902940251E-3
1.4720937892E-1	1.0372170977E+1	2.7141067224E-3
1.4993537310E-1	8.5404473782E+0	2.7378740632E-3
1.5268511179E-1	6.8386775441E+0	2.7615956505E-3
1.5545854902E-1	5.3233777499E+0	2.7852710878E-3
1.5825563845E-1	4.0469330912E+0	2.8088999795E-3
1.6107633333E-1	3.0554953855E+0	2.8324819307E-3
1.6392058653E-1	2.3869703822E+0	2.8560165473E-3
1.6678835052E-1	2.0691846809E+0	2.8795034361E-3
1.6967957737E-1	2.1183241462E+0	2.9029422044E-3
1.7259421876E-1	2.5377329021E+0	2.9263324607E-3
1.7553222599E-1	3.3171548071E+0	2.9496738141E-3
1.7849354996E-1	4.4324874300E+0	2.9729658744E-3
1.8147814117E-1	5.8461019639E+0	2.9962082525E-3
1.8448594977E-1	7.5077614800E+0	3.0194005599E-3
1.8751692548E-1	9.3561449475E+0	3.0425424091E-3
1.9057101764E-1	1.1320956323E+1	3.0656334132E-3
1.9364817522E-1	1.3325567828E+1	3.0886731866E-3
1.9674834681E-1	1.5290115615E+1	3.1116613440E-3
1.9987148058E-1	1.7134935906E+1	3.1345975014E-3
2.0301752435E-1	1.8784202150E+1	3.1574812755E-3
2.0618642554E-1	2.0169600502E+1	3.1803122838E-3
2.0937813120E-1	2.1233863839E+1	3.2030901448E-3
2.1259258799E-1	2.1933975271E+1	3.2258144779E-3
2.1582974219E-1	2.2243852079E+1	3.2484849032E-3
2.1908953970E-1	2.2156331363E+1	3.2711010421E-3
2.2237192605E-1	2.1684300028E+1	3.2936625164E-3
2.2567684639E-1	2.0860844075E+1	3.3161689492E-3
2.2900424548E-1	1.9738335002E+1	3.3386199643E-3
2.3235406772E-1	1.8386423023E+1	3.3610151867E-3
2.3572625713E-1	1.6888965811E+1	3.3833542419E-3
2.3912075735E-1	1.5339984858E+1	3.4056367567E-3
2.4253751167E-1	1.3838805888E+1	3.4278623588E-3
2.4597646298E-1	1.2484601291E+1	3.4500306767E-3
2.4943755380E-1	1.1370607189E+1	3.4721413399E-3
2.5292072631E-1	1.0578331166E+1	3.4941939790E-3
2.5642592230E-1	1.0172095100E+1	3.5161882254E-3
2.5995308318E-1	1.0194267298E+1	3.5381237115E-3
2.6350215001E-1	1.0661526665E+1	3.5600000709E-3
2.6707306349E-1	1.1562467290E+1	3.5818169379E-3
2.7066576394E-1	1.2856794420E+1	3.6035739479E-3
2.7428019131E-1	1.4476283507E+1	3.6252707373E-3
2.7791628522E-1	1.6327575898E+1	3.6469069436E-3
2.8157398488E-1	1.8296772196E+1	3.6684822051E-3
2.8525322919E-1	2.0255663619E+1	3.6899961614E-3
2.8895395665E-1	2.2069320043E+1	3.7114484529E-3
2.9267610542E-1	2.3604639220E+1	3.7328387211E-3
2.9641961330E-1	2.4739363586E+1	3.7541666086E-3
3.0018441773E-1	2.5370997699E+1	3.7754317588E-3
3.0397045579E-1	2.5425018345E+1	3.7966338166E-3
3.0777766421E-1	2.4861767076E+1	3.8177724274E-3
3.1160597938E-1	2.3681455382E+1	3.8388472382E-3
3.1545533730E-1	2.1926797344E+1	3.8598578967E-3
3.1932567367E-1	1.9682911642E+1	3.8808040517E-3
3.2321692379E-1	1.7074299108E+1	3.9016853533E-3
3.2712902264E-1	1.4258895081E+1	3.9225014525E-3
3.3106190484E-1	1.1419406003E+1	3.9432520014E-3
3.3501550468E-1	8.7523527741E+0	3.9639366533E-3
3.3898975607E-1	6.4554434676E+0	3.9845550624E-3
3.4298459261E-1	4.7140684471E+0	4.0051068843E-3
3.4699994753E-1	3.6878358051E+0	4.0255917754E-3
3.5103575373E-1	3.4981303169E+0	4.0460093936E-3
3.5509194378E-1	4.2176741602E+0	4.0663593974E-3
3.5916844988E-1	5.8629864359E+0	4.0866414469E-3
3.6326520391E-1	8.3904806211E+0	4.1068552032E-3
3.6738213741E-1	1.1696710350E+1	4.1270003283E-3
3.7151918157E-1	1.5622986653E+1	4.1470764858E-3
3.7567626728E-1	1.9964262402E+1	4.1670833400E-3
3.7985332504E-1	2.4481835828E+1	4.1870205567E-3
3.8405028507E-1	2.8919091805E+1	4.2068878026E-3
3.8826707721E-1	3.3019206164E+1	4.2266847457E-3
3.9250363101E-1	3.6543512792E+1	4.2464110553E-3
3.9675987567E-1	3.9289100708E+1	4.2660664016E-3
4.0103574005E-1	4.1104187806E+1	4.2856504563E-3
4.0533115271E-1	4.1899920443E+1	4.3051628919E-3
4.0964604185E-1	4.1657474456E+1	4.3246033825E-3
4.1398033538E-1	4.0429673399E+1	4.3439716031E-3
4.1833396086E-1	3.8336772226E+1	4.3632672302E-3
4.2270684554E-1	3.5556547591E+1	4.3824899412E-3
4.2709891633E-1	3.2309349032E+1	4.4016394148E-3
4.3151009985E-1	2.8839252798E+1	4.4207153312E-3
4.3594032237E-1	2.5392874722E+1	4.4397173715E-3
4.4038950986E-1	2.2197695667E+1	4.4586452181E-3
4.4485758797E-1	1.9441895649E+1	4.4774985548E-3
4.4934448203E-1	1.7257655169E+1	4.4962770664E-3
4.5385011706E-1	1.5709654643E+1	4.5149804392E-3
4.5837441776E-1	1.4790092593E+1	4.5336083606E-3
4.6291730852E-1	1.4420977057E+1	4.5521605193E-3
4.6747871344E-1	1.4463766519E+1	4.5706366053E-3
4.7205855627E-1	1.4735705765E+1	4.5890363098E-3
4.7665676049E-1	1.5031487946E+1	4.6073593254E-3
4.8127324926E-1	1.5148250250E+1	4.6256053458E-3
4.8590794542E-1	1.4911447496E+1	4.6437740661E-3
4.9056077152E-1	1.4198905274E+1	4.6618651826E-3
4.9523164982E-1	1.2960373771E+1	4.6798783932E-3
4.9992050224E-1	1.1230202699E+1	4.6978133967E-3
5.0462725044E-1	9.1313266327E+0	4.7156698934E-3
5.0935181576E-1	6.8695487056E+0	4.7334475849E-3
5.1409411924E-1	4.7180716979E+0	4.7511461741E-3
5.1885408164E-1	2.9932588192E+0	4.7687653653E-3
5.2363162341E-1	2.0236067502E+0	4.7863048641E-3
5.2842666471E-1	2.1147708939E+0	4.8037643772E-3
5.3323912540E-1	3.5140943455E+0	4.8211436130E-3
5.3806892508E-1	6.3783738775E+0	4.8384422809E-3
5.4291598301E-1	1.0748494178E+1	4.8556600920E-3
5.4778021821E-1	1.6534060013E+1	4.8727967585E-3
5.5266154939E-1	2.3510282504E+1	4.8898519940E-3
5.5755989496E-1	3.1328201612E+1	4.9068255135E-3
5.6247517308E-1	3.9537962336E+1	4.9237170334E-3
5.6740730160E-1	4.7623446792E+1	4.9405262713E-3
5.7235619810E-1	5.5045253400E+1	4.9572529464E-3
5.7732177988E-1	6.1287961883E+1	4.9738967791E-3
5.8230396395E-1	6.5906963578E+1	4.9904574913E-3
5.8730266706E-1	6.8569968913E+1	5.0069348063E-3
5.9231780568E-1	6.9088675651E+1	5.0233284486E-3
5.9734929598E-1	6.7436980198E+1	5.0396381444E-3
6.0239705389E-1	6.3753465001E+1	5.0558636210E-3
6.0746099506E-1	5.8327564513E+1	5.0720046074E-3
6.1254103485E-1	5.1570621140E+1	5.0880608338E-3
6.1763708838E-1	4.3974784373E+1	5.1040320318E-3
6.2274907048E-1	3.6064170132E+1	5.1199179345E-3
6.2787689573E-1	2.8343694251E+1	5.1357182766E-3
6.3302047843E-1	2.1251381330E+1	5.1514327939E-3
6.3817973262E-1	1.5119652400E+1	5.1670612238E-3
6.4335457209E-1	1.0150117316E+1	5.1826033052E-3
6.4854491036E-1	6.4048312522E+0	5.1980587783E-3
6.5375066070E-1	3.8149885866E+0	5.2134273849E-3
6.5897173609E-1	2.2058537565E+0	5.2287088681E-3
6.6420804930E-1	1.3346352859E+0	5.2439029725E-3
6.6945951283E-1	9.3626785361E-1	5.2590094442E-3
6.7472603890E-1	7.7091836426E-1	5.2740280309E-3
6.8000753951E-1	6.6665123877E-1	5.2889584814E-3
6.8530392640E-1	5.5115980903E-1	5.3038005463E-3
6.9061511106E-1	4.6777111151E-1	5.3185539776E-3
6.9594100473E-1	5.7292584901E-1	5.3332185287E-3
7.0128151841E-1	1.1147898068E+0	5.3477939546E-3
7.0663656285E-1	2.3952599384E+0	5.3622800116E-3
7.1200604856E-1	4.7200437607E+0	5.3766764577E-3
7.1738988581E-1	8.3433789167E+0	5.3909830523E-3
7.2278798463E-1	1.3415039362E+1	5.4051995564E-3
7.2820025482E-1	1.9937359819E+1	5.4193257323E-3
7.3362660591E-1	2.7739041352E+1	5.4333613439E-3
7.3906694724E-1	3.6470559815E+1	5.4473061568E-3
7.4452118788E-1	4.5623304329E+1	5.4611599379E-3
7.4998923669E-1	5.4571458253E+1	5.4749224557E-3
7.5547100229E-1	6.2632507155E+1	5.4885934801E-3
7.6096639308E-1	6.9139545256E+1	5.5021727828E-3
7.6647531721E-1	7.3516644027E+1	5.5156601367E-3
7.7199768263E-1	7.5347740436E+1	5.5290553166E-3
7.7753339704E-1	7.4429954171E+1	5.5423580985E-3
7.8308236795E-1	7.0803941081E+1	5.5555682601E-3
7.8864450262E-1	6.4756648015E+1	5.5686855808E-3
7.9421970809E-1	5.6795310832E+1	5.5817098412E-3
7.9980789121E-1	4.7595277787E+1	5.5946408237E-3
8.0540895857E-1	3.7927736399E+1	5.6074783123E-3
8.1102281659E-1	2.8576182020E+1	5.6202220924E-3
8.1664937145E-1	2.0252086802E+1	5.6328719509E-3
8.2228852912E-1	1.3520453730E+1	5.6454276767E-3
8.2794019536E-1	8.7447071643E+0	5.6578890597E-3
8.3360427572E-1	6.0578205006E+0	5.6702558918E-3
8.3928067556E-1	5.3630465901E+0	5.6825279663E-3
8.4496930000E-1	6.3635804296E+0	5.6947050782E-3
8.5067005399E-1	8.6165126843E+0	5.7067870238E-3
8.5638284226E-1	1.1603095949E+1	5.7187736014E-3
8.6210756934E-1	1.4805131831E+1	5.7306646105E-3
8.6784413956E-1	1.7776529883E+1	5.7424598526E-3
8.7359245705E-1	2.0199915408E+1	5.7541591304E-3
8.7935242576E-1	2.1920467304E+1	5.7657622485E-3
8.8512394943E-1	2.2952624073E+1	5.7772690129E-3
8.9090693161E-1	2.3459403796E+1	5.7886792314E-3
8.9670127565E-1	2.3708235598E+1	5.7999927133E-3
9.0250688473E-1	2.4010773371E+1	5.8112092696E-3
9.0832366182E-1	2.4656613043E+1	5.8223287127E-3
9.1415150972E-1	2.5851779973E+1	5.8333508568E-3
9.1999033104E-1	2.7672133196E+1	5.8442755178E-3
9.2584002820E-1	3.0039539432E+1	5.8551025132E-3
9.3170050345E-1	3.2725133845E+1	5.8658316618E-3
9.3757165885E-1	3.5379733067E+1	5.8764627846E-3
9.4345339628E-1	3.7587142101E+1	5.8869957037E-3
9.4934561746E-1	3.8932364146E+1	5.8974302433E-3
9.5524822392E-1	3.9074163774E+1	5.9077662288E-3
9.6116111701E-1	3.7810460776E+1	5.9180034877E-3
9.6708419793E-1	3.5125819434E+1	5.9281418487E-3
9.7301736769E-1	3.1212754495E+1	5.9381811425E-3
9.7896052713E-1	2.6462353461E+1	5.9481212013E-3
9.8491357695E-1	2.1424261890E+1	5.9579618591E-3
9.9087641766E-1	1.6740716860E+1	5.9677029512E-3
9.9684894961E-1	1.3063344088E+1	5.9773443150E-3
1.0028310730E+0	1.0964240244E+1	5.9868857894E-3
1.0088226878E+0	1.0854005283E+1	5.9963272149E-3
1.0148236940E+0	1.2918676845E+1	6.0056684336E-3
1.0208339913E+0	1.7085032859E+1	6.0149092896E-3
1.0268534791E+0	2.3019818060E+1	6.0240496283E-3
1.0328820570E+0	3.0163678568E+1	6.0330892971E-3
1.0389196241E+0	3.7795651452E+1	6.0420281448E-3
1.0449660796E+0	4.5119677324E+1	6.0508660221E-3
1.0510213224E+0	5.1361429040E+1	6.0596027814E-3
1.0570852514E+0	5.5862249206E+1	6.0682382765E-3
1.0631577652E+0	5.8157389561E+1	6.0767723631E-3
1.0692387623E+0	5.8027993494E+1	6.0852048988E-3
1.0753281411E+0	5.5520034788E+1	6.0935357425E-3
1.0814257998E+0	5.0928171852E+1	6.1017647550E-3
1.0875316366E+0	4.4747503622E+1	6.1098917988E-3
1.0936455494E+0	3.7600783748E+1	6.1179167381E-3
1.0997674360E+0	3.0152090954E+1	6.1258394388E-3
1.1058971941E+0	2.3019756477E+1	6.1336597685E-3
1.1120347214E+0	1.6701244040E+1	6.1413775965E-3
1.1181799151E+0	1.1520674883E+1	6.1489927938E-3
1.1243326727E+0	7.6060824428E+0	6.1565052331E-3
1.1304928913E+0	4.8988035179E+0	6.1639147890E-3
1.1366604679E+0	3.1923666669E+0	6.1712213376E-3
1.1428352996E+0	2.1935915650E+0	6.1784247568E-3
1.1490172830E+0	1.5950848742E+0	6.1855249261E-3
1.1552063150E+0	1.1464729024E+0	6.1925217271E-3
1.1614022920E+0	7.1186813158E-1	6.1994150427E-3
1.1676051105E+0	3.0324480543E-1	6.2062047577E-3
1.1738146669E+0	8.3304752352E-2	6.2128907587E-3
1.1800308574E+0	3.3647621840E-1	6.2194729339E-3
1.1862535782E+0	1.4121318530E+0	6.2259511734E-3
1.1924827251E+0	3.6490732518E+0	6.2323253688E-3
1.1987181942E+0	7.2939854463E+0	6.2385954138E-3
1.2049598812E+0	1.2428264276E+1	6.2447612034E-3
1.2112076818E+0	1.8916995180E+1	6.2508226346E-3
1.2174614916E+0	2.6390903137E+1	6.2567796062E-3
1.2237212062E+0	3.4267167999E+1	6.2626320186E-3
1.2299867208E+0	4.1808814998E+1	6.2683797740E-3
1.2362579308E+0	4.8215899252E+1	6.2740227763E-3
1.2425347314E+0	5.2735961300E+1	6.2795609313E-3
1.2488170177E+0	5.4777229792E+1	6.2849941464E-3
1.2551046847E+0	5.4006547378E+1	6.2903223308E-3
1.2613976273E+0	5.0415384130E+1	6.2955453954E-3
1.2676957404E+0	4.4341508172E+1	6.3006632530E-3
1.2739989187E+0	3.6440359093E+1	6.3056758180E-3
1.2803070569E+0	2.7607959157E+1	6.3105830068E-3
1.2866200496E+0	1.8865070381E+1	6.3153847371E-3
1.2929377912E+0	1.1218953425E+1	6.3200809290E-3
1.2992601762E+0	5.5233377644E+0	6.3246715037E-3
1.3055870990E+0	2.3582512988E+0	6.3291563847E-3
1.3119184537E+0	1.9488686542E+0	6.3335354970E-3
1.3182541347E+0	4.1367966228E+0	6.3378087674E-3
1.3245940360E+0	8.4090679991E+0	6.3419761245E-3
1.3309380516E+0	1.3980856394E+1	6.3460374987E-3
1.3372860756E+0	1.9919093057E+1	6.3499928220E-3
1.3436380019E+0	2.5287284687E+1	6.3538420284E-3
1.3499937243E+0	2.9288135387E+1	6.3575850535E-3
1.3563531366E+0	3.1380786872E+1	6.3612218349E-3
1.3627161325E+0	3.1353664809E+1	6.3647523117E-3
1.3690826057E+0	2.9341413446E+1	6.3681764249E-3
1.3754524499E+0	2.5783965848E+1	6.3714941173E-3
1.3818255585E+0	2.1335781577E+1	6.3747053335E-3
1.3882018250E+0	1.6741921063E+1	6.3778100198E-3
1.3945811430E+0	1.2703352675E+1	6.3808081243E-3
1.4009634057E+0	9.7556352452E+0	6.3836995970E-3
1.4073485066E+0	8.1825202353E+0	6.3864843894E-3
1.4137363389E+0	7.9794971075E+0	6.3891624551E-3
1.4201267959E+0	8.8730156872E+0	6.3917337493E-3
1.4265197708E+0	1.0390745121E+1	6.3941982290E-3
1.4329151568E+0	1.1968684470E+1	6.3965558531E-3
1.4393128469E+0	1.3074014779E+1	6.3988065821E-3
1.4457127343E+0	1.3319603293E+1	6.4009503785E-3
1.4521147120E+0	1.2547641749E+1	6.4029872063E-3
1.4585186731E+0	1.0865776941E+1	6.4049170317E-3
1.4649245104E+0	8.6282083303E+0	6.4067398222E-3
1.4713321170E+0	6.3648888781E+0	6.4084555476E-3
1.4777413858E+0	4.6721562996E+0	6.4100641790E-3
1.4841522097E+0	4.0858874400E+0	6.4115656896E-3
1.4905644815E+0	4.9620865341E+0	6.4129600544E-3
1.4969780940E+0	7.3888982159E+0	6.4142472499E-3
1.5033929402E+0	1.1148480576E+1	6.4154272548E-3
1.5098089128E+0	1.5737970851E+1	6.4165000493E-3
1.5162259046E+0	2.0447624257E+1	6.4174656154E-3
1.5226438083E+0	2.4483197084E+1	6.4183239370E-3
1.5290625167E+0	2.7110870351E+1	6.4190749998E-3
1.5354819225E+0	2.7798163748E+1	6.4197187912E-3
1.5419019185E+0	2.6324340514E+1	6.4202553005E-3
1.5483223974E+0	2.2838807723E+1	6.4206845187E-3
1.5547432518E+0	1.7855097615E+1	6.4210064386E-3
1.5611643745E+0	1.2179527951E+1	6.4212210549E-3
1.5675856581E+0	6.7854738969E+0	6.4213283639E-3
1.5740069954E+0	2.6541634047E+0	6.4213283639E-3
1.5804282791E+0	6.0919553078E-1	6.4212210549E-3
1.5868494018E+0	1.1734217903E+0	6.4210064386E-3
1.5932702562E+0	4.4731637615E+0	6.4206845187E-3
1.5996907351E+0	1.0206641365E+1	6.4202553005E-3
1.6061107310E+0	1.7682433446E+1	6.4197187912E-3
1.6125301369E+0	2.5921783497E+1	6.4190749998E-3
1.6189488453E+0	3.3807741539E+1	6.4183239370E-3
1.6253667490E+0	4.0256391135E+1	6.4174656154E-3
1.6317837408E+0	4.4382050162E+1	6.4165000493E-3
1.6381997134E+0	4.5629844053E+1	6.4154272548E-3
1.6446145595E+0	4.3855039378E+1	6.4142472499E-3
1.6510281721E+0	3.9337820885E+1	6.4129600544E-3
1.6574404439E+0	3.2733080343E+1	6.4115656896E-3
1.6638512678E+0	2.4965330857E+1	6.4100641790E-3
1.6702605366E+0	1.7087277688E+1	6.4084555476E-3
1.6766681432E+0	1.0125533085E+1	6.4067398222E-3
1.6830739805E+0	4.9377960010E+0	6.4049170317E-3
1.6894779416E+0	2.1026178506E+0	6.4029872063E-3
1.6958799193E+0	1.8564256654E+0	6.4009503785E-3
1.7022798067E+0	4.0840677203E+0	6.3988065821E-3
1.7086774968E+0	8.3603256375E+0	6.3965558531E-3
1.7150728827E+0	1.4032101112E+1	6.3941982290E-3
1.7214658576E+0	2.0325532429E+1	6.3917337493E-3
1.7278563146E+0	2.6459835615E+1	6.3891624551E-3
1.7342441470E+0	3.1750336863E+1	6.3864843894E-3
1.7406292478E+0	3.5686564029E+1	6.3836995970E-3
1.7470115106E+0	3.7976572311E+1	6.3808081243E-3
1.7533908286E+0	3.8554835063E+1	6.3778100198E-3
1.7597670951E+0	3.7556949826E+1	6.3747053335E-3
1.7661402037E+0	3.5269168156E+1	6.3714941173E-3
1.7725100479E+0	3.2063730582E+1	6.3681764249E-3
1.7788765211E+0	2.8331915118E+1	6.3647523117E-3
1.7852395170E+0	2.4425688643E+1	6.3612218349E-3
1.7915989293E+0	2.0616275667E+1	6.3575850535E-3
1.7979546517E+0	1.7074403300E+1	6.3538420284E-3
1.8043065780E+0	1.3873083554E+1	6.3499928220E-3
1.8106546020E+0	1.1010149480E+1	6.3460374987E-3
1.8169986176E+0	8.4448427720E+0	6.3419761245E-3
1.8233385189E+0	6.1408663039E+0	6.3378087674E-3
1.8296741999E+0	4.1076053416E+0	6.3335354970E-3
1.8360055546E+0	2.4316764750E+0	6.3291563847E-3
1.8423324774E+0	1.2924583421E+0	6.3246715037E-3
1.8486548624E+0	9.5758514951E-1	6.3200809290E-3
1.8549726040E+0	1.7572780239E+0	6.3153847371E-3
1.8612855967E+0	4.0395439855E+0	6.3105830068E-3
1.8675937349E+0	8.1113489103E+0	6.3056758180E-3
1.8738969132E+0	1.4173508402E+1	6.3006632530E-3
1.8801950263E+0	2.2258876499E+1	6.2955453954E-3
1.8864879689E+0	3.2184117816E+1	6.2903223308E-3
1.8927756359E+0	4.3524679282E+1	6.2849941464E-3
1.8990579222E+0	5.5620430254E+1	6.2795609313E-3
1.9053347228E+0	6.7615906313E+1	6.2740227763E-3
1.9116059328E+0	7.8534490947E+1	6.2683797740E-3
1.9178714474E+0	8.7380741680E+1	6.2626320186E-3
1.9241311620E+0	9.3260128875E+1	6.2567796062E-3
1.9303849718E+0	9.5501504031E+1	6.2508226346E-3
1.9366327724E+0	9.3765403369E+1	6.2447612034E-3
1.9428744594E+0	8.8121391106E+1	6.2385954138E-3
1.9491099285E+0	7.9080313739E+1	6.2323253688E-3
1.9553390754E+0	6.7572433624E+1	6.2259511734E-3
1.9615617961E+0	5.4869379209E+1	6.2194729339E-3
1.9677779867E+0	4.2455764536E+1	6.2128907587E-3
1.9739875431E+0	3.1864023299E+1	6.2062047577E-3
1.9801903616E+0	2.4492242159E+1	6.1994150427E-3
1.9863863386E+0	2.1428478998E+1	6.1925217271E-3
1.9925753706E+0	2.3305471982E+1	6.1855249261E-3
1.9987573540E+0	3.0206533981E+1	6.1784247568E-3
2.0049321857E+0	4.1637095539E+1	6.1712213376E-3
2.0110997623E+0	5.6567657023E+1	6.1639147890E-3
2.0172599809E+0	7.3544101456E+1	6.1565052331E-3
2.0234127385E+0	9.0851886392E+1	6.1489927938E-3
2.0295579322E+0	1.0671303353E+2	6.1413775965E-3
2.0356954595E+0	1.1949025634E+2	6.1336597685E-3
2.0418252176E+0	1.2787172480E+2	6.1258394388E-3
2.0479471042E+0	1.3101298243E+2	6.1179167381E-3
2.0540610170E+0	1.2861890758E+2	6.1098917988E-3
2.0601668538E+0	1.2095731890E+2	6.1017647550E-3
2.0662645125E+0	1.0880547855E+2	6.0935357425E-3
2.0723538913E+0	9.3339840308E+1	6.0852048988E-3
2.0784348884E+0	7.5986550143E+1	6.0767723631E-3
2.0845074022E+0	5.8254420147E+1	6.0682382765E-3
2.0905713312E+0	4.1572865709E+1	6.0596027814E-3
2.0966265740E+0	2.7154705240E+1	6.0508660221E-3
2.1026730295E+0	1.5898399060E+1	6.0420281448E-3
2.1087105966E+0	8.3372885032E+0	6.0330892971E-3
2.1147391745E+0	4.6359401656E+0	6.0240496283E-3
2.1207586623E+0	4.6270418910E+0	6.0149092896E-3
2.1267689596E+0	7.8774478578E+0	6.0056684336E-3
2.1327699657E+0	1.3769551042E+1	5.9963272149E-3
2.1387615806E+0	2.1584320004E+1	5.9868857894E-3
2.1447437040E+0	3.0574753355E+1	5.9773443150E-3
2.1507162359E+0	4.0022483130E+1	5.9677029512E-3
2.1566790766E+0	4.9274879459E+1	5.9579618591E-3
2.1626321265E+0	5.7764320594E+1	5.9481212013E-3
2.1685752859E+0	6.5014488290E+1	5.9381811425E-3
2.1745084557E+0	7.0640113377E+1	5.9281418487E-3
2.1804315366E+0	7.4346384725E+1	5.9180034877E-3
2.1863444297E+0	7.5932475593E+1	5.9077662288E-3
2.1922470361E+0	7.5300869117E+1	5.8974302433E-3
2.1981392573E+0	7.2471094765E+1	5.8869957037E-3
2.2040209947E+0	6.7593861807E+1	5.8764627846E-3
2.2098921501E+0	6.0960010326E+1	5.8658316618E-3
2.2157526254E+0	5.2998563761E+1	5.8551025132E-3
2.2216023226E+0	4.4259513401E+1	5.8442755178E-3
2.2274411439E+0	3.5379530652E+1	5.8333508568E-3
2.2332689918E+0	2.7032065708E+1	5.8223287127E-3
2.2390857689E+0	1.9866581490E+1	5.8112092696E-3
2.2448913779E+0	1.4444307620E+1	5.7999927133E-3
2.2506857220E+0	1.1179322289E+1	5.7886792314E-3
2.2564687042E+0	1.0293654831E+1	5.7772690129E-3
2.2622402278E+0	1.1793418035E+1	5.7657622485E-3
2.2680001965E+0	1.5469996035E+1	5.7541591304E-3
2.2737485140E+0	2.0926547333E+1	5.7424598526E-3
2.2794850843E+0	2.7626197984E+1	5.7306646105E-3
2.2852098113E+0	3.4954985348E+1	5.7187736014E-3
2.2909225996E+0	4.2290451931E+1	5.7067870238E-3
2.2966233536E+0	4.9066154541E+1	5.6947050782E-3
2.3023119780E+0	5.4823342499E+1	5.6825279663E-3
2.3079883779E+0	5.9243474963E+1	5.6702558918E-3
2.3136524582E+0	6.2158644964E+1	5.6578890597E-3
2.3193041245E+0	6.3540742086E+1	5.6454276767E-3
2.3249432821E+0	6.3473648072E+1	5.6328719509E-3
2.3305698370E+0	6.2115317486E+1	5.6202220924E-3
2.3361836950E+0	5.9657819373E+1	5.6074783123E-3
2.3417847624E+0	5.6293123201E+1	5.5946408237E-3
2.3473729455E+0	5.2190696008E+1	5.5817098412E-3
2.3529481510E+0	4.7490184640E+1	5.5686855808E-3
2.3585102856E+0	4.2309122986E+1	5.5555682601E-3
2.3640592565E+0	3.6762355214E+1	5.5423580985E-3
2.3695949710E+0	3.0987306554E+1	5.5290553166E-3
2.3751173364E+0	2.5167838872E+1	5.5156601367E-3
2.3806262605E+0	1.9549463185E+1	5.5021727828E-3
2.3861216513E+0	1.4440153257E+1	5.4885934801E-3
2.3916034169E+0	1.0193664459E+1	5.4749224557E-3
2.3970714657E+0	7.1756487957E+0	5.4611599379E-3
2.4025257064E+0	5.7163760770E+0	5.4473061568E-3
2.4079660477E+0	6.0568974348E+0	5.4333613439E-3
2.4133923988E+0	8.2974702495E+0	5.4193257323E-3
2.4188046690E+0	1.2357620455E+1	5.4051995564E-3
2.4242027678E+0	1.7956198483E+1	5.3909830523E-3
2.4295866050E+0	2.4617296195E+1	5.3766764577E-3
2.4349560907E+0	3.1704283326E+1	5.3622800116E-3
2.4403111352E+0	3.8480029634E+1	5.3477939546E-3
2.4456516489E+0	4.4187242411E+1	5.3332185287E-3
2.4509775425E+0	4.8139410668E+1	5.3185539776E-3
2.4562887272E+0	4.9810653494E+1	5.3038005463E-3
2.4615851141E+0	4.8912186964E+1	5.2889584814E-3
2.4668666147E+0	4.5444282639E+1	5.2740280309E-3
2.4721331408E+0	3.9715367260E+1	5.2590094442E-3
2.4773846043E+0	3.2323948031E+1	5.2439029725E-3
2.4826209175E+0	2.4103798679E+1	5.2287088681E-3
2.4878419929E+0	1.6037662227E+1	5.2134273849E-3
2.4930477432E+0	9.1489603779E+0	5.1980587783E-3
2.4982380815E+0	4.3840708561E+0	5.1826033052E-3
2.5034129210E+0	2.4992275319E+0	5.1670612238E-3
2.5085721752E+0	3.9658127328E+0	5.1514327939E-3
2.5137157579E+0	8.9057841091E+0	5.1357182766E-3
2.5188435831E+0	1.7065475260E+1	5.1199179345E-3
2.5239555652E+0	2.7831483406E+1	5.1040320318E-3
2.5290516187E+0	4.0287385507E+1	5.0880608338E-3
2.5341316585E+0	5.3305228153E+1	5.0720046074E-3
2.5391955997E+0	6.5661701471E+1	5.0558636210E-3
2.5442433576E+0	7.6166108427E+1	5.0396381444E-3
2.5492748479E+0	8.3785987358E+1	5.0233284486E-3
2.5542899865E+0	8.7756648046E+1	5.0069348063E-3
2.5592886896E+0	8.7662847010E+1	4.9904574913E-3
2.5642708737E+0	8.3484079207E+1	4.9738967791E-3
2.5692364555E+0	7.5599083273E+1	4.9572529464E-3
2.5741853520E+0	6.4749644007E+1	4.9405262713E-3
2.5791174805E+0	5.1968108210E+1	4.9237170334E-3
2.5840327586E+0	3.8476730353E+1	4.9068255135E-3
2.5889311042E+0	2.5569652463E+1	4.8898519940E-3
2.5938124354E+0	1.4489752652E+1	4.8727967585E-3
2.5986766706E+0	6.3126786160E+0	4.8556600920E-3
2.6035237285E+0	1.8491808411E+0	4.8384422809E-3
2.6083535282E+0	1.5745764925E+0	4.8211436130E-3
2.6131659889E+0	5.5911143765E+0	4.8037643772E-3
2.6179610302E+0	1.3625541506E+1	4.7863048641E-3
2.6227385719E+0	2.5060676597E+1	4.7687653653E-3
2.6274985343E+0	3.8996632437E+1	4.7511461741E-3
2.6322408378E+0	5.4334791309E+1	4.7334475849E-3
2.6369654032E+0	6.9875930133E+1	4.7156698934E-3
2.6416721513E+0	8.4423116588E+1	4.6978133967E-3
2.6463610038E+0	9.6880152731E+1	4.6798783932E-3
2.6510318821E+0	1.0633733407E+2	4.6618651826E-3
2.6556847082E+0	1.1213795199E+2	4.6437740661E-3
2.6603194043E+0	1.1392108001E+2	4.6256053458E-3
2.6649358931E+0	1.1163851296E+2	4.6073593254E-3
2.6695340973E+0	1.0554604148E+2	4.5890363098E-3
2.6741139402E+0	9.6171338846E+1	4.5706366053E-3
2.6786753451E+0	8.4262453805E+1	4.5521605193E-3
2.6832182358E+0	7.0722135634E+1	4.5336083606E-3
2.6877425365E+0	5.6533917196E+1	4.5149804392E-3
2.6922481716E+0	4.2686051602E+1	4.4962770664E-3
2.6967350656E+0	3.0099086035E+1	4.4774985548E-3
2.7012031437E+0	1.9562143752E+1	4.4586452181E-3
2.7056523312E+0	1.1681973563E+1	4.4397173715E-3
2.7100825537E+0	6.8476248961E+0	4.4207153312E-3
2.7144937373E+0	5.2123227634E+0	4.4016394148E-3
2.7188858081E+0	6.6928464237E+0	4.3824899412E-3
2.7232586927E+0	1.0985538046E+1	4.3632672302E-3
2.7276123182E+0	1.7597043955E+1	4.3439716031E-3
2.7319466117E+0	2.5887063110E+1	4.3246033825E-3
2.7362615009E+0	3.5119770055E+1	4.3051628919E-3
2.7405569135E+0	4.4520202963E+1	4.2856504563E-3
2.7448327779E+0	5.3331760533E+1	4.2660664016E-3
2.7490890226E+0	6.0871024542E+1	4.2464110553E-3
2.7533255764E+0	6.6576401723E+1	4.2266847457E-3
2.7575423685E+0	7.0047537781E+1	4.2068878026E-3
2.7617393285E+0	7.1073071820E+1	4.1870205567E-3
2.7659163863E+0	6.9645040478E+1	4.1670833400E-3
2.7700734720E+0	6.5959072134E+1	4.1470764858E-3
2.7742105162E+0	6.0400392260E+1	4.1270003283E-3
2.7783274497E+0	5.3516546559E+1	4.1068552032E-3
2.7824242037E+0	4.5978590994E+1	4.0866414469E-3
2.7865007098E+0	3.8533248143E+1	4.0663593974E-3
2.7905568999E+0	3.1949140055E+1	4.0460093936E-3
2.7945927061E+0	2.6960636635E+1	4.0255917754E-3
2.7986080610E+0	2.4213071751E+1	4.0051068843E-3
2.8026028975E+0	2.4213054924E+1	3.9845550624E-3
2.8065771489E+0	2.7287337557E+1	3.9639366533E-3
2.8105307487E+0	3.3553188543E+1	3.9432520014E-3
2.8144636309E+0	4.2902521084E+1	3.9225014525E-3
2.8183757298E+0	5.5001133006E+1	3.9016853533E-3
2.8222669799E+0	6.9303432592E+1	3.8808040517E-3
2.8261373163E+0	8.5081986859E+1	3.8598578967E-3
2.8299866742E+0	1.0147022011E+2	3.8388472382E-3
2.8338149894E+0	1.1751567846E+2	3.8177724274E-3
2.8376221978E+0	1.3224052590E+2	3.7966338166E-3
2.8414082359E+0	1.4470540424E+2	3.7754317588E-3
2.8451730403E+0	1.5407251184E+2	3.7541666086E-3
2.8489165482E+0	1.5966375649E+2	3.7328387211E-3
2.8526386969E+0	1.6101011717E+2	3.7114484529E-3
2.8563394244E+0	1.5788888924E+2	3.6899961614E-3
2.8600186687E+0	1.5034625089E+2	3.6684822051E-3
2.8636763684E+0	1.3870352304E+2	3.6469069436E-3
2.8673124623E+0	1.2354653541E+2	3.6252707373E-3
2.8709268897E+0	1.0569858748E+2	3.6035739479E-3
2.8745195901E+0	8.6178532034E+1	3.5818169379E-3
2.8780905036E+0	6.6146442044E+1	3.5600000709E-3
2.8816395704E+0	4.6840088317E+1	3.5381237115E-3
2.8851667313E+0	2.9506008683E+1	3.5161882254E-3
2.8886719273E+0	1.5329256860E+1	3.4941939790E-3
2.8921550998E+0	5.3659662829E+0	3.4721413399E-3
2.8956161906E+0	4.8265404553E-1	3.4500306767E-3
2.8990551419E+0	1.3057426008E+0	3.4278623588E-3
2.9024718962E+0	8.1841268590E+0	3.4056367567E-3
2.9058663965E+0	2.1166808458E+1	3.3833542419E-3
2.9092385859E+0	3.9996712202E+1	3.3610151867E-3
2.9125884081E+0	6.4120851152E+1	3.3386199643E-3
2.9159158072E+0	9.2716075872E+1	3.3161689492E-3
2.9192207275E+0	1.2472878551E+2	3.2936625164E-3
2.9225031139E+0	1.5892624220E+2	3.2711010421E-3
2.9257629114E+0	1.9395655420E+2	3.2484849032E-3
2.9290000656E+0	2.2841400454E+2	3.2258144779E-3
2.9322145224E+0	2.6090621423E+2	3.2030901448E-3
2.9354062280E+0	2.9011964457E+2	3.1803122838E-3
2.9385751292E+0	3.1488015002E+2	3.1574812755E-3
2.9417211730E+0	3.3420567072E+2	3.1345975014E-3
2.9448443068E+0	3.4734867151E+2	3.1116613440E-3
2.9479444784E+0	3.5382655586E+2	3.0886731866E-3
2.9510216360E+0	3.5343896835E+2	3.0656334132E-3
2.9540757281E+0	3.4627160696E+2	3.0425424091E-3
2.9571067038E+0	3.3268685703E+2	3.0194005599E-3
2.9601145124E+0	3.1330219565E+2	2.9962082525E-3
2.9630991036E+0	2.8895786878E+2	2.9729658744E-3
2.9660604276E+0	2.6067578854E+2	2.9496738141E-3
2.9689984348E+0	2.2961192002E+2	2.9263324607E-3
2.9719130762E+0	1.9700461588E+2	2.9029422044E-3
2.9748043031E+0	1.6412141382E+2	2.8795034361E-3
2.9776720671E+0	1.3220674167E+2	2.8560165473E-3
2.9805163203E+0	1.0243279167E+2	2.8324819307E-3
2.9833370151E+0	7.5855545514E+1	2.8088999795E-3
2.9861341046E+0	5.3377577248E+1	2.7852710878E-3
2.9889075418E+0	3.5718854584E+1	2.7615956505E-3
2.9916572805E+0	2.3396325053E+1	2.7378740632E-3
2.9943832747E+0	1.6712634405E+1	2.7141067224E-3
2.9970854788E+0	1.5753902651E+1	2.6902940251E-3
2.9997638477E+0	2.0396096532E+1	2.6664363695E-3
3.0024183367E+0	3.0319201345E+1	2.6425341541E-3
3.0050489013E+0	4.5028121291E+1	2.6185877784E-3
3.0076554977E+0	6.3879033106E+1	2.5945976426E-3
3.0102380822E+0	8.6109785976E+1	2.5705641475E-3
3.0127966116E+0	1.1087288101E+2	2.5464876949E-3
3.0153310434E+0	1.3726957206E+2	2.5223686871E-3
3.0178413350E+0	1.6438369957E+2	2.4982075270E-3
3.0203274445E+0	1.9131399171E+2	2.4740046186E-3
3.0227893304E+0	2.1720373152E+2	2.4497603662E-3
3.0252269516E+0	2.4126688440E+2	2.4254751751E-3
3.0276402673E+0	2.6280999472E+2	2.4011494510E-3
3.0300292371E+0	2.8124938345E+2	2.3767836004E-3
3.0323938212E+0	2.9612339911E+2	2.3523780306E-3
3.0347339801E+0	3.0709968381E+2	2.3279331494E-3
3.0370496746E+0	3.1397760651E+2	2.3034493653E-3
3.0393408660E+0	3.1668618101E+2	2.2789270875E-3
3.0416075160E+0	3.1527792322E+2	2.2543667257E-3
3.0438495869E+0	3.0991920652E+2	2.2297686905E-3
3.0460670410E+0	3.0087774779E+2	2.2051333928E-3
3.0482598414E+0	2.8850789702E+2	2.1804612443E-3
3.0504279513E+0	2.7323441540E+2	2.1557526574E-3
3.0525713347E+0	2.5553541143E+2	2.1310080450E-3
3.0546899556E+0	2.3592506606E+2	2.1062278206E-3
3.0567837786E+0	2.1493672077E+2	2.0814123983E-3
3.0588527688E+0	1.9310683068E+2	2.0565621928E-3
3.0608968915E+0	1.7096020317E+2	2.0316776194E-3
3.0629161127E+0	1.4899685504E+2	2.0067590939E-3
3.0649103985E+0	1.2768073206E+2	1.9818070327E-3
3.0668797157E+0	1.0743044790E+2	1.9568218529E-3
3.0688240313E+0	8.8612116413E+1	1.9318039720E-3
3.0707433129E+0	7.1534276805E+1	1.9067538080E-3
3.0726375283E+0	5.6444844468E+1	1.8816717796E-3
3.0745066460E+0	4.3529964958E+1	1.8565583060E-3
3.0763506346E+0	3.2914603406E+1	1.8314138067E-3
3.0781694634E+0	2.4664668028E+1	1.8062387021E-3
3.0799631019E+0	1.8790443365E+1	1.7810334128E-3
3.0817315203E+0	1.5251096116E+1	1.7557983600E-3
3.0834746889E+0	1.3960012854E+1	1.7305339655E-3
3.0851925786E+0	1.4790733455E+1	1.7052406515E-3
3.0868851607E+0	1.7583255453E+1	1.6799188405E-3
3.0885524069E+0	2.2150501411E+1	1.6545689559E-3
3.0901942894E+0	2.8284762481E+1	1.6291914212E-3
3.0918107807E+0	3.5763955272E+1	1.6037866605E-3
3.0934018538E+0	4.4357554822E+1	1.5783550984E-3
3.0949674821E+0	5.3832092762E+1	1.5528971598E-3
3.0965076394E+0	6.3956135753E+1	1.5274132703E-3
3.0980223001E+0	7.4504684191E+1	1.5019038556E-3
3.0995114388E+0	8.5262954369E+1	1.4763693421E-3
3.1009750306E+0	9.6029528304E+1	1.4508101565E-3
3.1024130510E+0	1.0661887398E+2	1.4252267258E-3
3.1038254761E+0	1.1686325453E+2	1.3996194778E-3
3.1052122822E+0	1.2661405799E+2	1.3739888402E-3
3.1065734461E+0	1.3574258952E+2	1.3483352414E-3
3.1079089451E+0	1.4414037570E+2	1.3226591101E-3
3.1092187570E+0	1.5171903572E+2	1.2969608754E-3
3.1105028597E+0	1.5840977734E+2	1.2712409668E-3
3.1117612318E+0	1.6416257635E+2	1.2454998140E-3
3.1129938524E+0	1.6894509796E+2	1.2197378472E-3
3.1142007007E+0	1.7274141608E+2	1.1939554970E-3
3.1153817567E+0	1.7555058348E+2	1.1681531941E-3
3.1165370006E+0	1.7738510185E+2	1.1423313699E-3
3.1176664131E+0	1.7826933589E+2	1.1164904558E-3
3.1187699753E+0	1.7823791072E+2	1.0906308836E-3
3.1198476688E+0	1.7733412641E+2	1.0647530855E-3
3.1208994755E+0	1.7560841861E+2	1.0388574939E-3
3.1219253780E+0	1.7311688850E+2	1.0129445417E-3
3.1229253590E+0	1.6991992104E+2	9.8701466182E-4
3.1238994018E+0	1.6608090536E+2	9.6106828758E-4
3.1248474902E+0	1.6166506730E+2	9.3510585261E-4
3.1257696083E+0	1.5673842024E+2	9.0912779076E-4
3.1266657407E+0	1.5136683693E+2	8.8313453619E-4
3.1275358724E+0	1.4561524245E+2	8.5712652325E-4
3.1283799890E+0	1.3954692570E+2	8.3110418659E-4
3.1291980762E+0	1.3322296513E+2	8.0506796108E-4
3.1299901204E+0	1.2670176275E+2	7.7901828182E-4
3.1307561084E+0	1.2003867923E+2	7.5295558414E-4
3.1314960274E+0	1.1328576214E+2	7.2688030358E-4
3.1322098650E+0	1.0649155887E+2	7.0079287589E-4
3.1328976092E+0	9.9701005375E+1	6.7469373705E-4
3.1335592487E+0	9.2955381874E+1	6.4858332323E-4
3.1341947723E+0	8.6292326933E+1	6.2246207073E-4
3.1348041694E+0	7.9745901348E+1	5.9633041614E-4
3.1353874298E+0	7.3346693905E+1	5.7018879612E-4
3.1359445438E+0	6.7121961449E+1	5.4403764760E-4
3.1364755020E+0	6.1095796299E+1	5.1787740760E-4
3.1369802957E+0	5.5289314613E+1	4.9170851331E-4
3.1374589163E+0	4.9720859926E+1	4.6553140213E-4
3.1379113559E+0	4.4406216709E+1	4.3934651156E-4
3.1383376069E+0	3.9358829375E+1	4.1315427928E-4
3.1387376622E+0	3.4590022751E+1	3.8695514312E-4
3.1391115150E+0	3.0109220584E+1	3.6074954110E-4
3.1394591592E+0	2.5924159143E+1	3.3453791144E-4
3.1397805890E+0	2.2041093454E+1	3.0832069259E-4
3.1400757989E+0	1.8464994140E+1	2.8209832342E-4
3.1403447841E+0	1.5199733187E+1	2.5587124334E-4
3.1405875400E+0	1.2248257311E+1	2.2963989267E-4
3.1408040626E+0	9.6127478611E+0	2.0340471372E-4
3.1409943483E+0	7.2947664688E+0	1.7716615272E-4
3.1411583939E+0	5.2953857856E+0	1.5092466531E-4
3.1412961968E+0	3.6153048204E+0	1.2468073282E-4
3.1414077547E+0	2.2549482875E+0	9.8434919423E-5
3.1414930663E+0	1.2145485409E+0	7.2188137769E-5
3.1415521316E+0	4.9420198128E-1	4.5943520243E-5
3.1415849628E+0	9.3795772147E-2	1.9736940383E-5