# Differential cross section		
# Author: P. Swaczyna	Princeton University	(swaczyna@princeton.edu)
# Date: 	Wed 17 Feb 2021 15:25:12	
# 		
# Charge transfer collision: He^0 + He^+ -> He^+ + He^0		
# 		
# Red. mass: 	1.8640723202E+9	 eV/c^2
# CM energy: 	4.5185594437E-4	 eV
# Rel speed: 	2.0873934769E+4	 cm/s
# Tot sigma: 	N/A	 a.u.
# Int sigma: 	4.2038122496E+2	 a.u.
# 		
# Columns:		
# the <- scattering angle (rad)		
# dcs <- dsigma/dOmega*2*pi*sin(the) (a.u. = 2.8002852056E-17 cm^2)		
# wei <- weight for cross section integration (approx. width of angle bin)		
# 		
# the	dcs	wei
7.6907532846E-6	7.2158023444E-3	1.9736940383E-5
4.0521979771E-5	3.8019499148E-2	4.5943520243E-5
9.9587300392E-5	9.3437159680E-2	7.2188137769E-5
1.8489884726E-4	1.7348010420E-1	9.8434919423E-5
2.9645680168E-4	2.7814832699E-1	1.2468073282E-4
4.3425968311E-4	4.0744005685E-1	1.5092466531E-4
5.9830531657E-4	5.6135254298E-1	1.7716615272E-4
7.8859101285E-4	7.3988207391E-1	2.0340471372E-4
1.0051136166E-3	9.4302384362E-1	2.2963989267E-4
1.2478695220E-3	1.1707717593E+0	2.5587124334E-4
1.5168546797E-3	1.4231182113E+0	2.8209832342E-4
1.8120645986E-3	1.7000538119E+0	3.0832069259E-4
2.1334943481E-3	2.0015671043E+0	3.3453791144E-4
2.4811385584E-3	2.3276442422E+0	3.6074954110E-4
2.8549914211E-3	2.6782686426E+0	3.8695514312E-4
3.2550466893E-3	3.0534206086E+0	4.1315427928E-4
3.6812976783E-3	3.4530769263E+0	4.3934651156E-4
4.1337372652E-3	3.8772104327E+0	4.6553140213E-4
4.6123578895E-3	4.3257895566E+0	4.9170851331E-4
5.1171515529E-3	4.7987778330E+0	5.1787740760E-4
5.6481098199E-3	5.2961333895E+0	5.4403764760E-4
6.2052238176E-3	5.8178084076E+0	5.7018879612E-4
6.7884842360E-3	6.3637485562E+0	5.9633041614E-4
7.3978813281E-3	6.9338924005E+0	6.2246207073E-4
8.0334049101E-3	7.5281707854E+0	6.4858332323E-4
8.6950443616E-3	8.1465061931E+0	6.7469373705E-4
9.3827886258E-3	8.7888120773E+0	7.0079287589E-4
1.0096626210E-2	9.4549921736E+0	7.2688030358E-4
1.0836545184E-2	1.0144939785E+1	7.5295558414E-4
1.1602533184E-2	1.0858537050E+1	7.7901828182E-4
1.2394577408E-2	1.1595654179E+1	8.0506796108E-4
1.3212664621E-2	1.2356148684E+1	8.3110418659E-4
1.4056781152E-2	1.3139864574E+1	8.5712652325E-4
1.4926912893E-2	1.3946631542E+1	8.8313453619E-4
1.5823045305E-2	1.4776264131E+1	9.0912779076E-4
1.6745163410E-2	1.5628560879E+1	9.3510585261E-4
1.7693251801E-2	1.6503303455E+1	9.6106828758E-4
1.8667294632E-2	1.7400255779E+1	9.8701466182E-4
1.9667275626E-2	1.8319163127E+1	1.0129445417E-3
2.0693178073E-2	1.9259751228E+1	1.0388574939E-3
2.1744984827E-2	2.0221725348E+1	1.0647530855E-3
2.2822678313E-2	2.1204769374E+1	1.0906308836E-3
2.3926240519E-2	2.2208544882E+1	1.1164904558E-3
2.5055653005E-2	2.3232690209E+1	1.1423313699E-3
2.6210896896E-2	2.4276819523E+1	1.1681531941E-3
2.7391952886E-2	2.5340521889E+1	1.1939554970E-3
2.8598801239E-2	2.6423360342E+1	1.2197378472E-3
2.9831421786E-2	2.7524870966E+1	1.2454998140E-3
3.1089793929E-2	2.8644561980E+1	1.2712409668E-3
3.2373896638E-2	2.9781912836E+1	1.2969608754E-3
3.3683708455E-2	3.0936373330E+1	1.3226591101E-3
3.5019207490E-2	3.2107362731E+1	1.3483352414E-3
3.6380371427E-2	3.3294268931E+1	1.3739888402E-3
3.7767177517E-2	3.4496447618E+1	1.3996194778E-3
3.9179602586E-2	3.5713221476E+1	1.4252267258E-3
4.0617623030E-2	3.6943879419E+1	1.4508101565E-3
4.2081214817E-2	3.8187675854E+1	1.4763693421E-3
4.3570353490E-2	3.9443829986E+1	1.5019038556E-3
4.5085014162E-2	4.0711525168E+1	1.5274132703E-3
4.6625171522E-2	4.1989908294E+1	1.5528971598E-3
4.8190799831E-2	4.3278089243E+1	1.5783550984E-3
4.9781872927E-2	4.4575140383E+1	1.6037866605E-3
5.1398364219E-2	4.5880096127E+1	1.6291914212E-3
5.3040246694E-2	4.7191952566E+1	1.6545689559E-3
5.4707492914E-2	4.8509667155E+1	1.6799188405E-3
5.6400075017E-2	4.9832158491E+1	1.7052406515E-3
5.8117964718E-2	5.1158306155E+1	1.7305339655E-3
5.9861133308E-2	5.2486950647E+1	1.7557983600E-3
6.1629551657E-2	5.3816893407E+1	1.7810334128E-3
6.3423190212E-2	5.5146896931E+1	1.8062387021E-3
6.5242019000E-2	5.6475684985E+1	1.8314138067E-3
6.7086007624E-2	5.7801942926E+1	1.8565583060E-3
6.8955125270E-2	5.9124318127E+1	1.8816717796E-3
7.0849340702E-2	6.0441420524E+1	1.9067538080E-3
7.2768622264E-2	6.1751823274E+1	1.9318039720E-3
7.4712937885E-2	6.3054063549E+1	1.9568218529E-3
7.6682255070E-2	6.4346643445E+1	1.9818070327E-3
7.8676540910E-2	6.5628031037E+1	2.0067590939E-3
8.0695762079E-2	6.6896661568E+1	2.0316776194E-3
8.2739884832E-2	6.8150938780E+1	2.0565621928E-3
8.4808875009E-2	6.9389236398E+1	2.0814123983E-3
8.6902698034E-2	7.0609899758E+1	2.1062278206E-3
8.9021318917E-2	7.1811247598E+1	2.1310080450E-3
9.1164702253E-2	7.2991574006E+1	2.1557526574E-3
9.3332812224E-2	7.4149150527E+1	2.1804612443E-3
9.5525612596E-2	7.5282228439E+1	2.2051333928E-3
9.7743066726E-2	7.6389041200E+1	2.2297686905E-3
9.9985137556E-2	7.7467807058E+1	2.2543667257E-3
1.0225178762E-1	7.8516731840E+1	2.2789270875E-3
1.0454297904E-1	7.9534011911E+1	2.3034493653E-3
1.0685867352E-1	8.0517837311E+1	2.3279331494E-3
1.0919883237E-1	8.1466395058E+1	2.3523780306E-3
1.1156341648E-1	8.2377872641E+1	2.3767836004E-3
1.1395238633E-1	8.3250461670E+1	2.4011494510E-3
1.1636570200E-1	8.4082361708E+1	2.4254751751E-3
1.1880332317E-1	8.4871784274E+1	2.4497603662E-3
1.2126520909E-1	8.5616957006E+1	2.4740046186E-3
1.2375131862E-1	8.6316127993E+1	2.4982075270E-3
1.2626161023E-1	8.6967570265E+1	2.5223686871E-3
1.2879604195E-1	8.7569586436E+1	2.5464876949E-3
1.3135457143E-1	8.8120513498E+1	2.5705641475E-3
1.3393715592E-1	8.8618727751E+1	2.5945976426E-3
1.3654375226E-1	8.9062649870E+1	2.6185877784E-3
1.3917431689E-1	8.9450750097E+1	2.6425341541E-3
1.4182880585E-1	8.9781553544E+1	2.6664363695E-3
1.4450717478E-1	9.0053645606E+1	2.6902940251E-3
1.4720937892E-1	9.0265677461E+1	2.7141067224E-3
1.4993537310E-1	9.0416371656E+1	2.7378740632E-3
1.5268511179E-1	9.0504527752E+1	2.7615956505E-3
1.5545854902E-1	9.0529028031E+1	2.7852710878E-3
1.5825563845E-1	9.0488843228E+1	2.8088999795E-3
1.6107633333E-1	9.0383038295E+1	2.8324819307E-3
1.6392058653E-1	9.0210778155E+1	2.8560165473E-3
1.6678835052E-1	8.9971333451E+1	2.8795034361E-3
1.6967957737E-1	8.9664086251E+1	2.9029422044E-3
1.7259421876E-1	8.9288535696E+1	2.9263324607E-3
1.7553222599E-1	8.8844303581E+1	2.9496738141E-3
1.7849354996E-1	8.8331139822E+1	2.9729658744E-3
1.8147814117E-1	8.7748927807E+1	2.9962082525E-3
1.8448594977E-1	8.7097689598E+1	3.0194005599E-3
1.8751692548E-1	8.6377590964E+1	3.0425424091E-3
1.9057101764E-1	8.5588946208E+1	3.0656334132E-3
1.9364817522E-1	8.4732222780E+1	3.0886731866E-3
1.9674834681E-1	8.3808045633E+1	3.1116613440E-3
1.9987148058E-1	8.2817201308E+1	3.1345975014E-3
2.0301752435E-1	8.1760641705E+1	3.1574812755E-3
2.0618642554E-1	8.0639487530E+1	3.1803122838E-3
2.0937813120E-1	7.9455031380E+1	3.2030901448E-3
2.1259258799E-1	7.8208740436E+1	3.2258144779E-3
2.1582974219E-1	7.6902258743E+1	3.2484849032E-3
2.1908953970E-1	7.5537409044E+1	3.2711010421E-3
2.2237192605E-1	7.4116194147E+1	3.2936625164E-3
2.2567684639E-1	7.2640797788E+1	3.3161689492E-3
2.2900424548E-1	7.1113584973E+1	3.3386199643E-3
2.3235406772E-1	6.9537101770E+1	3.3610151867E-3
2.3572625713E-1	6.7914074520E+1	3.3833542419E-3
2.3912075735E-1	6.6247408462E+1	3.4056367567E-3
2.4253751167E-1	6.4540185722E+1	3.4278623588E-3
2.4597646298E-1	6.2795662670E+1	3.4500306767E-3
2.4943755380E-1	6.1017266614E+1	3.4721413399E-3
2.5292072631E-1	5.9208591812E+1	3.4941939790E-3
2.5642592230E-1	5.7373394789E+1	3.5161882254E-3
2.5995308318E-1	5.5515588948E+1	3.5381237115E-3
2.6350215001E-1	5.3639238461E+1	3.5600000709E-3
2.6707306349E-1	5.1748551427E+1	3.5818169379E-3
2.7066576394E-1	4.9847872300E+1	3.6035739479E-3
2.7428019131E-1	4.7941673573E+1	3.6252707373E-3
2.7791628522E-1	4.6034546724E+1	3.6469069436E-3
2.8157398488E-1	4.4131192430E+1	3.6684822051E-3
2.8525322919E-1	4.2236410043E+1	3.6899961614E-3
2.8895395665E-1	4.0355086348E+1	3.7114484529E-3
2.9267610542E-1	3.8492183608E+1	3.7328387211E-3
2.9641961330E-1	3.6652726925E+1	3.7541666086E-3
3.0018441773E-1	3.4841790922E+1	3.7754317588E-3
3.0397045579E-1	3.3064485773E+1	3.7966338166E-3
3.0777766421E-1	3.1325942627E+1	3.8177724274E-3
3.1160597938E-1	2.9631298431E+1	3.8388472382E-3
3.1545533730E-1	2.7985680208E+1	3.8598578967E-3
3.1932567367E-1	2.6394188822E+1	3.8808040517E-3
3.2321692379E-1	2.4861882280E+1	3.9016853533E-3
3.2712902264E-1	2.3393758615E+1	3.9225014525E-3
3.3106190484E-1	2.1994738402E+1	3.9432520014E-3
3.3501550468E-1	2.0669646968E+1	3.9639366533E-3
3.3898975607E-1	1.9423196359E+1	3.9845550624E-3
3.4298459261E-1	1.8259967117E+1	4.0051068843E-3
3.4699994753E-1	1.7184389954E+1	4.0255917754E-3
3.5103575373E-1	1.6200727372E+1	4.0460093936E-3
3.5509194378E-1	1.5313055327E+1	4.0663593974E-3
3.5916844988E-1	1.4525245001E+1	4.0866414469E-3
3.6326520391E-1	1.3840944765E+1	4.1068552032E-3
3.6738213741E-1	1.3263562431E+1	4.1270003283E-3
3.7151918157E-1	1.2796247851E+1	4.1470764858E-3
3.7567626728E-1	1.2441875984E+1	4.1670833400E-3
3.7985332504E-1	1.2203030498E+1	4.1870205567E-3
3.8405028507E-1	1.2081988008E+1	4.2068878026E-3
3.8826707721E-1	1.2080703037E+1	4.2266847457E-3
3.9250363101E-1	1.2200793803E+1	4.2464110553E-3
3.9675987567E-1	1.2443528907E+1	4.2660664016E-3
4.0103574005E-1	1.2809815033E+1	4.2856504563E-3
4.0533115271E-1	1.3300185731E+1	4.3051628919E-3
4.0964604185E-1	1.3914791394E+1	4.3246033825E-3
4.1398033538E-1	1.4653390494E+1	4.3439716031E-3
4.1833396086E-1	1.5515342175E+1	4.3632672302E-3
4.2270684554E-1	1.6499600284E+1	4.3824899412E-3
4.2709891633E-1	1.7604708903E+1	4.4016394148E-3
4.3151009985E-1	1.8828799476E+1	4.4207153312E-3
4.3594032237E-1	2.0169589576E+1	4.4397173715E-3
4.4038950986E-1	2.1624383388E+1	4.4586452181E-3
4.4485758797E-1	2.3190073960E+1	4.4774985548E-3
4.4934448203E-1	2.4863147268E+1	4.4962770664E-3
4.5385011706E-1	2.6639688135E+1	4.5149804392E-3
4.5837441776E-1	2.8515388041E+1	4.5336083606E-3
4.6291730852E-1	3.0485554847E+1	4.5521605193E-3
4.6747871344E-1	3.2545124441E+1	4.5706366053E-3
4.7205855627E-1	3.4688674329E+1	4.5890363098E-3
4.7665676049E-1	3.6910439143E+1	4.6073593254E-3
4.8127324926E-1	3.9204328071E+1	4.6256053458E-3
4.8590794542E-1	4.1563944176E+1	4.6437740661E-3
4.9056077152E-1	4.3982605564E+1	4.6618651826E-3
4.9523164982E-1	4.6453368364E+1	4.6798783932E-3
4.9992050224E-1	4.8969051441E+1	4.6978133967E-3
5.0462725044E-1	5.1522262799E+1	4.7156698934E-3
5.0935181576E-1	5.4105427565E+1	4.7334475849E-3
5.1409411924E-1	5.6710817474E+1	4.7511461741E-3
5.1885408164E-1	5.9330581742E+1	4.7687653653E-3
5.2363162341E-1	6.1956779222E+1	4.7863048641E-3
5.2842666471E-1	6.4581411693E+1	4.8037643772E-3
5.3323912540E-1	6.7196458164E+1	4.8211436130E-3
5.3806892508E-1	6.9793910020E+1	4.8384422809E-3
5.4291598301E-1	7.2365806880E+1	4.8556600920E-3
5.4778021821E-1	7.4904272960E+1	4.8727967585E-3
5.5266154939E-1	7.7401553792E+1	4.8898519940E-3
5.5755989496E-1	7.9850053096E+1	4.9068255135E-3
5.6247517308E-1	8.2242369616E+1	4.9237170334E-3
5.6740730160E-1	8.4571333718E+1	4.9405262713E-3
5.7235619810E-1	8.6830043538E+1	4.9572529464E-3
5.7732177988E-1	8.9011900478E+1	4.9738967791E-3
5.8230396395E-1	9.1110643830E+1	4.9904574913E-3
5.8730266706E-1	9.3120384312E+1	5.0069348063E-3
5.9231780568E-1	9.5035636295E+1	5.0233284486E-3
5.9734929598E-1	9.6851348515E+1	5.0396381444E-3
6.0239705389E-1	9.8562933036E+1	5.0558636210E-3
6.0746099506E-1	1.0016629228E+2	5.0720046074E-3
6.1254103485E-1	1.0165784387E+2	5.0880608338E-3
6.1763708838E-1	1.0303454315E+2	5.1040320318E-3
6.2274907048E-1	1.0429390314E+2	5.1199179345E-3
6.2787689573E-1	1.0543401173E+2	5.1357182766E-3
6.3302047843E-1	1.0645354599E+2	5.1514327939E-3
6.3817973262E-1	1.0735178341E+2	5.1670612238E-3
6.4335457209E-1	1.0812860991E+2	5.1826033052E-3
6.4854491036E-1	1.0878452448E+2	5.1980587783E-3
6.5375066070E-1	1.0932064041E+2	5.2134273849E-3
6.5897173609E-1	1.0973868286E+2	5.2287088681E-3
6.6420804930E-1	1.1004098290E+2	5.2439029725E-3
6.6945951283E-1	1.1023046773E+2	5.2590094442E-3
6.7472603890E-1	1.1031064726E+2	5.2740280309E-3
6.8000753951E-1	1.1028559687E+2	5.2889584814E-3
6.8530392640E-1	1.1015993645E+2	5.3038005463E-3
6.9061511106E-1	1.0993880570E+2	5.3185539776E-3
6.9594100473E-1	1.0962783585E+2	5.3332185287E-3
7.0128151841E-1	1.0923311774E+2	5.3477939546E-3
7.0663656285E-1	1.0876116644E+2	5.3622800116E-3
7.1200604856E-1	1.0821888261E+2	5.3766764577E-3
7.1738988581E-1	1.0761351062E+2	5.3909830523E-3
7.2278798463E-1	1.0695259375E+2	5.4051995564E-3
7.2820025482E-1	1.0624392662E+2	5.4193257323E-3
7.3362660591E-1	1.0549550506E+2	5.4333613439E-3
7.3906694724E-1	1.0471547375E+2	5.4473061568E-3
7.4452118788E-1	1.0391207187E+2	5.4611599379E-3
7.4998923669E-1	1.0309357710E+2	5.4749224557E-3
7.5547100229E-1	1.0226824824E+2	5.4885934801E-3
7.6096639308E-1	1.0144426681E+2	5.5021727828E-3
7.6647531721E-1	1.0062967811E+2	5.5156601367E-3
7.7199768263E-1	9.9832331956E+1	5.5290553166E-3
7.7753339704E-1	9.9059823507E+1	5.5423580985E-3
7.8308236795E-1	9.8319434744E+1	5.5555682601E-3
7.8864450262E-1	9.7618076821E+1	5.5686855808E-3
7.9421970809E-1	9.6962233805E+1	5.5817098412E-3
7.9980789121E-1	9.6357908215E+1	5.5946408237E-3
8.0540895857E-1	9.5810568774E+1	5.6074783123E-3
8.1102281659E-1	9.5325100782E+1	5.6202220924E-3
8.1664937145E-1	9.4905759553E+1	5.6328719509E-3
8.2228852912E-1	9.4556127296E+1	5.6454276767E-3
8.2794019536E-1	9.4279073843E+1	5.6578890597E-3
8.3360427572E-1	9.4076721610E+1	5.6702558918E-3
8.3928067556E-1	9.3950415141E+1	5.6825279663E-3
8.4496930000E-1	9.3900695582E+1	5.6947050782E-3
8.5067005399E-1	9.3927280400E+1	5.7067870238E-3
8.5638284226E-1	9.4029048637E+1	5.7187736014E-3
8.6210756934E-1	9.4204031956E+1	5.7306646105E-3
8.6784413956E-1	9.4449411703E+1	5.7424598526E-3
8.7359245705E-1	9.4761522185E+1	5.7541591304E-3
8.7935242576E-1	9.5135860303E+1	5.7657622485E-3
8.8512394943E-1	9.5567101667E+1	5.7772690129E-3
8.9090693161E-1	9.6049123247E+1	5.7886792314E-3
8.9670127565E-1	9.6575032606E+1	5.7999927133E-3
9.0250688473E-1	9.7137203672E+1	5.8112092696E-3
9.0832366182E-1	9.7727319004E+1	5.8223287127E-3
9.1415150972E-1	9.8336418425E+1	5.8333508568E-3
9.1999033104E-1	9.8954953860E+1	5.8442755178E-3
9.2584002820E-1	9.9572850176E+1	5.8551025132E-3
9.3170050345E-1	1.0017957175E+2	5.8658316618E-3
9.3757165885E-1	1.0076419448E+2	5.8764627846E-3
9.4345339628E-1	1.0131548283E+2	5.8869957037E-3
9.4934561746E-1	1.0182197159E+2	5.8974302433E-3
9.5524822392E-1	1.0227205185E+2	5.9077662288E-3
9.6116111701E-1	1.0265406065E+2	5.9180034877E-3
9.6708419793E-1	1.0295637391E+2	5.9281418487E-3
9.7301736769E-1	1.0316750192E+2	5.9381811425E-3
9.7896052713E-1	1.0327618695E+2	5.9481212013E-3
9.8491357695E-1	1.0327150212E+2	5.9579618591E-3
9.9087641766E-1	1.0314295116E+2	5.9677029512E-3
9.9684894961E-1	1.0288056807E+2	5.9773443150E-3
1.0028310730E+0	1.0247501620E+2	5.9868857894E-3
1.0088226878E+0	1.0191768596E+2	5.9963272149E-3
1.0148236940E+0	1.0120079034E+2	6.0056684336E-3
1.0208339913E+0	1.0031745765E+2	6.0149092896E-3
1.0268534791E+0	9.9261820656E+1	6.0240496283E-3
1.0328820570E+0	9.8029101364E+1	6.0330892971E-3
1.0389196241E+0	9.6615690822E+1	6.0420281448E-3
1.0449660796E+0	9.5019223139E+1	6.0508660221E-3
1.0510213224E+0	9.3238643104E+1	6.0596027814E-3
1.0570852514E+0	9.1274266713E+1	6.0682382765E-3
1.0631577652E+0	8.9127834007E+1	6.0767723631E-3
1.0692387623E+0	8.6802553623E+1	6.0852048988E-3
1.0753281411E+0	8.4303138520E+1	6.0935357425E-3
1.0814257998E+0	8.1635832393E+1	6.1017647550E-3
1.0875316366E+0	7.8808426328E+1	6.1098917988E-3
1.0936455494E+0	7.5830265324E+1	6.1179167381E-3
1.0997674360E+0	7.2712244358E+1	6.1258394388E-3
1.1058971941E+0	6.9466793736E+1	6.1336597685E-3
1.1120347214E+0	6.6107853550E+1	6.1413775965E-3
1.1181799151E+0	6.2650837125E+1	6.1489927938E-3
1.1243326727E+0	5.9112583413E+1	6.1565052331E-3
1.1304928913E+0	5.5511298375E+1	6.1639147890E-3
1.1366604679E+0	5.1866485463E+1	6.1712213376E-3
1.1428352996E+0	4.8198865399E+1	6.1784247568E-3
1.1490172830E+0	4.4530285519E+1	6.1855249261E-3
1.1552063150E+0	4.0883619034E+1	6.1925217271E-3
1.1614022920E+0	3.7282654637E+1	6.1994150427E-3
1.1676051105E+0	3.3751976971E+1	6.2062047577E-3
1.1738146669E+0	3.0316838523E+1	6.2128907587E-3
1.1800308574E+0	2.7003023604E+1	6.2194729339E-3
1.1862535782E+0	2.3836705149E+1	6.2259511734E-3
1.1924827251E+0	2.0844295097E+1	6.2323253688E-3
1.1987181942E+0	1.8052289225E+1	6.2385954138E-3
1.2049598812E+0	1.5487107322E+1	6.2447612034E-3
1.2112076818E+0	1.3174929672E+1	6.2508226346E-3
1.2174614916E+0	1.1141530821E+1	6.2567796062E-3
1.2237212062E+0	9.4121116987E+0	6.2626320186E-3
1.2299867208E+0	8.0111311323E+0	6.2683797740E-3
1.2362579308E+0	6.9621378655E+0	6.2740227763E-3
1.2425347314E+0	6.2876041870E+0	6.2795609313E-3
1.2488170177E+0	6.0087622907E+0	6.2849941464E-3
1.2551046847E+0	6.1454444894E+0	6.2903223308E-3
1.2613976273E+0	6.7159284011E+0	6.2955453954E-3
1.2676957404E+0	7.7367882092E+0	6.3006632530E-3
1.2739989187E+0	9.2227530783E+0	6.3056758180E-3
1.2803070569E+0	1.1186573776E+1	6.3105830068E-3
1.2866200496E+0	1.3638898517E+1	6.3153847371E-3
1.2929377912E+0	1.6588158989E+1	6.3200809290E-3
1.2992601762E+0	2.0040467483E+1	6.3246715037E-3
1.3055870990E+0	2.3999525984E+1	6.3291563847E-3
1.3119184537E+0	2.8466547989E+1	6.3335354970E-3
1.3182541347E+0	3.3440193795E+1	6.3378087674E-3
1.3245940360E+0	3.8916519863E+1	6.3419761245E-3
1.3309380516E+0	4.4888942819E+1	6.3460374987E-3
1.3372860756E+0	5.1348218553E+1	6.3499928220E-3
1.3436380019E+0	5.8282436760E+1	6.3538420284E-3
1.3499937243E+0	6.5677031211E+1	6.3575850535E-3
1.3563531366E+0	7.3514805901E+1	6.3612218349E-3
1.3627161325E+0	8.1775977134E+1	6.3647523117E-3
1.3690826057E+0	9.0438231508E+1	6.3681764249E-3
1.3754524499E+0	9.9476799641E+1	6.3714941173E-3
1.3818255585E+0	1.0886454538E+2	6.3747053335E-3
1.3882018250E+0	1.1857207014E+2	6.3778100198E-3
1.3945811430E+0	1.2856783186E+2	6.3808081243E-3
1.4009634057E+0	1.3881827813E+2	6.3836995970E-3
1.4073485066E+0	1.4928799262E+2	6.3864843894E-3
1.4137363389E+0	1.5993985426E+2	6.3891624551E-3
1.4201267959E+0	1.7073520818E+2	6.3917337493E-3
1.4265197708E+0	1.8163404752E+2	6.3941982290E-3
1.4329151568E+0	1.9259520511E+2	6.3965558531E-3
1.4393128469E+0	2.0357655391E+2	6.3988065821E-3
1.4457127343E+0	2.1453521501E+2	6.4009503785E-3
1.4521147120E+0	2.2542777212E+2	6.4029872063E-3
1.4585186731E+0	2.3621049111E+2	6.4049170317E-3
1.4649245104E+0	2.4683954344E+2	6.4067398222E-3
1.4713321170E+0	2.5727123206E+2	6.4084555476E-3
1.4777413858E+0	2.6746221843E+2	6.4100641790E-3
1.4841522097E+0	2.7736974940E+2	6.4115656896E-3
1.4905644815E+0	2.8695188232E+2	6.4129600544E-3
1.4969780940E+0	2.9616770736E+2	6.4142472499E-3
1.5033929402E+0	3.0497756528E+2	6.4154272548E-3
1.5098089128E+0	3.1334325970E+2	6.4165000493E-3
1.5162259046E+0	3.2122826230E+2	6.4174656154E-3
1.5226438083E+0	3.2859790977E+2	6.4183239370E-3
1.5290625167E+0	3.3541959135E+2	6.4190749998E-3
1.5354819225E+0	3.4166292573E+2	6.4197187912E-3
1.5419019185E+0	3.4729992634E+2	6.4202553005E-3
1.5483223974E+0	3.5230515380E+2	6.4206845187E-3
1.5547432518E+0	3.5665585490E+2	6.4210064386E-3
1.5611643745E+0	3.6033208705E+2	6.4212210549E-3
1.5675856581E+0	3.6331682745E+2	6.4213283639E-3
1.5740069954E+0	3.6559606654E+2	6.4213283639E-3
1.5804282791E+0	3.6715888492E+2	6.4212210549E-3
1.5868494018E+0	3.6799751344E+2	6.4210064386E-3
1.5932702562E+0	3.6810737622E+2	6.4206845187E-3
1.5996907351E+0	3.6748711606E+2	6.4202553005E-3
1.6061107310E+0	3.6613860254E+2	6.4197187912E-3
1.6125301369E+0	3.6406692250E+2	6.4190749998E-3
1.6189488453E+0	3.6128035312E+2	6.4183239370E-3
1.6253667490E+0	3.5779031787E+2	6.4174656154E-3
1.6317837408E+0	3.5361132561E+2	6.4165000493E-3
1.6381997134E+0	3.4876089326E+2	6.4154272548E-3
1.6446145595E+0	3.4325945263E+2	6.4142472499E-3
1.6510281721E+0	3.3713024203E+2	6.4129600544E-3
1.6574404439E+0	3.3039918336E+2	6.4115656896E-3
1.6638512678E+0	3.2309474550E+2	6.4100641790E-3
1.6702605366E+0	3.1524779498E+2	6.4084555476E-3
1.6766681432E+0	3.0689143479E+2	6.4067398222E-3
1.6830739805E+0	2.9806083238E+2	6.4049170317E-3
1.6894779416E+0	2.8879303804E+2	6.4029872063E-3
1.6958799193E+0	2.7912679467E+2	6.4009503785E-3
1.7022798067E+0	2.6910234028E+2	6.3988065821E-3
1.7086774968E+0	2.5876120425E+2	6.3965558531E-3
1.7150728827E+0	2.4814599884E+2	6.3941982290E-3
1.7214658576E+0	2.3730020694E+2	6.3917337493E-3
1.7278563146E+0	2.2626796758E+2	6.3891624551E-3
1.7342441470E+0	2.1509386031E+2	6.3864843894E-3
1.7406292478E+0	2.0382268976E+2	6.3836995970E-3
1.7470115106E+0	1.9249927164E+2	6.3808081243E-3
1.7533908286E+0	1.8116822141E+2	6.3778100198E-3
1.7597670951E+0	1.6987374666E+2	6.3747053335E-3
1.7661402037E+0	1.5865944462E+2	6.3714941173E-3
1.7725100479E+0	1.4756810557E+2	6.3681764249E-3
1.7788765211E+0	1.3664152342E+2	6.3647523117E-3
1.7852395170E+0	1.2592031433E+2	6.3612218349E-3
1.7915989293E+0	1.1544374434E+2	6.3575850535E-3
1.7979546517E+0	1.0524956670E+2	6.3538420284E-3
1.8043065780E+0	9.5373869891E+1	6.3499928220E-3
1.8106546020E+0	8.5850936793E+1	6.3460374987E-3
1.8169986176E+0	7.6713115722E+1	6.3419761245E-3
1.8233385189E+0	6.7990703800E+1	6.3378087674E-3
1.8296741999E+0	5.9711843083E+1	6.3335354970E-3
1.8360055546E+0	5.1902429776E+1	6.3291563847E-3
1.8423324774E+0	4.4586036779E+1	6.3246715037E-3
1.8486548624E+0	3.7783849718E+1	6.3200809290E-3
1.8549726040E+0	3.1514616512E+1	6.3153847371E-3
1.8612855967E+0	2.5794610469E+1	6.3105830068E-3
1.8675937349E+0	2.0637606784E+1	6.3056758180E-3
1.8738969132E+0	1.6054872271E+1	6.3006632530E-3
1.8801950263E+0	1.2055168033E+1	6.2955453954E-3
1.8864879689E+0	8.6447647508E+0	6.2903223308E-3
1.8927756359E+0	5.8274701502E+0	6.2849941464E-3
1.8990579222E+0	3.6046681908E+0	6.2795609313E-3
1.9053347228E+0	1.9753694115E+0	6.2740227763E-3
1.9116059328E+0	9.3627184609E-1	6.2683797740E-3
1.9178714474E+0	4.8183185354E-1	6.2626320186E-3
1.9241311620E+0	6.0434417161E-1	6.2567796062E-3
1.9303849718E+0	1.2940304592E+0	6.2508226346E-3
1.9366327724E+0	2.5391355632E+0	6.2447612034E-3
1.9428744594E+0	4.3260307186E+0	6.2385954138E-3
1.9491099285E+0	6.6393228709E+0	6.2323253688E-3
1.9553390754E+0	9.4619692965E+0	6.2259511734E-3
1.9615617961E+0	1.2775396689E+1	6.2194729339E-3
1.9677779867E+0	1.6559623878E+1	6.2128907587E-3
1.9739875431E+0	2.0793387354E+1	6.2062047577E-3
1.9801903616E+0	2.5454268775E+1	6.1994150427E-3
1.9863863386E+0	3.0518823665E+1	6.1925217271E-3
1.9925753706E+0	3.5962710503E+1	6.1855249261E-3
1.9987573540E+0	4.1760819469E+1	6.1784247568E-3
2.0049321857E+0	4.7887400102E+1	6.1712213376E-3
2.0110997623E+0	5.4316187192E+1	6.1639147890E-3
2.0172599809E+0	6.1020524247E+1	6.1565052331E-3
2.0234127385E+0	6.7973483923E+1	6.1489927938E-3
2.0295579322E+0	7.5147984853E+1	6.1413775965E-3
2.0356954595E+0	8.2516904349E+1	6.1336597685E-3
2.0418252176E+0	9.0053186520E+1	6.1258394388E-3
2.0479471042E+0	9.7729945358E+1	6.1179167381E-3
2.0540610170E+0	1.0552056246E+2	6.1098917988E-3
2.0601668538E+0	1.1339877901E+2	6.1017647550E-3
2.0662645125E+0	1.2133878188E+2	6.0935357425E-3
2.0723538913E+0	1.2931528343E+2	6.0852048988E-3
2.0784348884E+0	1.3730359508E+2	6.0767723631E-3
2.0845074022E+0	1.4527969439E+2	6.0682382765E-3
2.0905713312E+0	1.5322028560E+2	6.0596027814E-3
2.0966265740E+0	1.6110285378E+2	6.0508660221E-3
2.1026730295E+0	1.6890571232E+2	6.0420281448E-3
2.1087105966E+0	1.7660804418E+2	6.0330892971E-3
2.1147391745E+0	1.8418993676E+2	6.0240496283E-3
2.1207586623E+0	1.9163241071E+2	6.0149092896E-3
2.1267689596E+0	1.9891744277E+2	6.0056684336E-3
2.1327699657E+0	2.0602798293E+2	5.9963272149E-3
2.1387615806E+0	2.1294796617E+2	5.9868857894E-3
2.1447437040E+0	2.1966231898E+2	5.9773443150E-3
2.1507162359E+0	2.2615696110E+2	5.9677029512E-3
2.1566790766E+0	2.3241880270E+2	5.9579618591E-3
2.1626321265E+0	2.3843573733E+2	5.9481212013E-3
2.1685752859E+0	2.4419663109E+2	5.9381811425E-3
2.1745084557E+0	2.4969130830E+2	5.9281418487E-3
2.1804315366E+0	2.5491053405E+2	5.9180034877E-3
2.1863444297E+0	2.5984599398E+2	5.9077662288E-3
2.1922470361E+0	2.6449027175E+2	5.8974302433E-3
2.1981392573E+0	2.6883682440E+2	5.8869957037E-3
2.2040209947E+0	2.7287995610E+2	5.8764627846E-3
2.2098921501E+0	2.7661479059E+2	5.8658316618E-3
2.2157526254E+0	2.8003724254E+2	5.8551025132E-3
2.2216023226E+0	2.8314398836E+2	5.8442755178E-3
2.2274411439E+0	2.8593243654E+2	5.8333508568E-3
2.2332689918E+0	2.8840069793E+2	5.8223287127E-3
2.2390857689E+0	2.9054755620E+2	5.8112092696E-3
2.2448913779E+0	2.9237243871E+2	5.7999927133E-3
2.2506857220E+0	2.9387538797E+2	5.7886792314E-3
2.2564687042E+0	2.9505703398E+2	5.7772690129E-3
2.2622402278E+0	2.9591856752E+2	5.7657622485E-3
2.2680001965E+0	2.9646171459E+2	5.7541591304E-3
2.2737485140E+0	2.9668871213E+2	5.7424598526E-3
2.2794850843E+0	2.9660228508E+2	5.7306646105E-3
2.2852098113E+0	2.9620562485E+2	5.7187736014E-3
2.2909225996E+0	2.9550236935E+2	5.7067870238E-3
2.2966233536E+0	2.9449658442E+2	5.6947050782E-3
2.3023119780E+0	2.9319274686E+2	5.6825279663E-3
2.3079883779E+0	2.9159572893E+2	5.6702558918E-3
2.3136524582E+0	2.8971078430E+2	5.6578890597E-3
2.3193041245E+0	2.8754353542E+2	5.6454276767E-3
2.3249432821E+0	2.8509996222E+2	5.6328719509E-3
2.3305698370E+0	2.8238639210E+2	5.6202220924E-3
2.3361836950E+0	2.7940949098E+2	5.6074783123E-3
2.3417847624E+0	2.7617625547E+2	5.5946408237E-3
2.3473729455E+0	2.7269400594E+2	5.5817098412E-3
2.3529481510E+0	2.6897038031E+2	5.5686855808E-3
2.3585102856E+0	2.6501332860E+2	5.5555682601E-3
2.3640592565E+0	2.6083110784E+2	5.5423580985E-3
2.3695949710E+0	2.5643227744E+2	5.5290553166E-3
2.3751173364E+0	2.5182569469E+2	5.5156601367E-3
2.3806262605E+0	2.4702051041E+2	5.5021727828E-3
2.3861216513E+0	2.4202616434E+2	5.4885934801E-3
2.3916034169E+0	2.3685238051E+2	5.4749224557E-3
2.3970714657E+0	2.3150916199E+2	5.4611599379E-3
2.4025257064E+0	2.2600678536E+2	5.4473061568E-3
2.4079660477E+0	2.2035579437E+2	5.4333613439E-3
2.4133923988E+0	2.1456699290E+2	5.4193257323E-3
2.4188046690E+0	2.0865143709E+2	5.4051995564E-3
2.4242027678E+0	2.0262042645E+2	5.3909830523E-3
2.4295866050E+0	1.9648549394E+2	5.3766764577E-3
2.4349560907E+0	1.9025839492E+2	5.3622800116E-3
2.4403111352E+0	1.8395109494E+2	5.3477939546E-3
2.4456516489E+0	1.7757575621E+2	5.3332185287E-3
2.4509775425E+0	1.7114472289E+2	5.3185539776E-3
2.4562887272E+0	1.6467050499E+2	5.3038005463E-3
2.4615851141E+0	1.5816576104E+2	5.2889584814E-3
2.4668666147E+0	1.5164327940E+2	5.2740280309E-3
2.4721331408E+0	1.4511595827E+2	5.2590094442E-3
2.4773846043E+0	1.3859678452E+2	5.2439029725E-3
2.4826209175E+0	1.3209881116E+2	5.2287088681E-3
2.4878419929E+0	1.2563513380E+2	5.2134273849E-3
2.4930477432E+0	1.1921886590E+2	5.1980587783E-3
2.4982380815E+0	1.1286311305E+2	5.1826033052E-3
2.5034129210E+0	1.0658094631E+2	5.1670612238E-3
2.5085721752E+0	1.0038537465E+2	5.1514327939E-3
2.5137157579E+0	9.4289316766E+1	5.1357182766E-3
2.5188435831E+0	8.8305572188E+1	5.1199179345E-3
2.5239555652E+0	8.2446791900E+1	5.1040320318E-3
2.5290516187E+0	7.6725448600E+1	5.0880608338E-3
2.5341316585E+0	7.1153806701E+1	5.0720046074E-3
2.5391955997E+0	6.5743892215E+1	5.0558636210E-3
2.5442433576E+0	6.0507462659E+1	5.0396381444E-3
2.5492748479E+0	5.5455977121E+1	5.0233284486E-3
2.5542899865E+0	5.0600566620E+1	5.0069348063E-3
2.5592886896E+0	4.5952004904E+1	4.9904574913E-3
2.5642708737E+0	4.1520679822E+1	4.9738967791E-3
2.5692364555E+0	3.7316565398E+1	4.9572529464E-3
2.5741853520E+0	3.3349194753E+1	4.9405262713E-3
2.5791174805E+0	2.9627633993E+1	4.9237170334E-3
2.5840327586E+0	2.6160457187E+1	4.9068255135E-3
2.5889311042E+0	2.2955722557E+1	4.8898519940E-3
2.5938124354E+0	2.0020949997E+1	4.8727967585E-3
2.5986766706E+0	1.7363100008E+1	4.8556600920E-3
2.6035237285E+0	1.4988554176E+1	4.8384422809E-3
2.6083535282E+0	1.2903097253E+1	4.8211436130E-3
2.6131659889E+0	1.1111900945E+1	4.8037643772E-3
2.6179610302E+0	9.6195094732E+0	4.7863048641E-3
2.6227385719E+0	8.4298269703E+0	4.7687653653E-3
2.6274985343E+0	7.5461067678E+0	4.7511461741E-3
2.6322408378E+0	6.9709426248E+0	4.7334475849E-3
2.6369654032E+0	6.7062619300E+0	4.7156698934E-3
2.6416721513E+0	6.7533209034E+0	4.6978133967E-3
2.6463610038E+0	7.1127018173E+0	4.6798783932E-3
2.6510318821E+0	7.7843122412E+0	4.6618651826E-3
2.6556847082E+0	8.7673863091E+0	4.6437740661E-3
2.6603194043E+0	1.0060487999E+1	4.6256053458E-3
2.6649358931E+0	1.1661516403E+1	4.6073593254E-3
2.6695340973E+0	1.3567712955E+1	4.5890363098E-3
2.6741139402E+0	1.5775670589E+1	4.5706366053E-3
2.6786753451E+0	1.8281344765E+1	4.5521605193E-3
2.6832182358E+0	2.1080066327E+1	4.5336083606E-3
2.6877425365E+0	2.4166556115E+1	4.5149804392E-3
2.6922481716E+0	2.7534941279E+1	4.4962770664E-3
2.6967350656E+0	3.1178773208E+1	4.4774985548E-3
2.7012031437E+0	3.5091046998E+1	4.4586452181E-3
2.7056523312E+0	3.9264222375E+1	4.4397173715E-3
2.7100825537E+0	4.3690245983E+1	4.4207153312E-3
2.7144937373E+0	4.8360574943E+1	4.4016394148E-3
2.7188858081E+0	5.3266201571E+1	4.3824899412E-3
2.7232586927E+0	5.8397679184E+1	4.3632672302E-3
2.7276123182E+0	6.3745148850E+1	4.3439716031E-3
2.7319466117E+0	6.9298367019E+1	4.3246033825E-3
2.7362615009E+0	7.5046733886E+1	4.3051628919E-3
2.7405569135E+0	8.0979322412E+1	4.2856504563E-3
2.7448327779E+0	8.7084907869E+1	4.2660664016E-3
2.7490890226E+0	9.3351997822E+1	4.2464110553E-3
2.7533255764E+0	9.9768862419E+1	4.2266847457E-3
2.7575423685E+0	1.0632356490E+2	4.2068878026E-3
2.7617393285E+0	1.1300399221E+2	4.1870205567E-3
2.7659163863E+0	1.1979788560E+2	4.1670833400E-3
2.7700734720E+0	1.2669287118E+2	4.1470764858E-3
2.7742105162E+0	1.3367649018E+2	4.1270003283E-3
2.7783274497E+0	1.4073622905E+2	4.1068552032E-3
2.7824242037E+0	1.4785954906E+2	4.0866414469E-3
2.7865007098E+0	1.5503391548E+2	4.0663593974E-3
2.7905568999E+0	1.6224682624E+2	4.0460093936E-3
2.7945927061E+0	1.6948583988E+2	4.0255917754E-3
2.7986080610E+0	1.7673860287E+2	4.0051068843E-3
2.8026028975E+0	1.8399287608E+2	3.9845550624E-3
2.8065771489E+0	1.9123656047E+2	3.9639366533E-3
2.8105307487E+0	1.9845772184E+2	3.9432520014E-3
2.8144636309E+0	2.0564461464E+2	3.9225014525E-3
2.8183757298E+0	2.1278570475E+2	3.9016853533E-3
2.8222669799E+0	2.1986969123E+2	3.8808040517E-3
2.8261373163E+0	2.2688552693E+2	3.8598578967E-3
2.8299866742E+0	2.3382243807E+2	3.8388472382E-3
2.8338149894E+0	2.4066994253E+2	3.8177724274E-3
2.8376221978E+0	2.4741786706E+2	3.7966338166E-3
2.8414082359E+0	2.5405636324E+2	3.7754317588E-3
2.8451730403E+0	2.6057592222E+2	3.7541666086E-3
2.8489165482E+0	2.6696738829E+2	3.7328387211E-3
2.8526386969E+0	2.7322197112E+2	3.7114484529E-3
2.8563394244E+0	2.7933125682E+2	3.6899961614E-3
2.8600186687E+0	2.8528721781E+2	3.6684822051E-3
2.8636763684E+0	2.9108222139E+2	3.6469069436E-3
2.8673124623E+0	2.9670903714E+2	3.6252707373E-3
2.8709268897E+0	3.0216084312E+2	3.6035739479E-3
2.8745195901E+0	3.0743123089E+2	3.5818169379E-3
2.8780905036E+0	3.1251420935E+2	3.5600000709E-3
2.8816395704E+0	3.1740420751E+2	3.5381237115E-3
2.8851667313E+0	3.2209607609E+2	3.5161882254E-3
2.8886719273E+0	3.2658508811E+2	3.4941939790E-3
2.8921550998E+0	3.3086693837E+2	3.4721413399E-3
2.8956161906E+0	3.3493774202E+2	3.4500306767E-3
2.8990551419E+0	3.3879403207E+2	3.4278623588E-3
2.9024718962E+0	3.4243275604E+2	3.4056367567E-3
2.9058663965E+0	3.4585127171E+2	3.3833542419E-3
2.9092385859E+0	3.4904734202E+2	3.3610151867E-3
2.9125884081E+0	3.5201912916E+2	3.3386199643E-3
2.9159158072E+0	3.5476518792E+2	3.3161689492E-3
2.9192207275E+0	3.5728445834E+2	3.2936625164E-3
2.9225031139E+0	3.5957625770E+2	3.2711010421E-3
2.9257629114E+0	3.6164027183E+2	3.2484849032E-3
2.9290000656E+0	3.6347654593E+2	3.2258144779E-3
2.9322145224E+0	3.6508547480E+2	3.2030901448E-3
2.9354062280E+0	3.6646779265E+2	3.1803122838E-3
2.9385751292E+0	3.6762456242E+2	3.1574812755E-3
2.9417211730E+0	3.6855716470E+2	3.1345975014E-3
2.9448443068E+0	3.6926728640E+2	3.1116613440E-3
2.9479444784E+0	3.6975690898E+2	3.0886731866E-3
2.9510216360E+0	3.7002829655E+2	3.0656334132E-3
2.9540757281E+0	3.7008398363E+2	3.0425424091E-3
2.9571067038E+0	3.6992676286E+2	3.0194005599E-3
2.9601145124E+0	3.6955967246E+2	2.9962082525E-3
2.9630991036E+0	3.6898598364E+2	2.9729658744E-3
2.9660604276E+0	3.6820918795E+2	2.9496738141E-3
2.9689984348E+0	3.6723298462E+2	2.9263324607E-3
2.9719130762E+0	3.6606126780E+2	2.9029422044E-3
2.9748043031E+0	3.6469811402E+2	2.8795034361E-3
2.9776720671E+0	3.6314776953E+2	2.8560165473E-3
2.9805163203E+0	3.6141463787E+2	2.8324819307E-3
2.9833370151E+0	3.5950326751E+2	2.8088999795E-3
2.9861341046E+0	3.5741833965E+2	2.7852710878E-3
2.9889075418E+0	3.5516465621E+2	2.7615956505E-3
2.9916572805E+0	3.5274712800E+2	2.7378740632E-3
2.9943832747E+0	3.5017076313E+2	2.7141067224E-3
2.9970854788E+0	3.4744065564E+2	2.6902940251E-3
2.9997638477E+0	3.4456197441E+2	2.6664363695E-3
3.0024183367E+0	3.4153995233E+2	2.6425341541E-3
3.0050489013E+0	3.3837987576E+2	2.6185877784E-3
3.0076554977E+0	3.3508707434E+2	2.5945976426E-3
3.0102380822E+0	3.3166691100E+2	2.5705641475E-3
3.0127966116E+0	3.2812477245E+2	2.5464876949E-3
3.0153310434E+0	3.2446605988E+2	2.5223686871E-3
3.0178413350E+0	3.2069618006E+2	2.4982075270E-3
3.0203274445E+0	3.1682053676E+2	2.4740046186E-3
3.0227893304E+0	3.1284452261E+2	2.4497603662E-3
3.0252269516E+0	3.0877351116E+2	2.4254751751E-3
3.0276402673E+0	3.0461284946E+2	2.4011494510E-3
3.0300292371E+0	3.0036785091E+2	2.3767836004E-3
3.0323938212E+0	2.9604378850E+2	2.3523780306E-3
3.0347339801E+0	2.9164588842E+2	2.3279331494E-3
3.0370496746E+0	2.8717932400E+2	2.3034493653E-3
3.0393408660E+0	2.8264921008E+2	2.2789270875E-3
3.0416075160E+0	2.7806059764E+2	2.2543667257E-3
3.0438495869E+0	2.7341846884E+2	2.2297686905E-3
3.0460670410E+0	2.6872773244E+2	2.2051333928E-3
3.0482598414E+0	2.6399321946E+2	2.1804612443E-3
3.0504279513E+0	2.5921967926E+2	2.1557526574E-3
3.0525713347E+0	2.5441177596E+2	2.1310080450E-3
3.0546899556E+0	2.4957408510E+2	2.1062278206E-3
3.0567837786E+0	2.4471109068E+2	2.0814123983E-3
3.0588527688E+0	2.3982718249E+2	2.0565621928E-3
3.0608968915E+0	2.3492665374E+2	2.0316776194E-3
3.0629161127E+0	2.3001369899E+2	2.0067590939E-3
3.0649103985E+0	2.2509241231E+2	1.9818070327E-3
3.0668797157E+0	2.2016678581E+2	1.9568218529E-3
3.0688240313E+0	2.1524070831E+2	1.9318039720E-3
3.0707433129E+0	2.1031796435E+2	1.9067538080E-3
3.0726375283E+0	2.0540223345E+2	1.8816717796E-3
3.0745066460E+0	2.0049708952E+2	1.8565583060E-3
3.0763506346E+0	1.9560600054E+2	1.8314138067E-3
3.0781694634E+0	1.9073232852E+2	1.8062387021E-3
3.0799631019E+0	1.8587932952E+2	1.7810334128E-3
3.0817315203E+0	1.8105015398E+2	1.7557983600E-3
3.0834746889E+0	1.7624784721E+2	1.7305339655E-3
3.0851925786E+0	1.7147534998E+2	1.7052406515E-3
3.0868851607E+0	1.6673549939E+2	1.6799188405E-3
3.0885524069E+0	1.6203102981E+2	1.6545689559E-3
3.0901942894E+0	1.5736457396E+2	1.6291914212E-3
3.0918107807E+0	1.5273866421E+2	1.6037866605E-3
3.0934018538E+0	1.4815573389E+2	1.5783550984E-3
3.0949674821E+0	1.4361811881E+2	1.5528971598E-3
3.0965076394E+0	1.3912805885E+2	1.5274132703E-3
3.0980223001E+0	1.3468769965E+2	1.5019038556E-3
3.0995114388E+0	1.3029909438E+2	1.4763693421E-3
3.1009750306E+0	1.2596420561E+2	1.4508101565E-3
3.1024130510E+0	1.2168490728E+2	1.4252267258E-3
3.1038254761E+0	1.1746298667E+2	1.3996194778E-3
3.1052122822E+0	1.1330014649E+2	1.3739888402E-3
3.1065734461E+0	1.0919800699E+2	1.3483352414E-3
3.1079089451E+0	1.0515810815E+2	1.3226591101E-3
3.1092187570E+0	1.0118191185E+2	1.2969608754E-3
3.1105028597E+0	9.7270804140E+1	1.2712409668E-3
3.1117612318E+0	9.3426097493E+1	1.2454998140E-3
3.1129938524E+0	8.9649033095E+1	1.2197378472E-3
3.1142007007E+0	8.5940783144E+1	1.1939554970E-3
3.1153817567E+0	8.2302453165E+1	1.1681531941E-3
3.1165370006E+0	7.8735084323E+1	1.1423313699E-3
3.1176664131E+0	7.5239655742E+1	1.1164904558E-3
3.1187699753E+0	7.1817086815E+1	1.0906308836E-3
3.1198476688E+0	6.8468239504E+1	1.0647530855E-3
3.1208994755E+0	6.5193920630E+1	1.0388574939E-3
3.1219253780E+0	6.1994884145E+1	1.0129445417E-3
3.1229253590E+0	5.8871833377E+1	9.8701466182E-4
3.1238994018E+0	5.5825423260E+1	9.6106828758E-4
3.1248474902E+0	5.2856262524E+1	9.3510585261E-4
3.1257696083E+0	4.9964915866E+1	9.0912779076E-4
3.1266657407E+0	4.7151906079E+1	8.8313453619E-4
3.1275358724E+0	4.4417716143E+1	8.5712652325E-4
3.1283799890E+0	4.1762791285E+1	8.3110418659E-4
3.1291980762E+0	3.9187540985E+1	8.0506796108E-4
3.1299901204E+0	3.6692340951E+1	7.7901828182E-4
3.1307561084E+0	3.4277535034E+1	7.5295558414E-4
3.1314960274E+0	3.1943437109E+1	7.2688030358E-4
3.1322098650E+0	2.9690332892E+1	7.0079287589E-4
3.1328976092E+0	2.7518481717E+1	6.7469373705E-4
3.1335592487E+0	2.5428118255E+1	6.4858332323E-4
3.1341947723E+0	2.3419454175E+1	6.2246207073E-4
3.1348041694E+0	2.1492679755E+1	5.9633041614E-4
3.1353874298E+0	1.9647965435E+1	5.7018879612E-4
3.1359445438E+0	1.7885463308E+1	5.4403764760E-4
3.1364755020E+0	1.6205308557E+1	5.1787740760E-4
3.1369802957E+0	1.4607620827E+1	4.9170851331E-4
3.1374589163E+0	1.3092505542E+1	4.6553140213E-4
3.1379113559E+0	1.1660055155E+1	4.3934651156E-4
3.1383376069E+0	1.0310350341E+1	4.1315427928E-4
3.1387376622E+0	9.0434611220E+0	3.8695514312E-4
3.1391115150E+0	7.8594479327E+0	3.6074954110E-4
3.1394591592E+0	6.7583626212E+0	3.3453791144E-4
3.1397805890E+0	5.7402493851E+0	3.0832069259E-4
3.1400757989E+0	4.8051456435E+0	2.8209832342E-4
3.1403447841E+0	3.9530828433E+0	2.5587124334E-4
3.1405875400E+0	3.1840871996E+0	2.2963989267E-4
3.1408040626E+0	2.4981803689E+0	2.0340471372E-4
3.1409943483E+0	1.8953800522E+0	1.7716615272E-4
3.1411583939E+0	1.3757005213E+0	1.5092466531E-4
3.1412961968E+0	9.3915304873E-1	1.2468073282E-4
3.1414077547E+0	5.8574617005E-1	9.8434919423E-5
3.1414930663E+0	3.1548546074E-1	7.2188137769E-5
3.1415521316E+0	1.2837075380E-1	4.5943520243E-5
3.1415849628E+0	2.4363760658E-2	1.9736940383E-5