# Differential cross section		
# Author: P. Swaczyna	Princeton University	(swaczyna@princeton.edu)
# Date: 	Wed 17 Feb 2021 15:31:41	
# 		
# Charge transfer collision: He^0 + He^+ -> He^+ + He^0		
# 		
# Red. mass: 	1.8640723202E+9	 eV/c^2
# CM energy: 	3.2359365693E-2	 eV
# Rel speed: 	1.7664620919E+5	 cm/s
# Tot sigma: 	N/A	 a.u.
# Int sigma: 	1.5292435911E+2	 a.u.
# 		
# Columns:		
# the <- scattering angle (rad)		
# dcs <- dsigma/dOmega*2*pi*sin(the) (a.u. = 2.8002852056E-17 cm^2)		
# wei <- weight for cross section integration (approx. width of angle bin)		
# 		
# the	dcs	wei
7.6907532846E-6	1.1193026239E-2	1.9736940383E-5
4.0521979771E-5	5.8975153486E-2	4.5943520243E-5
9.9587300392E-5	1.4493766002E-1	7.2188137769E-5
1.8489884726E-4	2.6909656256E-1	9.8434919423E-5
2.9645680168E-4	4.3144752007E-1	1.2468073282E-4
4.3425968311E-4	6.3197837033E-1	1.5092466531E-4
5.9830531657E-4	8.7066735119E-1	1.7716615272E-4
7.8859101285E-4	1.1474794298E+0	2.0340471372E-4
1.0051136166E-3	1.4623616954E+0	2.2963989267E-4
1.2478695220E-3	1.8152379668E+0	2.5587124334E-4
1.5168546797E-3	2.2060026523E+0	2.8209832342E-4
1.8120645986E-3	2.6345138818E+0	3.0832069259E-4
2.1334943481E-3	3.1005859248E+0	3.3453791144E-4
2.4811385584E-3	3.6039809130E+0	3.6074954110E-4
2.8549914211E-3	4.1443998885E+0	3.8695514312E-4
3.2550466893E-3	4.7214732039E+0	4.1315427928E-4
3.6812976783E-3	5.3347503090E+0	4.3934651156E-4
4.1337372652E-3	5.9836889625E+0	4.6553140213E-4
4.6123578895E-3	6.6676439199E+0	4.9170851331E-4
5.1171515529E-3	7.3858551546E+0	5.1787740760E-4
5.6481098199E-3	8.1374356824E+0	5.4403764760E-4
6.2052238176E-3	8.9213590688E+0	5.7018879612E-4
6.7884842360E-3	9.7364467135E+0	5.9633041614E-4
7.3978813281E-3	1.0581355019E+1	6.2246207073E-4
8.0334049101E-3	1.1454562563E+1	6.4858332323E-4
8.6950443616E-3	1.2354357414E+1	6.7469373705E-4
9.3827886258E-3	1.3278824747E+1	7.0079287589E-4
1.0096626210E-2	1.4225834911E+1	7.2688030358E-4
1.0836545184E-2	1.5193032170E+1	7.5295558414E-4
1.1602533184E-2	1.6177824283E+1	7.7901828182E-4
1.2394577408E-2	1.7177373179E+1	8.0506796108E-4
1.3212664621E-2	1.8188586940E+1	8.3110418659E-4
1.4056781152E-2	1.9208113369E+1	8.5712652325E-4
1.4926912893E-2	2.0232335400E+1	8.8313453619E-4
1.5823045305E-2	2.1257368643E+1	9.0912779076E-4
1.6745163410E-2	2.2279061357E+1	9.3510585261E-4
1.7693251801E-2	2.3292997155E+1	9.6106828758E-4
1.8667294632E-2	2.4294500762E+1	9.8701466182E-4
1.9667275626E-2	2.5278647131E+1	1.0129445417E-3
2.0693178073E-2	2.6240274230E+1	1.0388574939E-3
2.1744984827E-2	2.7173999813E+1	1.0647530855E-3
2.2822678313E-2	2.8074242457E+1	1.0906308836E-3
2.3926240519E-2	2.8935247140E+1	1.1164904558E-3
2.5055653005E-2	2.9751115614E+1	1.1423313699E-3
2.6210896896E-2	3.0515841761E+1	1.1681531941E-3
2.7391952886E-2	3.1223352130E+1	1.1939554970E-3
2.8598801239E-2	3.1867551738E+1	1.2197378472E-3
2.9831421786E-2	3.2442375204E+1	1.2454998140E-3
3.1089793929E-2	3.2941843201E+1	1.2712409668E-3
3.2373896638E-2	3.3360124097E+1	1.2969608754E-3
3.3683708455E-2	3.3691600620E+1	1.3226591101E-3
3.5019207490E-2	3.3930941227E+1	1.3483352414E-3
3.6380371427E-2	3.4073175768E+1	1.3739888402E-3
3.7767177517E-2	3.4113774915E+1	1.3996194778E-3
3.9179602586E-2	3.4048732688E+1	1.4252267258E-3
4.0617623030E-2	3.3874651277E+1	1.4508101565E-3
4.2081214817E-2	3.3588827212E+1	1.4763693421E-3
4.3570353490E-2	3.3189337791E+1	1.5019038556E-3
4.5085014162E-2	3.2675126534E+1	1.5274132703E-3
4.6625171522E-2	3.2046086265E+1	1.5528971598E-3
4.8190799831E-2	3.1303138325E+1	1.5783550984E-3
4.9781872927E-2	3.0448306241E+1	1.6037866605E-3
5.1398364219E-2	2.9484782093E+1	1.6291914212E-3
5.3040246694E-2	2.8416983710E+1	1.6545689559E-3
5.4707492914E-2	2.7250600751E+1	1.6799188405E-3
5.6400075017E-2	2.5992627667E+1	1.7052406515E-3
5.8117964718E-2	2.4651381551E+1	1.7305339655E-3
5.9861133308E-2	2.3236502858E+1	1.7557983600E-3
6.1629551657E-2	2.1758937095E+1	1.7810334128E-3
6.3423190212E-2	2.0230895645E+1	1.8062387021E-3
6.5242019000E-2	1.8665794082E+1	1.8314138067E-3
6.7086007624E-2	1.7078166556E+1	1.8565583060E-3
6.8955125270E-2	1.5483555076E+1	1.8816717796E-3
7.0849340702E-2	1.3898372913E+1	1.9067538080E-3
7.2768622264E-2	1.2339741701E+1	1.9318039720E-3
7.4712937885E-2	1.0825302322E+1	1.9568218529E-3
7.6682255070E-2	9.3730001681E+0	1.9818070327E-3
7.8676540910E-2	8.0008459792E+0	2.0067590939E-3
8.0695762079E-2	6.7266540759E+0	2.0316776194E-3
8.2739884832E-2	5.5677605088E+0	2.0565621928E-3
8.4808875009E-2	4.5407243497E+0	2.0814123983E-3
8.6902698034E-2	3.6610160909E+0	2.1062278206E-3
8.9021318917E-2	2.9426978565E+0	2.1310080450E-3
9.1164702253E-2	2.3981008611E+0	2.1557526574E-3
9.3332812224E-2	2.0375062392E+0	2.1804612443E-3
9.5525612596E-2	1.8688360127E+0	2.2051333928E-3
9.7743066726E-2	1.8973615146E+0	2.2297686905E-3
9.9985137556E-2	2.1254370474E+0	2.2543667257E-3
1.0225178762E-1	2.5522668667E+0	2.2789270875E-3
1.0454297904E-1	3.1737137506E+0	2.3034493653E-3
1.0685867352E-1	3.9821573870E+0	2.3279331494E-3
1.0919883237E-1	4.9664105858E+0	2.3523780306E-3
1.1156341648E-1	6.1117008573E+0	2.3767836004E-3
1.1395238633E-1	7.3997241924E+0	2.4011494510E-3
1.1636570200E-1	8.8087769025E+0	2.4254751751E-3
1.1880332317E-1	1.0313970139E+1	2.4497603662E-3
1.2126520909E-1	1.1887530188E+1	2.4740046186E-3
1.2375131862E-1	1.3499185868E+1	2.4982075270E-3
1.2626161023E-1	1.5116642307E+1	2.5223686871E-3
1.2879604195E-1	1.6706138140E+1	2.5464876949E-3
1.3135457143E-1	1.8233080709E+1	2.5705641475E-3
1.3393715592E-1	1.9662751284E+1	2.5945976426E-3
1.3654375226E-1	2.0961069611E+1	2.6185877784E-3
1.3917431689E-1	2.2095404463E+1	2.6425341541E-3
1.4182880585E-1	2.3035414207E+1	2.6664363695E-3
1.4450717478E-1	2.3753898941E+1	2.6902940251E-3
1.4720937892E-1	2.4227643520E+1	2.7141067224E-3
1.4993537310E-1	2.4438228903E+1	2.7378740632E-3
1.5268511179E-1	2.4372787812E+1	2.7615956505E-3
1.5545854902E-1	2.4024679758E+1	2.7852710878E-3
1.5825563845E-1	2.3394060265E+1	2.8088999795E-3
1.6107633333E-1	2.2488319531E+1	2.8324819307E-3
1.6392058653E-1	2.1322367040E+1	2.8560165473E-3
1.6678835052E-1	1.9918740739E+1	2.8795034361E-3
1.6967957737E-1	1.8307522363E+1	2.9029422044E-3
1.7259421876E-1	1.6526044394E+1	2.9263324607E-3
1.7553222599E-1	1.4618378884E+1	2.9496738141E-3
1.7849354996E-1	1.2634603957E+1	2.9729658744E-3
1.8147814117E-1	1.0629850082E+1	2.9962082525E-3
1.8448594977E-1	8.6631351426E+0	3.0194005599E-3
1.8751692548E-1	6.7960046405E+0	3.0425424091E-3
1.9057101764E-1	5.0910009545E+0	3.0656334132E-3
1.9364817522E-1	3.6099931352E+0	3.0886731866E-3
1.9674834681E-1	2.4124060258E+0	3.1116613440E-3
1.9987148058E-1	1.5533942495E+0	3.1345975014E-3
2.0301752435E-1	1.0820125061E+0	3.1574812755E-3
2.0618642554E-1	1.0394383648E+0	3.1803122838E-3
2.0937813120E-1	1.4573070344E+0	3.2030901448E-3
2.1259258799E-1	2.3562191487E+0	3.2258144779E-3
2.1582974219E-1	3.7444821950E+0	3.2484849032E-3
2.1908953970E-1	5.6171436174E+0	3.2711010421E-3
2.2237192605E-1	7.9553687376E+0	3.2936625164E-3
2.2567684639E-1	1.0726209360E+1	3.3161689492E-3
2.2900424548E-1	1.3882799328E+1	3.3386199643E-3
2.3235406772E-1	1.7365001449E+1	3.3610151867E-3
2.3572625713E-1	2.1100516395E+1	3.3833542419E-3
2.3912075735E-1	2.5006448671E+1	3.4056367567E-3
2.4253751167E-1	2.8991308024E+1	3.4278623588E-3
2.4597646298E-1	3.2957407227E+1	3.4500306767E-3
2.4943755380E-1	3.6803599693E+1	3.4721413399E-3
2.5292072631E-1	4.0428283456E+1	3.4941939790E-3
2.5642592230E-1	4.3732582574E+1	3.5161882254E-3
2.5995308318E-1	4.6623603569E+1	3.5381237115E-3
2.6350215001E-1	4.9017654035E+1	3.5600000709E-3
2.6707306349E-1	5.0843303613E+1	3.5818169379E-3
2.7066576394E-1	5.2044164832E+1	3.6035739479E-3
2.7428019131E-1	5.2581273380E+1	3.6252707373E-3
2.7791628522E-1	5.2434954496E+1	3.6469069436E-3
2.8157398488E-1	5.1606074609E+1	3.6684822051E-3
2.8525322919E-1	5.0116594973E+1	3.6899961614E-3
2.8895395665E-1	4.8009366619E+1	3.7114484529E-3
2.9267610542E-1	4.5347132896E+1	3.7328387211E-3
2.9641961330E-1	4.2210736422E+1	3.7541666086E-3
3.0018441773E-1	3.8696560339E+1	3.7754317588E-3
3.0397045579E-1	3.4913268153E+1	3.7966338166E-3
3.0777766421E-1	3.0977940629E+1	3.8177724274E-3
3.1160597938E-1	2.7011740652E+1	3.8388472382E-3
3.1545533730E-1	2.3135266011E+1	3.8598578967E-3
3.1932567367E-1	1.9463774057E+1	3.8808040517E-3
3.2321692379E-1	1.6102479533E+1	3.9016853533E-3
3.2712902264E-1	1.3142136256E+1	3.9225014525E-3
3.3106190484E-1	1.0655113555E+1	3.9432520014E-3
3.3501550468E-1	8.6921686890E+0	3.9639366533E-3
3.3898975607E-1	7.2800965331E+0	3.9845550624E-3
3.4298459261E-1	6.4204077107E+0	4.0051068843E-3
3.4699994753E-1	6.0891467866E+0	4.0255917754E-3
3.5103575373E-1	6.2379142299E+0	4.0460093936E-3
3.5509194378E-1	6.7961013966E+0	4.0663593974E-3
3.5916844988E-1	7.6742889618E+0	4.0866414469E-3
3.6326520391E-1	8.7686986996E+0	4.1068552032E-3
3.6738213741E-1	9.9665292460E+0	4.1270003283E-3
3.7151918157E-1	1.1151951642E+1	4.1470764858E-3
3.7567626728E-1	1.2212493258E+1	4.1670833400E-3
3.7985332504E-1	1.3045502212E+1	4.1870205567E-3
3.8405028507E-1	1.3564361406E+1	4.2068878026E-3
3.8826707721E-1	1.3704114043E+1	4.2266847457E-3
3.9250363101E-1	1.3426172603E+1	4.2464110553E-3
3.9675987567E-1	1.2721811506E+1	4.2660664016E-3
4.0103574005E-1	1.1614189932E+1	4.2856504563E-3
4.0533115271E-1	1.0158714320E+1	4.3051628919E-3
4.0964604185E-1	8.4416277381E+0	4.3246033825E-3
4.1398033538E-1	6.5768024000E+0	4.3439716031E-3
4.1833396086E-1	4.7008079236E+0	4.3632672302E-3
4.2270684554E-1	2.9664267087E+0	4.3824899412E-3
4.2709891633E-1	1.5348835639E+0	4.4016394148E-3
4.3151009985E-1	5.6714384564E-1	4.4207153312E-3
4.3594032237E-1	2.1470727811E-1	4.4397173715E-3
4.4038950986E-1	6.1037809319E-1	4.4586452181E-3
4.4485758797E-1	1.8595217416E+0	4.4774985548E-3
4.4934448203E-1	4.0323207786E+0	4.4962770664E-3
4.5385011706E-1	7.1575156283E+0	4.5149804392E-3
4.5837441776E-1	1.1218059371E+1	4.5336083606E-3
4.6291730852E-1	1.6149030829E+1	4.5521605193E-3
4.6747871344E-1	2.1838040205E+1	4.5706366053E-3
4.7205855627E-1	2.8128231336E+1	4.5890363098E-3
4.7665676049E-1	3.4823840679E+1	4.6073593254E-3
4.8127324926E-1	4.1698123396E+1	4.6256053458E-3
4.8590794542E-1	4.8503310023E+1	4.6437740661E-3
4.9056077152E-1	5.4982122325E+1	4.6618651826E-3
4.9523164982E-1	6.0880263176E+1	4.6798783932E-3
4.9992050224E-1	6.5959210882E+1	4.6978133967E-3
5.0462725044E-1	7.0008600327E+1	4.7156698934E-3
5.0935181576E-1	7.2857466776E+1	4.7334475849E-3
5.1409411924E-1	7.4383665889E+1	4.7511461741E-3
5.1885408164E-1	7.4520865629E+1	4.7687653653E-3
5.2363162341E-1	7.3262629467E+1	4.7863048641E-3
5.2842666471E-1	7.0663269888E+1	4.8037643772E-3
5.3323912540E-1	6.6835338386E+1	4.8211436130E-3
5.3806892508E-1	6.1943822021E+1	4.8384422809E-3
5.4291598301E-1	5.6197324811E+1	4.8556600920E-3
5.4778021821E-1	4.9836711173E+1	4.8727967585E-3
5.5266154939E-1	4.3121864587E+1	4.8898519940E-3
5.5755989496E-1	3.6317354774E+1	4.9068255135E-3
5.6247517308E-1	2.9677899701E+1	4.9237170334E-3
5.6740730160E-1	2.3434546071E+1	4.9405262713E-3
5.7235619810E-1	1.7782468459E+1	4.9572529464E-3
5.7732177988E-1	1.2871201642E+1	4.9738967791E-3
5.8230396395E-1	8.7979760299E+0	4.9904574913E-3
5.8730266706E-1	5.6046298045E+0	5.0069348063E-3
5.9231780568E-1	3.2783349901E+0	5.0233284486E-3
5.9734929598E-1	1.7561130653E+0	5.0396381444E-3
6.0239705389E-1	9.3284655020E-1	5.0558636210E-3
6.0746099506E-1	6.7223526613E-1	5.0720046074E-3
6.1254103485E-1	8.1991887205E-1	5.0880608338E-3
6.1763708838E-1	1.2178087675E+0	5.1040320318E-3
6.2274907048E-1	1.7185577721E+0	5.1199179345E-3
6.2787689573E-1	2.1990564378E+0	5.1357182766E-3
6.3302047843E-1	2.5718866673E+0	5.1514327939E-3
6.3817973262E-1	2.7937869475E+0	5.1670612238E-3
6.4335457209E-1	2.8703832438E+0	5.1826033052E-3
6.4854491036E-1	2.8567036754E+0	5.1980587783E-3
6.5375066070E-1	2.8533062333E+0	5.2134273849E-3
6.5897173609E-1	2.9981853020E+0	5.2287088681E-3
6.6420804930E-1	3.4549598816E+0	5.2439029725E-3
6.6945951283E-1	4.3981581985E+0	5.2590094442E-3
6.7472603890E-1	5.9966746014E+0	5.2740280309E-3
6.8000753951E-1	8.3966627392E+0	5.2889584814E-3
6.8530392640E-1	1.1705226165E+1	5.3038005463E-3
6.9061511106E-1	1.5976262146E+1	5.3185539776E-3
6.9594100473E-1	2.1199702571E+1	5.3332185287E-3
7.0128151841E-1	2.7295181688E+1	5.3477939546E-3
7.0663656285E-1	3.4110856485E+1	5.3622800116E-3
7.1200604856E-1	4.1427732114E+1	5.3766764577E-3
7.1738988581E-1	4.8969428528E+1	5.3909830523E-3
7.2278798463E-1	5.6416896730E+1	5.4051995564E-3
7.2820025482E-1	6.3427187308E+1	5.4193257323E-3
7.3362660591E-1	6.9655023335E+1	5.4333613439E-3
7.3906694724E-1	7.4775664499E+1	5.4473061568E-3
7.4452118788E-1	7.8507393761E+1	5.4611599379E-3
7.4998923669E-1	8.0631928496E+1	5.4749224557E-3
7.5547100229E-1	8.1011161740E+1	5.4885934801E-3
7.6096639308E-1	7.9598872068E+1	5.5021727828E-3
7.6647531721E-1	7.6446388336E+1	5.5156601367E-3
7.7199768263E-1	7.1701633530E+1	5.5290553166E-3
7.7753339704E-1	6.5601467627E+1	5.5423580985E-3
7.8308236795E-1	5.8457764095E+1	5.5555682601E-3
7.8864450262E-1	5.0638147045E+1	5.5686855808E-3
7.9421970809E-1	4.2542745280E+1	5.5817098412E-3
7.9980789121E-1	3.4578648817E+1	5.5946408237E-3
8.0540895857E-1	2.7133953345E+1	5.6074783123E-3
8.1102281659E-1	2.0553329191E+1	5.6202220924E-3
8.1664937145E-1	1.5116946315E+1	5.6328719509E-3
8.2228852912E-1	1.1024331265E+1	5.6454276767E-3
8.2794019536E-1	8.3843446947E+0	5.6578890597E-3
8.3360427572E-1	7.2119790531E+0	5.6702558918E-3
8.3928067556E-1	7.4321254426E+0	5.6825279663E-3
8.4496930000E-1	8.8898919962E+0	5.6947050782E-3
8.5067005399E-1	1.1366521885E+1	5.7067870238E-3
8.5638284226E-1	1.4599503408E+1	5.7187736014E-3
8.6210756934E-1	1.8305127866E+1	5.7306646105E-3
8.6784413956E-1	2.2201563622E+1	5.7424598526E-3
8.7359245705E-1	2.6030494680E+1	5.7541591304E-3
8.7935242576E-1	2.9575522563E+1	5.7657622485E-3
8.8512394943E-1	3.2675839280E+1	5.7772690129E-3
8.9090693161E-1	3.5234120377E+1	5.7886792314E-3
8.9670127565E-1	3.7218121802E+1	5.7999927133E-3
9.0250688473E-1	3.8656044934E+1	5.8112092696E-3
9.0832366182E-1	3.9626307966E+1	5.8223287127E-3
9.1415150972E-1	4.0242876484E+1	5.8333508568E-3
9.1999033104E-1	4.0637713456E+1	5.8442755178E-3
9.2584002820E-1	4.0942170590E+1	5.8551025132E-3
9.3170050345E-1	4.1269233415E+1	5.8658316618E-3
9.3757165885E-1	4.1698441668E+1	5.8764627846E-3
9.4345339628E-1	4.2265041558E+1	5.8869957037E-3
9.4934561746E-1	4.2954510433E+1	5.8974302433E-3
9.5524822392E-1	4.3703065374E+1	5.9077662288E-3
9.6116111701E-1	4.4404174080E+1	5.9180034877E-3
9.6708419793E-1	4.4920484996E+1	5.9281418487E-3
9.7301736769E-1	4.5100041114E+1	5.9381811425E-3
9.7896052713E-1	4.4795191631E+1	5.9481212013E-3
9.8491357695E-1	4.3882312092E+1	5.9579618591E-3
9.9087641766E-1	4.2280317677E+1	5.9677029512E-3
9.9684894961E-1	3.9966020491E+1	5.9773443150E-3
1.0028310730E+0	3.6984636516E+1	5.9868857894E-3
1.0088226878E+0	3.3454169703E+1	5.9963272149E-3
1.0148236940E+0	2.9562951908E+1	6.0056684336E-3
1.0208339913E+0	2.5560247641E+1	6.0149092896E-3
1.0268534791E+0	2.1740483486E+1	6.0240496283E-3
1.0328820570E+0	1.8422272613E+1	6.0330892971E-3
1.0389196241E+0	1.5923917361E+1	6.0420281448E-3
1.0449660796E+0	1.4537438379E+1	6.0508660221E-3
1.0510213224E+0	1.4503361848E+1	6.0596027814E-3
1.0570852514E+0	1.5988478214E+1	6.0682382765E-3
1.0631577652E+0	1.9068566822E+1	6.0767723631E-3
1.0692387623E+0	2.3717679770E+1	6.0852048988E-3
1.0753281411E+0	2.9805031154E+1	6.0935357425E-3
1.0814257998E+0	3.7099894253E+1	6.1017647550E-3
1.0875316366E+0	4.5284227581E+1	6.1098917988E-3
1.0936455494E+0	5.3972093020E+1	6.1179167381E-3
1.0997674360E+0	6.2734354821E+1	6.1258394388E-3
1.1058971941E+0	7.1126708498E+1	6.1336597685E-3
1.1120347214E+0	7.8718822093E+1	6.1413775965E-3
1.1181799151E+0	8.5122301099E+1	6.1489927938E-3
1.1243326727E+0	9.0015316587E+1	6.1565052331E-3
1.1304928913E+0	9.3162049280E+1	6.1639147890E-3
1.1366604679E+0	9.4425569416E+1	6.1712213376E-3
1.1428352996E+0	9.3773348487E+1	6.1784247568E-3
1.1490172830E+0	9.1275230451E+1	6.1855249261E-3
1.1552063150E+0	8.7094319112E+1	6.1925217271E-3
1.1614022920E+0	8.1471808750E+1	6.1994150427E-3
1.1676051105E+0	7.4707247318E+1	6.2062047577E-3
1.1738146669E+0	6.7136037450E+1	6.2128907587E-3
1.1800308574E+0	5.9106126294E+1	6.2194729339E-3
1.1862535782E+0	5.0955803344E+1	6.2259511734E-3
1.1924827251E+0	4.2994325132E+1	6.2323253688E-3
1.1987181942E+0	3.5486740905E+1	6.2385954138E-3
1.2049598812E+0	2.8643841010E+1	6.2447612034E-3
1.2112076818E+0	2.2617634869E+1	6.2508226346E-3
1.2174614916E+0	1.7502237558E+1	6.2567796062E-3
1.2237212062E+0	1.3339552083E+1	6.2626320186E-3
1.2299867208E+0	1.0128722227E+1	6.2683797740E-3
1.2362579308E+0	7.8380335345E+0	6.2740227763E-3
1.2425347314E+0	6.4177807498E+0	6.2795609313E-3
1.2488170177E+0	5.8126088965E+0	6.2849941464E-3
1.2551046847E+0	5.9719681716E+0	6.2903223308E-3
1.2613976273E+0	6.8575831653E+0	6.2955453954E-3
1.2676957404E+0	8.4471967003E+0	6.3006632530E-3
1.2739989187E+0	1.0734271861E+1	6.3056758180E-3
1.2803070569E+0	1.3723781855E+1	6.3105830068E-3
1.2866200496E+0	1.7424644499E+1	6.3153847371E-3
1.2929377912E+0	2.1839727239E+1	6.3200809290E-3
1.2992601762E+0	2.6954626439E+1	6.3246715037E-3
1.3055870990E+0	3.2726586505E+1	6.3291563847E-3
1.3119184537E+0	3.9074955695E+1	6.3335354970E-3
1.3182541347E+0	4.5874473347E+1	6.3378087674E-3
1.3245940360E+0	5.2952455767E+1	6.3419761245E-3
1.3309380516E+0	6.0090614202E+1	6.3460374987E-3
1.3372860756E+0	6.7031825782E+1	6.3499928220E-3
1.3436380019E+0	7.3491721674E+1	6.3538420284E-3
1.3499937243E+0	7.9174494382E+1	6.3575850535E-3
1.3563531366E+0	8.3791897694E+1	6.3612218349E-3
1.3627161325E+0	8.7084055807E+1	6.3647523117E-3
1.3690826057E+0	8.8840445248E+1	6.3681764249E-3
1.3754524499E+0	8.8919289375E+1	6.3714941173E-3
1.3818255585E+0	8.7263625835E+1	6.3747053335E-3
1.3882018250E+0	8.3912476587E+1	6.3778100198E-3
1.3945811430E+0	7.9005859977E+1	6.3808081243E-3
1.4009634057E+0	7.2782815465E+1	6.3836995970E-3
1.4073485066E+0	6.5572133329E+1	6.3864843894E-3
1.4137363389E+0	5.7776054788E+1	6.3891624551E-3
1.4201267959E+0	4.9847787108E+1	6.3917337493E-3
1.4265197708E+0	4.2264215157E+1	6.3941982290E-3
1.4329151568E+0	3.5495638757E+1	6.3965558531E-3
1.4393128469E+0	2.9974682240E+1	6.3988065821E-3
1.4457127343E+0	2.6066676286E+1	6.4009503785E-3
1.4521147120E+0	2.4043782373E+1	6.4029872063E-3
1.4585186731E+0	2.4064911702E+1	6.4049170317E-3
1.4649245104E+0	2.6163094605E+1	6.4067398222E-3
1.4713321170E+0	3.0241410358E+1	6.4084555476E-3
1.4777413858E+0	3.6077933014E+1	6.4100641790E-3
1.4841522097E+0	4.3339439761E+1	6.4115656896E-3
1.4905644815E+0	5.1602924864E+1	6.4129600544E-3
1.4969780940E+0	6.0383326922E+1	6.4142472499E-3
1.5033929402E+0	6.9165368104E+1	6.4154272548E-3
1.5098089128E+0	7.7437069893E+1	6.4165000493E-3
1.5162259046E+0	8.4722384043E+1	6.4174656154E-3
1.5226438083E+0	9.0610474932E+1	6.4183239370E-3
1.5290625167E+0	9.4779503854E+1	6.4190749998E-3
1.5354819225E+0	9.7013269996E+1	6.4197187912E-3
1.5419019185E+0	9.7209710233E+1	6.4202553005E-3
1.5483223974E+0	9.5380989299E+1	6.4206845187E-3
1.5547432518E+0	9.1645652676E+1	6.4210064386E-3
1.5611643745E+0	8.6213994044E+1	6.4212210549E-3
1.5675856581E+0	7.9368340098E+1	6.4213283639E-3
1.5740069954E+0	7.1440323180E+1	6.4213283639E-3
1.5804282791E+0	6.2787360582E+1	6.4212210549E-3
1.5868494018E+0	5.3770475430E+1	6.4210064386E-3
1.5932702562E+0	4.4735289603E+1	6.4206845187E-3
1.5996907351E+0	3.5997530130E+1	6.4202553005E-3
1.6061107310E+0	2.7833773401E+1	6.4197187912E-3
1.6125301369E+0	2.0477477576E+1	6.4190749998E-3
1.6189488453E+0	1.4119701104E+1	6.4183239370E-3
1.6253667490E+0	8.9133507617E+0	6.4174656154E-3
1.6317837408E+0	4.9794122332E+0	6.4165000493E-3
1.6381997134E+0	2.4134376907E+0	6.4154272548E-3
1.6446145595E+0	1.2906216291E+0	6.4142472499E-3
1.6510281721E+0	1.6680840935E+0	6.4129600544E-3
1.6574404439E+0	3.5834673862E+0	6.4115656896E-3
1.6638512678E+0	7.0495812584E+0	6.4100641790E-3
1.6702605366E+0	1.2045526448E+1	6.4084555476E-3
1.6766681432E+0	1.8505400489E+1	6.4067398222E-3
1.6830739805E+0	2.6306255503E+1	6.4049170317E-3
1.6894779416E+0	3.5257357118E+1	6.4029872063E-3
1.6958799193E+0	4.5092927816E+1	6.4009503785E-3
1.7022798067E+0	5.5470414485E+1	6.3988065821E-3
1.7086774968E+0	6.5975898027E+1	6.3965558531E-3
1.7150728827E+0	7.6137594696E+1	6.3941982290E-3
1.7214658576E+0	8.5447547081E+1	6.3917337493E-3
1.7278563146E+0	9.3390654779E+1	6.3891624551E-3
1.7342441470E+0	9.9479253821E+1	6.3864843894E-3
1.7406292478E+0	1.0329062771E+2	6.3836995970E-3
1.7470115106E+0	1.0450422192E+2	6.3808081243E-3
1.7533908286E+0	1.0293501963E+2	6.3778100198E-3
1.7597670951E+0	9.8559572548E+1	6.3747053335E-3
1.7661402037E+0	9.1531584177E+1	6.3714941173E-3
1.7725100479E+0	8.2184692784E+1	6.3681764249E-3
1.7788765211E+0	7.1021138301E+1	6.3647523117E-3
1.7852395170E+0	5.8686229338E+1	6.3612218349E-3
1.7915989293E+0	4.5929837432E+1	6.3575850535E-3
1.7979546517E+0	3.3557406801E+1	6.3538420284E-3
1.8043065780E+0	2.2374051438E+1	6.3499928220E-3
1.8106546020E+0	1.3126103366E+1	6.3460374987E-3
1.8169986176E+0	6.4448887339E+0	6.3419761245E-3
1.8233385189E+0	2.7974903749E+0	6.3378087674E-3
1.8296741999E+0	2.4487965453E+0	6.3335354970E-3
1.8360055546E+0	5.4382694270E+0	6.3291563847E-3
1.8423324774E+0	1.1573668046E+1	6.3246715037E-3
1.8486548624E+0	2.0442536566E+1	6.3200809290E-3
1.8549726040E+0	3.1440751731E+1	6.3153847371E-3
1.8612855967E+0	4.3815953925E+1	6.3105830068E-3
1.8675937349E+0	5.6722402345E+1	6.3056758180E-3
1.8738969132E+0	6.9282816075E+1	6.3006632530E-3
1.8801950263E+0	8.0652179857E+1	6.2955453954E-3
1.8864879689E+0	9.0078358367E+1	6.2903223308E-3
1.8927756359E+0	9.6954684982E+1	6.2849941464E-3
1.8990579222E+0	1.0086043591E+2	6.2795609313E-3
1.9053347228E+0	1.0158619409E+2	6.2740227763E-3
1.9116059328E+0	9.9142443271E+1	6.2683797740E-3
1.9178714474E+0	9.3751184463E+1	6.2626320186E-3
1.9241311620E+0	8.5821799023E+1	6.2567796062E-3
1.9303849718E+0	7.5913665001E+1	6.2508226346E-3
1.9366327724E+0	6.4689053926E+1	6.2447612034E-3
1.9428744594E+0	5.2860509181E+1	6.2385954138E-3
1.9491099285E+0	4.1137185882E+1	6.2323253688E-3
1.9553390754E+0	3.0174505765E+1	6.2259511734E-3
1.9615617961E+0	2.0530977654E+1	6.2194729339E-3
1.9677779867E+0	1.2635217646E+1	6.2128907587E-3
1.9739875431E+0	6.7651631363E+0	6.2062047577E-3
1.9801903616E+0	3.0403179585E+0	6.1994150427E-3
1.9863863386E+0	1.4267048602E+0	6.1925217271E-3
1.9925753706E+0	1.7531433539E+0	6.1855249261E-3
1.9987573540E+0	3.7366070686E+0	6.1784247568E-3
2.0049321857E+0	7.0138126907E+0	6.1712213376E-3
2.0110997623E+0	1.1175890817E+1	6.1639147890E-3
2.0172599809E+0	1.5802994710E+1	6.1565052331E-3
2.0234127385E+0	2.0495993039E+1	6.1489927938E-3
2.0295579322E+0	2.4902918212E+1	6.1413775965E-3
2.0356954595E+0	2.8738534448E+1	6.1336597685E-3
2.0418252176E+0	3.1796169452E+1	6.1258394388E-3
2.0479471042E+0	3.3951738197E+1	6.1179167381E-3
2.0540610170E+0	3.5160600498E+1	6.1098917988E-3
2.0601668538E+0	3.5448472675E+1	6.1017647550E-3
2.0662645125E+0	3.4898013379E+1	6.0935357425E-3
2.0723538913E+0	3.3632902138E+1	6.0852048988E-3
2.0784348884E+0	3.1801226392E+1	6.0767723631E-3
2.0845074022E+0	2.9559809707E+1	6.0682382765E-3
2.0905713312E+0	2.7060787988E+1	6.0596027814E-3
2.0966265740E+0	2.4441321239E+1	6.0508660221E-3
2.1026730295E+0	2.1816870156E+1	6.0420281448E-3
2.1087105966E+0	1.9278023124E+1	6.0330892971E-3
2.1147391745E+0	1.6890476763E+1	6.0240496283E-3
2.1207586623E+0	1.4697487458E+1	6.0149092896E-3
2.1267689596E+0	1.2723943483E+1	6.0056684336E-3
2.1327699657E+0	1.0981163155E+1	5.9963272149E-3
2.1387615806E+0	9.4715948479E+0	5.9868857894E-3
2.1447437040E+0	8.1927582331E+0	5.9773443150E-3
2.1507162359E+0	7.1399922829E+0	5.9677029512E-3
2.1566790766E+0	6.3078293081E+0	5.9579618591E-3
2.1626321265E+0	5.6900603441E+0	5.9481212013E-3
2.1685752859E+0	5.2787644020E+0	5.9381811425E-3
2.1745084557E+0	5.0627188039E+0	5.9281418487E-3
2.1804315366E+0	5.0256762266E+0	5.9180034877E-3
2.1863444297E+0	5.1449831774E+0	5.9077662288E-3
2.1922470361E+0	5.3909319187E+0	5.8974302433E-3
2.1981392573E+0	5.7270996644E+0	5.8869957037E-3
2.2040209947E+0	6.1117578323E+0	5.8764627846E-3
2.2098921501E+0	6.5002559579E+0	5.8658316618E-3
2.2157526254E+0	6.8481249615E+0	5.8551025132E-3
2.2216023226E+0	7.1145246700E+0	5.8442755178E-3
2.2274411439E+0	7.2655965675E+0	5.8333508568E-3
2.2332689918E+0	7.2772824696E+0	5.8223287127E-3
2.2390857689E+0	7.1372323705E+0	5.8112092696E-3
2.2448913779E+0	6.8455409607E+0	5.7999927133E-3
2.2506857220E+0	6.4142062165E+0	5.7886792314E-3
2.2564687042E+0	5.8653742057E+0	5.7772690129E-3
2.2622402278E+0	5.2285989529E+0	5.7657622485E-3
2.2680001965E+0	4.5374827960E+0	5.7541591304E-3
2.2737485140E+0	3.8261526399E+0	5.7424598526E-3
2.2794850843E+0	3.1260581723E+0	5.7306646105E-3
2.2852098113E+0	2.4635441595E+0	5.7187736014E-3
2.2909225996E+0	1.8585530979E+0	5.7067870238E-3
2.2966233536E+0	1.3246672463E+0	5.6947050782E-3
2.3023119780E+0	8.7051744394E-1	5.6825279663E-3
2.3079883779E+0	5.0239176512E-1	5.6702558918E-3
2.3136524582E+0	2.2769375845E-1	5.6578890597E-3
2.3193041245E+0	5.8750926603E-2	5.6454276767E-3
2.3249432821E+0	1.6379116173E-2	5.6328719509E-3
2.3305698370E+0	1.3258188650E-1	5.6202220924E-3
2.3361836950E+0	4.5181266019E-1	5.6074783123E-3
2.3417847624E+0	1.0303501976E+0	5.5946408237E-3
2.3473729455E+0	1.9335250232E+0	5.5817098412E-3
2.3529481510E+0	3.2307687014E+0	5.5686855808E-3
2.3585102856E+0	4.9887162924E+0	5.5555682601E-3
2.3640592565E+0	7.2628482936E+0	5.5423580985E-3
2.3695949710E+0	1.0088384345E+1	5.5290553166E-3
2.3751173364E+0	1.3471311289E+1	5.5156601367E-3
2.3806262605E+0	1.7380521671E+1	5.5021727828E-3
2.3861216513E+0	2.1742041098E+1	5.4885934801E-3
2.3916034169E+0	2.6436227972E+1	5.4749224557E-3
2.3970714657E+0	3.1298640241E+1	5.4611599379E-3
2.4025257064E+0	3.6124993126E+1	5.4473061568E-3
2.4079660477E+0	4.0680299882E+1	5.4333613439E-3
2.4133923988E+0	4.4711921453E+1	5.4193257323E-3
2.4188046690E+0	4.7965881535E+1	5.4051995564E-3
2.4242027678E+0	5.0205463770E+1	5.3909830523E-3
2.4295866050E+0	5.1230828612E+1	5.3766764577E-3
2.4349560907E+0	5.0898196014E+1	5.3622800116E-3
2.4403111352E+0	4.9137056642E+1	5.3477939546E-3
2.4456516489E+0	4.5963910926E+1	5.3332185287E-3
2.4509775425E+0	4.1491193909E+1	5.3185539776E-3
2.4562887272E+0	3.5930317033E+1	5.3038005463E-3
2.4615851141E+0	2.9588128294E+1	5.2889584814E-3
2.4668666147E+0	2.2856534359E+1	5.2740280309E-3
2.4721331408E+0	1.6195510509E+1	5.2590094442E-3
2.4773846043E+0	1.0110211396E+1	5.2439029725E-3
2.4826209175E+0	5.1233510307E+0	5.2287088681E-3
2.4878419929E+0	1.7444097002E+0	5.2134273849E-3
2.4930477432E+0	4.3751842458E-1	5.1980587783E-3
2.4982380815E+0	1.5900448032E+0	5.1826033052E-3
2.5034129210E+0	5.4839428319E+0	5.1670612238E-3
2.5085721752E+0	1.2271828259E+1	5.1514327939E-3
2.5137157579E+0	2.1959505042E+1	5.1357182766E-3
2.5188435831E+0	3.4396311774E+1	5.1199179345E-3
2.5239555652E+0	4.9274202326E+1	5.1040320318E-3
2.5290516187E+0	6.6135952024E+1	5.0880608338E-3
2.5341316585E+0	8.4392323548E+1	5.0720046074E-3
2.5391955997E+0	1.0334747195E+2	5.0558636210E-3
2.5442433576E+0	1.2223135164E+2	5.0396381444E-3
2.5492748479E+0	1.4023744320E+2	5.0233284486E-3
2.5542899865E+0	1.5656377301E+2	5.0069348063E-3
2.5592886896E+0	1.7045497467E+2	4.9904574913E-3
2.5642708737E+0	1.8124305252E+2	4.9738967791E-3
2.5692364555E+0	1.8838455784E+2	4.9572529464E-3
2.5741853520E+0	1.9149207411E+2	4.9405262713E-3
2.5791174805E+0	1.9035821588E+2	4.9237170334E-3
2.5840327586E+0	1.8497075698E+2	4.9068255135E-3
2.5889311042E+0	1.7551799157E+2	4.8898519940E-3
2.5938124354E+0	1.6238396680E+2	4.8727967585E-3
2.5986766706E+0	1.4613377617E+2	4.8556600920E-3
2.6035237285E+0	1.2748963599E+2	4.8384422809E-3
2.6083535282E+0	1.0729895432E+2	4.8211436130E-3
2.6131659889E+0	8.6496014977E+1	4.8037643772E-3
2.6179610302E+0	6.6059218018E+1	4.7863048641E-3
2.6227385719E+0	4.6966027017E+1	4.7687653653E-3
2.6274985343E+0	3.0147863870E+1	4.7511461741E-3
2.6322408378E+0	1.6447162697E+1	4.7334475849E-3
2.6369654032E+0	6.5786505200E+0	4.7156698934E-3
2.6416721513E+0	1.0966753919E+0	4.6978133967E-3
2.6463610038E+0	3.7006906894E-1	4.6798783932E-3
2.6510318821E+0	4.5656316730E+0	4.6618651826E-3
2.6556847082E+0	1.3640883378E+1	4.6437740661E-3
2.6603194043E+0	2.7346267355E+1	4.6256053458E-3
2.6649358931E+0	4.5236533336E+1	4.6073593254E-3
2.6695340973E+0	6.6690604949E+1	4.5890363098E-3
2.6741139402E+0	9.0938856649E+1	4.5706366053E-3
2.6786753451E+0	1.1709641415E+2	4.5521605193E-3
2.6832182358E+0	1.4420085825E+2	4.5336083606E-3
2.6877425365E+0	1.7125256347E+2	4.5149804392E-3
2.6922481716E+0	1.9725584330E+2	4.4962770664E-3
2.6967350656E+0	2.2125910124E+2	4.4774985548E-3
2.7012031437E+0	2.4239229581E+2	4.4586452181E-3
2.7056523312E+0	2.5990020878E+2	4.4397173715E-3
2.7100825537E+0	2.7317024657E+2	4.4207153312E-3
2.7144937373E+0	2.8175379138E+2	4.4016394148E-3
2.7188858081E+0	2.8538043436E+2	4.3824899412E-3
2.7232586927E+0	2.8396475324E+2	4.3632672302E-3
2.7276123182E+0	2.7760562459E+2	4.3439716031E-3
2.7319466117E+0	2.6657837252E+2	4.3246033825E-3
2.7362615009E+0	2.5132033782E+2	4.3051628919E-3
2.7405569135E+0	2.3241069407E+2	4.2856504563E-3
2.7448327779E+0	2.1054553196E+2	4.2660664016E-3
2.7490890226E+0	1.8650937428E+2	4.2464110553E-3
2.7533255764E+0	1.6114436981E+2	4.2266847457E-3
2.7575423685E+0	1.3531844372E+2	4.2068878026E-3
2.7617393285E+0	1.0989365864E+2	4.1870205567E-3
2.7659163863E+0	8.5695967573E+1	4.1670833400E-3
2.7700734720E+0	6.3487424852E+1	4.1470764858E-3
2.7742105162E+0	4.3941770617E+1	4.1270003283E-3
2.7783274497E+0	2.7624127791E+1	4.1068552032E-3
2.7824242037E+0	1.4975355678E+1	4.0866414469E-3
2.7865007098E+0	6.3014012299E+0	4.0663593974E-3
2.7905568999E+0	1.7677856008E+0	4.0460093936E-3
2.7945927061E+0	1.3991680870E+0	4.0255917754E-3
2.7986080610E+0	5.0837487369E+0	4.0051068843E-3
2.8026028975E+0	1.2582110747E+1	3.9845550624E-3
2.8065771489E+0	2.3539968711E+1	3.9639366533E-3
2.8105307487E+0	3.7504182104E+1	3.9432520014E-3
2.8144636309E+0	5.3941316913E+1	3.9225014525E-3
2.8183757298E+0	7.2257992614E+1	3.9016853533E-3
2.8222669799E+0	9.1822236141E+1	3.8808040517E-3
2.8261373163E+0	1.1198507733E+2	3.8598578967E-3
2.8299866742E+0	1.3210165896E+2	3.8388472382E-3
2.8338149894E+0	1.5155119574E+2	3.8177724274E-3
2.8376221978E+0	1.6975519610E+2	3.7966338166E-3
2.8414082359E+0	1.8619345513E+2	3.7754317588E-3
2.8451730403E+0	2.0041743077E+2	3.7541666086E-3
2.8489165482E+0	2.1206072551E+2	3.7328387211E-3
2.8526386969E+0	2.2084650708E+2	3.7114484529E-3
2.8563394244E+0	2.2659181056E+2	3.6899961614E-3
2.8600186687E+0	2.2920876761E+2	3.6684822051E-3
2.8636763684E+0	2.2870290281E+2	3.6469069436E-3
2.8673124623E+0	2.2516872015E+2	3.6252707373E-3
2.8709268897E+0	2.1878287297E+2	3.6035739479E-3
2.8745195901E+0	2.0979526620E+2	3.5818169379E-3
2.8780905036E+0	1.9851848056E+2	3.5600000709E-3
2.8816395704E+0	1.8531593410E+2	3.5381237115E-3
2.8851667313E+0	1.7058920723E+2	3.5161882254E-3
2.8886719273E+0	1.5476495437E+2	3.4941939790E-3
2.8921550998E+0	1.3828180957E+2	3.4721413399E-3
2.8956161906E+0	1.2157766652E+2	3.4500306767E-3
2.8990551419E+0	1.0507767651E+2	3.4278623588E-3
2.9024718962E+0	8.9183264159E+1	3.4056367567E-3
2.9058663965E+0	7.4262410297E+1	3.3833542419E-3
2.9092385859E+0	6.0641398258E+1	3.3610151867E-3
2.9125884081E+0	4.8598163983E+1	3.3386199643E-3
2.9159158072E+0	3.8357335152E+1	3.3161689492E-3
2.9192207275E+0	3.0086990587E+1	3.2936625164E-3
2.9225031139E+0	2.3897120547E+1	3.2711010421E-3
2.9257629114E+0	1.9839722133E+1	3.2484849032E-3
2.9290000656E+0	1.7910423066E+1	3.2258144779E-3
2.9322145224E+0	1.8051492212E+1	3.2030901448E-3
2.9354062280E+0	2.0156067046E+1	3.1803122838E-3
2.9385751292E+0	2.4073406930E+1	3.1574812755E-3
2.9417211730E+0	2.9614966793E+1	3.1345975014E-3
2.9448443068E+0	3.6561078254E+1	3.1116613440E-3
2.9479444784E+0	4.4668024257E+1	3.0886731866E-3
2.9510216360E+0	5.3675298159E+1	3.0656334132E-3
2.9540757281E+0	6.3312848520E+1	3.0425424091E-3
2.9571067038E+0	7.3308125706E+1	3.0194005599E-3
2.9601145124E+0	8.3392765090E+1	2.9962082525E-3
2.9630991036E+0	9.3308763272E+1	2.9729658744E-3
2.9660604276E+0	1.0281402753E+2	2.9496738141E-3
2.9689984348E+0	1.1168720374E+2	2.9263324607E-3
2.9719130762E+0	1.1973171351E+2	2.9029422044E-3
2.9748043031E+0	1.2677895662E+2	2.8795034361E-3
2.9776720671E+0	1.3269065920E+2	2.8560165473E-3
2.9805163203E+0	1.3736037095E+2	2.8324819307E-3
2.9833370151E+0	1.4071413555E+2	2.8088999795E-3
2.9861341046E+0	1.4271037708E+2	2.7852710878E-3
2.9889075418E+0	1.4333906102E+2	2.7615956505E-3
2.9916572805E+0	1.4262020152E+2	2.7378740632E-3
2.9943832747E+0	1.4060179671E+2	2.7141067224E-3
2.9970854788E+0	1.3735728114E+2	2.6902940251E-3
2.9997638477E+0	1.3298258864E+2	2.6664363695E-3
3.0024183367E+0	1.2759292065E+2	2.6425341541E-3
3.0050489013E+0	1.2131931428E+2	2.6185877784E-3
3.0076554977E+0	1.1430510117E+2	2.5945976426E-3
3.0102380822E+0	1.0670234335E+2	2.5705641475E-3
3.0127966116E+0	9.8668325523E+1	2.5464876949E-3
3.0153310434E+0	9.0362175348E+1	2.5223686871E-3
3.0178413350E+0	8.1941674258E+1	2.4982075270E-3
3.0203274445E+0	7.3560311788E+1	2.4740046186E-3
3.0227893304E+0	6.5364626405E+1	2.4497603662E-3
3.0252269516E+0	5.7491865781E+1	2.4254751751E-3
3.0276402673E+0	5.0067989546E+1	2.4011494510E-3
3.0300292371E+0	4.3206028118E+1	2.3767836004E-3
3.0323938212E+0	3.7004802288E+1	2.3523780306E-3
3.0347339801E+0	3.1548000118E+1	2.3279331494E-3
3.0370496746E+0	2.6903600407E+1	2.3034493653E-3
3.0393408660E+0	2.3123625678E+1	2.2789270875E-3
3.0416075160E+0	2.0244202286E+1	2.2543667257E-3
3.0438495869E+0	1.8285900956E+1	2.2297686905E-3
3.0460670410E+0	1.7254327764E+1	2.2051333928E-3
3.0482598414E+0	1.7140933257E+1	2.1804612443E-3
3.0504279513E+0	1.7924006054E+1	2.1557526574E-3
3.0525713347E+0	1.9569816734E+1	2.1310080450E-3
3.0546899556E+0	2.2033878096E+1	2.1062278206E-3
3.0567837786E+0	2.5262288841E+1	2.0814123983E-3
3.0588527688E+0	2.9193129273E+1	2.0565621928E-3
3.0608968915E+0	3.3757879645E+1	2.0316776194E-3
3.0629161127E+0	3.8882834237E+1	2.0067590939E-3
3.0649103985E+0	4.4490486966E+1	1.9818070327E-3
3.0668797157E+0	5.0500867259E+1	1.9568218529E-3
3.0688240313E+0	5.6832807969E+1	1.9318039720E-3
3.0707433129E+0	6.3405130194E+1	1.9067538080E-3
3.0726375283E+0	7.0137732909E+1	1.8816717796E-3
3.0745066460E+0	7.6952578256E+1	1.8565583060E-3
3.0763506346E+0	8.3774566166E+1	1.8314138067E-3
3.0781694634E+0	9.0532294591E+1	1.8062387021E-3
3.0799631019E+0	9.7158704005E+1	1.7810334128E-3
3.0817315203E+0	1.0359160702E+2	1.7557983600E-3
3.0834746889E+0	1.0977410584E+2	1.7305339655E-3
3.0851925786E+0	1.1565490187E+2	1.7052406515E-3
3.0868851607E+0	1.2118850328E+2	1.6799188405E-3
3.0885524069E+0	1.2633533717E+2	1.6545689559E-3
3.0901942894E+0	1.3106177428E+2	1.6291914212E-3
3.0918107807E+0	1.3534007414E+2	1.6037866605E-3
3.0934018538E+0	1.3914825976E+2	1.5783550984E-3
3.0949674821E+0	1.4246993033E+2	1.5528971598E-3
3.0965076394E+0	1.4529402110E+2	1.5274132703E-3
3.0980223001E+0	1.4761451896E+2	1.5019038556E-3
3.0995114388E+0	1.4943014241E+2	1.4763693421E-3
3.1009750306E+0	1.5074399370E+2	1.4508101565E-3
3.1024130510E+0	1.5156319103E+2	1.4252267258E-3
3.1038254761E+0	1.5189848762E+2	1.3996194778E-3
3.1052122822E+0	1.5176388419E+2	1.3739888402E-3
3.1065734461E+0	1.5117624076E+2	1.3483352414E-3
3.1079089451E+0	1.5015489266E+2	1.3226591101E-3
3.1092187570E+0	1.4872127559E+2	1.2969608754E-3
3.1105028597E+0	1.4689856330E+2	1.2712409668E-3
3.1117612318E+0	1.4471132128E+2	1.2454998140E-3
3.1129938524E+0	1.4218517910E+2	1.2197378472E-3
3.1142007007E+0	1.3934652332E+2	1.1939554970E-3
3.1153817567E+0	1.3622221275E+2	1.1681531941E-3
3.1165370006E+0	1.3283931681E+2	1.1423313699E-3
3.1176664131E+0	1.2922487789E+2	1.1164904558E-3
3.1187699753E+0	1.2540569772E+2	1.0906308836E-3
3.1198476688E+0	1.2140814776E+2	1.0647530855E-3
3.1208994755E+0	1.1725800312E+2	1.0388574939E-3
3.1219253780E+0	1.1298029931E+2	1.0129445417E-3
3.1229253590E+0	1.0859921100E+2	9.8701466182E-4
3.1238994018E+0	1.0413795161E+2	9.6106828758E-4
3.1248474902E+0	9.9618692727E+1	9.3510585261E-4
3.1257696083E+0	9.5062501730E+1	9.0912779076E-4
3.1266657407E+0	9.0489296604E+1	8.8313453619E-4
3.1275358724E+0	8.5917816267E+1	8.5712652325E-4
3.1283799890E+0	8.1365605100E+1	8.3110418659E-4
3.1291980762E+0	7.6849010231E+1	8.0506796108E-4
3.1299901204E+0	7.2383190153E+1	7.7901828182E-4
3.1307561084E+0	6.7982133335E+1	7.5295558414E-4
3.1314960274E+0	6.3658685493E+1	7.2688030358E-4
3.1322098650E+0	5.9424584279E+1	7.0079287589E-4
3.1328976092E+0	5.5290500196E+1	6.7469373705E-4
3.1335592487E+0	5.1266082637E+1	6.4858332323E-4
3.1341947723E+0	4.7360010005E+1	6.2246207073E-4
3.1348041694E+0	4.3580042977E+1	5.9633041614E-4
3.1353874298E+0	3.9933080022E+1	5.7018879612E-4
3.1359445438E+0	3.6425214400E+1	5.4403764760E-4
3.1364755020E+0	3.3061791909E+1	5.1787740760E-4
3.1369802957E+0	2.9847468760E+1	4.9170851331E-4
3.1374589163E+0	2.6786268996E+1	4.6553140213E-4
3.1379113559E+0	2.3881640973E+1	4.3934651156E-4
3.1383376069E+0	2.1136512451E+1	4.1315427928E-4
3.1387376622E+0	1.8553343930E+1	3.8695514312E-4
3.1391115150E+0	1.6134179902E+1	3.6074954110E-4
3.1394591592E+0	1.3880697758E+1	3.3453791144E-4
3.1397805890E+0	1.1794254097E+1	3.0832069259E-4
3.1400757989E+0	9.8759282750E+0	2.8209832342E-4
3.1403447841E+0	8.1265630195E+0	2.5587124334E-4
3.1405875400E+0	6.5468019942E+0	2.2963989267E-4
3.1408040626E+0	5.1371242088E+0	2.0340471372E-4
3.1409943483E+0	3.8978751956E+0	1.7716615272E-4
3.1411583939E+0	2.8292948815E+0	1.5092466531E-4
3.1412961968E+0	1.9315420705E+0	1.2468073282E-4
3.1414077547E+0	1.2047153646E+0	9.8434919423E-5
3.1414930663E+0	6.4886984521E-1	7.2188137769E-5
3.1415521316E+0	2.6402523763E-1	4.5943520243E-5
3.1415849628E+0	5.0109940521E-2	1.9736940383E-5