# Differential cross section		
# Author: P. Swaczyna	Princeton University	(swaczyna@princeton.edu)
# Date: 	Wed 17 Feb 2021 15:24:23	
# 		
# Charge transfer collision: He^0 + He^+ -> He^+ + He^0		
# 		
# Red. mass: 	1.8640723202E+9	 eV/c^2
# CM energy: 	2.9174270140E-4	 eV
# Rel speed: 	1.6772751859E+4	 cm/s
# Tot sigma: 	N/A	 a.u.
# Int sigma: 	5.5493093468E+2	 a.u.
# 		
# Columns:		
# the <- scattering angle (rad)		
# dcs <- dsigma/dOmega*2*pi*sin(the) (a.u. = 2.8002852056E-17 cm^2)		
# wei <- weight for cross section integration (approx. width of angle bin)		
# 		
# the	dcs	wei
7.6907532846E-6	4.5026671921E-3	1.9736940383E-5
4.0521979771E-5	2.3724202052E-2	4.5943520243E-5
9.9587300392E-5	5.8304874974E-2	7.2188137769E-5
1.8489884726E-4	1.0825175991E-1	9.8434919423E-5
2.9645680168E-4	1.7356488164E-1	1.2468073282E-4
4.3425968311E-4	2.5424319654E-1	1.5092466531E-4
5.9830531657E-4	3.5028510264E-1	1.7716615272E-4
7.8859101285E-4	4.6168847557E-1	2.0340471372E-4
1.0051136166E-3	5.8845061398E-1	2.2963989267E-4
1.2478695220E-3	7.3056815287E-1	2.5587124334E-4
1.5168546797E-3	8.8803695824E-1	2.8209832342E-4
1.8120645986E-3	1.0608520064E+0	3.0832069259E-4
2.1334943481E-3	1.2490072497E+0	3.3453791144E-4
2.4811385584E-3	1.4524954684E+0	3.6074954110E-4
2.8549914211E-3	1.6713081095E+0	3.8695514312E-4
3.2550466893E-3	1.9054351131E+0	4.1315427928E-4
3.6812976783E-3	2.1548647251E+0	4.3934651156E-4
4.1337372652E-3	2.4195832974E+0	4.6553140213E-4
4.6123578895E-3	2.6995750756E+0	4.9170851331E-4
5.1171515529E-3	2.9948219739E+0	5.1787740760E-4
5.6481098199E-3	3.3053033374E+0	5.4403764760E-4
6.2052238176E-3	3.6309956922E+0	5.7018879612E-4
6.7884842360E-3	3.9718724838E+0	5.9633041614E-4
7.3978813281E-3	4.3279038023E+0	6.2246207073E-4
8.0334049101E-3	4.6990560968E+0	6.4858332323E-4
8.6950443616E-3	5.0852918780E+0	6.7469373705E-4
9.3827886258E-3	5.4865694087E+0	7.0079287589E-4
1.0096626210E-2	5.9028423840E+0	7.2688030358E-4
1.0836545184E-2	6.3340595997E+0	7.5295558414E-4
1.1602533184E-2	6.7801646111E+0	7.7901828182E-4
1.2394577408E-2	7.2410953805E+0	8.0506796108E-4
1.3212664621E-2	7.7167839154E+0	8.3110418659E-4
1.4056781152E-2	8.2071558968E+0	8.5712652325E-4
1.4926912893E-2	8.7121302985E+0	8.8313453619E-4
1.5823045305E-2	9.2316189978E+0	9.0912779076E-4
1.6745163410E-2	9.7655263776E+0	9.3510585261E-4
1.7693251801E-2	1.0313748921E+1	9.6106828758E-4
1.8667294632E-2	1.0876174799E+1	9.8701466182E-4
1.9667275626E-2	1.1452683451E+1	1.0129445417E-3
2.0693178073E-2	1.2043145161E+1	1.0388574939E-3
2.1744984827E-2	1.2647420624E+1	1.0647530855E-3
2.2822678313E-2	1.3265360518E+1	1.0906308836E-3
2.3926240519E-2	1.3896805057E+1	1.1164904558E-3
2.5055653005E-2	1.4541583557E+1	1.1423313699E-3
2.6210896896E-2	1.5199513990E+1	1.1681531941E-3
2.7391952886E-2	1.5870402537E+1	1.1939554970E-3
2.8598801239E-2	1.6554043148E+1	1.2197378472E-3
2.9831421786E-2	1.7250217099E+1	1.2454998140E-3
3.1089793929E-2	1.7958692544E+1	1.2712409668E-3
3.2373896638E-2	1.8679224086E+1	1.2969608754E-3
3.3683708455E-2	1.9411552337E+1	1.3226591101E-3
3.5019207490E-2	2.0155403491E+1	1.3483352414E-3
3.6380371427E-2	2.0910488905E+1	1.3739888402E-3
3.7767177517E-2	2.1676504687E+1	1.3996194778E-3
3.9179602586E-2	2.2453131290E+1	1.4252267258E-3
4.0617623030E-2	2.3240033125E+1	1.4508101565E-3
4.2081214817E-2	2.4036858179E+1	1.4763693421E-3
4.3570353490E-2	2.4843237655E+1	1.5019038556E-3
4.5085014162E-2	2.5658785622E+1	1.5274132703E-3
4.6625171522E-2	2.6483098687E+1	1.5528971598E-3
4.8190799831E-2	2.7315755685E+1	1.5783550984E-3
4.9781872927E-2	2.8156317392E+1	1.6037866605E-3
5.1398364219E-2	2.9004326261E+1	1.6291914212E-3
5.3040246694E-2	2.9859306183E+1	1.6545689559E-3
5.4707492914E-2	3.0720762275E+1	1.6799188405E-3
5.6400075017E-2	3.1588180703E+1	1.7052406515E-3
5.8117964718E-2	3.2461028526E+1	1.7305339655E-3
5.9861133308E-2	3.3338753587E+1	1.7557983600E-3
6.1629551657E-2	3.4220784428E+1	1.7810334128E-3
6.3423190212E-2	3.5106530255E+1	1.8062387021E-3
6.5242019000E-2	3.5995380932E+1	1.8314138067E-3
6.7086007624E-2	3.6886707027E+1	1.8565583060E-3
6.8955125270E-2	3.7779859895E+1	1.8816717796E-3
7.0849340702E-2	3.8674171820E+1	1.9067538080E-3
7.2768622264E-2	3.9568956195E+1	1.9318039720E-3
7.4712937885E-2	4.0463507756E+1	1.9568218529E-3
7.6682255070E-2	4.1357102882E+1	1.9818070327E-3
7.8676540910E-2	4.2248999932E+1	2.0067590939E-3
8.0695762079E-2	4.3138439661E+1	2.0316776194E-3
8.2739884832E-2	4.4024645680E+1	2.0565621928E-3
8.4808875009E-2	4.4906824993E+1	2.0814123983E-3
8.6902698034E-2	4.5784168588E+1	2.1062278206E-3
8.9021318917E-2	4.6655852106E+1	2.1310080450E-3
9.1164702253E-2	4.7521036568E+1	2.1557526574E-3
9.3332812224E-2	4.8378869186E+1	2.1804612443E-3
9.5525612596E-2	4.9228484235E+1	2.2051333928E-3
9.7743066726E-2	5.0069004007E+1	2.2297686905E-3
9.9985137556E-2	5.0899539842E+1	2.2543667257E-3
1.0225178762E-1	5.1719193231E+1	2.2789270875E-3
1.0454297904E-1	5.2527057006E+1	2.3034493653E-3
1.0685867352E-1	5.3322216600E+1	2.3279331494E-3
1.0919883237E-1	5.4103751398E+1	2.3523780306E-3
1.1156341648E-1	5.4870736166E+1	2.3767836004E-3
1.1395238633E-1	5.5622242562E+1	2.4011494510E-3
1.1636570200E-1	5.6357340729E+1	2.4254751751E-3
1.1880332317E-1	5.7075100974E+1	2.4497603662E-3
1.2126520909E-1	5.7774595525E+1	2.4740046186E-3
1.2375131862E-1	5.8454900380E+1	2.4982075270E-3
1.2626161023E-1	5.9115097224E+1	2.5223686871E-3
1.2879604195E-1	5.9754275437E+1	2.5464876949E-3
1.3135457143E-1	6.0371534182E+1	2.5705641475E-3
1.3393715592E-1	6.0965984559E+1	2.5945976426E-3
1.3654375226E-1	6.1536751853E+1	2.6185877784E-3
1.3917431689E-1	6.2082977836E+1	2.6425341541E-3
1.4182880585E-1	6.2603823159E+1	2.6664363695E-3
1.4450717478E-1	6.3098469797E+1	2.6902940251E-3
1.4720937892E-1	6.3566123565E+1	2.7141067224E-3
1.4993537310E-1	6.4006016695E+1	2.7378740632E-3
1.5268511179E-1	6.4417410468E+1	2.7615956505E-3
1.5545854902E-1	6.4799597899E+1	2.7852710878E-3
1.5825563845E-1	6.5151906465E+1	2.8088999795E-3
1.6107633333E-1	6.5473700880E+1	2.8324819307E-3
1.6392058653E-1	6.5764385900E+1	2.8560165473E-3
1.6678835052E-1	6.6023409159E+1	2.8795034361E-3
1.6967957737E-1	6.6250264029E+1	2.9029422044E-3
1.7259421876E-1	6.6444492486E+1	2.9263324607E-3
1.7553222599E-1	6.6605687995E+1	2.9496738141E-3
1.7849354996E-1	6.6733498386E+1	2.9729658744E-3
1.8147814117E-1	6.6827628715E+1	2.9962082525E-3
1.8448594977E-1	6.6887844120E+1	3.0194005599E-3
1.8751692548E-1	6.6913972632E+1	3.0425424091E-3
1.9057101764E-1	6.6905907958E+1	3.0656334132E-3
1.9364817522E-1	6.6863612208E+1	3.0886731866E-3
1.9674834681E-1	6.6787118567E+1	3.1116613440E-3
1.9987148058E-1	6.6676533889E+1	3.1345975014E-3
2.0301752435E-1	6.6532041212E+1	3.1574812755E-3
2.0618642554E-1	6.6353902179E+1	3.1803122838E-3
2.0937813120E-1	6.6142459343E+1	3.2030901448E-3
2.1259258799E-1	6.5898138364E+1	3.2258144779E-3
2.1582974219E-1	6.5621450064E+1	3.2484849032E-3
2.1908953970E-1	6.5312992334E+1	3.2711010421E-3
2.2237192605E-1	6.4973451894E+1	3.2936625164E-3
2.2567684639E-1	6.4603605865E+1	3.3161689492E-3
2.2900424548E-1	6.4204323162E+1	3.3386199643E-3
2.3235406772E-1	6.3776565690E+1	3.3610151867E-3
2.3572625713E-1	6.3321389315E+1	3.3833542419E-3
2.3912075735E-1	6.2839944623E+1	3.4056367567E-3
2.4253751167E-1	6.2333477419E+1	3.4278623588E-3
2.4597646298E-1	6.1803328993E+1	3.4500306767E-3
2.4943755380E-1	6.1250936097E+1	3.4721413399E-3
2.5292072631E-1	6.0677830658E+1	3.4941939790E-3
2.5642592230E-1	6.0085639187E+1	3.5161882254E-3
2.5995308318E-1	5.9476081890E+1	3.5381237115E-3
2.6350215001E-1	5.8850971457E+1	3.5600000709E-3
2.6707306349E-1	5.8212211520E+1	3.5818169379E-3
2.7066576394E-1	5.7561794783E+1	3.6035739479E-3
2.7428019131E-1	5.6901800789E+1	3.6252707373E-3
2.7791628522E-1	5.6234393340E+1	3.6469069436E-3
2.8157398488E-1	5.5561817542E+1	3.6684822051E-3
2.8525322919E-1	5.4886396486E+1	3.6899961614E-3
2.8895395665E-1	5.4210527535E+1	3.7114484529E-3
2.9267610542E-1	5.3536678242E+1	3.7328387211E-3
2.9641961330E-1	5.2867381864E+1	3.7541666086E-3
3.0018441773E-1	5.2205232491E+1	3.7754317588E-3
3.0397045579E-1	5.1552879780E+1	3.7966338166E-3
3.0777766421E-1	5.0913023292E+1	3.8177724274E-3
3.1160597938E-1	5.0288406442E+1	3.8388472382E-3
3.1545533730E-1	4.9681810050E+1	3.8598578967E-3
3.1932567367E-1	4.9096045514E+1	3.8808040517E-3
3.2321692379E-1	4.8533947601E+1	3.9016853533E-3
3.2712902264E-1	4.7998366867E+1	3.9225014525E-3
3.3106190484E-1	4.7492161710E+1	3.9432520014E-3
3.3501550468E-1	4.7018190081E+1	3.9639366533E-3
3.3898975607E-1	4.6579300855E+1	3.9845550624E-3
3.4298459261E-1	4.6178324876E+1	4.0051068843E-3
3.4699994753E-1	4.5818065704E+1	4.0255917754E-3
3.5103575373E-1	4.5501290076E+1	4.0460093936E-3
3.5509194378E-1	4.5230718101E+1	4.0663593974E-3
3.5916844988E-1	4.5009013219E+1	4.0866414469E-3
3.6326520391E-1	4.4838771945E+1	4.1068552032E-3
3.6738213741E-1	4.4722513423E+1	4.1270003283E-3
3.7151918157E-1	4.4662668831E+1	4.1470764858E-3
3.7567626728E-1	4.4661570656E+1	4.1670833400E-3
3.7985332504E-1	4.4721441875E+1	4.1870205567E-3
3.8405028507E-1	4.4844385088E+1	4.2068878026E-3
3.8826707721E-1	4.5032371630E+1	4.2266847457E-3
3.9250363101E-1	4.5287230698E+1	4.2464110553E-3
3.9675987567E-1	4.5610638553E+1	4.2660664016E-3
4.0103574005E-1	4.6004107816E+1	4.2856504563E-3
4.0533115271E-1	4.6468976923E+1	4.3051628919E-3
4.0964604185E-1	4.7006399766E+1	4.3246033825E-3
4.1398033538E-1	4.7617335586E+1	4.3439716031E-3
4.1833396086E-1	4.8302539152E+1	4.3632672302E-3
4.2270684554E-1	4.9062551278E+1	4.3824899412E-3
4.2709891633E-1	4.9897689739E+1	4.4016394148E-3
4.3151009985E-1	5.0808040621E+1	4.4207153312E-3
4.3594032237E-1	5.1793450164E+1	4.4397173715E-3
4.4038950986E-1	5.2853517154E+1	4.4586452181E-3
4.4485758797E-1	5.3987585910E+1	4.4774985548E-3
4.4934448203E-1	5.5194739912E+1	4.4962770664E-3
4.5385011706E-1	5.6473796138E+1	4.5149804392E-3
4.5837441776E-1	5.7823300148E+1	4.5336083606E-3
4.6291730852E-1	5.9241521959E+1	4.5521605193E-3
4.6747871344E-1	6.0726452779E+1	4.5706366053E-3
4.7205855627E-1	6.2275802633E+1	4.5890363098E-3
4.7665676049E-1	6.3886998924E+1	4.6073593254E-3
4.8127324926E-1	6.5557185987E+1	4.6256053458E-3
4.8590794542E-1	6.7283225664E+1	4.6437740661E-3
4.9056077152E-1	6.9061698943E+1	4.6618651826E-3
4.9523164982E-1	7.0888908701E+1	4.6798783932E-3
4.9992050224E-1	7.2760883577E+1	4.6978133967E-3
5.0462725044E-1	7.4673383011E+1	4.7156698934E-3
5.0935181576E-1	7.6621903473E+1	4.7334475849E-3
5.1409411924E-1	7.8601685901E+1	4.7511461741E-3
5.1885408164E-1	8.0607724366E+1	4.7687653653E-3
5.2363162341E-1	8.2634775987E+1	4.7863048641E-3
5.2842666471E-1	8.4677372090E+1	4.8037643772E-3
5.3323912540E-1	8.6729830623E+1	4.8211436130E-3
5.3806892508E-1	8.8786269829E+1	4.8384422809E-3
5.4291598301E-1	9.0840623158E+1	4.8556600920E-3
5.4778021821E-1	9.2886655420E+1	4.8727967585E-3
5.5266154939E-1	9.4917980147E+1	4.8898519940E-3
5.5755989496E-1	9.6928078148E+1	4.9068255135E-3
5.6247517308E-1	9.8910317231E+1	4.9237170334E-3
5.6740730160E-1	1.0085797304E+2	4.9405262713E-3
5.7235619810E-1	1.0276425097E+2	4.9572529464E-3
5.7732177988E-1	1.0462230915E+2	4.9738967791E-3
5.8230396395E-1	1.0642528232E+2	4.9904574913E-3
5.8730266706E-1	1.0816630674E+2	5.0069348063E-3
5.9231780568E-1	1.0983854584E+2	5.0233284486E-3
5.9734929598E-1	1.1143521669E+2	5.0396381444E-3
6.0239705389E-1	1.1294961717E+2	5.0558636210E-3
6.0746099506E-1	1.1437515369E+2	5.0720046074E-3
6.1254103485E-1	1.1570536952E+2	5.0880608338E-3
6.1763708838E-1	1.1693397342E+2	5.1040320318E-3
6.2274907048E-1	1.1805486865E+2	5.1199179345E-3
6.2787689573E-1	1.1906218217E+2	5.1357182766E-3
6.3302047843E-1	1.1995029390E+2	5.1514327939E-3
6.3817973262E-1	1.2071386596E+2	5.1670612238E-3
6.4335457209E-1	1.2134787178E+2	5.1826033052E-3
6.4854491036E-1	1.2184762489E+2	5.1980587783E-3
6.5375066070E-1	1.2220880732E+2	5.2134273849E-3
6.5897173609E-1	1.2242749746E+2	5.2287088681E-3
6.6420804930E-1	1.2250019720E+2	5.2439029725E-3
6.6945951283E-1	1.2242385831E+2	5.2590094442E-3
6.7472603890E-1	1.2219590787E+2	5.2740280309E-3
6.8000753951E-1	1.2181427252E+2	5.2889584814E-3
6.8530392640E-1	1.2127740162E+2	5.3038005463E-3
6.9061511106E-1	1.2058428889E+2	5.3185539776E-3
6.9594100473E-1	1.1973449272E+2	5.3332185287E-3
7.0128151841E-1	1.1872815468E+2	5.3477939546E-3
7.0663656285E-1	1.1756601636E+2	5.3622800116E-3
7.1200604856E-1	1.1624943434E+2	5.3766764577E-3
7.1738988581E-1	1.1478039305E+2	5.3909830523E-3
7.2278798463E-1	1.1316151559E+2	5.4051995564E-3
7.2820025482E-1	1.1139607224E+2	5.4193257323E-3
7.3362660591E-1	1.0948798670E+2	5.4333613439E-3
7.3906694724E-1	1.0744183978E+2	5.4473061568E-3
7.4452118788E-1	1.0526287066E+2	5.4611599379E-3
7.4998923669E-1	1.0295697545E+2	5.4749224557E-3
7.5547100229E-1	1.0053070314E+2	5.4885934801E-3
7.6096639308E-1	9.7991248694E+1	5.5021727828E-3
7.6647531721E-1	9.5346443473E+1	5.5156601367E-3
7.7199768263E-1	9.2604742710E+1	5.5290553166E-3
7.7753339704E-1	8.9775210173E+1	5.5423580985E-3
7.8308236795E-1	8.6867499925E+1	5.5555682601E-3
7.8864450262E-1	8.3891835204E+1	5.5686855808E-3
7.9421970809E-1	8.0858984422E+1	5.5817098412E-3
7.9980789121E-1	7.7780234308E+1	5.5946408237E-3
8.0540895857E-1	7.4667360244E+1	5.6074783123E-3
8.1102281659E-1	7.1532593827E+1	5.6202220924E-3
8.1664937145E-1	6.8388587737E+1	5.6328719509E-3
8.2228852912E-1	6.5248377984E+1	5.6454276767E-3
8.2794019536E-1	6.2125343631E+1	5.6578890597E-3
8.3360427572E-1	5.9033164102E+1	5.6702558918E-3
8.3928067556E-1	5.5985774186E+1	5.6825279663E-3
8.4496930000E-1	5.2997316896E+1	5.6947050782E-3
8.5067005399E-1	5.0082094309E+1	5.7067870238E-3
8.5638284226E-1	4.7254516567E+1	5.7187736014E-3
8.6210756934E-1	4.4529049202E+1	5.7306646105E-3
8.6784413956E-1	4.1920158984E+1	5.7424598526E-3
8.7359245705E-1	3.9442258487E+1	5.7541591304E-3
8.7935242576E-1	3.7109649577E+1	5.7657622485E-3
8.8512394943E-1	3.4936466057E+1	5.7772690129E-3
8.9090693161E-1	3.2936615684E+1	5.7886792314E-3
8.9670127565E-1	3.1123721810E+1	5.7999927133E-3
9.0250688473E-1	2.9511064879E+1	5.8112092696E-3
9.0832366182E-1	2.8111524047E+1	5.8223287127E-3
9.1415150972E-1	2.6937519169E+1	5.8333508568E-3
9.1999033104E-1	2.6000953422E+1	5.8442755178E-3
9.2584002820E-1	2.5313156832E+1	5.8551025132E-3
9.3170050345E-1	2.4884830959E+1	5.8658316618E-3
9.3757165885E-1	2.4725995020E+1	5.8764627846E-3
9.4345339628E-1	2.4845933704E+1	5.8869957037E-3
9.4934561746E-1	2.5253146954E+1	5.8974302433E-3
9.5524822392E-1	2.5955301963E+1	5.9077662288E-3
9.6116111701E-1	2.6959187648E+1	5.9180034877E-3
9.6708419793E-1	2.8270671844E+1	5.9281418487E-3
9.7301736769E-1	2.9894661461E+1	5.9381811425E-3
9.7896052713E-1	3.1835065829E+1	5.9481212013E-3
9.8491357695E-1	3.4094763463E+1	5.9579618591E-3
9.9087641766E-1	3.6675572440E+1	5.9677029512E-3
9.9684894961E-1	3.9578224592E+1	5.9773443150E-3
1.0028310730E+0	4.2802343695E+1	5.9868857894E-3
1.0088226878E+0	4.6346427815E+1	5.9963272149E-3
1.0148236940E+0	5.0207835957E+1	6.0056684336E-3
1.0208339913E+0	5.4382779148E+1	6.0149092896E-3
1.0268534791E+0	5.8866316070E+1	6.0240496283E-3
1.0328820570E+0	6.3652353319E+1	6.0330892971E-3
1.0389196241E+0	6.8733650377E+1	6.0420281448E-3
1.0449660796E+0	7.4101829325E+1	6.0508660221E-3
1.0510213224E+0	7.9747389349E+1	6.0596027814E-3
1.0570852514E+0	8.5659726014E+1	6.0682382765E-3
1.0631577652E+0	9.1827155307E+1	6.0767723631E-3
1.0692387623E+0	9.8236942402E+1	6.0852048988E-3
1.0753281411E+0	1.0487533507E+2	6.0935357425E-3
1.0814257998E+0	1.1172760167E+2	6.1017647550E-3
1.0875316366E+0	1.1877807357E+2	6.1098917988E-3
1.0936455494E+0	1.2601019189E+2	6.1179167381E-3
1.0997674360E+0	1.3340655844E+2	6.1258394388E-3
1.1058971941E+0	1.4094899057E+2	6.1336597685E-3
1.1120347214E+0	1.4861857984E+2	6.1413775965E-3
1.1181799151E+0	1.5639575425E+2	6.1489927938E-3
1.1243326727E+0	1.6426034375E+2	6.1565052331E-3
1.1304928913E+0	1.7219164881E+2	6.1639147890E-3
1.1366604679E+0	1.8016851178E+2	6.1712213376E-3
1.1428352996E+0	1.8816939070E+2	6.1784247568E-3
1.1490172830E+0	1.9617243529E+2	6.1855249261E-3
1.1552063150E+0	2.0415556479E+2	6.1925217271E-3
1.1614022920E+0	2.1209654729E+2	6.1994150427E-3
1.1676051105E+0	2.1997308020E+2	6.2062047577E-3
1.1738146669E+0	2.2776287157E+2	6.2128907587E-3
1.1800308574E+0	2.3544372187E+2	6.2194729339E-3
1.1862535782E+0	2.4299360573E+2	6.2259511734E-3
1.1924827251E+0	2.5039075354E+2	6.2323253688E-3
1.1987181942E+0	2.5761373227E+2	6.2385954138E-3
1.2049598812E+0	2.6464152531E+2	6.2447612034E-3
1.2112076818E+0	2.7145361094E+2	6.2508226346E-3
1.2174614916E+0	2.7803003895E+2	6.2567796062E-3
1.2237212062E+0	2.8435150522E+2	6.2626320186E-3
1.2299867208E+0	2.9039942380E+2	6.2683797740E-3
1.2362579308E+0	2.9615599623E+2	6.2740227763E-3
1.2425347314E+0	3.0160427770E+2	6.2795609313E-3
1.2488170177E+0	3.0672823975E+2	6.2849941464E-3
1.2551046847E+0	3.1151282939E+2	6.2903223308E-3
1.2613976273E+0	3.1594402402E+2	6.2955453954E-3
1.2676957404E+0	3.2000888231E+2	6.3006632530E-3
1.2739989187E+0	3.2369559041E+2	6.3056758180E-3
1.2803070569E+0	3.2699350361E+2	6.3105830068E-3
1.2866200496E+0	3.2989318304E+2	6.3153847371E-3
1.2929377912E+0	3.3238642735E+2	6.3200809290E-3
1.2992601762E+0	3.3446629919E+2	6.3246715037E-3
1.3055870990E+0	3.3612714642E+2	6.3291563847E-3
1.3119184537E+0	3.3736461797E+2	6.3335354970E-3
1.3182541347E+0	3.3817567419E+2	6.3378087674E-3
1.3245940360E+0	3.3855859181E+2	6.3419761245E-3
1.3309380516E+0	3.3851296341E+2	6.3460374987E-3
1.3372860756E+0	3.3803969149E+2	6.3499928220E-3
1.3436380019E+0	3.3714097716E+2	6.3538420284E-3
1.3499937243E+0	3.3582030349E+2	6.3575850535E-3
1.3563531366E+0	3.3408241379E+2	6.3612218349E-3
1.3627161325E+0	3.3193328476E+2	6.3647523117E-3
1.3690826057E+0	3.2938009485E+2	6.3681764249E-3
1.3754524499E+0	3.2643118785E+2	6.3714941173E-3
1.3818255585E+0	3.2309603214E+2	6.3747053335E-3
1.3882018250E+0	3.1938517556E+2	6.3778100198E-3
1.3945811430E+0	3.1531019648E+2	6.3808081243E-3
1.4009634057E+0	3.1088365101E+2	6.3836995970E-3
1.4073485066E+0	3.0611901696E+2	6.3864843894E-3
1.4137363389E+0	3.0103063458E+2	6.3891624551E-3
1.4201267959E+0	2.9563364466E+2	6.3917337493E-3
1.4265197708E+0	2.8994392413E+2	6.3941982290E-3
1.4329151568E+0	2.8397801960E+2	6.3965558531E-3
1.4393128469E+0	2.7775307918E+2	6.3988065821E-3
1.4457127343E+0	2.7128678300E+2	6.4009503785E-3
1.4521147120E+0	2.6459727265E+2	6.4029872063E-3
1.4585186731E+0	2.5770308003E+2	6.4049170317E-3
1.4649245104E+0	2.5062305602E+2	6.4067398222E-3
1.4713321170E+0	2.4337629911E+2	6.4084555476E-3
1.4777413858E+0	2.3598208468E+2	6.4100641790E-3
1.4841522097E+0	2.2845979492E+2	6.4115656896E-3
1.4905644815E+0	2.2082885006E+2	6.4129600544E-3
1.4969780940E+0	2.1310864102E+2	6.4142472499E-3
1.5033929402E+0	2.0531846392E+2	6.4154272548E-3
1.5098089128E+0	1.9747745664E+2	6.4165000493E-3
1.5162259046E+0	1.8960453786E+2	6.4174656154E-3
1.5226438083E+0	1.8171834880E+2	6.4183239370E-3
1.5290625167E+0	1.7383719772E+2	6.4190749998E-3
1.5354819225E+0	1.6597900782E+2	6.4197187912E-3
1.5419019185E+0	1.5816126827E+2	6.4202553005E-3
1.5483223974E+0	1.5040098891E+2	6.4206845187E-3
1.5547432518E+0	1.4271465863E+2	6.4210064386E-3
1.5611643745E+0	1.3511820750E+2	6.4212210549E-3
1.5675856581E+0	1.2762697297E+2	6.4213283639E-3
1.5740069954E+0	1.2025566993E+2	6.4213283639E-3
1.5804282791E+0	1.1301836495E+2	6.4212210549E-3
1.5868494018E+0	1.0592845457E+2	6.4210064386E-3
1.5932702562E+0	9.8998647670E+1	6.4206845187E-3
1.5996907351E+0	9.2240951912E+1	6.4202553005E-3
1.6061107310E+0	8.5666664221E+1	6.4197187912E-3
1.6125301369E+0	7.9286365169E+1	6.4190749998E-3
1.6189488453E+0	7.3109917210E+1	6.4183239370E-3
1.6253667490E+0	6.7146466626E+1	6.4174656154E-3
1.6317837408E+0	6.1404449027E+1	6.4165000493E-3
1.6381997134E+0	5.5891598263E+1	6.4154272548E-3
1.6446145595E+0	5.0614958524E+1	6.4142472499E-3
1.6510281721E+0	4.5580899463E+1	6.4129600544E-3
1.6574404439E+0	4.0795134090E+1	6.4115656896E-3
1.6638512678E+0	3.6262739211E+1	6.4100641790E-3
1.6702605366E+0	3.1988178169E+1	6.4084555476E-3
1.6766681432E+0	2.7975325616E+1	6.4067398222E-3
1.6830739805E+0	2.4227494052E+1	6.4049170317E-3
1.6894779416E+0	2.0747461858E+1	6.4029872063E-3
1.6958799193E+0	1.7537502533E+1	6.4009503785E-3
1.7022798067E+0	1.4599414858E+1	6.3988065821E-3
1.7086774968E+0	1.1934553702E+1	6.3965558531E-3
1.7150728827E+0	9.5438611781E+0	6.3941982290E-3
1.7214658576E+0	7.4278978801E+0	6.3917337493E-3
1.7278563146E+0	5.5868739140E+0	6.3891624551E-3
1.7342441470E+0	4.0206794625E+0	6.3864843894E-3
1.7406292478E+0	2.7289146199E+0	6.3836995970E-3
1.7470115106E+0	1.7109182498E+0	6.3808081243E-3
1.7533908286E+0	9.6579562838E-1	6.3778100198E-3
1.7597670951E+0	4.9244465230E-1	6.3747053335E-3
1.7661402037E+0	2.8958040359E-1	6.3714941173E-3
1.7725100479E+0	3.5575788275E-1	6.3681764249E-3
1.7788765211E+0	6.8939273821E-1	6.3647523117E-3
1.7852395170E+0	1.2887798403E+0	6.3612218349E-3
1.7915989293E+0	2.1521095681E+0	6.3575850535E-3
1.7979546517E+0	3.2774816979E+0	6.3538420284E-3
1.8043065780E+0	4.6629168053E+0	6.3499928220E-3
1.8106546020E+0	6.3063651138E+0	6.3460374987E-3
1.8169986176E+0	8.2057127456E+0	6.3419761245E-3
1.8233385189E+0	1.0358785354E+1	6.3378087674E-3
1.8296741999E+0	1.2763349137E+1	6.3335354970E-3
1.8360055546E+0	1.5417109260E+1	6.3291563847E-3
1.8423324774E+0	1.8317705732E+1	6.3246715037E-3
1.8486548624E+0	2.1462706800E+1	6.3200809290E-3
1.8549726040E+0	2.4849599955E+1	6.3153847371E-3
1.8612855967E+0	2.8475780665E+1	6.3105830068E-3
1.8675937349E+0	3.2338538948E+1	6.3056758180E-3
1.8738969132E+0	3.6435043957E+1	6.3006632530E-3
1.8801950263E+0	4.0762326714E+1	6.2955453954E-3
1.8864879689E+0	4.5317261201E+1	6.2903223308E-3
1.8927756359E+0	5.0096543987E+1	6.2849941464E-3
1.8990579222E+0	5.5096672608E+1	6.2795609313E-3
1.9053347228E+0	6.0313922915E+1	6.2740227763E-3
1.9116059328E+0	6.5744325631E+1	6.2683797740E-3
1.9178714474E+0	7.1383642344E+1	6.2626320186E-3
1.9241311620E+0	7.7227341189E+1	6.2567796062E-3
1.9303849718E+0	8.3270572468E+1	6.2508226346E-3
1.9366327724E+0	8.9508144460E+1	6.2447612034E-3
1.9428744594E+0	9.5934499679E+1	6.2385954138E-3
1.9491099285E+0	1.0254369183E+2	6.2323253688E-3
1.9553390754E+0	1.0932936370E+2	6.2259511734E-3
1.9615617961E+0	1.1628472628E+2	6.2194729339E-3
1.9677779867E+0	1.2340253929E+2	6.2128907587E-3
1.9739875431E+0	1.3067509339E+2	6.2062047577E-3
1.9801903616E+0	1.3809419424E+2	6.1994150427E-3
1.9863863386E+0	1.4565114879E+2	6.1925217271E-3
1.9925753706E+0	1.5333675370E+2	6.1855249261E-3
1.9987573540E+0	1.6114128636E+2	6.1784247568E-3
2.0049321857E+0	1.6905449857E+2	6.1712213376E-3
2.0110997623E+0	1.7706561298E+2	6.1639147890E-3
2.0172599809E+0	1.8516332253E+2	6.1565052331E-3
2.0234127385E+0	1.9333579289E+2	6.1489927938E-3
2.0295579322E+0	2.0157066818E+2	6.1413775965E-3
2.0356954595E+0	2.0985507978E+2	6.1336597685E-3
2.0418252176E+0	2.1817565861E+2	6.1258394388E-3
2.0479471042E+0	2.2651855060E+2	6.1179167381E-3
2.0540610170E+0	2.3486943558E+2	6.1098917988E-3
2.0601668538E+0	2.4321354957E+2	6.1017647550E-3
2.0662645125E+0	2.5153571028E+2	6.0935357425E-3
2.0723538913E+0	2.5982034593E+2	6.0852048988E-3
2.0784348884E+0	2.6805152735E+2	6.0767723631E-3
2.0845074022E+0	2.7621300301E+2	6.0682382765E-3
2.0905713312E+0	2.8428823723E+2	6.0596027814E-3
2.0966265740E+0	2.9226045117E+2	6.0508660221E-3
2.1026730295E+0	3.0011266652E+2	6.0420281448E-3
2.1087105966E+0	3.0782775182E+2	6.0330892971E-3
2.1147391745E+0	3.1538847103E+2	6.0240496283E-3
2.1207586623E+0	3.2277753440E+2	6.0149092896E-3
2.1267689596E+0	3.2997765121E+2	6.0056684336E-3
2.1327699657E+0	3.3697158422E+2	5.9963272149E-3
2.1387615806E+0	3.4374220566E+2	5.9868857894E-3
2.1447437040E+0	3.5027255440E+2	5.9773443150E-3
2.1507162359E+0	3.5654589416E+2	5.9677029512E-3
2.1566790766E+0	3.6254577230E+2	5.9579618591E-3
2.1626321265E+0	3.6825607920E+2	5.9481212013E-3
2.1685752859E+0	3.7366110764E+2	5.9381811425E-3
2.1745084557E+0	3.7874561214E+2	5.9281418487E-3
2.1804315366E+0	3.8349486786E+2	5.9180034877E-3
2.1863444297E+0	3.8789472879E+2	5.9077662288E-3
2.1922470361E+0	3.9193168496E+2	5.8974302433E-3
2.1981392573E+0	3.9559291841E+2	5.8869957037E-3
2.2040209947E+0	3.9886635759E+2	5.8764627846E-3
2.2098921501E+0	4.0174073002E+2	5.8658316618E-3
2.2157526254E+0	4.0420561282E+2	5.8551025132E-3
2.2216023226E+0	4.0625148097E+2	5.8442755178E-3
2.2274411439E+0	4.0786975305E+2	5.8333508568E-3
2.2332689918E+0	4.0905283409E+2	5.8223287127E-3
2.2390857689E+0	4.0979415555E+2	5.8112092696E-3
2.2448913779E+0	4.1008821206E+2	5.7999927133E-3
2.2506857220E+0	4.0993059472E+2	5.7886792314E-3
2.2564687042E+0	4.0931802092E+2	5.7772690129E-3
2.2622402278E+0	4.0824836042E+2	5.7657622485E-3
2.2680001965E+0	4.0672065758E+2	5.7541591304E-3
2.2737485140E+0	4.0473514962E+2	5.7424598526E-3
2.2794850843E+0	4.0229328085E+2	5.7306646105E-3
2.2852098113E+0	3.9939771268E+2	5.7187736014E-3
2.2909225996E+0	3.9605232947E+2	5.7067870238E-3
2.2966233536E+0	3.9226224014E+2	5.6947050782E-3
2.3023119780E+0	3.8803377545E+2	5.6825279663E-3
2.3079883779E+0	3.8337448098E+2	5.6702558918E-3
2.3136524582E+0	3.7829310597E+2	5.6578890597E-3
2.3193041245E+0	3.7279958771E+2	5.6454276767E-3
2.3249432821E+0	3.6690503196E+2	5.6328719509E-3
2.3305698370E+0	3.6062168910E+2	5.6202220924E-3
2.3361836950E+0	3.5396292634E+2	5.6074783123E-3
2.3417847624E+0	3.4694319596E+2	5.5946408237E-3
2.3473729455E+0	3.3957799976E+2	5.5817098412E-3
2.3529481510E+0	3.3188384990E+2	5.5686855808E-3
2.3585102856E+0	3.2387822614E+2	5.5555682601E-3
2.3640592565E+0	3.1557952981E+2	5.5423580985E-3
2.3695949710E+0	3.0700703460E+2	5.5290553166E-3
2.3751173364E+0	2.9818083434E+2	5.5156601367E-3
2.3806262605E+0	2.8912178811E+2	5.5021727828E-3
2.3861216513E+0	2.7985146266E+2	5.4885934801E-3
2.3916034169E+0	2.7039207261E+2	5.4749224557E-3
2.3970714657E+0	2.6076641854E+2	5.4611599379E-3
2.4025257064E+0	2.5099782313E+2	5.4473061568E-3
2.4079660477E+0	2.4111006578E+2	5.4333613439E-3
2.4133923988E+0	2.3112731583E+2	5.4193257323E-3
2.4188046690E+0	2.2107406460E+2	5.4051995564E-3
2.4242027678E+0	2.1097505661E+2	5.3909830523E-3
2.4295866050E+0	2.0085522021E+2	5.3766764577E-3
2.4349560907E+0	1.9073959777E+2	5.3622800116E-3
2.4403111352E+0	1.8065327581E+2	5.3477939546E-3
2.4456516489E+0	1.7062131525E+2	5.3332185287E-3
2.4509775425E+0	1.6066868204E+2	5.3185539776E-3
2.4562887272E+0	1.5082017843E+2	5.3038005463E-3
2.4615851141E+0	1.4110037504E+2	5.2889584814E-3
2.4668666147E+0	1.3153354412E+2	5.2740280309E-3
2.4721331408E+0	1.2214359401E+2	5.2590094442E-3
2.4773846043E+0	1.1295400520E+2	5.2439029725E-3
2.4826209175E+0	1.0398776808E+2	5.2287088681E-3
2.4878419929E+0	9.5267322641E+1	5.2134273849E-3
2.4930477432E+0	8.6814500260E+1	5.1980587783E-3
2.4982380815E+0	7.8650467785E+1	5.1826033052E-3
2.5034129210E+0	7.0795674060E+1	5.1670612238E-3
2.5085721752E+0	6.3269799057E+1	5.1514327939E-3
2.5137157579E+0	5.6091705734E+1	5.1357182766E-3
2.5188435831E+0	4.9279394772E+1	5.1199179345E-3
2.5239555652E+0	4.2849962276E+1	5.1040320318E-3
2.5290516187E+0	3.6819560567E+1	5.0880608338E-3
2.5341316585E+0	3.1203362130E+1	5.0720046074E-3
2.5391955997E+0	2.6015526817E+1	5.0558636210E-3
2.5442433576E+0	2.1269172339E+1	5.0396381444E-3
2.5492748479E+0	1.6976348116E+1	5.0233284486E-3
2.5542899865E+0	1.3148012513E+1	5.0069348063E-3
2.5592886896E+0	9.7940134807E+0	4.9904574913E-3
2.5642708737E+0	6.9230726130E+0	4.9738967791E-3
2.5692364555E+0	4.5427726199E+0	4.9572529464E-3
2.5741853520E+0	2.6595481966E+0	4.9405262713E-3
2.5791174805E+0	1.2786802642E+0	4.9237170334E-3
2.5840327586E+0	4.0429354147E-1	4.9068255135E-3
2.5889311042E+0	3.9357399126E-2	4.8898519940E-3
2.5938124354E+0	1.8568993543E-1	4.8727967585E-3
2.5986766706E+0	8.4396520312E-1	4.8556600920E-3
2.6035237285E+0	2.0137235077E+0	4.8384422809E-3
2.6083535282E+0	3.6933846877E+0	4.8211436130E-3
2.6131659889E+0	5.8802642807E+0	4.8037643772E-3
2.6179610302E+0	8.5705924682E+0	4.7863048641E-3
2.6227385719E+0	1.1759535689E+1	4.7687653653E-3
2.6274985343E+0	1.5441220799E+1	4.7511461741E-3
2.6322408378E+0	1.9608761659E+1	4.7334475849E-3
2.6369654032E+0	2.4254288010E+1	4.7156698934E-3
2.6416721513E+0	2.9368976513E+1	4.6978133967E-3
2.6463610038E+0	3.4943083803E+1	4.6798783932E-3
2.6510318821E+0	4.0965981421E+1	4.6618651826E-3
2.6556847082E+0	4.7426192486E+1	4.6437740661E-3
2.6603194043E+0	5.4311429937E+1	4.6256053458E-3
2.6649358931E+0	6.1608636225E+1	4.6073593254E-3
2.6695340973E+0	6.9304024280E+1	4.5890363098E-3
2.6741139402E+0	7.7383119624E+1	4.5706366053E-3
2.6786753451E+0	8.5830803459E+1	4.5521605193E-3
2.6832182358E+0	9.4631356600E+1	4.5336083606E-3
2.6877425365E+0	1.0376850409E+2	4.5149804392E-3
2.6922481716E+0	1.1322546038E+2	4.4962770664E-3
2.6967350656E+0	1.2298497484E+2	4.4774985548E-3
2.7012031437E+0	1.3302937763E+2	4.4586452181E-3
2.7056523312E+0	1.4334062560E+2	4.4397173715E-3
2.7100825537E+0	1.5390034822E+2	4.4207153312E-3
2.7144937373E+0	1.6468989335E+2	4.4016394148E-3
2.7188858081E+0	1.7569037274E+2	4.3824899412E-3
2.7232586927E+0	1.8688270712E+2	4.3632672302E-3
2.7276123182E+0	1.9824767081E+2	4.3439716031E-3
2.7319466117E+0	2.0976593565E+2	4.3246033825E-3
2.7362615009E+0	2.2141811429E+2	4.3051628919E-3
2.7405569135E+0	2.3318480252E+2	4.2856504563E-3
2.7448327779E+0	2.4504662081E+2	4.2660664016E-3
2.7490890226E+0	2.5698425469E+2	4.2464110553E-3
2.7533255764E+0	2.6897849417E+2	4.2266847457E-3
2.7575423685E+0	2.8101027186E+2	4.2068878026E-3
2.7617393285E+0	2.9306069990E+2	4.1870205567E-3
2.7659163863E+0	3.0511110557E+2	4.1670833400E-3
2.7700734720E+0	3.1714306552E+2	4.1470764858E-3
2.7742105162E+0	3.2913843852E+2	4.1270003283E-3
2.7783274497E+0	3.4107939681E+2	4.1068552032E-3
2.7824242037E+0	3.5294845590E+2	4.0866414469E-3
2.7865007098E+0	3.6472850276E+2	4.0663593974E-3
2.7905568999E+0	3.7640282254E+2	4.0460093936E-3
2.7945927061E+0	3.8795512357E+2	4.0255917754E-3
2.7986080610E+0	3.9936956080E+2	4.0051068843E-3
2.8026028975E+0	4.1063075758E+2	3.9845550624E-3
2.8065771489E+0	4.2172382580E+2	3.9639366533E-3
2.8105307487E+0	4.3263438435E+2	3.9432520014E-3
2.8144636309E+0	4.4334857603E+2	3.9225014525E-3
2.8183757298E+0	4.5385308267E+2	3.9016853533E-3
2.8222669799E+0	4.6413513879E+2	3.8808040517E-3
2.8261373163E+0	4.7418254349E+2	3.8598578967E-3
2.8299866742E+0	4.8398367089E+2	3.8388472382E-3
2.8338149894E+0	4.9352747894E+2	3.8177724274E-3
2.8376221978E+0	5.0280351665E+2	3.7966338166E-3
2.8414082359E+0	5.1180192993E+2	3.7754317588E-3
2.8451730403E+0	5.2051346583E+2	3.7541666086E-3
2.8489165482E+0	5.2892947547E+2	3.7328387211E-3
2.8526386969E+0	5.3704191546E+2	3.7114484529E-3
2.8563394244E+0	5.4484334806E+2	3.6899961614E-3
2.8600186687E+0	5.5232693999E+2	3.6684822051E-3
2.8636763684E+0	5.5948646002E+2	3.6469069436E-3
2.8673124623E+0	5.6631627528E+2	3.6252707373E-3
2.8709268897E+0	5.7281134648E+2	3.6035739479E-3
2.8745195901E+0	5.7896722201E+2	3.5818169379E-3
2.8780905036E+0	5.8478003096E+2	3.5600000709E-3
2.8816395704E+0	5.9024647515E+2	3.5381237115E-3
2.8851667313E+0	5.9536382023E+2	3.5161882254E-3
2.8886719273E+0	6.0012988587E+2	3.4941939790E-3
2.8921550998E+0	6.0454303513E+2	3.4721413399E-3
2.8956161906E+0	6.0860216303E+2	3.4500306767E-3
2.8990551419E+0	6.1230668441E+2	3.4278623588E-3
2.9024718962E+0	6.1565652111E+2	3.4056367567E-3
2.9058663965E+0	6.1865208856E+2	3.3833542419E-3
2.9092385859E+0	6.2129428176E+2	3.3610151867E-3
2.9125884081E+0	6.2358446080E+2	3.3386199643E-3
2.9159158072E+0	6.2552443589E+2	3.3161689492E-3
2.9192207275E+0	6.2711645203E+2	3.2936625164E-3
2.9225031139E+0	6.2836317328E+2	3.2711010421E-3
2.9257629114E+0	6.2926766675E+2	3.2484849032E-3
2.9290000656E+0	6.2983338632E+2	3.2258144779E-3
2.9322145224E+0	6.3006415622E+2	3.2030901448E-3
2.9354062280E+0	6.2996415432E+2	3.1803122838E-3
2.9385751292E+0	6.2953789545E+2	3.1574812755E-3
2.9417211730E+0	6.2879021452E+2	3.1345975014E-3
2.9448443068E+0	6.2772624969E+2	3.1116613440E-3
2.9479444784E+0	6.2635142550E+2	3.0886731866E-3
2.9510216360E+0	6.2467143608E+2	3.0656334132E-3
2.9540757281E+0	6.2269222839E+2	3.0425424091E-3
2.9571067038E+0	6.2041998564E+2	3.0194005599E-3
2.9601145124E+0	6.1786111079E+2	2.9962082525E-3
2.9630991036E+0	6.1502221029E+2	2.9729658744E-3
2.9660604276E+0	6.1191007795E+2	2.9496738141E-3
2.9689984348E+0	6.0853167913E+2	2.9263324607E-3
2.9719130762E+0	6.0489413512E+2	2.9029422044E-3
2.9748043031E+0	6.0100470787E+2	2.8795034361E-3
2.9776720671E+0	5.9687078493E+2	2.8560165473E-3
2.9805163203E+0	5.9249986480E+2	2.8324819307E-3
2.9833370151E+0	5.8789954260E+2	2.8088999795E-3
2.9861341046E+0	5.8307749608E+2	2.7852710878E-3
2.9889075418E+0	5.7804147203E+2	2.7615956505E-3
2.9916572805E+0	5.7279927306E+2	2.7378740632E-3
2.9943832747E+0	5.6735874480E+2	2.7141067224E-3
2.9970854788E+0	5.6172776350E+2	2.6902940251E-3
2.9997638477E+0	5.5591422403E+2	2.6664363695E-3
3.0024183367E+0	5.4992602839E+2	2.6425341541E-3
3.0050489013E+0	5.4377107454E+2	2.6185877784E-3
3.0076554977E+0	5.3745724574E+2	2.5945976426E-3
3.0102380822E+0	5.3099240035E+2	2.5705641475E-3
3.0127966116E+0	5.2438436201E+2	2.5464876949E-3
3.0153310434E+0	5.1764091034E+2	2.5223686871E-3
3.0178413350E+0	5.1076977203E+2	2.4982075270E-3
3.0203274445E+0	5.0377861239E+2	2.4740046186E-3
3.0227893304E+0	4.9667502739E+2	2.4497603662E-3
3.0252269516E+0	4.8946653607E+2	2.4254751751E-3
3.0276402673E+0	4.8216057344E+2	2.4011494510E-3
3.0300292371E+0	4.7476448380E+2	2.3767836004E-3
3.0323938212E+0	4.6728551450E+2	2.3523780306E-3
3.0347339801E+0	4.5973081007E+2	2.3279331494E-3
3.0370496746E+0	4.5210740686E+2	2.3034493653E-3
3.0393408660E+0	4.4442222796E+2	2.2789270875E-3
3.0416075160E+0	4.3668207869E+2	2.2543667257E-3
3.0438495869E+0	4.2889364229E+2	2.2297686905E-3
3.0460670410E+0	4.2106347616E+2	2.2051333928E-3
3.0482598414E+0	4.1319800837E+2	2.1804612443E-3
3.0504279513E+0	4.0530353456E+2	2.1557526574E-3
3.0525713347E+0	3.9738621522E+2	2.1310080450E-3
3.0546899556E+0	3.8945207327E+2	2.1062278206E-3
3.0567837786E+0	3.8150699204E+2	2.0814123983E-3
3.0588527688E+0	3.7355671346E+2	2.0565621928E-3
3.0608968915E+0	3.6560683670E+2	2.0316776194E-3
3.0629161127E+0	3.5766281698E+2	2.0067590939E-3
3.0649103985E+0	3.4972996475E+2	1.9818070327E-3
3.0668797157E+0	3.4181344514E+2	1.9568218529E-3
3.0688240313E+0	3.3391827761E+2	1.9318039720E-3
3.0707433129E+0	3.2604933595E+2	1.9067538080E-3
3.0726375283E+0	3.1821134847E+2	1.8816717796E-3
3.0745066460E+0	3.1040889837E+2	1.8565583060E-3
3.0763506346E+0	3.0264642448E+2	1.8314138067E-3
3.0781694634E+0	2.9492822202E+2	1.8062387021E-3
3.0799631019E+0	2.8725844371E+2	1.7810334128E-3
3.0817315203E+0	2.7964110099E+2	1.7557983600E-3
3.0834746889E+0	2.7208006544E+2	1.7305339655E-3
3.0851925786E+0	2.6457907034E+2	1.7052406515E-3
3.0868851607E+0	2.5714171245E+2	1.6799188405E-3
3.0885524069E+0	2.4977145383E+2	1.6545689559E-3
3.0901942894E+0	2.4247162390E+2	1.6291914212E-3
3.0918107807E+0	2.3524542152E+2	1.6037866605E-3
3.0934018538E+0	2.2809591733E+2	1.5783550984E-3
3.0949674821E+0	2.2102605603E+2	1.5528971598E-3
3.0965076394E+0	2.1403865885E+2	1.5274132703E-3
3.0980223001E+0	2.0713642612E+2	1.5019038556E-3
3.0995114388E+0	2.0032193986E+2	1.4763693421E-3
3.1009750306E+0	1.9359766649E+2	1.4508101565E-3
3.1024130510E+0	1.8696595957E+2	1.4252267258E-3
3.1038254761E+0	1.8042906262E+2	1.3996194778E-3
3.1052122822E+0	1.7398911193E+2	1.3739888402E-3
3.1065734461E+0	1.6764813954E+2	1.3483352414E-3
3.1079089451E+0	1.6140807609E+2	1.3226591101E-3
3.1092187570E+0	1.5527075379E+2	1.2969608754E-3
3.1105028597E+0	1.4923790942E+2	1.2712409668E-3
3.1117612318E+0	1.4331118730E+2	1.2454998140E-3
3.1129938524E+0	1.3749214225E+2	1.2197378472E-3
3.1142007007E+0	1.3178224266E+2	1.1939554970E-3
3.1153817567E+0	1.2618287340E+2	1.1681531941E-3
3.1165370006E+0	1.2069533886E+2	1.1423313699E-3
3.1176664131E+0	1.1532086587E+2	1.1164904558E-3
3.1187699753E+0	1.1006060670E+2	1.0906308836E-3
3.1198476688E+0	1.0491564195E+2	1.0647530855E-3
3.1208994755E+0	9.9886983478E+1	1.0388574939E-3
3.1219253780E+0	9.4975577234E+1	1.0129445417E-3
3.1229253590E+0	9.0182306121E+1	9.8701466182E-4
3.1238994018E+0	8.5507992778E+1	9.6106828758E-4
3.1248474902E+0	8.0953402337E+1	9.3510585261E-4
3.1257696083E+0	7.6519245133E+1	9.0912779076E-4
3.1266657407E+0	7.2206179355E+1	8.8313453619E-4
3.1275358724E+0	6.8014813668E+1	8.5712652325E-4
3.1283799890E+0	6.3945709756E+1	8.3110418659E-4
3.1291980762E+0	5.9999384832E+1	8.0506796108E-4
3.1299901204E+0	5.6176314076E+1	7.7901828182E-4
3.1307561084E+0	5.2476933014E+1	7.5295558414E-4
3.1314960274E+0	4.8901639843E+1	7.2688030358E-4
3.1322098650E+0	4.5450797682E+1	7.0079287589E-4
3.1328976092E+0	4.2124736764E+1	6.7469373705E-4
3.1335592487E+0	3.8923756557E+1	6.4858332323E-4
3.1341947723E+0	3.5848127818E+1	6.2246207073E-4
3.1348041694E+0	3.2898094579E+1	5.9633041614E-4
3.1353874298E+0	3.0073876054E+1	5.7018879612E-4
3.1359445438E+0	2.7375668485E+1	5.4403764760E-4
3.1364755020E+0	2.4803646903E+1	5.1787740760E-4
3.1369802957E+0	2.2357966822E+1	4.9170851331E-4
3.1374589163E+0	2.0038765858E+1	4.6553140213E-4
3.1379113559E+0	1.7846165267E+1	4.3934651156E-4
3.1383376069E+0	1.5780271408E+1	4.1315427928E-4
3.1387376622E+0	1.3841177131E+1	3.8695514312E-4
3.1391115150E+0	1.2028963089E+1	3.6074954110E-4
3.1394591592E+0	1.0343698960E+1	3.3453791144E-4
3.1397805890E+0	8.7854446037E+0	3.0832069259E-4
3.1400757989E+0	7.3542511323E+0	2.8209832342E-4
3.1403447841E+0	6.0501618984E+0	2.5587124334E-4
3.1405875400E+0	4.8732134062E+0	2.2963989267E-4
3.1408040626E+0	3.8234361366E+0	2.0340471372E-4
3.1409943483E+0	2.9008552860E+0	1.7716615272E-4
3.1411583939E+0	2.1054914071E+0	1.5092466531E-4
3.1412961968E+0	1.4373609212E+0	1.2468073282E-4
3.1414077547E+0	8.9647639534E-1	9.8434919423E-5
3.1414930663E+0	4.8284609556E-1	7.2188137769E-5
3.1415521316E+0	1.9646964335E-1	4.5943520243E-5
3.1415849628E+0	3.7288394796E-2	1.9736940383E-5