# Differential cross section		
# Author: P. Swaczyna	Princeton University	(swaczyna@princeton.edu)
# Date: 	Wed 17 Feb 2021 15:31:22	
# 		
# Charge transfer collision: He^0 + He^+ -> He^+ + He^0		
# 		
# Red. mass: 	1.8640723202E+9	 eV/c^2
# CM energy: 	2.2908676528E-2	 eV
# Rel speed: 	1.4862926220E+5	 cm/s
# Tot sigma: 	N/A	 a.u.
# Int sigma: 	1.6786273158E+2	 a.u.
# 		
# Columns:		
# the <- scattering angle (rad)		
# dcs <- dsigma/dOmega*2*pi*sin(the) (a.u. = 2.8002852056E-17 cm^2)		
# wei <- weight for cross section integration (approx. width of angle bin)		
# 		
# the	dcs	wei
7.6907532846E-6	8.6133878769E-3	1.9736940383E-5
4.0521979771E-5	4.5383249759E-2	4.5943520243E-5
9.9587300392E-5	1.1153416123E-1	7.2188137769E-5
1.8489884726E-4	2.0707861257E-1	9.8434919423E-5
2.9645680168E-4	3.3201372622E-1	1.2468073282E-4
4.3425968311E-4	4.8633114910E-1	1.5092466531E-4
5.9830531657E-4	6.7001600410E-1	1.7716615272E-4
7.8859101285E-4	8.8304446046E-1	2.0340471372E-4
1.0051136166E-3	1.1253806579E+0	2.2963989267E-4
1.2478695220E-3	1.3969730996E+0	2.5587124334E-4
1.5168546797E-3	1.6977505428E+0	2.8209832342E-4
1.8120645986E-3	2.0276173994E+0	3.0832069259E-4
2.1334943481E-3	2.3864486552E+0	3.3453791144E-4
2.4811385584E-3	2.7740843193E+0	3.6074954110E-4
2.8549914211E-3	3.1903234142E+0	3.8695514312E-4
3.2550466893E-3	3.6349175243E+0	4.1315427928E-4
3.6812976783E-3	4.1075639189E+0	4.3934651156E-4
4.1337372652E-3	4.6078982749E+0	4.6553140213E-4
4.6123578895E-3	5.1354870263E+0	4.9170851331E-4
5.1171515529E-3	5.6898193731E+0	5.1787740760E-4
5.6481098199E-3	6.2702989898E+0	5.4403764760E-4
6.2052238176E-3	6.8762354783E+0	5.7018879612E-4
6.7884842360E-3	7.5068356187E+0	5.9633041614E-4
7.3978813281E-3	8.1611944788E+0	6.2246207073E-4
8.0334049101E-3	8.8382864514E+0	6.4858332323E-4
8.6950443616E-3	9.5369562972E+0	6.7469373705E-4
9.3827886258E-3	1.0255910282E+1	7.0079287589E-4
1.0096626210E-2	1.0993707506E+1	7.2688030358E-4
1.0836545184E-2	1.1748751529E+1	7.5295558414E-4
1.1602533184E-2	1.2519282420E+1	7.7901828182E-4
1.2394577408E-2	1.3303369350E+1	8.0506796108E-4
1.3212664621E-2	1.4098903871E+1	8.3110418659E-4
1.4056781152E-2	1.4903594043E+1	8.5712652325E-4
1.4926912893E-2	1.5714959548E+1	8.8313453619E-4
1.5823045305E-2	1.6530327990E+1	9.0912779076E-4
1.6745163410E-2	1.7346832536E+1	9.3510585261E-4
1.7693251801E-2	1.8161411107E+1	9.6106828758E-4
1.8667294632E-2	1.8970807298E+1	9.8701466182E-4
1.9667275626E-2	1.9771573244E+1	1.0129445417E-3
2.0693178073E-2	2.0560074619E+1	1.0388574939E-3
2.1744984827E-2	2.1332497988E+1	1.0647530855E-3
2.2822678313E-2	2.2084860711E+1	1.0906308836E-3
2.3926240519E-2	2.2813023589E+1	1.1164904558E-3
2.5055653005E-2	2.3512706463E+1	1.1423313699E-3
2.6210896896E-2	2.4179506923E+1	1.1681531941E-3
2.7391952886E-2	2.4808922308E+1	1.1939554970E-3
2.8598801239E-2	2.5396375129E+1	1.2197378472E-3
2.9831421786E-2	2.5937242036E+1	1.2454998140E-3
3.1089793929E-2	2.6426886414E+1	1.2712409668E-3
3.2373896638E-2	2.6860694661E+1	1.2969608754E-3
3.3683708455E-2	2.7234116148E+1	1.3226591101E-3
3.5019207490E-2	2.7542706822E+1	1.3483352414E-3
3.6380371427E-2	2.7782176366E+1	1.3739888402E-3
3.7767177517E-2	2.7948438740E+1	1.3996194778E-3
3.9179602586E-2	2.8037665893E+1	1.4252267258E-3
4.0617623030E-2	2.8046344351E+1	1.4508101565E-3
4.2081214817E-2	2.7971334301E+1	1.4763693421E-3
4.3570353490E-2	2.7809930710E+1	1.5019038556E-3
4.5085014162E-2	2.7559925952E+1	1.5274132703E-3
4.6625171522E-2	2.7219673293E+1	1.5528971598E-3
4.8190799831E-2	2.6788150518E+1	1.5783550984E-3
4.9781872927E-2	2.6265022884E+1	1.6037866605E-3
5.1398364219E-2	2.5650704478E+1	1.6291914212E-3
5.3040246694E-2	2.4946416999E+1	1.6545689559E-3
5.4707492914E-2	2.4154244867E+1	1.6799188405E-3
5.6400075017E-2	2.3277185506E+1	1.7052406515E-3
5.8117964718E-2	2.2319193579E+1	1.7305339655E-3
5.9861133308E-2	2.1285217878E+1	1.7557983600E-3
6.1629551657E-2	2.0181229554E+1	1.7810334128E-3
6.3423190212E-2	1.9014240341E+1	1.8062387021E-3
6.5242019000E-2	1.7792309413E+1	1.8314138067E-3
6.7086007624E-2	1.6524537552E+1	1.8565583060E-3
6.8955125270E-2	1.5221047341E+1	1.8816717796E-3
7.0849340702E-2	1.3892948165E+1	1.9067538080E-3
7.2768622264E-2	1.2552284931E+1	1.9318039720E-3
7.4712937885E-2	1.1211969538E+1	1.9568218529E-3
7.6682255070E-2	9.8856943251E+0	1.9818070327E-3
7.8676540910E-2	8.5878269056E+0	2.0067590939E-3
8.0695762079E-2	7.3332861001E+0	2.0316776194E-3
8.2739884832E-2	6.1373989165E+0	2.0565621928E-3
8.4808875009E-2	5.0157388863E+0	2.0814123983E-3
8.6902698034E-2	3.9839464138E+0	2.1062278206E-3
8.9021318917E-2	3.0575321918E+0	2.1310080450E-3
9.1164702253E-2	2.2516651571E+0	2.1557526574E-3
9.3332812224E-2	1.5809469057E+0	2.1804612443E-3
9.5525612596E-2	1.0591749458E+0	2.2051333928E-3
9.7743066726E-2	6.9909763928E-1	2.2297686905E-3
9.9985137556E-2	5.1216414748E-1	2.2543667257E-3
1.0225178762E-1	5.0827315753E-1	2.2789270875E-3
1.0454297904E-1	6.9552459989E-1	2.3034493653E-3
1.0685867352E-1	1.0799789677E+0	2.3279331494E-3
1.0919883237E-1	1.6654292002E+0	2.3523780306E-3
1.1156341648E-1	2.4531903809E+0	2.3767836004E-3
1.1395238633E-1	3.4419127121E+0	2.4011494510E-3
1.1636570200E-1	4.6274233453E+0	2.4254751751E-3
1.1880332317E-1	6.0026026596E+0	2.4497603662E-3
1.2126520909E-1	7.5573004708E+0	2.4740046186E-3
1.2375131862E-1	9.2782974109E+0	2.4982075270E-3
1.2626161023E-1	1.1149316335E+1	2.5223686871E-3
1.2879604195E-1	1.3151088068E+1	2.5464876949E-3
1.3135457143E-1	1.5261475116E+1	2.5705641475E-3
1.3393715592E-1	1.7455656099E+1	2.5945976426E-3
1.3654375226E-1	1.9706372649E+1	2.6185877784E-3
1.3917431689E-1	2.1984239353E+1	2.6425341541E-3
1.4182880585E-1	2.4258115989E+1	2.6664363695E-3
1.4450717478E-1	2.6495539887E+1	2.6902940251E-3
1.4720937892E-1	2.8663214670E+1	2.7141067224E-3
1.4993537310E-1	3.0727550036E+1	2.7378740632E-3
1.5268511179E-1	3.2655245536E+1	2.7615956505E-3
1.5545854902E-1	3.4413909664E+1	2.7852710878E-3
1.5825563845E-1	3.5972703878E+1	2.8088999795E-3
1.6107633333E-1	3.7302999662E+1	2.8324819307E-3
1.6392058653E-1	3.8379035267E+1	2.8560165473E-3
1.6678835052E-1	3.9178557555E+1	2.8795034361E-3
1.6967957737E-1	3.9683433354E+1	2.9029422044E-3
1.7259421876E-1	3.9880214042E+1	2.9263324607E-3
1.7553222599E-1	3.9760636728E+1	2.9496738141E-3
1.7849354996E-1	3.9322045438E+1	2.9729658744E-3
1.8147814117E-1	3.8567716216E+1	2.9962082525E-3
1.8448594977E-1	3.7507071036E+1	3.0194005599E-3
1.8751692548E-1	3.6155766864E+1	3.0425424091E-3
1.9057101764E-1	3.4535648257E+1	3.0656334132E-3
1.9364817522E-1	3.2674554358E+1	3.0886731866E-3
1.9674834681E-1	3.0605974184E+1	3.1116613440E-3
1.9987148058E-1	2.8368547586E+1	3.1345975014E-3
2.0301752435E-1	2.6005413156E+1	3.1574812755E-3
2.0618642554E-1	2.3563408594E+1	3.1803122838E-3
2.0937813120E-1	2.1092133551E+1	3.2030901448E-3
2.1259258799E-1	1.8642889574E+1	3.2258144779E-3
2.1582974219E-1	1.6267516461E+1	3.2484849032E-3
2.1908953970E-1	1.4017148830E+1	3.2711010421E-3
2.2237192605E-1	1.1940920956E+1	3.2936625164E-3
2.2567684639E-1	1.0084651737E+1	3.3161689492E-3
2.2900424548E-1	8.4895448339E+0	3.3386199643E-3
2.3235406772E-1	7.1909414432E+0	3.3610151867E-3
2.3572625713E-1	6.2171646775E+0	3.3833542419E-3
2.3912075735E-1	5.5884949165E+0	3.4056367567E-3
2.4253751167E-1	5.3163147455E+0	3.4278623588E-3
2.4597646298E-1	5.4024600284E+0	3.4500306767E-3
2.4943755380E-1	5.8388102598E+0	3.4721413399E-3
2.5292072631E-1	6.6071465665E+0	3.4941939790E-3
2.5642592230E-1	7.6792996184E+0	3.5161882254E-3
2.5995308318E-1	9.0176023266E+0	3.5381237115E-3
2.6350215001E-1	1.0575653690E+1	3.5600000709E-3
2.6707306349E-1	1.2299390684E+1	3.5818169379E-3
2.7066576394E-1	1.4128454883E+1	3.6035739479E-3
2.7428019131E-1	1.5997829911E+1	3.6252707373E-3
2.7791628522E-1	1.7839715056E+1	3.6469069436E-3
2.8157398488E-1	1.9585589970E+1	3.6684822051E-3
2.8525322919E-1	2.1168415572E+1	3.6899961614E-3
2.8895395665E-1	2.2524907569E+1	3.7114484529E-3
2.9267610542E-1	2.3597811823E+1	3.7328387211E-3
2.9641961330E-1	2.4338105472E+1	3.7541666086E-3
3.0018441773E-1	2.4707044666E+1	3.7754317588E-3
3.0397045579E-1	2.4677979353E+1	3.7966338166E-3
3.0777766421E-1	2.4237857870E+1	3.8177724274E-3
3.1160597938E-1	2.3388349527E+1	3.8388472382E-3
3.1545533730E-1	2.2146521756E+1	3.8598578967E-3
3.1932567367E-1	2.0545019864E+1	3.8808040517E-3
3.2321692379E-1	1.8631711700E+1	3.9016853533E-3
3.2712902264E-1	1.6468776352E+1	3.9225014525E-3
3.3106190484E-1	1.4131234891E+1	3.9432520014E-3
3.3501550468E-1	1.1704941637E+1	3.9639366533E-3
3.3898975607E-1	9.2840757065E+0	3.9845550624E-3
3.4298459261E-1	6.9681940083E+0	4.0051068843E-3
3.4699994753E-1	4.8589275000E+0	4.0255917754E-3
3.5103575373E-1	3.0564215081E+0	4.0460093936E-3
3.5509194378E-1	1.6556373644E+0	4.0663593974E-3
3.5916844988E-1	7.4264563481E-1	4.0866414469E-3
3.6326520391E-1	3.9105000002E-1	4.1068552032E-3
3.6738213741E-1	6.5868469232E-1	4.1270003283E-3
3.7151918157E-1	1.5847267520E+0	4.1470764858E-3
3.7567626728E-1	3.1873568678E+0	4.1670833400E-3
3.7985332504E-1	5.4620890759E+0	4.1870205567E-3
3.8405028507E-1	8.3808702218E+0	4.2068878026E-3
3.8826707721E-1	1.1892025205E+1	4.2266847457E-3
3.9250363101E-1	1.5921094295E+1	4.2464110553E-3
3.9675987567E-1	2.0372575147E+1	4.2660664016E-3
4.0103574005E-1	2.5132545716E+1	4.2856504563E-3
4.0533115271E-1	3.0072106488E+1	4.3051628919E-3
4.0964604185E-1	3.5051542886E+1	4.3246033825E-3
4.1398033538E-1	3.9925073018E+1	4.3439716031E-3
4.1833396086E-1	4.4546013889E+1	4.3632672302E-3
4.2270684554E-1	4.8772172492E+1	4.3824899412E-3
4.2709891633E-1	5.2471248393E+1	4.4016394148E-3
4.3151009985E-1	5.5526022927E+1	4.4207153312E-3
4.3594032237E-1	5.7839108036E+1	4.4397173715E-3
4.4038950986E-1	5.9337035835E+1	4.4586452181E-3
4.4485758797E-1	5.9973488476E+1	4.4774985548E-3
4.4934448203E-1	5.9731496645E+1	4.4962770664E-3
4.5385011706E-1	5.8624473372E+1	4.5149804392E-3
4.5837441776E-1	5.6695996568E+1	4.5336083606E-3
4.6291730852E-1	5.4018307076E+1	4.5521605193E-3
4.6747871344E-1	5.0689546948E+1	4.5706366053E-3
4.7205855627E-1	4.6829822537E+1	4.5890363098E-3
4.7665676049E-1	4.2576236031E+1	4.6073593254E-3
4.8127324926E-1	3.8077084250E+1	4.6256053458E-3
4.8590794542E-1	3.3485471955E+1	4.6437740661E-3
4.9056077152E-1	2.8952625624E+1	4.6618651826E-3
4.9523164982E-1	2.4621220185E+1	4.6798783932E-3
4.9992050224E-1	2.0619043396E+1	4.6978133967E-3
5.0462725044E-1	1.7053318986E+1	4.7156698934E-3
5.0935181576E-1	1.4005989531E+1	4.7334475849E-3
5.1409411924E-1	1.1530223402E+1	4.7511461741E-3
5.1885408164E-1	9.6483579703E+0	4.7687653653E-3
5.2363162341E-1	8.3514253397E+0	4.7863048641E-3
5.2842666471E-1	7.6003300404E+0	4.8037643772E-3
5.3323912540E-1	7.3286636542E+0	4.8211436130E-3
5.3806892508E-1	7.4470535290E+0	4.8384422809E-3
5.4291598301E-1	7.8488560140E+0	4.8556600920E-3
5.4778021821E-1	8.4169238738E+0	4.8727967585E-3
5.5266154939E-1	9.0311074453E+0	4.8898519940E-3
5.5755989496E-1	9.5760941934E+0	4.9068255135E-3
5.6247517308E-1	9.9491554804E+0	4.9237170334E-3
5.6740730160E-1	1.0067355686E+1	4.9405262713E-3
5.7235619810E-1	9.8737893027E+0	4.9572529464E-3
5.7732177988E-1	9.3424470630E+0	4.9738967791E-3
5.8230396395E-1	8.4813718715E+0	4.9904574913E-3
5.8730266706E-1	7.3338473421E+0	5.0069348063E-3
5.9231780568E-1	5.9774625151E+0	5.0233284486E-3
5.9734929598E-1	4.5210111704E+0	5.0396381444E-3
6.0239705389E-1	3.0993071506E+0	5.0558636210E-3
6.0746099506E-1	1.8661215810E+0	5.0720046074E-3
6.1254103485E-1	9.8556665029E-1	5.0880608338E-3
6.1763708838E-1	6.2235644214E-1	5.1040320318E-3
6.2274907048E-1	9.3146127885E-1	5.1199179345E-3
6.2787689573E-1	2.0477320417E+0	5.1357182766E-3
6.3302047843E-1	4.0761000578E+0	5.1514327939E-3
6.3817973262E-1	7.0829530692E+0	5.1670612238E-3
6.4335457209E-1	1.1089247072E+1	5.1826033052E-3
6.4854491036E-1	1.6065838079E+1	5.1980587783E-3
6.5375066070E-1	2.1931409883E+1	5.2134273849E-3
6.5897173609E-1	2.8553238658E+1	5.2287088681E-3
6.6420804930E-1	3.5750879483E+1	5.2439029725E-3
6.6945951283E-1	4.3302692170E+1	5.2590094442E-3
6.7472603890E-1	5.0954953693E+1	5.2740280309E-3
6.8000753951E-1	5.8433142332E+1	5.2889584814E-3
6.8530392640E-1	6.5454834722E+1	5.3038005463E-3
6.9061511106E-1	7.1743540827E+1	5.3185539776E-3
6.9594100473E-1	7.7042722054E+1	5.3332185287E-3
7.0128151841E-1	8.1129200533E+1	5.3477939546E-3
7.0663656285E-1	8.3825177256E+1	5.3622800116E-3
7.1200604856E-1	8.5008134553E+1	5.3766764577E-3
7.1738988581E-1	8.4618002525E+1	5.3909830523E-3
7.2278798463E-1	8.2661114883E+1	5.4051995564E-3
7.2820025482E-1	7.9210659396E+1	5.4193257323E-3
7.3362660591E-1	7.4403531803E+1	5.4333613439E-3
7.3906694724E-1	6.8433717288E+1	5.4473061568E-3
7.4452118788E-1	6.1542537230E+1	5.4611599379E-3
7.4998923669E-1	5.4006296958E+1	5.4749224557E-3
7.5547100229E-1	4.6122039449E+1	5.4885934801E-3
7.6096639308E-1	3.8192238258E+1	5.5021727828E-3
7.6647531721E-1	3.0509340940E+1	5.5156601367E-3
7.7199768263E-1	2.3341095017E+1	5.5290553166E-3
7.7753339704E-1	1.6917549228E+1	5.5423580985E-3
7.8308236795E-1	1.1420524275E+1	5.5555682601E-3
7.8864450262E-1	6.9761944412E+0	5.5686855808E-3
7.9421970809E-1	3.6512232680E+0	5.5817098412E-3
7.9980789121E-1	1.4526651332E+0	5.5946408237E-3
8.0540895857E-1	3.3159503297E-1	5.6074783123E-3
8.1102281659E-1	1.9017789649E-1	5.6202220924E-3
8.1664937145E-1	8.9165364497E-1	5.6328719509E-3
8.2228852912E-1	2.2725117643E+0	5.6454276767E-3
8.2794019536E-1	4.1559743775E+0	5.6578890597E-3
8.3360427572E-1	6.3658117643E+0	5.6702558918E-3
8.3928067556E-1	8.7394871737E+0	5.6825279663E-3
8.4496930000E-1	1.1139672164E+1	5.6947050782E-3
8.5067005399E-1	1.3463288119E+1	5.7067870238E-3
8.5638284226E-1	1.5647407401E+1	5.7187736014E-3
8.6210756934E-1	1.7671577439E+1	5.7306646105E-3
8.6784413956E-1	1.9556397281E+1	5.7424598526E-3
8.7359245705E-1	2.1358460132E+1	5.7541591304E-3
8.7935242576E-1	2.3162056507E+1	5.7657622485E-3
8.8512394943E-1	2.5068289934E+1	5.7772690129E-3
8.9090693161E-1	2.7182470727E+1	5.7886792314E-3
8.9670127565E-1	2.9600806106E+1	5.7999927133E-3
9.0250688473E-1	3.2397483685E+1	5.8112092696E-3
9.0832366182E-1	3.5613242130E+1	5.8223287127E-3
9.1415150972E-1	3.9246435518E+1	5.8333508568E-3
9.1999033104E-1	4.3247430914E+1	5.8442755178E-3
9.2584002820E-1	4.7516942244E+1	5.8551025132E-3
9.3170050345E-1	5.1908613728E+1	5.8658316618E-3
9.3757165885E-1	5.6235843412E+1	5.8764627846E-3
9.4345339628E-1	6.0282505349E+1	5.8869957037E-3
9.4934561746E-1	6.3816912759E+1	5.8974302433E-3
9.5524822392E-1	6.6608088608E+1	5.9077662288E-3
9.6116111701E-1	6.8443196686E+1	5.9180034877E-3
9.6708419793E-1	6.9144853534E+1	5.9281418487E-3
9.7301736769E-1	6.8587001845E+1	5.9381811425E-3
9.7896052713E-1	6.6708084901E+1	5.9481212013E-3
9.8491357695E-1	6.3520417533E+1	5.9579618591E-3
9.9087641766E-1	5.9114892726E+1	5.9677029512E-3
9.9684894961E-1	5.3660478208E+1	5.9773443150E-3
1.0028310730E+0	4.7398322222E+1	5.9868857894E-3
1.0088226878E+0	4.0630675641E+1	5.9963272149E-3
1.0148236940E+0	3.3705220174E+1	6.0056684336E-3
1.0208339913E+0	2.6995740360E+1	6.0149092896E-3
1.0268534791E+0	2.0880363708E+1	6.0240496283E-3
1.0328820570E+0	1.5718795736E+1	6.0330892971E-3
1.0389196241E+0	1.1830078141E+1	6.0420281448E-3
1.0449660796E+0	9.4723895144E+0	6.0508660221E-3
1.0510213224E+0	8.8262879593E+0	6.0596027814E-3
1.0570852514E+0	9.9825710451E+0	6.0682382765E-3
1.0631577652E+0	1.2935616471E+1	6.0767723631E-3
1.0692387623E+0	1.7582689029E+1	6.0852048988E-3
1.0753281411E+0	2.3729283877E+1	6.0935357425E-3
1.0814257998E+0	3.1100153769E+1	6.1017647550E-3
1.0875316366E+0	3.9355270504E+1	6.1098917988E-3
1.0936455494E+0	4.8109628614E+1	6.1179167381E-3
1.0997674360E+0	5.6955538044E+1	6.1258394388E-3
1.1058971941E+0	6.5485892174E+1	6.1336597685E-3
1.1120347214E+0	7.3316849772E+1	6.1413775965E-3
1.1181799151E+0	8.0108437645E+1	6.1489927938E-3
1.1243326727E+0	8.5581758765E+1	6.1565052331E-3
1.1304928913E+0	8.9531763952E+1	6.1639147890E-3
1.1366604679E+0	9.1834891776E+1	6.1712213376E-3
1.1428352996E+0	9.2451273282E+1	6.1784247568E-3
1.1490172830E+0	9.1421604407E+1	6.1855249261E-3
1.1552063150E+0	8.8859177245E+1	6.1925217271E-3
1.1614022920E+0	8.4937901406E+1	6.1994150427E-3
1.1676051105E+0	7.9877412247E+1	6.2062047577E-3
1.1738146669E+0	7.3926533986E+1	6.2128907587E-3
1.1800308574E+0	6.7346430705E+1	6.2194729339E-3
1.1862535782E+0	6.0394733928E+1	6.2259511734E-3
1.1924827251E+0	5.3311787932E+1	6.2323253688E-3
1.1987181942E+0	4.6309917734E+1	6.2385954138E-3
1.2049598812E+0	3.9566321518E+1	6.2447612034E-3
1.2112076818E+0	3.3219846245E+1	6.2508226346E-3
1.2174614916E+0	2.7371552283E+1	6.2567796062E-3
1.2237212062E+0	2.2088640627E+1	6.2626320186E-3
1.2299867208E+0	1.7411032741E+1	6.2683797740E-3
1.2362579308E+0	1.3359681959E+1	6.2740227763E-3
1.2425347314E+0	9.9455736711E+0	6.2795609313E-3
1.2488170177E+0	7.1783482190E+0	6.2849941464E-3
1.2551046847E+0	5.0735559026E+0	6.2903223308E-3
1.2613976273E+0	3.6577193754E+0	6.2955453954E-3
1.2676957404E+0	2.9706188970E+0	6.3006632530E-3
1.2739989187E+0	3.0645079142E+0	6.3056758180E-3
1.2803070569E+0	4.0002834685E+0	6.3105830068E-3
1.2866200496E+0	5.8409492327E+0	6.3153847371E-3
1.2929377912E+0	8.6429904348E+0	6.3200809290E-3
1.2992601762E+0	1.2446504425E+1	6.3246715037E-3
1.3055870990E+0	1.7265078312E+1	6.3291563847E-3
1.3119184537E+0	2.3076462930E+1	6.3335354970E-3
1.3182541347E+0	2.9815055393E+1	6.3378087674E-3
1.3245940360E+0	3.7367073900E+1	6.3419761245E-3
1.3309380516E+0	4.5569099515E+1	6.3460374987E-3
1.3372860756E+0	5.4210388479E+1	6.3499928220E-3
1.3436380019E+0	6.3039048489E+1	6.3538420284E-3
1.3499937243E+0	7.1771849850E+1	6.3575850535E-3
1.3563531366E+0	8.0107134742E+1	6.3612218349E-3
1.3627161325E+0	8.7740020838E+1	6.3647523117E-3
1.3690826057E+0	9.4378891254E+1	6.3681764249E-3
1.3754524499E+0	9.9762037888E+1	6.3714941173E-3
1.3818255585E+0	1.0367328931E+2	6.3747053335E-3
1.3882018250E+0	1.0595550974E+2	6.3778100198E-3
1.3945811430E+0	1.0652099700E+2	6.3808081243E-3
1.4009634057E+0	1.0535802237E+2	6.3836995970E-3
1.4073485066E+0	1.0253302597E+2	6.3864843894E-3
1.4137363389E+0	9.8188285901E+1	6.3891624551E-3
1.4201267959E+0	9.2535193036E+1	6.3917337493E-3
1.4265197708E+0	8.5843562773E+1	6.3941982290E-3
1.4329151568E+0	7.8427676913E+1	6.3965558531E-3
1.4393128469E+0	7.0629955156E+1	6.3988065821E-3
1.4457127343E+0	6.2803292598E+1	6.4009503785E-3
1.4521147120E+0	5.5293159465E+1	6.4029872063E-3
1.4585186731E+0	4.8420540783E+1	6.4049170317E-3
1.4649245104E+0	4.2466701560E+1	6.4067398222E-3
1.4713321170E+0	3.7660607356E+1	6.4084555476E-3
1.4777413858E+0	3.4169625483E+1	6.4100641790E-3
1.4841522097E+0	3.2093895702E+1	6.4115656896E-3
1.4905644815E+0	3.1464509932E+1	6.4129600544E-3
1.4969780940E+0	3.2245396656E+1	6.4142472499E-3
1.5033929402E+0	3.4338584095E+1	6.4154272548E-3
1.5098089128E+0	3.7592330903E+1	6.4165000493E-3
1.5162259046E+0	4.1811474207E+1	6.4174656154E-3
1.5226438083E+0	4.6769258411E+1	6.4183239370E-3
1.5290625167E+0	5.2219875842E+1	6.4190749998E-3
1.5354819225E+0	5.7910969900E+1	6.4197187912E-3
1.5419019185E+0	6.3595416841E+1	6.4202553005E-3
1.5483223974E+0	6.9041805400E+1	6.4206845187E-3
1.5547432518E+0	7.4043163666E+1	6.4210064386E-3
1.5611643745E+0	7.8423629135E+1	6.4212210549E-3
1.5675856581E+0	8.2042909512E+1	6.4213283639E-3
1.5740069954E+0	8.4798528693E+1	6.4213283639E-3
1.5804282791E+0	8.6625985672E+1	6.4212210549E-3
1.5868494018E+0	8.7497067173E+1	6.4210064386E-3
1.5932702562E+0	8.7416642743E+1	6.4206845187E-3
1.5996907351E+0	8.6418331147E+1	6.4202553005E-3
1.6061107310E+0	8.4559458138E+1	6.4197187912E-3
1.6125301369E+0	8.1915728815E+1	6.4190749998E-3
1.6189488453E+0	7.8576014659E+1	6.4183239370E-3
1.6253667490E+0	7.4637608994E+1	6.4174656154E-3
1.6317837408E+0	7.0202238727E+1	6.4165000493E-3
1.6381997134E+0	6.5373039060E+1	6.4154272548E-3
1.6446145595E+0	6.0252606044E+1	6.4142472499E-3
1.6510281721E+0	5.4942144504E+1	6.4129600544E-3
1.6574404439E+0	4.9541631100E+1	6.4115656896E-3
1.6638512678E+0	4.4150819745E+1	6.4100641790E-3
1.6702605366E+0	3.8870834781E+1	6.4084555476E-3
1.6766681432E+0	3.3806031798E+1	6.4067398222E-3
1.6830739805E+0	2.9065761900E+1	6.4049170317E-3
1.6894779416E+0	2.4765657300E+1	6.4029872063E-3
1.6958799193E+0	2.1028067635E+1	6.4009503785E-3
1.7022798067E+0	1.7981319528E+1	6.3988065821E-3
1.7086774968E+0	1.5757546675E+1	6.3965558531E-3
1.7150728827E+0	1.4488941829E+1	6.3941982290E-3
1.7214658576E+0	1.4302410938E+1	6.3917337493E-3
1.7278563146E+0	1.5312755979E+1	6.3891624551E-3
1.7342441470E+0	1.7614667282E+1	6.3864843894E-3
1.7406292478E+0	2.1273956893E+1	6.3836995970E-3
1.7470115106E+0	2.6318599205E+1	6.3808081243E-3
1.7533908286E+0	3.2730250918E+1	6.3778100198E-3
1.7597670951E+0	4.0436987325E+1	6.3747053335E-3
1.7661402037E+0	4.9308005947E+1	6.3714941173E-3
1.7725100479E+0	5.9151004664E+1	6.3681764249E-3
1.7788765211E+0	6.9712836684E+1	6.3647523117E-3
1.7852395170E+0	8.0683880650E+1	6.3612218349E-3
1.7915989293E+0	9.1706347611E+1	6.3575850535E-3
1.7979546517E+0	1.0238648911E+2	6.3538420284E-3
1.8043065780E+0	1.1231038836E+2	6.3499928220E-3
1.8106546020E+0	1.2106272907E+2	6.3460374987E-3
1.8169986176E+0	1.2824766538E+2	6.3419761245E-3
1.8233385189E+0	1.3351068421E+2	6.3378087674E-3
1.8296741999E+0	1.3656017887E+2	6.3335354970E-3
1.8360055546E+0	1.3718735759E+2	6.3291563847E-3
1.8423324774E+0	1.3528310667E+2	6.3246715037E-3
1.8486548624E+0	1.3085052070E+2	6.3200809290E-3
1.8549726040E+0	1.2401200346E+2	6.3153847371E-3
1.8612855967E+0	1.1501012270E+2	6.3105830068E-3
1.8675937349E+0	1.0420175727E+2	6.3056758180E-3
1.8738969132E+0	9.2045482505E+1	6.3006632530E-3
1.8801950263E+0	7.9082574003E+1	6.2955453954E-3
1.8864879689E+0	6.5912440230E+1	6.2903223308E-3
1.8927756359E+0	5.3163690294E+1	6.2849941464E-3
1.8990579222E+0	4.1462374570E+1	6.2795609313E-3
1.9053347228E+0	3.1399177027E+1	6.2740227763E-3
1.9116059328E+0	2.3497468746E+1	6.2683797740E-3
1.9178714474E+0	1.8184139567E+1	6.2626320186E-3
1.9241311620E+0	1.5765005169E+1	6.2567796062E-3
1.9303849718E+0	1.6406345389E+1	6.2508226346E-3
1.9366327724E+0	2.0123780463E+1	6.2447612034E-3
1.9428744594E+0	2.6779257447E+1	6.2385954138E-3
1.9491099285E+0	3.6086428150E+1	6.2323253688E-3
1.9553390754E+0	4.7624185585E+1	6.2259511734E-3
1.9615617961E+0	6.0857623483E+1	6.2194729339E-3
1.9677779867E+0	7.5165227068E+1	6.2128907587E-3
1.9739875431E+0	8.9870724283E+1	6.2062047577E-3
1.9801903616E+0	1.0427775059E+2	6.1994150427E-3
1.9863863386E+0	1.1770532524E+2	6.1925217271E-3
1.9925753706E+0	1.2952211212E+2	6.1855249261E-3
1.9987573540E+0	1.3917754340E+2	6.1784247568E-3
2.0049321857E+0	1.4622811054E+2	6.1712213376E-3
2.0110997623E+0	1.5035745632E+2	6.1639147890E-3
2.0172599809E+0	1.5138930929E+2	6.1565052331E-3
2.0234127385E+0	1.4929275862E+2	6.1489927938E-3
2.0295579322E+0	1.4417984009E+2	6.1413775965E-3
2.0356954595E+0	1.3629586110E+2	6.1336597685E-3
2.0418252176E+0	1.2600330332E+2	6.1258394388E-3
2.0479471042E+0	1.1376048044E+2	6.1179167381E-3
2.0540610170E+0	1.0009637561E+2	6.1098917988E-3
2.0601668538E+0	8.5583226799E+1	6.1017647550E-3
2.0662645125E+0	7.0808463834E+1	6.0935357425E-3
2.0723538913E+0	5.6347532309E+1	6.0852048988E-3
2.0784348884E+0	4.2738978462E+1	6.0767723631E-3
2.0845074022E+0	3.0462932031E+1	6.0682382765E-3
2.0905713312E+0	1.9923833457E+1	6.0596027814E-3
2.0966265740E+0	1.1437931553E+1	6.0508660221E-3
2.1026730295E+0	5.2257528118E+0	6.0420281448E-3
2.1087105966E+0	1.4094373560E+0	6.0330892971E-3
2.1147391745E+0	1.4569216065E-2	6.0240496283E-3
2.1207586623E+0	9.7591587003E-1	6.0149092896E-3
2.1267689596E+0	4.1463437806E+0	6.0056684336E-3
2.1327699657E+0	9.3080971713E+0	5.9963272149E-3
2.1387615806E+0	1.6185614682E+1	5.9868857894E-3
2.1447437040E+0	2.4459105735E+1	5.9773443150E-3
2.1507162359E+0	3.3778204016E+1	5.9677029512E-3
2.1566790766E+0	4.3775144982E+1	5.9579618591E-3
2.1626321265E+0	5.4077061736E+1	5.9481212013E-3
2.1685752859E+0	6.4317143075E+1	5.9381811425E-3
2.1745084557E+0	7.4144534296E+1	5.9281418487E-3
2.1804315366E+0	8.3232973726E+1	5.9180034877E-3
2.1863444297E+0	9.1288237506E+1	5.9077662288E-3
2.1922470361E+0	9.8054507808E+1	5.8974302433E-3
2.1981392573E+0	1.0331978547E+2	5.8869957037E-3
2.2040209947E+0	1.0692044116E+2	5.8764627846E-3
2.2098921501E+0	1.0874494723E+2	5.8658316618E-3
2.2157526254E+0	1.0873676515E+2	5.8551025132E-3
2.2216023226E+0	1.0689629268E+2	5.8442755178E-3
2.2274411439E+0	1.0328171176E+2	5.8333508568E-3
2.2332689918E+0	9.8008533404E+1	5.8223287127E-3
2.2390857689E+0	9.1247618336E+1	5.8112092696E-3
2.2448913779E+0	8.3221466317E+1	5.7999927133E-3
2.2506857220E+0	7.4198616841E+1	5.7886792314E-3
2.2564687042E+0	6.4486085935E+1	5.7772690129E-3
2.2622402278E+0	5.4419874175E+1	5.7657622485E-3
2.2680001965E+0	4.4353711093E+1	5.7541591304E-3
2.2737485140E+0	3.4646340315E+1	5.7424598526E-3
2.2794850843E+0	2.5647786025E+1	5.7306646105E-3
2.2852098113E+0	1.7685162224E+1	5.7187736014E-3
2.2909225996E+0	1.1048679919E+1	5.7067870238E-3
2.2966233536E+0	5.9785639000E+0	5.6947050782E-3
2.3023119780E+0	2.6536026511E+0	5.6825279663E-3
2.3079883779E+0	1.1820181896E+0	5.6702558918E-3
2.3136524582E+0	1.5952568411E+0	5.6578890597E-3
2.3193041245E+0	3.8451705810E+0	5.6454276767E-3
2.3249432821E+0	7.8048887064E+0	5.6328719509E-3
2.3305698370E+0	1.3273481432E+1	5.6202220924E-3
2.3361836950E+0	1.9984303117E+1	5.6074783123E-3
2.3417847624E+0	2.7616687301E+1	5.5946408237E-3
2.3473729455E+0	3.5810463033E+1	5.5817098412E-3
2.3529481510E+0	4.4182586009E+1	5.5686855808E-3
2.3585102856E+0	5.2345040986E+1	5.5555682601E-3
2.3640592565E+0	5.9923083561E+1	5.5423580985E-3
2.3695949710E+0	6.6572856111E+1	5.5290553166E-3
2.3751173364E+0	7.1997437361E+1	5.5156601367E-3
2.3806262605E+0	7.5960466514E+1	5.5021727828E-3
2.3861216513E+0	7.8296616418E+1	5.4885934801E-3
2.3916034169E+0	7.8918367479E+1	5.4749224557E-3
2.3970714657E+0	7.7818743926E+1	5.4611599379E-3
2.4025257064E+0	7.5069903418E+1	5.4473061568E-3
2.4079660477E+0	7.0817705531E+1	5.4333613439E-3
2.4133923988E+0	6.5272609884E+1	5.4193257323E-3
2.4188046690E+0	5.8697456856E+1	5.4051995564E-3
2.4242027678E+0	5.1392850909E+1	5.3909830523E-3
2.4295866050E+0	4.3680988828E+1	5.3766764577E-3
2.4349560907E+0	3.5888846084E+1	5.3622800116E-3
2.4403111352E+0	2.8331650650E+1	5.3477939546E-3
2.4456516489E+0	2.1297535182E+1	5.3332185287E-3
2.4509775425E+0	1.5034169015E+1	5.3185539776E-3
2.4562887272E+0	9.7380375772E+0	5.3038005463E-3
2.4615851141E+0	5.5468676921E+0	5.2889584814E-3
2.4668666147E+0	2.5355040158E+0	5.2740280309E-3
2.4721331408E+0	7.1533659244E-1	5.2590094442E-3
2.4773846043E+0	3.7174957945E-2	5.2439029725E-3
2.4826209175E+0	3.9727236573E-1	5.2287088681E-3
2.4878419929E+0	1.6460355846E+0	5.2134273849E-3
2.4930477432E+0	3.5988204211E+0	5.1980587783E-3
2.4982380815E+0	6.0481174984E+0	5.1826033052E-3
2.5034129210E+0	8.7763810725E+0	5.1670612238E-3
2.5085721752E+0	1.1568747196E+1	5.1514327939E-3
2.5137157579E+0	1.4224925007E+1	5.1357182766E-3
2.5188435831E+0	1.6569622400E+1	5.1199179345E-3
2.5239555652E+0	1.8460978724E+1	5.1040320318E-3
2.5290516187E+0	1.9796614540E+1	5.0880608338E-3
2.5341316585E+0	2.0517062746E+1	5.0720046074E-3
2.5391955997E+0	2.0606506931E+1	5.0558636210E-3
2.5442433576E+0	2.0090911818E+1	5.0396381444E-3
2.5492748479E+0	1.9033778070E+1	5.0233284486E-3
2.5542899865E+0	1.7529881455E+1	5.0069348063E-3
2.5592886896E+0	1.5697457919E+1	4.9904574913E-3
2.5642708737E+0	1.3669366635E+1	4.9738967791E-3
2.5692364555E+0	1.1583800079E+1	4.9572529464E-3
2.5741853520E+0	9.5751127388E+0	4.9405262713E-3
2.5791174805E+0	7.7653097391E+0	4.9237170334E-3
2.5840327586E+0	6.2566764854E+0	4.9068255135E-3
2.5889311042E+0	5.1259452381E+0	4.8898519940E-3
2.5938124354E+0	4.4202901435E+0	4.8727967585E-3
2.5986766706E+0	4.1553254864E+0	4.8556600920E-3
2.6035237285E+0	4.3151598504E+0	4.8384422809E-3
2.6083535282E+0	4.8544385641E+0	4.8211436130E-3
2.6131659889E+0	5.7021949180E+0	4.8037643772E-3
2.6179610302E+0	6.7672330001E+0	4.7863048641E-3
2.6227385719E+0	7.9446864239E+0	4.7687653653E-3
2.6274985343E+0	9.1233412117E+0	4.7511461741E-3
2.6322408378E+0	1.0193279775E+1	4.7334475849E-3
2.6369654032E+0	1.1053396969E+1	4.7156698934E-3
2.6416721513E+0	1.1618357880E+1	4.6978133967E-3
2.6463610038E+0	1.1824608287E+1	4.6798783932E-3
2.6510318821E+0	1.1635109541E+1	4.6618651826E-3
2.6556847082E+0	1.1042545916E+1	4.6437740661E-3
2.6603194043E+0	1.0070839619E+1	4.6256053458E-3
2.6649358931E+0	8.7749017545E+0	4.6073593254E-3
2.6695340973E+0	7.2386414314E+0	4.5890363098E-3
2.6741139402E+0	5.5713451901E+0	4.5706366053E-3
2.6786753451E+0	3.9026204646E+0	4.5521605193E-3
2.6832182358E+0	2.3761662399E+0	4.5336083606E-3
2.6877425365E+0	1.1426883519E+0	4.5149804392E-3
2.6922481716E+0	3.5231397568E-1	4.4962770664E-3
2.6967350656E+0	1.4687860942E-1	4.4774985548E-3
2.7012031437E+0	6.5245911920E-1	4.4586452181E-3
2.7056523312E+0	1.9725088824E+0	4.4397173715E-3
2.7100825537E+0	4.1819173077E+0	4.4207153312E-3
2.7144937373E+0	7.3222682520E+0	4.4016394148E-3
2.7188858081E+0	1.1398512891E+1	4.3824899412E-3
2.7232586927E+0	1.6377205586E+1	4.3632672302E-3
2.7276123182E+0	2.2186379637E+1	4.3439716031E-3
2.7319466117E+0	2.8717066861E+1	4.3246033825E-3
2.7362615009E+0	3.5826394109E+1	4.3051628919E-3
2.7405569135E+0	4.3342124012E+1	4.2856504563E-3
2.7448327779E+0	5.1068449196E+1	4.2660664016E-3
2.7490890226E+0	5.8792801019E+1	4.2464110553E-3
2.7533255764E+0	6.6293397221E+1	4.2266847457E-3
2.7575423685E+0	7.3347228687E+1	4.2068878026E-3
2.7617393285E+0	7.9738174396E+1	4.1870205567E-3
2.7659163863E+0	8.5264935223E+1	4.1670833400E-3
2.7700734720E+0	8.9748491133E+1	4.1470764858E-3
2.7742105162E+0	9.3038811135E+1	4.1270003283E-3
2.7783274497E+0	9.5020579754E+1	4.1068552032E-3
2.7824242037E+0	9.5617745913E+1	4.0866414469E-3
2.7865007098E+0	9.4796747845E+1	4.0663593974E-3
2.7905568999E+0	9.2568319101E+1	4.0460093936E-3
2.7945927061E+0	8.8987833469E+1	4.0255917754E-3
2.7986080610E+0	8.4154198864E+1	4.0051068843E-3
2.8026028975E+0	7.8207359916E+1	3.9845550624E-3
2.8065771489E+0	7.1324514455E+1	3.9639366533E-3
2.8105307487E+0	6.3715188968E+1	3.9432520014E-3
2.8144636309E+0	5.5615351191E+1	3.9225014525E-3
2.8183757298E+0	4.7280763553E+1	3.9016853533E-3
2.8222669799E+0	3.8979798770E+1	3.8808040517E-3
2.8261373163E+0	3.0985948229E+1	3.8598578967E-3
2.8299866742E+0	2.3570255223E+1	3.8388472382E-3
2.8338149894E+0	1.6993898868E+1	3.8177724274E-3
2.8376221978E+0	1.1501141416E+1	3.7966338166E-3
2.8414082359E+0	7.3128325152E+0	3.7754317588E-3
2.8451730403E+0	4.6206396850E+0	3.7541666086E-3
2.8489165482E+0	3.5821461010E+0	3.7328387211E-3
2.8526386969E+0	4.3169257377E+0	3.7114484529E-3
2.8563394244E+0	6.9036732756E+0	3.6899961614E-3
2.8600186687E+0	1.1378432983E+1	3.6684822051E-3
2.8636763684E+0	1.7733938152E+1	3.6469069436E-3
2.8673124623E+0	2.5920041516E+1	3.6252707373E-3
2.8709268897E+0	3.5845188310E+1	3.6035739479E-3
2.8745195901E+0	4.7378857844E+1	3.5818169379E-3
2.8780905036E+0	6.0354877344E+1	3.5600000709E-3
2.8816395704E+0	7.4575493601E+1	3.5381237115E-3
2.8851667313E+0	8.9816074084E+1	3.5161882254E-3
2.8886719273E+0	1.0583029951E+2	3.4941939790E-3
2.8921550998E+0	1.2235570454E+2	3.4721413399E-3
2.8956161906E+0	1.3911942218E+2	3.4500306767E-3
2.8990551419E+0	1.5584398983E+2	3.4278623588E-3
2.9024718962E+0	1.7225308143E+2	3.4056367567E-3
2.9058663965E+0	1.8807703899E+2	3.3833542419E-3
2.9092385859E+0	2.0305808879E+2	3.3610151867E-3
2.9125884081E+0	2.1695514129E+2	3.3386199643E-3
2.9159158072E+0	2.2954808920E+2	3.3161689492E-3
2.9192207275E+0	2.4064153453E+2	3.2936625164E-3
2.9225031139E+0	2.5006789249E+2	3.2711010421E-3
2.9257629114E+0	2.5768983710E+2	3.2484849032E-3
2.9290000656E+0	2.6340206990E+2	3.2258144779E-3
2.9322145224E+0	2.6713240916E+2	3.2030901448E-3
2.9354062280E+0	2.6884221185E+2	3.1803122838E-3
2.9385751292E+0	2.6852615387E+2	3.1574812755E-3
2.9417211730E+0	2.6621140618E+2	3.1345975014E-3
2.9448443068E+0	2.6195625460E+2	3.1116613440E-3
2.9479444784E+0	2.5584821933E+2	3.0886731866E-3
2.9510216360E+0	2.4800173694E+2	3.0656334132E-3
2.9540757281E+0	2.3855547214E+2	3.0425424091E-3
2.9571067038E+0	2.2766932977E+2	3.0194005599E-3
2.9601145124E+0	2.1552123836E+2	2.9962082525E-3
2.9630991036E+0	2.0230377649E+2	2.9729658744E-3
2.9660604276E+0	1.8822071130E+2	2.9496738141E-3
2.9689984348E+0	1.7348351544E+2	2.9263324607E-3
2.9719130762E+0	1.5830792444E+2	2.9029422044E-3
2.9748043031E+0	1.4291059176E+2	2.8795034361E-3
2.9776720671E+0	1.2750589252E+2	2.8560165473E-3
2.9805163203E+0	1.1230292101E+2	2.8324819307E-3
2.9833370151E+0	9.7502720108E+1	2.8088999795E-3
2.9861341046E+0	8.3295773996E+1	2.7852710878E-3
2.9889075418E+0	6.9859788583E+1	2.7615956505E-3
2.9916572805E+0	5.7357777352E+1	2.7378740632E-3
2.9943832747E+0	4.5936463649E+1	2.7141067224E-3
2.9970854788E+0	3.5725004321E+1	2.6902940251E-3
2.9997638477E+0	2.6834033758E+1	2.6664363695E-3
3.0024183367E+0	1.9355022128E+1	2.6425341541E-3
3.0050489013E+0	1.3359936860E+1	2.6185877784E-3
3.0076554977E+0	8.9011923002E+0	2.5945976426E-3
3.0102380822E+0	6.0118689256E+0	2.5705641475E-3
3.0127966116E+0	4.7061806374E+0	2.5464876949E-3
3.0153310434E+0	4.9801663506E+0	2.5223686871E-3
3.0178413350E+0	6.8125804415E+0	2.4982075270E-3
3.0203274445E+0	1.0165955507E+1	2.4740046186E-3
3.0227893304E+0	1.4987810335E+1	2.4497603662E-3
3.0252269516E+0	2.1211975921E+1	2.4254751751E-3
3.0276402673E+0	2.8760012760E+1	2.4011494510E-3
3.0300292371E+0	3.7542693440E+1	2.3767836004E-3
3.0323938212E+0	4.7461525681E+1	2.3523780306E-3
3.0347339801E+0	5.8410292437E+1	2.3279331494E-3
3.0370496746E+0	7.0276587324E+1	2.3034493653E-3
3.0393408660E+0	8.2943325512E+1	2.2789270875E-3
3.0416075160E+0	9.6290212241E+1	2.2543667257E-3
3.0438495869E+0	1.1019515319E+2	2.2297686905E-3
3.0460670410E+0	1.2453559310E+2	2.2051333928E-3
3.0482598414E+0	1.3918977125E+2	2.1804612443E-3
3.0504279513E+0	1.5403788430E+2	2.1557526574E-3
3.0525713347E+0	1.6896314952E+2	2.1310080450E-3
3.0546899556E+0	1.8385276284E+2	2.1062278206E-3
3.0567837786E+0	1.9859874851E+2	2.0814123983E-3
3.0588527688E+0	2.1309869867E+2	2.0565621928E-3
3.0608968915E+0	2.2725640273E+2	2.0316776194E-3
3.0629161127E+0	2.4098236798E+2	2.0067590939E-3
3.0649103985E+0	2.5419423417E+2	1.9818070327E-3
3.0668797157E+0	2.6681708576E+2	1.9568218529E-3
3.0688240313E+0	2.7878366670E+2	1.9318039720E-3
3.0707433129E+0	2.9003450327E+2	1.9067538080E-3
3.0726375283E+0	3.0051794122E+2	1.8816717796E-3
3.0745066460E+0	3.1019010398E+2	1.8565583060E-3
3.0763506346E+0	3.1901477882E+2	1.8314138067E-3
3.0781694634E+0	3.2696323861E+2	1.8062387021E-3
3.0799631019E+0	3.3401400616E+2	1.7810334128E-3
3.0817315203E+0	3.4015256894E+2	1.7557983600E-3
3.0834746889E+0	3.4537105120E+2	1.7305339655E-3
3.0851925786E+0	3.4966785073E+2	1.7052406515E-3
3.0868851607E+0	3.5304724710E+2	1.6799188405E-3
3.0885524069E+0	3.5551898785E+2	1.6545689559E-3
3.0901942894E+0	3.5709785893E+2	1.6291914212E-3
3.0918107807E+0	3.5780324497E+2	1.6037866605E-3
3.0934018538E+0	3.5765868474E+2	1.5783550984E-3
3.0949674821E+0	3.5669142677E+2	1.5528971598E-3
3.0965076394E+0	3.5493198929E+2	1.5274132703E-3
3.0980223001E+0	3.5241372856E+2	1.5019038556E-3
3.0995114388E+0	3.4917241891E+2	1.4763693421E-3
3.1009750306E+0	3.4524584745E+2	1.4508101565E-3
3.1024130510E+0	3.4067342606E+2	1.4252267258E-3
3.1038254761E+0	3.3549582256E+2	1.3996194778E-3
3.1052122822E+0	3.2975461286E+2	1.3739888402E-3
3.1065734461E+0	3.2349195529E+2	1.3483352414E-3
3.1079089451E+0	3.1675028808E+2	1.3226591101E-3
3.1092187570E+0	3.0957205051E+2	1.2969608754E-3
3.1105028597E+0	3.0199942806E+2	1.2712409668E-3
3.1117612318E+0	2.9407412158E+2	1.2454998140E-3
3.1129938524E+0	2.8583714022E+2	1.2197378472E-3
3.1142007007E+0	2.7732861767E+2	1.1939554970E-3
3.1153817567E+0	2.6858765119E+2	1.1681531941E-3
3.1165370006E+0	2.5965216243E+2	1.1423313699E-3
3.1176664131E+0	2.5055877943E+2	1.1164904558E-3
3.1187699753E+0	2.4134273848E+2	1.0906308836E-3
3.1198476688E+0	2.3203780494E+2	1.0647530855E-3
3.1208994755E+0	2.2267621182E+2	1.0388574939E-3
3.1219253780E+0	2.1328861479E+2	1.0129445417E-3
3.1229253590E+0	2.0390406259E+2	9.8701466182E-4
3.1238994018E+0	1.9454998140E+2	9.6106828758E-4
3.1248474902E+0	1.8525217211E+2	9.3510585261E-4
3.1257696083E+0	1.7603481905E+2	9.0912779076E-4
3.1266657407E+0	1.6692050925E+2	8.8313453619E-4
3.1275358724E+0	1.5793026084E+2	8.5712652325E-4
3.1283799890E+0	1.4908355956E+2	8.3110418659E-4
3.1291980762E+0	1.4039840235E+2	8.0506796108E-4
3.1299901204E+0	1.3189134692E+2	7.7901828182E-4
3.1307561084E+0	1.2357756637E+2	7.5295558414E-4
3.1314960274E+0	1.1547090802E+2	7.2688030358E-4
3.1322098650E+0	1.0758395547E+2	7.0079287589E-4
3.1328976092E+0	9.9928093245E+1	6.7469373705E-4
3.1335592487E+0	9.2513573232E+1	6.4858332323E-4
3.1341947723E+0	8.5349582234E+1	6.2246207073E-4
3.1348041694E+0	7.8444310103E+1	5.9633041614E-4
3.1353874298E+0	7.1805017841E+1	5.7018879612E-4
3.1359445438E+0	6.5438105210E+1	5.4403764760E-4
3.1364755020E+0	5.9349177393E+1	5.1787740760E-4
3.1369802957E+0	5.3543110335E+1	4.9170851331E-4
3.1374589163E+0	4.8024114381E+1	4.6553140213E-4
3.1379113559E+0	4.2795795951E+1	4.3934651156E-4
3.1383376069E+0	3.7861216945E+1	4.1315427928E-4
3.1387376622E+0	3.3222951676E+1	3.8695514312E-4
3.1391115150E+0	2.8883141130E+1	3.6074954110E-4
3.1394591592E+0	2.4843544375E+1	3.3453791144E-4
3.1397805890E+0	2.1105586993E+1	3.0832069259E-4
3.1400757989E+0	1.7670406409E+1	2.8209832342E-4
3.1403447841E+0	1.4538894030E+1	2.5587124334E-4
3.1405875400E+0	1.1711734106E+1	2.2963989267E-4
3.1408040626E+0	9.1894392563E+0	2.0340471372E-4
3.1409943483E+0	6.9723825949E+0	1.7716615272E-4
3.1411583939E+0	5.0608264060E+0	1.5092466531E-4
3.1412961968E+0	3.4549472583E+0	1.2468073282E-4
3.1414077547E+0	2.1548572842E+0	9.8434919423E-5
3.1414930663E+0	1.1606204386E+0	7.2188137769E-5
3.1415521316E+0	4.7225609696E-1	4.5943520243E-5
3.1415849628E+0	8.9630521773E-2	1.9736940383E-5