# Differential cross section		
# Author: P. Swaczyna	Princeton University	(swaczyna@princeton.edu)
# Date: 	Wed 17 Feb 2021 15:35:00	
# 		
# Charge transfer collision: He^0 + He^+ -> He^+ + He^0		
# 		
# Red. mass: 	1.8640723202E+9	 eV/c^2
# CM energy: 	8.7096358996E-1	 eV
# Rel speed: 	9.1644060204E+5	 cm/s
# Tot sigma: 	N/A	 a.u.
# Int sigma: 	1.0078224198E+2	 a.u.
# 		
# Columns:		
# the <- scattering angle (rad)		
# dcs <- dsigma/dOmega*2*pi*sin(the) (a.u. = 2.8002852056E-17 cm^2)		
# wei <- weight for cross section integration (approx. width of angle bin)		
# 		
# the	dcs	wei
7.6907532846E-6	1.4491321393E-2	1.9736940383E-5
4.0521979771E-5	7.6353313176E-2	4.5943520243E-5
9.9587300392E-5	1.8764257183E-1	7.2188137769E-5
1.8489884726E-4	3.4836365389E-1	9.8434919423E-5
2.9645680168E-4	5.5846552038E-1	1.2468073282E-4
4.3425968311E-4	8.1783374457E-1	1.5092466531E-4
5.9830531657E-4	1.1262568673E+0	1.7716615272E-4
7.8859101285E-4	1.4833830935E+0	2.0340471372E-4
1.0051136166E-3	1.8886687618E+0	2.2963989267E-4
1.2478695220E-3	2.3413191030E+0	2.5587124334E-4
1.5168546797E-3	2.8402218215E+0	2.8209832342E-4
1.8120645986E-3	3.3838742279E+0	3.0832069259E-4
2.1334943481E-3	3.9703049163E+0	3.3453791144E-4
2.4811385584E-3	4.5969913101E+0	3.6074954110E-4
2.8549914211E-3	5.2607747957E+0	3.8695514312E-4
3.2550466893E-3	5.9577756097E+0	4.1315427928E-4
3.6812976783E-3	6.6833101541E+0	4.3934651156E-4
4.1337372652E-3	7.4318139592E+0	4.6553140213E-4
4.6123578895E-3	8.1967740938E+0	4.9170851331E-4
5.1171515529E-3	8.9706754124E+0	5.1787740760E-4
5.6481098199E-3	9.7449655967E+0	5.4403764760E-4
6.2052238176E-3	1.0510044473E+1	5.7018879612E-4
6.7884842360E-3	1.1255283510E+1	5.9633041614E-4
7.3978813281E-3	1.1969081694E+1	6.2246207073E-4
8.0334049101E-3	1.2638964036E+1	6.4858332323E-4
8.6950443616E-3	1.3251728824E+1	6.7469373705E-4
9.3827886258E-3	1.3793649174E+1	7.0079287589E-4
1.0096626210E-2	1.4250733532E+1	7.2688030358E-4
1.0836545184E-2	1.4609048402E+1	7.5295558414E-4
1.1602533184E-2	1.4855104612E+1	7.7901828182E-4
1.2394577408E-2	1.4976305956E+1	8.0506796108E-4
1.3212664621E-2	1.4961455927E+1	8.3110418659E-4
1.4056781152E-2	1.4801314528E+1	8.5712652325E-4
1.4926912893E-2	1.4489192895E+1	8.8313453619E-4
1.5823045305E-2	1.4021568705E+1	9.0912779076E-4
1.6745163410E-2	1.3398700265E+1	9.3510585261E-4
1.7693251801E-2	1.2625212040E+1	9.6106828758E-4
1.8667294632E-2	1.1710619347E+1	9.8701466182E-4
1.9667275626E-2	1.0669755493E+1	1.0129445417E-3
2.0693178073E-2	9.5230611491E+0	1.0388574939E-3
2.1744984827E-2	8.2966936723E+0	1.0647530855E-3
2.2822678313E-2	7.0224140193E+0	1.0906308836E-3
2.3926240519E-2	5.7372113105E+0	1.1164904558E-3
2.5055653005E-2	4.4826305393E+0	1.1423313699E-3
2.6210896896E-2	3.3037778237E+0	1.1681531941E-3
2.7391952886E-2	2.2479902650E+0	1.1939554970E-3
2.8598801239E-2	1.3631740363E+0	1.2197378472E-3
2.9831421786E-2	6.9583462550E-1	1.2454998140E-3
3.1089793929E-2	2.8884674454E-1	1.2712409668E-3
3.2373896638E-2	1.7903741798E-1	1.2969608754E-3
3.3683708455E-2	3.9468292310E-1	1.3226591101E-3
3.5019207490E-2	9.5304683133E-1	1.3483352414E-3
3.6380371427E-2	1.8581102687E+0	1.3739888402E-3
3.7767177517E-2	3.0986641670E+0	1.3996194778E-3
3.9179602586E-2	4.6469439879E+0	1.4252267258E-3
4.0617623030E-2	6.4579873753E+0	1.4508101565E-3
4.2081214817E-2	8.4698818148E+0	1.4763693421E-3
4.3570353490E-2	1.0605040507E+1	1.5019038556E-3
4.5085014162E-2	1.2772598955E+1	1.5274132703E-3
4.6625171522E-2	1.4871962039E+1	1.5528971598E-3
4.8190799831E-2	1.6797452857E+1	1.5783550984E-3
4.9781872927E-2	1.8443923495E+1	1.6037866605E-3
5.1398364219E-2	1.9713089037E+1	1.6291914212E-3
5.3040246694E-2	2.0520246613E+1	1.6545689559E-3
5.4707492914E-2	2.0800949788E+1	1.6799188405E-3
5.6400075017E-2	2.0517135318E+1	1.7052406515E-3
5.8117964718E-2	1.9662154941E+1	1.7305339655E-3
5.9861133308E-2	1.8264160084E+1	1.7557983600E-3
6.1629551657E-2	1.6387331077E+1	1.7810334128E-3
6.3423190212E-2	1.4130540962E+1	1.8062387021E-3
6.5242019000E-2	1.1623199282E+1	1.8314138067E-3
6.7086007624E-2	9.0182297574E+0	1.8565583060E-3
6.8955125270E-2	6.4823876144E+0	1.8816717796E-3
7.0849340702E-2	4.1844005332E+0	1.9067538080E-3
7.2768622264E-2	2.2816980963E+0	1.9318039720E-3
7.4712937885E-2	9.0674911440E-1	1.9568218529E-3
7.6682255070E-2	1.5422158348E-1	1.9818070327E-3
7.8676540910E-2	7.0283347232E-2	2.0067590939E-3
8.0695762079E-2	6.4534336543E-1	2.0316776194E-3
8.2739884832E-2	1.8113724389E+0	2.0565621928E-3
8.4808875009E-2	3.4446294524E+0	2.0814123983E-3
8.6902698034E-2	5.3741623345E+0	2.1062278206E-3
8.9021318917E-2	7.3958789290E+0	2.1310080450E-3
9.1164702253E-2	9.2913388346E+0	2.1557526574E-3
9.3332812224E-2	1.0849768364E+1	2.1804612443E-3
9.5525612596E-2	1.1891226104E+1	2.2051333928E-3
9.7743066726E-2	1.2288431097E+1	2.2297686905E-3
9.9985137556E-2	1.1984590014E+1	2.2543667257E-3
1.0225178762E-1	1.1004687922E+1	2.2789270875E-3
1.0454297904E-1	9.4581746593E+0	2.3034493653E-3
1.0685867352E-1	7.5317807398E+0	2.3279331494E-3
1.0919883237E-1	5.4722811907E+0	2.3523780306E-3
1.1156341648E-1	3.5602915338E+0	2.3767836004E-3
1.1395238633E-1	2.0774818891E+0	2.4011494510E-3
1.1636570200E-1	1.2707564325E+0	2.4254751751E-3
1.1880332317E-1	1.3177793137E+0	2.4497603662E-3
1.2126520909E-1	2.2985640095E+0	2.4740046186E-3
1.2375131862E-1	4.1775561094E+0	2.4982075270E-3
1.2626161023E-1	6.7996787455E+0	2.5223686871E-3
1.2879604195E-1	9.9022198728E+0	2.5464876949E-3
1.3135457143E-1	1.3142371540E+1	2.5705641475E-3
1.3393715592E-1	1.6137933175E+1	2.5945976426E-3
1.3654375226E-1	1.8516489803E+1	2.6185877784E-3
1.3917431689E-1	1.9966632761E+1	2.6425341541E-3
1.4182880585E-1	2.0283845076E+1	2.6664363695E-3
1.4450717478E-1	1.9403784344E+1	2.6902940251E-3
1.4720937892E-1	1.7416980470E+1	2.7141067224E-3
1.4993537310E-1	1.4561358298E+1	2.7378740632E-3
1.5268511179E-1	1.1192229395E+1	2.7615956505E-3
1.5545854902E-1	7.7330225145E+0	2.7852710878E-3
1.5825563845E-1	4.6134578680E+0	2.8088999795E-3
1.6107633333E-1	2.2044929048E+0	2.8324819307E-3
1.6392058653E-1	7.6062052190E-1	2.8560165473E-3
1.6678835052E-1	3.7960978270E-1	2.8795034361E-3
1.6967957737E-1	9.8744763904E-1	2.9029422044E-3
1.7259421876E-1	2.3523063105E+0	2.9263324607E-3
1.7553222599E-1	4.1263966573E+0	2.9496738141E-3
1.7849354996E-1	5.9094091669E+0	2.9729658744E-3
1.8147814117E-1	7.3228585683E+0	2.9962082525E-3
1.8448594977E-1	8.0819559096E+0	3.0194005599E-3
1.8751692548E-1	8.0513132089E+0	3.0425424091E-3
1.9057101764E-1	7.2731119598E+0	3.0656334132E-3
1.9364817522E-1	5.9610974244E+0	3.0886731866E-3
1.9674834681E-1	4.4601372407E+0	3.1116613440E-3
1.9987148058E-1	3.1779338798E+0	3.1345975014E-3
2.0301752435E-1	2.5014295142E+0	3.1574812755E-3
2.0618642554E-1	2.7141846263E+0	3.1803122838E-3
2.0937813120E-1	3.9316074987E+0	3.2030901448E-3
2.1259258799E-1	6.0680238743E+0	3.2258144779E-3
2.1582974219E-1	8.8435994865E+0	3.2484849032E-3
2.1908953970E-1	1.1831162021E+1	3.2711010421E-3
2.2237192605E-1	1.4534624460E+1	3.2936625164E-3
2.2567684639E-1	1.6483783814E+1	3.3161689492E-3
2.2900424548E-1	1.7326339716E+1	3.3386199643E-3
2.3235406772E-1	1.6898037683E+1	3.3610151867E-3
2.3572625713E-1	1.5256030308E+1	3.3833542419E-3
2.3912075735E-1	1.2668075586E+1	3.4056367567E-3
2.4253751167E-1	9.5594781459E+0	3.4278623588E-3
2.4597646298E-1	6.4287023052E+0	3.4500306767E-3
2.4943755380E-1	3.7493346351E+0	3.4721413399E-3
2.5292072631E-1	1.8790220296E+0	3.4941939790E-3
2.5642592230E-1	9.9448180526E-1	3.5161882254E-3
2.5995308318E-1	1.0660073676E+0	3.5381237115E-3
2.6350215001E-1	1.8763399794E+0	3.5600000709E-3
2.6707306349E-1	3.0792326365E+0	3.5818169379E-3
2.7066576394E-1	4.2845642907E+0	3.6035739479E-3
2.7428019131E-1	5.1512517599E+0	3.6252707373E-3
2.7791628522E-1	5.4675718906E+0	3.6469069436E-3
2.8157398488E-1	5.2011126434E+0	3.6684822051E-3
2.8525322919E-1	4.5068396348E+0	3.6899961614E-3
2.8895395665E-1	3.6904511896E+0	3.7114484529E-3
2.9267610542E-1	3.1336659321E+0	3.7328387211E-3
2.9641961330E-1	3.1966004127E+0	3.7541666086E-3
3.0018441773E-1	4.1183393196E+0	3.7754317588E-3
3.0397045579E-1	5.9388845059E+0	3.7966338166E-3
3.0777766421E-1	8.4630832181E+0	3.8177724274E-3
3.1160597938E-1	1.1279743878E+1	3.8388472382E-3
3.1545533730E-1	1.3837693262E+1	3.8598578967E-3
3.1932567367E-1	1.5566800578E+1	3.8808040517E-3
3.2321692379E-1	1.6018811394E+1	3.9016853533E-3
3.2712902264E-1	1.4993704419E+1	3.9225014525E-3
3.3106190484E-1	1.2615641784E+1	3.9432520014E-3
3.3501550468E-1	9.3306936864E+0	3.9639366533E-3
3.3898975607E-1	5.8163154795E+0	3.9845550624E-3
3.4298459261E-1	2.8168708046E+0	4.0051068843E-3
3.4699994753E-1	9.4414811353E-1	4.0255917754E-3
3.5103575373E-1	4.9887542090E-1	4.0460093936E-3
3.5509194378E-1	1.3713480907E+0	4.0663593974E-3
3.5916844988E-1	3.0625219242E+0	4.0866414469E-3
3.6326520391E-1	4.8331561701E+0	4.1068552032E-3
3.6738213741E-1	5.9462657600E+0	4.1270003283E-3
3.7151918157E-1	5.9307191867E+0	4.1470764858E-3
3.7567626728E-1	4.7758286368E+0	4.1670833400E-3
3.7985332504E-1	2.9784766664E+0	4.1870205567E-3
3.8405028507E-1	1.4067590455E+0	4.2068878026E-3
3.8826707721E-1	1.0067584351E+0	4.2266847457E-3
3.9250363101E-1	2.4415250891E+0	4.2464110553E-3
3.9675987567E-1	5.7895442616E+0	4.2660664016E-3
4.0103574005E-1	1.0425050452E+1	4.2856504563E-3
4.0533115271E-1	1.5149475899E+1	4.3051628919E-3
4.0964604185E-1	1.8555509173E+1	4.3246033825E-3
4.1398033538E-1	1.9512374543E+1	4.3439716031E-3
4.1833396086E-1	1.7599581404E+1	4.3632672302E-3
4.2270684554E-1	1.3315941936E+1	4.3824899412E-3
4.2709891633E-1	7.9598691668E+0	4.4016394148E-3
4.3151009985E-1	3.1969078433E+0	4.4207153312E-3
4.3594032237E-1	4.5814509075E-1	4.4397173715E-3
4.4038950986E-1	3.9625653205E-1	4.4586452181E-3
4.4485758797E-1	2.6238844772E+0	4.4774985548E-3
4.4934448203E-1	5.8623204495E+0	4.4962770664E-3
4.5385011706E-1	8.4672705392E+0	4.5149804392E-3
4.5837441776E-1	9.1349935308E+0	4.5336083606E-3
4.6291730852E-1	7.4973132689E+0	4.5521605193E-3
4.6747871344E-1	4.3372384519E+0	4.5706366053E-3
4.7205855627E-1	1.3008041145E+0	4.5890363098E-3
4.7665676049E-1	1.9400454629E-1	4.6073593254E-3
4.8127324926E-1	2.1476810367E+0	4.6256053458E-3
4.8590794542E-1	7.0179801405E+0	4.6437740661E-3
4.9056077152E-1	1.3315561068E+1	4.6618651826E-3
4.9523164982E-1	1.8741166933E+1	4.6798783932E-3
4.9992050224E-1	2.1134063842E+1	4.6978133967E-3
5.0462725044E-1	1.9433774755E+1	4.7156698934E-3
5.0935181576E-1	1.4216953094E+1	4.7334475849E-3
5.1409411924E-1	7.5337598969E+0	4.7511461741E-3
5.1885408164E-1	2.0730323276E+0	4.7687653653E-3
5.2363162341E-1	4.8034962698E-4	4.7863048641E-3
5.2842666471E-1	1.9896410052E+0	4.8037643772E-3
5.3323912540E-1	6.9058527749E+0	4.8211436130E-3
5.3806892508E-1	1.2319532819E+1	4.8384422809E-3
5.4291598301E-1	1.5637742118E+1	4.8556600920E-3
5.4778021821E-1	1.5334407317E+1	4.8727967585E-3
5.5266154939E-1	1.1687109142E+1	4.8898519940E-3
5.5755989496E-1	6.6438906457E+0	4.9068255135E-3
5.6247517308E-1	2.8582388084E+0	4.9237170334E-3
5.6740730160E-1	2.3482835259E+0	4.9405262713E-3
5.7235619810E-1	5.4457989603E+0	4.9572529464E-3
5.7732177988E-1	1.0582188853E+1	4.9738967791E-3
5.8230396395E-1	1.5053489298E+1	4.9904574913E-3
5.8730266706E-1	1.6407063905E+1	5.0069348063E-3
5.9231780568E-1	1.3753258349E+1	5.0233284486E-3
5.9734929598E-1	8.3123161074E+0	5.0396381444E-3
6.0239705389E-1	2.8758897334E+0	5.0558636210E-3
6.0746099506E-1	4.1837708528E-1	5.0720046074E-3
6.1254103485E-1	2.5513127965E+0	5.0880608338E-3
6.1763708838E-1	8.6256001533E+0	5.1040320318E-3
6.2274907048E-1	1.5975265037E+1	5.1199179345E-3
6.2787689573E-1	2.1210111349E+1	5.1357182766E-3
6.3302047843E-1	2.1906653757E+1	5.1514327939E-3
6.3817973262E-1	1.7819156139E+1	5.1670612238E-3
6.4335457209E-1	1.0970561511E+1	5.1826033052E-3
6.4854491036E-1	4.5721186173E+0	5.1980587783E-3
6.5375066070E-1	1.3487757061E+0	5.2134273849E-3
6.5897173609E-1	2.1708120813E+0	5.2287088681E-3
6.6420804930E-1	5.7253356463E+0	5.2439029725E-3
6.6945951283E-1	9.3874891952E+0	5.2590094442E-3
6.7472603890E-1	1.0784585515E+1	5.2740280309E-3
6.8000753951E-1	9.1608685043E+0	5.2889584814E-3
6.8530392640E-1	5.7683314360E+0	5.3038005463E-3
6.9061511106E-1	3.0688306544E+0	5.3185539776E-3
6.9594100473E-1	3.2182296945E+0	5.3332185287E-3
7.0128151841E-1	6.7202919631E+0	5.3477939546E-3
7.0663656285E-1	1.2042278782E+1	5.3622800116E-3
7.1200604856E-1	1.6427083273E+1	5.3766764577E-3
7.1738988581E-1	1.7440096667E+1	5.3909830523E-3
7.2278798463E-1	1.4359583364E+1	5.4051995564E-3
7.2820025482E-1	8.6094137972E+0	5.4193257323E-3
7.3362660591E-1	2.9895273202E+0	5.4333613439E-3
7.3906694724E-1	1.5392396336E-1	5.4473061568E-3
7.4452118788E-1	1.2094900113E+0	5.4611599379E-3
7.4998923669E-1	5.2168060367E+0	5.4749224557E-3
7.5547100229E-1	9.8310646699E+0	5.4885934801E-3
7.6096639308E-1	1.2659211813E+1	5.5021727828E-3
7.6647531721E-1	1.2523070694E+1	5.5156601367E-3
7.7199768263E-1	9.9250722488E+0	5.5290553166E-3
7.7753339704E-1	6.5265637576E+0	5.5423580985E-3
7.8308236795E-1	4.0401404287E+0	5.5555682601E-3
7.8864450262E-1	3.2470779472E+0	5.5686855808E-3
7.9421970809E-1	3.7098595339E+0	5.5817098412E-3
7.9980789121E-1	4.2753521817E+0	5.5946408237E-3
8.0540895857E-1	3.9717952215E+0	5.6074783123E-3
8.1102281659E-1	2.6972713829E+0	5.6202220924E-3
8.1664937145E-1	1.2823647345E+0	5.6328719509E-3
8.2228852912E-1	9.3637032945E-1	5.6454276767E-3
8.2794019536E-1	2.4668294230E+0	5.6578890597E-3
8.3360427572E-1	5.7641570550E+0	5.6702558918E-3
8.3928067556E-1	9.8334311647E+0	5.6825279663E-3
8.4496930000E-1	1.3300961073E+1	5.6947050782E-3
8.5067005399E-1	1.5061445697E+1	5.7067870238E-3
8.5638284226E-1	1.4708029782E+1	5.7187736014E-3
8.6210756934E-1	1.2574433917E+1	5.7306646105E-3
8.6784413956E-1	9.4596788387E+0	5.7424598526E-3
8.7359245705E-1	6.2440562135E+0	5.7541591304E-3
8.7935242576E-1	3.5872636300E+0	5.7657622485E-3
8.8512394943E-1	1.7909631855E+0	5.7772690129E-3
8.9090693161E-1	8.1358746058E-1	5.7886792314E-3
8.9670127565E-1	3.9697506228E-1	5.7999927133E-3
9.0250688473E-1	2.7133652276E-1	5.8112092696E-3
9.0832366182E-1	3.8588932639E-1	5.8223287127E-3
9.1415150972E-1	1.0557164940E+0	5.8333508568E-3
9.1999033104E-1	2.8857689917E+0	5.8442755178E-3
9.2584002820E-1	6.4122134505E+0	5.8551025132E-3
9.3170050345E-1	1.1591780448E+1	5.8658316618E-3
9.3757165885E-1	1.7453275499E+1	5.8764627846E-3
9.4345339628E-1	2.2233748089E+1	5.8869957037E-3
9.4934561746E-1	2.4078498959E+1	5.8974302433E-3
9.5524822392E-1	2.2003148692E+1	5.9077662288E-3
9.6116111701E-1	1.6557733656E+1	5.9180034877E-3
9.6708419793E-1	9.7233649114E+0	5.9281418487E-3
9.7301736769E-1	4.0122570944E+0	5.9381811425E-3
9.7896052713E-1	1.2639299238E+0	5.9481212013E-3
9.8491357695E-1	1.8628160178E+0	5.9579618591E-3
9.9087641766E-1	4.8444503224E+0	5.9677029512E-3
9.9684894961E-1	8.7557889674E+0	5.9773443150E-3
1.0028310730E+0	1.2611294864E+1	5.9868857894E-3
1.0088226878E+0	1.6238573284E+1	5.9963272149E-3
1.0148236940E+0	1.9799486783E+1	6.0056684336E-3
1.0208339913E+0	2.2953771169E+1	6.0149092896E-3
1.0268534791E+0	2.4474126138E+1	6.0240496283E-3
1.0328820570E+0	2.2819524074E+1	6.0330892971E-3
1.0389196241E+0	1.7406635134E+1	6.0420281448E-3
1.0449660796E+0	9.6555587391E+0	6.0508660221E-3
1.0510213224E+0	2.8706121349E+0	6.0596027814E-3
1.0570852514E+0	7.4257782576E-1	6.0682382765E-3
1.0631577652E+0	5.2525724281E+0	6.0767723631E-3
1.0692387623E+0	1.5297057235E+1	6.0852048988E-3
1.0753281411E+0	2.6998553024E+1	6.0935357425E-3
1.0814257998E+0	3.5611455026E+1	6.1017647550E-3
1.0875316366E+0	3.7894923357E+1	6.1098917988E-3
1.0936455494E+0	3.3535827032E+1	6.1179167381E-3
1.0997674360E+0	2.4868192138E+1	6.1258394388E-3
1.1058971941E+0	1.5270801139E+1	6.1336597685E-3
1.1120347214E+0	7.4187375926E+0	6.1413775965E-3
1.1181799151E+0	2.4768441923E+0	6.1489927938E-3
1.1243326727E+0	4.8115268744E-1	6.1565052331E-3
1.1304928913E+0	1.2408657668E+0	6.1639147890E-3
1.1366604679E+0	4.8093008388E+0	6.1712213376E-3
1.1428352996E+0	1.1095684489E+1	6.1784247568E-3
1.1490172830E+0	1.9052261223E+1	6.1855249261E-3
1.1552063150E+0	2.6343270418E+1	6.1925217271E-3
1.1614022920E+0	3.0080849131E+1	6.1994150427E-3
1.1676051105E+0	2.8343590037E+1	6.2062047577E-3
1.1738146669E+0	2.1473909786E+1	6.2128907587E-3
1.1800308574E+0	1.2173328777E+1	6.2194729339E-3
1.1862535782E+0	4.1963674031E+0	6.2259511734E-3
1.1924827251E+0	4.0952362754E-1	6.2323253688E-3
1.1987181942E+0	1.4155642872E+0	6.2385954138E-3
1.2049598812E+0	5.5382392622E+0	6.2447612034E-3
1.2112076818E+0	1.0040622893E+1	6.2508226346E-3
1.2174614916E+0	1.2692112331E+1	6.2567796062E-3
1.2237212062E+0	1.2714658378E+1	6.2626320186E-3
1.2299867208E+0	1.0703924743E+1	6.2683797740E-3
1.2362579308E+0	7.8488316998E+0	6.2740227763E-3
1.2425347314E+0	5.1295168481E+0	6.2795609313E-3
1.2488170177E+0	2.9834411480E+0	6.2849941464E-3
1.2551046847E+0	1.4525345794E+0	6.2903223308E-3
1.2613976273E+0	4.8390298975E-1	6.2955453954E-3
1.2676957404E+0	7.6491249789E-2	6.3006632530E-3
1.2739989187E+0	2.2782167927E-1	6.3056758180E-3
1.2803070569E+0	8.4401363414E-1	6.3105830068E-3
1.2866200496E+0	1.7537943091E+0	6.3153847371E-3
1.2929377912E+0	2.7935909020E+0	6.3200809290E-3
1.2992601762E+0	3.8281993277E+0	6.3246715037E-3
1.3055870990E+0	4.6606543246E+0	6.3291563847E-3
1.3119184537E+0	4.9611513665E+0	6.3335354970E-3
1.3182541347E+0	4.3919487835E+0	6.3378087674E-3
1.3245940360E+0	2.9294900663E+0	6.3419761245E-3
1.3309380516E+0	1.1335145331E+0	6.3460374987E-3
1.3372860756E+0	4.8102210938E-2	6.3499928220E-3
1.3436380019E+0	6.6076439998E-1	6.3538420284E-3
1.3499937243E+0	3.2254873168E+0	6.3575850535E-3
1.3563531366E+0	6.9436089503E+0	6.3612218349E-3
1.3627161325E+0	1.0293615794E+1	6.3647523117E-3
1.3690826057E+0	1.1838538814E+1	6.3681764249E-3
1.3754524499E+0	1.0987242611E+1	6.3714941173E-3
1.3818255585E+0	8.2358021423E+0	6.3747053335E-3
1.3882018250E+0	4.8206413283E+0	6.3778100198E-3
1.3945811430E+0	2.1255659663E+0	6.3808081243E-3
1.4009634057E+0	1.2569575791E+0	6.3836995970E-3
1.4073485066E+0	2.9099720342E+0	6.3864843894E-3
1.4137363389E+0	7.3091442089E+0	6.3891624551E-3
1.4201267959E+0	1.3978085206E+1	6.3917337493E-3
1.4265197708E+0	2.1424646899E+1	6.3941982290E-3
1.4329151568E+0	2.7185220358E+1	6.3965558531E-3
1.4393128469E+0	2.8629517997E+1	6.3988065821E-3
1.4457127343E+0	2.4385648934E+1	6.4009503785E-3
1.4521147120E+0	1.5587145783E+1	6.4029872063E-3
1.4585186731E+0	5.9570532108E+0	6.4049170317E-3
1.4649245104E+0	3.1989296309E-1	6.4067398222E-3
1.4713321170E+0	2.1612470361E+0	6.4084555476E-3
1.4777413858E+0	1.1610050152E+1	6.4100641790E-3
1.4841522097E+0	2.5104239652E+1	6.4115656896E-3
1.4905644815E+0	3.7029836733E+1	6.4129600544E-3
1.4969780940E+0	4.2436284711E+1	6.4142472499E-3
1.5033929402E+0	3.9323123478E+1	6.4154272548E-3
1.5098089128E+0	2.9334756245E+1	6.4165000493E-3
1.5162259046E+0	1.6693509436E+1	6.4174656154E-3
1.5226438083E+0	6.1489007096E+0	6.4183239370E-3
1.5290625167E+0	1.0592621347E+0	6.4190749998E-3
1.5354819225E+0	2.3876262227E+0	6.4197187912E-3
1.5419019185E+0	8.7673718837E+0	6.4202553005E-3
1.5483223974E+0	1.7325501768E+1	6.4206845187E-3
1.5547432518E+0	2.4823655518E+1	6.4210064386E-3
1.5611643745E+0	2.8759667339E+1	6.4212210549E-3
1.5675856581E+0	2.8156055476E+1	6.4213283639E-3
1.5740069954E+0	2.3794706426E+1	6.4213283639E-3
1.5804282791E+0	1.7760360174E+1	6.4212210549E-3
1.5868494018E+0	1.2427268580E+1	6.4210064386E-3
1.5932702562E+0	9.3577967423E+0	6.4206845187E-3
1.5996907351E+0	8.7110489076E+0	6.4202553005E-3
1.6061107310E+0	9.4987192449E+0	6.4197187912E-3
1.6125301369E+0	1.0487274435E+1	6.4190749998E-3
1.6189488453E+0	1.1104281210E+1	6.4183239370E-3
1.6253667490E+0	1.1710385781E+1	6.4174656154E-3
1.6317837408E+0	1.3071627406E+1	6.4165000493E-3
1.6381997134E+0	1.5466022808E+1	6.4154272548E-3
1.6446145595E+0	1.8133364750E+1	6.4142472499E-3
1.6510281721E+0	1.9524591334E+1	6.4129600544E-3
1.6574404439E+0	1.8224778836E+1	6.4115656896E-3
1.6638512678E+0	1.3944591203E+1	6.4100641790E-3
1.6702605366E+0	7.9280287494E+0	6.4084555476E-3
1.6766681432E+0	2.5041861222E+0	6.4067398222E-3
1.6830739805E+0	2.3937807491E-2	6.4049170317E-3
1.6894779416E+0	1.7389285634E+0	6.4029872063E-3
1.6958799193E+0	7.1626401715E+0	6.4009503785E-3
1.7022798067E+0	1.4191952954E+1	6.3988065821E-3
1.7086774968E+0	1.9942097321E+1	6.3965558531E-3
1.7150728827E+0	2.1979629723E+1	6.3941982290E-3
1.7214658576E+0	1.9466492525E+1	6.3917337493E-3
1.7278563146E+0	1.3688062875E+1	6.3891624551E-3
1.7342441470E+0	7.6040425767E+0	6.3864843894E-3
1.7406292478E+0	4.4722122600E+0	6.3836995970E-3
1.7470115106E+0	6.1261297290E+0	6.3808081243E-3
1.7533908286E+0	1.1830542385E+1	6.3778100198E-3
1.7597670951E+0	1.8481615814E+1	6.3747053335E-3
1.7661402037E+0	2.2221812985E+1	6.3714941173E-3
1.7725100479E+0	2.0657939602E+1	6.3681764249E-3
1.7788765211E+0	1.4382825296E+1	6.3647523117E-3
1.7852395170E+0	6.8050893918E+0	6.3612218349E-3
1.7915989293E+0	2.2780263100E+0	6.3575850535E-3
1.7979546517E+0	3.5864530937E+0	6.3538420284E-3
1.8043065780E+0	1.0293708640E+1	6.3499928220E-3
1.8106546020E+0	1.8952544043E+1	6.3460374987E-3
1.8169986176E+0	2.5049353609E+1	6.3419761245E-3
1.8233385189E+0	2.5508869868E+1	6.3378087674E-3
1.8296741999E+0	2.0291935032E+1	6.3335354970E-3
1.8360055546E+0	1.2224741649E+1	6.3291563847E-3
1.8423324774E+0	5.2803000351E+0	6.3246715037E-3
1.8486548624E+0	2.4036404291E+0	6.3200809290E-3
1.8549726040E+0	4.1331114067E+0	6.3153847371E-3
1.8612855967E+0	8.6973322949E+0	6.3105830068E-3
1.8675937349E+0	1.3367530630E+1	6.3056758180E-3
1.8738969132E+0	1.6160844283E+1	6.3006632530E-3
1.8801950263E+0	1.6876743750E+1	6.2955453954E-3
1.8864879689E+0	1.6911027383E+1	6.2903223308E-3
1.8927756359E+0	1.8034070784E+1	6.2849941464E-3
1.8990579222E+0	2.0930054912E+1	6.2795609313E-3
1.9053347228E+0	2.4448142946E+1	6.2740227763E-3
1.9116059328E+0	2.6124000980E+1	6.2683797740E-3
1.9178714474E+0	2.3778153284E+1	6.2626320186E-3
1.9241311620E+0	1.7283799092E+1	6.2567796062E-3
1.9303849718E+0	9.3483878095E+0	6.2508226346E-3
1.9366327724E+0	4.5911875480E+0	6.2447612034E-3
1.9428744594E+0	7.1628731517E+0	6.2385954138E-3
1.9491099285E+0	1.8123435010E+1	6.2323253688E-3
1.9553390754E+0	3.4156254663E+1	6.2259511734E-3
1.9615617961E+0	4.8622638479E+1	6.2194729339E-3
1.9677779867E+0	5.4679132496E+1	6.2128907587E-3
1.9739875431E+0	4.8904081330E+1	6.2062047577E-3
1.9801903616E+0	3.3408432682E+1	6.1994150427E-3
1.9863863386E+0	1.5109981029E+1	6.1925217271E-3
1.9925753706E+0	2.3941047506E+0	6.1855249261E-3
1.9987573540E+0	8.8564991268E-1	6.1784247568E-3
2.0049321857E+0	1.0614519081E+1	6.1712213376E-3
2.0110997623E+0	2.6113798026E+1	6.1639147890E-3
2.0172599809E+0	3.9363448411E+1	6.1565052331E-3
2.0234127385E+0	4.3931138994E+1	6.1489927938E-3
2.0295579322E+0	3.8062107458E+1	6.1413775965E-3
2.0356954595E+0	2.5145094310E+1	6.1336597685E-3
2.0418252176E+0	1.1494757018E+1	6.1258394388E-3
2.0479471042E+0	2.8458462466E+0	6.1179167381E-3
2.0540610170E+0	1.5392852758E+0	6.1098917988E-3
2.0601668538E+0	5.8296356389E+0	6.1017647550E-3
2.0662645125E+0	1.1450756515E+1	6.0935357425E-3
2.0723538913E+0	1.4322303728E+1	6.0852048988E-3
2.0784348884E+0	1.2762383841E+1	6.0767723631E-3
2.0845074022E+0	8.0217476728E+0	6.0682382765E-3
2.0905713312E+0	3.0404727110E+0	6.0596027814E-3
2.0966265740E+0	3.7949407029E-1	6.0508660221E-3
2.1026730295E+0	6.8728219567E-1	6.0420281448E-3
2.1087105966E+0	2.6211157311E+0	6.0330892971E-3
2.1147391745E+0	4.1549971467E+0	6.0240496283E-3
2.1207586623E+0	4.2948843736E+0	6.0149092896E-3
2.1267689596E+0	3.9585058621E+0	6.0056684336E-3
2.1327699657E+0	5.3372394142E+0	5.9963272149E-3
2.1387615806E+0	1.0102006988E+1	5.9868857894E-3
2.1447437040E+0	1.7678874704E+1	5.9773443150E-3
2.1507162359E+0	2.4914158779E+1	5.9677029512E-3
2.1566790766E+0	2.7642423572E+1	5.9579618591E-3
2.1626321265E+0	2.3412241723E+1	5.9481212013E-3
2.1685752859E+0	1.3702765824E+1	5.9381811425E-3
2.1745084557E+0	4.0287484142E+0	5.9281418487E-3
2.1804315366E+0	1.4589927655E+0	5.9180034877E-3
2.1863444297E+0	1.0661008781E+1	5.9077662288E-3
2.1922470361E+0	3.0672975268E+1	5.8974302433E-3
2.1981392573E+0	5.4453486090E+1	5.8869957037E-3
2.2040209947E+0	7.1837105586E+1	5.8764627846E-3
2.2098921501E+0	7.4581271167E+1	5.8658316618E-3
2.2157526254E+0	6.0856377473E+1	5.8551025132E-3
2.2216023226E+0	3.6644151561E+1	5.8442755178E-3
2.2274411439E+0	1.3091278100E+1	5.8333508568E-3
2.2332689918E+0	1.0680522187E+0	5.8223287127E-3
2.2390857689E+0	5.7602326892E+0	5.8112092696E-3
2.2448913779E+0	2.4157845636E+1	5.7999927133E-3
2.2506857220E+0	4.6752310367E+1	5.7886792314E-3
2.2564687042E+0	6.2478386293E+1	5.7772690129E-3
2.2622402278E+0	6.4218181917E+1	5.7657622485E-3
2.2680001965E+0	5.1972650073E+1	5.7541591304E-3
2.2737485140E+0	3.2183920261E+1	5.7424598526E-3
2.2794850843E+0	1.3841069864E+1	5.7306646105E-3
2.2852098113E+0	3.6937552373E+0	5.7187736014E-3
2.2909225996E+0	3.2083381362E+0	5.7067870238E-3
2.2966233536E+0	8.7282064215E+0	5.6947050782E-3
2.3023119780E+0	1.4391216949E+1	5.6825279663E-3
2.3079883779E+0	1.5843770218E+1	5.6702558918E-3
2.3136524582E+0	1.2518416474E+1	5.6578890597E-3
2.3193041245E+0	7.2919096971E+0	5.6454276767E-3
2.3249432821E+0	4.0168005634E+0	5.6328719509E-3
2.3305698370E+0	4.6885594291E+0	5.6202220924E-3
2.3361836950E+0	8.1255701367E+0	5.6074783123E-3
2.3417847624E+0	1.0976883335E+1	5.5946408237E-3
2.3473729455E+0	1.0324482481E+1	5.5817098412E-3
2.3529481510E+0	6.0885901204E+0	5.5686855808E-3
2.3585102856E+0	1.5396439160E+0	5.5555682601E-3
2.3640592565E+0	1.4182709689E+0	5.5423580985E-3
2.3695949710E+0	8.7298352505E+0	5.5290553166E-3
2.3751173364E+0	2.2236287170E+1	5.5156601367E-3
2.3806262605E+0	3.6389108368E+1	5.5021727828E-3
2.3861216513E+0	4.4046883820E+1	5.4885934801E-3
2.3916034169E+0	4.0604446967E+1	5.4749224557E-3
2.3970714657E+0	2.7159815234E+1	5.4611599379E-3
2.4025257064E+0	1.0707986151E+1	5.4473061568E-3
2.4079660477E+0	9.4016298081E-1	5.4333613439E-3
2.4133923988E+0	5.1735569962E+0	5.4193257323E-3
2.4188046690E+0	2.4122592409E+1	5.4051995564E-3
2.4242027678E+0	5.0924123632E+1	5.3909830523E-3
2.4295866050E+0	7.4150917691E+1	5.3766764577E-3
2.4349560907E+0	8.3385106957E+1	5.3622800116E-3
2.4403111352E+0	7.4474389612E+1	5.3477939546E-3
2.4456516489E+0	5.1685183995E+1	5.3332185287E-3
2.4509775425E+0	2.5580507063E+1	5.3185539776E-3
2.4562887272E+0	7.7202803188E+0	5.3038005463E-3
2.4615851141E+0	4.9696933078E+0	5.2889584814E-3
2.4668666147E+0	1.6383759993E+1	5.2740280309E-3
2.4721331408E+0	3.4218693718E+1	5.2590094442E-3
2.4773846043E+0	4.8388775804E+1	5.2439029725E-3
2.4826209175E+0	5.1867596341E+1	5.2287088681E-3
2.4878419929E+0	4.4110650594E+1	5.2134273849E-3
2.4930477432E+0	3.0754990040E+1	5.1980587783E-3
2.4982380815E+0	1.9949140529E+1	5.1826033052E-3
2.5034129210E+0	1.7507234015E+1	5.1670612238E-3
2.5085721752E+0	2.3654982547E+1	5.1514327939E-3
2.5137157579E+0	3.3153676862E+1	5.1357182766E-3
2.5188435831E+0	3.8632648573E+1	5.1199179345E-3
2.5239555652E+0	3.5142116302E+1	5.1040320318E-3
2.5290516187E+0	2.3272212029E+1	5.0880608338E-3
2.5341316585E+0	9.0262423182E+0	5.0720046074E-3
2.5391955997E+0	4.9609122892E-1	5.0558636210E-3
2.5442433576E+0	3.2126235568E+0	5.0396381444E-3
2.5492748479E+0	1.6811723017E+1	5.0233284486E-3
2.5542899865E+0	3.4941737262E+1	5.0069348063E-3
2.5592886896E+0	4.8541157687E+1	4.9904574913E-3
2.5642708737E+0	5.0733967207E+1	4.9738967791E-3
2.5692364555E+0	4.0664651090E+1	4.9572529464E-3
2.5741853520E+0	2.4137328438E+1	4.9405262713E-3
2.5791174805E+0	1.0641169869E+1	4.9237170334E-3
2.5840327586E+0	8.3048036086E+0	4.9068255135E-3
2.5889311042E+0	1.9463550176E+1	4.8898519940E-3
2.5938124354E+0	3.9227522629E+1	4.8727967585E-3
2.5986766706E+0	5.7861939429E+1	4.8556600920E-3
2.6035237285E+0	6.5773812441E+1	4.8384422809E-3
2.6083535282E+0	5.8512941632E+1	4.8211436130E-3
2.6131659889E+0	3.9171924986E+1	4.8037643772E-3
2.6179610302E+0	1.6918772345E+1	4.7863048641E-3
2.6227385719E+0	2.4053013015E+0	4.7687653653E-3
2.6274985343E+0	2.4133373262E+0	4.7511461741E-3
2.6322408378E+0	1.6489801862E+1	4.7334475849E-3
2.6369654032E+0	3.7287823427E+1	4.7156698934E-3
2.6416721513E+0	5.4418296686E+1	4.6978133967E-3
2.6463610038E+0	5.9815932653E+1	4.6798783932E-3
2.6510318821E+0	5.1858268666E+1	4.6618651826E-3
2.6556847082E+0	3.6128017936E+1	4.6437740661E-3
2.6603194043E+0	2.2434215258E+1	4.6256053458E-3
2.6649358931E+0	1.9620325819E+1	4.6073593254E-3
2.6695340973E+0	3.0817363311E+1	4.5890363098E-3
2.6741139402E+0	5.1582109064E+1	4.5706366053E-3
2.6786753451E+0	7.1912559939E+1	4.5521605193E-3
2.6832182358E+0	8.1186070920E+1	4.5336083606E-3
2.6877425365E+0	7.3591947275E+1	4.5149804392E-3
2.6922481716E+0	5.1356907573E+1	4.4962770664E-3
2.6967350656E+0	2.4117912624E+1	4.4774985548E-3
2.7012031437E+0	4.6596453282E+0	4.4586452181E-3
2.7056523312E+0	2.9946331815E+0	4.4397173715E-3
2.7100825537E+0	2.1574550979E+1	4.4207153312E-3
2.7144937373E+0	5.3901263532E+1	4.4016394148E-3
2.7188858081E+0	8.7215641439E+1	4.3824899412E-3
2.7232586927E+0	1.0804412806E+2	4.3632672302E-3
2.7276123182E+0	1.0807126572E+2	4.3439716031E-3
2.7319466117E+0	8.7682055503E+1	4.3246033825E-3
2.7362615009E+0	5.5616079937E+1	4.3051628919E-3
2.7405569135E+0	2.4963860149E+1	4.2856504563E-3
2.7448327779E+0	7.3789485799E+0	4.2660664016E-3
2.7490890226E+0	8.1311728064E+0	4.2464110553E-3
2.7533255764E+0	2.4171077009E+1	4.2266847457E-3
2.7575423685E+0	4.5956136218E+1	4.2068878026E-3
2.7617393285E+0	6.2078075849E+1	4.1870205567E-3
2.7659163863E+0	6.4508862989E+1	4.1670833400E-3
2.7700734720E+0	5.2083860005E+1	4.1470764858E-3
2.7742105162E+0	3.0718607017E+1	4.1270003283E-3
2.7783274497E+0	1.0379917215E+1	4.1068552032E-3
2.7824242037E+0	2.9757784139E-1	4.0866414469E-3
2.7865007098E+0	4.6557836415E+0	4.0663593974E-3
2.7905568999E+0	2.0728961621E+1	4.0460093936E-3
2.7945927061E+0	4.0276909355E+1	4.0255917754E-3
2.7986080610E+0	5.3523952520E+1	4.0051068843E-3
2.8026028975E+0	5.3885246005E+1	3.9845550624E-3
2.8065771489E+0	4.1276468286E+1	3.9639366533E-3
2.8105307487E+0	2.2478950373E+1	3.9432520014E-3
2.8144636309E+0	8.3370893126E+0	3.9225014525E-3
2.8183757298E+0	8.9627535447E+0	3.9016853533E-3
2.8222669799E+0	2.9008740497E+1	3.8808040517E-3
2.8261373163E+0	6.5076240704E+1	3.8598578967E-3
2.8299866742E+0	1.0644653164E+2	3.8388472382E-3
2.8338149894E+0	1.3894891367E+2	3.8177724274E-3
2.8376221978E+0	1.5047124387E+2	3.7966338166E-3
2.8414082359E+0	1.3592169242E+2	3.7754317588E-3
2.8451730403E+0	9.9638189960E+1	3.7541666086E-3
2.8489165482E+0	5.4230758958E+1	3.7328387211E-3
2.8526386969E+0	1.6229323032E+1	3.7114484529E-3
2.8563394244E+0	1.4538288856E-1	3.6899961614E-3
2.8600186687E+0	1.3162793686E+1	3.6684822051E-3
2.8636763684E+0	5.2429634102E+1	3.6469069436E-3
2.8673124623E+0	1.0594087491E+2	3.6252707373E-3
2.8709268897E+0	1.5666835345E+2	3.6035739479E-3
2.8745195901E+0	1.8841743658E+2	3.5818169379E-3
2.8780905036E+0	1.9129908811E+2	3.5600000709E-3
2.8816395704E+0	1.6489863415E+2	3.5381237115E-3
2.8851667313E+0	1.1809962460E+2	3.5161882254E-3
2.8886719273E+0	6.5739099742E+1	3.4941939790E-3
2.8921550998E+0	2.3378060147E+1	3.4721413399E-3
2.8956161906E+0	2.0780165681E+0	3.4500306767E-3
2.8990551419E+0	4.9891532991E+0	3.4278623588E-3
2.9024718962E+0	2.6841350404E+1	3.4056367567E-3
2.9058663965E+0	5.6368008282E+1	3.3833542419E-3
2.9092385859E+0	8.0672696404E+1	3.3610151867E-3
2.9125884081E+0	8.9922712059E+1	3.3386199643E-3
2.9159158072E+0	8.0717979378E+1	3.3161689492E-3
2.9192207275E+0	5.7019941025E+1	3.2936625164E-3
2.9225031139E+0	2.8419553219E+1	3.2711010421E-3
2.9257629114E+0	6.4522720354E+0	3.2484849032E-3
2.9290000656E+0	3.1352617833E-1	3.2258144779E-3
2.9322145224E+0	1.3486162653E+1	3.2030901448E-3
2.9354062280E+0	4.2431805831E+1	3.1803122838E-3
2.9385751292E+0	7.7764840475E+1	3.1574812755E-3
2.9417211730E+0	1.0748040901E+2	3.1345975014E-3
2.9448443068E+0	1.2112979943E+2	3.1116613440E-3
2.9479444784E+0	1.1354173885E+2	3.0886731866E-3
2.9510216360E+0	8.6856134495E+1	3.0656334132E-3
2.9540757281E+0	5.0195985911E+1	3.0425424091E-3
2.9571067038E+0	1.7062014786E+1	3.0194005599E-3
2.9601145124E+0	1.2486757346E+0	2.9962082525E-3
2.9630991036E+0	1.2531095312E+1	2.9729658744E-3
2.9660604276E+0	5.3432646051E+1	2.9496738141E-3
2.9689984348E+0	1.1804884141E+2	2.9263324607E-3
2.9719130762E+0	1.9328905124E+2	2.9029422044E-3
2.9748043031E+0	2.6219372733E+2	2.8795034361E-3
2.9776720671E+0	3.0839806173E+2	2.8560165473E-3
2.9805163203E+0	3.2050546342E+2	2.8324819307E-3
2.9833370151E+0	2.9518034814E+2	2.8088999795E-3
2.9861341046E+0	2.3814102973E+2	2.7852710878E-3
2.9889075418E+0	1.6281352348E+2	2.7615956505E-3
2.9916572805E+0	8.7029439749E+1	2.7378740632E-3
2.9943832747E+0	2.8648200432E+1	2.7141067224E-3
2.9970854788E+0	1.2316187320E+0	2.6902940251E-3
2.9997638477E+0	1.0846776430E+1	2.6664363695E-3
3.0024183367E+0	5.4751387838E+1	2.6425341541E-3
3.0050489013E+0	1.2222155633E+2	2.6185877784E-3
3.0076554977E+0	1.9724884107E+2	2.5945976426E-3
3.0102380822E+0	2.6239569698E+2	2.5705641475E-3
3.0127966116E+0	3.0285613537E+2	2.5464876949E-3
3.0153310434E+0	3.0976714571E+2	2.5223686871E-3
3.0178413350E+0	2.8203983270E+2	2.4982075270E-3
3.0203274445E+0	2.2635904422E+2	2.4740046186E-3
3.0227893304E+0	1.5543698031E+2	2.4497603662E-3
3.0252269516E+0	8.4995388015E+1	2.4254751751E-3
3.0276402673E+0	3.0207688418E+1	2.4011494510E-3
3.0300292371E+0	2.4092495354E+0	2.3767836004E-3
3.0323938212E+0	6.7779330466E+0	2.3523780306E-3
3.0347339801E+0	4.1435680465E+1	2.3279331494E-3
3.0370496746E+0	9.8091306098E+1	2.3034493653E-3
3.0393408660E+0	1.6401195690E+2	2.2789270875E-3
3.0416075160E+0	2.2484633038E+2	2.2543667257E-3
3.0438495869E+0	2.6767617499E+2	2.2297686905E-3
3.0460670410E+0	2.8366412042E+2	2.2051333928E-3
3.0482598414E+0	2.6978550745E+2	2.1804612443E-3
3.0504279513E+0	2.2934464403E+2	2.1557526574E-3
3.0525713347E+0	1.7123166568E+2	2.1310080450E-3
3.0546899556E+0	1.0812127746E+2	2.1062278206E-3
3.0567837786E+0	5.4002905347E+1	2.0814123983E-3
3.0588527688E+0	2.1532565899E+1	2.0565621928E-3
3.0608968915E+0	1.9699123762E+1	2.0316776194E-3
3.0629161127E+0	5.2210063453E+1	2.0067590939E-3
3.0649103985E+0	1.1684859251E+2	1.9818070327E-3
3.0668797157E+0	2.0586830195E+2	1.9568218529E-3
3.0688240313E+0	3.0730939834E+2	1.9318039720E-3
3.0707433129E+0	4.0697290071E+2	1.9067538080E-3
3.0726375283E+0	4.9069797591E+2	1.8816717796E-3
3.0745066460E+0	5.4656254729E+2	1.8565583060E-3
3.0763506346E+0	5.6666602188E+2	1.8314138067E-3
3.0781694634E+0	5.4824273514E+2	1.8062387021E-3
3.0799631019E+0	4.9397594172E+2	1.7810334128E-3
3.0817315203E+0	4.1151253664E+2	1.7557983600E-3
3.0834746889E+0	3.1229701708E+2	1.7305339655E-3
3.0851925786E+0	2.0993273496E+2	1.7052406515E-3
3.0868851607E+0	1.1832894690E+2	1.6799188405E-3
3.0885524069E+0	4.9900431502E+1	1.6545689559E-3
3.0901942894E+0	1.4056095347E+1	1.6291914212E-3
3.0918107807E+0	1.6152846274E+1	1.6037866605E-3
3.0934018538E+0	5.7013085108E+1	1.5783550984E-3
3.0949674821E+0	1.3302144161E+2	1.5528971598E-3
3.0965076394E+0	2.3674079161E+2	1.5274132703E-3
3.0980223001E+0	3.5792845871E+2	1.5019038556E-3
3.0995114388E+0	4.8479658987E+2	1.4763693421E-3
3.1009750306E+0	6.0534792735E+2	1.4508101565E-3
3.1024130510E+0	7.0862798932E+2	1.4252267258E-3
3.1038254761E+0	7.8576266411E+2	1.3996194778E-3
3.1052122822E+0	8.3069033411E+2	1.3739888402E-3
3.1065734461E+0	8.4054314880E+2	1.3483352414E-3
3.1079089451E+0	8.1567659738E+2	1.3226591101E-3
3.1092187570E+0	7.5938486441E+2	1.2969608754E-3
3.1105028597E+0	6.7736798683E+2	1.2712409668E-3
3.1117612318E+0	5.7703377635E+2	1.2454998140E-3
3.1129938524E+0	4.6672275444E+2	1.2197378472E-3
3.1142007007E+0	3.5493930962E+2	1.1939554970E-3
3.1153817567E+0	2.4965925765E+2	1.1681531941E-3
3.1165370006E+0	1.5776580483E+2	1.1423313699E-3
3.1176664131E+0	8.4645489318E+1	1.1164904558E-3
3.1187699753E+0	3.3955613072E+1	1.0906308836E-3
3.1198476688E+0	7.5570343562E+0	1.0647530855E-3
3.1208994755E+0	5.5923445532E+0	1.0388574939E-3
3.1219253780E+0	2.6680082758E+1	1.0129445417E-3
3.1229253590E+0	6.8190799631E+1	9.8701466182E-4
3.1238994018E+0	1.2657002680E+2	9.6106828758E-4
3.1248474902E+0	1.9767576341E+2	9.3510585261E-4
3.1257696083E+0	2.7710300968E+2	9.0912779076E-4
3.1266657407E+0	3.6047418257E+2	8.8313453619E-4
3.1275358724E+0	4.4368104944E+2	8.5712652325E-4
3.1283799890E+0	5.2307037974E+2	8.3110418659E-4
3.1291980762E+0	5.9557130496E+2	8.0506796108E-4
3.1299901204E+0	6.5876706232E+2	7.7901828182E-4
3.1307561084E+0	7.1091722936E+2	7.5295558414E-4
3.1314960274E+0	7.5093874067E+2	7.2688030358E-4
3.1322098650E+0	7.7835503227E+2	7.0079287589E-4
3.1328976092E+0	7.9322277230E+2	6.7469373705E-4
3.1335592487E+0	7.9604503204E+2	6.4858332323E-4
3.1341947723E+0	7.8767865495E+2	6.2246207073E-4
3.1348041694E+0	7.6924220371E+2	5.9633041614E-4
3.1353874298E+0	7.4202938105E+2	5.7018879612E-4
3.1359445438E+0	7.0743136882E+2	5.4403764760E-4
3.1364755020E+0	6.6687020812E+2	5.1787740760E-4
3.1369802957E+0	6.2174421302E+2	4.9170851331E-4
3.1374589163E+0	5.7338549951E+2	4.6553140213E-4
3.1379113559E+0	5.2302902557E+2	4.3934651156E-4
3.1383376069E+0	4.7179206266E+2	4.1315427928E-4
3.1387376622E+0	4.2066272885E+2	3.8695514312E-4
3.1391115150E+0	3.7049607801E+2	3.6074954110E-4
3.1394591592E+0	3.2201622319E+2	3.3453791144E-4
3.1397805890E+0	2.7582304513E+2	3.0832069259E-4
3.1400757989E+0	2.3240216795E+2	2.8209832342E-4
3.1403447841E+0	1.9213704984E+2	2.5587124334E-4
3.1405875400E+0	1.5532221679E+2	2.2963989267E-4
3.1408040626E+0	1.2217684712E+2	2.0340471372E-4
3.1409943483E+0	9.2858082934E+1	1.7716615272E-4
3.1411583939E+0	6.7473594951E+1	1.5092466531E-4
3.1412961968E+0	4.6093054639E+1	1.2468073282E-4
3.1414077547E+0	2.8758270650E+1	9.8434919423E-5
3.1414930663E+0	1.5491816458E+1	7.2188137769E-5
3.1415521316E+0	6.3039512426E+0	4.5943520243E-5
3.1415849628E+0	1.1964529455E+0	1.9736940383E-5