# Differential cross section		
# Author: P. Swaczyna	Princeton University	(swaczyna@princeton.edu)
# Date: 	Wed 17 Feb 2021 15:32:44	
# 		
# Charge transfer collision: He^0 + He^+ -> He^+ + He^0		
# 		
# Red. mass: 	1.8640723202E+9	 eV/c^2
# CM energy: 	9.7723722096E-2	 eV
# Rel speed: 	3.0697592873E+5	 cm/s
# Tot sigma: 	N/A	 a.u.
# Int sigma: 	1.3750211459E+2	 a.u.
# 		
# Columns:		
# the <- scattering angle (rad)		
# dcs <- dsigma/dOmega*2*pi*sin(the) (a.u. = 2.8002852056E-17 cm^2)		
# wei <- weight for cross section integration (approx. width of angle bin)		
# 		
# the	dcs	wei
7.6907532846E-6	1.0720647547E-2	1.9736940383E-5
4.0521979771E-5	5.6486201875E-2	4.5943520243E-5
9.9587300392E-5	1.3882046047E-1	7.2188137769E-5
1.8489884726E-4	2.5773730315E-1	9.8434919423E-5
2.9645680168E-4	4.1322847082E-1	1.2468073282E-4
4.3425968311E-4	6.0527340185E-1	1.5092466531E-4
5.9830531657E-4	8.3383469232E-1	1.7716615272E-4
7.8859101285E-4	1.0988510821E+0	2.0340471372E-4
1.0051136166E-3	1.4002288887E+0	2.2963989267E-4
1.2478695220E-3	1.7378320425E+0	2.5587124334E-4
1.5168546797E-3	2.1114707764E+0	2.8209832342E-4
1.8120645986E-3	2.5208890065E+0	3.0832069259E-4
2.1334943481E-3	2.9657504503E+0	3.3453791144E-4
2.4811385584E-3	3.4456235360E+0	3.6074954110E-4
2.8549914211E-3	3.9599651761E+0	3.8695514312E-4
3.2550466893E-3	4.5081034948E+0	4.1315427928E-4
3.6812976783E-3	5.0892196230E+0	4.3934651156E-4
4.1337372652E-3	5.7023286998E+0	4.6553140213E-4
4.6123578895E-3	6.3462602466E+0	4.9170851331E-4
5.1171515529E-3	7.0196381142E+0	5.1787740760E-4
5.6481098199E-3	7.7208602377E+0	5.4403764760E-4
6.2052238176E-3	8.4480784708E+0	5.7018879612E-4
6.7884842360E-3	9.1991788137E+0	5.9633041614E-4
7.3978813281E-3	9.9717623907E+0	6.2246207073E-4
8.0334049101E-3	1.0763127578E+1	6.4858332323E-4
8.6950443616E-3	1.1570253730E+1	6.7469373705E-4
9.3827886258E-3	1.2389786987E+1	7.0079287589E-4
1.0096626210E-2	1.3218028716E+1	7.2688030358E-4
1.0836545184E-2	1.4050927147E+1	7.5295558414E-4
1.1602533184E-2	1.4884072823E+1	7.7901828182E-4
1.2394577408E-2	1.5712698520E+1	8.0506796108E-4
1.3212664621E-2	1.6531684304E+1	8.3110418659E-4
1.4056781152E-2	1.7335568403E+1	8.5712652325E-4
1.4926912893E-2	1.8118564604E+1	8.8313453619E-4
1.5823045305E-2	1.8874586838E+1	9.0912779076E-4
1.6745163410E-2	1.9597281614E+1	9.3510585261E-4
1.7693251801E-2	2.0280068903E+1	9.6106828758E-4
1.8667294632E-2	2.0916192002E+1	9.8701466182E-4
1.9667275626E-2	2.1498776830E+1	1.0129445417E-3
2.0693178073E-2	2.2020900964E+1	1.0388574939E-3
2.1744984827E-2	2.2475672588E+1	1.0647530855E-3
2.2822678313E-2	2.2856319348E+1	1.0906308836E-3
2.3926240519E-2	2.3156286884E+1	1.1164904558E-3
2.5055653005E-2	2.3369346572E+1	1.1423313699E-3
2.6210896896E-2	2.3489711743E+1	1.1681531941E-3
2.7391952886E-2	2.3512161309E+1	1.1939554970E-3
2.8598801239E-2	2.3432169444E+1	1.2197378472E-3
2.9831421786E-2	2.3246039560E+1	1.2454998140E-3
3.1089793929E-2	2.2951040486E+1	1.2712409668E-3
3.2373896638E-2	2.2545542355E+1	1.2969608754E-3
3.3683708455E-2	2.2029149325E+1	1.3226591101E-3
3.5019207490E-2	2.1402825901E+1	1.3483352414E-3
3.6380371427E-2	2.0669013255E+1	1.3739888402E-3
3.7767177517E-2	1.9831731655E+1	1.3996194778E-3
3.9179602586E-2	1.8896664844E+1	1.4252267258E-3
4.0617623030E-2	1.7871222020E+1	1.4508101565E-3
4.2081214817E-2	1.6764573009E+1	1.4763693421E-3
4.3570353490E-2	1.5587652189E+1	1.5019038556E-3
4.5085014162E-2	1.4353126925E+1	1.5274132703E-3
4.6625171522E-2	1.3075326527E+1	1.5528971598E-3
4.8190799831E-2	1.1770128227E+1	1.5783550984E-3
4.9781872927E-2	1.0454797311E+1	1.6037866605E-3
5.1398364219E-2	9.1477793583E+0	1.6291914212E-3
5.3040246694E-2	7.8684435790E+0	1.6545689559E-3
5.4707492914E-2	6.6367774764E+0	1.6799188405E-3
5.6400075017E-2	5.4730344531E+0	1.7052406515E-3
5.8117964718E-2	4.3973375961E+0	1.7305339655E-3
5.9861133308E-2	3.4292446068E+0	1.7557983600E-3
6.1629551657E-2	2.5872807112E+0	1.7810334128E-3
6.3423190212E-2	1.8884483170E+0	1.8062387021E-3
6.5242019000E-2	1.3477241358E+0	1.8314138067E-3
6.7086007624E-2	9.7755638927E-1	1.8565583060E-3
6.8955125270E-2	7.8737648551E-1	1.8816717796E-3
7.0849340702E-2	7.8314110960E-1	1.9067538080E-3
7.2768622264E-2	9.6692191424E-1	1.9318039720E-3
7.4712937885E-2	1.3365608332E+0	1.9568218529E-3
7.6682255070E-2	1.8854093670E+0	1.9818070327E-3
7.8676540910E-2	2.6021699111E+0	2.0067590939E-3
8.0695762079E-2	3.4708562212E+0	2.0316776194E-3
8.2739884832E-2	4.4708883628E+0	2.0565621928E-3
8.4808875009E-2	5.5773349148E+0	2.0814123983E-3
8.6902698034E-2	6.7613117520E+0	2.1062278206E-3
8.9021318917E-2	7.9905424287E+0	2.1310080450E-3
9.1164702253E-2	9.2300800423E+0	2.1557526574E-3
9.3332812224E-2	1.0443184573E+1	2.1804612443E-3
9.5525612596E-2	1.1592343171E+1	2.2051333928E-3
9.7743066726E-2	1.2640413904E+1	2.2297686905E-3
9.9985137556E-2	1.3551866252E+1	2.2543667257E-3
1.0225178762E-1	1.4294084514E+1	2.2789270875E-3
1.0454297904E-1	1.4838693459E+1	2.3034493653E-3
1.0685867352E-1	1.5162859490E+1	2.3279331494E-3
1.0919883237E-1	1.5250515592E+1	2.3523780306E-3
1.1156341648E-1	1.5093454836E+1	2.3767836004E-3
1.1395238633E-1	1.4692235580E+1	2.4011494510E-3
1.1636570200E-1	1.4056842115E+1	2.4254751751E-3
1.1880332317E-1	1.3207047653E+1	2.4497603662E-3
1.2126520909E-1	1.2172432494E+1	2.4740046186E-3
1.2375131862E-1	1.0992019077E+1	2.4982075270E-3
1.2626161023E-1	9.7134974007E+0	2.5223686871E-3
1.2879604195E-1	8.3920289195E+0	2.5464876949E-3
1.3135457143E-1	7.0886341642E+0	2.5705641475E-3
1.3393715592E-1	5.8681884690E+0	2.5945976426E-3
1.3654375226E-1	4.7970707881E+0	2.6185877784E-3
1.3917431689E-1	3.9405317017E+0	2.6425341541E-3
1.4182880585E-1	3.3598674410E+0	2.6664363695E-3
1.4450717478E-1	3.1095059473E+0	2.6902940251E-3
1.4720937892E-1	3.2341274378E+0	2.7141067224E-3
1.4993537310E-1	3.7659544218E+0	2.7378740632E-3
1.5268511179E-1	4.7223533971E+0	2.7615956505E-3
1.5545854902E-1	6.1038914386E+0	2.7852710878E-3
1.5825563845E-1	7.8929846533E+0	2.8088999795E-3
1.6107633333E-1	1.0053261359E+1	2.8324819307E-3
1.6392058653E-1	1.2529740554E+1	2.8560165473E-3
1.6678835052E-1	1.5249895900E+1	2.8795034361E-3
1.6967957737E-1	1.8125637666E+1	2.9029422044E-3
1.7259421876E-1	2.1056200990E+1	2.9263324607E-3
1.7553222599E-1	2.3931880117E+1	2.9496738141E-3
1.7849354996E-1	2.6638497126E+1	2.9729658744E-3
1.8147814117E-1	2.9062442746E+1	2.9962082525E-3
1.8448594977E-1	3.1096079173E+1	3.0194005599E-3
1.8751692548E-1	3.2643253572E+1	3.0425424091E-3
1.9057101764E-1	3.3624639521E+1	3.0656334132E-3
1.9364817522E-1	3.3982605054E+1	3.0886731866E-3
1.9674834681E-1	3.3685303045E+1	3.1116613440E-3
1.9987148058E-1	3.2729694489E+1	3.1345975014E-3
2.0301752435E-1	3.1143249040E+1	3.1574812755E-3
2.0618642554E-1	2.8984120206E+1	3.1803122838E-3
2.0937813120E-1	2.6339663738E+1	3.2030901448E-3
2.1259258799E-1	2.3323254664E+1	3.2258144779E-3
2.1582974219E-1	2.0069457278E+1	3.2484849032E-3
2.1908953970E-1	1.6727708180E+1	3.2711010421E-3
2.2237192605E-1	1.3454778903E+1	3.2936625164E-3
2.2567684639E-1	1.0406384801E+1	3.3161689492E-3
2.2900424548E-1	7.7283930701E+0	3.3386199643E-3
2.3235406772E-1	5.5481477165E+0	3.3610151867E-3
2.3572625713E-1	3.9664659141E+0	3.3833542419E-3
2.3912075735E-1	3.0508628936E+0	3.4056367567E-3
2.4253751167E-1	2.8305272454E+0	3.4278623588E-3
2.4597646298E-1	3.2934936361E+0	3.4500306767E-3
2.4943755380E-1	4.3863464842E+0	3.4721413399E-3
2.5292072631E-1	6.0166401755E+0	3.4941939790E-3
2.5642592230E-1	8.0580460765E+0	3.5161882254E-3
2.5995308318E-1	1.0358044032E+1	3.5381237115E-3
2.6350215001E-1	1.2747778831E+1	3.5600000709E-3
2.6707306349E-1	1.5053514772E+1	3.5818169379E-3
2.7066576394E-1	1.7108959379E+1	3.6035739479E-3
2.7428019131E-1	1.8767605661E+1	3.6252707373E-3
2.7791628522E-1	1.9914174842E+1	3.6469069436E-3
2.8157398488E-1	2.0474239125E+1	3.6684822051E-3
2.8525322919E-1	2.0421173597E+1	3.6899961614E-3
2.8895395665E-1	1.9779729664E+1	3.7114484529E-3
2.9267610542E-1	1.8625735104E+1	3.7328387211E-3
2.9641961330E-1	1.7081697549E+1	3.7541666086E-3
3.0018441773E-1	1.5308402197E+1	3.7754317588E-3
3.0397045579E-1	1.3492928811E+1	3.7966338166E-3
3.0777766421E-1	1.1833841183E+1	3.8177724274E-3
3.1160597938E-1	1.0524595725E+1	3.8388472382E-3
3.1545533730E-1	9.7364458568E+0	3.8598578967E-3
3.1932567367E-1	9.6022593400E+0	3.8808040517E-3
3.2321692379E-1	1.0202695576E+1	3.9016853533E-3
3.2712902264E-1	1.1556095837E+1	3.9225014525E-3
3.3106190484E-1	1.3613218053E+1	3.9432520014E-3
3.3501550468E-1	1.6257606842E+1	3.9639366533E-3
3.3898975607E-1	1.9311948746E+1	3.9845550624E-3
3.4298459261E-1	2.2550252951E+1	4.0051068843E-3
3.4699994753E-1	2.5715159955E+1	4.0255917754E-3
3.5103575373E-1	2.8539161957E+1	4.0460093936E-3
3.5509194378E-1	3.0768069781E+1	4.0663593974E-3
3.5916844988E-1	3.2184730656E+1	4.0866414469E-3
3.6326520391E-1	3.2630831337E+1	4.1068552032E-3
3.6738213741E-1	3.2024642720E+1	4.1270003283E-3
3.7151918157E-1	3.0372790052E+1	4.1470764858E-3
3.7567626728E-1	2.7774563115E+1	4.1670833400E-3
3.7985332504E-1	2.4417888622E+1	4.1870205567E-3
3.8405028507E-1	2.0566827714E+1	4.2068878026E-3
3.8826707721E-1	1.6541272227E+1	4.2266847457E-3
3.9250363101E-1	1.2690318754E+1	4.2464110553E-3
3.9675987567E-1	9.3615174237E+0	4.2660664016E-3
4.0103574005E-1	6.8687421461E+0	4.2856504563E-3
4.0533115271E-1	5.4617407145E+0	4.3051628919E-3
4.0964604185E-1	5.3004449658E+0	4.3246033825E-3
4.1398033538E-1	6.4368279932E+0	4.3439716031E-3
4.1833396086E-1	8.8064932481E+0	4.3632672302E-3
4.2270684554E-1	1.2231309270E+1	4.3824899412E-3
4.2709891633E-1	1.6433336363E+1	4.4016394148E-3
4.3151009985E-1	2.1059128093E+1	4.4207153312E-3
4.3594032237E-1	2.5712350290E+1	4.4397173715E-3
4.4038950986E-1	2.9991670061E+1	4.4586452181E-3
4.4485758797E-1	3.3530147319E+1	4.4774985548E-3
4.4934448203E-1	3.6032011193E+1	4.4962770664E-3
4.5385011706E-1	3.7302788833E+1	4.5149804392E-3
4.5837441776E-1	3.7269295358E+1	4.5336083606E-3
4.6291730852E-1	3.5986960689E+1	4.5521605193E-3
4.6747871344E-1	3.3633279442E+1	4.5706366053E-3
4.7205855627E-1	3.0487694833E+1	4.5890363098E-3
4.7665676049E-1	2.6899802356E+1	4.6073593254E-3
4.8127324926E-1	2.3249200927E+1	4.6256053458E-3
4.8590794542E-1	1.9901447619E+1	4.6437740661E-3
4.9056077152E-1	1.7165230722E+1	4.6618651826E-3
4.9523164982E-1	1.5255954263E+1	4.6798783932E-3
4.9992050224E-1	1.4270377867E+1	4.6978133967E-3
5.0462725044E-1	1.4175806184E+1	4.7156698934E-3
5.0935181576E-1	1.4815675792E+1	4.7334475849E-3
5.1409411924E-1	1.5931418674E+1	4.7511461741E-3
5.1885408164E-1	1.7198417212E+1	4.7687653653E-3
5.2363162341E-1	1.8271962025E+1	4.7863048641E-3
5.2842666471E-1	1.8837634242E+1	4.8037643772E-3
5.3323912540E-1	1.8659675830E+1	4.8211436130E-3
5.3806892508E-1	1.7620836651E+1	4.8384422809E-3
5.4291598301E-1	1.5747954271E+1	4.8556600920E-3
5.4778021821E-1	1.3219085177E+1	4.8727967585E-3
5.5266154939E-1	1.0350208310E+1	4.8898519940E-3
5.5755989496E-1	7.5621127454E+0	4.9068255135E-3
5.6247517308E-1	5.3307408154E+0	4.9237170334E-3
5.6740730160E-1	4.1266355687E+0	4.9405262713E-3
5.7235619810E-1	4.3509014521E+0	4.9572529464E-3
5.7732177988E-1	6.2759557361E+0	4.9738967791E-3
5.8230396395E-1	9.9991555332E+0	4.9904574913E-3
5.8730266706E-1	1.5416095855E+1	5.0069348063E-3
5.9231780568E-1	2.2218101225E+1	5.0233284486E-3
5.9734929598E-1	2.9915432956E+1	5.0396381444E-3
6.0239705389E-1	3.7884378652E+1	5.0558636210E-3
6.0746099506E-1	4.5433123724E+1	5.0720046074E-3
6.1254103485E-1	5.1878583517E+1	5.0880608338E-3
6.1763708838E-1	5.6624604872E+1	5.1040320318E-3
6.2274907048E-1	5.9231420948E+1	5.1199179345E-3
6.2787689573E-1	5.9467094816E+1	5.1357182766E-3
6.3302047843E-1	5.7333857625E+1	5.1514327939E-3
6.3817973262E-1	5.3065485245E+1	5.1670612238E-3
6.4335457209E-1	4.7095745456E+1	5.1826033052E-3
6.4854491036E-1	4.0001953490E+1	5.1980587783E-3
6.5375066070E-1	3.2431221967E+1	5.2134273849E-3
6.5897173609E-1	2.5019547933E+1	5.2287088681E-3
6.6420804930E-1	1.8315033429E+1	5.2439029725E-3
6.6945951283E-1	1.2716066508E+1	5.2590094442E-3
6.7472603890E-1	8.4332103358E+0	5.2740280309E-3
6.8000753951E-1	5.4801163725E+0	5.2889584814E-3
6.8530392640E-1	3.6944666439E+0	5.3038005463E-3
6.9061511106E-1	2.7853871667E+0	5.3185539776E-3
6.9594100473E-1	2.3996507531E+0	5.3332185287E-3
7.0128151841E-1	2.1959539200E+0	5.3477939546E-3
7.0663656285E-1	1.9151167844E+0	5.3622800116E-3
7.1200604856E-1	1.4344941731E+0	5.3766764577E-3
7.1738988581E-1	7.9719430875E-1	5.3909830523E-3
7.2278798463E-1	2.1057647730E-1	5.4051995564E-3
7.2820025482E-1	1.3378720992E-2	5.4193257323E-3
7.3362660591E-1	6.1596672397E-1	5.4333613439E-3
7.3906694724E-1	2.4227812026E+0	5.4473061568E-3
7.4452118788E-1	5.7493366268E+0	5.4611599379E-3
7.4998923669E-1	1.0747514613E+1	5.4749224557E-3
7.5547100229E-1	1.7352109187E+1	5.4885934801E-3
7.6096639308E-1	2.5258668038E+1	5.5021727828E-3
7.6647531721E-1	3.3938030141E+1	5.5156601367E-3
7.7199768263E-1	4.2687277241E+1	5.5290553166E-3
7.7753339704E-1	5.0710979229E+1	5.5423580985E-3
7.8308236795E-1	5.7221560950E+1	5.5555682601E-3
7.8864450262E-1	6.1544192995E+1	5.5686855808E-3
7.9421970809E-1	6.3210414493E+1	5.5817098412E-3
7.9980789121E-1	6.2025988838E+1	5.5946408237E-3
8.0540895857E-1	5.8102130625E+1	5.6074783123E-3
8.1102281659E-1	5.1844693234E+1	5.6202220924E-3
8.1664937145E-1	4.3902329547E+1	5.6328719509E-3
8.2228852912E-1	3.5081011815E+1	5.6454276767E-3
8.2794019536E-1	2.6237584832E+1	5.6578890597E-3
8.3360427572E-1	1.8168351132E+1	5.6702558918E-3
8.3928067556E-1	1.1509477849E+1	5.6825279663E-3
8.4496930000E-1	6.6641115835E+0	5.6947050782E-3
8.5067005399E-1	3.7667742020E+0	5.7067870238E-3
8.5638284226E-1	2.6895779272E+0	5.7187736014E-3
8.6210756934E-1	3.0880270024E+0	5.7306646105E-3
8.6784413956E-1	4.4777844728E+0	5.7424598526E-3
8.7359245705E-1	6.3288421637E+0	5.7541591304E-3
8.7935242576E-1	8.1608714367E+0	5.7657622485E-3
8.8512394943E-1	9.6236054117E+0	5.7772690129E-3
8.9090693161E-1	1.0548904166E+1	5.7886792314E-3
8.9670127565E-1	1.0966213881E+1	5.7999927133E-3
9.0250688473E-1	1.1079592194E+1	5.8112092696E-3
9.0832366182E-1	1.1211233467E+1	5.8223287127E-3
9.1415150972E-1	1.1722329096E+1	5.8333508568E-3
9.1999033104E-1	1.2926118852E+1	5.8442755178E-3
9.2584002820E-1	1.5009424583E+1	5.8551025132E-3
9.3170050345E-1	1.7977541780E+1	5.8658316618E-3
9.3757165885E-1	2.1633319948E+1	5.8764627846E-3
9.4345339628E-1	2.5595266325E+1	5.8869957037E-3
9.4934561746E-1	2.9352578380E+1	5.8974302433E-3
9.5524822392E-1	3.2348338857E+1	5.9077662288E-3
9.6116111701E-1	3.4076852372E+1	5.9180034877E-3
9.6708419793E-1	3.4178195161E+1	5.9281418487E-3
9.7301736769E-1	3.2513030168E+1	5.9381811425E-3
9.7896052713E-1	2.9203662595E+1	5.9481212013E-3
9.8491357695E-1	2.4632729260E+1	5.9579618591E-3
9.9087641766E-1	1.9397949278E+1	5.9677029512E-3
9.9684894961E-1	1.4228844577E+1	5.9773443150E-3
1.0028310730E+0	9.8780005452E+0	5.9868857894E-3
1.0088226878E+0	7.0041282086E+0	5.9963272149E-3
1.0148236940E+0	6.0660688893E+0	6.0056684336E-3
1.0208339913E+0	7.2455668380E+0	6.0149092896E-3
1.0268534791E+0	1.0412273301E+1	6.0240496283E-3
1.0328820570E+0	1.5137703693E+1	6.0330892971E-3
1.0389196241E+0	2.0756834064E+1	6.0420281448E-3
1.0449660796E+0	2.6468027044E+1	6.0508660221E-3
1.0510213224E+0	3.1455383176E+1	6.0596027814E-3
1.0570852514E+0	3.5013582654E+1	6.0682382765E-3
1.0631577652E+0	3.6654572070E+1	6.0767723631E-3
1.0692387623E+0	3.6178270100E+1	6.0852048988E-3
1.0753281411E+0	3.3695421015E+1	6.0935357425E-3
1.0814257998E+0	2.9598862217E+1	6.1017647550E-3
1.0875316366E+0	2.4488423151E+1	6.1098917988E-3
1.0936455494E+0	1.9062875846E+1	6.1179167381E-3
1.0997674360E+0	1.3998324350E+1	6.1258394388E-3
1.1058971941E+0	9.8350070117E+0	6.1336597685E-3
1.1120347214E+0	6.8931135849E+0	6.1413775965E-3
1.1181799151E+0	5.2330098054E+0	6.1489927938E-3
1.1243326727E+0	4.6670506877E+0	6.1565052331E-3
1.1304928913E+0	4.8203830255E+0	6.1639147890E-3
1.1366604679E+0	5.2285824981E+0	6.1712213376E-3
1.1428352996E+0	5.4524801419E+0	6.1784247568E-3
1.1490172830E+0	5.1866410819E+0	6.1855249261E-3
1.1552063150E+0	4.3385819720E+0	6.1925217271E-3
1.1614022920E+0	3.0610363986E+0	6.1994150427E-3
1.1676051105E+0	1.7285832563E+0	6.2062047577E-3
1.1738146669E+0	8.6113060000E-1	6.2128907587E-3
1.1800308574E+0	1.0079610319E+0	6.2194729339E-3
1.1862535782E+0	2.6150283181E+0	6.2259511734E-3
1.1924827251E+0	5.9030003415E+0	6.2323253688E-3
1.1987181942E+0	1.0782954917E+1	6.2385954138E-3
1.2049598812E+0	1.6830463400E+1	6.2447612034E-3
1.2112076818E+0	2.3327984220E+1	6.2508226346E-3
1.2174614916E+0	2.9371985160E+1	6.2567796062E-3
1.2237212062E+0	3.4027640219E+1	6.2626320186E-3
1.2299867208E+0	3.6503094426E+1	6.2683797740E-3
1.2362579308E+0	3.6309548807E+1	6.2740227763E-3
1.2425347314E+0	3.3374257948E+1	6.2795609313E-3
1.2488170177E+0	2.8081142206E+1	6.2849941464E-3
1.2551046847E+0	2.1226889225E+1	6.2903223308E-3
1.2613976273E+0	1.3896728289E+1	6.2955453954E-3
1.2676957404E+0	7.2803032595E+0	6.3006632530E-3
1.2739989187E+0	2.4608985879E+0	6.3056758180E-3
1.2803070569E+0	2.1789566954E-1	6.3105830068E-3
1.2866200496E+0	8.8113126006E-1	6.3153847371E-3
1.2929377912E+0	4.2667404619E+0	6.3200809290E-3
1.2992601762E+0	9.7086858922E+0	6.3246715037E-3
1.3055870990E+0	1.6181471865E+1	6.3291563847E-3
1.3119184537E+0	2.2491287912E+1	6.3335354970E-3
1.3182541347E+0	2.7498816358E+1	6.3378087674E-3
1.3245940360E+0	3.0330187287E+1	6.3419761245E-3
1.3309380516E+0	3.0534631074E+1	6.3460374987E-3
1.3372860756E+0	2.8157992539E+1	6.3499928220E-3
1.3436380019E+0	2.3718337746E+1	6.3538420284E-3
1.3499937243E+0	1.8089894066E+1	6.3575850535E-3
1.3563531366E+0	1.2320316866E+1	6.3612218349E-3
1.3627161325E+0	7.4197813769E+0	6.3647523117E-3
1.3690826057E+0	4.1657472779E+0	6.3681764249E-3
1.3754524499E+0	2.9632638178E+0	6.3714941173E-3
1.3818255585E+0	3.7882215820E+0	6.3747053335E-3
1.3882018250E+0	6.2227193457E+0	6.3778100198E-3
1.3945811430E+0	9.5716894119E+0	6.3808081243E-3
1.4009634057E+0	1.3032511463E+1	6.3836995970E-3
1.4073485066E+0	1.5878376319E+1	6.3864843894E-3
1.4137363389E+0	1.7614042702E+1	6.3891624551E-3
1.4201267959E+0	1.8069790643E+1	6.3917337493E-3
1.4265197708E+0	1.7414158025E+1	6.3941982290E-3
1.4329151568E+0	1.6085073636E+1	6.3965558531E-3
1.4393128469E+0	1.4657929657E+1	6.3988065821E-3
1.4457127343E+0	1.3683646975E+1	6.4009503785E-3
1.4521147120E+0	1.3536561812E+1	6.4029872063E-3
1.4585186731E+0	1.4309451719E+1	6.4049170317E-3
1.4649245104E+0	1.5781799476E+1	6.4067398222E-3
1.4713321170E+0	1.7470041529E+1	6.4084555476E-3
1.4777413858E+0	1.8749054227E+1	6.4100641790E-3
1.4841522097E+0	1.9016988774E+1	6.4115656896E-3
1.4905644815E+0	1.7864738757E+1	6.4129600544E-3
1.4969780940E+0	1.5209338967E+1	6.4142472499E-3
1.5033929402E+0	1.1357961298E+1	6.4154272548E-3
1.5098089128E+0	6.9842707622E+0	6.4165000493E-3
1.5162259046E+0	3.0183521445E+0	6.4174656154E-3
1.5226438083E+0	4.7085164004E-1	6.4183239370E-3
1.5290625167E+0	2.2704547416E-1	6.4190749998E-3
1.5354819225E+0	2.8538922101E+0	6.4197187912E-3
1.5419019185E+0	8.4611342701E+0	6.4202553005E-3
1.5483223974E+0	1.6646660820E+1	6.4206845187E-3
1.5547432518E+0	2.6539053670E+1	6.4210064386E-3
1.5611643745E+0	3.6930312566E+1	6.4212210549E-3
1.5675856581E+0	4.6473502769E+1	6.4213283639E-3
1.5740069954E+0	5.3907331121E+1	6.4213283639E-3
1.5804282791E+0	5.8264984460E+1	6.4212210549E-3
1.5868494018E+0	5.9028687280E+1	6.4210064386E-3
1.5932702562E+0	5.6203173799E+1	6.4206845187E-3
1.5996907351E+0	5.0297868090E+1	6.4202553005E-3
1.6061107310E+0	4.2225368044E+1	6.4197187912E-3
1.6125301369E+0	3.3139118880E+1	6.4190749998E-3
1.6189488453E+0	2.4242976032E+1	6.4183239370E-3
1.6253667490E+0	1.6608081632E+1	6.4174656154E-3
1.6317837408E+0	1.1028108099E+1	6.4165000493E-3
1.6381997134E+0	7.9339423329E+0	6.4154272548E-3
1.6446145595E+0	7.3758291201E+0	6.4142472499E-3
1.6510281721E+0	9.0678034584E+0	6.4129600544E-3
1.6574404439E+0	1.2478587020E+1	6.4115656896E-3
1.6638512678E+0	1.6946845066E+1	6.4100641790E-3
1.6702605366E+0	2.1797497903E+1	6.4084555476E-3
1.6766681432E+0	2.6439196898E+1	6.4067398222E-3
1.6830739805E+0	3.0429739471E+1	6.4049170317E-3
1.6894779416E+0	3.3504259162E+1	6.4029872063E-3
1.6958799193E+0	3.5568638168E+1	6.4009503785E-3
1.7022798067E+0	3.6666324275E+1	6.3988065821E-3
1.7086774968E+0	3.6929838064E+1	6.3965558531E-3
1.7150728827E+0	3.6528696214E+1	6.3941982290E-3
1.7214658576E+0	3.5623795985E+1	6.3917337493E-3
1.7278563146E+0	3.4335359492E+1	6.3891624551E-3
1.7342441470E+0	3.2728194877E+1	6.3864843894E-3
1.7406292478E+0	3.0814944525E+1	6.3836995970E-3
1.7470115106E+0	2.8575473777E+1	6.3808081243E-3
1.7533908286E+0	2.5988614307E+1	6.3778100198E-3
1.7597670951E+0	2.3070952293E+1	6.3747053335E-3
1.7661402037E+0	1.9916096532E+1	6.3714941173E-3
1.7725100479E+0	1.6726904132E+1	6.3681764249E-3
1.7788765211E+0	1.3832748108E+1	6.3647523117E-3
1.7852395170E+0	1.1684528216E+1	6.3612218349E-3
1.7915989293E+0	1.0822207905E+1	6.3575850535E-3
1.7979546517E+0	1.1813440295E+1	6.3538420284E-3
1.8043065780E+0	1.5167132283E+1	6.3499928220E-3
1.8106546020E+0	2.1231864984E+1	6.3460374987E-3
1.8169986176E+0	3.0094740013E+1	6.3419761245E-3
1.8233385189E+0	4.1499998355E+1	6.3378087674E-3
1.8296741999E+0	5.4807300235E+1	6.3335354970E-3
1.8360055546E+0	6.9005987869E+1	6.3291563847E-3
1.8423324774E+0	8.2793925489E+1	6.3246715037E-3
1.8486548624E+0	9.4718553678E+1	6.3200809290E-3
1.8549726040E+0	1.0336545539E+2	6.3153847371E-3
1.8612855967E+0	1.0756846021E+2	6.3105830068E-3
1.8675937349E+0	1.0660766439E+2	6.3056758180E-3
1.8738969132E+0	1.0035978529E+2	6.3006632530E-3
1.8801950263E+0	8.9370055084E+1	6.2955453954E-3
1.8864879689E+0	7.4826089914E+1	6.2903223308E-3
1.8927756359E+0	5.8430142369E+1	6.2849941464E-3
1.8990579222E+0	4.2184014238E+1	6.2795609313E-3
1.9053347228E+0	2.8117237910E+1	6.2740227763E-3
1.9116059328E+0	1.8000613779E+1	6.2683797740E-3
1.9178714474E+0	1.3091341584E+1	6.2626320186E-3
1.9241311620E+0	1.3951734233E+1	6.2567796062E-3
1.9303849718E+0	2.0371460120E+1	6.2508226346E-3
1.9366327724E+0	3.1405623116E+1	6.2447612034E-3
1.9428744594E+0	4.5521114292E+1	6.2385954138E-3
1.9491099285E+0	6.0825375460E+1	6.2323253688E-3
1.9553390754E+0	7.5338486502E+1	6.2259511734E-3
1.9615617961E+0	8.7263748623E+1	6.2194729339E-3
1.9677779867E+0	9.5214550666E+1	6.2128907587E-3
1.9739875431E+0	9.8365434199E+1	6.2062047577E-3
1.9801903616E+0	9.6510586015E+1	6.1994150427E-3
1.9863863386E+0	9.0030205356E+1	6.1925217271E-3
1.9925753706E+0	7.9780819091E+1	6.1855249261E-3
1.9987573540E+0	6.6936688407E+1	6.1784247568E-3
2.0049321857E+0	5.2814147494E+1	6.1712213376E-3
2.0110997623E+0	3.8708698585E+1	6.1639147890E-3
2.0172599809E+0	2.5767085135E+1	6.1565052331E-3
2.0234127385E+0	1.4905629292E+1	6.1489927938E-3
2.0295579322E+0	6.7746513301E+0	6.1413775965E-3
2.0356954595E+0	1.7594592364E+0	6.1336597685E-3
2.0418252176E+0	3.1364351298E-3	6.1258394388E-3
2.0479471042E+0	1.4359455165E+0	6.1179167381E-3
2.0540610170E+0	5.8001200289E+0	6.1098917988E-3
2.0601668538E+0	1.2665574365E+1	6.1017647550E-3
2.0662645125E+0	2.1439431763E+1	6.0935357425E-3
2.0723538913E+0	3.1378009874E+1	6.0852048988E-3
2.0784348884E+0	4.1612292737E+1	6.0767723631E-3
2.0845074022E+0	5.1196189448E+1	6.0682382765E-3
2.0905713312E+0	5.9181400567E+1	6.0596027814E-3
2.0966265740E+0	6.4714884040E+1	6.0508660221E-3
2.1026730295E+0	6.7146811030E+1	6.0420281448E-3
2.1087105966E+0	6.6130760980E+1	6.0330892971E-3
2.1147391745E+0	6.1695552192E+1	6.0240496283E-3
2.1207586623E+0	5.4270498124E+1	6.0149092896E-3
2.1267689596E+0	4.4652855338E+1	6.0056684336E-3
2.1327699657E+0	3.3916506897E+1	5.9963272149E-3
2.1387615806E+0	2.3272386173E+1	5.9868857894E-3
2.1447437040E+0	1.3901305140E+1	5.9773443150E-3
2.1507162359E+0	6.7864202298E+0	5.9677029512E-3
2.1566790766E+0	2.5739788138E+0	5.9579618591E-3
2.1626321265E+0	1.4867547822E+0	5.9481212013E-3
2.1685752859E+0	3.3054222996E+0	5.9381811425E-3
2.1745084557E+0	7.4208133762E+0	5.9281418487E-3
2.1804315366E+0	1.2947020545E+1	5.9180034877E-3
2.1863444297E+0	1.8874259779E+1	5.9077662288E-3
2.1922470361E+0	2.4233517909E+1	5.8974302433E-3
2.1981392573E+0	2.8243621288E+1	5.8869957037E-3
2.2040209947E+0	3.0415680864E+1	5.8764627846E-3
2.2098921501E+0	3.0598921591E+1	5.8658316618E-3
2.2157526254E+0	2.8963766048E+1	5.8551025132E-3
2.2216023226E+0	2.5930252785E+1	5.8442755178E-3
2.2274411439E+0	2.2059956201E+1	5.8333508568E-3
2.2332689918E+0	1.7935565288E+1	5.8223287127E-3
2.2390857689E+0	1.4053100317E+1	5.8112092696E-3
2.2448913779E+0	1.0747424288E+1	5.7999927133E-3
2.2506857220E+0	8.1633271221E+0	5.7886792314E-3
2.2564687042E+0	6.2739194657E+0	5.7772690129E-3
2.2622402278E+0	4.9376545691E+0	5.7657622485E-3
2.2680001965E+0	3.9771907282E+0	5.7541591304E-3
2.2737485140E+0	3.2591559503E+0	5.7424598526E-3
2.2794850843E+0	2.7544505567E+0	5.7306646105E-3
2.2852098113E+0	2.5637832871E+0	5.7187736014E-3
2.2909225996E+0	2.9015097655E+0	5.7067870238E-3
2.2966233536E+0	4.0406883978E+0	5.6947050782E-3
2.3023119780E+0	6.2314736890E+0	5.6825279663E-3
2.3079883779E+0	9.6115818497E+0	5.6702558918E-3
2.3136524582E+0	1.4130199054E+1	5.6578890597E-3
2.3193041245E+0	1.9504799110E+1	5.6454276767E-3
2.3249432821E+0	2.5224261635E+1	5.6328719509E-3
2.3305698370E+0	3.0602637540E+1	5.6202220924E-3
2.3361836950E+0	3.4877682845E+1	5.6074783123E-3
2.3417847624E+0	3.7338884429E+1	5.5946408237E-3
2.3473729455E+0	3.7462971265E+1	5.5817098412E-3
2.3529481510E+0	3.5032159956E+1	5.5686855808E-3
2.3585102856E+0	3.0212180858E+1	5.5555682601E-3
2.3640592565E+0	2.3573177895E+1	5.5423580985E-3
2.3695949710E+0	1.6045801489E+1	5.5290553166E-3
2.3751173364E+0	8.8155880681E+0	5.5156601367E-3
2.3806262605E+0	3.1691573649E+0	5.5021727828E-3
2.3861216513E+0	3.1406762076E-1	5.4885934801E-3
2.3916034169E+0	1.1989610942E+0	5.4749224557E-3
2.3970714657E+0	6.3611518515E+0	5.4611599379E-3
2.4025257064E+0	1.5825035833E+1	5.4473061568E-3
2.4079660477E+0	2.9067329496E+1	5.4333613439E-3
2.4133923988E+0	4.5055417620E+1	5.4193257323E-3
2.4188046690E+0	6.2354587179E+1	5.4051995564E-3
2.4242027678E+0	7.9290265459E+1	5.3909830523E-3
2.4295866050E+0	9.4143974069E+1	5.3766764577E-3
2.4349560907E+0	1.0535753772E+2	5.3622800116E-3
2.4403111352E+0	1.1171957996E+2	5.3477939546E-3
2.4456516489E+0	1.1251135672E+2	5.3332185287E-3
2.4509775425E+0	1.0759487775E+2	5.3185539776E-3
2.4562887272E+0	9.7434043365E+1	5.3038005463E-3
2.4615851141E+0	8.3047999847E+1	5.2889584814E-3
2.4668666147E+0	6.5903933804E+1	5.2740280309E-3
2.4721331408E+0	4.7763107279E+1	5.2590094442E-3
2.4773846043E+0	3.0498409056E+1	5.2439029725E-3
2.4826209175E+0	1.5903745005E+1	5.2287088681E-3
2.4878419929E+0	5.5152419354E+0	5.2134273849E-3
2.4930477432E+0	4.6181374010E-1	5.1980587783E-3
2.4982380815E+0	1.3586504333E+0	5.1826033052E-3
2.5034129210E+0	8.2522466364E+0	5.1670612238E-3
2.5085721752E+0	2.0620288228E+1	5.1514327939E-3
2.5137157579E+0	3.7424589154E+1	5.1357182766E-3
2.5188435831E+0	5.7210720026E+1	5.1199179345E-3
2.5239555652E+0	7.8244270999E+1	5.1040320318E-3
2.5290516187E+0	9.8671002078E+1	5.0880608338E-3
2.5341316585E+0	1.1668652517E+2	5.0720046074E-3
2.5391955997E+0	1.3070064833E+2	5.0558636210E-3
2.5442433576E+0	1.3948207566E+2	5.0396381444E-3
2.5492748479E+0	1.4227075691E+2	5.0233284486E-3
2.5542899865E+0	1.3884775122E+2	5.0069348063E-3
2.5592886896E+0	1.2955590174E+2	4.9904574913E-3
2.5642708737E+0	1.1526873497E+2	4.9738967791E-3
2.5692364555E+0	9.7309547354E+1	4.9572529464E-3
2.5741853520E+0	7.7327277422E+1	4.9405262713E-3
2.5791174805E+0	5.7140073414E+1	4.9237170334E-3
2.5840327586E+0	3.8561001486E+1	4.9068255135E-3
2.5889311042E+0	2.3222664153E+1	4.8898519940E-3
2.5938124354E+0	1.2418253465E+1	4.8727967585E-3
2.5986766706E+0	6.9755297083E+0	4.8556600920E-3
2.6035237285E+0	7.1773645154E+0	4.8384422809E-3
2.6083535282E+0	1.2738005538E+1	4.8211436130E-3
2.6131659889E+0	2.2838513475E+1	4.8037643772E-3
2.6179610302E+0	3.6218480189E+1	4.7863048641E-3
2.6227385719E+0	5.1314868224E+1	4.7687653653E-3
2.6274985343E+0	6.6433361849E+1	4.7511461741E-3
2.6322408378E+0	7.9933671344E+1	4.7334475849E-3
2.6369654032E+0	9.0408314926E+1	4.7156698934E-3
2.6416721513E+0	9.6834814772E+1	4.6978133967E-3
2.6463610038E+0	9.8684004276E+1	4.6798783932E-3
2.6510318821E+0	9.5971980709E+1	4.6618651826E-3
2.6556847082E+0	8.9249614128E+1	4.6437740661E-3
2.6603194043E+0	7.9530700666E+1	4.6256053458E-3
2.6649358931E+0	6.8166975725E+1	4.6073593254E-3
2.6695340973E+0	5.6684423924E+1	4.5890363098E-3
2.6741139402E+0	4.6599884423E+1	4.5706366053E-3
2.6786753451E+0	3.9239296628E+1	4.5521605193E-3
2.6832182358E+0	3.5578774046E+1	4.5336083606E-3
2.6877425365E+0	3.6127048491E+1	4.5149804392E-3
2.6922481716E+0	4.0863008716E+1	4.4962770664E-3
2.6967350656E+0	4.9235642530E+1	4.4774985548E-3
2.7012031437E+0	6.0226442822E+1	4.4586452181E-3
2.7056523312E+0	7.2467111584E+1	4.4397173715E-3
2.7100825537E+0	8.4399036313E+1	4.4207153312E-3
2.7144937373E+0	9.4456251693E+1	4.4016394148E-3
2.7188858081E+0	1.0125097005E+2	4.3824899412E-3
2.7232586927E+0	1.0374054349E+2	4.3632672302E-3
2.7276123182E+0	1.0135690157E+2	4.3439716031E-3
2.7319466117E+0	9.4083807524E+1	4.3246033825E-3
2.7362615009E+0	8.2473172645E+1	4.3051628919E-3
2.7405569135E+0	6.7598472974E+1	4.2856504563E-3
2.7448327779E+0	5.0950247848E+1	4.2660664016E-3
2.7490890226E+0	3.4284954567E+1	4.2464110553E-3
2.7533255764E+0	1.9443427433E+1	4.2266847457E-3
2.7575423685E+0	8.1583272584E+0	4.2068878026E-3
2.7617393285E+0	1.8709706667E+0	4.1870205567E-3
2.7659163863E+0	1.5767399383E+0	4.1670833400E-3
2.7700734720E+0	7.7150759437E+0	4.1470764858E-3
2.7742105162E+0	2.0115240544E+1	4.1270003283E-3
2.7783274497E+0	3.8003151855E+1	4.1068552032E-3
2.7824242037E+0	6.0068290445E+1	4.0866414469E-3
2.7865007098E+0	8.4583612406E+1	4.0663593974E-3
2.7905568999E+0	1.0956620168E+2	4.0460093936E-3
2.7945927061E+0	1.3296255202E+2	4.0255917754E-3
2.7986080610E+0	1.5284023220E+2	4.0051068843E-3
2.8026028975E+0	1.6756741276E+2	3.9845550624E-3
2.8065771489E+0	1.7596328127E+2	3.9639366533E-3
2.8105307487E+0	1.7740552675E+2	3.9432520014E-3
2.8144636309E+0	1.7188546566E+2	3.9225014525E-3
2.8183757298E+0	1.6000653766E+2	3.9016853533E-3
2.8222669799E+0	1.4292729483E+2	3.8808040517E-3
2.8261373163E+0	1.2225511918E+2	3.8598578967E-3
2.8299866742E+0	9.9901258704E+1	3.8388472382E-3
2.8338149894E+0	7.7910997375E+1	3.8177724274E-3
2.8376221978E+0	5.8284617882E+1	3.7966338166E-3
2.8414082359E+0	4.2805170645E+1	3.7754317588E-3
2.8451730403E+0	3.2887963612E+1	3.7541666086E-3
2.8489165482E+0	2.9464302004E+1	3.7328387211E-3
2.8526386969E+0	3.2908610729E+1	3.7114484529E-3
2.8563394244E+0	4.3014015665E+1	3.6899961614E-3
2.8600186687E+0	5.9017133624E+1	3.6684822051E-3
2.8636763684E+0	7.9668616147E+1	3.6469069436E-3
2.8673124623E+0	1.0334226710E+2	3.6252707373E-3
2.8709268897E+0	1.2817260293E+2	3.6035739479E-3
2.8745195901E+0	1.5220875706E+2	3.5818169379E-3
2.8780905036E+0	1.7357175887E+2	3.5600000709E-3
2.8816395704E+0	1.9060245525E+2	3.5381237115E-3
2.8851667313E+0	2.0198860686E+2	3.5161882254E-3
2.8886719273E+0	2.0686182057E+2	3.4941939790E-3
2.8921550998E+0	2.0485774965E+2	3.4721413399E-3
2.8956161906E+0	1.9613614522E+2	3.4500306767E-3
2.8990551419E+0	1.8136060003E+2	3.4278623588E-3
2.9024718962E+0	1.6164092662E+2	3.4056367567E-3
2.9058663965E+0	1.3844382149E+2	3.3833542419E-3
2.9092385859E+0	1.1347960008E+2	3.3610151867E-3
2.9125884081E+0	8.8574215728E+1	3.3386199643E-3
2.9159158072E+0	6.5536435294E+1	3.3161689492E-3
2.9192207275E+0	4.6029935235E+1	3.2936625164E-3
2.9225031139E+0	3.1459261545E+1	3.2711010421E-3
2.9257629114E+0	2.2877174060E+1	3.2484849032E-3
2.9290000656E+0	2.0919013521E+1	3.2258144779E-3
2.9322145224E+0	2.5767556622E+1	3.2030901448E-3
2.9354062280E+0	3.7149535709E+1	3.1803122838E-3
2.9385751292E+0	5.4362766754E+1	3.1574812755E-3
2.9417211730E+0	7.6330804888E+1	3.1345975014E-3
2.9448443068E+0	1.0168035772E+2	3.1116613440E-3
2.9479444784E+0	1.2883542544E+2	3.0886731866E-3
2.9510216360E+0	1.5612135869E+2	3.0656334132E-3
2.9540757281E+0	1.8187174771E+2	3.0425424091E-3
2.9571067038E+0	2.0453126151E+2	3.0194005599E-3
2.9601145124E+0	2.2274819329E+2	2.9962082525E-3
2.9630991036E+0	2.3545146515E+2	2.9729658744E-3
2.9660604276E+0	2.4190810810E+2	2.9496738141E-3
2.9689984348E+0	2.4175866164E+2	2.9263324607E-3
2.9719130762E+0	2.3502942686E+2	2.9029422044E-3
2.9748043031E+0	2.2212195991E+2	2.8795034361E-3
2.9776720671E+0	2.0378152056E+2	2.8560165473E-3
2.9805163203E+0	1.8104732251E+2	2.8324819307E-3
2.9833370151E+0	1.5518831392E+2	2.8088999795E-3
2.9861341046E+0	1.2762881613E+2	2.7852710878E-3
2.9889075418E+0	9.9868652786E+1	2.7615956505E-3
2.9916572805E+0	7.3402417018E+1	2.7378740632E-3
2.9943832747E+0	4.9642274556E+1	2.7141067224E-3
2.9970854788E+0	2.9848222173E+1	2.6902940251E-3
2.9997638477E+0	1.5069060862E+1	2.6664363695E-3
3.0024183367E+0	6.0965545647E+0	2.6425341541E-3
3.0050489013E+0	3.4343836219E+0	2.6185877784E-3
3.0076554977E+0	7.2826215528E+0	2.5945976426E-3
3.0102380822E+0	1.7537614473E+1	2.5705641475E-3
3.0127966116E+0	3.3806367709E+1	2.5464876949E-3
3.0153310434E+0	5.5433878964E+1	2.5223686871E-3
3.0178413350E+0	8.1541327135E+1	2.4982075270E-3
3.0203274445E+0	1.1107264604E+2	2.4740046186E-3
3.0227893304E+0	1.4284678872E+2	2.4497603662E-3
3.0252269516E+0	1.7561291735E+2	2.4254751751E-3
3.0276402673E+0	2.0810582533E+2	2.4011494510E-3
3.0300292371E+0	2.3909909431E+2	2.3767836004E-3
3.0323938212E+0	2.6745378800E+2	2.3523780306E-3
3.0347339801E+0	2.9216086137E+2	2.3279331494E-3
3.0370496746E+0	3.1237589266E+2	2.3034493653E-3
3.0393408660E+0	3.2744519925E+2	2.2789270875E-3
3.0416075160E+0	3.3692285418E+2	2.2543667257E-3
3.0438495869E+0	3.4057855447E+2	2.2297686905E-3
3.0460670410E+0	3.3839668779E+2	2.2051333928E-3
3.0482598414E+0	3.3056728670E+2	2.1804612443E-3
3.0504279513E+0	3.1746983768E+2	2.1557526574E-3
3.0525713347E+0	2.9965112184E+2	2.1310080450E-3
3.0546899556E+0	2.7779840138E+2	2.1062278206E-3
3.0567837786E+0	2.5270933423E+2	2.0814123983E-3
3.0588527688E+0	2.2526000151E+2	2.0565621928E-3
3.0608968915E+0	1.9637237810E+2	2.0316776194E-3
3.0629161127E+0	1.6698247186E+2	2.0067590939E-3
3.0649103985E+0	1.3801021462E+2	1.9818070327E-3
3.0668797157E+0	1.1033201696E+2	1.9568218529E-3
3.0688240313E+0	8.4756709662E+1	1.9318039720E-3
3.0707433129E+0	6.2005398674E+1	1.9067538080E-3
3.0726375283E+0	4.2695564949E+1	1.8816717796E-3
3.0745066460E+0	2.7329554770E+1	1.8565583060E-3
3.0763506346E+0	1.6287435806E+1	1.8314138067E-3
3.0781694634E+0	9.8240443706E+0	1.8062387021E-3
3.0799631019E+0	8.0699234632E+0	1.7810334128E-3
3.0817315203E+0	1.1035751172E+1	1.7557983600E-3
3.0834746889E+0	1.8619785386E+1	1.7305339655E-3
3.0851925786E+0	3.0617803029E+1	1.7052406515E-3
3.0868851607E+0	4.6734988603E+1	1.6799188405E-3
3.0885524069E+0	6.6599225322E+1	1.6545689559E-3
3.0901942894E+0	8.9775259784E+1	1.6291914212E-3
3.0918107807E+0	1.1577924466E+2	1.6037866605E-3
3.0934018538E+0	1.4409320983E+2	1.5783550984E-3
3.0949674821E+0	1.7417906771E+2	1.5528971598E-3
3.0965076394E+0	2.0549181919E+2	1.5274132703E-3
3.0980223001E+0	2.3749169101E+2	1.5019038556E-3
3.0995114388E+0	2.6965499905E+2	1.4763693421E-3
3.1009750306E+0	3.0148359461E+2	1.4508101565E-3
3.1024130510E+0	3.3251280869E+2	1.4252267258E-3
3.1038254761E+0	3.6231786273E+2	1.3996194778E-3
3.1052122822E+0	3.9051876048E+2	1.3739888402E-3
3.1065734461E+0	4.1678371616E+2	1.3483352414E-3
3.1079089451E+0	4.4083120620E+2	1.3226591101E-3
3.1092187570E+0	4.6243075765E+2	1.2969608754E-3
3.1105028597E+0	4.8140260482E+2	1.2712409668E-3
3.1117612318E+0	4.9761635791E+2	1.2454998140E-3
3.1129938524E+0	5.1098883361E+2	1.2197378472E-3
3.1142007007E+0	5.2148119887E+2	1.1939554970E-3
3.1153817567E+0	5.2909557589E+2	1.1681531941E-3
3.1165370006E+0	5.3387124926E+2	1.1423313699E-3
3.1176664131E+0	5.3588060707E+2	1.1164904558E-3
3.1187699753E+0	5.3522493545E+2	1.0906308836E-3
3.1198476688E+0	5.3203017342E+2	1.0647530855E-3
3.1208994755E+0	5.2644272054E+2	1.0388574939E-3
3.1219253780E+0	5.1862537585E+2	1.0129445417E-3
3.1229253590E+0	5.0875347243E+2	9.8701466182E-4
3.1238994018E+0	4.9701125837E+2	9.6106828758E-4
3.1248474902E+0	4.8358856226E+2	9.3510585261E-4
3.1257696083E+0	4.6867776952E+2	9.0912779076E-4
3.1266657407E+0	4.5247112551E+2	8.8313453619E-4
3.1275358724E+0	4.3515837208E+2	8.5712652325E-4
3.1283799890E+0	4.1692471612E+2	8.3110418659E-4
3.1291980762E+0	3.9794912224E+2	8.0506796108E-4
3.1299901204E+0	3.7840291612E+2	7.7901828182E-4
3.1307561084E+0	3.5844868087E+2	7.5295558414E-4
3.1314960274E+0	3.3823942542E+2	7.2688030358E-4
3.1322098650E+0	3.1791800213E+2	7.0079287589E-4
3.1328976092E+0	2.9761674889E+2	6.7469373705E-4
3.1335592487E+0	2.7745733095E+2	6.4858332323E-4
3.1341947723E+0	2.5755075723E+2	6.2246207073E-4
3.1348041694E+0	2.3799754683E+2	5.9633041614E-4
3.1353874298E+0	2.1888802211E+2	5.7018879612E-4
3.1359445438E+0	2.0030270614E+2	5.4403764760E-4
3.1364755020E+0	1.8231280371E+2	5.1787740760E-4
3.1369802957E+0	1.6498074693E+2	4.9170851331E-4
3.1374589163E+0	1.4836078798E+2	4.6553140213E-4
3.1379113559E+0	1.3249962347E+2	4.3934651156E-4
3.1383376069E+0	1.1743703675E+2	4.1315427928E-4
3.1387376622E+0	1.0320654592E+2	3.8695514312E-4
3.1391115150E+0	8.9836047223E+1	3.6074954110E-4
3.1394591592E+0	7.7348444931E+1	3.3453791144E-4
3.1397805890E+0	6.5762260127E+1	3.0832069259E-4
3.1400757989E+0	5.5092212282E+1	2.8209832342E-4
3.1403447841E+0	4.5349768467E+1	2.5587124334E-4
3.1405875400E+0	3.6543656177E+1	2.2963989267E-4
3.1408040626E+0	2.8680336525E+1	2.0340471372E-4
3.1409943483E+0	2.1764435342E+1	1.7716615272E-4
3.1411583939E+0	1.5799130265E+1	1.5092466531E-4
3.1412961968E+0	1.0786492242E+1	1.2468073282E-4
3.1414077547E+0	6.7277797234E+0	9.8434919423E-5
3.1414930663E+0	3.6236812685E+0	7.2188137769E-5
3.1415521316E+0	1.4744823399E+0	4.5943520243E-5
3.1415849628E+0	2.7984551566E-1	1.9736940383E-5