   0.1500191E+05  0.6787207E+04  0.1680060E-05
   0.1516322E+05  0.6948517E+04  0.1722430E-04
   0.1532453E+05  0.7109828E+04  0.6807370E-04
   0.1548584E+05  0.7271139E+04  0.1816350E-03
   0.1564715E+05  0.7432450E+04  0.3702630E-03
   0.1580846E+05  0.7593761E+04  0.6395700E-03
   0.1596977E+05  0.7755071E+04  0.9881530E-03
   0.1613108E+05  0.7916382E+04  0.1376920E-02
   0.1629239E+05  0.8077693E+04  0.1798470E-02
   0.1645370E+05  0.8239004E+04  0.2246080E-02
   0.1661501E+05  0.8400315E+04  0.2693520E-02
   0.1677633E+05  0.8561626E+04  0.3109550E-02
   0.1693764E+05  0.8722936E+04  0.3515840E-02
   0.1709895E+05  0.8884247E+04  0.3975870E-02
   0.1726026E+05  0.9045558E+04  0.4512990E-02
   0.1742157E+05  0.9206869E+04  0.5080350E-02
   0.1758288E+05  0.9368180E+04  0.5657700E-02
   0.1774419E+05  0.9529491E+04  0.6378680E-02
   0.1790550E+05  0.9690801E+04  0.7049090E-02
   0.1806681E+05  0.9852112E+04  0.7558730E-02
   0.1822812E+05  0.1001342E+05  0.8184750E-02
   0.1838943E+05  0.1017473E+05  0.8722960E-02
   0.1879271E+05  0.1057801E+05  0.9633210E-02
   0.1919599E+05  0.1098129E+05  0.1059820E-01
   0.1959927E+05  0.1138457E+05  0.1180970E-01
   0.2000254E+05  0.1178784E+05  0.1380520E-01
   0.2040582E+05  0.1219112E+05  0.1544530E-01
   0.2080910E+05  0.1259440E+05  0.1659740E-01
   0.2121237E+05  0.1299767E+05  0.1751710E-01
   0.2161565E+05  0.1340095E+05  0.1859670E-01
   0.2201893E+05  0.1380423E+05  0.1972680E-01
   0.2242220E+05  0.1420750E+05  0.2098730E-01
   0.2282548E+05  0.1461078E+05  0.2187620E-01
   0.2322876E+05  0.1501406E+05  0.2296970E-01
   0.2363204E+05  0.1541734E+05  0.2338560E-01
   0.2403531E+05  0.1582061E+05  0.2432450E-01
   0.2443859E+05  0.1622389E+05  0.2479860E-01
   0.2484187E+05  0.1662717E+05  0.2561270E-01
   0.2524514E+05  0.1703044E+05  0.2589160E-01
   0.2564842E+05  0.1743372E+05  0.2628780E-01
   0.2605170E+05  0.1783700E+05  0.2654770E-01
   0.2645497E+05  0.1824027E+05  0.2656750E-01
   0.2685825E+05  0.1864355E+05  0.2684960E-01
   0.2726153E+05  0.1904683E+05  0.2688410E-01
   0.2766481E+05  0.1945011E+05  0.2683170E-01
   0.2806808E+05  0.1985338E+05  0.2647910E-01
   0.2847136E+05  0.2025666E+05  0.2633710E-01
   0.2887464E+05  0.2065994E+05  0.2624440E-01
   0.2927791E+05  0.2106321E+05  0.2617260E-01
   0.2968119E+05  0.2146649E+05  0.2586020E-01
   0.3008447E+05  0.2186977E+05  0.2566310E-01
   0.3048775E+05  0.2227305E+05  0.2536870E-01
   0.3089102E+05  0.2267632E+05  0.2500670E-01
   0.3129430E+05  0.2307960E+05  0.2473940E-01
   0.3169758E+05  0.2348288E+05  0.2424010E-01
   0.3210085E+05  0.2388615E+05  0.2379420E-01
   0.3250413E+05  0.2428943E+05  0.2339490E-01
   0.3290741E+05  0.2469271E+05  0.2305860E-01
   0.3331068E+05  0.2509598E+05  0.2279710E-01
   0.3371396E+05  0.2549926E+05  0.2254440E-01
   0.3411724E+05  0.2590254E+05  0.2223710E-01
   0.3452052E+05  0.2630582E+05  0.2188420E-01
   0.3492379E+05  0.2670909E+05  0.2151400E-01
   0.3532707E+05  0.2711237E+05  0.2115050E-01
   0.3573035E+05  0.2751565E+05  0.2082860E-01
   0.3613362E+05  0.2791892E+05  0.2055900E-01
   0.3653690E+05  0.2832220E+05  0.2034610E-01
   0.3694018E+05  0.2872548E+05  0.2014120E-01
   0.3734346E+05  0.2912876E+05  0.1997710E-01
   0.3774673E+05  0.2953203E+05  0.1983220E-01
   0.3815001E+05  0.2993531E+05  0.1969470E-01
   0.3855329E+05  0.3033859E+05  0.1949810E-01
   0.3895656E+05  0.3074186E+05  0.1937410E-01
   0.3935984E+05  0.3114514E+05  0.1923770E-01
   0.3976312E+05  0.3154842E+05  0.1915400E-01
   0.4016639E+05  0.3195169E+05  0.1904310E-01
   0.4056967E+05  0.3235497E+05  0.1897350E-01
   0.4097295E+05  0.3275825E+05  0.1888420E-01
   0.4137623E+05  0.3316153E+05  0.1883890E-01
   0.4177950E+05  0.3356480E+05  0.1878760E-01
   0.4218278E+05  0.3396808E+05  0.1876670E-01
   0.4258606E+05  0.3437136E+05  0.1870750E-01
   0.4298933E+05  0.3477463E+05  0.1866650E-01
   0.4339261E+05  0.3517791E+05  0.1873090E-01
   0.4379589E+05  0.3558119E+05  0.1863120E-01
   0.4419917E+05  0.3598447E+05  0.1868950E-01
