   0.1548584E+05  0.1088914E+05  0.3874430E-05
   0.1564715E+05  0.1105045E+05  0.3929770E-04
   0.1580846E+05  0.1121176E+05  0.1728360E-03
   0.1596977E+05  0.1137307E+05  0.4920700E-03
   0.1613108E+05  0.1153438E+05  0.1026910E-02
   0.1629239E+05  0.1169569E+05  0.1723280E-02
   0.1645370E+05  0.1185700E+05  0.2581160E-02
   0.1661501E+05  0.1201831E+05  0.3578220E-02
   0.1677633E+05  0.1217963E+05  0.4627550E-02
   0.1693764E+05  0.1234094E+05  0.5633940E-02
   0.1709895E+05  0.1250225E+05  0.6557040E-02
   0.1726026E+05  0.1266356E+05  0.7443390E-02
   0.1742157E+05  0.1282487E+05  0.8306860E-02
   0.1758288E+05  0.1298618E+05  0.9103460E-02
   0.1774419E+05  0.1314749E+05  0.9924270E-02
   0.1790550E+05  0.1330880E+05  0.1079850E-01
   0.1806681E+05  0.1347011E+05  0.1160870E-01
   0.1822812E+05  0.1363142E+05  0.1244340E-01
   0.1838943E+05  0.1379273E+05  0.1333760E-01
   0.1879271E+05  0.1419601E+05  0.1537520E-01
   0.1919599E+05  0.1459929E+05  0.1713810E-01
   0.1959927E+05  0.1500257E+05  0.1893940E-01
   0.2000254E+05  0.1540584E+05  0.2058920E-01
   0.2040582E+05  0.1580912E+05  0.2187740E-01
   0.2080910E+05  0.1621240E+05  0.2303970E-01
   0.2121237E+05  0.1661567E+05  0.2415860E-01
   0.2161565E+05  0.1701895E+05  0.2519540E-01
   0.2201893E+05  0.1742223E+05  0.2595980E-01
   0.2242220E+05  0.1782550E+05  0.2668430E-01
   0.2282548E+05  0.1822878E+05  0.2693280E-01
   0.2322876E+05  0.1863206E+05  0.2740590E-01
   0.2363204E+05  0.1903534E+05  0.2752430E-01
   0.2403531E+05  0.1943861E+05  0.2751010E-01
   0.2443859E+05  0.1984189E+05  0.2752540E-01
   0.2484187E+05  0.2024517E+05  0.2754100E-01
   0.2524514E+05  0.2064844E+05  0.2730840E-01
   0.2564842E+05  0.2105172E+05  0.2706610E-01
   0.2605170E+05  0.2145500E+05  0.2718040E-01
   0.2645497E+05  0.2185827E+05  0.2675990E-01
   0.2685825E+05  0.2226155E+05  0.2662120E-01
   0.2726153E+05  0.2266483E+05  0.2655550E-01
   0.2766481E+05  0.2306811E+05  0.2625520E-01
   0.2806808E+05  0.2347138E+05  0.2613490E-01
   0.2847136E+05  0.2387466E+05  0.2584510E-01
   0.2887464E+05  0.2427794E+05  0.2529040E-01
   0.2927791E+05  0.2468121E+05  0.2491960E-01
   0.2968119E+05  0.2508449E+05  0.2477490E-01
   0.3008447E+05  0.2548777E+05  0.2472110E-01
   0.3048775E+05  0.2589105E+05  0.2478110E-01
   0.3089102E+05  0.2629432E+05  0.2467650E-01
   0.3129430E+05  0.2669760E+05  0.2437210E-01
   0.3169758E+05  0.2710088E+05  0.2392290E-01
   0.3210085E+05  0.2750415E+05  0.2338020E-01
   0.3250413E+05  0.2790743E+05  0.2275180E-01
   0.3290741E+05  0.2831071E+05  0.2203610E-01
   0.3331068E+05  0.2871398E+05  0.2147630E-01
   0.3371396E+05  0.2911726E+05  0.2098810E-01
   0.3411724E+05  0.2952054E+05  0.2052390E-01
   0.3452052E+05  0.2992382E+05  0.2000990E-01
   0.3492379E+05  0.3032709E+05  0.1944010E-01
   0.3532707E+05  0.3073037E+05  0.1892780E-01
   0.3573035E+05  0.3113365E+05  0.1850640E-01
   0.3613362E+05  0.3153692E+05  0.1811810E-01
   0.3653690E+05  0.3194020E+05  0.1768260E-01
   0.3694018E+05  0.3234348E+05  0.1723060E-01
   0.3734346E+05  0.3274676E+05  0.1677370E-01
   0.3774673E+05  0.3315003E+05  0.1638420E-01
   0.3815001E+05  0.3355331E+05  0.1601430E-01
   0.3855329E+05  0.3395659E+05  0.1567750E-01
   0.3895656E+05  0.3435986E+05  0.1531740E-01
   0.3935984E+05  0.3476314E+05  0.1494460E-01
   0.3976312E+05  0.3516642E+05  0.1459970E-01
   0.4016639E+05  0.3556969E+05  0.1422600E-01
   0.4056967E+05  0.3597297E+05  0.1386170E-01
   0.4097295E+05  0.3637625E+05  0.1352010E-01
   0.4137623E+05  0.3677953E+05  0.1325660E-01
   0.4177950E+05  0.3718280E+05  0.1293070E-01
   0.4218278E+05  0.3758608E+05  0.1262410E-01
   0.4258606E+05  0.3798936E+05  0.1234070E-01
   0.4298933E+05  0.3839263E+05  0.1213840E-01
   0.4339261E+05  0.3879591E+05  0.1184380E-01
   0.4379589E+05  0.3919919E+05  0.1160830E-01
   0.4419917E+05  0.3960247E+05  0.1138830E-01
