   0.1822812E+05  0.1363142E+05  0.8488150E-06
   0.1838943E+05  0.1379273E+05  0.1267970E-04
   0.1879271E+05  0.1419601E+05  0.5248570E-03
   0.1919599E+05  0.1459929E+05  0.1950720E-02
   0.1959927E+05  0.1500257E+05  0.3497680E-02
   0.2000254E+05  0.1540584E+05  0.5127630E-02
   0.2040582E+05  0.1580912E+05  0.7078020E-02
   0.2080910E+05  0.1621240E+05  0.9198610E-02
   0.2121237E+05  0.1661567E+05  0.1129800E-01
   0.2161565E+05  0.1701895E+05  0.1393440E-01
   0.2201893E+05  0.1742223E+05  0.1652010E-01
   0.2242220E+05  0.1782550E+05  0.1942990E-01
   0.2282548E+05  0.1822878E+05  0.2192050E-01
   0.2322876E+05  0.1863206E+05  0.2414560E-01
   0.2363204E+05  0.1903534E+05  0.2666920E-01
   0.2403531E+05  0.1943861E+05  0.2854120E-01
   0.2443859E+05  0.1984189E+05  0.3060050E-01
   0.2484187E+05  0.2024517E+05  0.3191510E-01
   0.2524514E+05  0.2064844E+05  0.3322880E-01
   0.2564842E+05  0.2105172E+05  0.3446580E-01
   0.2605170E+05  0.2145500E+05  0.3575320E-01
   0.2645497E+05  0.2185827E+05  0.3672870E-01
   0.2685825E+05  0.2226155E+05  0.3776920E-01
   0.2726153E+05  0.2266483E+05  0.3915990E-01
   0.2766481E+05  0.2306811E+05  0.4052610E-01
   0.2806808E+05  0.2347138E+05  0.4115890E-01
   0.2847136E+05  0.2387466E+05  0.4153700E-01
   0.2887464E+05  0.2427794E+05  0.4209730E-01
   0.2927791E+05  0.2468121E+05  0.4258960E-01
   0.2968119E+05  0.2508449E+05  0.4260680E-01
   0.3008447E+05  0.2548777E+05  0.4205880E-01
   0.3048775E+05  0.2589105E+05  0.4117860E-01
   0.3089102E+05  0.2629432E+05  0.4036050E-01
   0.3129430E+05  0.2669760E+05  0.3956490E-01
   0.3169758E+05  0.2710088E+05  0.3843580E-01
   0.3210085E+05  0.2750415E+05  0.3681620E-01
   0.3250413E+05  0.2790743E+05  0.3528960E-01
   0.3290741E+05  0.2831071E+05  0.3374500E-01
   0.3331068E+05  0.2871398E+05  0.3202450E-01
   0.3371396E+05  0.2911726E+05  0.3009410E-01
   0.3411724E+05  0.2952054E+05  0.2813330E-01
   0.3452052E+05  0.2992382E+05  0.2631550E-01
   0.3492379E+05  0.3032709E+05  0.2481520E-01
   0.3532707E+05  0.3073037E+05  0.2363360E-01
   0.3573035E+05  0.3113365E+05  0.2258020E-01
   0.3613362E+05  0.3153692E+05  0.2158410E-01
   0.3653690E+05  0.3194020E+05  0.2064060E-01
   0.3694018E+05  0.3234348E+05  0.1976050E-01
   0.3734346E+05  0.3274676E+05  0.1901400E-01
   0.3774673E+05  0.3315003E+05  0.1831020E-01
   0.3815001E+05  0.3355331E+05  0.1766370E-01
   0.3855329E+05  0.3395659E+05  0.1710460E-01
   0.3895656E+05  0.3435986E+05  0.1655220E-01
   0.3935984E+05  0.3476314E+05  0.1604190E-01
   0.3976312E+05  0.3516642E+05  0.1557370E-01
   0.4016639E+05  0.3556969E+05  0.1512240E-01
   0.4056967E+05  0.3597297E+05  0.1478140E-01
   0.4097295E+05  0.3637625E+05  0.1445820E-01
   0.4137623E+05  0.3677953E+05  0.1407430E-01
   0.4177950E+05  0.3718280E+05  0.1375130E-01
   0.4218278E+05  0.3758608E+05  0.1341660E-01
   0.4258606E+05  0.3798936E+05  0.1306270E-01
   0.4298933E+05  0.3839263E+05  0.1274760E-01
   0.4339261E+05  0.3879591E+05  0.1237540E-01
   0.4379589E+05  0.3919919E+05  0.1206090E-01
   0.4419917E+05  0.3960247E+05  0.1178740E-01
