   0.8226852E+04  0.1215198E+02  0.2050520E-05
   0.8388163E+04  0.1734628E+03  0.2988120E-05
   0.8549474E+04  0.3347736E+03  0.9395030E-05
   0.8710784E+04  0.4960844E+03  0.2539790E-04
   0.8872095E+04  0.6573953E+03  0.6073270E-04
   0.9033406E+04  0.8187061E+03  0.1315660E-03
   0.9194717E+04  0.9800169E+03  0.2622850E-03
   0.9356028E+04  0.1141328E+04  0.4862170E-03
   0.9517339E+04  0.1302639E+04  0.8459680E-03
   0.9678649E+04  0.1463949E+04  0.1390210E-02
   0.9839960E+04  0.1625260E+04  0.2168630E-02
   0.1000127E+05  0.1786571E+04  0.3243400E-02
   0.1016258E+05  0.1947882E+04  0.4662860E-02
   0.1032389E+05  0.2109193E+04  0.6483340E-02
   0.1048520E+05  0.2270503E+04  0.8723400E-02
   0.1064651E+05  0.2431814E+04  0.1135870E-01
   0.1080783E+05  0.2593125E+04  0.1430580E-01
   0.1096914E+05  0.2754436E+04  0.1745380E-01
   0.1113045E+05  0.2915747E+04  0.2068200E-01
   0.1129176E+05  0.3077058E+04  0.2394360E-01
   0.1145307E+05  0.3238368E+04  0.2719090E-01
   0.1161438E+05  0.3399679E+04  0.3040080E-01
   0.1177569E+05  0.3560990E+04  0.3358440E-01
   0.1193700E+05  0.3722301E+04  0.3667970E-01
   0.1209831E+05  0.3883612E+04  0.3965290E-01
   0.1225962E+05  0.4044923E+04  0.4245180E-01
   0.1242093E+05  0.4206233E+04  0.4506770E-01
   0.1258224E+05  0.4367544E+04  0.4755210E-01
   0.1274356E+05  0.4528855E+04  0.4997590E-01
   0.1290487E+05  0.4690166E+04  0.5238920E-01
   0.1306618E+05  0.4851477E+04  0.5483090E-01
   0.1322749E+05  0.5012787E+04  0.5712680E-01
   0.1338880E+05  0.5174098E+04  0.5930010E-01
   0.1355011E+05  0.5335409E+04  0.6130040E-01
   0.1371142E+05  0.5496720E+04  0.6321490E-01
   0.1387273E+05  0.5658031E+04  0.6491550E-01
   0.1403404E+05  0.5819342E+04  0.6641900E-01
   0.1419535E+05  0.5980652E+04  0.6768660E-01
   0.1435666E+05  0.6141963E+04  0.6869310E-01
   0.1451797E+05  0.6303274E+04  0.6948050E-01
   0.1467928E+05  0.6464585E+04  0.6996180E-01
   0.1484060E+05  0.6625896E+04  0.7017360E-01
   0.1500191E+05  0.6787207E+04  0.7010460E-01
   0.1516322E+05  0.6948517E+04  0.6976230E-01
   0.1532453E+05  0.7109828E+04  0.6923740E-01
   0.1548584E+05  0.7271139E+04  0.6840010E-01
   0.1564715E+05  0.7432450E+04  0.6758110E-01
   0.1580846E+05  0.7593761E+04  0.6645150E-01
   0.1596977E+05  0.7755071E+04  0.6546110E-01
   0.1613108E+05  0.7916382E+04  0.6422390E-01
   0.1629239E+05  0.8077693E+04  0.6282840E-01
   0.1645370E+05  0.8239004E+04  0.6137920E-01
   0.1661501E+05  0.8400315E+04  0.5965150E-01
   0.1677633E+05  0.8561626E+04  0.5781390E-01
   0.1693764E+05  0.8722936E+04  0.5597330E-01
   0.1709895E+05  0.8884247E+04  0.5390760E-01
   0.1726026E+05  0.9045558E+04  0.5179750E-01
   0.1742157E+05  0.9206869E+04  0.4982050E-01
   0.1758288E+05  0.9368180E+04  0.4780760E-01
   0.1774419E+05  0.9529491E+04  0.4610580E-01
   0.1790550E+05  0.9690801E+04  0.4432970E-01
   0.1806681E+05  0.9852112E+04  0.4250860E-01
   0.1822812E+05  0.1001342E+05  0.4092640E-01
   0.1838943E+05  0.1017473E+05  0.3908390E-01
   0.1879271E+05  0.1057801E+05  0.3502280E-01
   0.1919599E+05  0.1098129E+05  0.3134470E-01
   0.1959927E+05  0.1138457E+05  0.2796400E-01
   0.2000254E+05  0.1178784E+05  0.2526920E-01
   0.2040582E+05  0.1219112E+05  0.2288850E-01
   0.2080910E+05  0.1259440E+05  0.2093320E-01
   0.2121237E+05  0.1299767E+05  0.1888580E-01
   0.2161565E+05  0.1340095E+05  0.1728530E-01
   0.2201893E+05  0.1380423E+05  0.1605510E-01
   0.2242220E+05  0.1420750E+05  0.1492830E-01
   0.2282548E+05  0.1461078E+05  0.1370060E-01
   0.2322876E+05  0.1501406E+05  0.1256910E-01
   0.2363204E+05  0.1541734E+05  0.1165310E-01
   0.2403531E+05  0.1582061E+05  0.1111310E-01
   0.2443859E+05  0.1622389E+05  0.1051710E-01
   0.2484187E+05  0.1662717E+05  0.9653550E-02
   0.2524514E+05  0.1703044E+05  0.8945280E-02
   0.2564842E+05  0.1743372E+05  0.8433630E-02
   0.2605170E+05  0.1783700E+05  0.7867350E-02
   0.2645497E+05  0.1824027E+05  0.7394580E-02
   0.2685825E+05  0.1864355E+05  0.6931590E-02
   0.2726153E+05  0.1904683E+05  0.6555650E-02
   0.2766481E+05  0.1945011E+05  0.6226240E-02
   0.2806808E+05  0.1985338E+05  0.5750230E-02
   0.2847136E+05  0.2025666E+05  0.5410920E-02
   0.2887464E+05  0.2065994E+05  0.5226210E-02
   0.2927791E+05  0.2106321E+05  0.4944610E-02
   0.2968119E+05  0.2146649E+05  0.4674170E-02
   0.3008447E+05  0.2186977E+05  0.4429450E-02
   0.3048775E+05  0.2227305E+05  0.4232270E-02
   0.3089102E+05  0.2267632E+05  0.3995720E-02
   0.3129430E+05  0.2307960E+05  0.3774130E-02
   0.3169758E+05  0.2348288E+05  0.3574200E-02
   0.3210085E+05  0.2388615E+05  0.3407680E-02
   0.3250413E+05  0.2428943E+05  0.3285720E-02
   0.3290741E+05  0.2469271E+05  0.3134560E-02
   0.3331068E+05  0.2509598E+05  0.2995560E-02
   0.3371396E+05  0.2549926E+05  0.2883560E-02
   0.3411724E+05  0.2590254E+05  0.2818370E-02
   0.3452052E+05  0.2630582E+05  0.2810130E-02
   0.3492379E+05  0.2670909E+05  0.2798200E-02
   0.3532707E+05  0.2711237E+05  0.2768220E-02
   0.3573035E+05  0.2751565E+05  0.2719200E-02
   0.3613362E+05  0.2791892E+05  0.2671080E-02
   0.3653690E+05  0.2832220E+05  0.2652190E-02
   0.3694018E+05  0.2872548E+05  0.2653080E-02
   0.3734346E+05  0.2912876E+05  0.2670330E-02
   0.3774673E+05  0.2953203E+05  0.2698440E-02
   0.3815001E+05  0.2993531E+05  0.2722920E-02
   0.3855329E+05  0.3033859E+05  0.2733420E-02
   0.3895656E+05  0.3074186E+05  0.2755150E-02
   0.3935984E+05  0.3114514E+05  0.2782540E-02
   0.3976312E+05  0.3154842E+05  0.2802810E-02
   0.4016639E+05  0.3195169E+05  0.2828960E-02
   0.4056967E+05  0.3235497E+05  0.2857070E-02
   0.4097295E+05  0.3275825E+05  0.2886390E-02
   0.4137623E+05  0.3316153E+05  0.2923070E-02
   0.4177950E+05  0.3356480E+05  0.2939240E-02
   0.4218278E+05  0.3396808E+05  0.2954640E-02
   0.4258606E+05  0.3437136E+05  0.2971230E-02
   0.4298933E+05  0.3477463E+05  0.2986920E-02
   0.4339261E+05  0.3517791E+05  0.3002650E-02
   0.4379589E+05  0.3558119E+05  0.3014150E-02
   0.4419917E+05  0.3598447E+05  0.3027560E-02
