   0.2121237E+05  0.1402717E+05  0.9527850E-05
   0.2161565E+05  0.1443045E+05  0.6465060E-03
   0.2201893E+05  0.1483373E+05  0.3045540E-02
   0.2242220E+05  0.1523700E+05  0.5814250E-02
   0.2282548E+05  0.1564028E+05  0.8374400E-02
   0.2322876E+05  0.1604356E+05  0.1127060E-01
   0.2363204E+05  0.1644684E+05  0.1477790E-01
   0.2403531E+05  0.1685011E+05  0.1787540E-01
   0.2443859E+05  0.1725339E+05  0.2075040E-01
   0.2484187E+05  0.1765667E+05  0.2382890E-01
   0.2524514E+05  0.1805994E+05  0.2663020E-01
   0.2564842E+05  0.1846322E+05  0.2958300E-01
   0.2605170E+05  0.1886650E+05  0.3236750E-01
   0.2645497E+05  0.1926977E+05  0.3518130E-01
   0.2685825E+05  0.1967305E+05  0.3801070E-01
   0.2726153E+05  0.2007633E+05  0.4143200E-01
   0.2766481E+05  0.2047961E+05  0.4443440E-01
   0.2806808E+05  0.2088288E+05  0.4669150E-01
   0.2847136E+05  0.2128616E+05  0.4842380E-01
   0.2887464E+05  0.2168944E+05  0.4954580E-01
   0.2927791E+05  0.2209271E+05  0.5088910E-01
   0.2968119E+05  0.2249599E+05  0.5186630E-01
   0.3008447E+05  0.2289927E+05  0.5199660E-01
   0.3048775E+05  0.2330255E+05  0.5235050E-01
   0.3089102E+05  0.2370582E+05  0.5282510E-01
   0.3129430E+05  0.2410910E+05  0.5339600E-01
   0.3169758E+05  0.2451238E+05  0.5397440E-01
   0.3210085E+05  0.2491565E+05  0.5463450E-01
   0.3250413E+05  0.2531893E+05  0.5486220E-01
   0.3290741E+05  0.2572221E+05  0.5495470E-01
   0.3331068E+05  0.2612548E+05  0.5517590E-01
   0.3371396E+05  0.2652876E+05  0.5545780E-01
   0.3411724E+05  0.2693204E+05  0.5577040E-01
   0.3452052E+05  0.2733532E+05  0.5595870E-01
   0.3492379E+05  0.2773859E+05  0.5599850E-01
   0.3532707E+05  0.2814187E+05  0.5599640E-01
   0.3573035E+05  0.2854515E+05  0.5599510E-01
   0.3613362E+05  0.2894842E+05  0.5604020E-01
   0.3653690E+05  0.2935170E+05  0.5613710E-01
   0.3694018E+05  0.2975498E+05  0.5631960E-01
   0.3734346E+05  0.3015826E+05  0.5645070E-01
   0.3774673E+05  0.3056153E+05  0.5650590E-01
   0.3815001E+05  0.3096481E+05  0.5650180E-01
   0.3855329E+05  0.3136809E+05  0.5631940E-01
   0.3895656E+05  0.3177136E+05  0.5615100E-01
   0.3935984E+05  0.3217464E+05  0.5608900E-01
   0.3976312E+05  0.3257792E+05  0.5590310E-01
   0.4016639E+05  0.3298119E+05  0.5588400E-01
   0.4056967E+05  0.3338447E+05  0.5566700E-01
   0.4097295E+05  0.3378775E+05  0.5559710E-01
   0.4137623E+05  0.3419103E+05  0.5527700E-01
   0.4177950E+05  0.3459430E+05  0.5511290E-01
   0.4218278E+05  0.3499758E+05  0.5492470E-01
   0.4258606E+05  0.3540086E+05  0.5478410E-01
   0.4298933E+05  0.3580413E+05  0.5473220E-01
   0.4339261E+05  0.3620741E+05  0.5454860E-01
   0.4379589E+05  0.3661069E+05  0.5455950E-01
   0.4419917E+05  0.3701397E+05  0.5462840E-01
