   0.8710784E+04  0.1525584E+04  0.7897090E-08
   0.8872095E+04  0.1686895E+04  0.3122860E-07
   0.9033406E+04  0.1848206E+04  0.2206480E-06
   0.9194717E+04  0.2009517E+04  0.1063300E-05
   0.9356028E+04  0.2170828E+04  0.4364580E-05
   0.9517339E+04  0.2332139E+04  0.1416350E-04
   0.9678649E+04  0.2493449E+04  0.3930670E-04
   0.9839960E+04  0.2654760E+04  0.9437900E-04
   0.1000127E+05  0.2816071E+04  0.2033010E-03
   0.1016258E+05  0.2977382E+04  0.3944770E-03
   0.1032389E+05  0.3138693E+04  0.7015400E-03
   0.1048520E+05  0.3300003E+04  0.1153070E-02
   0.1064651E+05  0.3461314E+04  0.1774870E-02
   0.1080783E+05  0.3622625E+04  0.2577440E-02
   0.1096914E+05  0.3783936E+04  0.3534360E-02
   0.1113045E+05  0.3945247E+04  0.4614480E-02
   0.1129176E+05  0.4106558E+04  0.5756240E-02
   0.1145307E+05  0.4267868E+04  0.6864980E-02
   0.1161438E+05  0.4429179E+04  0.7852780E-02
   0.1177569E+05  0.4590490E+04  0.8650840E-02
   0.1193700E+05  0.4751801E+04  0.9218850E-02
   0.1209831E+05  0.4913112E+04  0.9550680E-02
   0.1225962E+05  0.5074423E+04  0.9717240E-02
   0.1242093E+05  0.5235733E+04  0.9799030E-02
   0.1258224E+05  0.5397044E+04  0.9888460E-02
   0.1274356E+05  0.5558355E+04  0.1008810E-01
   0.1290487E+05  0.5719666E+04  0.1045230E-01
   0.1306618E+05  0.5880977E+04  0.1098130E-01
   0.1322749E+05  0.6042287E+04  0.1166020E-01
   0.1338880E+05  0.6203598E+04  0.1254300E-01
   0.1355011E+05  0.6364909E+04  0.1340080E-01
   0.1371142E+05  0.6526220E+04  0.1440970E-01
   0.1387273E+05  0.6687531E+04  0.1549810E-01
   0.1403404E+05  0.6848842E+04  0.1643190E-01
   0.1419535E+05  0.7010152E+04  0.1728980E-01
   0.1435666E+05  0.7171463E+04  0.1815550E-01
   0.1451797E+05  0.7332774E+04  0.1889920E-01
   0.1467928E+05  0.7494085E+04  0.1968550E-01
   0.1484060E+05  0.7655396E+04  0.2046460E-01
   0.1500191E+05  0.7816707E+04  0.2137750E-01
   0.1516322E+05  0.7978017E+04  0.2217210E-01
   0.1532453E+05  0.8139328E+04  0.2293070E-01
   0.1548584E+05  0.8300639E+04  0.2360880E-01
   0.1564715E+05  0.8461950E+04  0.2437540E-01
   0.1580846E+05  0.8623261E+04  0.2524730E-01
   0.1596977E+05  0.8784571E+04  0.2602230E-01
   0.1613108E+05  0.8945882E+04  0.2663380E-01
   0.1629239E+05  0.9107193E+04  0.2717910E-01
   0.1645370E+05  0.9268504E+04  0.2765000E-01
   0.1661501E+05  0.9429815E+04  0.2817670E-01
   0.1677633E+05  0.9591126E+04  0.2866040E-01
   0.1693764E+05  0.9752436E+04  0.2898070E-01
   0.1709895E+05  0.9913747E+04  0.2919870E-01
   0.1726026E+05  0.1007506E+05  0.2946390E-01
   0.1742157E+05  0.1023637E+05  0.2974570E-01
   0.1758288E+05  0.1039768E+05  0.3017830E-01
   0.1774419E+05  0.1055899E+05  0.3041350E-01
   0.1790550E+05  0.1072030E+05  0.3047710E-01
   0.1806681E+05  0.1088161E+05  0.3054460E-01
   0.1822812E+05  0.1104292E+05  0.3074530E-01
   0.1838943E+05  0.1120423E+05  0.3078710E-01
   0.1879271E+05  0.1160751E+05  0.3104430E-01
   0.1919599E+05  0.1201079E+05  0.3109090E-01
   0.1959927E+05  0.1241407E+05  0.3088550E-01
   0.2000254E+05  0.1281734E+05  0.3065740E-01
   0.2040582E+05  0.1322062E+05  0.3023090E-01
   0.2080910E+05  0.1362390E+05  0.2996000E-01
   0.2121237E+05  0.1402717E+05  0.2949920E-01
   0.2161565E+05  0.1443045E+05  0.2900040E-01
   0.2201893E+05  0.1483373E+05  0.2849910E-01
   0.2242220E+05  0.1523700E+05  0.2813290E-01
   0.2282548E+05  0.1564028E+05  0.2756140E-01
   0.2322876E+05  0.1604356E+05  0.2677630E-01
   0.2363204E+05  0.1644684E+05  0.2593060E-01
   0.2403531E+05  0.1685011E+05  0.2518520E-01
   0.2443859E+05  0.1725339E+05  0.2418950E-01
   0.2484187E+05  0.1765667E+05  0.2337060E-01
   0.2524514E+05  0.1805994E+05  0.2256780E-01
   0.2564842E+05  0.1846322E+05  0.2141900E-01
   0.2605170E+05  0.1886650E+05  0.2019980E-01
   0.2645497E+05  0.1926977E+05  0.1912590E-01
   0.2685825E+05  0.1967305E+05  0.1867730E-01
   0.2726153E+05  0.2007633E+05  0.1802740E-01
   0.2766481E+05  0.2047961E+05  0.1701070E-01
   0.2806808E+05  0.2088288E+05  0.1599090E-01
   0.2847136E+05  0.2128616E+05  0.1527200E-01
   0.2887464E+05  0.2168944E+05  0.1450210E-01
   0.2927791E+05  0.2209271E+05  0.1401610E-01
   0.2968119E+05  0.2249599E+05  0.1358550E-01
   0.3008447E+05  0.2289927E+05  0.1302250E-01
   0.3048775E+05  0.2330255E+05  0.1246790E-01
   0.3089102E+05  0.2370582E+05  0.1194740E-01
   0.3129430E+05  0.2410910E+05  0.1154330E-01
   0.3169758E+05  0.2451238E+05  0.1121640E-01
   0.3210085E+05  0.2491565E+05  0.1089340E-01
   0.3250413E+05  0.2531893E+05  0.1051970E-01
   0.3290741E+05  0.2572221E+05  0.1011620E-01
   0.3331068E+05  0.2612548E+05  0.9745120E-02
   0.3371396E+05  0.2652876E+05  0.9447470E-02
   0.3411724E+05  0.2693204E+05  0.9209220E-02
   0.3452052E+05  0.2733532E+05  0.9000240E-02
   0.3492379E+05  0.2773859E+05  0.8789860E-02
   0.3532707E+05  0.2814187E+05  0.8564410E-02
   0.3573035E+05  0.2854515E+05  0.8350820E-02
   0.3613362E+05  0.2894842E+05  0.8169970E-02
   0.3653690E+05  0.2935170E+05  0.8019550E-02
   0.3694018E+05  0.2975498E+05  0.7880950E-02
   0.3734346E+05  0.3015826E+05  0.7740690E-02
   0.3774673E+05  0.3056153E+05  0.7608390E-02
   0.3815001E+05  0.3096481E+05  0.7474480E-02
   0.3855329E+05  0.3136809E+05  0.7351930E-02
   0.3895656E+05  0.3177136E+05  0.7219590E-02
   0.3935984E+05  0.3217464E+05  0.7099520E-02
   0.3976312E+05  0.3257792E+05  0.6986630E-02
   0.4016639E+05  0.3298119E+05  0.6880880E-02
   0.4056967E+05  0.3338447E+05  0.6765860E-02
   0.4097295E+05  0.3378775E+05  0.6656870E-02
   0.4137623E+05  0.3419103E+05  0.6540350E-02
   0.4177950E+05  0.3459430E+05  0.6423680E-02
   0.4218278E+05  0.3499758E+05  0.6315960E-02
   0.4258606E+05  0.3540086E+05  0.6222590E-02
   0.4298933E+05  0.3580413E+05  0.6112150E-02
   0.4339261E+05  0.3620741E+05  0.5997130E-02
   0.4379589E+05  0.3661069E+05  0.5884000E-02
   0.4419917E+05  0.3701397E+05  0.5755950E-02
