   0.1613108E+05  0.1220948E+05  0.4533910E-05
   0.1629239E+05  0.1237079E+05  0.2857990E-04
   0.1645370E+05  0.1253210E+05  0.9450350E-04
   0.1661501E+05  0.1269341E+05  0.2219360E-03
   0.1677633E+05  0.1285473E+05  0.4268500E-03
   0.1693764E+05  0.1301604E+05  0.6989100E-03
   0.1709895E+05  0.1317735E+05  0.1019420E-02
   0.1726026E+05  0.1333866E+05  0.1369450E-02
   0.1742157E+05  0.1349997E+05  0.1725680E-02
   0.1758288E+05  0.1366128E+05  0.2053110E-02
   0.1774419E+05  0.1382259E+05  0.2327170E-02
   0.1790550E+05  0.1398390E+05  0.2566080E-02
   0.1806681E+05  0.1414521E+05  0.2785020E-02
   0.1822812E+05  0.1430652E+05  0.2996580E-02
   0.1838943E+05  0.1446783E+05  0.3229930E-02
   0.1879271E+05  0.1487111E+05  0.3986110E-02
   0.1919599E+05  0.1527439E+05  0.4796580E-02
   0.1959927E+05  0.1567767E+05  0.5527400E-02
   0.2000254E+05  0.1608094E+05  0.6148540E-02
   0.2040582E+05  0.1648422E+05  0.6896050E-02
   0.2080910E+05  0.1688750E+05  0.7521670E-02
   0.2121237E+05  0.1729077E+05  0.8210650E-02
   0.2161565E+05  0.1769405E+05  0.8633680E-02
   0.2201893E+05  0.1809733E+05  0.8973320E-02
   0.2242220E+05  0.1850060E+05  0.9244360E-02
   0.2282548E+05  0.1890388E+05  0.9632110E-02
   0.2322876E+05  0.1930716E+05  0.9878550E-02
   0.2363204E+05  0.1971044E+05  0.1001870E-01
   0.2403531E+05  0.2011371E+05  0.1032120E-01
   0.2443859E+05  0.2051699E+05  0.1040250E-01
   0.2484187E+05  0.2092027E+05  0.1037540E-01
   0.2524514E+05  0.2132354E+05  0.1039770E-01
   0.2564842E+05  0.2172682E+05  0.1065100E-01
   0.2605170E+05  0.2213010E+05  0.1055760E-01
   0.2645497E+05  0.2253337E+05  0.1031710E-01
   0.2685825E+05  0.2293665E+05  0.1025800E-01
   0.2726153E+05  0.2333993E+05  0.1033150E-01
   0.2766481E+05  0.2374321E+05  0.1015470E-01
   0.2806808E+05  0.2414648E+05  0.9925920E-02
   0.2847136E+05  0.2454976E+05  0.9773430E-02
   0.2887464E+05  0.2495304E+05  0.9638720E-02
   0.2927791E+05  0.2535631E+05  0.9537120E-02
   0.2968119E+05  0.2575959E+05  0.9412480E-02
   0.3008447E+05  0.2616287E+05  0.9323760E-02
   0.3048775E+05  0.2656615E+05  0.9214700E-02
   0.3089102E+05  0.2696942E+05  0.9063490E-02
   0.3129430E+05  0.2737270E+05  0.8884290E-02
   0.3169758E+05  0.2777598E+05  0.8715140E-02
   0.3210085E+05  0.2817925E+05  0.8503830E-02
   0.3250413E+05  0.2858253E+05  0.8287880E-02
   0.3290741E+05  0.2898581E+05  0.8065650E-02
   0.3331068E+05  0.2938908E+05  0.7823940E-02
   0.3371396E+05  0.2979236E+05  0.7563020E-02
   0.3411724E+05  0.3019564E+05  0.7354140E-02
   0.3452052E+05  0.3059892E+05  0.7171320E-02
   0.3492379E+05  0.3100219E+05  0.6970340E-02
   0.3532707E+05  0.3140547E+05  0.6792320E-02
   0.3573035E+05  0.3180875E+05  0.6645690E-02
   0.3613362E+05  0.3221202E+05  0.6502480E-02
   0.3653690E+05  0.3261530E+05  0.6344730E-02
   0.3694018E+05  0.3301858E+05  0.6167010E-02
   0.3734346E+05  0.3342186E+05  0.5985820E-02
   0.3774673E+05  0.3382513E+05  0.5830790E-02
   0.3815001E+05  0.3422841E+05  0.5689860E-02
   0.3855329E+05  0.3463169E+05  0.5575560E-02
   0.3895656E+05  0.3503496E+05  0.5465620E-02
   0.3935984E+05  0.3543824E+05  0.5352990E-02
   0.3976312E+05  0.3584152E+05  0.5238320E-02
   0.4016639E+05  0.3624479E+05  0.5131030E-02
   0.4056967E+05  0.3664807E+05  0.5020370E-02
   0.4097295E+05  0.3705135E+05  0.4915570E-02
   0.4137623E+05  0.3745463E+05  0.4813920E-02
   0.4177950E+05  0.3785790E+05  0.4705780E-02
   0.4218278E+05  0.3826118E+05  0.4605480E-02
   0.4258606E+05  0.3866446E+05  0.4498240E-02
   0.4298933E+05  0.3906773E+05  0.4396930E-02
   0.4339261E+05  0.3947101E+05  0.4290800E-02
   0.4379589E+05  0.3987429E+05  0.4204840E-02
   0.4419917E+05  0.4027757E+05  0.4135110E-02
