   0.1822812E+05  0.1569312E+05  0.2663250E-05
   0.1838943E+05  0.1585443E+05  0.4264710E-04
   0.1879271E+05  0.1625771E+05  0.1339100E-02
   0.1919599E+05  0.1666099E+05  0.3394790E-02
   0.1959927E+05  0.1706427E+05  0.4735040E-02
   0.2000254E+05  0.1746754E+05  0.5970440E-02
   0.2040582E+05  0.1787082E+05  0.7595320E-02
   0.2080910E+05  0.1827410E+05  0.9279800E-02
   0.2121237E+05  0.1867737E+05  0.1121880E-01
   0.2161565E+05  0.1908065E+05  0.1272320E-01
   0.2201893E+05  0.1948393E+05  0.1469640E-01
   0.2242220E+05  0.1988720E+05  0.1676380E-01
   0.2282548E+05  0.2029048E+05  0.1924700E-01
   0.2322876E+05  0.2069376E+05  0.2268820E-01
   0.2363204E+05  0.2109704E+05  0.2556800E-01
   0.2403531E+05  0.2150031E+05  0.2760460E-01
   0.2443859E+05  0.2190359E+05  0.2988610E-01
   0.2484187E+05  0.2230687E+05  0.3221320E-01
   0.2524514E+05  0.2271014E+05  0.3442980E-01
   0.2564842E+05  0.2311342E+05  0.3706910E-01
   0.2605170E+05  0.2351670E+05  0.3823370E-01
   0.2645497E+05  0.2391997E+05  0.3836340E-01
   0.2685825E+05  0.2432325E+05  0.3866190E-01
   0.2726153E+05  0.2472653E+05  0.3930170E-01
   0.2766481E+05  0.2512981E+05  0.3911440E-01
   0.2806808E+05  0.2553308E+05  0.3826110E-01
   0.2847136E+05  0.2593636E+05  0.3661170E-01
   0.2887464E+05  0.2633964E+05  0.3515960E-01
   0.2927791E+05  0.2674291E+05  0.3395650E-01
   0.2968119E+05  0.2714619E+05  0.3305030E-01
   0.3008447E+05  0.2754947E+05  0.3248880E-01
   0.3048775E+05  0.2795275E+05  0.3091540E-01
   0.3089102E+05  0.2835602E+05  0.2923240E-01
   0.3129430E+05  0.2875930E+05  0.2768870E-01
   0.3169758E+05  0.2916258E+05  0.2680100E-01
   0.3210085E+05  0.2956585E+05  0.2590830E-01
   0.3250413E+05  0.2996913E+05  0.2465300E-01
   0.3290741E+05  0.3037241E+05  0.2335300E-01
   0.3331068E+05  0.3077568E+05  0.2226830E-01
   0.3371396E+05  0.3117896E+05  0.2123010E-01
   0.3411724E+05  0.3158224E+05  0.2027440E-01
   0.3452052E+05  0.3198552E+05  0.1950510E-01
   0.3492379E+05  0.3238879E+05  0.1875930E-01
   0.3532707E+05  0.3279207E+05  0.1794490E-01
   0.3573035E+05  0.3319535E+05  0.1717880E-01
   0.3613362E+05  0.3359862E+05  0.1649790E-01
   0.3653690E+05  0.3400190E+05  0.1587930E-01
   0.3694018E+05  0.3440518E+05  0.1532670E-01
   0.3734346E+05  0.3480846E+05  0.1479040E-01
   0.3774673E+05  0.3521173E+05  0.1433190E-01
   0.3815001E+05  0.3561501E+05  0.1389360E-01
   0.3855329E+05  0.3601829E+05  0.1348320E-01
   0.3895656E+05  0.3642156E+05  0.1315190E-01
   0.3935984E+05  0.3682484E+05  0.1279100E-01
   0.3976312E+05  0.3722812E+05  0.1250800E-01
   0.4016639E+05  0.3763139E+05  0.1222240E-01
   0.4056967E+05  0.3803467E+05  0.1184450E-01
   0.4097295E+05  0.3843795E+05  0.1157190E-01
   0.4137623E+05  0.3884123E+05  0.1133170E-01
   0.4177950E+05  0.3924450E+05  0.1107590E-01
   0.4218278E+05  0.3964778E+05  0.1085080E-01
   0.4258606E+05  0.4005106E+05  0.1063530E-01
   0.4298933E+05  0.4045433E+05  0.1043900E-01
   0.4339261E+05  0.4085761E+05  0.1014480E-01
   0.4379589E+05  0.4126089E+05  0.9950130E-02
   0.4419917E+05  0.4166417E+05  0.9686880E-02
