   0.2201893E+05  0.1866903E+05  0.5470500E-04
   0.2242220E+05  0.1907230E+05  0.7166280E-03
   0.2282548E+05  0.1947558E+05  0.1811480E-02
   0.2322876E+05  0.1987886E+05  0.3188560E-02
   0.2363204E+05  0.2028214E+05  0.4534170E-02
   0.2403531E+05  0.2068541E+05  0.5451160E-02
   0.2443859E+05  0.2108869E+05  0.6385700E-02
   0.2484187E+05  0.2149197E+05  0.7354090E-02
   0.2524514E+05  0.2189524E+05  0.8464500E-02
   0.2564842E+05  0.2229852E+05  0.9810440E-02
   0.2605170E+05  0.2270180E+05  0.1130660E-01
   0.2645497E+05  0.2310507E+05  0.1250240E-01
   0.2685825E+05  0.2350835E+05  0.1312190E-01
   0.2726153E+05  0.2391163E+05  0.1376870E-01
   0.2766481E+05  0.2431491E+05  0.1446480E-01
   0.2806808E+05  0.2471818E+05  0.1488930E-01
   0.2847136E+05  0.2512146E+05  0.1531970E-01
   0.2887464E+05  0.2552474E+05  0.1589460E-01
   0.2927791E+05  0.2592801E+05  0.1629070E-01
   0.2968119E+05  0.2633129E+05  0.1655170E-01
   0.3008447E+05  0.2673457E+05  0.1674510E-01
   0.3048775E+05  0.2713785E+05  0.1672000E-01
   0.3089102E+05  0.2754112E+05  0.1676630E-01
   0.3129430E+05  0.2794440E+05  0.1651270E-01
   0.3169758E+05  0.2834768E+05  0.1614500E-01
   0.3210085E+05  0.2875095E+05  0.1582740E-01
   0.3250413E+05  0.2915423E+05  0.1557470E-01
   0.3290741E+05  0.2955751E+05  0.1555020E-01
   0.3331068E+05  0.2996078E+05  0.1563410E-01
   0.3371396E+05  0.3036406E+05  0.1567830E-01
   0.3411724E+05  0.3076734E+05  0.1556760E-01
   0.3452052E+05  0.3117062E+05  0.1535710E-01
   0.3492379E+05  0.3157389E+05  0.1505150E-01
   0.3532707E+05  0.3197717E+05  0.1469400E-01
   0.3573035E+05  0.3238045E+05  0.1426670E-01
   0.3613362E+05  0.3278372E+05  0.1382120E-01
   0.3653690E+05  0.3318700E+05  0.1340050E-01
   0.3694018E+05  0.3359028E+05  0.1306380E-01
   0.3734346E+05  0.3399356E+05  0.1273660E-01
   0.3774673E+05  0.3439683E+05  0.1252550E-01
   0.3815001E+05  0.3480011E+05  0.1231360E-01
   0.3855329E+05  0.3520339E+05  0.1210920E-01
   0.3895656E+05  0.3560666E+05  0.1195220E-01
   0.3935984E+05  0.3600994E+05  0.1181840E-01
   0.3976312E+05  0.3641322E+05  0.1159450E-01
   0.4016639E+05  0.3681649E+05  0.1140000E-01
   0.4056967E+05  0.3721977E+05  0.1117460E-01
   0.4097295E+05  0.3762305E+05  0.1093640E-01
   0.4137623E+05  0.3802633E+05  0.1069150E-01
   0.4177950E+05  0.3842960E+05  0.1050840E-01
   0.4218278E+05  0.3883288E+05  0.1033050E-01
   0.4258606E+05  0.3923616E+05  0.1022610E-01
   0.4298933E+05  0.3963943E+05  0.1011410E-01
   0.4339261E+05  0.4004271E+05  0.9926260E-02
   0.4379589E+05  0.4044599E+05  0.9897870E-02
   0.4419917E+05  0.4084927E+05  0.9775590E-02
