   0.7097676E+04  0.4798676E+04  0.1221610E-04
   0.7258987E+04  0.4959987E+04  0.1561870E-04
   0.7420298E+04  0.5121298E+04  0.3877970E-04
   0.7581609E+04  0.5282609E+04  0.1716820E-03
   0.7742920E+04  0.5443920E+04  0.8413570E-03
   0.7904230E+04  0.5605230E+04  0.2880600E-02
   0.8065541E+04  0.5766541E+04  0.5863340E-02
   0.8226852E+04  0.5927852E+04  0.8893740E-02
   0.8388163E+04  0.6089163E+04  0.1220250E-01
   0.8549474E+04  0.6250474E+04  0.1644450E-01
   0.8710784E+04  0.6411784E+04  0.2205340E-01
   0.8872095E+04  0.6573095E+04  0.2849560E-01
   0.9033406E+04  0.6734406E+04  0.3449240E-01
   0.9194717E+04  0.6895717E+04  0.4050750E-01
   0.9356028E+04  0.7057028E+04  0.4627710E-01
   0.9517339E+04  0.7218339E+04  0.5116280E-01
   0.9678649E+04  0.7379649E+04  0.5508940E-01
   0.9839960E+04  0.7540960E+04  0.5786050E-01
   0.1000127E+05  0.7702271E+04  0.6031190E-01
   0.1016258E+05  0.7863582E+04  0.6288000E-01
   0.1032389E+05  0.8024893E+04  0.6579510E-01
   0.1048520E+05  0.8186203E+04  0.6924450E-01
   0.1064651E+05  0.8347514E+04  0.7332570E-01
   0.1080783E+05  0.8508825E+04  0.7806260E-01
   0.1096914E+05  0.8670136E+04  0.8250890E-01
   0.1113045E+05  0.8831447E+04  0.8524650E-01
   0.1129176E+05  0.8992758E+04  0.8743690E-01
   0.1145307E+05  0.9154068E+04  0.8952180E-01
   0.1161438E+05  0.9315379E+04  0.9177640E-01
   0.1177569E+05  0.9476690E+04  0.9335110E-01
   0.1193700E+05  0.9638001E+04  0.9526640E-01
   0.1209831E+05  0.9799312E+04  0.9638120E-01
   0.1225962E+05  0.9960623E+04  0.9797730E-01
   0.1242093E+05  0.1012193E+05  0.9920940E-01
   0.1258224E+05  0.1028324E+05  0.9996480E-01
   0.1274356E+05  0.1044456E+05  0.1010750E+00
   0.1290487E+05  0.1060587E+05  0.1019100E+00
   0.1306618E+05  0.1076718E+05  0.1024660E+00
   0.1322749E+05  0.1092849E+05  0.1030080E+00
   0.1338880E+05  0.1108980E+05  0.1035900E+00
   0.1355011E+05  0.1125111E+05  0.1039970E+00
   0.1371142E+05  0.1141242E+05  0.1044110E+00
   0.1387273E+05  0.1157373E+05  0.1050580E+00
   0.1403404E+05  0.1173504E+05  0.1058670E+00
   0.1419535E+05  0.1189635E+05  0.1067810E+00
   0.1435666E+05  0.1205766E+05  0.1074510E+00
   0.1451797E+05  0.1221897E+05  0.1083040E+00
   0.1467928E+05  0.1238028E+05  0.1093590E+00
   0.1484060E+05  0.1254160E+05  0.1104420E+00
   0.1500191E+05  0.1270291E+05  0.1113250E+00
   0.1516322E+05  0.1286422E+05  0.1122930E+00
   0.1532453E+05  0.1302553E+05  0.1134330E+00
   0.1548584E+05  0.1318684E+05  0.1145180E+00
   0.1564715E+05  0.1334815E+05  0.1154670E+00
   0.1580846E+05  0.1350946E+05  0.1162960E+00
   0.1596977E+05  0.1367077E+05  0.1171560E+00
   0.1613108E+05  0.1383208E+05  0.1181650E+00
   0.1629239E+05  0.1399339E+05  0.1194980E+00
   0.1645370E+05  0.1415470E+05  0.1207500E+00
   0.1661501E+05  0.1431601E+05  0.1219160E+00
   0.1677633E+05  0.1447733E+05  0.1231480E+00
   0.1693764E+05  0.1463864E+05  0.1244400E+00
   0.1709895E+05  0.1479995E+05  0.1258530E+00
   0.1726026E+05  0.1496126E+05  0.1277810E+00
   0.1742157E+05  0.1512257E+05  0.1298410E+00
   0.1758288E+05  0.1528388E+05  0.1315510E+00
   0.1774419E+05  0.1544519E+05  0.1333350E+00
   0.1790550E+05  0.1560650E+05  0.1350660E+00
   0.1806681E+05  0.1576781E+05  0.1370680E+00
   0.1822812E+05  0.1592912E+05  0.1394240E+00
   0.1838943E+05  0.1609043E+05  0.1415110E+00
   0.1879271E+05  0.1649371E+05  0.1466100E+00
   0.1919599E+05  0.1689699E+05  0.1508740E+00
   0.1959927E+05  0.1730027E+05  0.1531190E+00
   0.2000254E+05  0.1770354E+05  0.1565620E+00
   0.2040582E+05  0.1810682E+05  0.1606260E+00
   0.2080910E+05  0.1851010E+05  0.1654350E+00
   0.2121237E+05  0.1891337E+05  0.1715590E+00
   0.2161565E+05  0.1931665E+05  0.1768470E+00
   0.2201893E+05  0.1971993E+05  0.1831420E+00
   0.2242220E+05  0.2012320E+05  0.1865830E+00
   0.2282548E+05  0.2052648E+05  0.1897140E+00
   0.2322876E+05  0.2092976E+05  0.1926300E+00
   0.2363204E+05  0.2133304E+05  0.1947490E+00
   0.2403531E+05  0.2173631E+05  0.1996750E+00
   0.2443859E+05  0.2213959E+05  0.2041480E+00
   0.2484187E+05  0.2254287E+05  0.2066170E+00
   0.2524514E+05  0.2294614E+05  0.2105270E+00
   0.2564842E+05  0.2334942E+05  0.2117710E+00
   0.2605170E+05  0.2375270E+05  0.2163780E+00
   0.2645497E+05  0.2415597E+05  0.2194500E+00
   0.2685825E+05  0.2455925E+05  0.2230350E+00
   0.2726153E+05  0.2496253E+05  0.2259810E+00
   0.2766481E+05  0.2536581E+05  0.2275820E+00
   0.2806808E+05  0.2576908E+05  0.2292520E+00
   0.2847136E+05  0.2617236E+05  0.2319170E+00
   0.2887464E+05  0.2657564E+05  0.2348710E+00
   0.2927791E+05  0.2697891E+05  0.2376410E+00
   0.2968119E+05  0.2738219E+05  0.2394170E+00
   0.3008447E+05  0.2778547E+05  0.2401530E+00
   0.3048775E+05  0.2818875E+05  0.2419090E+00
   0.3089102E+05  0.2859202E+05  0.2455150E+00
   0.3129430E+05  0.2899530E+05  0.2495490E+00
   0.3169758E+05  0.2939858E+05  0.2516120E+00
   0.3210085E+05  0.2980185E+05  0.2515210E+00
   0.3250413E+05  0.3020513E+05  0.2516040E+00
   0.3290741E+05  0.3060841E+05  0.2534310E+00
   0.3331068E+05  0.3101168E+05  0.2549000E+00
   0.3371396E+05  0.3141496E+05  0.2559680E+00
   0.3411724E+05  0.3181824E+05  0.2575210E+00
   0.3452052E+05  0.3222152E+05  0.2589290E+00
   0.3492379E+05  0.3262479E+05  0.2598070E+00
   0.3532707E+05  0.3302807E+05  0.2603460E+00
   0.3573035E+05  0.3343135E+05  0.2607660E+00
   0.3613362E+05  0.3383462E+05  0.2611490E+00
   0.3653690E+05  0.3423790E+05  0.2619010E+00
   0.3694018E+05  0.3464118E+05  0.2626600E+00
   0.3734346E+05  0.3504446E+05  0.2634130E+00
   0.3774673E+05  0.3544773E+05  0.2639390E+00
   0.3815001E+05  0.3585101E+05  0.2644510E+00
   0.3855329E+05  0.3625429E+05  0.2649960E+00
   0.3895656E+05  0.3665756E+05  0.2654050E+00
   0.3935984E+05  0.3706084E+05  0.2654970E+00
   0.3976312E+05  0.3746412E+05  0.2658820E+00
   0.4016639E+05  0.3786739E+05  0.2656810E+00
   0.4056967E+05  0.3827067E+05  0.2655720E+00
   0.4097295E+05  0.3867395E+05  0.2658020E+00
   0.4137623E+05  0.3907723E+05  0.2660310E+00
   0.4177950E+05  0.3948050E+05  0.2664420E+00
   0.4218278E+05  0.3988378E+05  0.2667380E+00
   0.4258606E+05  0.4028706E+05  0.2668250E+00
   0.4298933E+05  0.4069033E+05  0.2668150E+00
   0.4339261E+05  0.4109361E+05  0.2665450E+00
   0.4379589E+05  0.4149689E+05  0.2666600E+00
   0.4419917E+05  0.4190017E+05  0.2663380E+00
