   0.1548584E+05  0.1011614E+05  0.7700850E-05
   0.1564715E+05  0.1027745E+05  0.7796830E-04
   0.1580846E+05  0.1043876E+05  0.3152090E-03
   0.1596977E+05  0.1060007E+05  0.8409440E-03
   0.1613108E+05  0.1076138E+05  0.1701600E-02
   0.1629239E+05  0.1092269E+05  0.2841910E-02
   0.1645370E+05  0.1108400E+05  0.4191030E-02
   0.1661501E+05  0.1124531E+05  0.5674570E-02
   0.1677633E+05  0.1140663E+05  0.7226160E-02
   0.1693764E+05  0.1156794E+05  0.8782640E-02
   0.1709895E+05  0.1172925E+05  0.1031060E-01
   0.1726026E+05  0.1189056E+05  0.1177450E-01
   0.1742157E+05  0.1205187E+05  0.1319190E-01
   0.1758288E+05  0.1221318E+05  0.1446080E-01
   0.1774419E+05  0.1237449E+05  0.1579700E-01
   0.1790550E+05  0.1253580E+05  0.1727400E-01
   0.1806681E+05  0.1269711E+05  0.1864400E-01
   0.1822812E+05  0.1285842E+05  0.1998950E-01
   0.1838943E+05  0.1301973E+05  0.2144600E-01
   0.1879271E+05  0.1342301E+05  0.2540950E-01
   0.1919599E+05  0.1382629E+05  0.2875590E-01
   0.1959927E+05  0.1422957E+05  0.3261350E-01
   0.2000254E+05  0.1463284E+05  0.3657320E-01
   0.2040582E+05  0.1503612E+05  0.4018170E-01
   0.2080910E+05  0.1543940E+05  0.4296330E-01
   0.2121237E+05  0.1584267E+05  0.4545810E-01
   0.2161565E+05  0.1624595E+05  0.4759960E-01
   0.2201893E+05  0.1664923E+05  0.5046750E-01
   0.2242220E+05  0.1705250E+05  0.5285330E-01
   0.2282548E+05  0.1745578E+05  0.5431270E-01
   0.2322876E+05  0.1785906E+05  0.5573050E-01
   0.2363204E+05  0.1826234E+05  0.5759350E-01
   0.2403531E+05  0.1866561E+05  0.5910190E-01
   0.2443859E+05  0.1906889E+05  0.6093690E-01
   0.2484187E+05  0.1947217E+05  0.6187920E-01
   0.2524514E+05  0.1987544E+05  0.6268150E-01
   0.2564842E+05  0.2027872E+05  0.6307400E-01
   0.2605170E+05  0.2068200E+05  0.6340320E-01
   0.2645497E+05  0.2108527E+05  0.6339920E-01
   0.2685825E+05  0.2148855E+05  0.6353210E-01
   0.2726153E+05  0.2189183E+05  0.6459180E-01
   0.2766481E+05  0.2229511E+05  0.6534120E-01
   0.2806808E+05  0.2269838E+05  0.6587320E-01
   0.2847136E+05  0.2310166E+05  0.6636160E-01
   0.2887464E+05  0.2350494E+05  0.6633090E-01
   0.2927791E+05  0.2390821E+05  0.6652450E-01
   0.2968119E+05  0.2431149E+05  0.6668130E-01
   0.3008447E+05  0.2471477E+05  0.6691470E-01
   0.3048775E+05  0.2511805E+05  0.6701310E-01
   0.3089102E+05  0.2552132E+05  0.6718970E-01
   0.3129430E+05  0.2592460E+05  0.6719080E-01
   0.3169758E+05  0.2632788E+05  0.6707230E-01
   0.3210085E+05  0.2673115E+05  0.6715370E-01
   0.3250413E+05  0.2713443E+05  0.6736740E-01
   0.3290741E+05  0.2753771E+05  0.6765730E-01
   0.3331068E+05  0.2794098E+05  0.6793570E-01
   0.3371396E+05  0.2834426E+05  0.6819720E-01
   0.3411724E+05  0.2874754E+05  0.6809680E-01
   0.3452052E+05  0.2915082E+05  0.6788970E-01
   0.3492379E+05  0.2955409E+05  0.6769990E-01
   0.3532707E+05  0.2995737E+05  0.6772480E-01
   0.3573035E+05  0.3036065E+05  0.6793460E-01
   0.3613362E+05  0.3076392E+05  0.6813920E-01
   0.3653690E+05  0.3116720E+05  0.6826760E-01
   0.3694018E+05  0.3157048E+05  0.6834370E-01
   0.3734346E+05  0.3197376E+05  0.6840350E-01
   0.3774673E+05  0.3237703E+05  0.6850960E-01
   0.3815001E+05  0.3278031E+05  0.6870770E-01
   0.3855329E+05  0.3318359E+05  0.6882770E-01
   0.3895656E+05  0.3358686E+05  0.6895350E-01
   0.3935984E+05  0.3399014E+05  0.6893490E-01
   0.3976312E+05  0.3439342E+05  0.6897400E-01
   0.4016639E+05  0.3479669E+05  0.6903080E-01
   0.4056967E+05  0.3519997E+05  0.6914180E-01
   0.4097295E+05  0.3560325E+05  0.6918850E-01
   0.4137623E+05  0.3600653E+05  0.6935040E-01
   0.4177950E+05  0.3640980E+05  0.6953450E-01
   0.4218278E+05  0.3681308E+05  0.6976650E-01
   0.4258606E+05  0.3721636E+05  0.6984170E-01
   0.4298933E+05  0.3761963E+05  0.7012080E-01
   0.4339261E+05  0.3802291E+05  0.7047880E-01
   0.4379589E+05  0.3842619E+05  0.7074690E-01
   0.4419917E+05  0.3882947E+05  0.7101690E-01
