   0.1145307E+05  0.3238368E+04  0.6976060E-06
   0.1161438E+05  0.3399679E+04  0.1925130E-05
   0.1177569E+05  0.3560990E+04  0.7353430E-05
   0.1193700E+05  0.3722301E+04  0.1931270E-04
   0.1209831E+05  0.3883612E+04  0.4581550E-04
   0.1225962E+05  0.4044923E+04  0.1104770E-03
   0.1242093E+05  0.4206233E+04  0.2346550E-03
   0.1258224E+05  0.4367544E+04  0.4279800E-03
   0.1274356E+05  0.4528855E+04  0.6952480E-03
   0.1290487E+05  0.4690166E+04  0.1074850E-02
   0.1306618E+05  0.4851477E+04  0.1563200E-02
   0.1322749E+05  0.5012787E+04  0.2182480E-02
   0.1338880E+05  0.5174098E+04  0.2892850E-02
   0.1355011E+05  0.5335409E+04  0.3596210E-02
   0.1371142E+05  0.5496720E+04  0.4256540E-02
   0.1387273E+05  0.5658031E+04  0.4835190E-02
   0.1403404E+05  0.5819342E+04  0.5327190E-02
   0.1419535E+05  0.5980652E+04  0.5767550E-02
   0.1435666E+05  0.6141963E+04  0.6170540E-02
   0.1451797E+05  0.6303274E+04  0.6570770E-02
   0.1467928E+05  0.6464585E+04  0.7012580E-02
   0.1484060E+05  0.6625896E+04  0.7550500E-02
   0.1500191E+05  0.6787207E+04  0.8213330E-02
   0.1516322E+05  0.6948517E+04  0.8986520E-02
   0.1532453E+05  0.7109828E+04  0.9790560E-02
   0.1548584E+05  0.7271139E+04  0.1056110E-01
   0.1564715E+05  0.7432450E+04  0.1131560E-01
   0.1580846E+05  0.7593761E+04  0.1205430E-01
   0.1596977E+05  0.7755071E+04  0.1270270E-01
   0.1613108E+05  0.7916382E+04  0.1331760E-01
   0.1629239E+05  0.8077693E+04  0.1389330E-01
   0.1645370E+05  0.8239004E+04  0.1445520E-01
   0.1661501E+05  0.8400315E+04  0.1515300E-01
   0.1677633E+05  0.8561626E+04  0.1605150E-01
   0.1693764E+05  0.8722936E+04  0.1693780E-01
   0.1709895E+05  0.8884247E+04  0.1774250E-01
   0.1726026E+05  0.9045558E+04  0.1854260E-01
   0.1742157E+05  0.9206869E+04  0.1919240E-01
   0.1758288E+05  0.9368180E+04  0.1992170E-01
   0.1774419E+05  0.9529491E+04  0.2072640E-01
   0.1790550E+05  0.9690801E+04  0.2113240E-01
   0.1806681E+05  0.9852112E+04  0.2159810E-01
   0.1822812E+05  0.1001342E+05  0.2210280E-01
   0.1838943E+05  0.1017473E+05  0.2292350E-01
   0.1879271E+05  0.1057801E+05  0.2508490E-01
   0.1919599E+05  0.1098129E+05  0.2682490E-01
   0.1959927E+05  0.1138457E+05  0.2855780E-01
   0.2000254E+05  0.1178784E+05  0.2947950E-01
   0.2040582E+05  0.1219112E+05  0.3008850E-01
   0.2080910E+05  0.1259440E+05  0.3102900E-01
   0.2121237E+05  0.1299767E+05  0.3175220E-01
   0.2161565E+05  0.1340095E+05  0.3301570E-01
   0.2201893E+05  0.1380423E+05  0.3462730E-01
   0.2242220E+05  0.1420750E+05  0.3458630E-01
   0.2282548E+05  0.1461078E+05  0.3466640E-01
   0.2322876E+05  0.1501406E+05  0.3446620E-01
   0.2363204E+05  0.1541734E+05  0.3406660E-01
   0.2403531E+05  0.1582061E+05  0.3452910E-01
   0.2443859E+05  0.1622389E+05  0.3503250E-01
   0.2484187E+05  0.1662717E+05  0.3542890E-01
   0.2524514E+05  0.1703044E+05  0.3526380E-01
   0.2564842E+05  0.1743372E+05  0.3499480E-01
   0.2605170E+05  0.1783700E+05  0.3469880E-01
   0.2645497E+05  0.1824027E+05  0.3422370E-01
   0.2685825E+05  0.1864355E+05  0.3370880E-01
   0.2726153E+05  0.1904683E+05  0.3348430E-01
   0.2766481E+05  0.1945011E+05  0.3315460E-01
   0.2806808E+05  0.1985338E+05  0.3292010E-01
   0.2847136E+05  0.2025666E+05  0.3261950E-01
   0.2887464E+05  0.2065994E+05  0.3199690E-01
   0.2927791E+05  0.2106321E+05  0.3130980E-01
   0.2968119E+05  0.2146649E+05  0.3097490E-01
   0.3008447E+05  0.2186977E+05  0.3068910E-01
   0.3048775E+05  0.2227305E+05  0.3014080E-01
   0.3089102E+05  0.2267632E+05  0.2954390E-01
   0.3129430E+05  0.2307960E+05  0.2914230E-01
   0.3169758E+05  0.2348288E+05  0.2876320E-01
   0.3210085E+05  0.2388615E+05  0.2842620E-01
   0.3250413E+05  0.2428943E+05  0.2818510E-01
   0.3290741E+05  0.2469271E+05  0.2781640E-01
   0.3331068E+05  0.2509598E+05  0.2739270E-01
   0.3371396E+05  0.2549926E+05  0.2702030E-01
   0.3411724E+05  0.2590254E+05  0.2676810E-01
   0.3452052E+05  0.2630582E+05  0.2653260E-01
   0.3492379E+05  0.2670909E+05  0.2622010E-01
   0.3532707E+05  0.2711237E+05  0.2589130E-01
   0.3573035E+05  0.2751565E+05  0.2552970E-01
   0.3613362E+05  0.2791892E+05  0.2516710E-01
   0.3653690E+05  0.2832220E+05  0.2487080E-01
   0.3694018E+05  0.2872548E+05  0.2462290E-01
   0.3734346E+05  0.2912876E+05  0.2436420E-01
   0.3774673E+05  0.2953203E+05  0.2413510E-01
   0.3815001E+05  0.2993531E+05  0.2389670E-01
   0.3855329E+05  0.3033859E+05  0.2368630E-01
   0.3895656E+05  0.3074186E+05  0.2354810E-01
   0.3935984E+05  0.3114514E+05  0.2339930E-01
   0.3976312E+05  0.3154842E+05  0.2328450E-01
   0.4016639E+05  0.3195169E+05  0.2311490E-01
   0.4056967E+05  0.3235497E+05  0.2293740E-01
   0.4097295E+05  0.3275825E+05  0.2273330E-01
   0.4137623E+05  0.3316153E+05  0.2258130E-01
   0.4177950E+05  0.3356480E+05  0.2244690E-01
   0.4218278E+05  0.3396808E+05  0.2230210E-01
   0.4258606E+05  0.3437136E+05  0.2221330E-01
   0.4298933E+05  0.3477463E+05  0.2212780E-01
   0.4339261E+05  0.3517791E+05  0.2204480E-01
   0.4379589E+05  0.3558119E+05  0.2190890E-01
   0.4419917E+05  0.3598447E+05  0.2184610E-01
