   0.1919599E+05  0.7486988E+04  0.5204190E-03
   0.1959927E+05  0.7890265E+04  0.4000460E-02
   0.2000254E+05  0.8293542E+04  0.8377610E-02
   0.2040582E+05  0.8696819E+04  0.9794180E-02
   0.2080910E+05  0.9100096E+04  0.9975700E-02
   0.2121237E+05  0.9503373E+04  0.1087960E-01
   0.2161565E+05  0.9906650E+04  0.1274730E-01
   0.2201893E+05  0.1030993E+05  0.1412440E-01
   0.2242220E+05  0.1071320E+05  0.1666620E-01
   0.2282548E+05  0.1111648E+05  0.1958950E-01
   0.2322876E+05  0.1151976E+05  0.2366360E-01
   0.2363204E+05  0.1192304E+05  0.2828000E-01
   0.2403531E+05  0.1232631E+05  0.3333120E-01
   0.2443859E+05  0.1272959E+05  0.3703040E-01
   0.2484187E+05  0.1313287E+05  0.4101610E-01
   0.2524514E+05  0.1353614E+05  0.4426670E-01
   0.2564842E+05  0.1393942E+05  0.4677380E-01
   0.2605170E+05  0.1434270E+05  0.4911490E-01
   0.2645497E+05  0.1474597E+05  0.5081250E-01
   0.2685825E+05  0.1514925E+05  0.5255750E-01
   0.2726153E+05  0.1555253E+05  0.5410700E-01
   0.2766481E+05  0.1595581E+05  0.5610300E-01
   0.2806808E+05  0.1635908E+05  0.5728940E-01
   0.2847136E+05  0.1676236E+05  0.5895760E-01
   0.2887464E+05  0.1716564E+05  0.5995480E-01
   0.2927791E+05  0.1756891E+05  0.6043380E-01
   0.2968119E+05  0.1797219E+05  0.6177630E-01
   0.3008447E+05  0.1837547E+05  0.6317040E-01
   0.3048775E+05  0.1877875E+05  0.6432830E-01
   0.3089102E+05  0.1918202E+05  0.6545790E-01
   0.3129430E+05  0.1958530E+05  0.6654320E-01
   0.3169758E+05  0.1998858E+05  0.6706670E-01
   0.3210085E+05  0.2039185E+05  0.6754440E-01
   0.3250413E+05  0.2079513E+05  0.6809350E-01
   0.3290741E+05  0.2119841E+05  0.6844790E-01
   0.3331068E+05  0.2160168E+05  0.6857940E-01
   0.3371396E+05  0.2200496E+05  0.6876570E-01
   0.3411724E+05  0.2240824E+05  0.6895340E-01
   0.3452052E+05  0.2281152E+05  0.6888990E-01
   0.3492379E+05  0.2321479E+05  0.6855780E-01
   0.3532707E+05  0.2361807E+05  0.6816140E-01
   0.3573035E+05  0.2402135E+05  0.6777420E-01
   0.3613362E+05  0.2442462E+05  0.6720220E-01
   0.3653690E+05  0.2482790E+05  0.6656190E-01
   0.3694018E+05  0.2523118E+05  0.6601740E-01
   0.3734346E+05  0.2563446E+05  0.6568010E-01
   0.3774673E+05  0.2603773E+05  0.6536010E-01
   0.3815001E+05  0.2644101E+05  0.6508300E-01
   0.3855329E+05  0.2684429E+05  0.6476600E-01
   0.3895656E+05  0.2724756E+05  0.6454660E-01
   0.3935984E+05  0.2765084E+05  0.6447680E-01
   0.3976312E+05  0.2805412E+05  0.6442900E-01
   0.4016639E+05  0.2845739E+05  0.6435680E-01
   0.4056967E+05  0.2886067E+05  0.6436210E-01
   0.4097295E+05  0.2926395E+05  0.6435990E-01
   0.4137623E+05  0.2966723E+05  0.6427270E-01
   0.4177950E+05  0.3007050E+05  0.6424950E-01
   0.4218278E+05  0.3047378E+05  0.6407910E-01
   0.4258606E+05  0.3087706E+05  0.6388780E-01
   0.4298933E+05  0.3128033E+05  0.6361840E-01
   0.4339261E+05  0.3168361E+05  0.6321640E-01
   0.4379589E+05  0.3208689E+05  0.6288250E-01
   0.4419917E+05  0.3249017E+05  0.6239100E-01
