   0.1879271E+05  0.2987109E+03  0.2566680E-03
   0.1919599E+05  0.7019879E+03  0.3915330E-02
   0.1959927E+05  0.1105265E+04  0.1390840E-01
   0.2000254E+05  0.1508542E+04  0.2677290E-01
   0.2040582E+05  0.1911819E+04  0.4503000E-01
   0.2080910E+05  0.2315096E+04  0.6064530E-01
   0.2121237E+05  0.2718373E+04  0.7642190E-01
   0.2161565E+05  0.3121650E+04  0.8857760E-01
   0.2201893E+05  0.3524927E+04  0.9561340E-01
   0.2242220E+05  0.3928204E+04  0.9957950E-01
   0.2282548E+05  0.4331481E+04  0.9921550E-01
   0.2322876E+05  0.4734759E+04  0.9868790E-01
   0.2363204E+05  0.5138036E+04  0.9492730E-01
   0.2403531E+05  0.5541313E+04  0.8952000E-01
   0.2443859E+05  0.5944590E+04  0.8622570E-01
   0.2484187E+05  0.6347867E+04  0.8274530E-01
   0.2524514E+05  0.6751144E+04  0.7870270E-01
   0.2564842E+05  0.7154421E+04  0.7533090E-01
   0.2605170E+05  0.7557698E+04  0.7255560E-01
   0.2645497E+05  0.7960975E+04  0.7101500E-01
   0.2685825E+05  0.8364252E+04  0.6977540E-01
   0.2726153E+05  0.8767529E+04  0.6803840E-01
   0.2766481E+05  0.9170806E+04  0.6641530E-01
   0.2806808E+05  0.9574083E+04  0.6458270E-01
   0.2847136E+05  0.9977360E+04  0.6318890E-01
   0.2887464E+05  0.1038064E+05  0.6246610E-01
   0.2927791E+05  0.1078391E+05  0.6173800E-01
   0.2968119E+05  0.1118719E+05  0.6086190E-01
   0.3008447E+05  0.1159047E+05  0.6032540E-01
   0.3048775E+05  0.1199375E+05  0.5973430E-01
   0.3089102E+05  0.1239702E+05  0.5907520E-01
   0.3129430E+05  0.1280030E+05  0.5843070E-01
   0.3169758E+05  0.1320358E+05  0.5790730E-01
   0.3210085E+05  0.1360685E+05  0.5735450E-01
   0.3250413E+05  0.1401013E+05  0.5655850E-01
   0.3290741E+05  0.1441341E+05  0.5572890E-01
   0.3331068E+05  0.1481668E+05  0.5506960E-01
   0.3371396E+05  0.1521996E+05  0.5452740E-01
   0.3411724E+05  0.1562324E+05  0.5394310E-01
   0.3452052E+05  0.1602652E+05  0.5324490E-01
   0.3492379E+05  0.1642979E+05  0.5250340E-01
   0.3532707E+05  0.1683307E+05  0.5180080E-01
   0.3573035E+05  0.1723635E+05  0.5107580E-01
   0.3613362E+05  0.1763962E+05  0.5027840E-01
   0.3653690E+05  0.1804290E+05  0.4934630E-01
   0.3694018E+05  0.1844618E+05  0.4829140E-01
   0.3734346E+05  0.1884946E+05  0.4707190E-01
   0.3774673E+05  0.1925273E+05  0.4574100E-01
   0.3815001E+05  0.1965601E+05  0.4429940E-01
   0.3855329E+05  0.2005929E+05  0.4280060E-01
   0.3895656E+05  0.2046256E+05  0.4124530E-01
   0.3935984E+05  0.2086584E+05  0.3963340E-01
   0.3976312E+05  0.2126912E+05  0.3791410E-01
   0.4016639E+05  0.2167239E+05  0.3618780E-01
   0.4056967E+05  0.2207567E+05  0.3441890E-01
   0.4097295E+05  0.2247895E+05  0.3269350E-01
   0.4137623E+05  0.2288223E+05  0.3098650E-01
   0.4177950E+05  0.2328550E+05  0.2932120E-01
   0.4218278E+05  0.2368878E+05  0.2771250E-01
   0.4258606E+05  0.2409206E+05  0.2617640E-01
   0.4298933E+05  0.2449533E+05  0.2473400E-01
   0.4339261E+05  0.2489861E+05  0.2343780E-01
   0.4379589E+05  0.2530189E+05  0.2222790E-01
   0.4419917E+05  0.2570517E+05  0.2111270E-01
