   0.2443859E+05  0.8765590E+04  0.3083850E-03
   0.2484187E+05  0.9168867E+04  0.1355240E-02
   0.2524514E+05  0.9572144E+04  0.2000630E-02
   0.2564842E+05  0.9975421E+04  0.2973740E-02
   0.2605170E+05  0.1037870E+05  0.3839660E-02
   0.2645497E+05  0.1078197E+05  0.4289280E-02
   0.2685825E+05  0.1118525E+05  0.4787670E-02
   0.2726153E+05  0.1158853E+05  0.5316380E-02
   0.2766481E+05  0.1199181E+05  0.6110370E-02
   0.2806808E+05  0.1239508E+05  0.7332080E-02
   0.2847136E+05  0.1279836E+05  0.8877510E-02
   0.2887464E+05  0.1320164E+05  0.1087960E-01
   0.2927791E+05  0.1360491E+05  0.1308130E-01
   0.2968119E+05  0.1400819E+05  0.1558430E-01
   0.3008447E+05  0.1441147E+05  0.1769950E-01
   0.3048775E+05  0.1481475E+05  0.1962760E-01
   0.3089102E+05  0.1521802E+05  0.2151900E-01
   0.3129430E+05  0.1562130E+05  0.2311870E-01
   0.3169758E+05  0.1602458E+05  0.2456070E-01
   0.3210085E+05  0.1642785E+05  0.2569580E-01
   0.3250413E+05  0.1683113E+05  0.2660660E-01
   0.3290741E+05  0.1723441E+05  0.2758790E-01
   0.3331068E+05  0.1763768E+05  0.2855950E-01
   0.3371396E+05  0.1804096E+05  0.2927500E-01
   0.3411724E+05  0.1844424E+05  0.2966200E-01
   0.3452052E+05  0.1884752E+05  0.2990140E-01
   0.3492379E+05  0.1925079E+05  0.3012080E-01
   0.3532707E+05  0.1965407E+05  0.3021360E-01
   0.3573035E+05  0.2005735E+05  0.3011290E-01
   0.3613362E+05  0.2046062E+05  0.2990410E-01
   0.3653690E+05  0.2086390E+05  0.2970830E-01
   0.3694018E+05  0.2126718E+05  0.2955760E-01
   0.3734346E+05  0.2167046E+05  0.2951210E-01
   0.3774673E+05  0.2207373E+05  0.2949510E-01
   0.3815001E+05  0.2247701E+05  0.2948390E-01
   0.3855329E+05  0.2288029E+05  0.2939910E-01
   0.3895656E+05  0.2328356E+05  0.2932190E-01
   0.3935984E+05  0.2368684E+05  0.2917600E-01
   0.3976312E+05  0.2409012E+05  0.2889800E-01
   0.4016639E+05  0.2449339E+05  0.2862820E-01
   0.4056967E+05  0.2489667E+05  0.2845900E-01
   0.4097295E+05  0.2529995E+05  0.2815500E-01
   0.4137623E+05  0.2570323E+05  0.2794820E-01
   0.4177950E+05  0.2610650E+05  0.2783660E-01
   0.4218278E+05  0.2650978E+05  0.2758950E-01
   0.4258606E+05  0.2691306E+05  0.2739060E-01
   0.4298933E+05  0.2731633E+05  0.2711150E-01
   0.4339261E+05  0.2771961E+05  0.2683750E-01
   0.4379589E+05  0.2812289E+05  0.2650320E-01
   0.4419917E+05  0.2852617E+05  0.2621610E-01
