   0.2242220E+05  0.1420750E+05  0.4982960E-05
   0.2282548E+05  0.1461078E+05  0.2899320E-03
   0.2322876E+05  0.1501406E+05  0.1147370E-02
   0.2363204E+05  0.1541734E+05  0.2083570E-02
   0.2403531E+05  0.1582061E+05  0.3124150E-02
   0.2443859E+05  0.1622389E+05  0.4197500E-02
   0.2484187E+05  0.1662717E+05  0.5520110E-02
   0.2524514E+05  0.1703044E+05  0.7012510E-02
   0.2564842E+05  0.1743372E+05  0.8650810E-02
   0.2605170E+05  0.1783700E+05  0.1044270E-01
   0.2645497E+05  0.1824027E+05  0.1186170E-01
   0.2685825E+05  0.1864355E+05  0.1296240E-01
   0.2726153E+05  0.1904683E+05  0.1418630E-01
   0.2766481E+05  0.1945011E+05  0.1566050E-01
   0.2806808E+05  0.1985338E+05  0.1677710E-01
   0.2847136E+05  0.2025666E+05  0.1757230E-01
   0.2887464E+05  0.2065994E+05  0.1838940E-01
   0.2927791E+05  0.2106321E+05  0.1952980E-01
   0.2968119E+05  0.2146649E+05  0.2054090E-01
   0.3008447E+05  0.2186977E+05  0.2134820E-01
   0.3048775E+05  0.2227305E+05  0.2218850E-01
   0.3089102E+05  0.2267632E+05  0.2304190E-01
   0.3129430E+05  0.2307960E+05  0.2381220E-01
   0.3169758E+05  0.2348288E+05  0.2423220E-01
   0.3210085E+05  0.2388615E+05  0.2469740E-01
   0.3250413E+05  0.2428943E+05  0.2518410E-01
   0.3290741E+05  0.2469271E+05  0.2572300E-01
   0.3331068E+05  0.2509598E+05  0.2646700E-01
   0.3371396E+05  0.2549926E+05  0.2721070E-01
   0.3411724E+05  0.2590254E+05  0.2774440E-01
   0.3452052E+05  0.2630582E+05  0.2809720E-01
   0.3492379E+05  0.2670909E+05  0.2845490E-01
   0.3532707E+05  0.2711237E+05  0.2876020E-01
   0.3573035E+05  0.2751565E+05  0.2899740E-01
   0.3613362E+05  0.2791892E+05  0.2918530E-01
   0.3653690E+05  0.2832220E+05  0.2935450E-01
   0.3694018E+05  0.2872548E+05  0.2955720E-01
   0.3734346E+05  0.2912876E+05  0.2978190E-01
   0.3774673E+05  0.2953203E+05  0.3001980E-01
   0.3815001E+05  0.2993531E+05  0.3025800E-01
   0.3855329E+05  0.3033859E+05  0.3054640E-01
   0.3895656E+05  0.3074186E+05  0.3082940E-01
   0.3935984E+05  0.3114514E+05  0.3110580E-01
   0.3976312E+05  0.3154842E+05  0.3139750E-01
   0.4016639E+05  0.3195169E+05  0.3163370E-01
   0.4056967E+05  0.3235497E+05  0.3181600E-01
   0.4097295E+05  0.3275825E+05  0.3202530E-01
   0.4137623E+05  0.3316153E+05  0.3216390E-01
   0.4177950E+05  0.3356480E+05  0.3227410E-01
   0.4218278E+05  0.3396808E+05  0.3240560E-01
   0.4258606E+05  0.3437136E+05  0.3252720E-01
   0.4298933E+05  0.3477463E+05  0.3276440E-01
   0.4339261E+05  0.3517791E+05  0.3307390E-01
   0.4379589E+05  0.3558119E+05  0.3331000E-01
   0.4419917E+05  0.3598447E+05  0.3356100E-01
