   0.1064651E+05  0.8466114E+04  0.2305450E-05
   0.1080783E+05  0.8627425E+04  0.3369640E-04
   0.1096914E+05  0.8788736E+04  0.2684570E-03
   0.1113045E+05  0.8950047E+04  0.1054170E-02
   0.1129176E+05  0.9111358E+04  0.2300770E-02
   0.1145307E+05  0.9272668E+04  0.3893200E-02
   0.1161438E+05  0.9433979E+04  0.5522240E-02
   0.1177569E+05  0.9595290E+04  0.7391770E-02
   0.1193700E+05  0.9756601E+04  0.8963190E-02
   0.1209831E+05  0.9917912E+04  0.1077910E-01
   0.1225962E+05  0.1007922E+05  0.1211430E-01
   0.1242093E+05  0.1024053E+05  0.1330930E-01
   0.1258224E+05  0.1040184E+05  0.1424970E-01
   0.1274356E+05  0.1056316E+05  0.1494280E-01
   0.1290487E+05  0.1072447E+05  0.1570920E-01
   0.1306618E+05  0.1088578E+05  0.1648670E-01
   0.1322749E+05  0.1104709E+05  0.1716500E-01
   0.1338880E+05  0.1120840E+05  0.1791410E-01
   0.1355011E+05  0.1136971E+05  0.1875300E-01
   0.1371142E+05  0.1153102E+05  0.1965280E-01
   0.1387273E+05  0.1169233E+05  0.2071790E-01
   0.1403404E+05  0.1185364E+05  0.2192260E-01
   0.1419535E+05  0.1201495E+05  0.2316730E-01
   0.1435666E+05  0.1217626E+05  0.2368990E-01
   0.1451797E+05  0.1233757E+05  0.2394970E-01
   0.1467928E+05  0.1249888E+05  0.2448480E-01
   0.1484060E+05  0.1266020E+05  0.2522170E-01
   0.1500191E+05  0.1282151E+05  0.2609100E-01
   0.1516322E+05  0.1298282E+05  0.2714680E-01
   0.1532453E+05  0.1314413E+05  0.2815390E-01
   0.1548584E+05  0.1330544E+05  0.2876330E-01
   0.1564715E+05  0.1346675E+05  0.2912760E-01
   0.1580846E+05  0.1362806E+05  0.2964580E-01
   0.1596977E+05  0.1378937E+05  0.3016280E-01
   0.1613108E+05  0.1395068E+05  0.3063460E-01
   0.1629239E+05  0.1411199E+05  0.3117330E-01
   0.1645370E+05  0.1427330E+05  0.3160590E-01
   0.1661501E+05  0.1443461E+05  0.3196400E-01
   0.1677633E+05  0.1459593E+05  0.3247390E-01
   0.1693764E+05  0.1475724E+05  0.3285070E-01
   0.1709895E+05  0.1491855E+05  0.3344800E-01
   0.1726026E+05  0.1507986E+05  0.3419010E-01
   0.1742157E+05  0.1524117E+05  0.3498400E-01
   0.1758288E+05  0.1540248E+05  0.3587180E-01
   0.1774419E+05  0.1556379E+05  0.3663390E-01
   0.1790550E+05  0.1572510E+05  0.3706720E-01
   0.1806681E+05  0.1588641E+05  0.3750000E-01
   0.1822812E+05  0.1604772E+05  0.3809120E-01
   0.1838943E+05  0.1620903E+05  0.3859020E-01
   0.1879271E+05  0.1661231E+05  0.3988420E-01
   0.1919599E+05  0.1701559E+05  0.4237890E-01
   0.1959927E+05  0.1741887E+05  0.4510210E-01
   0.2000254E+05  0.1782214E+05  0.4694050E-01
   0.2040582E+05  0.1822542E+05  0.4859830E-01
   0.2080910E+05  0.1862870E+05  0.4954880E-01
   0.2121237E+05  0.1903197E+05  0.5031410E-01
   0.2161565E+05  0.1943525E+05  0.5143880E-01
   0.2201893E+05  0.1983853E+05  0.5194750E-01
   0.2242220E+05  0.2024180E+05  0.5509950E-01
   0.2282548E+05  0.2064508E+05  0.5612490E-01
   0.2322876E+05  0.2104836E+05  0.5847630E-01
   0.2363204E+05  0.2145164E+05  0.6267180E-01
   0.2403531E+05  0.2185491E+05  0.6303160E-01
   0.2443859E+05  0.2225819E+05  0.6351790E-01
   0.2484187E+05  0.2266147E+05  0.6304420E-01
   0.2524514E+05  0.2306474E+05  0.6372720E-01
   0.2564842E+05  0.2346802E+05  0.6461110E-01
   0.2605170E+05  0.2387130E+05  0.6600620E-01
   0.2645497E+05  0.2427457E+05  0.6917290E-01
   0.2685825E+05  0.2467785E+05  0.7161250E-01
   0.2726153E+05  0.2508113E+05  0.7414270E-01
   0.2766481E+05  0.2548441E+05  0.7480990E-01
   0.2806808E+05  0.2588768E+05  0.7533220E-01
   0.2847136E+05  0.2629096E+05  0.7616590E-01
   0.2887464E+05  0.2669424E+05  0.7786820E-01
   0.2927791E+05  0.2709751E+05  0.7978520E-01
   0.2968119E+05  0.2750079E+05  0.8119060E-01
   0.3008447E+05  0.2790407E+05  0.8217800E-01
   0.3048775E+05  0.2830735E+05  0.8347820E-01
   0.3089102E+05  0.2871062E+05  0.8552360E-01
   0.3129430E+05  0.2911390E+05  0.8904220E-01
   0.3169758E+05  0.2951718E+05  0.9211420E-01
   0.3210085E+05  0.2992045E+05  0.9399060E-01
   0.3250413E+05  0.3032373E+05  0.9555480E-01
   0.3290741E+05  0.3072701E+05  0.9629750E-01
   0.3331068E+05  0.3113028E+05  0.9790850E-01
   0.3371396E+05  0.3153356E+05  0.1004600E+00
   0.3411724E+05  0.3193684E+05  0.1031040E+00
   0.3452052E+05  0.3234012E+05  0.1052330E+00
   0.3492379E+05  0.3274339E+05  0.1066080E+00
   0.3532707E+05  0.3314667E+05  0.1080040E+00
   0.3573035E+05  0.3354995E+05  0.1099040E+00
   0.3613362E+05  0.3395322E+05  0.1124190E+00
   0.3653690E+05  0.3435650E+05  0.1148940E+00
   0.3694018E+05  0.3475978E+05  0.1170790E+00
   0.3734346E+05  0.3516306E+05  0.1191580E+00
   0.3774673E+05  0.3556633E+05  0.1212600E+00
   0.3815001E+05  0.3596961E+05  0.1232980E+00
   0.3855329E+05  0.3637289E+05  0.1256530E+00
   0.3895656E+05  0.3677616E+05  0.1281620E+00
   0.3935984E+05  0.3717944E+05  0.1302030E+00
   0.3976312E+05  0.3758272E+05  0.1318670E+00
   0.4016639E+05  0.3798599E+05  0.1337750E+00
   0.4056967E+05  0.3838927E+05  0.1354740E+00
   0.4097295E+05  0.3879255E+05  0.1372020E+00
   0.4137623E+05  0.3919583E+05  0.1391290E+00
   0.4177950E+05  0.3959910E+05  0.1412250E+00
   0.4218278E+05  0.4000238E+05  0.1432840E+00
   0.4258606E+05  0.4040566E+05  0.1451370E+00
   0.4298933E+05  0.4080893E+05  0.1474260E+00
   0.4339261E+05  0.4121221E+05  0.1489020E+00
   0.4379589E+05  0.4161549E+05  0.1511470E+00
   0.4419917E+05  0.4201877E+05  0.1528390E+00
