   0.7258987E+04  0.7378704E+02  0.3567550E-09
   0.7420298E+04  0.2350979E+03  0.2462110E-08
   0.7581609E+04  0.3964087E+03  0.1499710E-07
   0.7742920E+04  0.5577195E+03  0.7651460E-07
   0.7904230E+04  0.7190303E+03  0.3319010E-06
   0.8065541E+04  0.8803412E+03  0.1151020E-05
   0.8226852E+04  0.1041652E+04  0.3206840E-05
   0.8388163E+04  0.1202963E+04  0.7532640E-05
   0.8549474E+04  0.1364274E+04  0.1587100E-04
   0.8710784E+04  0.1525584E+04  0.3136000E-04
   0.8872095E+04  0.1686895E+04  0.5934100E-04
   0.9033406E+04  0.1848206E+04  0.1072360E-03
   0.9194717E+04  0.2009517E+04  0.1830280E-03
   0.9356028E+04  0.2170828E+04  0.2923110E-03
   0.9517339E+04  0.2332139E+04  0.4380470E-03
   0.9678649E+04  0.2493449E+04  0.6198830E-03
   0.9839960E+04  0.2654760E+04  0.8362110E-03
   0.1000127E+05  0.2816071E+04  0.1085960E-02
   0.1016258E+05  0.2977382E+04  0.1367250E-02
   0.1032389E+05  0.3138693E+04  0.1674890E-02
   0.1048520E+05  0.3300003E+04  0.1999310E-02
   0.1064651E+05  0.3461314E+04  0.2329100E-02
   0.1080783E+05  0.3622625E+04  0.2651490E-02
   0.1096914E+05  0.3783936E+04  0.2957390E-02
   0.1113045E+05  0.3945247E+04  0.3246240E-02
   0.1129176E+05  0.4106558E+04  0.3522570E-02
   0.1145307E+05  0.4267868E+04  0.3778410E-02
   0.1161438E+05  0.4429179E+04  0.4011470E-02
   0.1177569E+05  0.4590490E+04  0.4220640E-02
   0.1193700E+05  0.4751801E+04  0.4410700E-02
   0.1209831E+05  0.4913112E+04  0.4578000E-02
   0.1225962E+05  0.5074423E+04  0.4719050E-02
   0.1242093E+05  0.5235733E+04  0.4831620E-02
   0.1258224E+05  0.5397044E+04  0.4916700E-02
   0.1274356E+05  0.5558355E+04  0.4978610E-02
   0.1290487E+05  0.5719666E+04  0.5019350E-02
   0.1306618E+05  0.5880977E+04  0.5039090E-02
   0.1322749E+05  0.6042287E+04  0.5037740E-02
   0.1338880E+05  0.6203598E+04  0.5012570E-02
   0.1355011E+05  0.6364909E+04  0.4959350E-02
   0.1371142E+05  0.6526220E+04  0.4881610E-02
   0.1387273E+05  0.6687531E+04  0.4785540E-02
   0.1403404E+05  0.6848842E+04  0.4672680E-02
   0.1419535E+05  0.7010152E+04  0.4560620E-02
   0.1435666E+05  0.7171463E+04  0.4443440E-02
   0.1451797E+05  0.7332774E+04  0.4338070E-02
   0.1467928E+05  0.7494085E+04  0.4235220E-02
   0.1484060E+05  0.7655396E+04  0.4143890E-02
   0.1500191E+05  0.7816707E+04  0.4047550E-02
   0.1516322E+05  0.7978017E+04  0.3954180E-02
   0.1532453E+05  0.8139328E+04  0.3855210E-02
   0.1548584E+05  0.8300639E+04  0.3765790E-02
   0.1564715E+05  0.8461950E+04  0.3670100E-02
   0.1580846E+05  0.8623261E+04  0.3598220E-02
   0.1596977E+05  0.8784571E+04  0.3529150E-02
   0.1613108E+05  0.8945882E+04  0.3484600E-02
   0.1629239E+05  0.9107193E+04  0.3450330E-02
   0.1645370E+05  0.9268504E+04  0.3426440E-02
   0.1661501E+05  0.9429815E+04  0.3394190E-02
   0.1677633E+05  0.9591126E+04  0.3343860E-02
   0.1693764E+05  0.9752436E+04  0.3299860E-02
   0.1709895E+05  0.9913747E+04  0.3253740E-02
   0.1726026E+05  0.1007506E+05  0.3209500E-02
   0.1742157E+05  0.1023637E+05  0.3161900E-02
   0.1758288E+05  0.1039768E+05  0.3111250E-02
   0.1774419E+05  0.1055899E+05  0.3086750E-02
   0.1790550E+05  0.1072030E+05  0.3061350E-02
   0.1806681E+05  0.1088161E+05  0.3010760E-02
   0.1822812E+05  0.1104292E+05  0.2948610E-02
   0.1838943E+05  0.1120423E+05  0.2877030E-02
   0.1879271E+05  0.1160751E+05  0.2694360E-02
   0.1919599E+05  0.1201079E+05  0.2582730E-02
   0.1959927E+05  0.1241407E+05  0.2410490E-02
   0.2000254E+05  0.1281734E+05  0.2268870E-02
   0.2040582E+05  0.1322062E+05  0.2132330E-02
   0.2080910E+05  0.1362390E+05  0.2102190E-02
   0.2121237E+05  0.1402717E+05  0.2035130E-02
   0.2161565E+05  0.1443045E+05  0.1927770E-02
   0.2201893E+05  0.1483373E+05  0.1886890E-02
   0.2242220E+05  0.1523700E+05  0.1883520E-02
   0.2282548E+05  0.1564028E+05  0.1823520E-02
   0.2322876E+05  0.1604356E+05  0.1752640E-02
   0.2363204E+05  0.1644684E+05  0.1697070E-02
   0.2403531E+05  0.1685011E+05  0.1576500E-02
   0.2443859E+05  0.1725339E+05  0.1483230E-02
   0.2484187E+05  0.1765667E+05  0.1441690E-02
   0.2524514E+05  0.1805994E+05  0.1369600E-02
   0.2564842E+05  0.1846322E+05  0.1323120E-02
   0.2605170E+05  0.1886650E+05  0.1262260E-02
   0.2645497E+05  0.1926977E+05  0.1194790E-02
   0.2685825E+05  0.1967305E+05  0.1174830E-02
   0.2726153E+05  0.2007633E+05  0.1129710E-02
   0.2766481E+05  0.2047961E+05  0.1089030E-02
   0.2806808E+05  0.2088288E+05  0.1073070E-02
   0.2847136E+05  0.2128616E+05  0.1039300E-02
   0.2887464E+05  0.2168944E+05  0.1018390E-02
   0.2927791E+05  0.2209271E+05  0.9950830E-03
   0.2968119E+05  0.2249599E+05  0.9560020E-03
   0.3008447E+05  0.2289927E+05  0.9103560E-03
   0.3048775E+05  0.2330255E+05  0.8867630E-03
   0.3089102E+05  0.2370582E+05  0.8666000E-03
   0.3129430E+05  0.2410910E+05  0.8566160E-03
   0.3169758E+05  0.2451238E+05  0.8374590E-03
   0.3210085E+05  0.2491565E+05  0.8048760E-03
   0.3250413E+05  0.2531893E+05  0.7928210E-03
   0.3290741E+05  0.2572221E+05  0.7829680E-03
   0.3331068E+05  0.2612548E+05  0.7690690E-03
   0.3371396E+05  0.2652876E+05  0.7626250E-03
   0.3411724E+05  0.2693204E+05  0.7538170E-03
   0.3452052E+05  0.2733532E+05  0.7359020E-03
   0.3492379E+05  0.2773859E+05  0.7298160E-03
   0.3532707E+05  0.2814187E+05  0.7300970E-03
   0.3573035E+05  0.2854515E+05  0.7281560E-03
   0.3613362E+05  0.2894842E+05  0.7260060E-03
   0.3653690E+05  0.2935170E+05  0.7240140E-03
   0.3694018E+05  0.2975498E+05  0.7242190E-03
   0.3734346E+05  0.3015826E+05  0.7195620E-03
   0.3774673E+05  0.3056153E+05  0.7075540E-03
   0.3815001E+05  0.3096481E+05  0.6906990E-03
   0.3855329E+05  0.3136809E+05  0.6761050E-03
   0.3895656E+05  0.3177136E+05  0.6629280E-03
   0.3935984E+05  0.3217464E+05  0.6544500E-03
   0.3976312E+05  0.3257792E+05  0.6437170E-03
   0.4016639E+05  0.3298119E+05  0.6333540E-03
   0.4056967E+05  0.3338447E+05  0.6206020E-03
   0.4097295E+05  0.3378775E+05  0.6066710E-03
   0.4137623E+05  0.3419103E+05  0.5937890E-03
   0.4177950E+05  0.3459430E+05  0.5775360E-03
   0.4218278E+05  0.3499758E+05  0.5600850E-03
   0.4258606E+05  0.3540086E+05  0.5468180E-03
   0.4298933E+05  0.3580413E+05  0.5312940E-03
   0.4339261E+05  0.3620741E+05  0.5155810E-03
   0.4379589E+05  0.3661069E+05  0.4982740E-03
   0.4419917E+05  0.3701397E+05  0.4907550E-03
