   0.2000254E+05  0.1281734E+05  0.1524760E-05
   0.2040582E+05  0.1322062E+05  0.1706440E-03
   0.2080910E+05  0.1362390E+05  0.9556070E-03
   0.2121237E+05  0.1402717E+05  0.1798950E-02
   0.2161565E+05  0.1443045E+05  0.2319890E-02
   0.2201893E+05  0.1483373E+05  0.2948830E-02
   0.2242220E+05  0.1523700E+05  0.3546990E-02
   0.2282548E+05  0.1564028E+05  0.4371530E-02
   0.2322876E+05  0.1604356E+05  0.5160370E-02
   0.2363204E+05  0.1644684E+05  0.6146500E-02
   0.2403531E+05  0.1685011E+05  0.7233100E-02
   0.2443859E+05  0.1725339E+05  0.8046260E-02
   0.2484187E+05  0.1765667E+05  0.8921120E-02
   0.2524514E+05  0.1805994E+05  0.9845180E-02
   0.2564842E+05  0.1846322E+05  0.1047690E-01
   0.2605170E+05  0.1886650E+05  0.1098140E-01
   0.2645497E+05  0.1926977E+05  0.1139880E-01
   0.2685825E+05  0.1967305E+05  0.1202600E-01
   0.2726153E+05  0.2007633E+05  0.1247510E-01
   0.2766481E+05  0.2047961E+05  0.1282400E-01
   0.2806808E+05  0.2088288E+05  0.1299810E-01
   0.2847136E+05  0.2128616E+05  0.1339190E-01
   0.2887464E+05  0.2168944E+05  0.1361950E-01
   0.2927791E+05  0.2209271E+05  0.1363240E-01
   0.2968119E+05  0.2249599E+05  0.1369560E-01
   0.3008447E+05  0.2289927E+05  0.1382770E-01
   0.3048775E+05  0.2330255E+05  0.1377870E-01
   0.3089102E+05  0.2370582E+05  0.1373080E-01
   0.3129430E+05  0.2410910E+05  0.1374050E-01
   0.3169758E+05  0.2451238E+05  0.1375840E-01
   0.3210085E+05  0.2491565E+05  0.1374740E-01
   0.3250413E+05  0.2531893E+05  0.1376980E-01
   0.3290741E+05  0.2572221E+05  0.1372950E-01
   0.3331068E+05  0.2612548E+05  0.1368920E-01
   0.3371396E+05  0.2652876E+05  0.1365460E-01
   0.3411724E+05  0.2693204E+05  0.1363930E-01
   0.3452052E+05  0.2733532E+05  0.1358620E-01
   0.3492379E+05  0.2773859E+05  0.1348760E-01
   0.3532707E+05  0.2814187E+05  0.1337950E-01
   0.3573035E+05  0.2854515E+05  0.1327270E-01
   0.3613362E+05  0.2894842E+05  0.1314390E-01
   0.3653690E+05  0.2935170E+05  0.1299030E-01
   0.3694018E+05  0.2975498E+05  0.1279320E-01
   0.3734346E+05  0.3015826E+05  0.1253820E-01
   0.3774673E+05  0.3056153E+05  0.1226070E-01
   0.3815001E+05  0.3096481E+05  0.1195620E-01
   0.3855329E+05  0.3136809E+05  0.1162050E-01
   0.3895656E+05  0.3177136E+05  0.1125670E-01
   0.3935984E+05  0.3217464E+05  0.1087650E-01
   0.3976312E+05  0.3257792E+05  0.1046370E-01
   0.4016639E+05  0.3298119E+05  0.1002080E-01
   0.4056967E+05  0.3338447E+05  0.9569460E-02
   0.4097295E+05  0.3378775E+05  0.9113660E-02
   0.4137623E+05  0.3419103E+05  0.8668950E-02
   0.4177950E+05  0.3459430E+05  0.8221110E-02
   0.4218278E+05  0.3499758E+05  0.7792770E-02
   0.4258606E+05  0.3540086E+05  0.7393870E-02
   0.4298933E+05  0.3580413E+05  0.6996730E-02
   0.4339261E+05  0.3620741E+05  0.6645780E-02
   0.4379589E+05  0.3661069E+05  0.6333920E-02
   0.4419917E+05  0.3701397E+05  0.6031680E-02
