   0.3387527E+04  0.3762729E+02  0.1777080E-08
   0.3548838E+04  0.1989381E+03  0.9220200E-08
   0.3710149E+04  0.3602489E+03  0.5415360E-07
   0.3871460E+04  0.5215598E+03  0.2684250E-06
   0.4032771E+04  0.6828706E+03  0.1157050E-05
   0.4194081E+04  0.8441814E+03  0.4454950E-05
   0.4355392E+04  0.1005492E+04  0.1565530E-04
   0.4516703E+04  0.1166803E+04  0.5074450E-04
   0.4678014E+04  0.1328114E+04  0.1531190E-03
   0.4839325E+04  0.1489425E+04  0.4300120E-03
   0.5000636E+04  0.1650736E+04  0.1102400E-02
   0.5161946E+04  0.1812046E+04  0.2507080E-02
   0.5323257E+04  0.1973357E+04  0.4912060E-02
   0.5484568E+04  0.2134668E+04  0.8344870E-02
   0.5645879E+04  0.2295979E+04  0.1267670E-01
   0.5807190E+04  0.2457290E+04  0.1792920E-01
   0.5968500E+04  0.2618600E+04  0.2430130E-01
   0.6129811E+04  0.2779911E+04  0.3216660E-01
   0.6291122E+04  0.2941222E+04  0.4160860E-01
   0.6452433E+04  0.3102533E+04  0.5234890E-01
   0.6613744E+04  0.3263844E+04  0.6377860E-01
   0.6775055E+04  0.3425155E+04  0.7518740E-01
   0.6936365E+04  0.3586465E+04  0.8594710E-01
   0.7097676E+04  0.3747776E+04  0.9558010E-01
   0.7258987E+04  0.3909087E+04  0.1038130E+00
   0.7420298E+04  0.4070398E+04  0.1106160E+00
   0.7581609E+04  0.4231709E+04  0.1159410E+00
   0.7742920E+04  0.4393020E+04  0.1197180E+00
   0.7904230E+04  0.4554330E+04  0.1219280E+00
   0.8065541E+04  0.4715641E+04  0.1226020E+00
   0.8226852E+04  0.4876952E+04  0.1224600E+00
   0.8388163E+04  0.5038263E+04  0.1220390E+00
   0.8549474E+04  0.5199574E+04  0.1214890E+00
   0.8710784E+04  0.5360884E+04  0.1207350E+00
   0.8872095E+04  0.5522195E+04  0.1198090E+00
   0.9033406E+04  0.5683506E+04  0.1187890E+00
   0.9194717E+04  0.5844817E+04  0.1177900E+00
   0.9356028E+04  0.6006128E+04  0.1166070E+00
   0.9517339E+04  0.6167439E+04  0.1149530E+00
   0.9678649E+04  0.6328749E+04  0.1127060E+00
   0.9839960E+04  0.6490060E+04  0.1099450E+00
   0.1000127E+05  0.6651371E+04  0.1068210E+00
   0.1016258E+05  0.6812682E+04  0.1035720E+00
   0.1032389E+05  0.6973993E+04  0.1003370E+00
   0.1048520E+05  0.7135303E+04  0.9717970E-01
   0.1064651E+05  0.7296614E+04  0.9421880E-01
   0.1080783E+05  0.7457925E+04  0.9147440E-01
   0.1096914E+05  0.7619236E+04  0.8882040E-01
   0.1113045E+05  0.7780547E+04  0.8619220E-01
   0.1129176E+05  0.7941858E+04  0.8386440E-01
   0.1145307E+05  0.8103168E+04  0.8160290E-01
   0.1161438E+05  0.8264479E+04  0.7924480E-01
   0.1177569E+05  0.8425790E+04  0.7690460E-01
   0.1193700E+05  0.8587101E+04  0.7465440E-01
   0.1209831E+05  0.8748412E+04  0.7243380E-01
   0.1225962E+05  0.8909723E+04  0.7021830E-01
   0.1242093E+05  0.9071033E+04  0.6809350E-01
   0.1258224E+05  0.9232344E+04  0.6614880E-01
   0.1274356E+05  0.9393655E+04  0.6438450E-01
   0.1290487E+05  0.9554966E+04  0.6274220E-01
   0.1306618E+05  0.9716277E+04  0.6116110E-01
   0.1322749E+05  0.9877587E+04  0.5962370E-01
   0.1338880E+05  0.1003890E+05  0.5814470E-01
   0.1355011E+05  0.1020021E+05  0.5668270E-01
   0.1371142E+05  0.1036152E+05  0.5522680E-01
   0.1387273E+05  0.1052283E+05  0.5375730E-01
   0.1403404E+05  0.1068414E+05  0.5228950E-01
   0.1419535E+05  0.1084545E+05  0.5084060E-01
   0.1435666E+05  0.1100676E+05  0.4967860E-01
   0.1451797E+05  0.1116807E+05  0.4853150E-01
   0.1467928E+05  0.1132938E+05  0.4725320E-01
   0.1484060E+05  0.1149070E+05  0.4597280E-01
   0.1500191E+05  0.1165201E+05  0.4480210E-01
   0.1516322E+05  0.1181332E+05  0.4366110E-01
   0.1532453E+05  0.1197463E+05  0.4252550E-01
   0.1548584E+05  0.1213594E+05  0.4141830E-01
   0.1564715E+05  0.1229725E+05  0.4042730E-01
   0.1580846E+05  0.1245856E+05  0.3941830E-01
   0.1596977E+05  0.1261987E+05  0.3839790E-01
   0.1613108E+05  0.1278118E+05  0.3735610E-01
   0.1629239E+05  0.1294249E+05  0.3631180E-01
   0.1645370E+05  0.1310380E+05  0.3531490E-01
   0.1661501E+05  0.1326511E+05  0.3448310E-01
   0.1677633E+05  0.1342643E+05  0.3369300E-01
   0.1693764E+05  0.1358774E+05  0.3293150E-01
   0.1709895E+05  0.1374905E+05  0.3211790E-01
   0.1726026E+05  0.1391036E+05  0.3142230E-01
   0.1742157E+05  0.1407167E+05  0.3064370E-01
   0.1758288E+05  0.1423298E+05  0.2980910E-01
   0.1774419E+05  0.1439429E+05  0.2900760E-01
   0.1790550E+05  0.1455560E+05  0.2819650E-01
   0.1806681E+05  0.1471691E+05  0.2753880E-01
   0.1822812E+05  0.1487822E+05  0.2694450E-01
   0.1838943E+05  0.1503953E+05  0.2637910E-01
   0.1879271E+05  0.1544281E+05  0.2493780E-01
   0.1919599E+05  0.1584609E+05  0.2342280E-01
   0.1959927E+05  0.1624937E+05  0.2218730E-01
   0.2000254E+05  0.1665264E+05  0.2102100E-01
   0.2040582E+05  0.1705592E+05  0.2001090E-01
   0.2080910E+05  0.1745920E+05  0.1885940E-01
   0.2121237E+05  0.1786247E+05  0.1800820E-01
   0.2161565E+05  0.1826575E+05  0.1758310E-01
   0.2201893E+05  0.1866903E+05  0.1722330E-01
   0.2242220E+05  0.1907230E+05  0.1650250E-01
   0.2282548E+05  0.1947558E+05  0.1561020E-01
   0.2322876E+05  0.1987886E+05  0.1489400E-01
   0.2363204E+05  0.2028214E+05  0.1424680E-01
   0.2403531E+05  0.2068541E+05  0.1391900E-01
   0.2443859E+05  0.2108869E+05  0.1335240E-01
   0.2484187E+05  0.2149197E+05  0.1287380E-01
   0.2524514E+05  0.2189524E+05  0.1255010E-01
   0.2564842E+05  0.2229852E+05  0.1235970E-01
   0.2605170E+05  0.2270180E+05  0.1231760E-01
   0.2645497E+05  0.2310507E+05  0.1239260E-01
   0.2685825E+05  0.2350835E+05  0.1212500E-01
   0.2726153E+05  0.2391163E+05  0.1195060E-01
   0.2766481E+05  0.2431491E+05  0.1177830E-01
   0.2806808E+05  0.2471818E+05  0.1127830E-01
   0.2847136E+05  0.2512146E+05  0.1096470E-01
   0.2887464E+05  0.2552474E+05  0.1046850E-01
   0.2927791E+05  0.2592801E+05  0.1007710E-01
   0.2968119E+05  0.2633129E+05  0.9741730E-02
   0.3008447E+05  0.2673457E+05  0.9278830E-02
   0.3048775E+05  0.2713785E+05  0.8895610E-02
   0.3089102E+05  0.2754112E+05  0.8884910E-02
   0.3129430E+05  0.2794440E+05  0.9030860E-02
   0.3169758E+05  0.2834768E+05  0.8959780E-02
   0.3210085E+05  0.2875095E+05  0.8668710E-02
   0.3250413E+05  0.2915423E+05  0.8492590E-02
   0.3290741E+05  0.2955751E+05  0.8425900E-02
   0.3331068E+05  0.2996078E+05  0.8398550E-02
   0.3371396E+05  0.3036406E+05  0.8383940E-02
   0.3411724E+05  0.3076734E+05  0.8360670E-02
   0.3452052E+05  0.3117062E+05  0.8290250E-02
   0.3492379E+05  0.3157389E+05  0.8226610E-02
   0.3532707E+05  0.3197717E+05  0.8234840E-02
   0.3573035E+05  0.3238045E+05  0.8260880E-02
   0.3613362E+05  0.3278372E+05  0.8284000E-02
   0.3653690E+05  0.3318700E+05  0.8305860E-02
   0.3694018E+05  0.3359028E+05  0.8295280E-02
   0.3734346E+05  0.3399356E+05  0.8252930E-02
   0.3774673E+05  0.3439683E+05  0.8262500E-02
   0.3815001E+05  0.3480011E+05  0.8260080E-02
   0.3855329E+05  0.3520339E+05  0.8239390E-02
   0.3895656E+05  0.3560666E+05  0.8217730E-02
   0.3935984E+05  0.3600994E+05  0.8171180E-02
   0.3976312E+05  0.3641322E+05  0.8149380E-02
   0.4016639E+05  0.3681649E+05  0.8105720E-02
   0.4056967E+05  0.3721977E+05  0.8062340E-02
   0.4097295E+05  0.3762305E+05  0.8008070E-02
   0.4137623E+05  0.3802633E+05  0.7969180E-02
   0.4177950E+05  0.3842960E+05  0.7906300E-02
   0.4218278E+05  0.3883288E+05  0.7848960E-02
   0.4258606E+05  0.3923616E+05  0.7780820E-02
   0.4298933E+05  0.3963943E+05  0.7721410E-02
   0.4339261E+05  0.4004271E+05  0.7657640E-02
   0.4379589E+05  0.4044599E+05  0.7607830E-02
   0.4419917E+05  0.4084927E+05  0.7489730E-02
