   0.6775055E+04  0.2853455E+04  0.2037610E-06
   0.6936365E+04  0.3014765E+04  0.3358910E-06
   0.7097676E+04  0.3176076E+04  0.9032260E-06
   0.7258987E+04  0.3337387E+04  0.3783120E-05
   0.7420298E+04  0.3498698E+04  0.1073930E-04
   0.7581609E+04  0.3660009E+04  0.2515710E-04
   0.7742920E+04  0.3821320E+04  0.5575650E-04
   0.7904230E+04  0.3982630E+04  0.1184130E-03
   0.8065541E+04  0.4143941E+04  0.2302550E-03
   0.8226852E+04  0.4305252E+04  0.3962540E-03
   0.8388163E+04  0.4466563E+04  0.6107790E-03
   0.8549474E+04  0.4627874E+04  0.8590050E-03
   0.8710784E+04  0.4789184E+04  0.1123780E-02
   0.8872095E+04  0.4950495E+04  0.1439080E-02
   0.9033406E+04  0.5111806E+04  0.1854920E-02
   0.9194717E+04  0.5273117E+04  0.2355090E-02
   0.9356028E+04  0.5434428E+04  0.2923840E-02
   0.9517339E+04  0.5595739E+04  0.3568290E-02
   0.9678649E+04  0.5757049E+04  0.4322380E-02
   0.9839960E+04  0.5918360E+04  0.5225530E-02
   0.1000127E+05  0.6079671E+04  0.6231090E-02
   0.1016258E+05  0.6240982E+04  0.7298210E-02
   0.1032389E+05  0.6402293E+04  0.8355530E-02
   0.1048520E+05  0.6563603E+04  0.9355020E-02
   0.1064651E+05  0.6724914E+04  0.1025470E-01
   0.1080783E+05  0.6886225E+04  0.1100190E-01
   0.1096914E+05  0.7047536E+04  0.1150420E-01
   0.1113045E+05  0.7208847E+04  0.1184660E-01
   0.1129176E+05  0.7370158E+04  0.1218740E-01
   0.1145307E+05  0.7531468E+04  0.1251570E-01
   0.1161438E+05  0.7692779E+04  0.1264150E-01
   0.1177569E+05  0.7854090E+04  0.1267030E-01
   0.1193700E+05  0.8015401E+04  0.1291680E-01
   0.1209831E+05  0.8176712E+04  0.1330280E-01
   0.1225962E+05  0.8338023E+04  0.1370140E-01
   0.1242093E+05  0.8499333E+04  0.1397640E-01
   0.1258224E+05  0.8660644E+04  0.1410870E-01
   0.1274356E+05  0.8821955E+04  0.1418560E-01
   0.1290487E+05  0.8983266E+04  0.1420280E-01
   0.1306618E+05  0.9144577E+04  0.1416890E-01
   0.1322749E+05  0.9305887E+04  0.1411490E-01
   0.1338880E+05  0.9467198E+04  0.1405710E-01
   0.1355011E+05  0.9628509E+04  0.1400760E-01
   0.1371142E+05  0.9789820E+04  0.1394580E-01
   0.1387273E+05  0.9951131E+04  0.1385660E-01
   0.1403404E+05  0.1011244E+05  0.1375180E-01
   0.1419535E+05  0.1027375E+05  0.1367560E-01
   0.1435666E+05  0.1043506E+05  0.1362370E-01
   0.1451797E+05  0.1059637E+05  0.1349450E-01
   0.1467928E+05  0.1075768E+05  0.1331100E-01
   0.1484060E+05  0.1091900E+05  0.1312530E-01
   0.1500191E+05  0.1108031E+05  0.1295430E-01
   0.1516322E+05  0.1124162E+05  0.1278350E-01
   0.1532453E+05  0.1140293E+05  0.1260870E-01
   0.1548584E+05  0.1156424E+05  0.1242270E-01
   0.1564715E+05  0.1172555E+05  0.1222910E-01
   0.1580846E+05  0.1188686E+05  0.1202900E-01
   0.1596977E+05  0.1204817E+05  0.1183550E-01
   0.1613108E+05  0.1220948E+05  0.1165070E-01
   0.1629239E+05  0.1237079E+05  0.1145190E-01
   0.1645370E+05  0.1253210E+05  0.1125800E-01
   0.1661501E+05  0.1269341E+05  0.1104320E-01
   0.1677633E+05  0.1285473E+05  0.1084480E-01
   0.1693764E+05  0.1301604E+05  0.1065860E-01
   0.1709895E+05  0.1317735E+05  0.1051750E-01
   0.1726026E+05  0.1333866E+05  0.1036420E-01
   0.1742157E+05  0.1349997E+05  0.1022540E-01
   0.1758288E+05  0.1366128E+05  0.1009460E-01
   0.1774419E+05  0.1382259E+05  0.9974490E-02
   0.1790550E+05  0.1398390E+05  0.9837700E-02
   0.1806681E+05  0.1414521E+05  0.9672210E-02
   0.1822812E+05  0.1430652E+05  0.9535770E-02
   0.1838943E+05  0.1446783E+05  0.9389860E-02
   0.1879271E+05  0.1487111E+05  0.9105160E-02
   0.1919599E+05  0.1527439E+05  0.8853550E-02
   0.1959927E+05  0.1567767E+05  0.8620410E-02
   0.2000254E+05  0.1608094E+05  0.8292380E-02
   0.2040582E+05  0.1648422E+05  0.7934720E-02
   0.2080910E+05  0.1688750E+05  0.7670560E-02
   0.2121237E+05  0.1729077E+05  0.7512910E-02
   0.2161565E+05  0.1769405E+05  0.7223090E-02
   0.2201893E+05  0.1809733E+05  0.6984040E-02
   0.2242220E+05  0.1850060E+05  0.6778540E-02
   0.2282548E+05  0.1890388E+05  0.6632860E-02
   0.2322876E+05  0.1930716E+05  0.6457930E-02
   0.2363204E+05  0.1971044E+05  0.6259740E-02
   0.2403531E+05  0.2011371E+05  0.6061620E-02
   0.2443859E+05  0.2051699E+05  0.5942650E-02
   0.2484187E+05  0.2092027E+05  0.5878910E-02
   0.2524514E+05  0.2132354E+05  0.5778320E-02
   0.2564842E+05  0.2172682E+05  0.5789960E-02
   0.2605170E+05  0.2213010E+05  0.5708000E-02
   0.2645497E+05  0.2253337E+05  0.5648600E-02
   0.2685825E+05  0.2293665E+05  0.5631400E-02
   0.2726153E+05  0.2333993E+05  0.5437810E-02
   0.2766481E+05  0.2374321E+05  0.5385060E-02
   0.2806808E+05  0.2414648E+05  0.5379990E-02
   0.2847136E+05  0.2454976E+05  0.5290420E-02
   0.2887464E+05  0.2495304E+05  0.5216840E-02
   0.2927791E+05  0.2535631E+05  0.5046420E-02
   0.2968119E+05  0.2575959E+05  0.4914110E-02
   0.3008447E+05  0.2616287E+05  0.4835220E-02
   0.3048775E+05  0.2656615E+05  0.4780700E-02
   0.3089102E+05  0.2696942E+05  0.4742890E-02
   0.3129430E+05  0.2737270E+05  0.4640820E-02
   0.3169758E+05  0.2777598E+05  0.4525500E-02
   0.3210085E+05  0.2817925E+05  0.4415180E-02
   0.3250413E+05  0.2858253E+05  0.4332240E-02
   0.3290741E+05  0.2898581E+05  0.4257190E-02
   0.3331068E+05  0.2938908E+05  0.4158720E-02
   0.3371396E+05  0.2979236E+05  0.4065150E-02
   0.3411724E+05  0.3019564E+05  0.3990980E-02
   0.3452052E+05  0.3059892E+05  0.3920060E-02
   0.3492379E+05  0.3100219E+05  0.3855140E-02
   0.3532707E+05  0.3140547E+05  0.3793510E-02
   0.3573035E+05  0.3180875E+05  0.3712340E-02
   0.3613362E+05  0.3221202E+05  0.3625890E-02
   0.3653690E+05  0.3261530E+05  0.3540780E-02
   0.3694018E+05  0.3301858E+05  0.3467300E-02
   0.3734346E+05  0.3342186E+05  0.3394480E-02
   0.3774673E+05  0.3382513E+05  0.3318790E-02
   0.3815001E+05  0.3422841E+05  0.3234120E-02
   0.3855329E+05  0.3463169E+05  0.3153930E-02
   0.3895656E+05  0.3503496E+05  0.3070090E-02
   0.3935984E+05  0.3543824E+05  0.2987430E-02
   0.3976312E+05  0.3584152E+05  0.2914890E-02
   0.4016639E+05  0.3624479E+05  0.2830530E-02
   0.4056967E+05  0.3664807E+05  0.2760780E-02
   0.4097295E+05  0.3705135E+05  0.2684900E-02
   0.4137623E+05  0.3745463E+05  0.2612570E-02
   0.4177950E+05  0.3785790E+05  0.2544140E-02
   0.4218278E+05  0.3826118E+05  0.2482360E-02
   0.4258606E+05  0.3866446E+05  0.2419100E-02
   0.4298933E+05  0.3906773E+05  0.2356360E-02
   0.4339261E+05  0.3947101E+05  0.2298050E-02
   0.4379589E+05  0.3987429E+05  0.2243560E-02
   0.4419917E+05  0.4027757E+05  0.2191020E-02
