   0.2242220E+05  0.1310580E+05  0.3301380E-05
   0.2282548E+05  0.1350908E+05  0.2243820E-03
   0.2322876E+05  0.1391236E+05  0.6992960E-03
   0.2363204E+05  0.1431564E+05  0.1081120E-02
   0.2403531E+05  0.1471891E+05  0.1599740E-02
   0.2443859E+05  0.1512219E+05  0.2138250E-02
   0.2484187E+05  0.1552547E+05  0.2738840E-02
   0.2524514E+05  0.1592874E+05  0.3393930E-02
   0.2564842E+05  0.1633202E+05  0.4145390E-02
   0.2605170E+05  0.1673530E+05  0.4966780E-02
   0.2645497E+05  0.1713857E+05  0.5778710E-02
   0.2685825E+05  0.1754185E+05  0.6576920E-02
   0.2726153E+05  0.1794513E+05  0.7267260E-02
   0.2766481E+05  0.1834841E+05  0.7891360E-02
   0.2806808E+05  0.1875168E+05  0.8458330E-02
   0.2847136E+05  0.1915496E+05  0.8776460E-02
   0.2887464E+05  0.1955824E+05  0.9020340E-02
   0.2927791E+05  0.1996151E+05  0.9256750E-02
   0.2968119E+05  0.2036479E+05  0.9487790E-02
   0.3008447E+05  0.2076807E+05  0.9686510E-02
   0.3048775E+05  0.2117135E+05  0.9986930E-02
   0.3089102E+05  0.2157462E+05  0.1002210E-01
   0.3129430E+05  0.2197790E+05  0.1005960E-01
   0.3169758E+05  0.2238118E+05  0.1016200E-01
   0.3210085E+05  0.2278445E+05  0.1023700E-01
   0.3250413E+05  0.2318773E+05  0.1030890E-01
   0.3290741E+05  0.2359101E+05  0.1035680E-01
   0.3331068E+05  0.2399428E+05  0.1045670E-01
   0.3371396E+05  0.2439756E+05  0.1060460E-01
   0.3411724E+05  0.2480084E+05  0.1080840E-01
   0.3452052E+05  0.2520412E+05  0.1101220E-01
   0.3492379E+05  0.2560739E+05  0.1116210E-01
   0.3532707E+05  0.2601067E+05  0.1128070E-01
   0.3573035E+05  0.2641395E+05  0.1135350E-01
   0.3613362E+05  0.2681722E+05  0.1142090E-01
   0.3653690E+05  0.2722050E+05  0.1149260E-01
   0.3694018E+05  0.2762378E+05  0.1156520E-01
   0.3734346E+05  0.2802706E+05  0.1163420E-01
   0.3774673E+05  0.2843033E+05  0.1169770E-01
   0.3815001E+05  0.2883361E+05  0.1175690E-01
   0.3855329E+05  0.2923689E+05  0.1179380E-01
   0.3895656E+05  0.2964016E+05  0.1182810E-01
   0.3935984E+05  0.3004344E+05  0.1187390E-01
   0.3976312E+05  0.3044672E+05  0.1192040E-01
   0.4016639E+05  0.3084999E+05  0.1195430E-01
   0.4056967E+05  0.3125327E+05  0.1193820E-01
   0.4097295E+05  0.3165655E+05  0.1188040E-01
   0.4137623E+05  0.3205983E+05  0.1179880E-01
   0.4177950E+05  0.3246310E+05  0.1174840E-01
   0.4218278E+05  0.3286638E+05  0.1166080E-01
   0.4258606E+05  0.3326966E+05  0.1154960E-01
   0.4298933E+05  0.3367293E+05  0.1143500E-01
   0.4339261E+05  0.3407621E+05  0.1128190E-01
   0.4379589E+05  0.3447949E+05  0.1113770E-01
   0.4419917E+05  0.3488277E+05  0.1094960E-01
