   0.1484060E+05  0.3131596E+04  0.9288160E-05
   0.1500191E+05  0.3292907E+04  0.7134380E-04
   0.1516322E+05  0.3454217E+04  0.2814690E-03
   0.1532453E+05  0.3615528E+04  0.7821830E-03
   0.1548584E+05  0.3776839E+04  0.1804060E-02
   0.1564715E+05  0.3938150E+04  0.3528280E-02
   0.1580846E+05  0.4099461E+04  0.6004260E-02
   0.1596977E+05  0.4260771E+04  0.9136470E-02
   0.1613108E+05  0.4422082E+04  0.1282820E-01
   0.1629239E+05  0.4583393E+04  0.1700300E-01
   0.1645370E+05  0.4744704E+04  0.2146240E-01
   0.1661501E+05  0.4906015E+04  0.2589770E-01
   0.1677633E+05  0.5067326E+04  0.3004900E-01
   0.1693764E+05  0.5228636E+04  0.3353460E-01
   0.1709895E+05  0.5389947E+04  0.3648460E-01
   0.1726026E+05  0.5551258E+04  0.3926840E-01
   0.1742157E+05  0.5712569E+04  0.4149490E-01
   0.1758288E+05  0.5873880E+04  0.4397620E-01
   0.1774419E+05  0.6035191E+04  0.4654830E-01
   0.1790550E+05  0.6196501E+04  0.4831000E-01
   0.1806681E+05  0.6357812E+04  0.4974320E-01
   0.1822812E+05  0.6519123E+04  0.5054800E-01
   0.1838943E+05  0.6680434E+04  0.5025460E-01
   0.1879271E+05  0.7083711E+04  0.4989620E-01
   0.1919599E+05  0.7486988E+04  0.5304770E-01
   0.1959927E+05  0.7890265E+04  0.5776040E-01
   0.2000254E+05  0.8293542E+04  0.6101690E-01
   0.2040582E+05  0.8696819E+04  0.6528210E-01
   0.2080910E+05  0.9100096E+04  0.6893170E-01
   0.2121237E+05  0.9503373E+04  0.7193400E-01
   0.2161565E+05  0.9906650E+04  0.7528630E-01
   0.2201893E+05  0.1030993E+05  0.7873970E-01
   0.2242220E+05  0.1071320E+05  0.8170730E-01
   0.2282548E+05  0.1111648E+05  0.8394680E-01
   0.2322876E+05  0.1151976E+05  0.8487210E-01
   0.2363204E+05  0.1192304E+05  0.8827800E-01
   0.2403531E+05  0.1232631E+05  0.8961030E-01
   0.2443859E+05  0.1272959E+05  0.9127920E-01
   0.2484187E+05  0.1313287E+05  0.9242740E-01
   0.2524514E+05  0.1353614E+05  0.9388980E-01
   0.2564842E+05  0.1393942E+05  0.9544820E-01
   0.2605170E+05  0.1434270E+05  0.9582220E-01
   0.2645497E+05  0.1474597E+05  0.9700880E-01
   0.2685825E+05  0.1514925E+05  0.9890540E-01
   0.2726153E+05  0.1555253E+05  0.9968660E-01
   0.2766481E+05  0.1595581E+05  0.1002030E+00
   0.2806808E+05  0.1635908E+05  0.1007020E+00
   0.2847136E+05  0.1676236E+05  0.1001430E+00
   0.2887464E+05  0.1716564E+05  0.9918390E-01
   0.2927791E+05  0.1756891E+05  0.9869320E-01
   0.2968119E+05  0.1797219E+05  0.9718140E-01
   0.3008447E+05  0.1837547E+05  0.9510110E-01
   0.3048775E+05  0.1877875E+05  0.9351170E-01
   0.3089102E+05  0.1918202E+05  0.9169930E-01
   0.3129430E+05  0.1958530E+05  0.8914440E-01
   0.3169758E+05  0.1998858E+05  0.8581170E-01
   0.3210085E+05  0.2039185E+05  0.8276880E-01
   0.3250413E+05  0.2079513E+05  0.8009260E-01
   0.3290741E+05  0.2119841E+05  0.7763140E-01
   0.3331068E+05  0.2160168E+05  0.7521220E-01
   0.3371396E+05  0.2200496E+05  0.7318950E-01
   0.3411724E+05  0.2240824E+05  0.7153560E-01
   0.3452052E+05  0.2281152E+05  0.7001550E-01
   0.3492379E+05  0.2321479E+05  0.6865860E-01
   0.3532707E+05  0.2361807E+05  0.6750790E-01
   0.3573035E+05  0.2402135E+05  0.6655070E-01
   0.3613362E+05  0.2442462E+05  0.6563650E-01
   0.3653690E+05  0.2482790E+05  0.6484650E-01
   0.3694018E+05  0.2523118E+05  0.6412080E-01
   0.3734346E+05  0.2563446E+05  0.6363330E-01
   0.3774673E+05  0.2603773E+05  0.6315680E-01
   0.3815001E+05  0.2644101E+05  0.6269410E-01
   0.3855329E+05  0.2684429E+05  0.6218280E-01
   0.3895656E+05  0.2724756E+05  0.6174780E-01
   0.3935984E+05  0.2765084E+05  0.6122250E-01
   0.3976312E+05  0.2805412E+05  0.6066200E-01
   0.4016639E+05  0.2845739E+05  0.6008490E-01
   0.4056967E+05  0.2886067E+05  0.5939800E-01
   0.4097295E+05  0.2926395E+05  0.5877480E-01
   0.4137623E+05  0.2966723E+05  0.5819080E-01
   0.4177950E+05  0.3007050E+05  0.5750060E-01
   0.4218278E+05  0.3047378E+05  0.5696980E-01
   0.4258606E+05  0.3087706E+05  0.5644500E-01
   0.4298933E+05  0.3128033E+05  0.5597330E-01
   0.4339261E+05  0.3168361E+05  0.5551670E-01
   0.4379589E+05  0.3208689E+05  0.5513780E-01
   0.4419917E+05  0.3249017E+05  0.5478470E-01
