   0.1403404E+05  0.7799342E+04  0.4936470E-05
   0.1419535E+05  0.7960652E+04  0.1818660E-04
   0.1435666E+05  0.8121963E+04  0.5800750E-04
   0.1451797E+05  0.8283274E+04  0.1575770E-03
   0.1467928E+05  0.8444585E+04  0.3412220E-03
   0.1484060E+05  0.8605896E+04  0.6438420E-03
   0.1500191E+05  0.8767207E+04  0.1074880E-02
   0.1516322E+05  0.8928517E+04  0.1597770E-02
   0.1532453E+05  0.9089828E+04  0.2181910E-02
   0.1548584E+05  0.9251139E+04  0.2865230E-02
   0.1564715E+05  0.9412450E+04  0.3631060E-02
   0.1580846E+05  0.9573761E+04  0.4460680E-02
   0.1596977E+05  0.9735071E+04  0.5337490E-02
   0.1613108E+05  0.9896382E+04  0.6245010E-02
   0.1629239E+05  0.1005769E+05  0.7208670E-02
   0.1645370E+05  0.1021900E+05  0.8208430E-02
   0.1661501E+05  0.1038031E+05  0.9240860E-02
   0.1677633E+05  0.1054163E+05  0.1029900E-01
   0.1693764E+05  0.1070294E+05  0.1154080E-01
   0.1709895E+05  0.1086425E+05  0.1284010E-01
   0.1726026E+05  0.1102556E+05  0.1442950E-01
   0.1742157E+05  0.1118687E+05  0.1622430E-01
   0.1758288E+05  0.1134818E+05  0.1786800E-01
   0.1774419E+05  0.1150949E+05  0.1945970E-01
   0.1790550E+05  0.1167080E+05  0.2108760E-01
   0.1806681E+05  0.1183211E+05  0.2336140E-01
   0.1822812E+05  0.1199342E+05  0.2490460E-01
   0.1838943E+05  0.1215473E+05  0.2603400E-01
   0.1879271E+05  0.1255801E+05  0.2837020E-01
   0.1919599E+05  0.1296129E+05  0.3301040E-01
   0.1959927E+05  0.1336457E+05  0.3631150E-01
   0.2000254E+05  0.1376784E+05  0.3955880E-01
   0.2040582E+05  0.1417112E+05  0.4250530E-01
   0.2080910E+05  0.1457440E+05  0.4452340E-01
   0.2121237E+05  0.1497767E+05  0.4764590E-01
   0.2161565E+05  0.1538095E+05  0.4930980E-01
   0.2201893E+05  0.1578423E+05  0.5140250E-01
   0.2242220E+05  0.1618750E+05  0.5385360E-01
   0.2282548E+05  0.1659078E+05  0.5581270E-01
   0.2322876E+05  0.1699406E+05  0.5844900E-01
   0.2363204E+05  0.1739734E+05  0.6001220E-01
   0.2403531E+05  0.1780061E+05  0.6164450E-01
   0.2443859E+05  0.1820389E+05  0.6385780E-01
   0.2484187E+05  0.1860717E+05  0.6548750E-01
   0.2524514E+05  0.1901044E+05  0.6662760E-01
   0.2564842E+05  0.1941372E+05  0.6734330E-01
   0.2605170E+05  0.1981700E+05  0.6831620E-01
   0.2645497E+05  0.2022027E+05  0.6876660E-01
   0.2685825E+05  0.2062355E+05  0.6911380E-01
   0.2726153E+05  0.2102683E+05  0.7020200E-01
   0.2766481E+05  0.2143011E+05  0.7033580E-01
   0.2806808E+05  0.2183338E+05  0.7015780E-01
   0.2847136E+05  0.2223666E+05  0.6986520E-01
   0.2887464E+05  0.2263994E+05  0.6910130E-01
   0.2927791E+05  0.2304321E+05  0.6855440E-01
   0.2968119E+05  0.2344649E+05  0.6781640E-01
   0.3008447E+05  0.2384977E+05  0.6773480E-01
   0.3048775E+05  0.2425305E+05  0.6728960E-01
   0.3089102E+05  0.2465632E+05  0.6697260E-01
   0.3129430E+05  0.2505960E+05  0.6669470E-01
   0.3169758E+05  0.2546288E+05  0.6603400E-01
   0.3210085E+05  0.2586615E+05  0.6544350E-01
   0.3250413E+05  0.2626943E+05  0.6550420E-01
   0.3290741E+05  0.2667271E+05  0.6581600E-01
   0.3331068E+05  0.2707598E+05  0.6584460E-01
   0.3371396E+05  0.2747926E+05  0.6576570E-01
   0.3411724E+05  0.2788254E+05  0.6560020E-01
   0.3452052E+05  0.2828582E+05  0.6520770E-01
   0.3492379E+05  0.2868909E+05  0.6472800E-01
   0.3532707E+05  0.2909237E+05  0.6462880E-01
   0.3573035E+05  0.2949565E+05  0.6479620E-01
   0.3613362E+05  0.2989892E+05  0.6513760E-01
   0.3653690E+05  0.3030220E+05  0.6558230E-01
   0.3694018E+05  0.3070548E+05  0.6603140E-01
   0.3734346E+05  0.3110876E+05  0.6640680E-01
   0.3774673E+05  0.3151203E+05  0.6681510E-01
   0.3815001E+05  0.3191531E+05  0.6723050E-01
   0.3855329E+05  0.3231859E+05  0.6787580E-01
   0.3895656E+05  0.3272186E+05  0.6852430E-01
   0.3935984E+05  0.3312514E+05  0.6919930E-01
   0.3976312E+05  0.3352842E+05  0.6986790E-01
   0.4016639E+05  0.3393169E+05  0.7056380E-01
   0.4056967E+05  0.3433497E+05  0.7118970E-01
   0.4097295E+05  0.3473825E+05  0.7189070E-01
   0.4137623E+05  0.3514153E+05  0.7254780E-01
   0.4177950E+05  0.3554480E+05  0.7343040E-01
   0.4218278E+05  0.3594808E+05  0.7413680E-01
   0.4258606E+05  0.3635136E+05  0.7502600E-01
   0.4298933E+05  0.3675463E+05  0.7578500E-01
   0.4339261E+05  0.3715791E+05  0.7652290E-01
   0.4379589E+05  0.3756119E+05  0.7728180E-01
   0.4419917E+05  0.3796447E+05  0.7813530E-01
