   0.1919599E+05  0.1701559E+05  0.2036930E-03
   0.1959927E+05  0.1741887E+05  0.1396980E-02
   0.2000254E+05  0.1782214E+05  0.3003820E-02
   0.2040582E+05  0.1822542E+05  0.4415650E-02
   0.2080910E+05  0.1862870E+05  0.6941320E-02
   0.2121237E+05  0.1903197E+05  0.1022590E-01
   0.2161565E+05  0.1943525E+05  0.1189960E-01
   0.2201893E+05  0.1983853E+05  0.1445730E-01
   0.2242220E+05  0.2024180E+05  0.1640930E-01
   0.2282548E+05  0.2064508E+05  0.1859660E-01
   0.2322876E+05  0.2104836E+05  0.2067180E-01
   0.2363204E+05  0.2145164E+05  0.2411460E-01
   0.2403531E+05  0.2185491E+05  0.2786470E-01
   0.2443859E+05  0.2225819E+05  0.3284630E-01
   0.2484187E+05  0.2266147E+05  0.3806610E-01
   0.2524514E+05  0.2306474E+05  0.4141960E-01
   0.2564842E+05  0.2346802E+05  0.4468240E-01
   0.2605170E+05  0.2387130E+05  0.4732960E-01
   0.2645497E+05  0.2427457E+05  0.5074720E-01
   0.2685825E+05  0.2467785E+05  0.5283050E-01
   0.2726153E+05  0.2508113E+05  0.5379590E-01
   0.2766481E+05  0.2548441E+05  0.5334630E-01
   0.2806808E+05  0.2588768E+05  0.5192420E-01
   0.2847136E+05  0.2629096E+05  0.4957200E-01
   0.2887464E+05  0.2669424E+05  0.4728540E-01
   0.2927791E+05  0.2709751E+05  0.4519380E-01
   0.2968119E+05  0.2750079E+05  0.4191550E-01
   0.3008447E+05  0.2790407E+05  0.3781780E-01
   0.3048775E+05  0.2830735E+05  0.3375480E-01
   0.3089102E+05  0.2871062E+05  0.3071120E-01
   0.3129430E+05  0.2911390E+05  0.2818530E-01
   0.3169758E+05  0.2951718E+05  0.2610030E-01
   0.3210085E+05  0.2992045E+05  0.2392350E-01
   0.3250413E+05  0.3032373E+05  0.2128360E-01
   0.3290741E+05  0.3072701E+05  0.1996340E-01
   0.3331068E+05  0.3113028E+05  0.1983300E-01
   0.3371396E+05  0.3153356E+05  0.1961780E-01
   0.3411724E+05  0.3193684E+05  0.1873220E-01
   0.3452052E+05  0.3234012E+05  0.1727080E-01
   0.3492379E+05  0.3274339E+05  0.1572290E-01
   0.3532707E+05  0.3314667E+05  0.1457280E-01
   0.3573035E+05  0.3354995E+05  0.1400620E-01
   0.3613362E+05  0.3395322E+05  0.1382520E-01
   0.3653690E+05  0.3435650E+05  0.1337670E-01
   0.3694018E+05  0.3475978E+05  0.1264300E-01
   0.3734346E+05  0.3516306E+05  0.1170050E-01
   0.3774673E+05  0.3556633E+05  0.1090830E-01
   0.3815001E+05  0.3596961E+05  0.1027590E-01
   0.3855329E+05  0.3637289E+05  0.9787880E-02
   0.3895656E+05  0.3677616E+05  0.9330510E-02
   0.3935984E+05  0.3717944E+05  0.9009270E-02
   0.3976312E+05  0.3758272E+05  0.8558700E-02
   0.4016639E+05  0.3798599E+05  0.8226670E-02
   0.4056967E+05  0.3838927E+05  0.7811380E-02
   0.4097295E+05  0.3879255E+05  0.7528260E-02
   0.4137623E+05  0.3919583E+05  0.7240680E-02
   0.4177950E+05  0.3959910E+05  0.7072950E-02
   0.4218278E+05  0.4000238E+05  0.6904320E-02
   0.4258606E+05  0.4040566E+05  0.6823770E-02
   0.4298933E+05  0.4080893E+05  0.6569990E-02
   0.4339261E+05  0.4121221E+05  0.6386680E-02
   0.4379589E+05  0.4161549E+05  0.6206000E-02
   0.4419917E+05  0.4201877E+05  0.6090390E-02
