   0.1580846E+05  0.1188686E+05  0.1145270E-05
   0.1596977E+05  0.1204817E+05  0.6060550E-05
   0.1613108E+05  0.1220948E+05  0.2671970E-04
   0.1629239E+05  0.1237079E+05  0.7618650E-04
   0.1645370E+05  0.1253210E+05  0.1843580E-03
   0.1661501E+05  0.1269341E+05  0.3694110E-03
   0.1677633E+05  0.1285473E+05  0.6213720E-03
   0.1693764E+05  0.1301604E+05  0.9168730E-03
   0.1709895E+05  0.1317735E+05  0.1226590E-02
   0.1726026E+05  0.1333866E+05  0.1537600E-02
   0.1742157E+05  0.1349997E+05  0.1832000E-02
   0.1758288E+05  0.1366128E+05  0.2133480E-02
   0.1774419E+05  0.1382259E+05  0.2421570E-02
   0.1790550E+05  0.1398390E+05  0.2762650E-02
   0.1806681E+05  0.1414521E+05  0.3124590E-02
   0.1822812E+05  0.1430652E+05  0.3468210E-02
   0.1838943E+05  0.1446783E+05  0.3869160E-02
   0.1879271E+05  0.1487111E+05  0.4861120E-02
   0.1919599E+05  0.1527439E+05  0.6140770E-02
   0.1959927E+05  0.1567767E+05  0.7283920E-02
   0.2000254E+05  0.1608094E+05  0.8477310E-02
   0.2040582E+05  0.1648422E+05  0.9733060E-02
   0.2080910E+05  0.1688750E+05  0.1106590E-01
   0.2121237E+05  0.1729077E+05  0.1241050E-01
   0.2161565E+05  0.1769405E+05  0.1347380E-01
   0.2201893E+05  0.1809733E+05  0.1477900E-01
   0.2242220E+05  0.1850060E+05  0.1599110E-01
   0.2282548E+05  0.1890388E+05  0.1669750E-01
   0.2322876E+05  0.1930716E+05  0.1756240E-01
   0.2363204E+05  0.1971044E+05  0.1812560E-01
   0.2403531E+05  0.2011371E+05  0.1844500E-01
   0.2443859E+05  0.2051699E+05  0.1896320E-01
   0.2484187E+05  0.2092027E+05  0.1955150E-01
   0.2524514E+05  0.2132354E+05  0.1991320E-01
   0.2564842E+05  0.2172682E+05  0.2012900E-01
   0.2605170E+05  0.2213010E+05  0.2039080E-01
   0.2645497E+05  0.2253337E+05  0.2027970E-01
   0.2685825E+05  0.2293665E+05  0.1987460E-01
   0.2726153E+05  0.2333993E+05  0.1954370E-01
   0.2766481E+05  0.2374321E+05  0.1939300E-01
   0.2806808E+05  0.2414648E+05  0.1893740E-01
   0.2847136E+05  0.2454976E+05  0.1813190E-01
   0.2887464E+05  0.2495304E+05  0.1722800E-01
   0.2927791E+05  0.2535631E+05  0.1648670E-01
   0.2968119E+05  0.2575959E+05  0.1566480E-01
   0.3008447E+05  0.2616287E+05  0.1481610E-01
   0.3048775E+05  0.2656615E+05  0.1393060E-01
   0.3089102E+05  0.2696942E+05  0.1296810E-01
   0.3129430E+05  0.2737270E+05  0.1203280E-01
   0.3169758E+05  0.2777598E+05  0.1127320E-01
   0.3210085E+05  0.2817925E+05  0.1049010E-01
   0.3250413E+05  0.2858253E+05  0.9736470E-02
   0.3290741E+05  0.2898581E+05  0.9093970E-02
   0.3331068E+05  0.2938908E+05  0.8566900E-02
   0.3371396E+05  0.2979236E+05  0.8109020E-02
   0.3411724E+05  0.3019564E+05  0.7690220E-02
   0.3452052E+05  0.3059892E+05  0.7322670E-02
   0.3492379E+05  0.3100219E+05  0.6975030E-02
   0.3532707E+05  0.3140547E+05  0.6659620E-02
   0.3573035E+05  0.3180875E+05  0.6389120E-02
   0.3613362E+05  0.3221202E+05  0.6159200E-02
   0.3653690E+05  0.3261530E+05  0.5948450E-02
   0.3694018E+05  0.3301858E+05  0.5741800E-02
   0.3734346E+05  0.3342186E+05  0.5548970E-02
   0.3774673E+05  0.3382513E+05  0.5370140E-02
   0.3815001E+05  0.3422841E+05  0.5196340E-02
   0.3855329E+05  0.3463169E+05  0.5046600E-02
   0.3895656E+05  0.3503496E+05  0.4899430E-02
   0.3935984E+05  0.3543824E+05  0.4756450E-02
   0.3976312E+05  0.3584152E+05  0.4636020E-02
   0.4016639E+05  0.3624479E+05  0.4500970E-02
   0.4056967E+05  0.3664807E+05  0.4378830E-02
   0.4097295E+05  0.3705135E+05  0.4260810E-02
   0.4137623E+05  0.3745463E+05  0.4148210E-02
   0.4177950E+05  0.3785790E+05  0.4034430E-02
   0.4218278E+05  0.3826118E+05  0.3946790E-02
   0.4258606E+05  0.3866446E+05  0.3855790E-02
   0.4298933E+05  0.3906773E+05  0.3758630E-02
   0.4339261E+05  0.3947101E+05  0.3675560E-02
   0.4379589E+05  0.3987429E+05  0.3589880E-02
   0.4419917E+05  0.4027757E+05  0.3505110E-02
