   0.1822812E+05  0.7744123E+04  0.9435130E-06
   0.1838943E+05  0.7905434E+04  0.2051920E-04
   0.1879271E+05  0.8308711E+04  0.5683450E-03
   0.1919599E+05  0.8711988E+04  0.1693790E-02
   0.1959927E+05  0.9115265E+04  0.2568760E-02
   0.2000254E+05  0.9518542E+04  0.3037100E-02
   0.2040582E+05  0.9921819E+04  0.3257300E-02
   0.2080910E+05  0.1032510E+05  0.3757530E-02
   0.2121237E+05  0.1072837E+05  0.5105460E-02
   0.2161565E+05  0.1113165E+05  0.6871350E-02
   0.2201893E+05  0.1153493E+05  0.8794580E-02
   0.2242220E+05  0.1193820E+05  0.1100610E-01
   0.2282548E+05  0.1234148E+05  0.1301530E-01
   0.2322876E+05  0.1274476E+05  0.1569450E-01
   0.2363204E+05  0.1314804E+05  0.1883510E-01
   0.2403531E+05  0.1355131E+05  0.2160770E-01
   0.2443859E+05  0.1395459E+05  0.2405620E-01
   0.2484187E+05  0.1435787E+05  0.2584500E-01
   0.2524514E+05  0.1476114E+05  0.2777890E-01
   0.2564842E+05  0.1516442E+05  0.2943740E-01
   0.2605170E+05  0.1556770E+05  0.3131060E-01
   0.2645497E+05  0.1597097E+05  0.3304870E-01
   0.2685825E+05  0.1637425E+05  0.3451280E-01
   0.2726153E+05  0.1677753E+05  0.3608410E-01
   0.2766481E+05  0.1718081E+05  0.3740990E-01
   0.2806808E+05  0.1758408E+05  0.3878410E-01
   0.2847136E+05  0.1798736E+05  0.4063380E-01
   0.2887464E+05  0.1839064E+05  0.4165260E-01
   0.2927791E+05  0.1879391E+05  0.4220250E-01
   0.2968119E+05  0.1919719E+05  0.4288280E-01
   0.3008447E+05  0.1960047E+05  0.4332040E-01
   0.3048775E+05  0.2000375E+05  0.4316720E-01
   0.3089102E+05  0.2040702E+05  0.4315230E-01
   0.3129430E+05  0.2081030E+05  0.4316720E-01
   0.3169758E+05  0.2121358E+05  0.4299410E-01
   0.3210085E+05  0.2161685E+05  0.4248930E-01
   0.3250413E+05  0.2202013E+05  0.4156510E-01
   0.3290741E+05  0.2242341E+05  0.4034440E-01
   0.3331068E+05  0.2282668E+05  0.3896940E-01
   0.3371396E+05  0.2322996E+05  0.3765770E-01
   0.3411724E+05  0.2363324E+05  0.3633840E-01
   0.3452052E+05  0.2403652E+05  0.3502830E-01
   0.3492379E+05  0.2443979E+05  0.3382830E-01
   0.3532707E+05  0.2484307E+05  0.3279720E-01
   0.3573035E+05  0.2524635E+05  0.3187980E-01
   0.3613362E+05  0.2564962E+05  0.3107720E-01
   0.3653690E+05  0.2605290E+05  0.3028230E-01
   0.3694018E+05  0.2645618E+05  0.2954040E-01
   0.3734346E+05  0.2685946E+05  0.2891250E-01
   0.3774673E+05  0.2726273E+05  0.2839390E-01
   0.3815001E+05  0.2766601E+05  0.2798610E-01
   0.3855329E+05  0.2806929E+05  0.2759010E-01
   0.3895656E+05  0.2847256E+05  0.2716090E-01
   0.3935984E+05  0.2887584E+05  0.2671200E-01
   0.3976312E+05  0.2927912E+05  0.2624920E-01
   0.4016639E+05  0.2968239E+05  0.2568140E-01
   0.4056967E+05  0.3008567E+05  0.2509190E-01
   0.4097295E+05  0.3048895E+05  0.2444850E-01
   0.4137623E+05  0.3089223E+05  0.2372570E-01
   0.4177950E+05  0.3129550E+05  0.2301490E-01
   0.4218278E+05  0.3169878E+05  0.2225200E-01
   0.4258606E+05  0.3210206E+05  0.2149440E-01
   0.4298933E+05  0.3250533E+05  0.2079740E-01
   0.4339261E+05  0.3290861E+05  0.2011640E-01
   0.4379589E+05  0.3331189E+05  0.1947390E-01
   0.4419917E+05  0.3371517E+05  0.1884500E-01
