   0.2443859E+05  0.1622389E+05  0.1349310E-03
   0.2484187E+05  0.1662717E+05  0.1173490E-02
   0.2524514E+05  0.1703044E+05  0.2293580E-02
   0.2564842E+05  0.1743372E+05  0.3171420E-02
   0.2605170E+05  0.1783700E+05  0.4233680E-02
   0.2645497E+05  0.1824027E+05  0.5150330E-02
   0.2685825E+05  0.1864355E+05  0.6404130E-02
   0.2726153E+05  0.1904683E+05  0.7932000E-02
   0.2766481E+05  0.1945011E+05  0.9554480E-02
   0.2806808E+05  0.1985338E+05  0.1119690E-01
   0.2847136E+05  0.2025666E+05  0.1272610E-01
   0.2887464E+05  0.2065994E+05  0.1426900E-01
   0.2927791E+05  0.2106321E+05  0.1566390E-01
   0.2968119E+05  0.2146649E+05  0.1663880E-01
   0.3008447E+05  0.2186977E+05  0.1751630E-01
   0.3048775E+05  0.2227305E+05  0.1861310E-01
   0.3089102E+05  0.2267632E+05  0.1943040E-01
   0.3129430E+05  0.2307960E+05  0.2018280E-01
   0.3169758E+05  0.2348288E+05  0.2074750E-01
   0.3210085E+05  0.2388615E+05  0.2137070E-01
   0.3250413E+05  0.2428943E+05  0.2195980E-01
   0.3290741E+05  0.2469271E+05  0.2248220E-01
   0.3331068E+05  0.2509598E+05  0.2305910E-01
   0.3371396E+05  0.2549926E+05  0.2365070E-01
   0.3411724E+05  0.2590254E+05  0.2419420E-01
   0.3452052E+05  0.2630582E+05  0.2469230E-01
   0.3492379E+05  0.2670909E+05  0.2518400E-01
   0.3532707E+05  0.2711237E+05  0.2567260E-01
   0.3573035E+05  0.2751565E+05  0.2609660E-01
   0.3613362E+05  0.2791892E+05  0.2647510E-01
   0.3653690E+05  0.2832220E+05  0.2679730E-01
   0.3694018E+05  0.2872548E+05  0.2707990E-01
   0.3734346E+05  0.2912876E+05  0.2735090E-01
   0.3774673E+05  0.2953203E+05  0.2762740E-01
   0.3815001E+05  0.2993531E+05  0.2789330E-01
   0.3855329E+05  0.3033859E+05  0.2819430E-01
   0.3895656E+05  0.3074186E+05  0.2848740E-01
   0.3935984E+05  0.3114514E+05  0.2874510E-01
   0.3976312E+05  0.3154842E+05  0.2896810E-01
   0.4016639E+05  0.3195169E+05  0.2907090E-01
   0.4056967E+05  0.3235497E+05  0.2913930E-01
   0.4097295E+05  0.3275825E+05  0.2914310E-01
   0.4137623E+05  0.3316153E+05  0.2907110E-01
   0.4177950E+05  0.3356480E+05  0.2904850E-01
   0.4218278E+05  0.3396808E+05  0.2888440E-01
   0.4258606E+05  0.3437136E+05  0.2875700E-01
   0.4298933E+05  0.3477463E+05  0.2846220E-01
   0.4339261E+05  0.3517791E+05  0.2828070E-01
   0.4379589E+05  0.3558119E+05  0.2797060E-01
   0.4419917E+05  0.3598447E+05  0.2777470E-01
