   0.2242220E+05  0.8111204E+04  0.1151920E-02
   0.2282548E+05  0.8514481E+04  0.3716650E-02
   0.2322876E+05  0.8917759E+04  0.4792120E-02
   0.2363204E+05  0.9321036E+04  0.5370100E-02
   0.2403531E+05  0.9724313E+04  0.6526960E-02
   0.2443859E+05  0.1012759E+05  0.7242820E-02
   0.2484187E+05  0.1053087E+05  0.7755750E-02
   0.2524514E+05  0.1093414E+05  0.8912930E-02
   0.2564842E+05  0.1133742E+05  0.1059640E-01
   0.2605170E+05  0.1174070E+05  0.1291810E-01
   0.2645497E+05  0.1214397E+05  0.1537210E-01
   0.2685825E+05  0.1254725E+05  0.1815620E-01
   0.2726153E+05  0.1295053E+05  0.2094120E-01
   0.2766481E+05  0.1335381E+05  0.2391860E-01
   0.2806808E+05  0.1375708E+05  0.2649370E-01
   0.2847136E+05  0.1416036E+05  0.2897430E-01
   0.2887464E+05  0.1456364E+05  0.3110780E-01
   0.2927791E+05  0.1496691E+05  0.3314190E-01
   0.2968119E+05  0.1537019E+05  0.3522720E-01
   0.3008447E+05  0.1577347E+05  0.3693280E-01
   0.3048775E+05  0.1617675E+05  0.3863320E-01
   0.3089102E+05  0.1658002E+05  0.4058380E-01
   0.3129430E+05  0.1698330E+05  0.4230740E-01
   0.3169758E+05  0.1738658E+05  0.4374910E-01
   0.3210085E+05  0.1778985E+05  0.4496670E-01
   0.3250413E+05  0.1819313E+05  0.4617230E-01
   0.3290741E+05  0.1859641E+05  0.4740600E-01
   0.3331068E+05  0.1899968E+05  0.4816690E-01
   0.3371396E+05  0.1940296E+05  0.4868720E-01
   0.3411724E+05  0.1980624E+05  0.4903410E-01
   0.3452052E+05  0.2020952E+05  0.4921790E-01
   0.3492379E+05  0.2061279E+05  0.4916090E-01
   0.3532707E+05  0.2101607E+05  0.4899200E-01
   0.3573035E+05  0.2141935E+05  0.4875140E-01
   0.3613362E+05  0.2182262E+05  0.4852340E-01
   0.3653690E+05  0.2222590E+05  0.4826450E-01
   0.3694018E+05  0.2262918E+05  0.4816970E-01
   0.3734346E+05  0.2303246E+05  0.4820590E-01
   0.3774673E+05  0.2343573E+05  0.4824430E-01
   0.3815001E+05  0.2383901E+05  0.4812740E-01
   0.3855329E+05  0.2424229E+05  0.4780510E-01
   0.3895656E+05  0.2464556E+05  0.4750180E-01
   0.3935984E+05  0.2504884E+05  0.4729460E-01
   0.3976312E+05  0.2545212E+05  0.4705000E-01
   0.4016639E+05  0.2585539E+05  0.4673420E-01
   0.4056967E+05  0.2625867E+05  0.4637090E-01
   0.4097295E+05  0.2666195E+05  0.4607380E-01
   0.4137623E+05  0.2706523E+05  0.4586820E-01
   0.4177950E+05  0.2746850E+05  0.4558010E-01
   0.4218278E+05  0.2787178E+05  0.4544880E-01
   0.4258606E+05  0.2827506E+05  0.4514290E-01
   0.4298933E+05  0.2867833E+05  0.4516810E-01
   0.4339261E+05  0.2908161E+05  0.4515160E-01
   0.4379589E+05  0.2948489E+05  0.4513690E-01
   0.4419917E+05  0.2988817E+05  0.4525460E-01
