   0.1580846E+05  0.1245856E+05  0.4502440E-05
   0.1596977E+05  0.1261987E+05  0.2872710E-04
   0.1613108E+05  0.1278118E+05  0.1203180E-03
   0.1629239E+05  0.1294249E+05  0.3648740E-03
   0.1645370E+05  0.1310380E+05  0.9103900E-03
   0.1661501E+05  0.1326511E+05  0.1833180E-02
   0.1677633E+05  0.1342643E+05  0.3054970E-02
   0.1693764E+05  0.1358774E+05  0.4424770E-02
   0.1709895E+05  0.1374905E+05  0.5783600E-02
   0.1726026E+05  0.1391036E+05  0.7064660E-02
   0.1742157E+05  0.1407167E+05  0.8255080E-02
   0.1758288E+05  0.1423298E+05  0.9291210E-02
   0.1774419E+05  0.1439429E+05  0.1017450E-01
   0.1790550E+05  0.1455560E+05  0.1102930E-01
   0.1806681E+05  0.1471691E+05  0.1190770E-01
   0.1822812E+05  0.1487822E+05  0.1280360E-01
   0.1838943E+05  0.1503953E+05  0.1364850E-01
   0.1879271E+05  0.1544281E+05  0.1572370E-01
   0.1919599E+05  0.1584609E+05  0.1821310E-01
   0.1959927E+05  0.1624937E+05  0.2111340E-01
   0.2000254E+05  0.1665264E+05  0.2391470E-01
   0.2040582E+05  0.1705592E+05  0.2683240E-01
   0.2080910E+05  0.1745920E+05  0.2937770E-01
   0.2121237E+05  0.1786247E+05  0.3191050E-01
   0.2161565E+05  0.1826575E+05  0.3475320E-01
   0.2201893E+05  0.1866903E+05  0.3792240E-01
   0.2242220E+05  0.1907230E+05  0.4052730E-01
   0.2282548E+05  0.1947558E+05  0.4255250E-01
   0.2322876E+05  0.1987886E+05  0.4545270E-01
   0.2363204E+05  0.2028214E+05  0.4759340E-01
   0.2403531E+05  0.2068541E+05  0.4840180E-01
   0.2443859E+05  0.2108869E+05  0.4977130E-01
   0.2484187E+05  0.2149197E+05  0.4969390E-01
   0.2524514E+05  0.2189524E+05  0.5030270E-01
   0.2564842E+05  0.2229852E+05  0.5094470E-01
   0.2605170E+05  0.2270180E+05  0.5085950E-01
   0.2645497E+05  0.2310507E+05  0.5095370E-01
   0.2685825E+05  0.2350835E+05  0.5048140E-01
   0.2726153E+05  0.2391163E+05  0.5008990E-01
   0.2766481E+05  0.2431491E+05  0.4955920E-01
   0.2806808E+05  0.2471818E+05  0.4893180E-01
   0.2847136E+05  0.2512146E+05  0.4775910E-01
   0.2887464E+05  0.2552474E+05  0.4672450E-01
   0.2927791E+05  0.2592801E+05  0.4547360E-01
   0.2968119E+05  0.2633129E+05  0.4443930E-01
   0.3008447E+05  0.2673457E+05  0.4349600E-01
   0.3048775E+05  0.2713785E+05  0.4262410E-01
   0.3089102E+05  0.2754112E+05  0.4201810E-01
   0.3129430E+05  0.2794440E+05  0.4182820E-01
   0.3169758E+05  0.2834768E+05  0.4151140E-01
   0.3210085E+05  0.2875095E+05  0.4094670E-01
   0.3250413E+05  0.2915423E+05  0.4031360E-01
   0.3290741E+05  0.2955751E+05  0.3971380E-01
   0.3331068E+05  0.2996078E+05  0.3893730E-01
   0.3371396E+05  0.3036406E+05  0.3809320E-01
   0.3411724E+05  0.3076734E+05  0.3750850E-01
   0.3452052E+05  0.3117062E+05  0.3719030E-01
   0.3492379E+05  0.3157389E+05  0.3682870E-01
   0.3532707E+05  0.3197717E+05  0.3648870E-01
   0.3573035E+05  0.3238045E+05  0.3618320E-01
   0.3613362E+05  0.3278372E+05  0.3596330E-01
   0.3653690E+05  0.3318700E+05  0.3568710E-01
   0.3694018E+05  0.3359028E+05  0.3542670E-01
   0.3734346E+05  0.3399356E+05  0.3526160E-01
   0.3774673E+05  0.3439683E+05  0.3508430E-01
   0.3815001E+05  0.3480011E+05  0.3494110E-01
   0.3855329E+05  0.3520339E+05  0.3478720E-01
   0.3895656E+05  0.3560666E+05  0.3459480E-01
   0.3935984E+05  0.3600994E+05  0.3443800E-01
   0.3976312E+05  0.3641322E+05  0.3429000E-01
   0.4016639E+05  0.3681649E+05  0.3411040E-01
   0.4056967E+05  0.3721977E+05  0.3400330E-01
   0.4097295E+05  0.3762305E+05  0.3379870E-01
   0.4137623E+05  0.3802633E+05  0.3357880E-01
   0.4177950E+05  0.3842960E+05  0.3346300E-01
   0.4218278E+05  0.3883288E+05  0.3338390E-01
   0.4258606E+05  0.3923616E+05  0.3323780E-01
   0.4298933E+05  0.3963943E+05  0.3314520E-01
   0.4339261E+05  0.4004271E+05  0.3298150E-01
   0.4379589E+05  0.4044599E+05  0.3303290E-01
   0.4419917E+05  0.4084927E+05  0.3304770E-01
