   0.1879271E+05  0.8308711E+04  0.4107020E-05
   0.1919599E+05  0.8711988E+04  0.1551280E-03
   0.1959927E+05  0.9115265E+04  0.1059380E-02
   0.2000254E+05  0.9518542E+04  0.3020750E-02
   0.2040582E+05  0.9921819E+04  0.6547370E-02
   0.2080910E+05  0.1032510E+05  0.1079820E-01
   0.2121237E+05  0.1072837E+05  0.1594160E-01
   0.2161565E+05  0.1113165E+05  0.2133200E-01
   0.2201893E+05  0.1153493E+05  0.2610110E-01
   0.2242220E+05  0.1193820E+05  0.3026750E-01
   0.2282548E+05  0.1234148E+05  0.3254400E-01
   0.2322876E+05  0.1274476E+05  0.3455230E-01
   0.2363204E+05  0.1314804E+05  0.3757520E-01
   0.2403531E+05  0.1355131E+05  0.4243580E-01
   0.2443859E+05  0.1395459E+05  0.4658640E-01
   0.2484187E+05  0.1435787E+05  0.4904360E-01
   0.2524514E+05  0.1476114E+05  0.5115910E-01
   0.2564842E+05  0.1516442E+05  0.5286010E-01
   0.2605170E+05  0.1556770E+05  0.5413790E-01
   0.2645497E+05  0.1597097E+05  0.5614890E-01
   0.2685825E+05  0.1637425E+05  0.5696710E-01
   0.2726153E+05  0.1677753E+05  0.5737660E-01
   0.2766481E+05  0.1718081E+05  0.5726160E-01
   0.2806808E+05  0.1758408E+05  0.5680580E-01
   0.2847136E+05  0.1798736E+05  0.5658930E-01
   0.2887464E+05  0.1839064E+05  0.5537180E-01
   0.2927791E+05  0.1879391E+05  0.5457120E-01
   0.2968119E+05  0.1919719E+05  0.5443960E-01
   0.3008447E+05  0.1960047E+05  0.5331410E-01
   0.3048775E+05  0.2000375E+05  0.5260790E-01
   0.3089102E+05  0.2040702E+05  0.5272450E-01
   0.3129430E+05  0.2081030E+05  0.5235790E-01
   0.3169758E+05  0.2121358E+05  0.5199960E-01
   0.3210085E+05  0.2161685E+05  0.5211350E-01
   0.3250413E+05  0.2202013E+05  0.5202480E-01
   0.3290741E+05  0.2242341E+05  0.5188620E-01
   0.3331068E+05  0.2282668E+05  0.5194540E-01
   0.3371396E+05  0.2322996E+05  0.5204620E-01
   0.3411724E+05  0.2363324E+05  0.5193400E-01
   0.3452052E+05  0.2403652E+05  0.5180200E-01
   0.3492379E+05  0.2443979E+05  0.5176170E-01
   0.3532707E+05  0.2484307E+05  0.5171360E-01
   0.3573035E+05  0.2524635E+05  0.5159170E-01
   0.3613362E+05  0.2564962E+05  0.5138620E-01
   0.3653690E+05  0.2605290E+05  0.5111280E-01
   0.3694018E+05  0.2645618E+05  0.5075690E-01
   0.3734346E+05  0.2685946E+05  0.5022070E-01
   0.3774673E+05  0.2726273E+05  0.4960930E-01
   0.3815001E+05  0.2766601E+05  0.4891950E-01
   0.3855329E+05  0.2806929E+05  0.4815590E-01
   0.3895656E+05  0.2847256E+05  0.4728790E-01
   0.3935984E+05  0.2887584E+05  0.4642880E-01
   0.3976312E+05  0.2927912E+05  0.4556550E-01
   0.4016639E+05  0.2968239E+05  0.4459490E-01
   0.4056967E+05  0.3008567E+05  0.4367640E-01
   0.4097295E+05  0.3048895E+05  0.4278500E-01
   0.4137623E+05  0.3089223E+05  0.4191480E-01
   0.4177950E+05  0.3129550E+05  0.4105440E-01
   0.4218278E+05  0.3169878E+05  0.4023710E-01
   0.4258606E+05  0.3210206E+05  0.3949230E-01
   0.4298933E+05  0.3250533E+05  0.3876180E-01
   0.4339261E+05  0.3290861E+05  0.3810400E-01
   0.4379589E+05  0.3331189E+05  0.3734740E-01
   0.4419917E+05  0.3371517E+05  0.3673330E-01
