   0.1258224E+05  0.4584844E+04  0.5406950E-05
   0.1274356E+05  0.4746155E+04  0.2401740E-04
   0.1290487E+05  0.4907466E+04  0.7942070E-04
   0.1306618E+05  0.5068777E+04  0.2047160E-03
   0.1322749E+05  0.5230087E+04  0.4354550E-03
   0.1338880E+05  0.5391398E+04  0.8151740E-03
   0.1355011E+05  0.5552709E+04  0.1414210E-02
   0.1371142E+05  0.5714020E+04  0.2260060E-02
   0.1387273E+05  0.5875331E+04  0.3366630E-02
   0.1403404E+05  0.6036642E+04  0.4732020E-02
   0.1419535E+05  0.6197952E+04  0.6365700E-02
   0.1435666E+05  0.6359263E+04  0.8254780E-02
   0.1451797E+05  0.6520574E+04  0.1034150E-01
   0.1467928E+05  0.6681885E+04  0.1250140E-01
   0.1484060E+05  0.6843196E+04  0.1459600E-01
   0.1500191E+05  0.7004507E+04  0.1661090E-01
   0.1516322E+05  0.7165817E+04  0.1848290E-01
   0.1532453E+05  0.7327128E+04  0.2009370E-01
   0.1548584E+05  0.7488439E+04  0.2138900E-01
   0.1564715E+05  0.7649750E+04  0.2241660E-01
   0.1580846E+05  0.7811061E+04  0.2326160E-01
   0.1596977E+05  0.7972371E+04  0.2400370E-01
   0.1613108E+05  0.8133682E+04  0.2464810E-01
   0.1629239E+05  0.8294993E+04  0.2513880E-01
   0.1645370E+05  0.8456304E+04  0.2561700E-01
   0.1661501E+05  0.8617615E+04  0.2607400E-01
   0.1677633E+05  0.8778926E+04  0.2640640E-01
   0.1693764E+05  0.8940236E+04  0.2662670E-01
   0.1709895E+05  0.9101547E+04  0.2681220E-01
   0.1726026E+05  0.9262858E+04  0.2689790E-01
   0.1742157E+05  0.9424169E+04  0.2706490E-01
   0.1758288E+05  0.9585480E+04  0.2718190E-01
   0.1774419E+05  0.9746791E+04  0.2730590E-01
   0.1790550E+05  0.9908101E+04  0.2750970E-01
   0.1806681E+05  0.1006941E+05  0.2764300E-01
   0.1822812E+05  0.1023072E+05  0.2763970E-01
   0.1838943E+05  0.1039203E+05  0.2770080E-01
   0.1879271E+05  0.1079531E+05  0.2771590E-01
   0.1919599E+05  0.1119859E+05  0.2735900E-01
   0.1959927E+05  0.1160187E+05  0.2685230E-01
   0.2000254E+05  0.1200514E+05  0.2589550E-01
   0.2040582E+05  0.1240842E+05  0.2516930E-01
   0.2080910E+05  0.1281170E+05  0.2409470E-01
   0.2121237E+05  0.1321497E+05  0.2313300E-01
   0.2161565E+05  0.1361825E+05  0.2263510E-01
   0.2201893E+05  0.1402153E+05  0.2195240E-01
   0.2242220E+05  0.1442480E+05  0.2147590E-01
   0.2282548E+05  0.1482808E+05  0.2110390E-01
   0.2322876E+05  0.1523136E+05  0.2093980E-01
   0.2363204E+05  0.1563464E+05  0.2119060E-01
   0.2403531E+05  0.1603791E+05  0.2126840E-01
   0.2443859E+05  0.1644119E+05  0.2106530E-01
   0.2484187E+05  0.1684447E+05  0.2105090E-01
   0.2524514E+05  0.1724774E+05  0.2121820E-01
   0.2564842E+05  0.1765102E+05  0.2098520E-01
   0.2605170E+05  0.1805430E+05  0.2046750E-01
   0.2645497E+05  0.1845757E+05  0.1991270E-01
   0.2685825E+05  0.1886085E+05  0.1933870E-01
   0.2726153E+05  0.1926413E+05  0.1895570E-01
   0.2766481E+05  0.1966741E+05  0.1872390E-01
   0.2806808E+05  0.2007068E+05  0.1821240E-01
   0.2847136E+05  0.2047396E+05  0.1758730E-01
   0.2887464E+05  0.2087724E+05  0.1701930E-01
   0.2927791E+05  0.2128051E+05  0.1659190E-01
   0.2968119E+05  0.2168379E+05  0.1642590E-01
   0.3008447E+05  0.2208707E+05  0.1625060E-01
   0.3048775E+05  0.2249035E+05  0.1602040E-01
   0.3089102E+05  0.2289362E+05  0.1565080E-01
   0.3129430E+05  0.2329690E+05  0.1530780E-01
   0.3169758E+05  0.2370018E+05  0.1492240E-01
   0.3210085E+05  0.2410345E+05  0.1445280E-01
   0.3250413E+05  0.2450673E+05  0.1397130E-01
   0.3290741E+05  0.2491001E+05  0.1346160E-01
   0.3331068E+05  0.2531328E+05  0.1297570E-01
   0.3371396E+05  0.2571656E+05  0.1253480E-01
   0.3411724E+05  0.2611984E+05  0.1207880E-01
   0.3452052E+05  0.2652312E+05  0.1159080E-01
   0.3492379E+05  0.2692639E+05  0.1111030E-01
   0.3532707E+05  0.2732967E+05  0.1066950E-01
   0.3573035E+05  0.2773295E+05  0.1029110E-01
   0.3613362E+05  0.2813622E+05  0.9975460E-02
   0.3653690E+05  0.2853950E+05  0.9675760E-02
   0.3694018E+05  0.2894278E+05  0.9375570E-02
   0.3734346E+05  0.2934606E+05  0.9090620E-02
   0.3774673E+05  0.2974933E+05  0.8819540E-02
   0.3815001E+05  0.3015261E+05  0.8546510E-02
   0.3855329E+05  0.3055589E+05  0.8289830E-02
   0.3895656E+05  0.3095916E+05  0.8025170E-02
   0.3935984E+05  0.3136244E+05  0.7798730E-02
   0.3976312E+05  0.3176572E+05  0.7584370E-02
   0.4016639E+05  0.3216899E+05  0.7411020E-02
   0.4056967E+05  0.3257227E+05  0.7260910E-02
   0.4097295E+05  0.3297555E+05  0.7163190E-02
   0.4137623E+05  0.3337883E+05  0.7043840E-02
   0.4177950E+05  0.3378210E+05  0.6948710E-02
   0.4218278E+05  0.3418538E+05  0.6856360E-02
   0.4258606E+05  0.3458866E+05  0.6740890E-02
   0.4298933E+05  0.3499193E+05  0.6650880E-02
   0.4339261E+05  0.3539521E+05  0.6553230E-02
   0.4379589E+05  0.3579849E+05  0.6478280E-02
   0.4419917E+05  0.3620177E+05  0.6386120E-02
