   0.9517339E+04  0.1455386E+03  0.2400830E-02
   0.9678649E+04  0.3068494E+03  0.2112640E-02
   0.9839960E+04  0.4681602E+03  0.2587900E-02
   0.1000127E+05  0.6294710E+03  0.2787650E-02
   0.1016258E+05  0.7907819E+03  0.3926010E-02
   0.1032389E+05  0.9520927E+03  0.5921810E-02
   0.1048520E+05  0.1113404E+04  0.9408250E-02
   0.1064651E+05  0.1274714E+04  0.1357040E-01
   0.1080783E+05  0.1436025E+04  0.1858850E-01
   0.1096914E+05  0.1597336E+04  0.2429640E-01
   0.1113045E+05  0.1758647E+04  0.3037900E-01
   0.1129176E+05  0.1919958E+04  0.3648130E-01
   0.1145307E+05  0.2081268E+04  0.4249360E-01
   0.1161438E+05  0.2242579E+04  0.4824760E-01
   0.1177569E+05  0.2403890E+04  0.5326990E-01
   0.1193700E+05  0.2565201E+04  0.5795230E-01
   0.1209831E+05  0.2726512E+04  0.6236540E-01
   0.1225962E+05  0.2887823E+04  0.6712060E-01
   0.1242093E+05  0.3049133E+04  0.7271580E-01
   0.1258224E+05  0.3210444E+04  0.7912220E-01
   0.1274356E+05  0.3371755E+04  0.8658820E-01
   0.1290487E+05  0.3533066E+04  0.9457730E-01
   0.1306618E+05  0.3694377E+04  0.1031800E+00
   0.1322749E+05  0.3855687E+04  0.1118390E+00
   0.1338880E+05  0.4016998E+04  0.1204820E+00
   0.1355011E+05  0.4178309E+04  0.1282350E+00
   0.1371142E+05  0.4339620E+04  0.1360810E+00
   0.1387273E+05  0.4500931E+04  0.1439910E+00
   0.1403404E+05  0.4662242E+04  0.1503050E+00
   0.1419535E+05  0.4823552E+04  0.1571030E+00
   0.1435666E+05  0.4984863E+04  0.1638120E+00
   0.1451797E+05  0.5146174E+04  0.1697970E+00
   0.1467928E+05  0.5307485E+04  0.1759200E+00
   0.1484060E+05  0.5468796E+04  0.1821630E+00
   0.1500191E+05  0.5630107E+04  0.1882700E+00
   0.1516322E+05  0.5791417E+04  0.1953640E+00
   0.1532453E+05  0.5952728E+04  0.2020070E+00
   0.1548584E+05  0.6114039E+04  0.2065220E+00
   0.1564715E+05  0.6275350E+04  0.2088690E+00
   0.1580846E+05  0.6436661E+04  0.2115000E+00
   0.1596977E+05  0.6597971E+04  0.2152790E+00
   0.1613108E+05  0.6759282E+04  0.2165820E+00
   0.1629239E+05  0.6920593E+04  0.2190140E+00
   0.1645370E+05  0.7081904E+04  0.2218860E+00
   0.1661501E+05  0.7243215E+04  0.2253980E+00
   0.1677633E+05  0.7404526E+04  0.2308940E+00
   0.1693764E+05  0.7565836E+04  0.2359500E+00
   0.1709895E+05  0.7727147E+04  0.2395710E+00
   0.1726026E+05  0.7888458E+04  0.2443840E+00
   0.1742157E+05  0.8049769E+04  0.2467840E+00
   0.1758288E+05  0.8211080E+04  0.2496780E+00
   0.1774419E+05  0.8372391E+04  0.2537570E+00
   0.1790550E+05  0.8533701E+04  0.2560010E+00
   0.1806681E+05  0.8695012E+04  0.2573250E+00
   0.1822812E+05  0.8856323E+04  0.2579130E+00
   0.1838943E+05  0.9017634E+04  0.2585340E+00
   0.1879271E+05  0.9420911E+04  0.2669240E+00
   0.1919599E+05  0.9824188E+04  0.2716510E+00
   0.1959927E+05  0.1022747E+05  0.2753060E+00
   0.2000254E+05  0.1063074E+05  0.2821900E+00
   0.2040582E+05  0.1103402E+05  0.2841110E+00
   0.2080910E+05  0.1143730E+05  0.2866870E+00
   0.2121237E+05  0.1184057E+05  0.2876030E+00
   0.2161565E+05  0.1224385E+05  0.2869770E+00
   0.2201893E+05  0.1264713E+05  0.2893520E+00
   0.2242220E+05  0.1305040E+05  0.2885410E+00
   0.2282548E+05  0.1345368E+05  0.2885270E+00
   0.2322876E+05  0.1385696E+05  0.2877490E+00
   0.2363204E+05  0.1426024E+05  0.2872250E+00
   0.2403531E+05  0.1466351E+05  0.2859130E+00
   0.2443859E+05  0.1506679E+05  0.2835570E+00
   0.2484187E+05  0.1547007E+05  0.2829470E+00
   0.2524514E+05  0.1587334E+05  0.2810060E+00
   0.2564842E+05  0.1627662E+05  0.2808590E+00
   0.2605170E+05  0.1667990E+05  0.2782160E+00
   0.2645497E+05  0.1708317E+05  0.2764170E+00
   0.2685825E+05  0.1748645E+05  0.2751180E+00
   0.2726153E+05  0.1788973E+05  0.2762310E+00
   0.2766481E+05  0.1829301E+05  0.2766380E+00
   0.2806808E+05  0.1869628E+05  0.2784470E+00
   0.2847136E+05  0.1909956E+05  0.2788080E+00
   0.2887464E+05  0.1950284E+05  0.2779380E+00
   0.2927791E+05  0.1990611E+05  0.2774980E+00
   0.2968119E+05  0.2030939E+05  0.2778700E+00
   0.3008447E+05  0.2071267E+05  0.2781090E+00
   0.3048775E+05  0.2111595E+05  0.2790640E+00
   0.3089102E+05  0.2151922E+05  0.2805900E+00
   0.3129430E+05  0.2192250E+05  0.2822790E+00
   0.3169758E+05  0.2232578E+05  0.2839630E+00
   0.3210085E+05  0.2272905E+05  0.2856240E+00
   0.3250413E+05  0.2313233E+05  0.2867870E+00
   0.3290741E+05  0.2353561E+05  0.2868960E+00
   0.3331068E+05  0.2393888E+05  0.2873840E+00
   0.3371396E+05  0.2434216E+05  0.2887610E+00
   0.3411724E+05  0.2474544E+05  0.2907710E+00
   0.3452052E+05  0.2514872E+05  0.2928240E+00
   0.3492379E+05  0.2555199E+05  0.2948630E+00
   0.3532707E+05  0.2595527E+05  0.2966810E+00
   0.3573035E+05  0.2635855E+05  0.2985630E+00
   0.3613362E+05  0.2676182E+05  0.3006770E+00
   0.3653690E+05  0.2716510E+05  0.3030030E+00
   0.3694018E+05  0.2756838E+05  0.3053560E+00
   0.3734346E+05  0.2797166E+05  0.3077030E+00
   0.3774673E+05  0.2837493E+05  0.3100380E+00
   0.3815001E+05  0.2877821E+05  0.3122370E+00
   0.3855329E+05  0.2918149E+05  0.3145710E+00
   0.3895656E+05  0.2958476E+05  0.3171100E+00
   0.3935984E+05  0.2998804E+05  0.3193980E+00
   0.3976312E+05  0.3039132E+05  0.3217920E+00
   0.4016639E+05  0.3079459E+05  0.3243550E+00
   0.4056967E+05  0.3119787E+05  0.3269750E+00
   0.4097295E+05  0.3160115E+05  0.3294810E+00
   0.4137623E+05  0.3200443E+05  0.3323760E+00
   0.4177950E+05  0.3240770E+05  0.3348350E+00
   0.4218278E+05  0.3281098E+05  0.3373730E+00
   0.4258606E+05  0.3321426E+05  0.3398500E+00
   0.4298933E+05  0.3361753E+05  0.3424770E+00
   0.4339261E+05  0.3402081E+05  0.3449780E+00
   0.4379589E+05  0.3442409E+05  0.3476800E+00
   0.4419917E+05  0.3482737E+05  0.3505040E+00
