   0.1548584E+05  0.1078390E+03  0.4221930E-04
   0.1564715E+05  0.2691498E+03  0.1050200E-03
   0.1580846E+05  0.4304607E+03  0.3232160E-03
   0.1596977E+05  0.5917715E+03  0.7067280E-03
   0.1613108E+05  0.7530823E+03  0.1282830E-02
   0.1629239E+05  0.9143931E+03  0.2124520E-02
   0.1645370E+05  0.1075704E+04  0.3182820E-02
   0.1661501E+05  0.1237015E+04  0.4435570E-02
   0.1677633E+05  0.1398326E+04  0.5774370E-02
   0.1693764E+05  0.1559636E+04  0.7016190E-02
   0.1709895E+05  0.1720947E+04  0.8166660E-02
   0.1726026E+05  0.1882258E+04  0.9406090E-02
   0.1742157E+05  0.2043569E+04  0.1088270E-01
   0.1758288E+05  0.2204880E+04  0.1250780E-01
   0.1774419E+05  0.2366191E+04  0.1418660E-01
   0.1790550E+05  0.2527501E+04  0.1516490E-01
   0.1806681E+05  0.2688812E+04  0.1573980E-01
   0.1822812E+05  0.2850123E+04  0.1595400E-01
   0.1838943E+05  0.3011434E+04  0.1605990E-01
   0.1879271E+05  0.3414711E+04  0.1632370E-01
   0.1919599E+05  0.3817988E+04  0.1668030E-01
   0.1959927E+05  0.4221265E+04  0.1862560E-01
   0.2000254E+05  0.4624542E+04  0.2096020E-01
   0.2040582E+05  0.5027819E+04  0.2278070E-01
   0.2080910E+05  0.5431096E+04  0.2496500E-01
   0.2121237E+05  0.5834373E+04  0.2697190E-01
   0.2161565E+05  0.6237650E+04  0.2780030E-01
   0.2201893E+05  0.6640927E+04  0.2876480E-01
   0.2242220E+05  0.7044204E+04  0.2915970E-01
   0.2282548E+05  0.7447481E+04  0.2923670E-01
   0.2322876E+05  0.7850759E+04  0.2961760E-01
   0.2363204E+05  0.8254036E+04  0.2942470E-01
   0.2403531E+05  0.8657313E+04  0.2842490E-01
   0.2443859E+05  0.9060590E+04  0.2735980E-01
   0.2484187E+05  0.9463867E+04  0.2592740E-01
   0.2524514E+05  0.9867144E+04  0.2442410E-01
   0.2564842E+05  0.1027042E+05  0.2261000E-01
   0.2605170E+05  0.1067370E+05  0.2106700E-01
   0.2645497E+05  0.1107697E+05  0.1939440E-01
   0.2685825E+05  0.1148025E+05  0.1751560E-01
   0.2726153E+05  0.1188353E+05  0.1577980E-01
   0.2766481E+05  0.1228681E+05  0.1432430E-01
   0.2806808E+05  0.1269008E+05  0.1305530E-01
   0.2847136E+05  0.1309336E+05  0.1209120E-01
   0.2887464E+05  0.1349664E+05  0.1103760E-01
   0.2927791E+05  0.1389991E+05  0.1019720E-01
   0.2968119E+05  0.1430319E+05  0.9469940E-02
   0.3008447E+05  0.1470647E+05  0.8788500E-02
   0.3048775E+05  0.1510975E+05  0.8174070E-02
   0.3089102E+05  0.1551302E+05  0.7689550E-02
   0.3129430E+05  0.1591630E+05  0.7358650E-02
   0.3169758E+05  0.1631958E+05  0.6909000E-02
   0.3210085E+05  0.1672285E+05  0.6459550E-02
   0.3250413E+05  0.1712613E+05  0.6042230E-02
   0.3290741E+05  0.1752941E+05  0.5679790E-02
   0.3331068E+05  0.1793268E+05  0.5389470E-02
   0.3371396E+05  0.1833596E+05  0.5105320E-02
   0.3411724E+05  0.1873924E+05  0.4833560E-02
   0.3452052E+05  0.1914252E+05  0.4538850E-02
   0.3492379E+05  0.1954579E+05  0.4253270E-02
   0.3532707E+05  0.1994907E+05  0.4010690E-02
   0.3573035E+05  0.2035235E+05  0.3832530E-02
   0.3613362E+05  0.2075562E+05  0.3708480E-02
   0.3653690E+05  0.2115890E+05  0.3598240E-02
   0.3694018E+05  0.2156218E+05  0.3499310E-02
   0.3734346E+05  0.2196546E+05  0.3380300E-02
   0.3774673E+05  0.2236873E+05  0.3280150E-02
   0.3815001E+05  0.2277201E+05  0.3178850E-02
   0.3855329E+05  0.2317529E+05  0.3085720E-02
   0.3895656E+05  0.2357856E+05  0.3018310E-02
   0.3935984E+05  0.2398184E+05  0.2939800E-02
   0.3976312E+05  0.2438512E+05  0.2891290E-02
   0.4016639E+05  0.2478839E+05  0.2831760E-02
   0.4056967E+05  0.2519167E+05  0.2792750E-02
   0.4097295E+05  0.2559495E+05  0.2739500E-02
   0.4137623E+05  0.2599823E+05  0.2707240E-02
   0.4177950E+05  0.2640150E+05  0.2670380E-02
   0.4218278E+05  0.2680478E+05  0.2633530E-02
   0.4258606E+05  0.2720806E+05  0.2604360E-02
   0.4298933E+05  0.2761133E+05  0.2582490E-02
   0.4339261E+05  0.2801461E+05  0.2553950E-02
   0.4379589E+05  0.2841789E+05  0.2530780E-02
   0.4419917E+05  0.2882117E+05  0.2506030E-02
