   0.2443859E+05  0.6600590E+04  0.1082330E-02
   0.2484187E+05  0.7003867E+04  0.4276950E-02
   0.2524514E+05  0.7407144E+04  0.5139970E-02
   0.2564842E+05  0.7810421E+04  0.5920100E-02
   0.2605170E+05  0.8213698E+04  0.7303410E-02
   0.2645497E+05  0.8616975E+04  0.9026500E-02
   0.2685825E+05  0.9020252E+04  0.1211990E-01
   0.2726153E+05  0.9423529E+04  0.1669760E-01
   0.2766481E+05  0.9826806E+04  0.2265590E-01
   0.2806808E+05  0.1023008E+05  0.2888440E-01
   0.2847136E+05  0.1063336E+05  0.3274630E-01
   0.2887464E+05  0.1103664E+05  0.3557330E-01
   0.2927791E+05  0.1143991E+05  0.3819700E-01
   0.2968119E+05  0.1184319E+05  0.3987530E-01
   0.3008447E+05  0.1224647E+05  0.4135330E-01
   0.3048775E+05  0.1264975E+05  0.4170920E-01
   0.3089102E+05  0.1305302E+05  0.4199830E-01
   0.3129430E+05  0.1345630E+05  0.4250120E-01
   0.3169758E+05  0.1385958E+05  0.4262860E-01
   0.3210085E+05  0.1426285E+05  0.4306100E-01
   0.3250413E+05  0.1466613E+05  0.4433050E-01
   0.3290741E+05  0.1506941E+05  0.4574670E-01
   0.3331068E+05  0.1547268E+05  0.4692850E-01
   0.3371396E+05  0.1587596E+05  0.4822450E-01
   0.3411724E+05  0.1627924E+05  0.4963430E-01
   0.3452052E+05  0.1668252E+05  0.5085140E-01
   0.3492379E+05  0.1708579E+05  0.5192300E-01
   0.3532707E+05  0.1748907E+05  0.5291570E-01
   0.3573035E+05  0.1789235E+05  0.5373500E-01
   0.3613362E+05  0.1829562E+05  0.5448540E-01
   0.3653690E+05  0.1869890E+05  0.5530260E-01
   0.3694018E+05  0.1910218E+05  0.5587940E-01
   0.3734346E+05  0.1950546E+05  0.5641390E-01
   0.3774673E+05  0.1990873E+05  0.5690340E-01
   0.3815001E+05  0.2031201E+05  0.5722260E-01
   0.3855329E+05  0.2071529E+05  0.5750000E-01
   0.3895656E+05  0.2111856E+05  0.5784560E-01
   0.3935984E+05  0.2152184E+05  0.5830650E-01
   0.3976312E+05  0.2192512E+05  0.5860560E-01
   0.4016639E+05  0.2232839E+05  0.5895670E-01
   0.4056967E+05  0.2273167E+05  0.5939120E-01
   0.4097295E+05  0.2313495E+05  0.5973760E-01
   0.4137623E+05  0.2353823E+05  0.6008130E-01
   0.4177950E+05  0.2394150E+05  0.6038010E-01
   0.4218278E+05  0.2434478E+05  0.6077140E-01
   0.4258606E+05  0.2474806E+05  0.6103980E-01
   0.4298933E+05  0.2515133E+05  0.6128000E-01
   0.4339261E+05  0.2555461E+05  0.6162900E-01
   0.4379589E+05  0.2595789E+05  0.6177630E-01
   0.4419917E+05  0.2636117E+05  0.6186110E-01
