   0.2242220E+05  0.1540780E+05  0.9390150E-03
   0.2282548E+05  0.1581108E+05  0.2652700E-02
   0.2322876E+05  0.1621436E+05  0.4288850E-02
   0.2363204E+05  0.1661764E+05  0.6407210E-02
   0.2403531E+05  0.1702091E+05  0.1018900E-01
   0.2443859E+05  0.1742419E+05  0.1496580E-01
   0.2484187E+05  0.1782747E+05  0.1933640E-01
   0.2524514E+05  0.1823074E+05  0.2321540E-01
   0.2564842E+05  0.1863402E+05  0.2719670E-01
   0.2605170E+05  0.1903730E+05  0.3050230E-01
   0.2645497E+05  0.1944057E+05  0.3492350E-01
   0.2685825E+05  0.1984385E+05  0.3999270E-01
   0.2726153E+05  0.2024713E+05  0.4434890E-01
   0.2766481E+05  0.2065041E+05  0.4781970E-01
   0.2806808E+05  0.2105368E+05  0.5103090E-01
   0.2847136E+05  0.2145696E+05  0.5230210E-01
   0.2887464E+05  0.2186024E+05  0.5343770E-01
   0.2927791E+05  0.2226351E+05  0.5426500E-01
   0.2968119E+05  0.2266679E+05  0.5495620E-01
   0.3008447E+05  0.2307007E+05  0.5572650E-01
   0.3048775E+05  0.2347335E+05  0.5644130E-01
   0.3089102E+05  0.2387662E+05  0.5726050E-01
   0.3129430E+05  0.2427990E+05  0.5752340E-01
   0.3169758E+05  0.2468318E+05  0.5764420E-01
   0.3210085E+05  0.2508645E+05  0.5795840E-01
   0.3250413E+05  0.2548973E+05  0.5846870E-01
   0.3290741E+05  0.2589301E+05  0.5885430E-01
   0.3331068E+05  0.2629628E+05  0.5932030E-01
   0.3371396E+05  0.2669956E+05  0.6004860E-01
   0.3411724E+05  0.2710284E+05  0.6063400E-01
   0.3452052E+05  0.2750612E+05  0.6078040E-01
   0.3492379E+05  0.2790939E+05  0.6054750E-01
   0.3532707E+05  0.2831267E+05  0.6013840E-01
   0.3573035E+05  0.2871595E+05  0.5976800E-01
   0.3613362E+05  0.2911922E+05  0.5948300E-01
   0.3653690E+05  0.2952250E+05  0.5927010E-01
   0.3694018E+05  0.2992578E+05  0.5928490E-01
   0.3734346E+05  0.3032906E+05  0.5960990E-01
   0.3774673E+05  0.3073233E+05  0.5969960E-01
   0.3815001E+05  0.3113561E+05  0.5991620E-01
   0.3855329E+05  0.3153889E+05  0.6016430E-01
   0.3895656E+05  0.3194216E+05  0.6034010E-01
   0.3935984E+05  0.3234544E+05  0.6034410E-01
   0.3976312E+05  0.3274872E+05  0.6037430E-01
   0.4016639E+05  0.3315199E+05  0.6065910E-01
   0.4056967E+05  0.3355527E+05  0.6070870E-01
   0.4097295E+05  0.3395855E+05  0.6050420E-01
   0.4137623E+05  0.3436183E+05  0.6060030E-01
   0.4177950E+05  0.3476510E+05  0.6066000E-01
   0.4218278E+05  0.3516838E+05  0.6060530E-01
   0.4258606E+05  0.3557166E+05  0.6059440E-01
   0.4298933E+05  0.3597493E+05  0.6072070E-01
   0.4339261E+05  0.3637821E+05  0.6080450E-01
   0.4379589E+05  0.3678149E+05  0.6062320E-01
   0.4419917E+05  0.3718477E+05  0.6086760E-01
