   0.1032389E+05  0.3643293E+04  0.1781820E-04
   0.1048520E+05  0.3804603E+04  0.1093250E-03
   0.1064651E+05  0.3965914E+04  0.4196810E-03
   0.1080783E+05  0.4127225E+04  0.1150840E-02
   0.1096914E+05  0.4288536E+04  0.2701010E-02
   0.1113045E+05  0.4449847E+04  0.5573520E-02
   0.1129176E+05  0.4611158E+04  0.1029650E-01
   0.1145307E+05  0.4772468E+04  0.1746690E-01
   0.1161438E+05  0.4933779E+04  0.2751180E-01
   0.1177569E+05  0.5095090E+04  0.4031030E-01
   0.1193700E+05  0.5256401E+04  0.5570070E-01
   0.1209831E+05  0.5417712E+04  0.7308770E-01
   0.1225962E+05  0.5579023E+04  0.9219930E-01
   0.1242093E+05  0.5740333E+04  0.1119030E+00
   0.1258224E+05  0.5901644E+04  0.1308730E+00
   0.1274356E+05  0.6062955E+04  0.1483720E+00
   0.1290487E+05  0.6224266E+04  0.1641690E+00
   0.1306618E+05  0.6385577E+04  0.1777540E+00
   0.1322749E+05  0.6546887E+04  0.1883370E+00
   0.1338880E+05  0.6708198E+04  0.1958100E+00
   0.1355011E+05  0.6869509E+04  0.2008100E+00
   0.1371142E+05  0.7030820E+04  0.2037610E+00
   0.1387273E+05  0.7192131E+04  0.2055840E+00
   0.1403404E+05  0.7353442E+04  0.2068830E+00
   0.1419535E+05  0.7514752E+04  0.2081620E+00
   0.1435666E+05  0.7676063E+04  0.2091210E+00
   0.1451797E+05  0.7837374E+04  0.2096000E+00
   0.1467928E+05  0.7998685E+04  0.2094960E+00
   0.1484060E+05  0.8159996E+04  0.2089850E+00
   0.1500191E+05  0.8321307E+04  0.2078590E+00
   0.1516322E+05  0.8482617E+04  0.2067950E+00
   0.1532453E+05  0.8643928E+04  0.2051800E+00
   0.1548584E+05  0.8805239E+04  0.2032560E+00
   0.1564715E+05  0.8966550E+04  0.2014380E+00
   0.1580846E+05  0.9127861E+04  0.1997000E+00
   0.1596977E+05  0.9289171E+04  0.1981920E+00
   0.1613108E+05  0.9450482E+04  0.1972630E+00
   0.1629239E+05  0.9611793E+04  0.1962800E+00
   0.1645370E+05  0.9773104E+04  0.1953820E+00
   0.1661501E+05  0.9934415E+04  0.1944180E+00
   0.1677633E+05  0.1009573E+05  0.1934540E+00
   0.1693764E+05  0.1025704E+05  0.1921760E+00
   0.1709895E+05  0.1041835E+05  0.1903230E+00
   0.1726026E+05  0.1057966E+05  0.1877210E+00
   0.1742157E+05  0.1074097E+05  0.1853570E+00
   0.1758288E+05  0.1090228E+05  0.1843530E+00
   0.1774419E+05  0.1106359E+05  0.1836440E+00
   0.1790550E+05  0.1122490E+05  0.1828670E+00
   0.1806681E+05  0.1138621E+05  0.1814140E+00
   0.1822812E+05  0.1154752E+05  0.1798650E+00
   0.1838943E+05  0.1170883E+05  0.1790970E+00
   0.1879271E+05  0.1211211E+05  0.1777220E+00
   0.1919599E+05  0.1251539E+05  0.1748500E+00
   0.1959927E+05  0.1291867E+05  0.1698650E+00
   0.2000254E+05  0.1332194E+05  0.1666100E+00
   0.2040582E+05  0.1372522E+05  0.1594330E+00
   0.2080910E+05  0.1412850E+05  0.1558140E+00
   0.2121237E+05  0.1453177E+05  0.1526820E+00
   0.2161565E+05  0.1493505E+05  0.1511490E+00
   0.2201893E+05  0.1533833E+05  0.1464390E+00
   0.2242220E+05  0.1574160E+05  0.1429260E+00
   0.2282548E+05  0.1614488E+05  0.1395380E+00
   0.2322876E+05  0.1654816E+05  0.1358820E+00
   0.2363204E+05  0.1695144E+05  0.1355580E+00
   0.2403531E+05  0.1735471E+05  0.1316230E+00
   0.2443859E+05  0.1775799E+05  0.1290540E+00
   0.2484187E+05  0.1816127E+05  0.1258470E+00
   0.2524514E+05  0.1856454E+05  0.1217580E+00
   0.2564842E+05  0.1896782E+05  0.1189550E+00
   0.2605170E+05  0.1937110E+05  0.1171260E+00
   0.2645497E+05  0.1977437E+05  0.1158960E+00
   0.2685825E+05  0.2017765E+05  0.1156950E+00
   0.2726153E+05  0.2058093E+05  0.1144320E+00
   0.2766481E+05  0.2098421E+05  0.1122770E+00
   0.2806808E+05  0.2138748E+05  0.1118960E+00
   0.2847136E+05  0.2179076E+05  0.1102800E+00
   0.2887464E+05  0.2219404E+05  0.1088570E+00
   0.2927791E+05  0.2259731E+05  0.1058080E+00
   0.2968119E+05  0.2300059E+05  0.1036510E+00
   0.3008447E+05  0.2340387E+05  0.1018150E+00
   0.3048775E+05  0.2380715E+05  0.9954380E-01
   0.3089102E+05  0.2421042E+05  0.9758310E-01
   0.3129430E+05  0.2461370E+05  0.9556600E-01
   0.3169758E+05  0.2501698E+05  0.9357360E-01
   0.3210085E+05  0.2542025E+05  0.9240310E-01
   0.3250413E+05  0.2582353E+05  0.9187500E-01
   0.3290741E+05  0.2622681E+05  0.9141600E-01
   0.3331068E+05  0.2663008E+05  0.9086500E-01
   0.3371396E+05  0.2703336E+05  0.8975620E-01
   0.3411724E+05  0.2743664E+05  0.8846030E-01
   0.3452052E+05  0.2783992E+05  0.8732200E-01
   0.3492379E+05  0.2824319E+05  0.8636700E-01
   0.3532707E+05  0.2864647E+05  0.8546010E-01
   0.3573035E+05  0.2904975E+05  0.8460300E-01
   0.3613362E+05  0.2945302E+05  0.8379890E-01
   0.3653690E+05  0.2985630E+05  0.8316700E-01
   0.3694018E+05  0.3025958E+05  0.8278650E-01
   0.3734346E+05  0.3066286E+05  0.8222930E-01
   0.3774673E+05  0.3106613E+05  0.8173200E-01
   0.3815001E+05  0.3146941E+05  0.8121080E-01
   0.3855329E+05  0.3187269E+05  0.8055050E-01
   0.3895656E+05  0.3227596E+05  0.8000690E-01
   0.3935984E+05  0.3267924E+05  0.7947300E-01
   0.3976312E+05  0.3308252E+05  0.7908360E-01
   0.4016639E+05  0.3348579E+05  0.7857290E-01
   0.4056967E+05  0.3388907E+05  0.7804100E-01
   0.4097295E+05  0.3429235E+05  0.7773500E-01
   0.4137623E+05  0.3469563E+05  0.7732210E-01
   0.4177950E+05  0.3509890E+05  0.7695690E-01
   0.4218278E+05  0.3550218E+05  0.7639310E-01
   0.4258606E+05  0.3590546E+05  0.7612200E-01
   0.4298933E+05  0.3630873E+05  0.7579870E-01
   0.4339261E+05  0.3671201E+05  0.7535470E-01
   0.4379589E+05  0.3711529E+05  0.7516380E-01
   0.4419917E+05  0.3751857E+05  0.7469230E-01
