   0.1193700E+05  0.4922601E+04  0.6029280E-04
   0.1209831E+05  0.5083912E+04  0.3113370E-03
   0.1225962E+05  0.5245223E+04  0.1004570E-02
   0.1242093E+05  0.5406533E+04  0.2644580E-02
   0.1258224E+05  0.5567844E+04  0.5768320E-02
   0.1274356E+05  0.5729155E+04  0.1043320E-01
   0.1290487E+05  0.5890466E+04  0.1693480E-01
   0.1306618E+05  0.6051777E+04  0.2530440E-01
   0.1322749E+05  0.6213087E+04  0.3545130E-01
   0.1338880E+05  0.6374398E+04  0.4698850E-01
   0.1355011E+05  0.6535709E+04  0.5848630E-01
   0.1371142E+05  0.6697020E+04  0.6919210E-01
   0.1387273E+05  0.6858331E+04  0.7869120E-01
   0.1403404E+05  0.7019642E+04  0.8646920E-01
   0.1419535E+05  0.7180952E+04  0.9249600E-01
   0.1435666E+05  0.7342263E+04  0.9677690E-01
   0.1451797E+05  0.7503574E+04  0.9969150E-01
   0.1467928E+05  0.7664885E+04  0.1017900E+00
   0.1484060E+05  0.7826196E+04  0.1034900E+00
   0.1500191E+05  0.7987507E+04  0.1049110E+00
   0.1516322E+05  0.8148817E+04  0.1061490E+00
   0.1532453E+05  0.8310128E+04  0.1073320E+00
   0.1548584E+05  0.8471439E+04  0.1082850E+00
   0.1564715E+05  0.8632750E+04  0.1094920E+00
   0.1580846E+05  0.8794061E+04  0.1107410E+00
   0.1596977E+05  0.8955371E+04  0.1116420E+00
   0.1613108E+05  0.9116682E+04  0.1118490E+00
   0.1629239E+05  0.9277993E+04  0.1118390E+00
   0.1645370E+05  0.9439304E+04  0.1118350E+00
   0.1661501E+05  0.9600615E+04  0.1119540E+00
   0.1677633E+05  0.9761926E+04  0.1121770E+00
   0.1693764E+05  0.9923236E+04  0.1124310E+00
   0.1709895E+05  0.1008455E+05  0.1126240E+00
   0.1726026E+05  0.1024586E+05  0.1128060E+00
   0.1742157E+05  0.1040717E+05  0.1128980E+00
   0.1758288E+05  0.1056848E+05  0.1129870E+00
   0.1774419E+05  0.1072979E+05  0.1133790E+00
   0.1790550E+05  0.1089110E+05  0.1135290E+00
   0.1806681E+05  0.1105241E+05  0.1138990E+00
   0.1822812E+05  0.1121372E+05  0.1142770E+00
   0.1838943E+05  0.1137503E+05  0.1144420E+00
   0.1879271E+05  0.1177831E+05  0.1146970E+00
   0.1919599E+05  0.1218159E+05  0.1176420E+00
   0.1959927E+05  0.1258487E+05  0.1192490E+00
   0.2000254E+05  0.1298814E+05  0.1215480E+00
   0.2040582E+05  0.1339142E+05  0.1255720E+00
   0.2080910E+05  0.1379470E+05  0.1298140E+00
   0.2121237E+05  0.1419797E+05  0.1348730E+00
   0.2161565E+05  0.1460125E+05  0.1373040E+00
   0.2201893E+05  0.1500453E+05  0.1389440E+00
   0.2242220E+05  0.1540780E+05  0.1410890E+00
   0.2282548E+05  0.1581108E+05  0.1421990E+00
   0.2322876E+05  0.1621436E+05  0.1444720E+00
   0.2363204E+05  0.1661764E+05  0.1455880E+00
   0.2403531E+05  0.1702091E+05  0.1478750E+00
   0.2443859E+05  0.1742419E+05  0.1501400E+00
   0.2484187E+05  0.1782747E+05  0.1539900E+00
   0.2524514E+05  0.1823074E+05  0.1546480E+00
   0.2564842E+05  0.1863402E+05  0.1552910E+00
   0.2605170E+05  0.1903730E+05  0.1549240E+00
   0.2645497E+05  0.1944057E+05  0.1565110E+00
   0.2685825E+05  0.1984385E+05  0.1587650E+00
   0.2726153E+05  0.2024713E+05  0.1604670E+00
   0.2766481E+05  0.2065041E+05  0.1626120E+00
   0.2806808E+05  0.2105368E+05  0.1660210E+00
   0.2847136E+05  0.2145696E+05  0.1686330E+00
   0.2887464E+05  0.2186024E+05  0.1689160E+00
   0.2927791E+05  0.2226351E+05  0.1687670E+00
   0.2968119E+05  0.2266679E+05  0.1707800E+00
   0.3008447E+05  0.2307007E+05  0.1709680E+00
   0.3048775E+05  0.2347335E+05  0.1706490E+00
   0.3089102E+05  0.2387662E+05  0.1703900E+00
   0.3129430E+05  0.2427990E+05  0.1698370E+00
   0.3169758E+05  0.2468318E+05  0.1695920E+00
   0.3210085E+05  0.2508645E+05  0.1697600E+00
   0.3250413E+05  0.2548973E+05  0.1701330E+00
   0.3290741E+05  0.2589301E+05  0.1694210E+00
   0.3331068E+05  0.2629628E+05  0.1692280E+00
   0.3371396E+05  0.2669956E+05  0.1687550E+00
   0.3411724E+05  0.2710284E+05  0.1685040E+00
   0.3452052E+05  0.2750612E+05  0.1686670E+00
   0.3492379E+05  0.2790939E+05  0.1689120E+00
   0.3532707E+05  0.2831267E+05  0.1692280E+00
   0.3573035E+05  0.2871595E+05  0.1692980E+00
   0.3613362E+05  0.2911922E+05  0.1690770E+00
   0.3653690E+05  0.2952250E+05  0.1689090E+00
   0.3694018E+05  0.2992578E+05  0.1686660E+00
   0.3734346E+05  0.3032906E+05  0.1685300E+00
   0.3774673E+05  0.3073233E+05  0.1683970E+00
   0.3815001E+05  0.3113561E+05  0.1683310E+00
   0.3855329E+05  0.3153889E+05  0.1683070E+00
   0.3895656E+05  0.3194216E+05  0.1684870E+00
   0.3935984E+05  0.3234544E+05  0.1687950E+00
   0.3976312E+05  0.3274872E+05  0.1690790E+00
   0.4016639E+05  0.3315199E+05  0.1695080E+00
   0.4056967E+05  0.3355527E+05  0.1698070E+00
   0.4097295E+05  0.3395855E+05  0.1703610E+00
   0.4137623E+05  0.3436183E+05  0.1706200E+00
   0.4177950E+05  0.3476510E+05  0.1707580E+00
   0.4218278E+05  0.3516838E+05  0.1709700E+00
   0.4258606E+05  0.3557166E+05  0.1706220E+00
   0.4298933E+05  0.3597493E+05  0.1706430E+00
   0.4339261E+05  0.3637821E+05  0.1703650E+00
   0.4379589E+05  0.3678149E+05  0.1701360E+00
   0.4419917E+05  0.3718477E+05  0.1699920E+00
