   0.1709895E+05  0.6004947E+04  0.3125740E-06
   0.1726026E+05  0.6166258E+04  0.8473480E-05
   0.1742157E+05  0.6327569E+04  0.6694120E-04
   0.1758288E+05  0.6488880E+04  0.3493280E-03
   0.1774419E+05  0.6650191E+04  0.1414050E-02
   0.1790550E+05  0.6811501E+04  0.4613430E-02
   0.1806681E+05  0.6972812E+04  0.1165340E-01
   0.1822812E+05  0.7134123E+04  0.2213580E-01
   0.1838943E+05  0.7295434E+04  0.3346390E-01
   0.1879271E+05  0.7698711E+04  0.5641940E-01
   0.1919599E+05  0.8101988E+04  0.7807670E-01
   0.1959927E+05  0.8505265E+04  0.9563010E-01
   0.2000254E+05  0.8908542E+04  0.1078830E+00
   0.2040582E+05  0.9311819E+04  0.1163440E+00
   0.2080910E+05  0.9715096E+04  0.1227960E+00
   0.2121237E+05  0.1011837E+05  0.1288400E+00
   0.2161565E+05  0.1052165E+05  0.1340340E+00
   0.2201893E+05  0.1092493E+05  0.1409280E+00
   0.2242220E+05  0.1132820E+05  0.1472540E+00
   0.2282548E+05  0.1173148E+05  0.1550990E+00
   0.2322876E+05  0.1213476E+05  0.1582200E+00
   0.2363204E+05  0.1253804E+05  0.1595710E+00
   0.2403531E+05  0.1294131E+05  0.1615130E+00
   0.2443859E+05  0.1334459E+05  0.1610780E+00
   0.2484187E+05  0.1374787E+05  0.1613770E+00
   0.2524514E+05  0.1415114E+05  0.1637900E+00
   0.2564842E+05  0.1455442E+05  0.1628120E+00
   0.2605170E+05  0.1495770E+05  0.1638240E+00
   0.2645497E+05  0.1536097E+05  0.1647740E+00
   0.2685825E+05  0.1576425E+05  0.1646530E+00
   0.2726153E+05  0.1616753E+05  0.1645820E+00
   0.2766481E+05  0.1657081E+05  0.1634770E+00
   0.2806808E+05  0.1697408E+05  0.1634910E+00
   0.2847136E+05  0.1737736E+05  0.1630900E+00
   0.2887464E+05  0.1778064E+05  0.1617810E+00
   0.2927791E+05  0.1818391E+05  0.1605590E+00
   0.2968119E+05  0.1858719E+05  0.1587320E+00
   0.3008447E+05  0.1899047E+05  0.1561520E+00
   0.3048775E+05  0.1939375E+05  0.1527650E+00
   0.3089102E+05  0.1979702E+05  0.1492140E+00
   0.3129430E+05  0.2020030E+05  0.1448400E+00
   0.3169758E+05  0.2060358E+05  0.1396650E+00
   0.3210085E+05  0.2100685E+05  0.1341770E+00
   0.3250413E+05  0.2141013E+05  0.1281550E+00
   0.3290741E+05  0.2181341E+05  0.1218650E+00
   0.3331068E+05  0.2221668E+05  0.1155140E+00
   0.3371396E+05  0.2261996E+05  0.1090780E+00
   0.3411724E+05  0.2302324E+05  0.1025670E+00
   0.3452052E+05  0.2342652E+05  0.9631650E-01
   0.3492379E+05  0.2382979E+05  0.9063280E-01
   0.3532707E+05  0.2423307E+05  0.8543450E-01
   0.3573035E+05  0.2463635E+05  0.8070840E-01
   0.3613362E+05  0.2503962E+05  0.7650330E-01
   0.3653690E+05  0.2544290E+05  0.7286480E-01
   0.3694018E+05  0.2584618E+05  0.6972250E-01
   0.3734346E+05  0.2624946E+05  0.6706840E-01
   0.3774673E+05  0.2665273E+05  0.6487110E-01
   0.3815001E+05  0.2705601E+05  0.6306390E-01
   0.3855329E+05  0.2745929E+05  0.6168620E-01
   0.3895656E+05  0.2786256E+05  0.6070970E-01
   0.3935984E+05  0.2826584E+05  0.5998530E-01
   0.3976312E+05  0.2866912E+05  0.5934280E-01
   0.4016639E+05  0.2907239E+05  0.5891460E-01
   0.4056967E+05  0.2947567E+05  0.5841400E-01
   0.4097295E+05  0.2987895E+05  0.5787740E-01
   0.4137623E+05  0.3028223E+05  0.5739410E-01
   0.4177950E+05  0.3068550E+05  0.5685780E-01
   0.4218278E+05  0.3108878E+05  0.5629750E-01
   0.4258606E+05  0.3149206E+05  0.5570960E-01
   0.4298933E+05  0.3189533E+05  0.5515360E-01
   0.4339261E+05  0.3229861E+05  0.5461480E-01
   0.4379589E+05  0.3270189E+05  0.5390270E-01
   0.4419917E+05  0.3310517E+05  0.5337780E-01
