   0.1435666E+05  0.1386633E+03  0.7554850E-04
   0.1451797E+05  0.2999741E+03  0.1553640E-03
   0.1467928E+05  0.4612849E+03  0.4680190E-03
   0.1484060E+05  0.6225957E+03  0.1112410E-02
   0.1500191E+05  0.7839065E+03  0.2195430E-02
   0.1516322E+05  0.9452174E+03  0.3977360E-02
   0.1532453E+05  0.1106528E+04  0.6375100E-02
   0.1548584E+05  0.1267839E+04  0.9347900E-02
   0.1564715E+05  0.1429150E+04  0.1243480E-01
   0.1580846E+05  0.1590461E+04  0.1546280E-01
   0.1596977E+05  0.1751771E+04  0.1812180E-01
   0.1613108E+05  0.1913082E+04  0.2046370E-01
   0.1629239E+05  0.2074393E+04  0.2249390E-01
   0.1645370E+05  0.2235704E+04  0.2412000E-01
   0.1661501E+05  0.2397015E+04  0.2551880E-01
   0.1677633E+05  0.2558326E+04  0.2672020E-01
   0.1693764E+05  0.2719636E+04  0.2758210E-01
   0.1709895E+05  0.2880947E+04  0.2829440E-01
   0.1726026E+05  0.3042258E+04  0.2906780E-01
   0.1742157E+05  0.3203569E+04  0.3040680E-01
   0.1758288E+05  0.3364880E+04  0.3228140E-01
   0.1774419E+05  0.3526191E+04  0.3355490E-01
   0.1790550E+05  0.3687501E+04  0.3449970E-01
   0.1806681E+05  0.3848812E+04  0.3531770E-01
   0.1822812E+05  0.4010123E+04  0.3658550E-01
   0.1838943E+05  0.4171434E+04  0.3795070E-01
   0.1879271E+05  0.4574711E+04  0.3930780E-01
   0.1919599E+05  0.4977988E+04  0.3995910E-01
   0.1959927E+05  0.5381265E+04  0.4191790E-01
   0.2000254E+05  0.5784542E+04  0.4366160E-01
   0.2040582E+05  0.6187819E+04  0.4466180E-01
   0.2080910E+05  0.6591096E+04  0.4527530E-01
   0.2121237E+05  0.6994373E+04  0.4544140E-01
   0.2161565E+05  0.7397650E+04  0.4609680E-01
   0.2201893E+05  0.7800927E+04  0.4645180E-01
   0.2242220E+05  0.8204204E+04  0.4507190E-01
   0.2282548E+05  0.8607481E+04  0.4468380E-01
   0.2322876E+05  0.9010759E+04  0.4369640E-01
   0.2363204E+05  0.9414036E+04  0.4299200E-01
   0.2403531E+05  0.9817313E+04  0.4217870E-01
   0.2443859E+05  0.1022059E+05  0.4120500E-01
   0.2484187E+05  0.1062387E+05  0.4007250E-01
   0.2524514E+05  0.1102714E+05  0.3808650E-01
   0.2564842E+05  0.1143042E+05  0.3663320E-01
   0.2605170E+05  0.1183370E+05  0.3570720E-01
   0.2645497E+05  0.1223697E+05  0.3393580E-01
   0.2685825E+05  0.1264025E+05  0.3266300E-01
   0.2726153E+05  0.1304353E+05  0.3136030E-01
   0.2766481E+05  0.1344681E+05  0.3000560E-01
   0.2806808E+05  0.1385008E+05  0.2859260E-01
   0.2847136E+05  0.1425336E+05  0.2705730E-01
   0.2887464E+05  0.1465664E+05  0.2552560E-01
   0.2927791E+05  0.1505991E+05  0.2409950E-01
   0.2968119E+05  0.1546319E+05  0.2298380E-01
   0.3008447E+05  0.1586647E+05  0.2209950E-01
   0.3048775E+05  0.1626975E+05  0.2162470E-01
   0.3089102E+05  0.1667302E+05  0.2105730E-01
   0.3129430E+05  0.1707630E+05  0.2016380E-01
   0.3169758E+05  0.1747958E+05  0.1927080E-01
   0.3210085E+05  0.1788285E+05  0.1853820E-01
   0.3250413E+05  0.1828613E+05  0.1796190E-01
   0.3290741E+05  0.1868941E+05  0.1747360E-01
   0.3331068E+05  0.1909268E+05  0.1703470E-01
   0.3371396E+05  0.1949596E+05  0.1666240E-01
   0.3411724E+05  0.1989924E+05  0.1631300E-01
   0.3452052E+05  0.2030252E+05  0.1601080E-01
   0.3492379E+05  0.2070579E+05  0.1571870E-01
   0.3532707E+05  0.2110907E+05  0.1542550E-01
   0.3573035E+05  0.2151235E+05  0.1514700E-01
   0.3613362E+05  0.2191562E+05  0.1483040E-01
   0.3653690E+05  0.2231890E+05  0.1453190E-01
   0.3694018E+05  0.2272218E+05  0.1424030E-01
   0.3734346E+05  0.2312546E+05  0.1397120E-01
   0.3774673E+05  0.2352873E+05  0.1373250E-01
   0.3815001E+05  0.2393201E+05  0.1349080E-01
   0.3855329E+05  0.2433529E+05  0.1330040E-01
   0.3895656E+05  0.2473856E+05  0.1312710E-01
   0.3935984E+05  0.2514184E+05  0.1298410E-01
   0.3976312E+05  0.2554512E+05  0.1281910E-01
   0.4016639E+05  0.2594839E+05  0.1266250E-01
   0.4056967E+05  0.2635167E+05  0.1246340E-01
   0.4097295E+05  0.2675495E+05  0.1231150E-01
   0.4137623E+05  0.2715823E+05  0.1219120E-01
   0.4177950E+05  0.2756150E+05  0.1198910E-01
   0.4218278E+05  0.2796478E+05  0.1183290E-01
   0.4258606E+05  0.2836806E+05  0.1168160E-01
   0.4298933E+05  0.2877133E+05  0.1152400E-01
   0.4339261E+05  0.2917461E+05  0.1144000E-01
   0.4379589E+05  0.2957789E+05  0.1123520E-01
   0.4419917E+05  0.2998117E+05  0.1114010E-01
