   0.2201893E+05  0.2339274E+03  0.2793050E-03
   0.2242220E+05  0.6372044E+03  0.2609390E-02
   0.2282548E+05  0.1040481E+04  0.6102700E-02
   0.2322876E+05  0.1443759E+04  0.1221730E-01
   0.2363204E+05  0.1847036E+04  0.2001940E-01
   0.2403531E+05  0.2250313E+04  0.2710860E-01
   0.2443859E+05  0.2653590E+04  0.3190940E-01
   0.2484187E+05  0.3056867E+04  0.3411440E-01
   0.2524514E+05  0.3460144E+04  0.3512390E-01
   0.2564842E+05  0.3863421E+04  0.3902650E-01
   0.2605170E+05  0.4266698E+04  0.4525030E-01
   0.2645497E+05  0.4669975E+04  0.5290930E-01
   0.2685825E+05  0.5073252E+04  0.5949890E-01
   0.2726153E+05  0.5476529E+04  0.6558410E-01
   0.2766481E+05  0.5879806E+04  0.6947860E-01
   0.2806808E+05  0.6283083E+04  0.7160590E-01
   0.2847136E+05  0.6686360E+04  0.7365320E-01
   0.2887464E+05  0.7089637E+04  0.7305790E-01
   0.2927791E+05  0.7492914E+04  0.7218600E-01
   0.2968119E+05  0.7896191E+04  0.7016000E-01
   0.3008447E+05  0.8299469E+04  0.6797650E-01
   0.3048775E+05  0.8702746E+04  0.6639480E-01
   0.3089102E+05  0.9106023E+04  0.6461900E-01
   0.3129430E+05  0.9509300E+04  0.6343050E-01
   0.3169758E+05  0.9912577E+04  0.6293960E-01
   0.3210085E+05  0.1031585E+05  0.6183560E-01
   0.3250413E+05  0.1071913E+05  0.5998740E-01
   0.3290741E+05  0.1112241E+05  0.5780860E-01
   0.3331068E+05  0.1152568E+05  0.5591160E-01
   0.3371396E+05  0.1192896E+05  0.5431230E-01
   0.3411724E+05  0.1233224E+05  0.5307450E-01
   0.3452052E+05  0.1273552E+05  0.5214100E-01
   0.3492379E+05  0.1313879E+05  0.5159190E-01
   0.3532707E+05  0.1354207E+05  0.5126890E-01
   0.3573035E+05  0.1394535E+05  0.5101650E-01
   0.3613362E+05  0.1434862E+05  0.5083680E-01
   0.3653690E+05  0.1475190E+05  0.5079150E-01
   0.3694018E+05  0.1515518E+05  0.5077670E-01
   0.3734346E+05  0.1555846E+05  0.5079650E-01
   0.3774673E+05  0.1596173E+05  0.5083590E-01
   0.3815001E+05  0.1636501E+05  0.5081220E-01
   0.3855329E+05  0.1676829E+05  0.5073140E-01
   0.3895656E+05  0.1717156E+05  0.5045240E-01
   0.3935984E+05  0.1757484E+05  0.5010650E-01
   0.3976312E+05  0.1797812E+05  0.4975870E-01
   0.4016639E+05  0.1838139E+05  0.4936220E-01
   0.4056967E+05  0.1878467E+05  0.4887040E-01
   0.4097295E+05  0.1918795E+05  0.4829240E-01
   0.4137623E+05  0.1959123E+05  0.4770610E-01
   0.4177950E+05  0.1999450E+05  0.4708710E-01
   0.4218278E+05  0.2039778E+05  0.4651890E-01
   0.4258606E+05  0.2080106E+05  0.4590210E-01
   0.4298933E+05  0.2120433E+05  0.4524820E-01
   0.4339261E+05  0.2160761E+05  0.4468490E-01
   0.4379589E+05  0.2201089E+05  0.4419850E-01
   0.4419917E+05  0.2241417E+05  0.4372730E-01
