   0.1548584E+05  0.3416839E+04  0.2635320E-05
   0.1564715E+05  0.3578150E+04  0.2467330E-04
   0.1580846E+05  0.3739461E+04  0.1699380E-03
   0.1596977E+05  0.3900771E+04  0.7667290E-03
   0.1613108E+05  0.4062082E+04  0.2466470E-02
   0.1629239E+05  0.4223393E+04  0.5963970E-02
   0.1645370E+05  0.4384704E+04  0.1145230E-01
   0.1661501E+05  0.4546015E+04  0.1870870E-01
   0.1677633E+05  0.4707326E+04  0.2696220E-01
   0.1693764E+05  0.4868636E+04  0.3581320E-01
   0.1709895E+05  0.5029947E+04  0.4401750E-01
   0.1726026E+05  0.5191258E+04  0.5152750E-01
   0.1742157E+05  0.5352569E+04  0.5795940E-01
   0.1758288E+05  0.5513880E+04  0.6476780E-01
   0.1774419E+05  0.5675191E+04  0.7206140E-01
   0.1790550E+05  0.5836501E+04  0.7872380E-01
   0.1806681E+05  0.5997812E+04  0.8532740E-01
   0.1822812E+05  0.6159123E+04  0.9227430E-01
   0.1838943E+05  0.6320434E+04  0.9914080E-01
   0.1879271E+05  0.6723711E+04  0.1147450E+00
   0.1919599E+05  0.7126988E+04  0.1275970E+00
   0.1959927E+05  0.7530265E+04  0.1336320E+00
   0.2000254E+05  0.7933542E+04  0.1377130E+00
   0.2040582E+05  0.8336819E+04  0.1361060E+00
   0.2080910E+05  0.8740096E+04  0.1326060E+00
   0.2121237E+05  0.9143373E+04  0.1329060E+00
   0.2161565E+05  0.9546650E+04  0.1330170E+00
   0.2201893E+05  0.9949927E+04  0.1344990E+00
   0.2242220E+05  0.1035320E+05  0.1341920E+00
   0.2282548E+05  0.1075648E+05  0.1335810E+00
   0.2322876E+05  0.1115976E+05  0.1346090E+00
   0.2363204E+05  0.1156304E+05  0.1359440E+00
   0.2403531E+05  0.1196631E+05  0.1375990E+00
   0.2443859E+05  0.1236959E+05  0.1377340E+00
   0.2484187E+05  0.1277287E+05  0.1362680E+00
   0.2524514E+05  0.1317614E+05  0.1353120E+00
   0.2564842E+05  0.1357942E+05  0.1320100E+00
   0.2605170E+05  0.1398270E+05  0.1287510E+00
   0.2645497E+05  0.1438597E+05  0.1240600E+00
   0.2685825E+05  0.1478925E+05  0.1186520E+00
   0.2726153E+05  0.1519253E+05  0.1131330E+00
   0.2766481E+05  0.1559581E+05  0.1083040E+00
   0.2806808E+05  0.1599908E+05  0.1018660E+00
   0.2847136E+05  0.1640236E+05  0.9437450E-01
   0.2887464E+05  0.1680564E+05  0.8695060E-01
   0.2927791E+05  0.1720891E+05  0.8046230E-01
   0.2968119E+05  0.1761219E+05  0.7491620E-01
   0.3008447E+05  0.1801547E+05  0.6932010E-01
   0.3048775E+05  0.1841875E+05  0.6431140E-01
   0.3089102E+05  0.1882202E+05  0.6040380E-01
   0.3129430E+05  0.1922530E+05  0.5681870E-01
   0.3169758E+05  0.1962858E+05  0.5391120E-01
   0.3210085E+05  0.2003185E+05  0.5170770E-01
   0.3250413E+05  0.2043513E+05  0.4981010E-01
   0.3290741E+05  0.2083841E+05  0.4804990E-01
   0.3331068E+05  0.2124168E+05  0.4677800E-01
   0.3371396E+05  0.2164496E+05  0.4594960E-01
   0.3411724E+05  0.2204824E+05  0.4529130E-01
   0.3452052E+05  0.2245152E+05  0.4453070E-01
   0.3492379E+05  0.2285479E+05  0.4376530E-01
   0.3532707E+05  0.2325807E+05  0.4309130E-01
   0.3573035E+05  0.2366135E+05  0.4242890E-01
   0.3613362E+05  0.2406462E+05  0.4172630E-01
   0.3653690E+05  0.2446790E+05  0.4095810E-01
   0.3694018E+05  0.2487118E+05  0.4014740E-01
   0.3734346E+05  0.2527446E+05  0.3933220E-01
   0.3774673E+05  0.2567773E+05  0.3850460E-01
   0.3815001E+05  0.2608101E+05  0.3769340E-01
   0.3855329E+05  0.2648429E+05  0.3698770E-01
   0.3895656E+05  0.2688756E+05  0.3632180E-01
   0.3935984E+05  0.2729084E+05  0.3568360E-01
   0.3976312E+05  0.2769412E+05  0.3501360E-01
   0.4016639E+05  0.2809739E+05  0.3424020E-01
   0.4056967E+05  0.2850067E+05  0.3350290E-01
   0.4097295E+05  0.2890395E+05  0.3262960E-01
   0.4137623E+05  0.2930723E+05  0.3173290E-01
   0.4177950E+05  0.2971050E+05  0.3088370E-01
   0.4218278E+05  0.3011378E+05  0.2995910E-01
   0.4258606E+05  0.3051706E+05  0.2905840E-01
   0.4298933E+05  0.3092033E+05  0.2805120E-01
   0.4339261E+05  0.3132361E+05  0.2706320E-01
   0.4379589E+05  0.3172689E+05  0.2608660E-01
   0.4419917E+05  0.3213017E+05  0.2516660E-01
