   0.1742157E+05  0.2043569E+04  0.6317160E-07
   0.1758288E+05  0.2204880E+04  0.1089900E-05
   0.1774419E+05  0.2366191E+04  0.3390580E-05
   0.1790550E+05  0.2527501E+04  0.1267770E-04
   0.1806681E+05  0.2688812E+04  0.4151910E-04
   0.1822812E+05  0.2850123E+04  0.1068510E-03
   0.1838943E+05  0.3011434E+04  0.2359700E-03
   0.1879271E+05  0.3414711E+04  0.1070700E-02
   0.1919599E+05  0.3817988E+04  0.2788240E-02
   0.1959927E+05  0.4221265E+04  0.4552820E-02
   0.2000254E+05  0.4624542E+04  0.5940030E-02
   0.2040582E+05  0.5027819E+04  0.7150550E-02
   0.2080910E+05  0.5431096E+04  0.7915380E-02
   0.2121237E+05  0.5834373E+04  0.8682350E-02
   0.2161565E+05  0.6237650E+04  0.1034580E-01
   0.2201893E+05  0.6640927E+04  0.1203950E-01
   0.2242220E+05  0.7044204E+04  0.1379380E-01
   0.2282548E+05  0.7447481E+04  0.1531890E-01
   0.2322876E+05  0.7850759E+04  0.1621800E-01
   0.2363204E+05  0.8254036E+04  0.1747480E-01
   0.2403531E+05  0.8657313E+04  0.1804860E-01
   0.2443859E+05  0.9060590E+04  0.1865050E-01
   0.2484187E+05  0.9463867E+04  0.1917290E-01
   0.2524514E+05  0.9867144E+04  0.1982410E-01
   0.2564842E+05  0.1027042E+05  0.2055920E-01
   0.2605170E+05  0.1067370E+05  0.2083400E-01
   0.2645497E+05  0.1107697E+05  0.2123540E-01
   0.2685825E+05  0.1148025E+05  0.2169530E-01
   0.2726153E+05  0.1188353E+05  0.2185200E-01
   0.2766481E+05  0.1228681E+05  0.2174120E-01
   0.2806808E+05  0.1269008E+05  0.2161440E-01
   0.2847136E+05  0.1309336E+05  0.2120500E-01
   0.2887464E+05  0.1349664E+05  0.2076620E-01
   0.2927791E+05  0.1389991E+05  0.2029700E-01
   0.2968119E+05  0.1430319E+05  0.1958740E-01
   0.3008447E+05  0.1470647E+05  0.1884250E-01
   0.3048775E+05  0.1510975E+05  0.1805810E-01
   0.3089102E+05  0.1551302E+05  0.1742020E-01
   0.3129430E+05  0.1591630E+05  0.1682520E-01
   0.3169758E+05  0.1631958E+05  0.1621260E-01
   0.3210085E+05  0.1672285E+05  0.1562390E-01
   0.3250413E+05  0.1712613E+05  0.1504880E-01
   0.3290741E+05  0.1752941E+05  0.1447240E-01
   0.3331068E+05  0.1793268E+05  0.1395980E-01
   0.3371396E+05  0.1833596E+05  0.1349780E-01
   0.3411724E+05  0.1873924E+05  0.1309930E-01
   0.3452052E+05  0.1914252E+05  0.1275720E-01
   0.3492379E+05  0.1954579E+05  0.1243120E-01
   0.3532707E+05  0.1994907E+05  0.1215310E-01
   0.3573035E+05  0.2035235E+05  0.1191700E-01
   0.3613362E+05  0.2075562E+05  0.1164930E-01
   0.3653690E+05  0.2115890E+05  0.1136640E-01
   0.3694018E+05  0.2156218E+05  0.1110030E-01
   0.3734346E+05  0.2196546E+05  0.1081100E-01
   0.3774673E+05  0.2236873E+05  0.1053960E-01
   0.3815001E+05  0.2277201E+05  0.1025650E-01
   0.3855329E+05  0.2317529E+05  0.1001140E-01
   0.3895656E+05  0.2357856E+05  0.9806180E-02
   0.3935984E+05  0.2398184E+05  0.9583650E-02
   0.3976312E+05  0.2438512E+05  0.9392430E-02
   0.4016639E+05  0.2478839E+05  0.9198750E-02
   0.4056967E+05  0.2519167E+05  0.9001030E-02
   0.4097295E+05  0.2559495E+05  0.8806890E-02
   0.4137623E+05  0.2599823E+05  0.8668110E-02
   0.4177950E+05  0.2640150E+05  0.8488310E-02
   0.4218278E+05  0.2680478E+05  0.8315850E-02
   0.4258606E+05  0.2720806E+05  0.8151900E-02
   0.4298933E+05  0.2761133E+05  0.8012750E-02
   0.4339261E+05  0.2801461E+05  0.7821310E-02
   0.4379589E+05  0.2841789E+05  0.7642200E-02
   0.4419917E+05  0.2882117E+05  0.7454220E-02
