   0.1822812E+05  0.1077352E+05  0.3220150E-05
   0.1838943E+05  0.1093483E+05  0.5216480E-04
   0.1879271E+05  0.1133811E+05  0.1482380E-02
   0.1919599E+05  0.1174139E+05  0.4237520E-02
   0.1959927E+05  0.1214467E+05  0.6504160E-02
   0.2000254E+05  0.1254794E+05  0.9041670E-02
   0.2040582E+05  0.1295122E+05  0.1219780E-01
   0.2080910E+05  0.1335450E+05  0.1558280E-01
   0.2121237E+05  0.1375777E+05  0.1933420E-01
   0.2161565E+05  0.1416105E+05  0.2329410E-01
   0.2201893E+05  0.1456433E+05  0.2758230E-01
   0.2242220E+05  0.1496760E+05  0.3056880E-01
   0.2282548E+05  0.1537088E+05  0.3379480E-01
   0.2322876E+05  0.1577416E+05  0.3685200E-01
   0.2363204E+05  0.1617744E+05  0.3978270E-01
   0.2403531E+05  0.1658071E+05  0.4133360E-01
   0.2443859E+05  0.1698399E+05  0.4395260E-01
   0.2484187E+05  0.1738727E+05  0.4483580E-01
   0.2524514E+05  0.1779054E+05  0.4574130E-01
   0.2564842E+05  0.1819382E+05  0.4666000E-01
   0.2605170E+05  0.1859710E+05  0.4732410E-01
   0.2645497E+05  0.1900037E+05  0.4671720E-01
   0.2685825E+05  0.1940365E+05  0.4661120E-01
   0.2726153E+05  0.1980693E+05  0.4621970E-01
   0.2766481E+05  0.2021021E+05  0.4465400E-01
   0.2806808E+05  0.2061348E+05  0.4378680E-01
   0.2847136E+05  0.2101676E+05  0.4318910E-01
   0.2887464E+05  0.2142004E+05  0.4275550E-01
   0.2927791E+05  0.2182331E+05  0.4228650E-01
   0.2968119E+05  0.2222659E+05  0.4152600E-01
   0.3008447E+05  0.2262987E+05  0.4106660E-01
   0.3048775E+05  0.2303315E+05  0.4084480E-01
   0.3089102E+05  0.2343642E+05  0.4060640E-01
   0.3129430E+05  0.2383970E+05  0.4040360E-01
   0.3169758E+05  0.2424298E+05  0.4020890E-01
   0.3210085E+05  0.2464625E+05  0.4003820E-01
   0.3250413E+05  0.2504953E+05  0.3973710E-01
   0.3290741E+05  0.2545281E+05  0.3907880E-01
   0.3331068E+05  0.2585608E+05  0.3827850E-01
   0.3371396E+05  0.2625936E+05  0.3729640E-01
   0.3411724E+05  0.2666264E+05  0.3616660E-01
   0.3452052E+05  0.2706592E+05  0.3506260E-01
   0.3492379E+05  0.2746919E+05  0.3397210E-01
   0.3532707E+05  0.2787247E+05  0.3288060E-01
   0.3573035E+05  0.2827575E+05  0.3175280E-01
   0.3613362E+05  0.2867902E+05  0.3057390E-01
   0.3653690E+05  0.2908230E+05  0.2938620E-01
   0.3694018E+05  0.2948558E+05  0.2825720E-01
   0.3734346E+05  0.2988886E+05  0.2710220E-01
   0.3774673E+05  0.3029213E+05  0.2601910E-01
   0.3815001E+05  0.3069541E+05  0.2508990E-01
   0.3855329E+05  0.3109869E+05  0.2413190E-01
   0.3895656E+05  0.3150196E+05  0.2328870E-01
   0.3935984E+05  0.3190524E+05  0.2248070E-01
   0.3976312E+05  0.3230852E+05  0.2173950E-01
   0.4016639E+05  0.3271179E+05  0.2102970E-01
   0.4056967E+05  0.3311507E+05  0.2046760E-01
   0.4097295E+05  0.3351835E+05  0.1977250E-01
   0.4137623E+05  0.3392163E+05  0.1918040E-01
   0.4177950E+05  0.3432490E+05  0.1863020E-01
   0.4218278E+05  0.3472818E+05  0.1814610E-01
   0.4258606E+05  0.3513146E+05  0.1759280E-01
   0.4298933E+05  0.3553473E+05  0.1717000E-01
   0.4339261E+05  0.3593801E+05  0.1667800E-01
   0.4379589E+05  0.3634129E+05  0.1629670E-01
   0.4419917E+05  0.3674457E+05  0.1583420E-01
