   0.1322749E+05  0.1144875E+03  0.4978360E-04
   0.1338880E+05  0.2757983E+03  0.8455960E-04
   0.1355011E+05  0.4371091E+03  0.2255060E-03
   0.1371142E+05  0.5984200E+03  0.5442960E-03
   0.1387273E+05  0.7597308E+03  0.1056540E-02
   0.1403404E+05  0.9210416E+03  0.1888850E-02
   0.1419535E+05  0.1082352E+04  0.3045950E-02
   0.1435666E+05  0.1243663E+04  0.4537810E-02
   0.1451797E+05  0.1404974E+04  0.6257320E-02
   0.1467928E+05  0.1566285E+04  0.8131610E-02
   0.1484060E+05  0.1727596E+04  0.1002870E-01
   0.1500191E+05  0.1888907E+04  0.1181930E-01
   0.1516322E+05  0.2050217E+04  0.1343070E-01
   0.1532453E+05  0.2211528E+04  0.1493620E-01
   0.1548584E+05  0.2372839E+04  0.1644390E-01
   0.1564715E+05  0.2534150E+04  0.1812230E-01
   0.1580846E+05  0.2695461E+04  0.1973560E-01
   0.1596977E+05  0.2856771E+04  0.2108210E-01
   0.1613108E+05  0.3018082E+04  0.2207240E-01
   0.1629239E+05  0.3179393E+04  0.2269430E-01
   0.1645370E+05  0.3340704E+04  0.2288430E-01
   0.1661501E+05  0.3502015E+04  0.2308210E-01
   0.1677633E+05  0.3663326E+04  0.2325680E-01
   0.1693764E+05  0.3824636E+04  0.2331250E-01
   0.1709895E+05  0.3985947E+04  0.2332570E-01
   0.1726026E+05  0.4147258E+04  0.2356070E-01
   0.1742157E+05  0.4308569E+04  0.2422380E-01
   0.1758288E+05  0.4469880E+04  0.2515190E-01
   0.1774419E+05  0.4631191E+04  0.2650390E-01
   0.1790550E+05  0.4792501E+04  0.2794050E-01
   0.1806681E+05  0.4953812E+04  0.2899960E-01
   0.1822812E+05  0.5115123E+04  0.2999800E-01
   0.1838943E+05  0.5276434E+04  0.3097500E-01
   0.1879271E+05  0.5679711E+04  0.3347890E-01
   0.1919599E+05  0.6082988E+04  0.3562900E-01
   0.1959927E+05  0.6486265E+04  0.3831040E-01
   0.2000254E+05  0.6889542E+04  0.3990330E-01
   0.2040582E+05  0.7292819E+04  0.4002310E-01
   0.2080910E+05  0.7696096E+04  0.3984640E-01
   0.2121237E+05  0.8099373E+04  0.3985720E-01
   0.2161565E+05  0.8502650E+04  0.3856940E-01
   0.2201893E+05  0.8905927E+04  0.3715260E-01
   0.2242220E+05  0.9309204E+04  0.3523430E-01
   0.2282548E+05  0.9712481E+04  0.3340220E-01
   0.2322876E+05  0.1011576E+05  0.3175260E-01
   0.2363204E+05  0.1051904E+05  0.2928040E-01
   0.2403531E+05  0.1092231E+05  0.2725230E-01
   0.2443859E+05  0.1132559E+05  0.2525670E-01
   0.2484187E+05  0.1172887E+05  0.2301880E-01
   0.2524514E+05  0.1213214E+05  0.2162780E-01
   0.2564842E+05  0.1253542E+05  0.2030590E-01
   0.2605170E+05  0.1293870E+05  0.1892380E-01
   0.2645497E+05  0.1334197E+05  0.1792360E-01
   0.2685825E+05  0.1374525E+05  0.1699360E-01
   0.2726153E+05  0.1414853E+05  0.1636100E-01
   0.2766481E+05  0.1455181E+05  0.1548800E-01
   0.2806808E+05  0.1495508E+05  0.1474500E-01
   0.2847136E+05  0.1535836E+05  0.1403140E-01
   0.2887464E+05  0.1576164E+05  0.1322020E-01
   0.2927791E+05  0.1616491E+05  0.1256250E-01
   0.2968119E+05  0.1656819E+05  0.1213170E-01
   0.3008447E+05  0.1697147E+05  0.1161750E-01
   0.3048775E+05  0.1737475E+05  0.1093430E-01
   0.3089102E+05  0.1777802E+05  0.1037230E-01
   0.3129430E+05  0.1818130E+05  0.9878830E-02
   0.3169758E+05  0.1858458E+05  0.9392360E-02
   0.3210085E+05  0.1898785E+05  0.9008000E-02
   0.3250413E+05  0.1939113E+05  0.8685390E-02
   0.3290741E+05  0.1979441E+05  0.8442470E-02
   0.3331068E+05  0.2019768E+05  0.8225820E-02
   0.3371396E+05  0.2060096E+05  0.7986790E-02
   0.3411724E+05  0.2100424E+05  0.7692230E-02
   0.3452052E+05  0.2140752E+05  0.7357890E-02
   0.3492379E+05  0.2181079E+05  0.7015940E-02
   0.3532707E+05  0.2221407E+05  0.6750570E-02
   0.3573035E+05  0.2261735E+05  0.6580430E-02
   0.3613362E+05  0.2302062E+05  0.6452340E-02
   0.3653690E+05  0.2342390E+05  0.6358100E-02
   0.3694018E+05  0.2382718E+05  0.6252630E-02
   0.3734346E+05  0.2423046E+05  0.6136270E-02
   0.3774673E+05  0.2463373E+05  0.5991980E-02
   0.3815001E+05  0.2503701E+05  0.5841330E-02
   0.3855329E+05  0.2544029E+05  0.5679880E-02
   0.3895656E+05  0.2584356E+05  0.5552820E-02
   0.3935984E+05  0.2624684E+05  0.5425480E-02
   0.3976312E+05  0.2665012E+05  0.5295860E-02
   0.4016639E+05  0.2705339E+05  0.5179170E-02
   0.4056967E+05  0.2745667E+05  0.5079680E-02
   0.4097295E+05  0.2785995E+05  0.4995270E-02
   0.4137623E+05  0.2826323E+05  0.4903500E-02
   0.4177950E+05  0.2866650E+05  0.4826640E-02
   0.4218278E+05  0.2906978E+05  0.4736110E-02
   0.4258606E+05  0.2947306E+05  0.4666970E-02
   0.4298933E+05  0.2987633E+05  0.4567510E-02
   0.4339261E+05  0.3027961E+05  0.4481490E-02
   0.4379589E+05  0.3068289E+05  0.4409260E-02
   0.4419917E+05  0.3108617E+05  0.4317570E-02
