   0.1209831E+05  0.2931173E+02  0.3089290E-02
   0.1225962E+05  0.1906226E+03  0.1830780E-02
   0.1242093E+05  0.3519334E+03  0.2048100E-02
   0.1258224E+05  0.5132442E+03  0.2393610E-02
   0.1274356E+05  0.6745550E+03  0.3711170E-02
   0.1290487E+05  0.8358658E+03  0.5883330E-02
   0.1306618E+05  0.9971767E+03  0.1001760E-01
   0.1322749E+05  0.1158487E+04  0.1538250E-01
   0.1338880E+05  0.1319798E+04  0.2165740E-01
   0.1355011E+05  0.1481109E+04  0.2896320E-01
   0.1371142E+05  0.1642420E+04  0.3673880E-01
   0.1387273E+05  0.1803731E+04  0.4456690E-01
   0.1403404E+05  0.1965042E+04  0.5224660E-01
   0.1419535E+05  0.2126352E+04  0.5931400E-01
   0.1435666E+05  0.2287663E+04  0.6507420E-01
   0.1451797E+05  0.2448974E+04  0.6954130E-01
   0.1467928E+05  0.2610285E+04  0.7294260E-01
   0.1484060E+05  0.2771596E+04  0.7620560E-01
   0.1500191E+05  0.2932907E+04  0.7961970E-01
   0.1516322E+05  0.3094217E+04  0.8203610E-01
   0.1532453E+05  0.3255528E+04  0.8569260E-01
   0.1548584E+05  0.3416839E+04  0.8967300E-01
   0.1564715E+05  0.3578150E+04  0.9606980E-01
   0.1580846E+05  0.3739461E+04  0.9840180E-01
   0.1596977E+05  0.3900771E+04  0.9798000E-01
   0.1613108E+05  0.4062082E+04  0.9874510E-01
   0.1629239E+05  0.4223393E+04  0.1011390E+00
   0.1645370E+05  0.4384704E+04  0.1047690E+00
   0.1661501E+05  0.4546015E+04  0.1092910E+00
   0.1677633E+05  0.4707326E+04  0.1146540E+00
   0.1693764E+05  0.4868636E+04  0.1183980E+00
   0.1709895E+05  0.5029947E+04  0.1227700E+00
   0.1726026E+05  0.5191258E+04  0.1263450E+00
   0.1742157E+05  0.5352569E+04  0.1288360E+00
   0.1758288E+05  0.5513880E+04  0.1305830E+00
   0.1774419E+05  0.5675191E+04  0.1300970E+00
   0.1790550E+05  0.5836501E+04  0.1307470E+00
   0.1806681E+05  0.5997812E+04  0.1322240E+00
   0.1822812E+05  0.6159123E+04  0.1331620E+00
   0.1838943E+05  0.6320434E+04  0.1351410E+00
   0.1879271E+05  0.6723711E+04  0.1364070E+00
   0.1919599E+05  0.7126988E+04  0.1354560E+00
   0.1959927E+05  0.7530265E+04  0.1352180E+00
   0.2000254E+05  0.7933542E+04  0.1350300E+00
   0.2040582E+05  0.8336819E+04  0.1375020E+00
   0.2080910E+05  0.8740096E+04  0.1381100E+00
   0.2121237E+05  0.9143373E+04  0.1369890E+00
   0.2161565E+05  0.9546650E+04  0.1391480E+00
   0.2201893E+05  0.9949927E+04  0.1397040E+00
   0.2242220E+05  0.1035320E+05  0.1397850E+00
   0.2282548E+05  0.1075648E+05  0.1418490E+00
   0.2322876E+05  0.1115976E+05  0.1408860E+00
   0.2363204E+05  0.1156304E+05  0.1386510E+00
   0.2403531E+05  0.1196631E+05  0.1392430E+00
   0.2443859E+05  0.1236959E+05  0.1399020E+00
   0.2484187E+05  0.1277287E+05  0.1410240E+00
   0.2524514E+05  0.1317614E+05  0.1418920E+00
   0.2564842E+05  0.1357942E+05  0.1425330E+00
   0.2605170E+05  0.1398270E+05  0.1421200E+00
   0.2645497E+05  0.1438597E+05  0.1429410E+00
   0.2685825E+05  0.1478925E+05  0.1423630E+00
   0.2726153E+05  0.1519253E+05  0.1415080E+00
   0.2766481E+05  0.1559581E+05  0.1419920E+00
   0.2806808E+05  0.1599908E+05  0.1423740E+00
   0.2847136E+05  0.1640236E+05  0.1433070E+00
   0.2887464E+05  0.1680564E+05  0.1437150E+00
   0.2927791E+05  0.1720891E+05  0.1439440E+00
   0.2968119E+05  0.1761219E+05  0.1435190E+00
   0.3008447E+05  0.1801547E+05  0.1429090E+00
   0.3048775E+05  0.1841875E+05  0.1425010E+00
   0.3089102E+05  0.1882202E+05  0.1421580E+00
   0.3129430E+05  0.1922530E+05  0.1426230E+00
   0.3169758E+05  0.1962858E+05  0.1430450E+00
   0.3210085E+05  0.2003185E+05  0.1430300E+00
   0.3250413E+05  0.2043513E+05  0.1428560E+00
   0.3290741E+05  0.2083841E+05  0.1432360E+00
   0.3331068E+05  0.2124168E+05  0.1440020E+00
   0.3371396E+05  0.2164496E+05  0.1445530E+00
   0.3411724E+05  0.2204824E+05  0.1451080E+00
   0.3452052E+05  0.2245152E+05  0.1458010E+00
   0.3492379E+05  0.2285479E+05  0.1465850E+00
   0.3532707E+05  0.2325807E+05  0.1473460E+00
   0.3573035E+05  0.2366135E+05  0.1482470E+00
   0.3613362E+05  0.2406462E+05  0.1493370E+00
   0.3653690E+05  0.2446790E+05  0.1504020E+00
   0.3694018E+05  0.2487118E+05  0.1514970E+00
   0.3734346E+05  0.2527446E+05  0.1526820E+00
   0.3774673E+05  0.2567773E+05  0.1540470E+00
   0.3815001E+05  0.2608101E+05  0.1554450E+00
   0.3855329E+05  0.2648429E+05  0.1569920E+00
   0.3895656E+05  0.2688756E+05  0.1585390E+00
   0.3935984E+05  0.2729084E+05  0.1600910E+00
   0.3976312E+05  0.2769412E+05  0.1616930E+00
   0.4016639E+05  0.2809739E+05  0.1633310E+00
   0.4056967E+05  0.2850067E+05  0.1651150E+00
   0.4097295E+05  0.2890395E+05  0.1668310E+00
   0.4137623E+05  0.2930723E+05  0.1686330E+00
   0.4177950E+05  0.2971050E+05  0.1705310E+00
   0.4218278E+05  0.3011378E+05  0.1721370E+00
   0.4258606E+05  0.3051706E+05  0.1736170E+00
   0.4298933E+05  0.3092033E+05  0.1752480E+00
   0.4339261E+05  0.3132361E+05  0.1767930E+00
   0.4379589E+05  0.3172689E+05  0.1783660E+00
   0.4419917E+05  0.3213017E+05  0.1800510E+00
