   0.2685825E+05  0.1940365E+05  0.7680700E-03
   0.2726153E+05  0.1980693E+05  0.1652230E-02
   0.2766481E+05  0.2021021E+05  0.2438860E-02
   0.2806808E+05  0.2061348E+05  0.3245500E-02
   0.2847136E+05  0.2101676E+05  0.4175580E-02
   0.2887464E+05  0.2142004E+05  0.5241130E-02
   0.2927791E+05  0.2182331E+05  0.6467290E-02
   0.2968119E+05  0.2222659E+05  0.7616470E-02
   0.3008447E+05  0.2262987E+05  0.8856110E-02
   0.3048775E+05  0.2303315E+05  0.1004720E-01
   0.3089102E+05  0.2343642E+05  0.1098060E-01
   0.3129430E+05  0.2383970E+05  0.1201850E-01
   0.3169758E+05  0.2424298E+05  0.1312430E-01
   0.3210085E+05  0.2464625E+05  0.1422250E-01
   0.3250413E+05  0.2504953E+05  0.1550900E-01
   0.3290741E+05  0.2545281E+05  0.1672140E-01
   0.3331068E+05  0.2585608E+05  0.1775490E-01
   0.3371396E+05  0.2625936E+05  0.1873030E-01
   0.3411724E+05  0.2666264E+05  0.1961630E-01
   0.3452052E+05  0.2706592E+05  0.2024150E-01
   0.3492379E+05  0.2746919E+05  0.2061240E-01
   0.3532707E+05  0.2787247E+05  0.2097720E-01
   0.3573035E+05  0.2827575E+05  0.2138160E-01
   0.3613362E+05  0.2867902E+05  0.2180630E-01
   0.3653690E+05  0.2908230E+05  0.2215120E-01
   0.3694018E+05  0.2948558E+05  0.2248720E-01
   0.3734346E+05  0.2988886E+05  0.2271070E-01
   0.3774673E+05  0.3029213E+05  0.2288840E-01
   0.3815001E+05  0.3069541E+05  0.2287410E-01
   0.3855329E+05  0.3109869E+05  0.2276590E-01
   0.3895656E+05  0.3150196E+05  0.2270070E-01
   0.3935984E+05  0.3190524E+05  0.2250430E-01
   0.3976312E+05  0.3230852E+05  0.2219340E-01
   0.4016639E+05  0.3271179E+05  0.2188170E-01
   0.4056967E+05  0.3311507E+05  0.2148930E-01
   0.4097295E+05  0.3351835E+05  0.2118360E-01
   0.4137623E+05  0.3392163E+05  0.2071870E-01
   0.4177950E+05  0.3432490E+05  0.2006000E-01
   0.4218278E+05  0.3472818E+05  0.1957330E-01
   0.4258606E+05  0.3513146E+05  0.1904860E-01
   0.4298933E+05  0.3553473E+05  0.1855110E-01
   0.4339261E+05  0.3593801E+05  0.1804180E-01
   0.4379589E+05  0.3634129E+05  0.1741950E-01
   0.4419917E+05  0.3674457E+05  0.1700360E-01
