   0.1435666E+05  0.1386633E+03  0.1662620E-03
   0.1451797E+05  0.2999741E+03  0.5867990E-03
   0.1467928E+05  0.4612849E+03  0.1441190E-02
   0.1484060E+05  0.6225957E+03  0.3002420E-02
   0.1500191E+05  0.7839065E+03  0.5467690E-02
   0.1516322E+05  0.9452174E+03  0.8782520E-02
   0.1532453E+05  0.1106528E+04  0.1288870E-01
   0.1548584E+05  0.1267839E+04  0.1767160E-01
   0.1564715E+05  0.1429150E+04  0.2283530E-01
   0.1580846E+05  0.1590461E+04  0.2797310E-01
   0.1596977E+05  0.1751771E+04  0.3289660E-01
   0.1613108E+05  0.1913082E+04  0.3747870E-01
   0.1629239E+05  0.2074393E+04  0.4196160E-01
   0.1645370E+05  0.2235704E+04  0.4627940E-01
   0.1661501E+05  0.2397015E+04  0.5105730E-01
   0.1677633E+05  0.2558326E+04  0.5589120E-01
   0.1693764E+05  0.2719636E+04  0.6045910E-01
   0.1709895E+05  0.2880947E+04  0.6466140E-01
   0.1726026E+05  0.3042258E+04  0.6811960E-01
   0.1742157E+05  0.3203569E+04  0.7208710E-01
   0.1758288E+05  0.3364880E+04  0.7620730E-01
   0.1774419E+05  0.3526191E+04  0.7920050E-01
   0.1790550E+05  0.3687501E+04  0.8272210E-01
   0.1806681E+05  0.3848812E+04  0.8504770E-01
   0.1822812E+05  0.4010123E+04  0.8697310E-01
   0.1838943E+05  0.4171434E+04  0.8930660E-01
   0.1879271E+05  0.4574711E+04  0.9291400E-01
   0.1919599E+05  0.4977988E+04  0.9523710E-01
   0.1959927E+05  0.5381265E+04  0.9534170E-01
   0.2000254E+05  0.5784542E+04  0.9439700E-01
   0.2040582E+05  0.6187819E+04  0.9285080E-01
   0.2080910E+05  0.6591096E+04  0.9285530E-01
   0.2121237E+05  0.6994373E+04  0.9092390E-01
   0.2161565E+05  0.7397650E+04  0.8870480E-01
   0.2201893E+05  0.7800927E+04  0.8738770E-01
   0.2242220E+05  0.8204204E+04  0.8655040E-01
   0.2282548E+05  0.8607481E+04  0.8369600E-01
   0.2322876E+05  0.9010759E+04  0.8192040E-01
   0.2363204E+05  0.9414036E+04  0.7902400E-01
   0.2403531E+05  0.9817313E+04  0.7552750E-01
   0.2443859E+05  0.1022059E+05  0.7294610E-01
   0.2484187E+05  0.1062387E+05  0.7106290E-01
   0.2524514E+05  0.1102714E+05  0.6964490E-01
   0.2564842E+05  0.1143042E+05  0.6772180E-01
   0.2605170E+05  0.1183370E+05  0.6657820E-01
   0.2645497E+05  0.1223697E+05  0.6535630E-01
   0.2685825E+05  0.1264025E+05  0.6400150E-01
   0.2726153E+05  0.1304353E+05  0.6264880E-01
   0.2766481E+05  0.1344681E+05  0.6158940E-01
   0.2806808E+05  0.1385008E+05  0.6078800E-01
   0.2847136E+05  0.1425336E+05  0.5919340E-01
   0.2887464E+05  0.1465664E+05  0.5777980E-01
   0.2927791E+05  0.1505991E+05  0.5691230E-01
   0.2968119E+05  0.1546319E+05  0.5625880E-01
   0.3008447E+05  0.1586647E+05  0.5522560E-01
   0.3048775E+05  0.1626975E+05  0.5389900E-01
   0.3089102E+05  0.1667302E+05  0.5242760E-01
   0.3129430E+05  0.1707630E+05  0.5116070E-01
   0.3169758E+05  0.1747958E+05  0.4993930E-01
   0.3210085E+05  0.1788285E+05  0.4876880E-01
   0.3250413E+05  0.1828613E+05  0.4797200E-01
   0.3290741E+05  0.1868941E+05  0.4745590E-01
   0.3331068E+05  0.1909268E+05  0.4702010E-01
   0.3371396E+05  0.1949596E+05  0.4649980E-01
   0.3411724E+05  0.1989924E+05  0.4595860E-01
   0.3452052E+05  0.2030252E+05  0.4534500E-01
   0.3492379E+05  0.2070579E+05  0.4471020E-01
   0.3532707E+05  0.2110907E+05  0.4395450E-01
   0.3573035E+05  0.2151235E+05  0.4315670E-01
   0.3613362E+05  0.2191562E+05  0.4234220E-01
   0.3653690E+05  0.2231890E+05  0.4156530E-01
   0.3694018E+05  0.2272218E+05  0.4088200E-01
   0.3734346E+05  0.2312546E+05  0.4028040E-01
   0.3774673E+05  0.2352873E+05  0.3982400E-01
   0.3815001E+05  0.2393201E+05  0.3948170E-01
   0.3855329E+05  0.2433529E+05  0.3922790E-01
   0.3895656E+05  0.2473856E+05  0.3898430E-01
   0.3935984E+05  0.2514184E+05  0.3877370E-01
   0.3976312E+05  0.2554512E+05  0.3864450E-01
   0.4016639E+05  0.2594839E+05  0.3849410E-01
   0.4056967E+05  0.2635167E+05  0.3838760E-01
   0.4097295E+05  0.2675495E+05  0.3826920E-01
   0.4137623E+05  0.2715823E+05  0.3818190E-01
   0.4177950E+05  0.2756150E+05  0.3811990E-01
   0.4218278E+05  0.2796478E+05  0.3800550E-01
   0.4258606E+05  0.2836806E+05  0.3787620E-01
   0.4298933E+05  0.2877133E+05  0.3767600E-01
   0.4339261E+05  0.2917461E+05  0.3763800E-01
   0.4379589E+05  0.2957789E+05  0.3750820E-01
   0.4419917E+05  0.2998117E+05  0.3739630E-01
