   0.1790550E+05  0.6750136E+02  0.8349170E-04
   0.1806681E+05  0.2288122E+03  0.3109790E-03
   0.1822812E+05  0.3901230E+03  0.7890340E-03
   0.1838943E+05  0.5514338E+03  0.1903860E-02
   0.1879271E+05  0.9547109E+03  0.1696860E-01
   0.1919599E+05  0.1357988E+04  0.7546580E-01
   0.1959927E+05  0.1761265E+04  0.1414980E+00
   0.2000254E+05  0.2164542E+04  0.1715690E+00
   0.2040582E+05  0.2567819E+04  0.1873580E+00
   0.2080910E+05  0.2971096E+04  0.2091230E+00
   0.2121237E+05  0.3374373E+04  0.2238700E+00
   0.2161565E+05  0.3777650E+04  0.2442460E+00
   0.2201893E+05  0.4180927E+04  0.2542580E+00
   0.2242220E+05  0.4584204E+04  0.2593580E+00
   0.2282548E+05  0.4987481E+04  0.2573000E+00
   0.2322876E+05  0.5390759E+04  0.2519160E+00
   0.2363204E+05  0.5794036E+04  0.2435650E+00
   0.2403531E+05  0.6197313E+04  0.2395830E+00
   0.2443859E+05  0.6600590E+04  0.2399020E+00
   0.2484187E+05  0.7003867E+04  0.2410770E+00
   0.2524514E+05  0.7407144E+04  0.2414280E+00
   0.2564842E+05  0.7810421E+04  0.2430620E+00
   0.2605170E+05  0.8213698E+04  0.2448800E+00
   0.2645497E+05  0.8616975E+04  0.2468810E+00
   0.2685825E+05  0.9020252E+04  0.2504300E+00
   0.2726153E+05  0.9423529E+04  0.2542690E+00
   0.2766481E+05  0.9826806E+04  0.2567560E+00
   0.2806808E+05  0.1023008E+05  0.2590390E+00
   0.2847136E+05  0.1063336E+05  0.2621020E+00
   0.2887464E+05  0.1103664E+05  0.2628650E+00
   0.2927791E+05  0.1143991E+05  0.2667520E+00
   0.2968119E+05  0.1184319E+05  0.2696830E+00
   0.3008447E+05  0.1224647E+05  0.2701920E+00
   0.3048775E+05  0.1264975E+05  0.2691380E+00
   0.3089102E+05  0.1305302E+05  0.2703720E+00
   0.3129430E+05  0.1345630E+05  0.2705770E+00
   0.3169758E+05  0.1385958E+05  0.2682160E+00
   0.3210085E+05  0.1426285E+05  0.2667880E+00
   0.3250413E+05  0.1466613E+05  0.2659220E+00
   0.3290741E+05  0.1506941E+05  0.2636420E+00
   0.3331068E+05  0.1547268E+05  0.2598330E+00
   0.3371396E+05  0.1587596E+05  0.2570370E+00
   0.3411724E+05  0.1627924E+05  0.2545120E+00
   0.3452052E+05  0.1668252E+05  0.2510030E+00
   0.3492379E+05  0.1708579E+05  0.2476220E+00
   0.3532707E+05  0.1748907E+05  0.2450380E+00
   0.3573035E+05  0.1789235E+05  0.2424730E+00
   0.3613362E+05  0.1829562E+05  0.2394040E+00
   0.3653690E+05  0.1869890E+05  0.2363220E+00
   0.3694018E+05  0.1910218E+05  0.2334880E+00
   0.3734346E+05  0.1950546E+05  0.2308000E+00
   0.3774673E+05  0.1990873E+05  0.2280200E+00
   0.3815001E+05  0.2031201E+05  0.2255260E+00
   0.3855329E+05  0.2071529E+05  0.2235630E+00
   0.3895656E+05  0.2111856E+05  0.2219780E+00
   0.3935984E+05  0.2152184E+05  0.2205880E+00
   0.3976312E+05  0.2192512E+05  0.2193400E+00
   0.4016639E+05  0.2232839E+05  0.2183030E+00
   0.4056967E+05  0.2273167E+05  0.2172010E+00
   0.4097295E+05  0.2313495E+05  0.2161060E+00
   0.4137623E+05  0.2353823E+05  0.2148200E+00
   0.4177950E+05  0.2394150E+05  0.2135020E+00
   0.4218278E+05  0.2434478E+05  0.2121680E+00
   0.4258606E+05  0.2474806E+05  0.2103840E+00
   0.4298933E+05  0.2515133E+05  0.2085970E+00
   0.4339261E+05  0.2555461E+05  0.2066670E+00
   0.4379589E+05  0.2595789E+05  0.2047820E+00
   0.4419917E+05  0.2636117E+05  0.2026700E+00
