   0.2000254E+05  0.1200514E+05  0.3514480E-05
   0.2040582E+05  0.1240842E+05  0.2226970E-03
   0.2080910E+05  0.1281170E+05  0.8902790E-03
   0.2121237E+05  0.1321497E+05  0.1528090E-02
   0.2161565E+05  0.1361825E+05  0.2225360E-02
   0.2201893E+05  0.1402153E+05  0.3068750E-02
   0.2242220E+05  0.1442480E+05  0.3985420E-02
   0.2282548E+05  0.1482808E+05  0.4994060E-02
   0.2322876E+05  0.1523136E+05  0.6058920E-02
   0.2363204E+05  0.1563464E+05  0.7269630E-02
   0.2403531E+05  0.1603791E+05  0.8592280E-02
   0.2443859E+05  0.1644119E+05  0.9426630E-02
   0.2484187E+05  0.1684447E+05  0.1024340E-01
   0.2524514E+05  0.1724774E+05  0.1105190E-01
   0.2564842E+05  0.1765102E+05  0.1162440E-01
   0.2605170E+05  0.1805430E+05  0.1190890E-01
   0.2645497E+05  0.1845757E+05  0.1212010E-01
   0.2685825E+05  0.1886085E+05  0.1210490E-01
   0.2726153E+05  0.1926413E+05  0.1214340E-01
   0.2766481E+05  0.1966741E+05  0.1219170E-01
   0.2806808E+05  0.2007068E+05  0.1210200E-01
   0.2847136E+05  0.2047396E+05  0.1205340E-01
   0.2887464E+05  0.2087724E+05  0.1209240E-01
   0.2927791E+05  0.2128051E+05  0.1206620E-01
   0.2968119E+05  0.2168379E+05  0.1215030E-01
   0.3008447E+05  0.2208707E+05  0.1220380E-01
   0.3048775E+05  0.2249035E+05  0.1209430E-01
   0.3089102E+05  0.2289362E+05  0.1209840E-01
   0.3129430E+05  0.2329690E+05  0.1212110E-01
   0.3169758E+05  0.2370018E+05  0.1204580E-01
   0.3210085E+05  0.2410345E+05  0.1190370E-01
   0.3250413E+05  0.2450673E+05  0.1172020E-01
   0.3290741E+05  0.2491001E+05  0.1152280E-01
   0.3331068E+05  0.2531328E+05  0.1128300E-01
   0.3371396E+05  0.2571656E+05  0.1097470E-01
   0.3411724E+05  0.2611984E+05  0.1062580E-01
   0.3452052E+05  0.2652312E+05  0.1024980E-01
   0.3492379E+05  0.2692639E+05  0.9842720E-02
   0.3532707E+05  0.2732967E+05  0.9444890E-02
   0.3573035E+05  0.2773295E+05  0.9075710E-02
   0.3613362E+05  0.2813622E+05  0.8727320E-02
   0.3653690E+05  0.2853950E+05  0.8381750E-02
   0.3694018E+05  0.2894278E+05  0.8077440E-02
   0.3734346E+05  0.2934606E+05  0.7832060E-02
   0.3774673E+05  0.2974933E+05  0.7644880E-02
   0.3815001E+05  0.3015261E+05  0.7490990E-02
   0.3855329E+05  0.3055589E+05  0.7367800E-02
   0.3895656E+05  0.3095916E+05  0.7267160E-02
   0.3935984E+05  0.3136244E+05  0.7162140E-02
   0.3976312E+05  0.3176572E+05  0.7053710E-02
   0.4016639E+05  0.3216899E+05  0.7001440E-02
   0.4056967E+05  0.3257227E+05  0.6868750E-02
   0.4097295E+05  0.3297555E+05  0.6745080E-02
   0.4137623E+05  0.3337883E+05  0.6601100E-02
   0.4177950E+05  0.3378210E+05  0.6416430E-02
   0.4218278E+05  0.3418538E+05  0.6247800E-02
   0.4258606E+05  0.3458866E+05  0.6111100E-02
   0.4298933E+05  0.3499193E+05  0.5916280E-02
   0.4339261E+05  0.3539521E+05  0.5780760E-02
   0.4379589E+05  0.3579849E+05  0.5657640E-02
   0.4419917E+05  0.3620177E+05  0.5497250E-02
