   0.1661501E+05  0.6423015E+04  0.3372520E-05
   0.1677633E+05  0.6584326E+04  0.5107130E-04
   0.1693764E+05  0.6745636E+04  0.2690180E-03
   0.1709895E+05  0.6906947E+04  0.8273810E-03
   0.1726026E+05  0.7068258E+04  0.1809870E-02
   0.1742157E+05  0.7229569E+04  0.3235340E-02
   0.1758288E+05  0.7390880E+04  0.5040260E-02
   0.1774419E+05  0.7552191E+04  0.7042670E-02
   0.1790550E+05  0.7713501E+04  0.9006440E-02
   0.1806681E+05  0.7874812E+04  0.1080180E-01
   0.1822812E+05  0.8036123E+04  0.1252940E-01
   0.1838943E+05  0.8197434E+04  0.1455330E-01
   0.1879271E+05  0.8600711E+04  0.2067410E-01
   0.1919599E+05  0.9003988E+04  0.2803640E-01
   0.1959927E+05  0.9407265E+04  0.3543130E-01
   0.2000254E+05  0.9810542E+04  0.4283710E-01
   0.2040582E+05  0.1021382E+05  0.4821760E-01
   0.2080910E+05  0.1061710E+05  0.5392460E-01
   0.2121237E+05  0.1102037E+05  0.5937310E-01
   0.2161565E+05  0.1142365E+05  0.6338840E-01
   0.2201893E+05  0.1182693E+05  0.6732550E-01
   0.2242220E+05  0.1223020E+05  0.6951770E-01
   0.2282548E+05  0.1263348E+05  0.6948960E-01
   0.2322876E+05  0.1303676E+05  0.6975270E-01
   0.2363204E+05  0.1344004E+05  0.7033710E-01
   0.2403531E+05  0.1384331E+05  0.7200420E-01
   0.2443859E+05  0.1424659E+05  0.7268160E-01
   0.2484187E+05  0.1464987E+05  0.7361580E-01
   0.2524514E+05  0.1505314E+05  0.7540640E-01
   0.2564842E+05  0.1545642E+05  0.7539280E-01
   0.2605170E+05  0.1585970E+05  0.7557890E-01
   0.2645497E+05  0.1626297E+05  0.7641180E-01
   0.2685825E+05  0.1666625E+05  0.7637300E-01
   0.2726153E+05  0.1706953E+05  0.7661620E-01
   0.2766481E+05  0.1747281E+05  0.7722610E-01
   0.2806808E+05  0.1787608E+05  0.7666060E-01
   0.2847136E+05  0.1827936E+05  0.7681550E-01
   0.2887464E+05  0.1868264E+05  0.7677420E-01
   0.2927791E+05  0.1908591E+05  0.7599230E-01
   0.2968119E+05  0.1948919E+05  0.7509640E-01
   0.3008447E+05  0.1989247E+05  0.7487260E-01
   0.3048775E+05  0.2029575E+05  0.7441970E-01
   0.3089102E+05  0.2069902E+05  0.7384660E-01
   0.3129430E+05  0.2110230E+05  0.7375050E-01
   0.3169758E+05  0.2150558E+05  0.7361000E-01
   0.3210085E+05  0.2190885E+05  0.7347570E-01
   0.3250413E+05  0.2231213E+05  0.7335320E-01
   0.3290741E+05  0.2271541E+05  0.7309500E-01
   0.3331068E+05  0.2311868E+05  0.7266410E-01
   0.3371396E+05  0.2352196E+05  0.7220600E-01
   0.3411724E+05  0.2392524E+05  0.7169270E-01
   0.3452052E+05  0.2432852E+05  0.7106270E-01
   0.3492379E+05  0.2473179E+05  0.7055260E-01
   0.3532707E+05  0.2513507E+05  0.7018690E-01
   0.3573035E+05  0.2553835E+05  0.6988510E-01
   0.3613362E+05  0.2594162E+05  0.6952270E-01
   0.3653690E+05  0.2634490E+05  0.6919920E-01
   0.3694018E+05  0.2674818E+05  0.6896610E-01
   0.3734346E+05  0.2715146E+05  0.6869960E-01
   0.3774673E+05  0.2755473E+05  0.6847240E-01
   0.3815001E+05  0.2795801E+05  0.6828400E-01
   0.3855329E+05  0.2836129E+05  0.6810590E-01
   0.3895656E+05  0.2876456E+05  0.6785630E-01
   0.3935984E+05  0.2916784E+05  0.6770530E-01
   0.3976312E+05  0.2957112E+05  0.6749710E-01
   0.4016639E+05  0.2997439E+05  0.6728760E-01
   0.4056967E+05  0.3037767E+05  0.6714140E-01
   0.4097295E+05  0.3078095E+05  0.6681940E-01
   0.4137623E+05  0.3118423E+05  0.6656380E-01
   0.4177950E+05  0.3158750E+05  0.6613800E-01
   0.4218278E+05  0.3199078E+05  0.6570930E-01
   0.4258606E+05  0.3239406E+05  0.6531600E-01
   0.4298933E+05  0.3279733E+05  0.6484560E-01
   0.4339261E+05  0.3320061E+05  0.6447850E-01
   0.4379589E+05  0.3360389E+05  0.6419610E-01
   0.4419917E+05  0.3400717E+05  0.6402580E-01
