   0.1419535E+05  0.2126352E+04  0.1828130E-05
   0.1435666E+05  0.2287663E+04  0.1356040E-04
   0.1451797E+05  0.2448974E+04  0.4358850E-04
   0.1467928E+05  0.2610285E+04  0.1185290E-03
   0.1484060E+05  0.2771596E+04  0.3214800E-03
   0.1500191E+05  0.2932907E+04  0.7103440E-03
   0.1516322E+05  0.3094217E+04  0.1272740E-02
   0.1532453E+05  0.3255528E+04  0.2075180E-02
   0.1548584E+05  0.3416839E+04  0.3139230E-02
   0.1564715E+05  0.3578150E+04  0.4369850E-02
   0.1580846E+05  0.3739461E+04  0.5664040E-02
   0.1596977E+05  0.3900771E+04  0.6996890E-02
   0.1613108E+05  0.4062082E+04  0.8368670E-02
   0.1629239E+05  0.4223393E+04  0.9824320E-02
   0.1645370E+05  0.4384704E+04  0.1131310E-01
   0.1661501E+05  0.4546015E+04  0.1268210E-01
   0.1677633E+05  0.4707326E+04  0.1391080E-01
   0.1693764E+05  0.4868636E+04  0.1505100E-01
   0.1709895E+05  0.5029947E+04  0.1614710E-01
   0.1726026E+05  0.5191258E+04  0.1722320E-01
   0.1742157E+05  0.5352569E+04  0.1826050E-01
   0.1758288E+05  0.5513880E+04  0.1926430E-01
   0.1774419E+05  0.5675191E+04  0.2015810E-01
   0.1790550E+05  0.5836501E+04  0.2084250E-01
   0.1806681E+05  0.5997812E+04  0.2130120E-01
   0.1822812E+05  0.6159123E+04  0.2160780E-01
   0.1838943E+05  0.6320434E+04  0.2177790E-01
   0.1879271E+05  0.6723711E+04  0.2160270E-01
   0.1919599E+05  0.7126988E+04  0.2091170E-01
   0.1959927E+05  0.7530265E+04  0.1960620E-01
   0.2000254E+05  0.7933542E+04  0.1836010E-01
   0.2040582E+05  0.8336819E+04  0.1719690E-01
   0.2080910E+05  0.8740096E+04  0.1599400E-01
   0.2121237E+05  0.9143373E+04  0.1522790E-01
   0.2161565E+05  0.9546650E+04  0.1445970E-01
   0.2201893E+05  0.9949927E+04  0.1393930E-01
   0.2242220E+05  0.1035320E+05  0.1356830E-01
   0.2282548E+05  0.1075648E+05  0.1306130E-01
   0.2322876E+05  0.1115976E+05  0.1274100E-01
   0.2363204E+05  0.1156304E+05  0.1254680E-01
   0.2403531E+05  0.1196631E+05  0.1217670E-01
   0.2443859E+05  0.1236959E+05  0.1192260E-01
   0.2484187E+05  0.1277287E+05  0.1156930E-01
   0.2524514E+05  0.1317614E+05  0.1135630E-01
   0.2564842E+05  0.1357942E+05  0.1102750E-01
   0.2605170E+05  0.1398270E+05  0.1065760E-01
   0.2645497E+05  0.1438597E+05  0.1055610E-01
   0.2685825E+05  0.1478925E+05  0.1065940E-01
   0.2726153E+05  0.1519253E+05  0.1059580E-01
   0.2766481E+05  0.1559581E+05  0.1056850E-01
   0.2806808E+05  0.1599908E+05  0.1046190E-01
   0.2847136E+05  0.1640236E+05  0.1027440E-01
   0.2887464E+05  0.1680564E+05  0.1011120E-01
   0.2927791E+05  0.1720891E+05  0.1003950E-01
   0.2968119E+05  0.1761219E+05  0.9942010E-02
   0.3008447E+05  0.1801547E+05  0.9711830E-02
   0.3048775E+05  0.1841875E+05  0.9476860E-02
   0.3089102E+05  0.1882202E+05  0.9234690E-02
   0.3129430E+05  0.1922530E+05  0.8999450E-02
   0.3169758E+05  0.1962858E+05  0.8751810E-02
   0.3210085E+05  0.2003185E+05  0.8560910E-02
   0.3250413E+05  0.2043513E+05  0.8334780E-02
   0.3290741E+05  0.2083841E+05  0.8099960E-02
   0.3331068E+05  0.2124168E+05  0.7825810E-02
   0.3371396E+05  0.2164496E+05  0.7571980E-02
   0.3411724E+05  0.2204824E+05  0.7342590E-02
   0.3452052E+05  0.2245152E+05  0.7112880E-02
   0.3492379E+05  0.2285479E+05  0.6842130E-02
   0.3532707E+05  0.2325807E+05  0.6552050E-02
   0.3573035E+05  0.2366135E+05  0.6281870E-02
   0.3613362E+05  0.2406462E+05  0.6029210E-02
   0.3653690E+05  0.2446790E+05  0.5798950E-02
   0.3694018E+05  0.2487118E+05  0.5606220E-02
   0.3734346E+05  0.2527446E+05  0.5419530E-02
   0.3774673E+05  0.2567773E+05  0.5274320E-02
   0.3815001E+05  0.2608101E+05  0.5136720E-02
   0.3855329E+05  0.2648429E+05  0.5015950E-02
   0.3895656E+05  0.2688756E+05  0.4874440E-02
   0.3935984E+05  0.2729084E+05  0.4741370E-02
   0.3976312E+05  0.2769412E+05  0.4626410E-02
   0.4016639E+05  0.2809739E+05  0.4523180E-02
   0.4056967E+05  0.2850067E+05  0.4411930E-02
   0.4097295E+05  0.2890395E+05  0.4328030E-02
   0.4137623E+05  0.2930723E+05  0.4250690E-02
   0.4177950E+05  0.2971050E+05  0.4177220E-02
   0.4218278E+05  0.3011378E+05  0.4104850E-02
   0.4258606E+05  0.3051706E+05  0.4029620E-02
   0.4298933E+05  0.3092033E+05  0.3948010E-02
   0.4339261E+05  0.3132361E+05  0.3888590E-02
   0.4379589E+05  0.3172689E+05  0.3815820E-02
   0.4419917E+05  0.3213017E+05  0.3742240E-02
