   0.2121237E+05  0.1257417E+05  0.5393750E-04
   0.2161565E+05  0.1297745E+05  0.8573680E-03
   0.2201893E+05  0.1338073E+05  0.2613550E-02
   0.2242220E+05  0.1378400E+05  0.4858060E-02
   0.2282548E+05  0.1418728E+05  0.7669330E-02
   0.2322876E+05  0.1459056E+05  0.1066530E-01
   0.2363204E+05  0.1499384E+05  0.1336210E-01
   0.2403531E+05  0.1539711E+05  0.1548040E-01
   0.2443859E+05  0.1580039E+05  0.1830620E-01
   0.2484187E+05  0.1620367E+05  0.2103460E-01
   0.2524514E+05  0.1660694E+05  0.2322960E-01
   0.2564842E+05  0.1701022E+05  0.2532870E-01
   0.2605170E+05  0.1741350E+05  0.2715010E-01
   0.2645497E+05  0.1781677E+05  0.2891280E-01
   0.2685825E+05  0.1822005E+05  0.3122040E-01
   0.2726153E+05  0.1862333E+05  0.3289550E-01
   0.2766481E+05  0.1902661E+05  0.3418480E-01
   0.2806808E+05  0.1942988E+05  0.3579760E-01
   0.2847136E+05  0.1983316E+05  0.3739110E-01
   0.2887464E+05  0.2023644E+05  0.3930650E-01
   0.2927791E+05  0.2063971E+05  0.4041640E-01
   0.2968119E+05  0.2104299E+05  0.4050990E-01
   0.3008447E+05  0.2144627E+05  0.4082560E-01
   0.3048775E+05  0.2184955E+05  0.4114490E-01
   0.3089102E+05  0.2225282E+05  0.4152590E-01
   0.3129430E+05  0.2265610E+05  0.4209840E-01
   0.3169758E+05  0.2305938E+05  0.4272660E-01
   0.3210085E+05  0.2346265E+05  0.4314040E-01
   0.3250413E+05  0.2386593E+05  0.4312490E-01
   0.3290741E+05  0.2426921E+05  0.4303190E-01
   0.3331068E+05  0.2467248E+05  0.4317890E-01
   0.3371396E+05  0.2507576E+05  0.4358570E-01
   0.3411724E+05  0.2547904E+05  0.4399520E-01
   0.3452052E+05  0.2588232E+05  0.4452310E-01
   0.3492379E+05  0.2628559E+05  0.4515490E-01
   0.3532707E+05  0.2668887E+05  0.4572000E-01
   0.3573035E+05  0.2709215E+05  0.4613850E-01
   0.3613362E+05  0.2749542E+05  0.4640640E-01
   0.3653690E+05  0.2789870E+05  0.4670000E-01
   0.3694018E+05  0.2830198E+05  0.4697520E-01
   0.3734346E+05  0.2870526E+05  0.4731410E-01
   0.3774673E+05  0.2910853E+05  0.4767990E-01
   0.3815001E+05  0.2951181E+05  0.4805520E-01
   0.3855329E+05  0.2991509E+05  0.4838140E-01
   0.3895656E+05  0.3031836E+05  0.4885050E-01
   0.3935984E+05  0.3072164E+05  0.4929350E-01
   0.3976312E+05  0.3112492E+05  0.4981770E-01
   0.4016639E+05  0.3152819E+05  0.5031080E-01
   0.4056967E+05  0.3193147E+05  0.5084010E-01
   0.4097295E+05  0.3233475E+05  0.5115210E-01
   0.4137623E+05  0.3273803E+05  0.5141940E-01
   0.4177950E+05  0.3314130E+05  0.5167530E-01
   0.4218278E+05  0.3354458E+05  0.5207850E-01
   0.4258606E+05  0.3394786E+05  0.5233830E-01
   0.4298933E+05  0.3435113E+05  0.5256220E-01
   0.4339261E+05  0.3475441E+05  0.5311810E-01
   0.4379589E+05  0.3515769E+05  0.5361740E-01
   0.4419917E+05  0.3556097E+05  0.5416060E-01
