   0.2564842E+05  0.1919202E+05  0.2490200E-03
   0.2605170E+05  0.1959530E+05  0.5535800E-03
   0.2645497E+05  0.1999857E+05  0.7855780E-03
   0.2685825E+05  0.2040185E+05  0.1079310E-02
   0.2726153E+05  0.2080513E+05  0.1436670E-02
   0.2766481E+05  0.2120841E+05  0.1826230E-02
   0.2806808E+05  0.2161168E+05  0.2177300E-02
   0.2847136E+05  0.2201496E+05  0.2535980E-02
   0.2887464E+05  0.2241824E+05  0.3027730E-02
   0.2927791E+05  0.2282151E+05  0.3552740E-02
   0.2968119E+05  0.2322479E+05  0.3860740E-02
   0.3008447E+05  0.2362807E+05  0.3978620E-02
   0.3048775E+05  0.2403135E+05  0.4308390E-02
   0.3089102E+05  0.2443462E+05  0.4633990E-02
   0.3129430E+05  0.2483790E+05  0.4893510E-02
   0.3169758E+05  0.2524118E+05  0.5323490E-02
   0.3210085E+05  0.2564445E+05  0.5862770E-02
   0.3250413E+05  0.2604773E+05  0.6414760E-02
   0.3290741E+05  0.2645101E+05  0.6936690E-02
   0.3331068E+05  0.2685428E+05  0.7463040E-02
   0.3371396E+05  0.2725756E+05  0.7982530E-02
   0.3411724E+05  0.2766084E+05  0.8464460E-02
   0.3452052E+05  0.2806412E+05  0.8835160E-02
   0.3492379E+05  0.2846739E+05  0.9082910E-02
   0.3532707E+05  0.2887067E+05  0.9218610E-02
   0.3573035E+05  0.2927395E+05  0.9156340E-02
   0.3613362E+05  0.2967722E+05  0.8939520E-02
   0.3653690E+05  0.3008050E+05  0.8613360E-02
   0.3694018E+05  0.3048378E+05  0.8236110E-02
   0.3734346E+05  0.3088706E+05  0.7792830E-02
   0.3774673E+05  0.3129033E+05  0.7360460E-02
   0.3815001E+05  0.3169361E+05  0.6914730E-02
   0.3855329E+05  0.3209689E+05  0.6492510E-02
   0.3895656E+05  0.3250016E+05  0.6180960E-02
   0.3935984E+05  0.3290344E+05  0.5842830E-02
   0.3976312E+05  0.3330672E+05  0.5584640E-02
   0.4016639E+05  0.3370999E+05  0.5420160E-02
   0.4056967E+05  0.3411327E+05  0.5220530E-02
   0.4097295E+05  0.3451655E+05  0.5058560E-02
   0.4137623E+05  0.3491983E+05  0.4991080E-02
   0.4177950E+05  0.3532310E+05  0.4866700E-02
   0.4218278E+05  0.3572638E+05  0.4806600E-02
   0.4258606E+05  0.3612966E+05  0.4788650E-02
   0.4298933E+05  0.3653293E+05  0.4759110E-02
   0.4339261E+05  0.3693621E+05  0.4679070E-02
   0.4379589E+05  0.3733949E+05  0.4622520E-02
   0.4419917E+05  0.3774277E+05  0.4618760E-02
