   0.1113045E+05  0.3644679E+02  0.2622490E-03
   0.1129176E+05  0.1977576E+03  0.4619080E-03
   0.1145307E+05  0.3590684E+03  0.1341990E-02
   0.1161438E+05  0.5203793E+03  0.3085710E-02
   0.1177569E+05  0.6816901E+03  0.6375110E-02
   0.1193700E+05  0.8430009E+03  0.1215160E-01
   0.1209831E+05  0.1004312E+04  0.2155110E-01
   0.1225962E+05  0.1165623E+04  0.3522020E-01
   0.1242093E+05  0.1326933E+04  0.5372090E-01
   0.1258224E+05  0.1488244E+04  0.7716570E-01
   0.1274356E+05  0.1649555E+04  0.1048690E+00
   0.1290487E+05  0.1810866E+04  0.1355120E+00
   0.1306618E+05  0.1972177E+04  0.1671960E+00
   0.1322749E+05  0.2133487E+04  0.1978210E+00
   0.1338880E+05  0.2294798E+04  0.2265030E+00
   0.1355011E+05  0.2456109E+04  0.2521810E+00
   0.1371142E+05  0.2617420E+04  0.2747460E+00
   0.1387273E+05  0.2778731E+04  0.2947400E+00
   0.1403404E+05  0.2940042E+04  0.3122580E+00
   0.1419535E+05  0.3101352E+04  0.3278810E+00
   0.1435666E+05  0.3262663E+04  0.3416250E+00
   0.1451797E+05  0.3423974E+04  0.3532960E+00
   0.1467928E+05  0.3585285E+04  0.3633740E+00
   0.1484060E+05  0.3746596E+04  0.3707750E+00
   0.1500191E+05  0.3907907E+04  0.3769770E+00
   0.1516322E+05  0.4069217E+04  0.3831100E+00
   0.1532453E+05  0.4230528E+04  0.3891420E+00
   0.1548584E+05  0.4391839E+04  0.3903940E+00
   0.1564715E+05  0.4553150E+04  0.3904410E+00
   0.1580846E+05  0.4714461E+04  0.3876970E+00
   0.1596977E+05  0.4875771E+04  0.3840250E+00
   0.1613108E+05  0.5037082E+04  0.3800710E+00
   0.1629239E+05  0.5198393E+04  0.3771150E+00
   0.1645370E+05  0.5359704E+04  0.3732080E+00
   0.1661501E+05  0.5521015E+04  0.3704630E+00
   0.1677633E+05  0.5682326E+04  0.3679680E+00
   0.1693764E+05  0.5843636E+04  0.3663140E+00
   0.1709895E+05  0.6004947E+04  0.3632120E+00
   0.1726026E+05  0.6166258E+04  0.3574680E+00
   0.1742157E+05  0.6327569E+04  0.3520450E+00
   0.1758288E+05  0.6488880E+04  0.3459810E+00
   0.1774419E+05  0.6650191E+04  0.3398490E+00
   0.1790550E+05  0.6811501E+04  0.3340710E+00
   0.1806681E+05  0.6972812E+04  0.3286130E+00
   0.1822812E+05  0.7134123E+04  0.3221160E+00
   0.1838943E+05  0.7295434E+04  0.3167630E+00
   0.1879271E+05  0.7698711E+04  0.3055810E+00
   0.1919599E+05  0.8101988E+04  0.2910120E+00
   0.1959927E+05  0.8505265E+04  0.2771530E+00
   0.2000254E+05  0.8908542E+04  0.2641620E+00
   0.2040582E+05  0.9311819E+04  0.2528680E+00
   0.2080910E+05  0.9715096E+04  0.2418290E+00
   0.2121237E+05  0.1011837E+05  0.2303250E+00
   0.2161565E+05  0.1052165E+05  0.2211490E+00
   0.2201893E+05  0.1092493E+05  0.2139970E+00
   0.2242220E+05  0.1132820E+05  0.2068250E+00
   0.2282548E+05  0.1173148E+05  0.2004470E+00
   0.2322876E+05  0.1213476E+05  0.1953180E+00
   0.2363204E+05  0.1253804E+05  0.1913360E+00
   0.2403531E+05  0.1294131E+05  0.1874880E+00
   0.2443859E+05  0.1334459E+05  0.1817690E+00
   0.2484187E+05  0.1374787E+05  0.1788920E+00
   0.2524514E+05  0.1415114E+05  0.1734470E+00
   0.2564842E+05  0.1455442E+05  0.1680600E+00
   0.2605170E+05  0.1495770E+05  0.1648410E+00
   0.2645497E+05  0.1536097E+05  0.1612730E+00
   0.2685825E+05  0.1576425E+05  0.1582140E+00
   0.2726153E+05  0.1616753E+05  0.1551060E+00
   0.2766481E+05  0.1657081E+05  0.1516620E+00
   0.2806808E+05  0.1697408E+05  0.1480660E+00
   0.2847136E+05  0.1737736E+05  0.1446370E+00
   0.2887464E+05  0.1778064E+05  0.1414230E+00
   0.2927791E+05  0.1818391E+05  0.1378320E+00
   0.2968119E+05  0.1858719E+05  0.1337560E+00
   0.3008447E+05  0.1899047E+05  0.1299770E+00
   0.3048775E+05  0.1939375E+05  0.1269910E+00
   0.3089102E+05  0.1979702E+05  0.1242870E+00
   0.3129430E+05  0.2020030E+05  0.1218240E+00
   0.3169758E+05  0.2060358E+05  0.1189570E+00
   0.3210085E+05  0.2100685E+05  0.1156380E+00
   0.3250413E+05  0.2141013E+05  0.1127450E+00
   0.3290741E+05  0.2181341E+05  0.1098960E+00
   0.3331068E+05  0.2221668E+05  0.1076870E+00
   0.3371396E+05  0.2261996E+05  0.1059160E+00
   0.3411724E+05  0.2302324E+05  0.1041160E+00
   0.3452052E+05  0.2342652E+05  0.1023410E+00
   0.3492379E+05  0.2382979E+05  0.1007090E+00
   0.3532707E+05  0.2423307E+05  0.9915400E-01
   0.3573035E+05  0.2463635E+05  0.9757420E-01
   0.3613362E+05  0.2503962E+05  0.9608400E-01
   0.3653690E+05  0.2544290E+05  0.9468370E-01
   0.3694018E+05  0.2584618E+05  0.9337080E-01
   0.3734346E+05  0.2624946E+05  0.9220510E-01
   0.3774673E+05  0.2665273E+05  0.9113350E-01
   0.3815001E+05  0.2705601E+05  0.9018270E-01
   0.3855329E+05  0.2745929E+05  0.8937970E-01
   0.3895656E+05  0.2786256E+05  0.8861680E-01
   0.3935984E+05  0.2826584E+05  0.8791800E-01
   0.3976312E+05  0.2866912E+05  0.8702710E-01
   0.4016639E+05  0.2907239E+05  0.8619330E-01
   0.4056967E+05  0.2947567E+05  0.8534510E-01
   0.4097295E+05  0.2987895E+05  0.8453350E-01
   0.4137623E+05  0.3028223E+05  0.8385290E-01
   0.4177950E+05  0.3068550E+05  0.8327590E-01
   0.4218278E+05  0.3108878E+05  0.8269750E-01
   0.4258606E+05  0.3149206E+05  0.8227530E-01
   0.4298933E+05  0.3189533E+05  0.8168310E-01
   0.4339261E+05  0.3229861E+05  0.8124010E-01
   0.4379589E+05  0.3270189E+05  0.8073310E-01
   0.4419917E+05  0.3310517E+05  0.8026700E-01
