   0.1548584E+05  0.8805239E+04  0.9316510E-05
   0.1564715E+05  0.8966550E+04  0.7779560E-04
   0.1580846E+05  0.9127861E+04  0.2948780E-03
   0.1596977E+05  0.9289171E+04  0.7400310E-03
   0.1613108E+05  0.9450482E+04  0.1468460E-02
   0.1629239E+05  0.9611793E+04  0.2414260E-02
   0.1645370E+05  0.9773104E+04  0.3456870E-02
   0.1661501E+05  0.9934415E+04  0.4467800E-02
   0.1677633E+05  0.1009573E+05  0.5436290E-02
   0.1693764E+05  0.1025704E+05  0.6327640E-02
   0.1709895E+05  0.1041835E+05  0.7144280E-02
   0.1726026E+05  0.1057966E+05  0.7871950E-02
   0.1742157E+05  0.1074097E+05  0.8647370E-02
   0.1758288E+05  0.1090228E+05  0.9473810E-02
   0.1774419E+05  0.1106359E+05  0.1038790E-01
   0.1790550E+05  0.1122490E+05  0.1133710E-01
   0.1806681E+05  0.1138621E+05  0.1231010E-01
   0.1822812E+05  0.1154752E+05  0.1330130E-01
   0.1838943E+05  0.1170883E+05  0.1425570E-01
   0.1879271E+05  0.1211211E+05  0.1683680E-01
   0.1919599E+05  0.1251539E+05  0.1919840E-01
   0.1959927E+05  0.1291867E+05  0.2133570E-01
   0.2000254E+05  0.1332194E+05  0.2287930E-01
   0.2040582E+05  0.1372522E+05  0.2409760E-01
   0.2080910E+05  0.1412850E+05  0.2473580E-01
   0.2121237E+05  0.1453177E+05  0.2551900E-01
   0.2161565E+05  0.1493505E+05  0.2615280E-01
   0.2201893E+05  0.1533833E+05  0.2665360E-01
   0.2242220E+05  0.1574160E+05  0.2780040E-01
   0.2282548E+05  0.1614488E+05  0.2892380E-01
   0.2322876E+05  0.1654816E+05  0.3010450E-01
   0.2363204E+05  0.1695144E+05  0.3176860E-01
   0.2403531E+05  0.1735471E+05  0.3324450E-01
   0.2443859E+05  0.1775799E+05  0.3436240E-01
   0.2484187E+05  0.1816127E+05  0.3551280E-01
   0.2524514E+05  0.1856454E+05  0.3553890E-01
   0.2564842E+05  0.1896782E+05  0.3517890E-01
   0.2605170E+05  0.1937110E+05  0.3483210E-01
   0.2645497E+05  0.1977437E+05  0.3556260E-01
   0.2685825E+05  0.2017765E+05  0.3660230E-01
   0.2726153E+05  0.2058093E+05  0.3654730E-01
   0.2766481E+05  0.2098421E+05  0.3583640E-01
   0.2806808E+05  0.2138748E+05  0.3527450E-01
   0.2847136E+05  0.2179076E+05  0.3543020E-01
   0.2887464E+05  0.2219404E+05  0.3566020E-01
   0.2927791E+05  0.2259731E+05  0.3569330E-01
   0.2968119E+05  0.2300059E+05  0.3603000E-01
   0.3008447E+05  0.2340387E+05  0.3663640E-01
   0.3048775E+05  0.2380715E+05  0.3727720E-01
   0.3089102E+05  0.2421042E+05  0.3722360E-01
   0.3129430E+05  0.2461370E+05  0.3677770E-01
   0.3169758E+05  0.2501698E+05  0.3626780E-01
   0.3210085E+05  0.2542025E+05  0.3533740E-01
   0.3250413E+05  0.2582353E+05  0.3410390E-01
   0.3290741E+05  0.2622681E+05  0.3292900E-01
   0.3331068E+05  0.2663008E+05  0.3147880E-01
   0.3371396E+05  0.2703336E+05  0.3004360E-01
   0.3411724E+05  0.2743664E+05  0.2870910E-01
   0.3452052E+05  0.2783992E+05  0.2737010E-01
   0.3492379E+05  0.2824319E+05  0.2604940E-01
   0.3532707E+05  0.2864647E+05  0.2474090E-01
   0.3573035E+05  0.2904975E+05  0.2362210E-01
   0.3613362E+05  0.2945302E+05  0.2261130E-01
   0.3653690E+05  0.2985630E+05  0.2166910E-01
   0.3694018E+05  0.3025958E+05  0.2079480E-01
   0.3734346E+05  0.3066286E+05  0.1990610E-01
   0.3774673E+05  0.3106613E+05  0.1899880E-01
   0.3815001E+05  0.3146941E+05  0.1815770E-01
   0.3855329E+05  0.3187269E+05  0.1741200E-01
   0.3895656E+05  0.3227596E+05  0.1678200E-01
   0.3935984E+05  0.3267924E+05  0.1620160E-01
   0.3976312E+05  0.3308252E+05  0.1564300E-01
   0.4016639E+05  0.3348579E+05  0.1511880E-01
   0.4056967E+05  0.3388907E+05  0.1461440E-01
   0.4097295E+05  0.3429235E+05  0.1413520E-01
   0.4137623E+05  0.3469563E+05  0.1369180E-01
   0.4177950E+05  0.3509890E+05  0.1330110E-01
   0.4218278E+05  0.3550218E+05  0.1291850E-01
   0.4258606E+05  0.3590546E+05  0.1258810E-01
   0.4298933E+05  0.3630873E+05  0.1238150E-01
   0.4339261E+05  0.3671201E+05  0.1201270E-01
   0.4379589E+05  0.3711529E+05  0.1176230E-01
   0.4419917E+05  0.3751857E+05  0.1152580E-01
