   0.2000254E+05  0.1365874E+05  0.7117910E-05
   0.2040582E+05  0.1406202E+05  0.4613610E-03
   0.2080910E+05  0.1446530E+05  0.1596810E-02
   0.2121237E+05  0.1486857E+05  0.2756900E-02
   0.2161565E+05  0.1527185E+05  0.4576010E-02
   0.2201893E+05  0.1567513E+05  0.6498970E-02
   0.2242220E+05  0.1607840E+05  0.9180210E-02
   0.2282548E+05  0.1648168E+05  0.1319600E-01
   0.2322876E+05  0.1688496E+05  0.1748650E-01
   0.2363204E+05  0.1728824E+05  0.2337980E-01
   0.2403531E+05  0.1769151E+05  0.2857600E-01
   0.2443859E+05  0.1809479E+05  0.3287050E-01
   0.2484187E+05  0.1849807E+05  0.3513690E-01
   0.2524514E+05  0.1890134E+05  0.3625230E-01
   0.2564842E+05  0.1930462E+05  0.3606410E-01
   0.2605170E+05  0.1970790E+05  0.3474910E-01
   0.2645497E+05  0.2011117E+05  0.3415730E-01
   0.2685825E+05  0.2051445E+05  0.3528310E-01
   0.2726153E+05  0.2091773E+05  0.3470150E-01
   0.2766481E+05  0.2132101E+05  0.3624980E-01
   0.2806808E+05  0.2172428E+05  0.3946980E-01
   0.2847136E+05  0.2212756E+05  0.3943050E-01
   0.2887464E+05  0.2253084E+05  0.3998380E-01
   0.2927791E+05  0.2293411E+05  0.4187860E-01
   0.2968119E+05  0.2333739E+05  0.4010720E-01
   0.3008447E+05  0.2374067E+05  0.3752620E-01
   0.3048775E+05  0.2414395E+05  0.3777010E-01
   0.3089102E+05  0.2454722E+05  0.3739010E-01
   0.3129430E+05  0.2495050E+05  0.3555300E-01
   0.3169758E+05  0.2535378E+05  0.3513820E-01
   0.3210085E+05  0.2575705E+05  0.3573280E-01
   0.3250413E+05  0.2616033E+05  0.3488870E-01
   0.3290741E+05  0.2656361E+05  0.3393750E-01
   0.3331068E+05  0.2696688E+05  0.3420920E-01
   0.3371396E+05  0.2737016E+05  0.3485830E-01
   0.3411724E+05  0.2777344E+05  0.3585220E-01
   0.3452052E+05  0.2817672E+05  0.3677730E-01
   0.3492379E+05  0.2857999E+05  0.3758030E-01
   0.3532707E+05  0.2898327E+05  0.3843780E-01
   0.3573035E+05  0.2938655E+05  0.3925670E-01
   0.3613362E+05  0.2978982E+05  0.3991580E-01
   0.3653690E+05  0.3019310E+05  0.4025870E-01
   0.3694018E+05  0.3059638E+05  0.4028000E-01
   0.3734346E+05  0.3099966E+05  0.4025400E-01
   0.3774673E+05  0.3140293E+05  0.4027770E-01
   0.3815001E+05  0.3180621E+05  0.4069780E-01
   0.3855329E+05  0.3220949E+05  0.4091150E-01
   0.3895656E+05  0.3261276E+05  0.4129070E-01
   0.3935984E+05  0.3301604E+05  0.4157190E-01
   0.3976312E+05  0.3341932E+05  0.4179450E-01
   0.4016639E+05  0.3382259E+05  0.4208600E-01
   0.4056967E+05  0.3422587E+05  0.4264020E-01
   0.4097295E+05  0.3462915E+05  0.4253590E-01
   0.4137623E+05  0.3503243E+05  0.4297680E-01
   0.4177950E+05  0.3543570E+05  0.4284810E-01
   0.4218278E+05  0.3583898E+05  0.4270930E-01
   0.4258606E+05  0.3624226E+05  0.4297260E-01
   0.4298933E+05  0.3664553E+05  0.4282930E-01
   0.4339261E+05  0.3704881E+05  0.4276560E-01
   0.4379589E+05  0.3745209E+05  0.4248490E-01
   0.4419917E+05  0.3785537E+05  0.4270250E-01
