   0.1209831E+05  0.2931173E+02  0.1498760E-03
   0.1225962E+05  0.1906226E+03  0.7341960E-04
   0.1242093E+05  0.3519334E+03  0.1447620E-03
   0.1258224E+05  0.5132442E+03  0.3648710E-03
   0.1274356E+05  0.6745550E+03  0.8058170E-03
   0.1290487E+05  0.8358658E+03  0.1575370E-02
   0.1306618E+05  0.9971767E+03  0.2758420E-02
   0.1322749E+05  0.1158487E+04  0.4582290E-02
   0.1338880E+05  0.1319798E+04  0.6865530E-02
   0.1355011E+05  0.1481109E+04  0.9651640E-02
   0.1371142E+05  0.1642420E+04  0.1249920E-01
   0.1387273E+05  0.1803731E+04  0.1542240E-01
   0.1403404E+05  0.1965042E+04  0.1825110E-01
   0.1419535E+05  0.2126352E+04  0.2088850E-01
   0.1435666E+05  0.2287663E+04  0.2343480E-01
   0.1451797E+05  0.2448974E+04  0.2568820E-01
   0.1467928E+05  0.2610285E+04  0.2772400E-01
   0.1484060E+05  0.2771596E+04  0.2972600E-01
   0.1500191E+05  0.2932907E+04  0.3144420E-01
   0.1516322E+05  0.3094217E+04  0.3309370E-01
   0.1532453E+05  0.3255528E+04  0.3466200E-01
   0.1548584E+05  0.3416839E+04  0.3621340E-01
   0.1564715E+05  0.3578150E+04  0.3768390E-01
   0.1580846E+05  0.3739461E+04  0.3933270E-01
   0.1596977E+05  0.3900771E+04  0.4128030E-01
   0.1613108E+05  0.4062082E+04  0.4339750E-01
   0.1629239E+05  0.4223393E+04  0.4537750E-01
   0.1645370E+05  0.4384704E+04  0.4770530E-01
   0.1661501E+05  0.4546015E+04  0.4995250E-01
   0.1677633E+05  0.4707326E+04  0.5167660E-01
   0.1693764E+05  0.4868636E+04  0.5334480E-01
   0.1709895E+05  0.5029947E+04  0.5509700E-01
   0.1726026E+05  0.5191258E+04  0.5688610E-01
   0.1742157E+05  0.5352569E+04  0.5851760E-01
   0.1758288E+05  0.5513880E+04  0.6014180E-01
   0.1774419E+05  0.5675191E+04  0.6215280E-01
   0.1790550E+05  0.5836501E+04  0.6372690E-01
   0.1806681E+05  0.5997812E+04  0.6499460E-01
   0.1822812E+05  0.6159123E+04  0.6694460E-01
   0.1838943E+05  0.6320434E+04  0.6812910E-01
   0.1879271E+05  0.6723711E+04  0.7071620E-01
   0.1919599E+05  0.7126988E+04  0.7110400E-01
   0.1959927E+05  0.7530265E+04  0.7172370E-01
   0.2000254E+05  0.7933542E+04  0.7124220E-01
   0.2040582E+05  0.8336819E+04  0.7048490E-01
   0.2080910E+05  0.8740096E+04  0.6965240E-01
   0.2121237E+05  0.9143373E+04  0.6757100E-01
   0.2161565E+05  0.9546650E+04  0.6492960E-01
   0.2201893E+05  0.9949927E+04  0.6177970E-01
   0.2242220E+05  0.1035320E+05  0.5861820E-01
   0.2282548E+05  0.1075648E+05  0.5515620E-01
   0.2322876E+05  0.1115976E+05  0.5183680E-01
   0.2363204E+05  0.1156304E+05  0.4800770E-01
   0.2403531E+05  0.1196631E+05  0.4510150E-01
   0.2443859E+05  0.1236959E+05  0.4169500E-01
   0.2484187E+05  0.1277287E+05  0.3830620E-01
   0.2524514E+05  0.1317614E+05  0.3537820E-01
   0.2564842E+05  0.1357942E+05  0.3245160E-01
   0.2605170E+05  0.1398270E+05  0.3001290E-01
   0.2645497E+05  0.1438597E+05  0.2786540E-01
   0.2685825E+05  0.1478925E+05  0.2586760E-01
   0.2726153E+05  0.1519253E+05  0.2408350E-01
   0.2766481E+05  0.1559581E+05  0.2248070E-01
   0.2806808E+05  0.1599908E+05  0.2121470E-01
   0.2847136E+05  0.1640236E+05  0.1998450E-01
   0.2887464E+05  0.1680564E+05  0.1867120E-01
   0.2927791E+05  0.1720891E+05  0.1741120E-01
   0.2968119E+05  0.1761219E+05  0.1632290E-01
   0.3008447E+05  0.1801547E+05  0.1548990E-01
   0.3048775E+05  0.1841875E+05  0.1460380E-01
   0.3089102E+05  0.1882202E+05  0.1375660E-01
   0.3129430E+05  0.1922530E+05  0.1297880E-01
   0.3169758E+05  0.1962858E+05  0.1226730E-01
   0.3210085E+05  0.2003185E+05  0.1170070E-01
   0.3250413E+05  0.2043513E+05  0.1109030E-01
   0.3290741E+05  0.2083841E+05  0.1045020E-01
   0.3331068E+05  0.2124168E+05  0.9852290E-02
   0.3371396E+05  0.2164496E+05  0.9390950E-02
   0.3411724E+05  0.2204824E+05  0.8997560E-02
   0.3452052E+05  0.2245152E+05  0.8673120E-02
   0.3492379E+05  0.2285479E+05  0.8388430E-02
   0.3532707E+05  0.2325807E+05  0.8081200E-02
   0.3573035E+05  0.2366135E+05  0.7801900E-02
   0.3613362E+05  0.2406462E+05  0.7556300E-02
   0.3653690E+05  0.2446790E+05  0.7337830E-02
   0.3694018E+05  0.2487118E+05  0.7153320E-02
   0.3734346E+05  0.2527446E+05  0.6978990E-02
   0.3774673E+05  0.2567773E+05  0.6820160E-02
   0.3815001E+05  0.2608101E+05  0.6660060E-02
   0.3855329E+05  0.2648429E+05  0.6501650E-02
   0.3895656E+05  0.2688756E+05  0.6365360E-02
   0.3935984E+05  0.2729084E+05  0.6251880E-02
   0.3976312E+05  0.2769412E+05  0.6137050E-02
   0.4016639E+05  0.2809739E+05  0.6038330E-02
   0.4056967E+05  0.2850067E+05  0.5903510E-02
   0.4097295E+05  0.2890395E+05  0.5781020E-02
   0.4137623E+05  0.2930723E+05  0.5683060E-02
   0.4177950E+05  0.2971050E+05  0.5549770E-02
   0.4218278E+05  0.3011378E+05  0.5458650E-02
   0.4258606E+05  0.3051706E+05  0.5368950E-02
   0.4298933E+05  0.3092033E+05  0.5265590E-02
   0.4339261E+05  0.3132361E+05  0.5197180E-02
   0.4379589E+05  0.3172689E+05  0.5093760E-02
   0.4419917E+05  0.3213017E+05  0.4984840E-02
