   0.1322749E+05  0.1144875E+03  0.2101190E-04
   0.1338880E+05  0.2757983E+03  0.6740650E-04
   0.1355011E+05  0.4371091E+03  0.1979250E-03
   0.1371142E+05  0.5984200E+03  0.5046440E-03
   0.1387273E+05  0.7597308E+03  0.1127410E-02
   0.1403404E+05  0.9210416E+03  0.2270480E-02
   0.1419535E+05  0.1082352E+04  0.4170700E-02
   0.1435666E+05  0.1243663E+04  0.7005970E-02
   0.1451797E+05  0.1404974E+04  0.1081540E-01
   0.1467928E+05  0.1566285E+04  0.1541790E-01
   0.1484060E+05  0.1727596E+04  0.2056920E-01
   0.1500191E+05  0.1888907E+04  0.2592100E-01
   0.1516322E+05  0.2050217E+04  0.3129650E-01
   0.1532453E+05  0.2211528E+04  0.3644070E-01
   0.1548584E+05  0.2372839E+04  0.4124010E-01
   0.1564715E+05  0.2534150E+04  0.4557700E-01
   0.1580846E+05  0.2695461E+04  0.4945180E-01
   0.1596977E+05  0.2856771E+04  0.5278480E-01
   0.1613108E+05  0.3018082E+04  0.5557320E-01
   0.1629239E+05  0.3179393E+04  0.5775820E-01
   0.1645370E+05  0.3340704E+04  0.5943220E-01
   0.1661501E+05  0.3502015E+04  0.6060810E-01
   0.1677633E+05  0.3663326E+04  0.6125830E-01
   0.1693764E+05  0.3824636E+04  0.6141960E-01
   0.1709895E+05  0.3985947E+04  0.6113580E-01
   0.1726026E+05  0.4147258E+04  0.6037840E-01
   0.1742157E+05  0.4308569E+04  0.5926730E-01
   0.1758288E+05  0.4469880E+04  0.5780390E-01
   0.1774419E+05  0.4631191E+04  0.5603020E-01
   0.1790550E+05  0.4792501E+04  0.5396250E-01
   0.1806681E+05  0.4953812E+04  0.5176400E-01
   0.1822812E+05  0.5115123E+04  0.4926550E-01
   0.1838943E+05  0.5276434E+04  0.4673750E-01
   0.1879271E+05  0.5679711E+04  0.4035540E-01
   0.1919599E+05  0.6082988E+04  0.3392140E-01
   0.1959927E+05  0.6486265E+04  0.2792060E-01
   0.2000254E+05  0.6889542E+04  0.2286000E-01
   0.2040582E+05  0.7292819E+04  0.1866390E-01
   0.2080910E+05  0.7696096E+04  0.1537630E-01
   0.2121237E+05  0.8099373E+04  0.1297730E-01
   0.2161565E+05  0.8502650E+04  0.1138590E-01
   0.2201893E+05  0.8905927E+04  0.1020260E-01
   0.2242220E+05  0.9309204E+04  0.9262810E-02
   0.2282548E+05  0.9712481E+04  0.8705990E-02
   0.2322876E+05  0.1011576E+05  0.8366060E-02
   0.2363204E+05  0.1051904E+05  0.8065000E-02
   0.2403531E+05  0.1092231E+05  0.7945000E-02
   0.2443859E+05  0.1132559E+05  0.7753440E-02
   0.2484187E+05  0.1172887E+05  0.7628500E-02
   0.2524514E+05  0.1213214E+05  0.7471650E-02
   0.2564842E+05  0.1253542E+05  0.7268710E-02
   0.2605170E+05  0.1293870E+05  0.7127990E-02
   0.2645497E+05  0.1334197E+05  0.7015120E-02
   0.2685825E+05  0.1374525E+05  0.6804040E-02
   0.2726153E+05  0.1414853E+05  0.6640010E-02
   0.2766481E+05  0.1455181E+05  0.6438060E-02
   0.2806808E+05  0.1495508E+05  0.6222970E-02
   0.2847136E+05  0.1535836E+05  0.6157390E-02
   0.2887464E+05  0.1576164E+05  0.5926270E-02
   0.2927791E+05  0.1616491E+05  0.5705700E-02
   0.2968119E+05  0.1656819E+05  0.5455100E-02
   0.3008447E+05  0.1697147E+05  0.5151210E-02
   0.3048775E+05  0.1737475E+05  0.4959770E-02
   0.3089102E+05  0.1777802E+05  0.4766240E-02
   0.3129430E+05  0.1818130E+05  0.4549010E-02
   0.3169758E+05  0.1858458E+05  0.4325260E-02
   0.3210085E+05  0.1898785E+05  0.4125970E-02
   0.3250413E+05  0.1939113E+05  0.3918340E-02
   0.3290741E+05  0.1979441E+05  0.3724070E-02
   0.3331068E+05  0.2019768E+05  0.3536720E-02
   0.3371396E+05  0.2060096E+05  0.3355070E-02
   0.3411724E+05  0.2100424E+05  0.3212260E-02
   0.3452052E+05  0.2140752E+05  0.3089500E-02
   0.3492379E+05  0.2181079E+05  0.2972830E-02
   0.3532707E+05  0.2221407E+05  0.2854250E-02
   0.3573035E+05  0.2261735E+05  0.2744020E-02
   0.3613362E+05  0.2302062E+05  0.2649700E-02
   0.3653690E+05  0.2342390E+05  0.2574190E-02
   0.3694018E+05  0.2382718E+05  0.2504870E-02
   0.3734346E+05  0.2423046E+05  0.2436790E-02
   0.3774673E+05  0.2463373E+05  0.2367440E-02
   0.3815001E+05  0.2503701E+05  0.2295770E-02
   0.3855329E+05  0.2544029E+05  0.2231550E-02
   0.3895656E+05  0.2584356E+05  0.2164790E-02
   0.3935984E+05  0.2624684E+05  0.2100000E-02
   0.3976312E+05  0.2665012E+05  0.2031900E-02
   0.4016639E+05  0.2705339E+05  0.1971040E-02
   0.4056967E+05  0.2745667E+05  0.1910340E-02
   0.4097295E+05  0.2785995E+05  0.1860530E-02
   0.4137623E+05  0.2826323E+05  0.1821910E-02
   0.4177950E+05  0.2866650E+05  0.1790800E-02
   0.4218278E+05  0.2906978E+05  0.1755830E-02
   0.4258606E+05  0.2947306E+05  0.1729800E-02
   0.4298933E+05  0.2987633E+05  0.1713790E-02
   0.4339261E+05  0.3027961E+05  0.1684240E-02
   0.4379589E+05  0.3068289E+05  0.1659110E-02
   0.4419917E+05  0.3108617E+05  0.1640250E-02
