   0.1613108E+05  0.4292082E+04  0.1300660E-04
   0.1629239E+05  0.4453393E+04  0.8780600E-04
   0.1645370E+05  0.4614704E+04  0.3539170E-03
   0.1661501E+05  0.4776015E+04  0.9928080E-03
   0.1677633E+05  0.4937326E+04  0.2121680E-02
   0.1693764E+05  0.5098636E+04  0.3748950E-02
   0.1709895E+05  0.5259947E+04  0.5829720E-02
   0.1726026E+05  0.5421258E+04  0.8220600E-02
   0.1742157E+05  0.5582569E+04  0.1072620E-01
   0.1758288E+05  0.5743880E+04  0.1313640E-01
   0.1774419E+05  0.5905191E+04  0.1543810E-01
   0.1790550E+05  0.6066501E+04  0.1762970E-01
   0.1806681E+05  0.6227812E+04  0.1950120E-01
   0.1822812E+05  0.6389123E+04  0.2089970E-01
   0.1838943E+05  0.6550434E+04  0.2188310E-01
   0.1879271E+05  0.6953711E+04  0.2334540E-01
   0.1919599E+05  0.7356988E+04  0.2457250E-01
   0.1959927E+05  0.7760265E+04  0.2576180E-01
   0.2000254E+05  0.8163542E+04  0.2677650E-01
   0.2040582E+05  0.8566819E+04  0.2784090E-01
   0.2080910E+05  0.8970096E+04  0.2859020E-01
   0.2121237E+05  0.9373373E+04  0.2854520E-01
   0.2161565E+05  0.9776650E+04  0.2784220E-01
   0.2201893E+05  0.1017993E+05  0.2704610E-01
   0.2242220E+05  0.1058320E+05  0.2577190E-01
   0.2282548E+05  0.1098648E+05  0.2460070E-01
   0.2322876E+05  0.1138976E+05  0.2403800E-01
   0.2363204E+05  0.1179304E+05  0.2369350E-01
   0.2403531E+05  0.1219631E+05  0.2321050E-01
   0.2443859E+05  0.1259959E+05  0.2289870E-01
   0.2484187E+05  0.1300287E+05  0.2283010E-01
   0.2524514E+05  0.1340614E+05  0.2280740E-01
   0.2564842E+05  0.1380942E+05  0.2276330E-01
   0.2605170E+05  0.1421270E+05  0.2230030E-01
   0.2645497E+05  0.1461597E+05  0.2174170E-01
   0.2685825E+05  0.1501925E+05  0.2141790E-01
   0.2726153E+05  0.1542253E+05  0.2083090E-01
   0.2766481E+05  0.1582581E+05  0.2011050E-01
   0.2806808E+05  0.1622908E+05  0.1975690E-01
   0.2847136E+05  0.1663236E+05  0.1959500E-01
   0.2887464E+05  0.1703564E+05  0.1920100E-01
   0.2927791E+05  0.1743891E+05  0.1890070E-01
   0.2968119E+05  0.1784219E+05  0.1866980E-01
   0.3008447E+05  0.1824547E+05  0.1836410E-01
   0.3048775E+05  0.1864875E+05  0.1805600E-01
   0.3089102E+05  0.1905202E+05  0.1794820E-01
   0.3129430E+05  0.1945530E+05  0.1792060E-01
   0.3169758E+05  0.1985858E+05  0.1780890E-01
   0.3210085E+05  0.2026185E+05  0.1764220E-01
   0.3250413E+05  0.2066513E+05  0.1744240E-01
   0.3290741E+05  0.2106841E+05  0.1734030E-01
   0.3331068E+05  0.2147168E+05  0.1719780E-01
   0.3371396E+05  0.2187496E+05  0.1687500E-01
   0.3411724E+05  0.2227824E+05  0.1644660E-01
   0.3452052E+05  0.2268152E+05  0.1600190E-01
   0.3492379E+05  0.2308479E+05  0.1558360E-01
   0.3532707E+05  0.2348807E+05  0.1516280E-01
   0.3573035E+05  0.2389135E+05  0.1475510E-01
   0.3613362E+05  0.2429462E+05  0.1436180E-01
   0.3653690E+05  0.2469790E+05  0.1400020E-01
   0.3694018E+05  0.2510118E+05  0.1367130E-01
   0.3734346E+05  0.2550446E+05  0.1336510E-01
   0.3774673E+05  0.2590773E+05  0.1308130E-01
   0.3815001E+05  0.2631101E+05  0.1282080E-01
   0.3855329E+05  0.2671429E+05  0.1254940E-01
   0.3895656E+05  0.2711756E+05  0.1229250E-01
   0.3935984E+05  0.2752084E+05  0.1203330E-01
   0.3976312E+05  0.2792412E+05  0.1172810E-01
   0.4016639E+05  0.2832739E+05  0.1142980E-01
   0.4056967E+05  0.2873067E+05  0.1117100E-01
   0.4097295E+05  0.2913395E+05  0.1090120E-01
   0.4137623E+05  0.2953723E+05  0.1068060E-01
   0.4177950E+05  0.2994050E+05  0.1043130E-01
   0.4218278E+05  0.3034378E+05  0.1016650E-01
   0.4258606E+05  0.3074706E+05  0.9945530E-02
   0.4298933E+05  0.3115033E+05  0.9675010E-02
   0.4339261E+05  0.3155361E+05  0.9473560E-02
   0.4379589E+05  0.3195689E+05  0.9223190E-02
   0.4419917E+05  0.3236017E+05  0.9016580E-02
