   0.1677633E+05  0.6185326E+04  0.3007020E-04
   0.1693764E+05  0.6346636E+04  0.1868870E-03
   0.1709895E+05  0.6507947E+04  0.7121930E-03
   0.1726026E+05  0.6669258E+04  0.1807140E-02
   0.1742157E+05  0.6830569E+04  0.3575830E-02
   0.1758288E+05  0.6991880E+04  0.5568410E-02
   0.1774419E+05  0.7153191E+04  0.7524390E-02
   0.1790550E+05  0.7314501E+04  0.9554550E-02
   0.1806681E+05  0.7475812E+04  0.1197000E-01
   0.1822812E+05  0.7637123E+04  0.1492950E-01
   0.1838943E+05  0.7798434E+04  0.1863660E-01
   0.1879271E+05  0.8201711E+04  0.3155870E-01
   0.1919599E+05  0.8604988E+04  0.4666400E-01
   0.1959927E+05  0.9008265E+04  0.6431950E-01
   0.2000254E+05  0.9411542E+04  0.8416700E-01
   0.2040582E+05  0.9814819E+04  0.1028550E+00
   0.2080910E+05  0.1021810E+05  0.1192570E+00
   0.2121237E+05  0.1062137E+05  0.1297200E+00
   0.2161565E+05  0.1102465E+05  0.1350980E+00
   0.2201893E+05  0.1142793E+05  0.1347200E+00
   0.2242220E+05  0.1183120E+05  0.1302260E+00
   0.2282548E+05  0.1223448E+05  0.1213970E+00
   0.2322876E+05  0.1263776E+05  0.1117890E+00
   0.2363204E+05  0.1304104E+05  0.1000290E+00
   0.2403531E+05  0.1344431E+05  0.8895540E-01
   0.2443859E+05  0.1384759E+05  0.7879520E-01
   0.2484187E+05  0.1425087E+05  0.7066100E-01
   0.2524514E+05  0.1465414E+05  0.6374450E-01
   0.2564842E+05  0.1505742E+05  0.5791460E-01
   0.2605170E+05  0.1546070E+05  0.5330550E-01
   0.2645497E+05  0.1586397E+05  0.5118930E-01
   0.2685825E+05  0.1626725E+05  0.4989850E-01
   0.2726153E+05  0.1667053E+05  0.5001050E-01
   0.2766481E+05  0.1707381E+05  0.5200660E-01
   0.2806808E+05  0.1747708E+05  0.5306140E-01
   0.2847136E+05  0.1788036E+05  0.5432140E-01
   0.2887464E+05  0.1828364E+05  0.5545590E-01
   0.2927791E+05  0.1868691E+05  0.5553840E-01
   0.2968119E+05  0.1909019E+05  0.5474940E-01
   0.3008447E+05  0.1949347E+05  0.5395300E-01
   0.3048775E+05  0.1989675E+05  0.5347640E-01
   0.3089102E+05  0.2030002E+05  0.5232910E-01
   0.3129430E+05  0.2070330E+05  0.5093450E-01
   0.3169758E+05  0.2110658E+05  0.4981720E-01
   0.3210085E+05  0.2150985E+05  0.4866710E-01
   0.3250413E+05  0.2191313E+05  0.4731440E-01
   0.3290741E+05  0.2231641E+05  0.4589190E-01
   0.3331068E+05  0.2271968E+05  0.4458190E-01
   0.3371396E+05  0.2312296E+05  0.4330950E-01
   0.3411724E+05  0.2352624E+05  0.4195100E-01
   0.3452052E+05  0.2392952E+05  0.4045500E-01
   0.3492379E+05  0.2433279E+05  0.3880560E-01
   0.3532707E+05  0.2473607E+05  0.3713470E-01
   0.3573035E+05  0.2513935E+05  0.3551660E-01
   0.3613362E+05  0.2554262E+05  0.3399460E-01
   0.3653690E+05  0.2594590E+05  0.3249770E-01
   0.3694018E+05  0.2634918E+05  0.3117720E-01
   0.3734346E+05  0.2675246E+05  0.3013690E-01
   0.3774673E+05  0.2715573E+05  0.2907110E-01
   0.3815001E+05  0.2755901E+05  0.2821460E-01
   0.3855329E+05  0.2796229E+05  0.2736500E-01
   0.3895656E+05  0.2836556E+05  0.2656300E-01
   0.3935984E+05  0.2876884E+05  0.2592200E-01
   0.3976312E+05  0.2917212E+05  0.2529490E-01
   0.4016639E+05  0.2957539E+05  0.2481050E-01
   0.4056967E+05  0.2997867E+05  0.2446780E-01
   0.4097295E+05  0.3038195E+05  0.2411010E-01
   0.4137623E+05  0.3078523E+05  0.2378100E-01
   0.4177950E+05  0.3118850E+05  0.2344430E-01
   0.4218278E+05  0.3159178E+05  0.2320240E-01
   0.4258606E+05  0.3199506E+05  0.2293070E-01
   0.4298933E+05  0.3239833E+05  0.2255430E-01
   0.4339261E+05  0.3280161E+05  0.2214990E-01
   0.4379589E+05  0.3320489E+05  0.2190500E-01
   0.4419917E+05  0.3360817E+05  0.2168300E-01
