   0.1919599E+05  0.3759879E+03  0.3961330E-02
   0.1959927E+05  0.7792650E+03  0.1143880E-01
   0.2000254E+05  0.1182542E+04  0.1514010E-01
   0.2040582E+05  0.1585819E+04  0.1768300E-01
   0.2080910E+05  0.1989096E+04  0.2198750E-01
   0.2121237E+05  0.2392373E+04  0.2696420E-01
   0.2161565E+05  0.2795650E+04  0.3177450E-01
   0.2201893E+05  0.3198927E+04  0.3439360E-01
   0.2242220E+05  0.3602204E+04  0.3538500E-01
   0.2282548E+05  0.4005481E+04  0.3486970E-01
   0.2322876E+05  0.4408759E+04  0.3313550E-01
   0.2363204E+05  0.4812036E+04  0.3094250E-01
   0.2403531E+05  0.5215313E+04  0.2877780E-01
   0.2443859E+05  0.5618590E+04  0.2664270E-01
   0.2484187E+05  0.6021867E+04  0.2519850E-01
   0.2524514E+05  0.6425144E+04  0.2371560E-01
   0.2564842E+05  0.6828421E+04  0.2267720E-01
   0.2605170E+05  0.7231698E+04  0.2197770E-01
   0.2645497E+05  0.7634975E+04  0.2126240E-01
   0.2685825E+05  0.8038252E+04  0.2082190E-01
   0.2726153E+05  0.8441529E+04  0.2051870E-01
   0.2766481E+05  0.8844806E+04  0.2028760E-01
   0.2806808E+05  0.9248083E+04  0.1997030E-01
   0.2847136E+05  0.9651360E+04  0.1948700E-01
   0.2887464E+05  0.1005464E+05  0.1896950E-01
   0.2927791E+05  0.1045791E+05  0.1827210E-01
   0.2968119E+05  0.1086119E+05  0.1724070E-01
   0.3008447E+05  0.1126447E+05  0.1611930E-01
   0.3048775E+05  0.1166775E+05  0.1501750E-01
   0.3089102E+05  0.1207102E+05  0.1393930E-01
   0.3129430E+05  0.1247430E+05  0.1302920E-01
   0.3169758E+05  0.1287758E+05  0.1213570E-01
   0.3210085E+05  0.1328085E+05  0.1136420E-01
   0.3250413E+05  0.1368413E+05  0.1073620E-01
   0.3290741E+05  0.1408741E+05  0.1023120E-01
   0.3331068E+05  0.1449068E+05  0.9846460E-02
   0.3371396E+05  0.1489396E+05  0.9584850E-02
   0.3411724E+05  0.1529724E+05  0.9330580E-02
   0.3452052E+05  0.1570052E+05  0.9066380E-02
   0.3492379E+05  0.1610379E+05  0.8831400E-02
   0.3532707E+05  0.1650707E+05  0.8605370E-02
   0.3573035E+05  0.1691035E+05  0.8375110E-02
   0.3613362E+05  0.1731362E+05  0.8136490E-02
   0.3653690E+05  0.1771690E+05  0.7902560E-02
   0.3694018E+05  0.1812018E+05  0.7688890E-02
   0.3734346E+05  0.1852346E+05  0.7475210E-02
   0.3774673E+05  0.1892673E+05  0.7285460E-02
   0.3815001E+05  0.1933001E+05  0.7094470E-02
   0.3855329E+05  0.1973329E+05  0.6930680E-02
   0.3895656E+05  0.2013656E+05  0.6762500E-02
   0.3935984E+05  0.2053984E+05  0.6601980E-02
   0.3976312E+05  0.2094312E+05  0.6453280E-02
   0.4016639E+05  0.2134639E+05  0.6282060E-02
   0.4056967E+05  0.2174967E+05  0.6145130E-02
   0.4097295E+05  0.2215295E+05  0.5991180E-02
   0.4137623E+05  0.2255623E+05  0.5863900E-02
   0.4177950E+05  0.2295950E+05  0.5722920E-02
   0.4218278E+05  0.2336278E+05  0.5601680E-02
   0.4258606E+05  0.2376606E+05  0.5482310E-02
   0.4298933E+05  0.2416933E+05  0.5361120E-02
   0.4339261E+05  0.2457261E+05  0.5283490E-02
   0.4379589E+05  0.2497589E+05  0.5170770E-02
   0.4419917E+05  0.2537917E+05  0.5046980E-02
