   0.1709895E+05  0.6827947E+04  0.2667050E-06
   0.1726026E+05  0.6989258E+04  0.6120950E-05
   0.1742157E+05  0.7150569E+04  0.4315170E-04
   0.1758288E+05  0.7311880E+04  0.2060280E-03
   0.1774419E+05  0.7473191E+04  0.7908290E-03
   0.1790550E+05  0.7634501E+04  0.2543110E-02
   0.1806681E+05  0.7795812E+04  0.6621830E-02
   0.1822812E+05  0.7957123E+04  0.1344530E-01
   0.1838943E+05  0.8118434E+04  0.2216920E-01
   0.1879271E+05  0.8521711E+04  0.4289040E-01
   0.1919599E+05  0.8924988E+04  0.5984560E-01
   0.1959927E+05  0.9328265E+04  0.8636290E-01
   0.2000254E+05  0.9731542E+04  0.1190520E+00
   0.2040582E+05  0.1013482E+05  0.1518970E+00
   0.2080910E+05  0.1053810E+05  0.1810080E+00
   0.2121237E+05  0.1094137E+05  0.2061620E+00
   0.2161565E+05  0.1134465E+05  0.2228080E+00
   0.2201893E+05  0.1174793E+05  0.2319500E+00
   0.2242220E+05  0.1215120E+05  0.2292860E+00
   0.2282548E+05  0.1255448E+05  0.2187900E+00
   0.2322876E+05  0.1295776E+05  0.2040310E+00
   0.2363204E+05  0.1336104E+05  0.1829590E+00
   0.2403531E+05  0.1376431E+05  0.1608240E+00
   0.2443859E+05  0.1416759E+05  0.1432270E+00
   0.2484187E+05  0.1457087E+05  0.1292950E+00
   0.2524514E+05  0.1497414E+05  0.1192720E+00
   0.2564842E+05  0.1537742E+05  0.1124820E+00
   0.2605170E+05  0.1578070E+05  0.1112690E+00
   0.2645497E+05  0.1618397E+05  0.1125980E+00
   0.2685825E+05  0.1658725E+05  0.1127690E+00
   0.2726153E+05  0.1699053E+05  0.1136060E+00
   0.2766481E+05  0.1739381E+05  0.1117630E+00
   0.2806808E+05  0.1779708E+05  0.1079230E+00
   0.2847136E+05  0.1820036E+05  0.1013630E+00
   0.2887464E+05  0.1860364E+05  0.9206660E-01
   0.2927791E+05  0.1900691E+05  0.8348590E-01
   0.2968119E+05  0.1941019E+05  0.7414670E-01
   0.3008447E+05  0.1981347E+05  0.6355470E-01
   0.3048775E+05  0.2021675E+05  0.5427750E-01
   0.3089102E+05  0.2062002E+05  0.4761450E-01
   0.3129430E+05  0.2102330E+05  0.4346950E-01
   0.3169758E+05  0.2142658E+05  0.4062040E-01
   0.3210085E+05  0.2182985E+05  0.3940190E-01
   0.3250413E+05  0.2223313E+05  0.3904920E-01
   0.3290741E+05  0.2263641E+05  0.3911490E-01
   0.3331068E+05  0.2303968E+05  0.3950380E-01
   0.3371396E+05  0.2344296E+05  0.3993620E-01
   0.3411724E+05  0.2384624E+05  0.4003920E-01
   0.3452052E+05  0.2424952E+05  0.3950410E-01
   0.3492379E+05  0.2465279E+05  0.3829880E-01
   0.3532707E+05  0.2505607E+05  0.3678720E-01
   0.3573035E+05  0.2545935E+05  0.3529470E-01
   0.3613362E+05  0.2586262E+05  0.3378790E-01
   0.3653690E+05  0.2626590E+05  0.3218550E-01
   0.3694018E+05  0.2666918E+05  0.3083040E-01
   0.3734346E+05  0.2707246E+05  0.2971710E-01
   0.3774673E+05  0.2747573E+05  0.2891740E-01
   0.3815001E+05  0.2787901E+05  0.2840630E-01
   0.3855329E+05  0.2828229E+05  0.2808070E-01
   0.3895656E+05  0.2868556E+05  0.2752760E-01
   0.3935984E+05  0.2908884E+05  0.2738940E-01
   0.3976312E+05  0.2949212E+05  0.2705910E-01
   0.4016639E+05  0.2989539E+05  0.2679610E-01
   0.4056967E+05  0.3029867E+05  0.2645750E-01
   0.4097295E+05  0.3070195E+05  0.2611860E-01
   0.4137623E+05  0.3110523E+05  0.2580500E-01
   0.4177950E+05  0.3150850E+05  0.2537240E-01
   0.4218278E+05  0.3191178E+05  0.2481330E-01
   0.4258606E+05  0.3231506E+05  0.2448340E-01
   0.4298933E+05  0.3271833E+05  0.2381090E-01
   0.4339261E+05  0.3312161E+05  0.2309890E-01
   0.4379589E+05  0.3352489E+05  0.2236990E-01
   0.4419917E+05  0.3392817E+05  0.2195340E-01
