   0.2121237E+05  0.7337323E+02  0.4758000E-03
   0.2161565E+05  0.4766503E+03  0.5136530E-02
   0.2201893E+05  0.8799274E+03  0.1690770E-01
   0.2242220E+05  0.1283204E+04  0.2631190E-01
   0.2282548E+05  0.1686481E+04  0.3012140E-01
   0.2322876E+05  0.2089759E+04  0.3694970E-01
   0.2363204E+05  0.2493036E+04  0.4182020E-01
   0.2403531E+05  0.2896313E+04  0.4487330E-01
   0.2443859E+05  0.3299590E+04  0.4761540E-01
   0.2484187E+05  0.3702867E+04  0.4778950E-01
   0.2524514E+05  0.4106144E+04  0.4633830E-01
   0.2564842E+05  0.4509421E+04  0.4542850E-01
   0.2605170E+05  0.4912698E+04  0.4645040E-01
   0.2645497E+05  0.5315975E+04  0.5072620E-01
   0.2685825E+05  0.5719252E+04  0.5632940E-01
   0.2726153E+05  0.6122529E+04  0.6227710E-01
   0.2766481E+05  0.6525806E+04  0.6709730E-01
   0.2806808E+05  0.6929083E+04  0.7138920E-01
   0.2847136E+05  0.7332360E+04  0.7651770E-01
   0.2887464E+05  0.7735637E+04  0.8139250E-01
   0.2927791E+05  0.8138914E+04  0.8512070E-01
   0.2968119E+05  0.8542191E+04  0.8864230E-01
   0.3008447E+05  0.8945469E+04  0.9114140E-01
   0.3048775E+05  0.9348746E+04  0.9339110E-01
   0.3089102E+05  0.9752023E+04  0.9506520E-01
   0.3129430E+05  0.1015530E+05  0.9651170E-01
   0.3169758E+05  0.1055858E+05  0.9729400E-01
   0.3210085E+05  0.1096185E+05  0.9806200E-01
   0.3250413E+05  0.1136513E+05  0.9827900E-01
   0.3290741E+05  0.1176841E+05  0.9789410E-01
   0.3331068E+05  0.1217168E+05  0.9734290E-01
   0.3371396E+05  0.1257496E+05  0.9703820E-01
   0.3411724E+05  0.1297824E+05  0.9687530E-01
   0.3452052E+05  0.1338152E+05  0.9632570E-01
   0.3492379E+05  0.1378479E+05  0.9552140E-01
   0.3532707E+05  0.1418807E+05  0.9487920E-01
   0.3573035E+05  0.1459135E+05  0.9444170E-01
   0.3613362E+05  0.1499462E+05  0.9397360E-01
   0.3653690E+05  0.1539790E+05  0.9323000E-01
   0.3694018E+05  0.1580118E+05  0.9249260E-01
   0.3734346E+05  0.1620446E+05  0.9183210E-01
   0.3774673E+05  0.1660773E+05  0.9123840E-01
   0.3815001E+05  0.1701101E+05  0.9070920E-01
   0.3855329E+05  0.1741429E+05  0.9027210E-01
   0.3895656E+05  0.1781756E+05  0.8987140E-01
   0.3935984E+05  0.1822084E+05  0.8955200E-01
   0.3976312E+05  0.1862412E+05  0.8931460E-01
   0.4016639E+05  0.1902739E+05  0.8873740E-01
   0.4056967E+05  0.1943067E+05  0.8792630E-01
   0.4097295E+05  0.1983395E+05  0.8701820E-01
   0.4137623E+05  0.2023723E+05  0.8627120E-01
   0.4177950E+05  0.2064050E+05  0.8537020E-01
   0.4218278E+05  0.2104378E+05  0.8459330E-01
   0.4258606E+05  0.2144706E+05  0.8395420E-01
   0.4298933E+05  0.2185033E+05  0.8315040E-01
   0.4339261E+05  0.2225361E+05  0.8254090E-01
   0.4379589E+05  0.2265689E+05  0.8166680E-01
   0.4419917E+05  0.2306017E+05  0.8096200E-01
