   0.2363204E+05  0.2493036E+04  0.5684110E-05
   0.2403531E+05  0.2896313E+04  0.1222740E-02
   0.2443859E+05  0.3299590E+04  0.1906120E-01
   0.2484187E+05  0.3702867E+04  0.4339180E-01
   0.2524514E+05  0.4106144E+04  0.5756340E-01
   0.2564842E+05  0.4509421E+04  0.7454140E-01
   0.2605170E+05  0.4912698E+04  0.9733860E-01
   0.2645497E+05  0.5315975E+04  0.1059240E+00
   0.2685825E+05  0.5719252E+04  0.1066910E+00
   0.2726153E+05  0.6122529E+04  0.1072670E+00
   0.2766481E+05  0.6525806E+04  0.1081450E+00
   0.2806808E+05  0.6929083E+04  0.1100410E+00
   0.2847136E+05  0.7332360E+04  0.1108490E+00
   0.2887464E+05  0.7735637E+04  0.1128890E+00
   0.2927791E+05  0.8138914E+04  0.1175680E+00
   0.2968119E+05  0.8542191E+04  0.1229980E+00
   0.3008447E+05  0.8945469E+04  0.1283880E+00
   0.3048775E+05  0.9348746E+04  0.1336460E+00
   0.3089102E+05  0.9752023E+04  0.1377190E+00
   0.3129430E+05  0.1015530E+05  0.1403330E+00
   0.3169758E+05  0.1055858E+05  0.1420510E+00
   0.3210085E+05  0.1096185E+05  0.1449740E+00
   0.3250413E+05  0.1136513E+05  0.1482040E+00
   0.3290741E+05  0.1176841E+05  0.1506800E+00
   0.3331068E+05  0.1217168E+05  0.1537830E+00
   0.3371396E+05  0.1257496E+05  0.1576240E+00
   0.3411724E+05  0.1297824E+05  0.1604550E+00
   0.3452052E+05  0.1338152E+05  0.1634860E+00
   0.3492379E+05  0.1378479E+05  0.1672180E+00
   0.3532707E+05  0.1418807E+05  0.1702480E+00
   0.3573035E+05  0.1459135E+05  0.1724390E+00
   0.3613362E+05  0.1499462E+05  0.1748830E+00
   0.3653690E+05  0.1539790E+05  0.1776540E+00
   0.3694018E+05  0.1580118E+05  0.1801670E+00
   0.3734346E+05  0.1620446E+05  0.1823970E+00
   0.3774673E+05  0.1660773E+05  0.1843510E+00
   0.3815001E+05  0.1701101E+05  0.1858950E+00
   0.3855329E+05  0.1741429E+05  0.1869460E+00
   0.3895656E+05  0.1781756E+05  0.1877960E+00
   0.3935984E+05  0.1822084E+05  0.1882350E+00
   0.3976312E+05  0.1862412E+05  0.1886070E+00
   0.4016639E+05  0.1902739E+05  0.1886790E+00
   0.4056967E+05  0.1943067E+05  0.1882140E+00
   0.4097295E+05  0.1983395E+05  0.1873960E+00
   0.4137623E+05  0.2023723E+05  0.1864880E+00
   0.4177950E+05  0.2064050E+05  0.1851340E+00
   0.4218278E+05  0.2104378E+05  0.1836980E+00
   0.4258606E+05  0.2144706E+05  0.1818540E+00
   0.4298933E+05  0.2185033E+05  0.1799300E+00
   0.4339261E+05  0.2225361E+05  0.1781160E+00
   0.4379589E+05  0.2265689E+05  0.1760190E+00
   0.4419917E+05  0.2306017E+05  0.1742520E+00
