   0.2524514E+05  0.3931438E+03  0.5836350E-02
   0.2564842E+05  0.7964209E+03  0.1065220E-01
   0.2605170E+05  0.1199698E+04  0.1217150E-01
   0.2645497E+05  0.1602975E+04  0.1251590E-01
   0.2685825E+05  0.2006252E+04  0.1344750E-01
   0.2726153E+05  0.2409529E+04  0.1480220E-01
   0.2766481E+05  0.2812806E+04  0.1636010E-01
   0.2806808E+05  0.3216083E+04  0.1829600E-01
   0.2847136E+05  0.3619360E+04  0.2093640E-01
   0.2887464E+05  0.4022637E+04  0.2326560E-01
   0.2927791E+05  0.4425914E+04  0.2454620E-01
   0.2968119E+05  0.4829191E+04  0.2492310E-01
   0.3008447E+05  0.5232469E+04  0.2537270E-01
   0.3048775E+05  0.5635746E+04  0.2636470E-01
   0.3089102E+05  0.6039023E+04  0.2665830E-01
   0.3129430E+05  0.6442300E+04  0.2669070E-01
   0.3169758E+05  0.6845577E+04  0.2668570E-01
   0.3210085E+05  0.7248854E+04  0.2659220E-01
   0.3250413E+05  0.7652131E+04  0.2649500E-01
   0.3290741E+05  0.8055408E+04  0.2631360E-01
   0.3331068E+05  0.8458685E+04  0.2616930E-01
   0.3371396E+05  0.8861962E+04  0.2626960E-01
   0.3411724E+05  0.9265239E+04  0.2658220E-01
   0.3452052E+05  0.9668516E+04  0.2677140E-01
   0.3492379E+05  0.1007179E+05  0.2695220E-01
   0.3532707E+05  0.1047507E+05  0.2726670E-01
   0.3573035E+05  0.1087835E+05  0.2770860E-01
   0.3613362E+05  0.1128162E+05  0.2804680E-01
   0.3653690E+05  0.1168490E+05  0.2839820E-01
   0.3694018E+05  0.1208818E+05  0.2871380E-01
   0.3734346E+05  0.1249146E+05  0.2905200E-01
   0.3774673E+05  0.1289473E+05  0.2925080E-01
   0.3815001E+05  0.1329801E+05  0.2942200E-01
   0.3855329E+05  0.1370129E+05  0.2949710E-01
   0.3895656E+05  0.1410456E+05  0.2962470E-01
   0.3935984E+05  0.1450784E+05  0.2969390E-01
   0.3976312E+05  0.1491112E+05  0.2973260E-01
   0.4016639E+05  0.1531439E+05  0.2975330E-01
   0.4056967E+05  0.1571767E+05  0.2978340E-01
   0.4097295E+05  0.1612095E+05  0.2985190E-01
   0.4137623E+05  0.1652423E+05  0.2976490E-01
   0.4177950E+05  0.1692750E+05  0.2985000E-01
   0.4218278E+05  0.1733078E+05  0.2982600E-01
   0.4258606E+05  0.1773406E+05  0.2977130E-01
   0.4298933E+05  0.1813733E+05  0.2979630E-01
   0.4339261E+05  0.1854061E+05  0.2974870E-01
   0.4379589E+05  0.1894389E+05  0.2972590E-01
   0.4419917E+05  0.1934717E+05  0.2978550E-01
