   0.1774419E+05  0.1919054E+02  0.7196560E-03
   0.1790550E+05  0.1805014E+03  0.1656780E-02
   0.1806681E+05  0.3418122E+03  0.4342760E-02
   0.1822812E+05  0.5031230E+03  0.9616720E-02
   0.1838943E+05  0.6644338E+03  0.1994760E-01
   0.1879271E+05  0.1067711E+04  0.7001770E-01
   0.1919599E+05  0.1470988E+04  0.1271620E+00
   0.1959927E+05  0.1874265E+04  0.1726750E+00
   0.2000254E+05  0.2277542E+04  0.2056300E+00
   0.2040582E+05  0.2680819E+04  0.2334220E+00
   0.2080910E+05  0.3084096E+04  0.2565550E+00
   0.2121237E+05  0.3487373E+04  0.2712100E+00
   0.2161565E+05  0.3890650E+04  0.2840460E+00
   0.2201893E+05  0.4293927E+04  0.2973630E+00
   0.2242220E+05  0.4697204E+04  0.3009360E+00
   0.2282548E+05  0.5100481E+04  0.3031890E+00
   0.2322876E+05  0.5503759E+04  0.3041480E+00
   0.2363204E+05  0.5907036E+04  0.3042380E+00
   0.2403531E+05  0.6310313E+04  0.3075050E+00
   0.2443859E+05  0.6713590E+04  0.3089510E+00
   0.2484187E+05  0.7116867E+04  0.3089260E+00
   0.2524514E+05  0.7520144E+04  0.3056800E+00
   0.2564842E+05  0.7923421E+04  0.3029000E+00
   0.2605170E+05  0.8326698E+04  0.3015100E+00
   0.2645497E+05  0.8729975E+04  0.2957860E+00
   0.2685825E+05  0.9133252E+04  0.2924640E+00
   0.2726153E+05  0.9536529E+04  0.2922430E+00
   0.2766481E+05  0.9939806E+04  0.2883060E+00
   0.2806808E+05  0.1034308E+05  0.2827850E+00
   0.2847136E+05  0.1074636E+05  0.2796920E+00
   0.2887464E+05  0.1114964E+05  0.2764880E+00
   0.2927791E+05  0.1155291E+05  0.2736840E+00
   0.2968119E+05  0.1195619E+05  0.2727870E+00
   0.3008447E+05  0.1235947E+05  0.2729730E+00
   0.3048775E+05  0.1276275E+05  0.2722210E+00
   0.3089102E+05  0.1316602E+05  0.2715880E+00
   0.3129430E+05  0.1356930E+05  0.2725940E+00
   0.3169758E+05  0.1397258E+05  0.2738810E+00
   0.3210085E+05  0.1437585E+05  0.2742520E+00
   0.3250413E+05  0.1477913E+05  0.2742640E+00
   0.3290741E+05  0.1518241E+05  0.2750170E+00
   0.3331068E+05  0.1558568E+05  0.2759350E+00
   0.3371396E+05  0.1598896E+05  0.2765850E+00
   0.3411724E+05  0.1639224E+05  0.2773960E+00
   0.3452052E+05  0.1679552E+05  0.2785720E+00
   0.3492379E+05  0.1719879E+05  0.2803830E+00
   0.3532707E+05  0.1760207E+05  0.2819210E+00
   0.3573035E+05  0.1800535E+05  0.2830390E+00
   0.3613362E+05  0.1840862E+05  0.2839350E+00
   0.3653690E+05  0.1881190E+05  0.2847210E+00
   0.3694018E+05  0.1921518E+05  0.2851990E+00
   0.3734346E+05  0.1961846E+05  0.2855920E+00
   0.3774673E+05  0.2002173E+05  0.2861420E+00
   0.3815001E+05  0.2042501E+05  0.2868780E+00
   0.3855329E+05  0.2082829E+05  0.2877480E+00
   0.3895656E+05  0.2123156E+05  0.2886390E+00
   0.3935984E+05  0.2163484E+05  0.2896400E+00
   0.3976312E+05  0.2203812E+05  0.2903890E+00
   0.4016639E+05  0.2244139E+05  0.2910500E+00
   0.4056967E+05  0.2284467E+05  0.2915720E+00
   0.4097295E+05  0.2324795E+05  0.2919470E+00
   0.4137623E+05  0.2365123E+05  0.2921780E+00
   0.4177950E+05  0.2405450E+05  0.2922460E+00
   0.4218278E+05  0.2445778E+05  0.2921380E+00
   0.4258606E+05  0.2486106E+05  0.2919910E+00
   0.4298933E+05  0.2526433E+05  0.2915290E+00
   0.4339261E+05  0.2566761E+05  0.2908380E+00
   0.4379589E+05  0.2607089E+05  0.2900090E+00
   0.4419917E+05  0.2647417E+05  0.2889790E+00
