   0.2685825E+05  0.9133252E+04  0.2027080E-02
   0.2726153E+05  0.9536529E+04  0.4054820E-02
   0.2766481E+05  0.9939806E+04  0.6563450E-02
   0.2806808E+05  0.1034308E+05  0.1039660E-01
   0.2847136E+05  0.1074636E+05  0.1504240E-01
   0.2887464E+05  0.1114964E+05  0.1871640E-01
   0.2927791E+05  0.1155291E+05  0.2199890E-01
   0.2968119E+05  0.1195619E+05  0.2489520E-01
   0.3008447E+05  0.1235947E+05  0.2601620E-01
   0.3048775E+05  0.1276275E+05  0.2676660E-01
   0.3089102E+05  0.1316602E+05  0.2766360E-01
   0.3129430E+05  0.1356930E+05  0.2847500E-01
   0.3169758E+05  0.1397258E+05  0.2920190E-01
   0.3210085E+05  0.1437585E+05  0.2987680E-01
   0.3250413E+05  0.1477913E+05  0.3035670E-01
   0.3290741E+05  0.1518241E+05  0.3050830E-01
   0.3331068E+05  0.1558568E+05  0.3048480E-01
   0.3371396E+05  0.1598896E+05  0.3039100E-01
   0.3411724E+05  0.1639224E+05  0.3036090E-01
   0.3452052E+05  0.1679552E+05  0.3054320E-01
   0.3492379E+05  0.1719879E+05  0.3071190E-01
   0.3532707E+05  0.1760207E+05  0.3084640E-01
   0.3573035E+05  0.1800535E+05  0.3094930E-01
   0.3613362E+05  0.1840862E+05  0.3092310E-01
   0.3653690E+05  0.1881190E+05  0.3079450E-01
   0.3694018E+05  0.1921518E+05  0.3065580E-01
   0.3734346E+05  0.1961846E+05  0.3072500E-01
   0.3774673E+05  0.2002173E+05  0.3082600E-01
   0.3815001E+05  0.2042501E+05  0.3093800E-01
   0.3855329E+05  0.2082829E+05  0.3091310E-01
   0.3895656E+05  0.2123156E+05  0.3125390E-01
   0.3935984E+05  0.2163484E+05  0.3139860E-01
   0.3976312E+05  0.2203812E+05  0.3141770E-01
   0.4016639E+05  0.2244139E+05  0.3138550E-01
   0.4056967E+05  0.2284467E+05  0.3140840E-01
   0.4097295E+05  0.2324795E+05  0.3134240E-01
   0.4137623E+05  0.2365123E+05  0.3142390E-01
   0.4177950E+05  0.2405450E+05  0.3149390E-01
   0.4218278E+05  0.2445778E+05  0.3157550E-01
   0.4258606E+05  0.2486106E+05  0.3146270E-01
   0.4298933E+05  0.2526433E+05  0.3149760E-01
   0.4339261E+05  0.2566761E+05  0.3148240E-01
   0.4379589E+05  0.2607089E+05  0.3151970E-01
   0.4419917E+05  0.2647417E+05  0.3131420E-01
