   0.1774419E+05  0.1919054E+02  0.6676990E-03
   0.1790550E+05  0.1805014E+03  0.7002730E-03
   0.1806681E+05  0.3418122E+03  0.1670980E-02
   0.1822812E+05  0.5031230E+03  0.3201430E-02
   0.1838943E+05  0.6644338E+03  0.5358130E-02
   0.1879271E+05  0.1067711E+04  0.1246410E-01
   0.1919599E+05  0.1470988E+04  0.1868390E-01
   0.1959927E+05  0.1874265E+04  0.2406150E-01
   0.2000254E+05  0.2277542E+04  0.2980700E-01
   0.2040582E+05  0.2680819E+04  0.3750150E-01
   0.2080910E+05  0.3084096E+04  0.4287140E-01
   0.2121237E+05  0.3487373E+04  0.4818120E-01
   0.2161565E+05  0.3890650E+04  0.5243460E-01
   0.2201893E+05  0.4293927E+04  0.5521070E-01
   0.2242220E+05  0.4697204E+04  0.5851990E-01
   0.2282548E+05  0.5100481E+04  0.6120430E-01
   0.2322876E+05  0.5503759E+04  0.6232650E-01
   0.2363204E+05  0.5907036E+04  0.6279620E-01
   0.2403531E+05  0.6310313E+04  0.6163230E-01
   0.2443859E+05  0.6713590E+04  0.6002440E-01
   0.2484187E+05  0.7116867E+04  0.5901330E-01
   0.2524514E+05  0.7520144E+04  0.5714540E-01
   0.2564842E+05  0.7923421E+04  0.5506480E-01
   0.2605170E+05  0.8326698E+04  0.5248420E-01
   0.2645497E+05  0.8729975E+04  0.4962960E-01
   0.2685825E+05  0.9133252E+04  0.4692440E-01
   0.2726153E+05  0.9536529E+04  0.4467500E-01
   0.2766481E+05  0.9939806E+04  0.4164060E-01
   0.2806808E+05  0.1034308E+05  0.3983930E-01
   0.2847136E+05  0.1074636E+05  0.3789490E-01
   0.2887464E+05  0.1114964E+05  0.3609100E-01
   0.2927791E+05  0.1155291E+05  0.3464990E-01
   0.2968119E+05  0.1195619E+05  0.3349710E-01
   0.3008447E+05  0.1235947E+05  0.3243590E-01
   0.3048775E+05  0.1276275E+05  0.3135460E-01
   0.3089102E+05  0.1316602E+05  0.3073080E-01
   0.3129430E+05  0.1356930E+05  0.2996540E-01
   0.3169758E+05  0.1397258E+05  0.2894300E-01
   0.3210085E+05  0.1437585E+05  0.2797450E-01
   0.3250413E+05  0.1477913E+05  0.2688840E-01
   0.3290741E+05  0.1518241E+05  0.2575970E-01
   0.3331068E+05  0.1558568E+05  0.2470810E-01
   0.3371396E+05  0.1598896E+05  0.2381750E-01
   0.3411724E+05  0.1639224E+05  0.2295250E-01
   0.3452052E+05  0.1679552E+05  0.2213620E-01
   0.3492379E+05  0.1719879E+05  0.2143510E-01
   0.3532707E+05  0.1760207E+05  0.2075280E-01
   0.3573035E+05  0.1800535E+05  0.2005010E-01
   0.3613362E+05  0.1840862E+05  0.1935240E-01
   0.3653690E+05  0.1881190E+05  0.1871100E-01
   0.3694018E+05  0.1921518E+05  0.1801790E-01
   0.3734346E+05  0.1961846E+05  0.1739300E-01
   0.3774673E+05  0.2002173E+05  0.1674690E-01
   0.3815001E+05  0.2042501E+05  0.1610640E-01
   0.3855329E+05  0.2082829E+05  0.1549240E-01
   0.3895656E+05  0.2123156E+05  0.1488700E-01
   0.3935984E+05  0.2163484E+05  0.1422490E-01
   0.3976312E+05  0.2203812E+05  0.1365530E-01
   0.4016639E+05  0.2244139E+05  0.1311410E-01
   0.4056967E+05  0.2284467E+05  0.1265570E-01
   0.4097295E+05  0.2324795E+05  0.1220930E-01
   0.4137623E+05  0.2365123E+05  0.1184410E-01
   0.4177950E+05  0.2405450E+05  0.1156270E-01
   0.4218278E+05  0.2445778E+05  0.1124220E-01
   0.4258606E+05  0.2486106E+05  0.1097400E-01
   0.4298933E+05  0.2526433E+05  0.1074940E-01
   0.4339261E+05  0.2566761E+05  0.1053270E-01
   0.4379589E+05  0.2607089E+05  0.1031370E-01
   0.4419917E+05  0.2647417E+05  0.1016140E-01
