   0.2242220E+05  0.7120441E+02  0.8495140E-03
   0.2282548E+05  0.4744815E+03  0.2296050E-01
   0.2322876E+05  0.8777585E+03  0.4660280E-01
   0.2363204E+05  0.1281036E+04  0.3997070E-01
   0.2403531E+05  0.1684313E+04  0.3659520E-01
   0.2443859E+05  0.2087590E+04  0.3879750E-01
   0.2484187E+05  0.2490867E+04  0.4184050E-01
   0.2524514E+05  0.2894144E+04  0.4976620E-01
   0.2564842E+05  0.3297421E+04  0.6165240E-01
   0.2605170E+05  0.3700698E+04  0.7464220E-01
   0.2645497E+05  0.4103975E+04  0.8441470E-01
   0.2685825E+05  0.4507252E+04  0.8955570E-01
   0.2726153E+05  0.4910529E+04  0.8950010E-01
   0.2766481E+05  0.5313806E+04  0.8626770E-01
   0.2806808E+05  0.5717083E+04  0.8193210E-01
   0.2847136E+05  0.6120360E+04  0.7804070E-01
   0.2887464E+05  0.6523637E+04  0.7377020E-01
   0.2927791E+05  0.6926914E+04  0.7098040E-01
   0.2968119E+05  0.7330191E+04  0.6798790E-01
   0.3008447E+05  0.7733469E+04  0.6609710E-01
   0.3048775E+05  0.8136746E+04  0.6577500E-01
   0.3089102E+05  0.8540023E+04  0.6568940E-01
   0.3129430E+05  0.8943300E+04  0.6562030E-01
   0.3169758E+05  0.9346577E+04  0.6605190E-01
   0.3210085E+05  0.9749854E+04  0.6661350E-01
   0.3250413E+05  0.1015313E+05  0.6716300E-01
   0.3290741E+05  0.1055641E+05  0.6741980E-01
   0.3331068E+05  0.1095968E+05  0.6720260E-01
   0.3371396E+05  0.1136296E+05  0.6663180E-01
   0.3411724E+05  0.1176624E+05  0.6580090E-01
   0.3452052E+05  0.1216952E+05  0.6466430E-01
   0.3492379E+05  0.1257279E+05  0.6319730E-01
   0.3532707E+05  0.1297607E+05  0.6155480E-01
   0.3573035E+05  0.1337935E+05  0.5983650E-01
   0.3613362E+05  0.1378262E+05  0.5823020E-01
   0.3653690E+05  0.1418590E+05  0.5666150E-01
   0.3694018E+05  0.1458918E+05  0.5537430E-01
   0.3734346E+05  0.1499246E+05  0.5431670E-01
   0.3774673E+05  0.1539573E+05  0.5331900E-01
   0.3815001E+05  0.1579901E+05  0.5245750E-01
   0.3855329E+05  0.1620229E+05  0.5152070E-01
   0.3895656E+05  0.1660556E+05  0.5073230E-01
   0.3935984E+05  0.1700884E+05  0.5004340E-01
   0.3976312E+05  0.1741212E+05  0.4944040E-01
   0.4016639E+05  0.1781539E+05  0.4879360E-01
   0.4056967E+05  0.1821867E+05  0.4834520E-01
   0.4097295E+05  0.1862195E+05  0.4790430E-01
   0.4137623E+05  0.1902523E+05  0.4739800E-01
   0.4177950E+05  0.1942850E+05  0.4696540E-01
   0.4218278E+05  0.1983178E+05  0.4627890E-01
   0.4258606E+05  0.2023506E+05  0.4571280E-01
   0.4298933E+05  0.2063833E+05  0.4497320E-01
   0.4339261E+05  0.2104161E+05  0.4428450E-01
   0.4379589E+05  0.2144489E+05  0.4370100E-01
   0.4419917E+05  0.2184817E+05  0.4295500E-01
