   0.2322876E+05  0.1263776E+05  0.1299670E-03
   0.2363204E+05  0.1304104E+05  0.1894320E-02
   0.2403531E+05  0.1344431E+05  0.3964120E-02
   0.2443859E+05  0.1384759E+05  0.6502360E-02
   0.2484187E+05  0.1425087E+05  0.8803080E-02
   0.2524514E+05  0.1465414E+05  0.1134580E-01
   0.2564842E+05  0.1505742E+05  0.1433960E-01
   0.2605170E+05  0.1546070E+05  0.1691380E-01
   0.2645497E+05  0.1586397E+05  0.1890970E-01
   0.2685825E+05  0.1626725E+05  0.2132570E-01
   0.2726153E+05  0.1667053E+05  0.2340050E-01
   0.2766481E+05  0.1707381E+05  0.2532550E-01
   0.2806808E+05  0.1747708E+05  0.2628500E-01
   0.2847136E+05  0.1788036E+05  0.2665610E-01
   0.2887464E+05  0.1828364E+05  0.2715700E-01
   0.2927791E+05  0.1868691E+05  0.2781160E-01
   0.2968119E+05  0.1909019E+05  0.2855600E-01
   0.3008447E+05  0.1949347E+05  0.2872710E-01
   0.3048775E+05  0.1989675E+05  0.2922920E-01
   0.3089102E+05  0.2030002E+05  0.2980560E-01
   0.3129430E+05  0.2070330E+05  0.2992080E-01
   0.3169758E+05  0.2110658E+05  0.3002920E-01
   0.3210085E+05  0.2150985E+05  0.3064400E-01
   0.3250413E+05  0.2191313E+05  0.3145800E-01
   0.3290741E+05  0.2231641E+05  0.3197040E-01
   0.3331068E+05  0.2271968E+05  0.3245540E-01
   0.3371396E+05  0.2312296E+05  0.3352980E-01
   0.3411724E+05  0.2352624E+05  0.3489110E-01
   0.3452052E+05  0.2392952E+05  0.3611680E-01
   0.3492379E+05  0.2433279E+05  0.3749540E-01
   0.3532707E+05  0.2473607E+05  0.3878430E-01
   0.3573035E+05  0.2513935E+05  0.3998420E-01
   0.3613362E+05  0.2554262E+05  0.4120190E-01
   0.3653690E+05  0.2594590E+05  0.4255360E-01
   0.3694018E+05  0.2634918E+05  0.4389320E-01
   0.3734346E+05  0.2675246E+05  0.4509520E-01
   0.3774673E+05  0.2715573E+05  0.4634290E-01
   0.3815001E+05  0.2755901E+05  0.4774260E-01
   0.3855329E+05  0.2796229E+05  0.4895820E-01
   0.3895656E+05  0.2836556E+05  0.5011560E-01
   0.3935984E+05  0.2876884E+05  0.5111010E-01
   0.3976312E+05  0.2917212E+05  0.5198010E-01
   0.4016639E+05  0.2957539E+05  0.5298050E-01
   0.4056967E+05  0.2997867E+05  0.5365510E-01
   0.4097295E+05  0.3038195E+05  0.5474630E-01
   0.4137623E+05  0.3078523E+05  0.5582240E-01
   0.4177950E+05  0.3118850E+05  0.5675410E-01
   0.4218278E+05  0.3159178E+05  0.5783810E-01
   0.4258606E+05  0.3199506E+05  0.5876430E-01
   0.4298933E+05  0.3239833E+05  0.6014250E-01
   0.4339261E+05  0.3280161E+05  0.6108290E-01
   0.4379589E+05  0.3320489E+05  0.6192870E-01
   0.4419917E+05  0.3360817E+05  0.6278560E-01
