   0.1677633E+05  0.9532560E+02  0.1602000E-03
   0.1693764E+05  0.2566364E+03  0.3111730E-03
   0.1709895E+05  0.4179472E+03  0.8142790E-03
   0.1726026E+05  0.5792581E+03  0.1671660E-02
   0.1742157E+05  0.7405689E+03  0.3066350E-02
   0.1758288E+05  0.9018797E+03  0.5060490E-02
   0.1774419E+05  0.1063191E+04  0.7417310E-02
   0.1790550E+05  0.1224501E+04  0.9889060E-02
   0.1806681E+05  0.1385812E+04  0.1227160E-01
   0.1822812E+05  0.1547123E+04  0.1462580E-01
   0.1838943E+05  0.1708434E+04  0.1689600E-01
   0.1879271E+05  0.2111711E+04  0.2302930E-01
   0.1919599E+05  0.2514988E+04  0.2896280E-01
   0.1959927E+05  0.2918265E+04  0.3312450E-01
   0.2000254E+05  0.3321542E+04  0.3695960E-01
   0.2040582E+05  0.3724819E+04  0.3903570E-01
   0.2080910E+05  0.4128096E+04  0.4005780E-01
   0.2121237E+05  0.4531373E+04  0.4067800E-01
   0.2161565E+05  0.4934650E+04  0.4004290E-01
   0.2201893E+05  0.5337927E+04  0.4013870E-01
   0.2242220E+05  0.5741204E+04  0.4027180E-01
   0.2282548E+05  0.6144481E+04  0.3984030E-01
   0.2322876E+05  0.6547759E+04  0.3913760E-01
   0.2363204E+05  0.6951036E+04  0.3970720E-01
   0.2403531E+05  0.7354313E+04  0.3916810E-01
   0.2443859E+05  0.7757590E+04  0.3892720E-01
   0.2484187E+05  0.8160867E+04  0.3832010E-01
   0.2524514E+05  0.8564144E+04  0.3725430E-01
   0.2564842E+05  0.8967421E+04  0.3648720E-01
   0.2605170E+05  0.9370698E+04  0.3569020E-01
   0.2645497E+05  0.9773975E+04  0.3457450E-01
   0.2685825E+05  0.1017725E+05  0.3323240E-01
   0.2726153E+05  0.1058053E+05  0.3175970E-01
   0.2766481E+05  0.1098381E+05  0.3037120E-01
   0.2806808E+05  0.1138708E+05  0.2892140E-01
   0.2847136E+05  0.1179036E+05  0.2710960E-01
   0.2887464E+05  0.1219364E+05  0.2532630E-01
   0.2927791E+05  0.1259691E+05  0.2373880E-01
   0.2968119E+05  0.1300019E+05  0.2225080E-01
   0.3008447E+05  0.1340347E+05  0.2082600E-01
   0.3048775E+05  0.1380675E+05  0.1949560E-01
   0.3089102E+05  0.1421002E+05  0.1824670E-01
   0.3129430E+05  0.1461330E+05  0.1722230E-01
   0.3169758E+05  0.1501658E+05  0.1646460E-01
   0.3210085E+05  0.1541985E+05  0.1593660E-01
   0.3250413E+05  0.1582313E+05  0.1544810E-01
   0.3290741E+05  0.1622641E+05  0.1499720E-01
   0.3331068E+05  0.1662968E+05  0.1462290E-01
   0.3371396E+05  0.1703296E+05  0.1428930E-01
   0.3411724E+05  0.1743624E+05  0.1395130E-01
   0.3452052E+05  0.1783952E+05  0.1361840E-01
   0.3492379E+05  0.1824279E+05  0.1331170E-01
   0.3532707E+05  0.1864607E+05  0.1300690E-01
   0.3573035E+05  0.1904935E+05  0.1269680E-01
   0.3613362E+05  0.1945262E+05  0.1238070E-01
   0.3653690E+05  0.1985590E+05  0.1207450E-01
   0.3694018E+05  0.2025918E+05  0.1178650E-01
   0.3734346E+05  0.2066246E+05  0.1151200E-01
   0.3774673E+05  0.2106573E+05  0.1123950E-01
   0.3815001E+05  0.2146901E+05  0.1096810E-01
   0.3855329E+05  0.2187229E+05  0.1066770E-01
   0.3895656E+05  0.2227556E+05  0.1032430E-01
   0.3935984E+05  0.2267884E+05  0.9946900E-02
   0.3976312E+05  0.2308212E+05  0.9559880E-02
   0.4016639E+05  0.2348539E+05  0.9174910E-02
   0.4056967E+05  0.2388867E+05  0.8815350E-02
   0.4097295E+05  0.2429195E+05  0.8431370E-02
   0.4137623E+05  0.2469523E+05  0.8093830E-02
   0.4177950E+05  0.2509850E+05  0.7759230E-02
   0.4218278E+05  0.2550178E+05  0.7440530E-02
   0.4258606E+05  0.2590506E+05  0.7147030E-02
   0.4298933E+05  0.2630833E+05  0.6861850E-02
   0.4339261E+05  0.2671161E+05  0.6629780E-02
   0.4379589E+05  0.2711489E+05  0.6405140E-02
   0.4419917E+05  0.2751817E+05  0.6218950E-02
