   0.2121237E+05  0.1252373E+04  0.6655600E-06
   0.2161565E+05  0.1655650E+04  0.1283770E-03
   0.2201893E+05  0.2058927E+04  0.4589680E-02
   0.2242220E+05  0.2462204E+04  0.3014590E-01
   0.2282548E+05  0.2865481E+04  0.7535430E-01
   0.2322876E+05  0.3268759E+04  0.1022940E+00
   0.2363204E+05  0.3672036E+04  0.1364200E+00
   0.2403531E+05  0.4075313E+04  0.1529720E+00
   0.2443859E+05  0.4478590E+04  0.1587010E+00
   0.2484187E+05  0.4881867E+04  0.1540530E+00
   0.2524514E+05  0.5285144E+04  0.1453490E+00
   0.2564842E+05  0.5688421E+04  0.1373430E+00
   0.2605170E+05  0.6091698E+04  0.1279740E+00
   0.2645497E+05  0.6494975E+04  0.1212790E+00
   0.2685825E+05  0.6898252E+04  0.1159280E+00
   0.2726153E+05  0.7301529E+04  0.1138970E+00
   0.2766481E+05  0.7704806E+04  0.1141440E+00
   0.2806808E+05  0.8108083E+04  0.1145000E+00
   0.2847136E+05  0.8511360E+04  0.1152840E+00
   0.2887464E+05  0.8914637E+04  0.1170040E+00
   0.2927791E+05  0.9317914E+04  0.1162990E+00
   0.2968119E+05  0.9721191E+04  0.1141480E+00
   0.3008447E+05  0.1012447E+05  0.1129380E+00
   0.3048775E+05  0.1052775E+05  0.1119250E+00
   0.3089102E+05  0.1093102E+05  0.1106250E+00
   0.3129430E+05  0.1133430E+05  0.1098140E+00
   0.3169758E+05  0.1173758E+05  0.1088500E+00
   0.3210085E+05  0.1214085E+05  0.1079950E+00
   0.3250413E+05  0.1254413E+05  0.1069730E+00
   0.3290741E+05  0.1294741E+05  0.1055050E+00
   0.3331068E+05  0.1335068E+05  0.1038280E+00
   0.3371396E+05  0.1375396E+05  0.1016880E+00
   0.3411724E+05  0.1415724E+05  0.9871500E-01
   0.3452052E+05  0.1456052E+05  0.9536810E-01
   0.3492379E+05  0.1496379E+05  0.9178400E-01
   0.3532707E+05  0.1536707E+05  0.8800940E-01
   0.3573035E+05  0.1577035E+05  0.8405130E-01
   0.3613362E+05  0.1617362E+05  0.7985760E-01
   0.3653690E+05  0.1657690E+05  0.7559360E-01
   0.3694018E+05  0.1698018E+05  0.7153720E-01
   0.3734346E+05  0.1738346E+05  0.6740090E-01
   0.3774673E+05  0.1778673E+05  0.6324310E-01
   0.3815001E+05  0.1819001E+05  0.5932870E-01
   0.3855329E+05  0.1859329E+05  0.5588260E-01
   0.3895656E+05  0.1899656E+05  0.5298660E-01
   0.3935984E+05  0.1939984E+05  0.5011210E-01
   0.3976312E+05  0.1980312E+05  0.4783660E-01
   0.4016639E+05  0.2020639E+05  0.4578410E-01
   0.4056967E+05  0.2060967E+05  0.4426620E-01
   0.4097295E+05  0.2101295E+05  0.4272900E-01
   0.4137623E+05  0.2141623E+05  0.4166190E-01
   0.4177950E+05  0.2181950E+05  0.4048880E-01
   0.4218278E+05  0.2222278E+05  0.3957040E-01
   0.4258606E+05  0.2262606E+05  0.3873850E-01
   0.4298933E+05  0.2302933E+05  0.3800620E-01
   0.4339261E+05  0.2343261E+05  0.3741880E-01
   0.4379589E+05  0.2383589E+05  0.3670050E-01
   0.4419917E+05  0.2423917E+05  0.3612460E-01
