   0.2685825E+05  0.1294025E+05  0.1278080E-02
   0.2726153E+05  0.1334353E+05  0.3718470E-02
   0.2766481E+05  0.1374681E+05  0.6339810E-02
   0.2806808E+05  0.1415008E+05  0.1017480E-01
   0.2847136E+05  0.1455336E+05  0.1408580E-01
   0.2887464E+05  0.1495664E+05  0.1758420E-01
   0.2927791E+05  0.1535991E+05  0.2074640E-01
   0.2968119E+05  0.1576319E+05  0.2318550E-01
   0.3008447E+05  0.1616647E+05  0.2424360E-01
   0.3048775E+05  0.1656975E+05  0.2498790E-01
   0.3089102E+05  0.1697302E+05  0.2515930E-01
   0.3129430E+05  0.1737630E+05  0.2516770E-01
   0.3169758E+05  0.1777958E+05  0.2540620E-01
   0.3210085E+05  0.1818285E+05  0.2571320E-01
   0.3250413E+05  0.1858613E+05  0.2630820E-01
   0.3290741E+05  0.1898941E+05  0.2700060E-01
   0.3331068E+05  0.1939268E+05  0.2767450E-01
   0.3371396E+05  0.1979596E+05  0.2847680E-01
   0.3411724E+05  0.2019924E+05  0.2938520E-01
   0.3452052E+05  0.2060252E+05  0.3031900E-01
   0.3492379E+05  0.2100579E+05  0.3122250E-01
   0.3532707E+05  0.2140907E+05  0.3205530E-01
   0.3573035E+05  0.2181235E+05  0.3281060E-01
   0.3613362E+05  0.2221562E+05  0.3354740E-01
   0.3653690E+05  0.2261890E+05  0.3425660E-01
   0.3694018E+05  0.2302218E+05  0.3485460E-01
   0.3734346E+05  0.2342546E+05  0.3523240E-01
   0.3774673E+05  0.2382873E+05  0.3554340E-01
   0.3815001E+05  0.2423201E+05  0.3559110E-01
   0.3855329E+05  0.2463529E+05  0.3555870E-01
   0.3895656E+05  0.2503856E+05  0.3536460E-01
   0.3935984E+05  0.2544184E+05  0.3505170E-01
   0.3976312E+05  0.2584512E+05  0.3472900E-01
   0.4016639E+05  0.2624839E+05  0.3422160E-01
   0.4056967E+05  0.2665167E+05  0.3361390E-01
   0.4097295E+05  0.2705495E+05  0.3290630E-01
   0.4137623E+05  0.2745823E+05  0.3228550E-01
   0.4177950E+05  0.2786150E+05  0.3152920E-01
   0.4218278E+05  0.2826478E+05  0.3076160E-01
   0.4258606E+05  0.2866806E+05  0.2999960E-01
   0.4298933E+05  0.2907133E+05  0.2937600E-01
   0.4339261E+05  0.2947461E+05  0.2883500E-01
   0.4379589E+05  0.2987789E+05  0.2814510E-01
   0.4419917E+05  0.3028117E+05  0.2771830E-01
