   0.1403404E+05  0.3443042E+04  0.5234050E-04
   0.1419535E+05  0.3604352E+04  0.7903580E-03
   0.1435666E+05  0.3765663E+04  0.3133710E-02
   0.1451797E+05  0.3926974E+04  0.5074810E-02
   0.1467928E+05  0.4088285E+04  0.6233460E-02
   0.1484060E+05  0.4249596E+04  0.7269120E-02
   0.1500191E+05  0.4410907E+04  0.8618970E-02
   0.1516322E+05  0.4572217E+04  0.9578290E-02
   0.1532453E+05  0.4733528E+04  0.1043300E-01
   0.1548584E+05  0.4894839E+04  0.1142020E-01
   0.1564715E+05  0.5056150E+04  0.1211850E-01
   0.1580846E+05  0.5217461E+04  0.1214750E-01
   0.1596977E+05  0.5378771E+04  0.1180790E-01
   0.1613108E+05  0.5540082E+04  0.1116150E-01
   0.1629239E+05  0.5701393E+04  0.1045940E-01
   0.1645370E+05  0.5862704E+04  0.9879950E-02
   0.1661501E+05  0.6024015E+04  0.9468930E-02
   0.1677633E+05  0.6185326E+04  0.9174830E-02
   0.1693764E+05  0.6346636E+04  0.8982310E-02
   0.1709895E+05  0.6507947E+04  0.8861780E-02
   0.1726026E+05  0.6669258E+04  0.8772180E-02
   0.1742157E+05  0.6830569E+04  0.8733110E-02
   0.1758288E+05  0.6991880E+04  0.8412700E-02
   0.1774419E+05  0.7153191E+04  0.8138000E-02
   0.1790550E+05  0.7314501E+04  0.8200880E-02
   0.1806681E+05  0.7475812E+04  0.8443600E-02
   0.1822812E+05  0.7637123E+04  0.8763400E-02
   0.1838943E+05  0.7798434E+04  0.8915800E-02
   0.1879271E+05  0.8201711E+04  0.8852430E-02
   0.1919599E+05  0.8604988E+04  0.9070080E-02
   0.1959927E+05  0.9008265E+04  0.9331000E-02
   0.2000254E+05  0.9411542E+04  0.9995790E-02
   0.2040582E+05  0.9814819E+04  0.1110730E-01
   0.2080910E+05  0.1021810E+05  0.1211930E-01
   0.2121237E+05  0.1062137E+05  0.1361660E-01
   0.2161565E+05  0.1102465E+05  0.1481840E-01
   0.2201893E+05  0.1142793E+05  0.1639110E-01
   0.2242220E+05  0.1183120E+05  0.1780410E-01
   0.2282548E+05  0.1223448E+05  0.1940970E-01
   0.2322876E+05  0.1263776E+05  0.2119030E-01
   0.2363204E+05  0.1304104E+05  0.2280520E-01
   0.2403531E+05  0.1344431E+05  0.2403010E-01
   0.2443859E+05  0.1384759E+05  0.2572630E-01
   0.2484187E+05  0.1425087E+05  0.2709980E-01
   0.2524514E+05  0.1465414E+05  0.2810380E-01
   0.2564842E+05  0.1505742E+05  0.2793210E-01
   0.2605170E+05  0.1546070E+05  0.2871140E-01
   0.2645497E+05  0.1586397E+05  0.3007290E-01
   0.2685825E+05  0.1626725E+05  0.3089530E-01
   0.2726153E+05  0.1667053E+05  0.3239090E-01
   0.2766481E+05  0.1707381E+05  0.3367550E-01
   0.2806808E+05  0.1747708E+05  0.3472280E-01
   0.2847136E+05  0.1788036E+05  0.3511830E-01
   0.2887464E+05  0.1828364E+05  0.3580220E-01
   0.2927791E+05  0.1868691E+05  0.3615540E-01
   0.2968119E+05  0.1909019E+05  0.3707420E-01
   0.3008447E+05  0.1949347E+05  0.3773380E-01
   0.3048775E+05  0.1989675E+05  0.3875020E-01
   0.3089102E+05  0.2030002E+05  0.4007870E-01
   0.3129430E+05  0.2070330E+05  0.4131640E-01
   0.3169758E+05  0.2110658E+05  0.4237240E-01
   0.3210085E+05  0.2150985E+05  0.4314600E-01
   0.3250413E+05  0.2191313E+05  0.4407870E-01
   0.3290741E+05  0.2231641E+05  0.4491010E-01
   0.3331068E+05  0.2271968E+05  0.4627340E-01
   0.3371396E+05  0.2312296E+05  0.4771510E-01
   0.3411724E+05  0.2352624E+05  0.4891670E-01
   0.3452052E+05  0.2392952E+05  0.5008360E-01
   0.3492379E+05  0.2433279E+05  0.5131700E-01
   0.3532707E+05  0.2473607E+05  0.5251420E-01
   0.3573035E+05  0.2513935E+05  0.5357410E-01
   0.3613362E+05  0.2554262E+05  0.5466000E-01
   0.3653690E+05  0.2594590E+05  0.5573420E-01
   0.3694018E+05  0.2634918E+05  0.5684040E-01
   0.3734346E+05  0.2675246E+05  0.5807810E-01
   0.3774673E+05  0.2715573E+05  0.5949710E-01
   0.3815001E+05  0.2755901E+05  0.6092140E-01
   0.3855329E+05  0.2796229E+05  0.6242820E-01
   0.3895656E+05  0.2836556E+05  0.6397110E-01
   0.3935984E+05  0.2876884E+05  0.6555270E-01
   0.3976312E+05  0.2917212E+05  0.6695430E-01
   0.4016639E+05  0.2957539E+05  0.6844410E-01
   0.4056967E+05  0.2997867E+05  0.6961460E-01
   0.4097295E+05  0.3038195E+05  0.7080550E-01
   0.4137623E+05  0.3078523E+05  0.7188700E-01
   0.4177950E+05  0.3118850E+05  0.7295140E-01
   0.4218278E+05  0.3159178E+05  0.7384570E-01
   0.4258606E+05  0.3199506E+05  0.7494270E-01
   0.4298933E+05  0.3239833E+05  0.7594910E-01
   0.4339261E+05  0.3280161E+05  0.7718730E-01
   0.4379589E+05  0.3320489E+05  0.7811650E-01
   0.4419917E+05  0.3360817E+05  0.7902620E-01
