   0.2363204E+05  0.1336104E+05  0.8260760E-04
   0.2403531E+05  0.1376431E+05  0.2577800E-02
   0.2443859E+05  0.1416759E+05  0.4456180E-02
   0.2484187E+05  0.1457087E+05  0.6910050E-02
   0.2524514E+05  0.1497414E+05  0.9864570E-02
   0.2564842E+05  0.1537742E+05  0.1274440E-01
   0.2605170E+05  0.1578070E+05  0.1462220E-01
   0.2645497E+05  0.1618397E+05  0.1696680E-01
   0.2685825E+05  0.1658725E+05  0.1920300E-01
   0.2726153E+05  0.1699053E+05  0.2201060E-01
   0.2766481E+05  0.1739381E+05  0.2461410E-01
   0.2806808E+05  0.1779708E+05  0.2785580E-01
   0.2847136E+05  0.1820036E+05  0.2981360E-01
   0.2887464E+05  0.1860364E+05  0.3049770E-01
   0.2927791E+05  0.1900691E+05  0.3057370E-01
   0.2968119E+05  0.1941019E+05  0.2972100E-01
   0.3008447E+05  0.1981347E+05  0.2835440E-01
   0.3048775E+05  0.2021675E+05  0.2662390E-01
   0.3089102E+05  0.2062002E+05  0.2497550E-01
   0.3129430E+05  0.2102330E+05  0.2469790E-01
   0.3169758E+05  0.2142658E+05  0.2511200E-01
   0.3210085E+05  0.2182985E+05  0.2628860E-01
   0.3250413E+05  0.2223313E+05  0.2747600E-01
   0.3290741E+05  0.2263641E+05  0.2805660E-01
   0.3331068E+05  0.2303968E+05  0.2835050E-01
   0.3371396E+05  0.2344296E+05  0.2876080E-01
   0.3411724E+05  0.2384624E+05  0.2903590E-01
   0.3452052E+05  0.2424952E+05  0.2871050E-01
   0.3492379E+05  0.2465279E+05  0.2778920E-01
   0.3532707E+05  0.2505607E+05  0.2656010E-01
   0.3573035E+05  0.2545935E+05  0.2544770E-01
   0.3613362E+05  0.2586262E+05  0.2453100E-01
   0.3653690E+05  0.2626590E+05  0.2406030E-01
   0.3694018E+05  0.2666918E+05  0.2368940E-01
   0.3734346E+05  0.2707246E+05  0.2340770E-01
   0.3774673E+05  0.2747573E+05  0.2307760E-01
   0.3815001E+05  0.2787901E+05  0.2263730E-01
   0.3855329E+05  0.2828229E+05  0.2200800E-01
   0.3895656E+05  0.2868556E+05  0.2127460E-01
   0.3935984E+05  0.2908884E+05  0.2049350E-01
   0.3976312E+05  0.2949212E+05  0.1936910E-01
   0.4016639E+05  0.2989539E+05  0.1827810E-01
   0.4056967E+05  0.3029867E+05  0.1733560E-01
   0.4097295E+05  0.3070195E+05  0.1667350E-01
   0.4137623E+05  0.3110523E+05  0.1611090E-01
   0.4177950E+05  0.3150850E+05  0.1567720E-01
   0.4218278E+05  0.3191178E+05  0.1536370E-01
   0.4258606E+05  0.3231506E+05  0.1530950E-01
   0.4298933E+05  0.3271833E+05  0.1531340E-01
   0.4339261E+05  0.3312161E+05  0.1522450E-01
   0.4379589E+05  0.3352489E+05  0.1498030E-01
   0.4419917E+05  0.3392817E+05  0.1481720E-01
