   0.2242220E+05  0.7120441E+02  0.7450630E-03
   0.2282548E+05  0.4744815E+03  0.2674340E-02
   0.2322876E+05  0.8777585E+03  0.3481930E-02
   0.2363204E+05  0.1281036E+04  0.3858530E-02
   0.2403531E+05  0.1684313E+04  0.4511850E-02
   0.2443859E+05  0.2087590E+04  0.5334930E-02
   0.2484187E+05  0.2490867E+04  0.5380980E-02
   0.2524514E+05  0.2894144E+04  0.5464040E-02
   0.2564842E+05  0.3297421E+04  0.5903800E-02
   0.2605170E+05  0.3700698E+04  0.6265670E-02
   0.2645497E+05  0.4103975E+04  0.7089770E-02
   0.2685825E+05  0.4507252E+04  0.8054960E-02
   0.2726153E+05  0.4910529E+04  0.8309980E-02
   0.2766481E+05  0.5313806E+04  0.8361150E-02
   0.2806808E+05  0.5717083E+04  0.8384820E-02
   0.2847136E+05  0.6120360E+04  0.8450910E-02
   0.2887464E+05  0.6523637E+04  0.8805820E-02
   0.2927791E+05  0.6926914E+04  0.8926180E-02
   0.2968119E+05  0.7330191E+04  0.8853470E-02
   0.3008447E+05  0.7733469E+04  0.8589940E-02
   0.3048775E+05  0.8136746E+04  0.8258750E-02
   0.3089102E+05  0.8540023E+04  0.7763930E-02
   0.3129430E+05  0.8943300E+04  0.7354210E-02
   0.3169758E+05  0.9346577E+04  0.7027730E-02
   0.3210085E+05  0.9749854E+04  0.6665870E-02
   0.3250413E+05  0.1015313E+05  0.6266890E-02
   0.3290741E+05  0.1055641E+05  0.5888380E-02
   0.3331068E+05  0.1095968E+05  0.5548930E-02
   0.3371396E+05  0.1136296E+05  0.5177710E-02
   0.3411724E+05  0.1176624E+05  0.4771230E-02
   0.3452052E+05  0.1216952E+05  0.4355850E-02
   0.3492379E+05  0.1257279E+05  0.3942500E-02
   0.3532707E+05  0.1297607E+05  0.3572500E-02
   0.3573035E+05  0.1337935E+05  0.3231590E-02
   0.3613362E+05  0.1378262E+05  0.2939450E-02
   0.3653690E+05  0.1418590E+05  0.2691490E-02
   0.3694018E+05  0.1458918E+05  0.2492360E-02
   0.3734346E+05  0.1499246E+05  0.2310880E-02
   0.3774673E+05  0.1539573E+05  0.2154280E-02
   0.3815001E+05  0.1579901E+05  0.2023070E-02
   0.3855329E+05  0.1620229E+05  0.1900650E-02
   0.3895656E+05  0.1660556E+05  0.1805860E-02
   0.3935984E+05  0.1700884E+05  0.1719310E-02
   0.3976312E+05  0.1741212E+05  0.1642220E-02
   0.4016639E+05  0.1781539E+05  0.1580390E-02
   0.4056967E+05  0.1821867E+05  0.1515910E-02
   0.4097295E+05  0.1862195E+05  0.1465770E-02
   0.4137623E+05  0.1902523E+05  0.1416930E-02
   0.4177950E+05  0.1942850E+05  0.1388460E-02
   0.4218278E+05  0.1983178E+05  0.1345590E-02
   0.4258606E+05  0.2023506E+05  0.1292240E-02
   0.4298933E+05  0.2063833E+05  0.1265300E-02
   0.4339261E+05  0.2104161E+05  0.1225380E-02
   0.4379589E+05  0.2144489E+05  0.1194630E-02
   0.4419917E+05  0.2184817E+05  0.1149530E-02
