   0.1435666E+05  0.2517663E+04  0.2561800E-07
   0.1451797E+05  0.2678974E+04  0.4872130E-06
   0.1467928E+05  0.2840285E+04  0.3383210E-05
   0.1484060E+05  0.3001596E+04  0.1653940E-04
   0.1500191E+05  0.3162907E+04  0.6690550E-04
   0.1516322E+05  0.3324217E+04  0.2377670E-03
   0.1532453E+05  0.3485528E+04  0.7611930E-03
   0.1548584E+05  0.3646839E+04  0.2185260E-02
   0.1564715E+05  0.3808150E+04  0.5448780E-02
   0.1580846E+05  0.3969461E+04  0.1128890E-01
   0.1596977E+05  0.4130771E+04  0.1923930E-01
   0.1613108E+05  0.4292082E+04  0.2824770E-01
   0.1629239E+05  0.4453393E+04  0.3745430E-01
   0.1645370E+05  0.4614704E+04  0.4599590E-01
   0.1661501E+05  0.4776015E+04  0.5293530E-01
   0.1677633E+05  0.4937326E+04  0.5789790E-01
   0.1693764E+05  0.5098636E+04  0.6076620E-01
   0.1709895E+05  0.5259947E+04  0.6223810E-01
   0.1726026E+05  0.5421258E+04  0.6223180E-01
   0.1742157E+05  0.5582569E+04  0.6213540E-01
   0.1758288E+05  0.5743880E+04  0.6191350E-01
   0.1774419E+05  0.5905191E+04  0.6215350E-01
   0.1790550E+05  0.6066501E+04  0.6254100E-01
   0.1806681E+05  0.6227812E+04  0.6348420E-01
   0.1822812E+05  0.6389123E+04  0.6530980E-01
   0.1838943E+05  0.6550434E+04  0.6796840E-01
   0.1879271E+05  0.6953711E+04  0.7581730E-01
   0.1919599E+05  0.7356988E+04  0.8419300E-01
   0.1959927E+05  0.7760265E+04  0.9683200E-01
   0.2000254E+05  0.8163542E+04  0.1084350E+00
   0.2040582E+05  0.8566819E+04  0.1216110E+00
   0.2080910E+05  0.8970096E+04  0.1309570E+00
   0.2121237E+05  0.9373373E+04  0.1367750E+00
   0.2161565E+05  0.9776650E+04  0.1417120E+00
   0.2201893E+05  0.1017993E+05  0.1452960E+00
   0.2242220E+05  0.1058320E+05  0.1457570E+00
   0.2282548E+05  0.1098648E+05  0.1473470E+00
   0.2322876E+05  0.1138976E+05  0.1504820E+00
   0.2363204E+05  0.1179304E+05  0.1503570E+00
   0.2403531E+05  0.1219631E+05  0.1488350E+00
   0.2443859E+05  0.1259959E+05  0.1475260E+00
   0.2484187E+05  0.1300287E+05  0.1443420E+00
   0.2524514E+05  0.1340614E+05  0.1412240E+00
   0.2564842E+05  0.1380942E+05  0.1393470E+00
   0.2605170E+05  0.1421270E+05  0.1366660E+00
   0.2645497E+05  0.1461597E+05  0.1339970E+00
   0.2685825E+05  0.1501925E+05  0.1310230E+00
   0.2726153E+05  0.1542253E+05  0.1279220E+00
   0.2766481E+05  0.1582581E+05  0.1257570E+00
   0.2806808E+05  0.1622908E+05  0.1229730E+00
   0.2847136E+05  0.1663236E+05  0.1193780E+00
   0.2887464E+05  0.1703564E+05  0.1157240E+00
   0.2927791E+05  0.1743891E+05  0.1117320E+00
   0.2968119E+05  0.1784219E+05  0.1076710E+00
   0.3008447E+05  0.1824547E+05  0.1031910E+00
   0.3048775E+05  0.1864875E+05  0.9817880E-01
   0.3089102E+05  0.1905202E+05  0.9332540E-01
   0.3129430E+05  0.1945530E+05  0.8913320E-01
   0.3169758E+05  0.1985858E+05  0.8504810E-01
   0.3210085E+05  0.2026185E+05  0.8083620E-01
   0.3250413E+05  0.2066513E+05  0.7670300E-01
   0.3290741E+05  0.2106841E+05  0.7311480E-01
   0.3331068E+05  0.2147168E+05  0.7038010E-01
   0.3371396E+05  0.2187496E+05  0.6823390E-01
   0.3411724E+05  0.2227824E+05  0.6647720E-01
   0.3452052E+05  0.2268152E+05  0.6502420E-01
   0.3492379E+05  0.2308479E+05  0.6392600E-01
   0.3532707E+05  0.2348807E+05  0.6306400E-01
   0.3573035E+05  0.2389135E+05  0.6231260E-01
   0.3613362E+05  0.2429462E+05  0.6154520E-01
   0.3653690E+05  0.2469790E+05  0.6081220E-01
   0.3694018E+05  0.2510118E+05  0.6012270E-01
   0.3734346E+05  0.2550446E+05  0.5935830E-01
   0.3774673E+05  0.2590773E+05  0.5860670E-01
   0.3815001E+05  0.2631101E+05  0.5770670E-01
   0.3855329E+05  0.2671429E+05  0.5694880E-01
   0.3895656E+05  0.2711756E+05  0.5610010E-01
   0.3935984E+05  0.2752084E+05  0.5526530E-01
   0.3976312E+05  0.2792412E+05  0.5453020E-01
   0.4016639E+05  0.2832739E+05  0.5387850E-01
   0.4056967E+05  0.2873067E+05  0.5332940E-01
   0.4097295E+05  0.2913395E+05  0.5294410E-01
   0.4137623E+05  0.2953723E+05  0.5260220E-01
   0.4177950E+05  0.2994050E+05  0.5242370E-01
   0.4218278E+05  0.3034378E+05  0.5225050E-01
   0.4258606E+05  0.3074706E+05  0.5203320E-01
   0.4298933E+05  0.3115033E+05  0.5188150E-01
   0.4339261E+05  0.3155361E+05  0.5164120E-01
   0.4379589E+05  0.3195689E+05  0.5150180E-01
   0.4419917E+05  0.3236017E+05  0.5133920E-01
