   0.2242220E+05  0.3602204E+04  0.6401700E-05
   0.2282548E+05  0.4005481E+04  0.1756960E-02
   0.2322876E+05  0.4408759E+04  0.7181010E-02
   0.2363204E+05  0.4812036E+04  0.1111590E-01
   0.2403531E+05  0.5215313E+04  0.1640340E-01
   0.2443859E+05  0.5618590E+04  0.1998630E-01
   0.2484187E+05  0.6021867E+04  0.2217200E-01
   0.2524514E+05  0.6425144E+04  0.2419470E-01
   0.2564842E+05  0.6828421E+04  0.2534270E-01
   0.2605170E+05  0.7231698E+04  0.2436070E-01
   0.2645497E+05  0.7634975E+04  0.2388910E-01
   0.2685825E+05  0.8038252E+04  0.2332410E-01
   0.2726153E+05  0.8441529E+04  0.2325040E-01
   0.2766481E+05  0.8844806E+04  0.2376850E-01
   0.2806808E+05  0.9248083E+04  0.2459890E-01
   0.2847136E+05  0.9651360E+04  0.2553030E-01
   0.2887464E+05  0.1005464E+05  0.2613260E-01
   0.2927791E+05  0.1045791E+05  0.2620770E-01
   0.2968119E+05  0.1086119E+05  0.2618590E-01
   0.3008447E+05  0.1126447E+05  0.2613460E-01
   0.3048775E+05  0.1166775E+05  0.2569360E-01
   0.3089102E+05  0.1207102E+05  0.2527900E-01
   0.3129430E+05  0.1247430E+05  0.2482140E-01
   0.3169758E+05  0.1287758E+05  0.2422710E-01
   0.3210085E+05  0.1328085E+05  0.2368700E-01
   0.3250413E+05  0.1368413E+05  0.2306710E-01
   0.3290741E+05  0.1408741E+05  0.2243550E-01
   0.3331068E+05  0.1449068E+05  0.2178970E-01
   0.3371396E+05  0.1489396E+05  0.2104650E-01
   0.3411724E+05  0.1529724E+05  0.2023170E-01
   0.3452052E+05  0.1570052E+05  0.1944040E-01
   0.3492379E+05  0.1610379E+05  0.1873230E-01
   0.3532707E+05  0.1650707E+05  0.1810380E-01
   0.3573035E+05  0.1691035E+05  0.1754320E-01
   0.3613362E+05  0.1731362E+05  0.1698700E-01
   0.3653690E+05  0.1771690E+05  0.1644380E-01
   0.3694018E+05  0.1812018E+05  0.1601800E-01
   0.3734346E+05  0.1852346E+05  0.1559500E-01
   0.3774673E+05  0.1892673E+05  0.1518950E-01
   0.3815001E+05  0.1933001E+05  0.1476290E-01
   0.3855329E+05  0.1973329E+05  0.1440450E-01
   0.3895656E+05  0.2013656E+05  0.1404550E-01
   0.3935984E+05  0.2053984E+05  0.1372410E-01
   0.3976312E+05  0.2094312E+05  0.1349930E-01
   0.4016639E+05  0.2134639E+05  0.1327270E-01
   0.4056967E+05  0.2174967E+05  0.1309840E-01
   0.4097295E+05  0.2215295E+05  0.1286360E-01
   0.4137623E+05  0.2255623E+05  0.1262550E-01
   0.4177950E+05  0.2295950E+05  0.1236060E-01
   0.4218278E+05  0.2336278E+05  0.1212330E-01
   0.4258606E+05  0.2376606E+05  0.1184340E-01
   0.4298933E+05  0.2416933E+05  0.1161450E-01
   0.4339261E+05  0.2457261E+05  0.1133960E-01
   0.4379589E+05  0.2497589E+05  0.1106840E-01
   0.4419917E+05  0.2537917E+05  0.1088850E-01
