   0.2685825E+05  0.1553325E+05  0.1046290E-02
   0.2726153E+05  0.1593653E+05  0.2146560E-02
   0.2766481E+05  0.1633981E+05  0.3434550E-02
   0.2806808E+05  0.1674308E+05  0.5464520E-02
   0.2847136E+05  0.1714636E+05  0.7793960E-02
   0.2887464E+05  0.1754964E+05  0.1017270E-01
   0.2927791E+05  0.1795291E+05  0.1221830E-01
   0.2968119E+05  0.1835619E+05  0.1388720E-01
   0.3008447E+05  0.1875947E+05  0.1536100E-01
   0.3048775E+05  0.1916275E+05  0.1650630E-01
   0.3089102E+05  0.1956602E+05  0.1727270E-01
   0.3129430E+05  0.1996930E+05  0.1790820E-01
   0.3169758E+05  0.2037258E+05  0.1859860E-01
   0.3210085E+05  0.2077585E+05  0.1923690E-01
   0.3250413E+05  0.2117913E+05  0.1978120E-01
   0.3290741E+05  0.2158241E+05  0.2043140E-01
   0.3331068E+05  0.2198568E+05  0.2103650E-01
   0.3371396E+05  0.2238896E+05  0.2162900E-01
   0.3411724E+05  0.2279224E+05  0.2229930E-01
   0.3452052E+05  0.2319552E+05  0.2297200E-01
   0.3492379E+05  0.2359879E+05  0.2346810E-01
   0.3532707E+05  0.2400207E+05  0.2369740E-01
   0.3573035E+05  0.2440535E+05  0.2379100E-01
   0.3613362E+05  0.2480862E+05  0.2384090E-01
   0.3653690E+05  0.2521190E+05  0.2395130E-01
   0.3694018E+05  0.2561518E+05  0.2397920E-01
   0.3734346E+05  0.2601846E+05  0.2382770E-01
   0.3774673E+05  0.2642173E+05  0.2375140E-01
   0.3815001E+05  0.2682501E+05  0.2368340E-01
   0.3855329E+05  0.2722829E+05  0.2347590E-01
   0.3895656E+05  0.2763156E+05  0.2333570E-01
   0.3935984E+05  0.2803484E+05  0.2321620E-01
   0.3976312E+05  0.2843812E+05  0.2301760E-01
   0.4016639E+05  0.2884139E+05  0.2287060E-01
   0.4056967E+05  0.2924467E+05  0.2282630E-01
   0.4097295E+05  0.2964795E+05  0.2263910E-01
   0.4137623E+05  0.3005123E+05  0.2266420E-01
   0.4177950E+05  0.3045450E+05  0.2233310E-01
   0.4218278E+05  0.3085778E+05  0.2202800E-01
   0.4258606E+05  0.3126106E+05  0.2184550E-01
   0.4298933E+05  0.3166433E+05  0.2162570E-01
   0.4339261E+05  0.3206761E+05  0.2147450E-01
   0.4379589E+05  0.3247089E+05  0.2121450E-01
   0.4419917E+05  0.3287417E+05  0.2091290E-01
