   0.1774419E+05  0.1919054E+02  0.7522460E-03
   0.1790550E+05  0.1805014E+03  0.1034680E-02
   0.1806681E+05  0.3418122E+03  0.2489250E-02
   0.1822812E+05  0.5031230E+03  0.4816010E-02
   0.1838943E+05  0.6644338E+03  0.8590230E-02
   0.1879271E+05  0.1067711E+04  0.2199170E-01
   0.1919599E+05  0.1470988E+04  0.3367830E-01
   0.1959927E+05  0.1874265E+04  0.4301090E-01
   0.2000254E+05  0.2277542E+04  0.5350070E-01
   0.2040582E+05  0.2680819E+04  0.6397140E-01
   0.2080910E+05  0.3084096E+04  0.7191660E-01
   0.2121237E+05  0.3487373E+04  0.7806330E-01
   0.2161565E+05  0.3890650E+04  0.8165170E-01
   0.2201893E+05  0.4293927E+04  0.8394800E-01
   0.2242220E+05  0.4697204E+04  0.8597630E-01
   0.2282548E+05  0.5100481E+04  0.8753280E-01
   0.2322876E+05  0.5503759E+04  0.8674770E-01
   0.2363204E+05  0.5907036E+04  0.8632920E-01
   0.2403531E+05  0.6310313E+04  0.8629300E-01
   0.2443859E+05  0.6713590E+04  0.8640150E-01
   0.2484187E+05  0.7116867E+04  0.8588970E-01
   0.2524514E+05  0.7520144E+04  0.8346730E-01
   0.2564842E+05  0.7923421E+04  0.8135090E-01
   0.2605170E+05  0.8326698E+04  0.7911470E-01
   0.2645497E+05  0.8729975E+04  0.7613270E-01
   0.2685825E+05  0.9133252E+04  0.7338590E-01
   0.2726153E+05  0.9536529E+04  0.7044190E-01
   0.2766481E+05  0.9939806E+04  0.6662990E-01
   0.2806808E+05  0.1034308E+05  0.6290720E-01
   0.2847136E+05  0.1074636E+05  0.5940870E-01
   0.2887464E+05  0.1114964E+05  0.5632150E-01
   0.2927791E+05  0.1155291E+05  0.5347200E-01
   0.2968119E+05  0.1195619E+05  0.5016990E-01
   0.3008447E+05  0.1235947E+05  0.4747690E-01
   0.3048775E+05  0.1276275E+05  0.4533040E-01
   0.3089102E+05  0.1316602E+05  0.4333540E-01
   0.3129430E+05  0.1356930E+05  0.4146400E-01
   0.3169758E+05  0.1397258E+05  0.3982320E-01
   0.3210085E+05  0.1437585E+05  0.3843890E-01
   0.3250413E+05  0.1477913E+05  0.3720510E-01
   0.3290741E+05  0.1518241E+05  0.3607250E-01
   0.3331068E+05  0.1558568E+05  0.3502350E-01
   0.3371396E+05  0.1598896E+05  0.3402550E-01
   0.3411724E+05  0.1639224E+05  0.3305730E-01
   0.3452052E+05  0.1679552E+05  0.3213560E-01
   0.3492379E+05  0.1719879E+05  0.3119910E-01
   0.3532707E+05  0.1760207E+05  0.3025190E-01
   0.3573035E+05  0.1800535E+05  0.2931350E-01
   0.3613362E+05  0.1840862E+05  0.2836760E-01
   0.3653690E+05  0.1881190E+05  0.2749490E-01
   0.3694018E+05  0.1921518E+05  0.2660400E-01
   0.3734346E+05  0.1961846E+05  0.2579510E-01
   0.3774673E+05  0.2002173E+05  0.2505240E-01
   0.3815001E+05  0.2042501E+05  0.2432980E-01
   0.3855329E+05  0.2082829E+05  0.2373260E-01
   0.3895656E+05  0.2123156E+05  0.2312860E-01
   0.3935984E+05  0.2163484E+05  0.2252610E-01
   0.3976312E+05  0.2203812E+05  0.2188730E-01
   0.4016639E+05  0.2244139E+05  0.2120720E-01
   0.4056967E+05  0.2284467E+05  0.2048600E-01
   0.4097295E+05  0.2324795E+05  0.1985720E-01
   0.4137623E+05  0.2365123E+05  0.1918510E-01
   0.4177950E+05  0.2405450E+05  0.1857020E-01
   0.4218278E+05  0.2445778E+05  0.1788870E-01
   0.4258606E+05  0.2486106E+05  0.1732200E-01
   0.4298933E+05  0.2526433E+05  0.1669480E-01
   0.4339261E+05  0.2566761E+05  0.1613720E-01
   0.4379589E+05  0.2607089E+05  0.1563070E-01
   0.4419917E+05  0.2647417E+05  0.1524030E-01
