   0.2564842E+05  0.2974209E+03  0.5836860E-01
   0.2605170E+05  0.7006979E+03  0.9012310E-01
   0.2645497E+05  0.1103975E+04  0.1196100E+00
   0.2685825E+05  0.1507252E+04  0.1417010E+00
   0.2726153E+05  0.1910529E+04  0.1466680E+00
   0.2766481E+05  0.2313806E+04  0.1404840E+00
   0.2806808E+05  0.2717083E+04  0.1272720E+00
   0.2847136E+05  0.3120360E+04  0.1116130E+00
   0.2887464E+05  0.3523637E+04  0.9774640E-01
   0.2927791E+05  0.3926914E+04  0.8633220E-01
   0.2968119E+05  0.4330191E+04  0.7883230E-01
   0.3008447E+05  0.4733469E+04  0.7462040E-01
   0.3048775E+05  0.5136746E+04  0.7159190E-01
   0.3089102E+05  0.5540023E+04  0.6882810E-01
   0.3129430E+05  0.5943300E+04  0.6726760E-01
   0.3169758E+05  0.6346577E+04  0.6506480E-01
   0.3210085E+05  0.6749854E+04  0.6310090E-01
   0.3250413E+05  0.7153131E+04  0.6147090E-01
   0.3290741E+05  0.7556408E+04  0.5978140E-01
   0.3331068E+05  0.7959685E+04  0.5800810E-01
   0.3371396E+05  0.8362962E+04  0.5636320E-01
   0.3411724E+05  0.8766239E+04  0.5451600E-01
   0.3452052E+05  0.9169516E+04  0.5241500E-01
   0.3492379E+05  0.9572793E+04  0.5040980E-01
   0.3532707E+05  0.9976070E+04  0.4864010E-01
   0.3573035E+05  0.1037935E+05  0.4679680E-01
   0.3613362E+05  0.1078262E+05  0.4491870E-01
   0.3653690E+05  0.1118590E+05  0.4317800E-01
   0.3694018E+05  0.1158918E+05  0.4141150E-01
   0.3734346E+05  0.1199246E+05  0.3972120E-01
   0.3774673E+05  0.1239573E+05  0.3815030E-01
   0.3815001E+05  0.1279901E+05  0.3659790E-01
   0.3855329E+05  0.1320229E+05  0.3514180E-01
   0.3895656E+05  0.1360556E+05  0.3388110E-01
   0.3935984E+05  0.1400884E+05  0.3284420E-01
   0.3976312E+05  0.1441212E+05  0.3188100E-01
   0.4016639E+05  0.1481539E+05  0.3114230E-01
   0.4056967E+05  0.1521867E+05  0.3047200E-01
   0.4097295E+05  0.1562195E+05  0.2977320E-01
   0.4137623E+05  0.1602523E+05  0.2933990E-01
   0.4177950E+05  0.1642850E+05  0.2882400E-01
   0.4218278E+05  0.1683178E+05  0.2833640E-01
   0.4258606E+05  0.1723506E+05  0.2774700E-01
   0.4298933E+05  0.1763833E+05  0.2727500E-01
   0.4339261E+05  0.1804161E+05  0.2687600E-01
   0.4379589E+05  0.1844489E+05  0.2633100E-01
   0.4419917E+05  0.1884817E+05  0.2573540E-01
