   0.1822812E+05  0.6123008E+01  0.5862860E-03
   0.1838943E+05  0.1674338E+03  0.4164220E-03
   0.1879271E+05  0.5707109E+03  0.3125580E-02
   0.1919599E+05  0.9739879E+03  0.5564480E-02
   0.1959927E+05  0.1377265E+04  0.7508490E-02
   0.2000254E+05  0.1780542E+04  0.1047750E-01
   0.2040582E+05  0.2183819E+04  0.1508450E-01
   0.2080910E+05  0.2587096E+04  0.2033670E-01
   0.2121237E+05  0.2990373E+04  0.2509340E-01
   0.2161565E+05  0.3393650E+04  0.2931550E-01
   0.2201893E+05  0.3796927E+04  0.3195000E-01
   0.2242220E+05  0.4200204E+04  0.3351030E-01
   0.2282548E+05  0.4603481E+04  0.3413480E-01
   0.2322876E+05  0.5006759E+04  0.3489870E-01
   0.2363204E+05  0.5410036E+04  0.3519620E-01
   0.2403531E+05  0.5813313E+04  0.3552920E-01
   0.2443859E+05  0.6216590E+04  0.3563250E-01
   0.2484187E+05  0.6619867E+04  0.3601240E-01
   0.2524514E+05  0.7023144E+04  0.3647060E-01
   0.2564842E+05  0.7426421E+04  0.3668090E-01
   0.2605170E+05  0.7829698E+04  0.3716800E-01
   0.2645497E+05  0.8232975E+04  0.3723130E-01
   0.2685825E+05  0.8636252E+04  0.3794890E-01
   0.2726153E+05  0.9039529E+04  0.3825730E-01
   0.2766481E+05  0.9442806E+04  0.3756420E-01
   0.2806808E+05  0.9846083E+04  0.3698260E-01
   0.2847136E+05  0.1024936E+05  0.3648860E-01
   0.2887464E+05  0.1065264E+05  0.3595460E-01
   0.2927791E+05  0.1105591E+05  0.3530980E-01
   0.2968119E+05  0.1145919E+05  0.3456280E-01
   0.3008447E+05  0.1186247E+05  0.3385210E-01
   0.3048775E+05  0.1226575E+05  0.3304820E-01
   0.3089102E+05  0.1266902E+05  0.3231990E-01
   0.3129430E+05  0.1307230E+05  0.3170730E-01
   0.3169758E+05  0.1347558E+05  0.3102980E-01
   0.3210085E+05  0.1387885E+05  0.3025380E-01
   0.3250413E+05  0.1428213E+05  0.2933970E-01
   0.3290741E+05  0.1468541E+05  0.2827690E-01
   0.3331068E+05  0.1508868E+05  0.2718580E-01
   0.3371396E+05  0.1549196E+05  0.2608260E-01
   0.3411724E+05  0.1589524E+05  0.2493660E-01
   0.3452052E+05  0.1629852E+05  0.2380420E-01
   0.3492379E+05  0.1670179E+05  0.2274310E-01
   0.3532707E+05  0.1710507E+05  0.2172840E-01
   0.3573035E+05  0.1750835E+05  0.2081850E-01
   0.3613362E+05  0.1791162E+05  0.2004760E-01
   0.3653690E+05  0.1831490E+05  0.1940130E-01
   0.3694018E+05  0.1871818E+05  0.1885410E-01
   0.3734346E+05  0.1912146E+05  0.1831110E-01
   0.3774673E+05  0.1952473E+05  0.1778280E-01
   0.3815001E+05  0.1992801E+05  0.1729250E-01
   0.3855329E+05  0.2033129E+05  0.1680130E-01
   0.3895656E+05  0.2073456E+05  0.1637430E-01
   0.3935984E+05  0.2113784E+05  0.1594630E-01
   0.3976312E+05  0.2154112E+05  0.1555930E-01
   0.4016639E+05  0.2194439E+05  0.1511510E-01
   0.4056967E+05  0.2234767E+05  0.1471380E-01
   0.4097295E+05  0.2275095E+05  0.1427700E-01
   0.4137623E+05  0.2315423E+05  0.1385030E-01
   0.4177950E+05  0.2355750E+05  0.1341110E-01
   0.4218278E+05  0.2396078E+05  0.1297310E-01
   0.4258606E+05  0.2436406E+05  0.1249150E-01
   0.4298933E+05  0.2476733E+05  0.1202480E-01
   0.4339261E+05  0.2517061E+05  0.1157850E-01
   0.4379589E+05  0.2557389E+05  0.1106850E-01
   0.4419917E+05  0.2597717E+05  0.1063200E-01
