   0.1419535E+05  0.1253524E+03  0.1046250E-02
   0.1435666E+05  0.2866633E+03  0.3607400E-02
   0.1451797E+05  0.4479741E+03  0.5643740E-02
   0.1467928E+05  0.6092849E+03  0.7432370E-02
   0.1484060E+05  0.7705957E+03  0.9321080E-02
   0.1500191E+05  0.9319065E+03  0.1030120E-01
   0.1516322E+05  0.1093217E+04  0.1054120E-01
   0.1532453E+05  0.1254528E+04  0.1116950E-01
   0.1548584E+05  0.1415839E+04  0.1162840E-01
   0.1564715E+05  0.1577150E+04  0.1141440E-01
   0.1580846E+05  0.1738461E+04  0.1077790E-01
   0.1596977E+05  0.1899771E+04  0.9927920E-02
   0.1613108E+05  0.2061082E+04  0.9007560E-02
   0.1629239E+05  0.2222393E+04  0.8203600E-02
   0.1645370E+05  0.2383704E+04  0.7495520E-02
   0.1661501E+05  0.2545015E+04  0.6890710E-02
   0.1677633E+05  0.2706326E+04  0.6398060E-02
   0.1693764E+05  0.2867636E+04  0.5981990E-02
   0.1709895E+05  0.3028947E+04  0.5617450E-02
   0.1726026E+05  0.3190258E+04  0.5197150E-02
   0.1742157E+05  0.3351569E+04  0.4774510E-02
   0.1758288E+05  0.3512880E+04  0.4486970E-02
   0.1774419E+05  0.3674191E+04  0.4319090E-02
   0.1790550E+05  0.3835501E+04  0.4087150E-02
   0.1806681E+05  0.3996812E+04  0.3730820E-02
   0.1822812E+05  0.4158123E+04  0.3471290E-02
   0.1838943E+05  0.4319434E+04  0.3423990E-02
   0.1879271E+05  0.4722711E+04  0.3924450E-02
   0.1919599E+05  0.5125988E+04  0.3847710E-02
   0.1959927E+05  0.5529265E+04  0.3678240E-02
   0.2000254E+05  0.5932542E+04  0.3607630E-02
   0.2040582E+05  0.6335819E+04  0.3374170E-02
   0.2080910E+05  0.6739096E+04  0.3384890E-02
   0.2121237E+05  0.7142373E+04  0.3478600E-02
   0.2161565E+05  0.7545650E+04  0.3308060E-02
   0.2201893E+05  0.7948927E+04  0.3473880E-02
   0.2242220E+05  0.8352204E+04  0.3578380E-02
   0.2282548E+05  0.8755481E+04  0.3381380E-02
   0.2322876E+05  0.9158759E+04  0.3256370E-02
   0.2363204E+05  0.9562036E+04  0.3200280E-02
   0.2403531E+05  0.9965313E+04  0.3135490E-02
   0.2443859E+05  0.1036859E+05  0.3113030E-02
   0.2484187E+05  0.1077187E+05  0.3190970E-02
   0.2524514E+05  0.1117514E+05  0.2994730E-02
   0.2564842E+05  0.1157842E+05  0.2764510E-02
   0.2605170E+05  0.1198170E+05  0.2622270E-02
   0.2645497E+05  0.1238497E+05  0.2551560E-02
   0.2685825E+05  0.1278825E+05  0.2510240E-02
   0.2726153E+05  0.1319153E+05  0.2338940E-02
   0.2766481E+05  0.1359481E+05  0.2297100E-02
   0.2806808E+05  0.1399808E+05  0.2110610E-02
   0.2847136E+05  0.1440136E+05  0.2000250E-02
   0.2887464E+05  0.1480464E+05  0.1935810E-02
   0.2927791E+05  0.1520791E+05  0.1942580E-02
   0.2968119E+05  0.1561119E+05  0.2086330E-02
   0.3008447E+05  0.1601447E+05  0.2214920E-02
   0.3048775E+05  0.1641775E+05  0.2323890E-02
   0.3089102E+05  0.1682102E+05  0.2382110E-02
   0.3129430E+05  0.1722430E+05  0.2546490E-02
   0.3169758E+05  0.1762758E+05  0.2664920E-02
   0.3210085E+05  0.1803085E+05  0.2700870E-02
   0.3250413E+05  0.1843413E+05  0.2666990E-02
   0.3290741E+05  0.1883741E+05  0.2666110E-02
   0.3331068E+05  0.1924068E+05  0.2720580E-02
   0.3371396E+05  0.1964396E+05  0.2747290E-02
   0.3411724E+05  0.2004724E+05  0.2699640E-02
   0.3452052E+05  0.2045052E+05  0.2624280E-02
   0.3492379E+05  0.2085379E+05  0.2587890E-02
   0.3532707E+05  0.2125707E+05  0.2549670E-02
   0.3573035E+05  0.2166035E+05  0.2462280E-02
   0.3613362E+05  0.2206362E+05  0.2369910E-02
   0.3653690E+05  0.2246690E+05  0.2255180E-02
   0.3694018E+05  0.2287018E+05  0.2149250E-02
   0.3734346E+05  0.2327346E+05  0.2041420E-02
   0.3774673E+05  0.2367673E+05  0.1931380E-02
   0.3815001E+05  0.2408001E+05  0.1822830E-02
   0.3855329E+05  0.2448329E+05  0.1727330E-02
   0.3895656E+05  0.2488656E+05  0.1626100E-02
   0.3935984E+05  0.2528984E+05  0.1546200E-02
   0.3976312E+05  0.2569312E+05  0.1453130E-02
   0.4016639E+05  0.2609639E+05  0.1387410E-02
   0.4056967E+05  0.2649967E+05  0.1332780E-02
   0.4097295E+05  0.2690295E+05  0.1284230E-02
   0.4137623E+05  0.2730623E+05  0.1255800E-02
   0.4177950E+05  0.2770950E+05  0.1226610E-02
   0.4218278E+05  0.2811278E+05  0.1219990E-02
   0.4258606E+05  0.2851606E+05  0.1203520E-02
   0.4298933E+05  0.2891933E+05  0.1186830E-02
   0.4339261E+05  0.2932261E+05  0.1146000E-02
   0.4379589E+05  0.2972589E+05  0.1143960E-02
   0.4419917E+05  0.3012917E+05  0.1122000E-02
