   0.1500191E+05  0.7309065E+03  0.8208020E-02
   0.1516322E+05  0.8922174E+03  0.6252850E-01
   0.1532453E+05  0.1053528E+04  0.1795150E+00
   0.1548584E+05  0.1214839E+04  0.3436130E+00
   0.1564715E+05  0.1376150E+04  0.5178130E+00
   0.1580846E+05  0.1537461E+04  0.6842200E+00
   0.1596977E+05  0.1698771E+04  0.8335190E+00
   0.1613108E+05  0.1860082E+04  0.9623210E+00
   0.1629239E+05  0.2021393E+04  0.1067270E+01
   0.1645370E+05  0.2182704E+04  0.1139500E+01
   0.1661501E+05  0.2344015E+04  0.1180150E+01
   0.1677633E+05  0.2505326E+04  0.1197400E+01
   0.1693764E+05  0.2666636E+04  0.1204780E+01
   0.1709895E+05  0.2827947E+04  0.1209900E+01
   0.1726026E+05  0.2989258E+04  0.1214100E+01
   0.1742157E+05  0.3150569E+04  0.1215520E+01
   0.1758288E+05  0.3311880E+04  0.1216040E+01
   0.1774419E+05  0.3473191E+04  0.1217170E+01
   0.1790550E+05  0.3634501E+04  0.1219540E+01
   0.1806681E+05  0.3795812E+04  0.1222520E+01
   0.1822812E+05  0.3957123E+04  0.1225800E+01
   0.1838943E+05  0.4118434E+04  0.1228910E+01
   0.1879271E+05  0.4521711E+04  0.1219300E+01
   0.1919599E+05  0.4924988E+04  0.1212300E+01
   0.1959927E+05  0.5328265E+04  0.1208260E+01
   0.2000254E+05  0.5731542E+04  0.1213000E+01
   0.2040582E+05  0.6134819E+04  0.1210270E+01
   0.2080910E+05  0.6538096E+04  0.1195830E+01
   0.2121237E+05  0.6941373E+04  0.1180110E+01
   0.2161565E+05  0.7344650E+04  0.1163390E+01
   0.2201893E+05  0.7747927E+04  0.1153140E+01
   0.2242220E+05  0.8151204E+04  0.1139650E+01
   0.2282548E+05  0.8554481E+04  0.1121910E+01
   0.2322876E+05  0.8957759E+04  0.1102140E+01
   0.2363204E+05  0.9361036E+04  0.1083300E+01
   0.2403531E+05  0.9764313E+04  0.1061140E+01
   0.2443859E+05  0.1016759E+05  0.1044700E+01
   0.2484187E+05  0.1057087E+05  0.1035850E+01
   0.2524514E+05  0.1097414E+05  0.1028420E+01
   0.2564842E+05  0.1137742E+05  0.1016950E+01
   0.2605170E+05  0.1178070E+05  0.1002930E+01
   0.2645497E+05  0.1218397E+05  0.9859600E+00
   0.2685825E+05  0.1258725E+05  0.9654500E+00
   0.2726153E+05  0.1299053E+05  0.9571270E+00
   0.2766481E+05  0.1339381E+05  0.9505480E+00
   0.2806808E+05  0.1379708E+05  0.9398000E+00
   0.2847136E+05  0.1420036E+05  0.9356330E+00
   0.2887464E+05  0.1460364E+05  0.9352100E+00
   0.2927791E+05  0.1500691E+05  0.9310990E+00
   0.2968119E+05  0.1541019E+05  0.9198930E+00
   0.3008447E+05  0.1581347E+05  0.9094740E+00
   0.3048775E+05  0.1621675E+05  0.8989210E+00
   0.3089102E+05  0.1662002E+05  0.8891720E+00
   0.3129430E+05  0.1702330E+05  0.8813620E+00
   0.3169758E+05  0.1742658E+05  0.8751640E+00
   0.3210085E+05  0.1782985E+05  0.8682760E+00
   0.3250413E+05  0.1823313E+05  0.8664790E+00
   0.3290741E+05  0.1863641E+05  0.8633470E+00
   0.3331068E+05  0.1903968E+05  0.8573480E+00
   0.3371396E+05  0.1944296E+05  0.8488170E+00
   0.3411724E+05  0.1984624E+05  0.8401800E+00
   0.3452052E+05  0.2024952E+05  0.8302410E+00
   0.3492379E+05  0.2065279E+05  0.8175760E+00
   0.3532707E+05  0.2105607E+05  0.8054060E+00
   0.3573035E+05  0.2145935E+05  0.7944600E+00
   0.3613362E+05  0.2186262E+05  0.7851550E+00
   0.3653690E+05  0.2226590E+05  0.7763400E+00
   0.3694018E+05  0.2266918E+05  0.7685280E+00
   0.3734346E+05  0.2307246E+05  0.7610990E+00
   0.3774673E+05  0.2347573E+05  0.7547300E+00
   0.3815001E+05  0.2387901E+05  0.7467000E+00
   0.3855329E+05  0.2428229E+05  0.7387490E+00
   0.3895656E+05  0.2468556E+05  0.7302330E+00
   0.3935984E+05  0.2508884E+05  0.7219710E+00
   0.3976312E+05  0.2549212E+05  0.7135430E+00
   0.4016639E+05  0.2589539E+05  0.7048300E+00
   0.4056967E+05  0.2629867E+05  0.6970280E+00
   0.4097295E+05  0.2670195E+05  0.6894860E+00
   0.4137623E+05  0.2710523E+05  0.6828510E+00
   0.4177950E+05  0.2750850E+05  0.6764540E+00
   0.4218278E+05  0.2791178E+05  0.6709980E+00
   0.4258606E+05  0.2831506E+05  0.6659000E+00
   0.4298933E+05  0.2871833E+05  0.6608720E+00
   0.4339261E+05  0.2912161E+05  0.6568020E+00
   0.4379589E+05  0.2952489E+05  0.6526970E+00
   0.4419917E+05  0.2992817E+05  0.6490360E+00
