   0.2201893E+05  0.7747927E+04  0.5224270E-03
   0.2242220E+05  0.8151204E+04  0.5892320E-02
   0.2282548E+05  0.8554481E+04  0.1694000E-01
   0.2322876E+05  0.8957759E+04  0.2877560E-01
   0.2363204E+05  0.9361036E+04  0.4170210E-01
   0.2403531E+05  0.9764313E+04  0.5363650E-01
   0.2443859E+05  0.1016759E+05  0.6472300E-01
   0.2484187E+05  0.1057087E+05  0.7324140E-01
   0.2524514E+05  0.1097414E+05  0.7854040E-01
   0.2564842E+05  0.1137742E+05  0.8089570E-01
   0.2605170E+05  0.1178070E+05  0.8198930E-01
   0.2645497E+05  0.1218397E+05  0.7885170E-01
   0.2685825E+05  0.1258725E+05  0.7534560E-01
   0.2726153E+05  0.1299053E+05  0.6974290E-01
   0.2766481E+05  0.1339381E+05  0.6324680E-01
   0.2806808E+05  0.1379708E+05  0.5619230E-01
   0.2847136E+05  0.1420036E+05  0.5001800E-01
   0.2887464E+05  0.1460364E+05  0.4378030E-01
   0.2927791E+05  0.1500691E+05  0.3902810E-01
   0.2968119E+05  0.1541019E+05  0.3519020E-01
   0.3008447E+05  0.1581347E+05  0.3185680E-01
   0.3048775E+05  0.1621675E+05  0.3006850E-01
   0.3089102E+05  0.1662002E+05  0.2925040E-01
   0.3129430E+05  0.1702330E+05  0.2898580E-01
   0.3169758E+05  0.1742658E+05  0.2883990E-01
   0.3210085E+05  0.1782985E+05  0.2849630E-01
   0.3250413E+05  0.1823313E+05  0.2828200E-01
   0.3290741E+05  0.1863641E+05  0.2833880E-01
   0.3331068E+05  0.1903968E+05  0.2835890E-01
   0.3371396E+05  0.1944296E+05  0.2824880E-01
   0.3411724E+05  0.1984624E+05  0.2812060E-01
   0.3452052E+05  0.2024952E+05  0.2800120E-01
   0.3492379E+05  0.2065279E+05  0.2785170E-01
   0.3532707E+05  0.2105607E+05  0.2770820E-01
   0.3573035E+05  0.2145935E+05  0.2777890E-01
   0.3613362E+05  0.2186262E+05  0.2788920E-01
   0.3653690E+05  0.2226590E+05  0.2793840E-01
   0.3694018E+05  0.2266918E+05  0.2791040E-01
   0.3734346E+05  0.2307246E+05  0.2791270E-01
   0.3774673E+05  0.2347573E+05  0.2787700E-01
   0.3815001E+05  0.2387901E+05  0.2784760E-01
   0.3855329E+05  0.2428229E+05  0.2775700E-01
   0.3895656E+05  0.2468556E+05  0.2767710E-01
   0.3935984E+05  0.2508884E+05  0.2744340E-01
   0.3976312E+05  0.2549212E+05  0.2729030E-01
   0.4016639E+05  0.2589539E+05  0.2719770E-01
   0.4056967E+05  0.2629867E+05  0.2705060E-01
   0.4097295E+05  0.2670195E+05  0.2702270E-01
   0.4137623E+05  0.2710523E+05  0.2684810E-01
   0.4177950E+05  0.2750850E+05  0.2670260E-01
   0.4218278E+05  0.2791178E+05  0.2647300E-01
   0.4258606E+05  0.2831506E+05  0.2636630E-01
   0.4298933E+05  0.2871833E+05  0.2605160E-01
   0.4339261E+05  0.2912161E+05  0.2592540E-01
   0.4379589E+05  0.2952489E+05  0.2564530E-01
   0.4419917E+05  0.2992817E+05  0.2543780E-01
