   0.1548584E+05  0.3383902E+02  0.3337050E-04
   0.1564715E+05  0.1951498E+03  0.3929710E-04
   0.1580846E+05  0.3564607E+03  0.1038070E-03
   0.1596977E+05  0.5177715E+03  0.1918140E-03
   0.1613108E+05  0.6790823E+03  0.3003750E-03
   0.1629239E+05  0.8403931E+03  0.4077460E-03
   0.1645370E+05  0.1001704E+04  0.4856160E-03
   0.1661501E+05  0.1163015E+04  0.5505010E-03
   0.1677633E+05  0.1324326E+04  0.5995210E-03
   0.1693764E+05  0.1485636E+04  0.6546780E-03
   0.1709895E+05  0.1646947E+04  0.7123490E-03
   0.1726026E+05  0.1808258E+04  0.7811590E-03
   0.1742157E+05  0.1969569E+04  0.8630380E-03
   0.1758288E+05  0.2130880E+04  0.9526540E-03
   0.1774419E+05  0.2292191E+04  0.1047960E-02
   0.1790550E+05  0.2453501E+04  0.1147850E-02
   0.1806681E+05  0.2614812E+04  0.1244220E-02
   0.1822812E+05  0.2776123E+04  0.1321510E-02
   0.1838943E+05  0.2937434E+04  0.1386070E-02
   0.1879271E+05  0.3340711E+04  0.1564920E-02
   0.1919599E+05  0.3743988E+04  0.1734350E-02
   0.1959927E+05  0.4147265E+04  0.1882300E-02
   0.2000254E+05  0.4550542E+04  0.1940710E-02
   0.2040582E+05  0.4953819E+04  0.1905590E-02
   0.2080910E+05  0.5357096E+04  0.1890690E-02
   0.2121237E+05  0.5760373E+04  0.1845430E-02
   0.2161565E+05  0.6163650E+04  0.1767460E-02
   0.2201893E+05  0.6566927E+04  0.1795140E-02
   0.2242220E+05  0.6970204E+04  0.1836670E-02
   0.2282548E+05  0.7373481E+04  0.1930250E-02
   0.2322876E+05  0.7776759E+04  0.1937380E-02
   0.2363204E+05  0.8180036E+04  0.2034160E-02
   0.2403531E+05  0.8583313E+04  0.2065060E-02
   0.2443859E+05  0.8986590E+04  0.2019610E-02
   0.2484187E+05  0.9389867E+04  0.1980860E-02
   0.2524514E+05  0.9793144E+04  0.1934200E-02
   0.2564842E+05  0.1019642E+05  0.2031330E-02
   0.2605170E+05  0.1059970E+05  0.2047640E-02
   0.2645497E+05  0.1100297E+05  0.1976320E-02
   0.2685825E+05  0.1140625E+05  0.1873620E-02
   0.2726153E+05  0.1180953E+05  0.1780700E-02
   0.2766481E+05  0.1221281E+05  0.1774370E-02
   0.2806808E+05  0.1261608E+05  0.1773410E-02
   0.2847136E+05  0.1301936E+05  0.1753240E-02
   0.2887464E+05  0.1342264E+05  0.1797140E-02
   0.2927791E+05  0.1382591E+05  0.1845740E-02
   0.2968119E+05  0.1422919E+05  0.1812630E-02
   0.3008447E+05  0.1463247E+05  0.1802800E-02
   0.3048775E+05  0.1503575E+05  0.1805280E-02
   0.3089102E+05  0.1543902E+05  0.1850520E-02
   0.3129430E+05  0.1584230E+05  0.1847740E-02
   0.3169758E+05  0.1624558E+05  0.1765260E-02
   0.3210085E+05  0.1664885E+05  0.1687250E-02
   0.3250413E+05  0.1705213E+05  0.1636030E-02
   0.3290741E+05  0.1745541E+05  0.1573720E-02
   0.3331068E+05  0.1785868E+05  0.1502450E-02
   0.3371396E+05  0.1826196E+05  0.1434530E-02
   0.3411724E+05  0.1866524E+05  0.1359980E-02
   0.3452052E+05  0.1906852E+05  0.1271090E-02
   0.3492379E+05  0.1947179E+05  0.1181810E-02
   0.3532707E+05  0.1987507E+05  0.1111160E-02
   0.3573035E+05  0.2027835E+05  0.1059070E-02
   0.3613362E+05  0.2068162E+05  0.1019720E-02
   0.3653690E+05  0.2108490E+05  0.9812580E-03
   0.3694018E+05  0.2148818E+05  0.9356160E-03
   0.3734346E+05  0.2189146E+05  0.8838580E-03
   0.3774673E+05  0.2229473E+05  0.8374700E-03
   0.3815001E+05  0.2269801E+05  0.7982500E-03
   0.3855329E+05  0.2310129E+05  0.7581320E-03
   0.3895656E+05  0.2350456E+05  0.7204560E-03
   0.3935984E+05  0.2390784E+05  0.6860930E-03
   0.3976312E+05  0.2431112E+05  0.6568340E-03
   0.4016639E+05  0.2471439E+05  0.6251540E-03
   0.4056967E+05  0.2511767E+05  0.6020920E-03
   0.4097295E+05  0.2552095E+05  0.5817400E-03
   0.4137623E+05  0.2592423E+05  0.5572510E-03
   0.4177950E+05  0.2632750E+05  0.5434340E-03
   0.4218278E+05  0.2673078E+05  0.5265930E-03
   0.4258606E+05  0.2713406E+05  0.5174840E-03
   0.4298933E+05  0.2753733E+05  0.4969000E-03
   0.4339261E+05  0.2794061E+05  0.4864050E-03
   0.4379589E+05  0.2834389E+05  0.4764980E-03
   0.4419917E+05  0.2874717E+05  0.4623210E-03
