   0.1419535E+05  0.1253524E+03  0.2784430E-03
   0.1435666E+05  0.2866633E+03  0.7192630E-03
   0.1451797E+05  0.4479741E+03  0.1057200E-02
   0.1467928E+05  0.6092849E+03  0.1210850E-02
   0.1484060E+05  0.7705957E+03  0.1347670E-02
   0.1500191E+05  0.9319065E+03  0.1424920E-02
   0.1516322E+05  0.1093217E+04  0.1461390E-02
   0.1532453E+05  0.1254528E+04  0.1528720E-02
   0.1548584E+05  0.1415839E+04  0.1629450E-02
   0.1564715E+05  0.1577150E+04  0.1742420E-02
   0.1580846E+05  0.1738461E+04  0.1844900E-02
   0.1596977E+05  0.1899771E+04  0.1946430E-02
   0.1613108E+05  0.2061082E+04  0.2047950E-02
   0.1629239E+05  0.2222393E+04  0.2139560E-02
   0.1645370E+05  0.2383704E+04  0.2209520E-02
   0.1661501E+05  0.2545015E+04  0.2261110E-02
   0.1677633E+05  0.2706326E+04  0.2315810E-02
   0.1693764E+05  0.2867636E+04  0.2367490E-02
   0.1709895E+05  0.3028947E+04  0.2419540E-02
   0.1726026E+05  0.3190258E+04  0.2442800E-02
   0.1742157E+05  0.3351569E+04  0.2440570E-02
   0.1758288E+05  0.3512880E+04  0.2451100E-02
   0.1774419E+05  0.3674191E+04  0.2497650E-02
   0.1790550E+05  0.3835501E+04  0.2532530E-02
   0.1806681E+05  0.3996812E+04  0.2527700E-02
   0.1822812E+05  0.4158123E+04  0.2462440E-02
   0.1838943E+05  0.4319434E+04  0.2370030E-02
   0.1879271E+05  0.4722711E+04  0.2225560E-02
   0.1919599E+05  0.5125988E+04  0.2164030E-02
   0.1959927E+05  0.5529265E+04  0.2085900E-02
   0.2000254E+05  0.5932542E+04  0.1934550E-02
   0.2040582E+05  0.6335819E+04  0.1779640E-02
   0.2080910E+05  0.6739096E+04  0.1697370E-02
   0.2121237E+05  0.7142373E+04  0.1639470E-02
   0.2161565E+05  0.7545650E+04  0.1527910E-02
   0.2201893E+05  0.7948927E+04  0.1467370E-02
   0.2242220E+05  0.8352204E+04  0.1362110E-02
   0.2282548E+05  0.8755481E+04  0.1414100E-02
   0.2322876E+05  0.9158759E+04  0.1352990E-02
   0.2363204E+05  0.9562036E+04  0.1292020E-02
   0.2403531E+05  0.9965313E+04  0.1230260E-02
   0.2443859E+05  0.1036859E+05  0.1184690E-02
   0.2484187E+05  0.1077187E+05  0.1177980E-02
   0.2524514E+05  0.1117514E+05  0.1138730E-02
   0.2564842E+05  0.1157842E+05  0.1063770E-02
   0.2605170E+05  0.1198170E+05  0.9872190E-03
   0.2645497E+05  0.1238497E+05  0.9478710E-03
   0.2685825E+05  0.1278825E+05  0.1042530E-02
   0.2726153E+05  0.1319153E+05  0.1109160E-02
   0.2766481E+05  0.1359481E+05  0.1037710E-02
   0.2806808E+05  0.1399808E+05  0.8811320E-03
   0.2847136E+05  0.1440136E+05  0.8600510E-03
   0.2887464E+05  0.1480464E+05  0.9897020E-03
   0.2927791E+05  0.1520791E+05  0.1068870E-02
   0.2968119E+05  0.1561119E+05  0.1067980E-02
   0.3008447E+05  0.1601447E+05  0.1046180E-02
   0.3048775E+05  0.1641775E+05  0.9371120E-03
   0.3089102E+05  0.1682102E+05  0.9179460E-03
   0.3129430E+05  0.1722430E+05  0.9101270E-03
   0.3169758E+05  0.1762758E+05  0.9136500E-03
   0.3210085E+05  0.1803085E+05  0.8642870E-03
   0.3250413E+05  0.1843413E+05  0.8215040E-03
   0.3290741E+05  0.1883741E+05  0.8014850E-03
   0.3331068E+05  0.1924068E+05  0.7803320E-03
   0.3371396E+05  0.1964396E+05  0.7396370E-03
   0.3411724E+05  0.2004724E+05  0.7081320E-03
   0.3452052E+05  0.2045052E+05  0.6906550E-03
   0.3492379E+05  0.2085379E+05  0.6704870E-03
   0.3532707E+05  0.2125707E+05  0.6402790E-03
   0.3573035E+05  0.2166035E+05  0.6159150E-03
   0.3613362E+05  0.2206362E+05  0.5920700E-03
   0.3653690E+05  0.2246690E+05  0.5627980E-03
   0.3694018E+05  0.2287018E+05  0.5391250E-03
   0.3734346E+05  0.2327346E+05  0.5153040E-03
   0.3774673E+05  0.2367673E+05  0.4933980E-03
   0.3815001E+05  0.2408001E+05  0.4706620E-03
   0.3855329E+05  0.2448329E+05  0.4568790E-03
   0.3895656E+05  0.2488656E+05  0.4466850E-03
   0.3935984E+05  0.2528984E+05  0.4355240E-03
   0.3976312E+05  0.2569312E+05  0.4271270E-03
   0.4016639E+05  0.2609639E+05  0.4103020E-03
   0.4056967E+05  0.2649967E+05  0.4061920E-03
   0.4097295E+05  0.2690295E+05  0.3972480E-03
   0.4137623E+05  0.2730623E+05  0.3877660E-03
   0.4177950E+05  0.2770950E+05  0.3685230E-03
   0.4218278E+05  0.2811278E+05  0.3565880E-03
   0.4258606E+05  0.2851606E+05  0.3399570E-03
   0.4298933E+05  0.2891933E+05  0.3309390E-03
   0.4339261E+05  0.2932261E+05  0.3242830E-03
   0.4379589E+05  0.2972589E+05  0.3154950E-03
   0.4419917E+05  0.3012917E+05  0.3000760E-03
