   0.1613108E+05  0.1050823E+03  0.8889990E-03
   0.1629239E+05  0.2663931E+03  0.2155490E-02
   0.1645370E+05  0.4277040E+03  0.4478980E-02
   0.1661501E+05  0.5890148E+03  0.7758140E-02
   0.1677633E+05  0.7503256E+03  0.1186540E-01
   0.1693764E+05  0.9116364E+03  0.1673370E-01
   0.1709895E+05  0.1072947E+04  0.2205970E-01
   0.1726026E+05  0.1234258E+04  0.2785760E-01
   0.1742157E+05  0.1395569E+04  0.3324090E-01
   0.1758288E+05  0.1556880E+04  0.3767560E-01
   0.1774419E+05  0.1718191E+04  0.4158010E-01
   0.1790550E+05  0.1879501E+04  0.4547410E-01
   0.1806681E+05  0.2040812E+04  0.4857490E-01
   0.1822812E+05  0.2202123E+04  0.5098510E-01
   0.1838943E+05  0.2363434E+04  0.5359590E-01
   0.1879271E+05  0.2766711E+04  0.5988570E-01
   0.1919599E+05  0.3169988E+04  0.6640180E-01
   0.1959927E+05  0.3573265E+04  0.7132890E-01
   0.2000254E+05  0.3976542E+04  0.7631500E-01
   0.2040582E+05  0.4379819E+04  0.7960640E-01
   0.2080910E+05  0.4783096E+04  0.8208180E-01
   0.2121237E+05  0.5186373E+04  0.8287380E-01
   0.2161565E+05  0.5589650E+04  0.8535000E-01
   0.2201893E+05  0.5992927E+04  0.8510130E-01
   0.2242220E+05  0.6396204E+04  0.8497650E-01
   0.2282548E+05  0.6799481E+04  0.8497020E-01
   0.2322876E+05  0.7202759E+04  0.8525510E-01
   0.2363204E+05  0.7606036E+04  0.8519680E-01
   0.2403531E+05  0.8009313E+04  0.8493600E-01
   0.2443859E+05  0.8412590E+04  0.8426240E-01
   0.2484187E+05  0.8815867E+04  0.8364690E-01
   0.2524514E+05  0.9219144E+04  0.8269540E-01
   0.2564842E+05  0.9622421E+04  0.8246510E-01
   0.2605170E+05  0.1002570E+05  0.8306660E-01
   0.2645497E+05  0.1042897E+05  0.8311020E-01
   0.2685825E+05  0.1083225E+05  0.8285060E-01
   0.2726153E+05  0.1123553E+05  0.8092500E-01
   0.2766481E+05  0.1163881E+05  0.7877880E-01
   0.2806808E+05  0.1204208E+05  0.7720780E-01
   0.2847136E+05  0.1244536E+05  0.7594480E-01
   0.2887464E+05  0.1284864E+05  0.7442670E-01
   0.2927791E+05  0.1325191E+05  0.7297880E-01
   0.2968119E+05  0.1365519E+05  0.7127380E-01
   0.3008447E+05  0.1405847E+05  0.6883190E-01
   0.3048775E+05  0.1446175E+05  0.6613380E-01
   0.3089102E+05  0.1486502E+05  0.6356830E-01
   0.3129430E+05  0.1526830E+05  0.6133830E-01
   0.3169758E+05  0.1567158E+05  0.5938530E-01
   0.3210085E+05  0.1607485E+05  0.5773930E-01
   0.3250413E+05  0.1647813E+05  0.5594990E-01
   0.3290741E+05  0.1688141E+05  0.5429780E-01
   0.3331068E+05  0.1728468E+05  0.5255720E-01
   0.3371396E+05  0.1768796E+05  0.5085640E-01
   0.3411724E+05  0.1809124E+05  0.4910520E-01
   0.3452052E+05  0.1849452E+05  0.4741490E-01
   0.3492379E+05  0.1889779E+05  0.4580410E-01
   0.3532707E+05  0.1930107E+05  0.4434700E-01
   0.3573035E+05  0.1970435E+05  0.4295490E-01
   0.3613362E+05  0.2010762E+05  0.4172360E-01
   0.3653690E+05  0.2051090E+05  0.4054370E-01
   0.3694018E+05  0.2091418E+05  0.3941960E-01
   0.3734346E+05  0.2131746E+05  0.3839440E-01
   0.3774673E+05  0.2172073E+05  0.3734650E-01
   0.3815001E+05  0.2212401E+05  0.3631960E-01
   0.3855329E+05  0.2252729E+05  0.3533570E-01
   0.3895656E+05  0.2293056E+05  0.3427300E-01
   0.3935984E+05  0.2333384E+05  0.3322860E-01
   0.3976312E+05  0.2373712E+05  0.3208250E-01
   0.4016639E+05  0.2414039E+05  0.3100010E-01
   0.4056967E+05  0.2454367E+05  0.3005950E-01
   0.4097295E+05  0.2494695E+05  0.2912370E-01
   0.4137623E+05  0.2535023E+05  0.2832790E-01
   0.4177950E+05  0.2575350E+05  0.2752210E-01
   0.4218278E+05  0.2615678E+05  0.2680470E-01
   0.4258606E+05  0.2656006E+05  0.2612970E-01
   0.4298933E+05  0.2696333E+05  0.2549400E-01
   0.4339261E+05  0.2736661E+05  0.2481720E-01
   0.4379589E+05  0.2776989E+05  0.2428560E-01
   0.4419917E+05  0.2817317E+05  0.2362740E-01
