   0.2242220E+05  0.3862044E+03  0.1163290E-01
   0.2282548E+05  0.7894815E+03  0.2284670E-01
   0.2322876E+05  0.1192759E+04  0.2808800E-01
   0.2363204E+05  0.1596036E+04  0.3353290E-01
   0.2403531E+05  0.1999313E+04  0.3884200E-01
   0.2443859E+05  0.2402590E+04  0.4329210E-01
   0.2484187E+05  0.2805867E+04  0.4759380E-01
   0.2524514E+05  0.3209144E+04  0.5167170E-01
   0.2564842E+05  0.3612421E+04  0.5551800E-01
   0.2605170E+05  0.4015698E+04  0.5773050E-01
   0.2645497E+05  0.4418975E+04  0.6001400E-01
   0.2685825E+05  0.4822252E+04  0.6057710E-01
   0.2726153E+05  0.5225529E+04  0.6088740E-01
   0.2766481E+05  0.5628806E+04  0.6087240E-01
   0.2806808E+05  0.6032083E+04  0.6050110E-01
   0.2847136E+05  0.6435360E+04  0.6071360E-01
   0.2887464E+05  0.6838637E+04  0.6047320E-01
   0.2927791E+05  0.7241914E+04  0.6007820E-01
   0.2968119E+05  0.7645191E+04  0.5942700E-01
   0.3008447E+05  0.8048469E+04  0.5848650E-01
   0.3048775E+05  0.8451746E+04  0.5728330E-01
   0.3089102E+05  0.8855023E+04  0.5621150E-01
   0.3129430E+05  0.9258300E+04  0.5560310E-01
   0.3169758E+05  0.9661577E+04  0.5509160E-01
   0.3210085E+05  0.1006485E+05  0.5433960E-01
   0.3250413E+05  0.1046813E+05  0.5334820E-01
   0.3290741E+05  0.1087141E+05  0.5211260E-01
   0.3331068E+05  0.1127468E+05  0.5073930E-01
   0.3371396E+05  0.1167796E+05  0.4959320E-01
   0.3411724E+05  0.1208124E+05  0.4876280E-01
   0.3452052E+05  0.1248452E+05  0.4821080E-01
   0.3492379E+05  0.1288779E+05  0.4785340E-01
   0.3532707E+05  0.1329107E+05  0.4749270E-01
   0.3573035E+05  0.1369435E+05  0.4696550E-01
   0.3613362E+05  0.1409762E+05  0.4631640E-01
   0.3653690E+05  0.1450090E+05  0.4559190E-01
   0.3694018E+05  0.1490418E+05  0.4471490E-01
   0.3734346E+05  0.1530746E+05  0.4389510E-01
   0.3774673E+05  0.1571073E+05  0.4304140E-01
   0.3815001E+05  0.1611401E+05  0.4226320E-01
   0.3855329E+05  0.1651729E+05  0.4167130E-01
   0.3895656E+05  0.1692056E+05  0.4131720E-01
   0.3935984E+05  0.1732384E+05  0.4090240E-01
   0.3976312E+05  0.1772712E+05  0.4067400E-01
   0.4016639E+05  0.1813039E+05  0.4038710E-01
   0.4056967E+05  0.1853367E+05  0.4013060E-01
   0.4097295E+05  0.1893695E+05  0.3990780E-01
   0.4137623E+05  0.1934023E+05  0.3963950E-01
   0.4177950E+05  0.1974350E+05  0.3942140E-01
   0.4218278E+05  0.2014678E+05  0.3917830E-01
   0.4258606E+05  0.2055006E+05  0.3884060E-01
   0.4298933E+05  0.2095333E+05  0.3866800E-01
   0.4339261E+05  0.2135661E+05  0.3843280E-01
   0.4379589E+05  0.2175989E+05  0.3826380E-01
   0.4419917E+05  0.2216317E+05  0.3809670E-01
