   0.1742157E+05  0.5568893E+01  0.9481250E-03
   0.1758288E+05  0.1668797E+03  0.8113180E-03
   0.1774419E+05  0.3281905E+03  0.2659780E-02
   0.1790550E+05  0.4895014E+03  0.6728490E-02
   0.1806681E+05  0.6508122E+03  0.1272190E-01
   0.1822812E+05  0.8121230E+03  0.1902030E-01
   0.1838943E+05  0.9734338E+03  0.2423570E-01
   0.1879271E+05  0.1376711E+04  0.3234950E-01
   0.1919599E+05  0.1779988E+04  0.3677900E-01
   0.1959927E+05  0.2183265E+04  0.3998500E-01
   0.2000254E+05  0.2586542E+04  0.4266890E-01
   0.2040582E+05  0.2989819E+04  0.4839440E-01
   0.2080910E+05  0.3393096E+04  0.5752360E-01
   0.2121237E+05  0.3796373E+04  0.6277020E-01
   0.2161565E+05  0.4199650E+04  0.6577820E-01
   0.2201893E+05  0.4602927E+04  0.7026850E-01
   0.2242220E+05  0.5006204E+04  0.7444520E-01
   0.2282548E+05  0.5409481E+04  0.7700320E-01
   0.2322876E+05  0.5812759E+04  0.7801500E-01
   0.2363204E+05  0.6216036E+04  0.8120890E-01
   0.2403531E+05  0.6619313E+04  0.8315750E-01
   0.2443859E+05  0.7022590E+04  0.8333920E-01
   0.2484187E+05  0.7425867E+04  0.8327400E-01
   0.2524514E+05  0.7829144E+04  0.8355610E-01
   0.2564842E+05  0.8232421E+04  0.8560190E-01
   0.2605170E+05  0.8635698E+04  0.8706940E-01
   0.2645497E+05  0.9038975E+04  0.8739220E-01
   0.2685825E+05  0.9442252E+04  0.8845960E-01
   0.2726153E+05  0.9845529E+04  0.8865600E-01
   0.2766481E+05  0.1024881E+05  0.8950520E-01
   0.2806808E+05  0.1065208E+05  0.9141300E-01
   0.2847136E+05  0.1105536E+05  0.9413580E-01
   0.2887464E+05  0.1145864E+05  0.9439270E-01
   0.2927791E+05  0.1186191E+05  0.9290130E-01
   0.2968119E+05  0.1226519E+05  0.9180240E-01
   0.3008447E+05  0.1266847E+05  0.9239740E-01
   0.3048775E+05  0.1307175E+05  0.9154960E-01
   0.3089102E+05  0.1347502E+05  0.9059000E-01
   0.3129430E+05  0.1387830E+05  0.9159050E-01
   0.3169758E+05  0.1428158E+05  0.9172730E-01
   0.3210085E+05  0.1468485E+05  0.9015940E-01
   0.3250413E+05  0.1508813E+05  0.8857660E-01
   0.3290741E+05  0.1549141E+05  0.8756040E-01
   0.3331068E+05  0.1589468E+05  0.8627800E-01
   0.3371396E+05  0.1629796E+05  0.8472540E-01
   0.3411724E+05  0.1670124E+05  0.8382050E-01
   0.3452052E+05  0.1710452E+05  0.8388710E-01
   0.3492379E+05  0.1750779E+05  0.8389550E-01
   0.3532707E+05  0.1791107E+05  0.8339640E-01
   0.3573035E+05  0.1831435E+05  0.8279040E-01
   0.3613362E+05  0.1871762E+05  0.8225350E-01
   0.3653690E+05  0.1912090E+05  0.8177970E-01
   0.3694018E+05  0.1952418E+05  0.8134720E-01
   0.3734346E+05  0.1992746E+05  0.8108680E-01
   0.3774673E+05  0.2033073E+05  0.8096560E-01
   0.3815001E+05  0.2073401E+05  0.8095850E-01
   0.3855329E+05  0.2113729E+05  0.8083100E-01
   0.3895656E+05  0.2154056E+05  0.8064610E-01
   0.3935984E+05  0.2194384E+05  0.8062350E-01
   0.3976312E+05  0.2234712E+05  0.8061780E-01
   0.4016639E+05  0.2275039E+05  0.8059550E-01
   0.4056967E+05  0.2315367E+05  0.8065620E-01
   0.4097295E+05  0.2355695E+05  0.8079460E-01
   0.4137623E+05  0.2396023E+05  0.8110900E-01
   0.4177950E+05  0.2436350E+05  0.8114700E-01
   0.4218278E+05  0.2476678E+05  0.8143990E-01
   0.4258606E+05  0.2517006E+05  0.8177460E-01
   0.4298933E+05  0.2557333E+05  0.8224290E-01
   0.4339261E+05  0.2597661E+05  0.8245780E-01
   0.4379589E+05  0.2637989E+05  0.8289470E-01
   0.4419917E+05  0.2678317E+05  0.8332350E-01
