   0.2564842E+05  0.5626421E+04  0.1038810E-02
   0.2605170E+05  0.6029698E+04  0.3032310E-02
   0.2645497E+05  0.6432975E+04  0.6330080E-02
   0.2685825E+05  0.6836252E+04  0.1188130E-01
   0.2726153E+05  0.7239529E+04  0.1643430E-01
   0.2766481E+05  0.7642806E+04  0.1941020E-01
   0.2806808E+05  0.8046083E+04  0.2097990E-01
   0.2847136E+05  0.8449360E+04  0.2113400E-01
   0.2887464E+05  0.8852637E+04  0.2083760E-01
   0.2927791E+05  0.9255914E+04  0.2055260E-01
   0.2968119E+05  0.9659191E+04  0.1982920E-01
   0.3008447E+05  0.1006247E+05  0.1934040E-01
   0.3048775E+05  0.1046575E+05  0.1917030E-01
   0.3089102E+05  0.1086902E+05  0.1898740E-01
   0.3129430E+05  0.1127230E+05  0.1871450E-01
   0.3169758E+05  0.1167558E+05  0.1843910E-01
   0.3210085E+05  0.1207885E+05  0.1810280E-01
   0.3250413E+05  0.1248213E+05  0.1757250E-01
   0.3290741E+05  0.1288541E+05  0.1705940E-01
   0.3331068E+05  0.1328868E+05  0.1665380E-01
   0.3371396E+05  0.1369196E+05  0.1625060E-01
   0.3411724E+05  0.1409524E+05  0.1579590E-01
   0.3452052E+05  0.1449852E+05  0.1540080E-01
   0.3492379E+05  0.1490179E+05  0.1518860E-01
   0.3532707E+05  0.1530507E+05  0.1498110E-01
   0.3573035E+05  0.1570835E+05  0.1477140E-01
   0.3613362E+05  0.1611162E+05  0.1467400E-01
   0.3653690E+05  0.1651490E+05  0.1460350E-01
   0.3694018E+05  0.1691818E+05  0.1457870E-01
   0.3734346E+05  0.1732146E+05  0.1459590E-01
   0.3774673E+05  0.1772473E+05  0.1457630E-01
   0.3815001E+05  0.1812801E+05  0.1458090E-01
   0.3855329E+05  0.1853129E+05  0.1451710E-01
   0.3895656E+05  0.1893456E+05  0.1446460E-01
   0.3935984E+05  0.1933784E+05  0.1438820E-01
   0.3976312E+05  0.1974112E+05  0.1423200E-01
   0.4016639E+05  0.2014439E+05  0.1401970E-01
   0.4056967E+05  0.2054767E+05  0.1384070E-01
   0.4097295E+05  0.2095095E+05  0.1357900E-01
   0.4137623E+05  0.2135423E+05  0.1331220E-01
   0.4177950E+05  0.2175750E+05  0.1302330E-01
   0.4218278E+05  0.2216078E+05  0.1279380E-01
   0.4258606E+05  0.2256406E+05  0.1246020E-01
   0.4298933E+05  0.2296733E+05  0.1215930E-01
   0.4339261E+05  0.2337061E+05  0.1188390E-01
   0.4379589E+05  0.2377389E+05  0.1164170E-01
   0.4419917E+05  0.2417717E+05  0.1144900E-01
