   0.2806808E+05  0.8046083E+04  0.1160990E-02
   0.2847136E+05  0.8449360E+04  0.4192920E-02
   0.2887464E+05  0.8852637E+04  0.7932930E-02
   0.2927791E+05  0.9255914E+04  0.1158750E-01
   0.2968119E+05  0.9659191E+04  0.1382760E-01
   0.3008447E+05  0.1006247E+05  0.1438660E-01
   0.3048775E+05  0.1046575E+05  0.1425760E-01
   0.3089102E+05  0.1086902E+05  0.1412840E-01
   0.3129430E+05  0.1127230E+05  0.1413190E-01
   0.3169758E+05  0.1167558E+05  0.1411750E-01
   0.3210085E+05  0.1207885E+05  0.1396120E-01
   0.3250413E+05  0.1248213E+05  0.1388840E-01
   0.3290741E+05  0.1288541E+05  0.1395420E-01
   0.3331068E+05  0.1328868E+05  0.1409850E-01
   0.3371396E+05  0.1369196E+05  0.1424380E-01
   0.3411724E+05  0.1409524E+05  0.1437290E-01
   0.3452052E+05  0.1449852E+05  0.1450000E-01
   0.3492379E+05  0.1490179E+05  0.1465380E-01
   0.3532707E+05  0.1530507E+05  0.1477600E-01
   0.3573035E+05  0.1570835E+05  0.1491040E-01
   0.3613362E+05  0.1611162E+05  0.1508660E-01
   0.3653690E+05  0.1651490E+05  0.1514310E-01
   0.3694018E+05  0.1691818E+05  0.1510600E-01
   0.3734346E+05  0.1732146E+05  0.1502950E-01
   0.3774673E+05  0.1772473E+05  0.1492190E-01
   0.3815001E+05  0.1812801E+05  0.1480250E-01
   0.3855329E+05  0.1853129E+05  0.1468500E-01
   0.3895656E+05  0.1893456E+05  0.1456090E-01
   0.3935984E+05  0.1933784E+05  0.1440960E-01
   0.3976312E+05  0.1974112E+05  0.1421630E-01
   0.4016639E+05  0.2014439E+05  0.1399830E-01
   0.4056967E+05  0.2054767E+05  0.1382720E-01
   0.4097295E+05  0.2095095E+05  0.1367080E-01
   0.4137623E+05  0.2135423E+05  0.1341460E-01
   0.4177950E+05  0.2175750E+05  0.1320350E-01
   0.4218278E+05  0.2216078E+05  0.1304880E-01
   0.4258606E+05  0.2256406E+05  0.1275620E-01
   0.4298933E+05  0.2296733E+05  0.1253620E-01
   0.4339261E+05  0.2337061E+05  0.1228660E-01
   0.4379589E+05  0.2377389E+05  0.1205360E-01
   0.4419917E+05  0.2417717E+05  0.1176210E-01
