   0.1822812E+05  0.6123008E+01  0.1070160E-02
   0.1838943E+05  0.1674338E+03  0.7795130E-03
   0.1879271E+05  0.5707109E+03  0.7925270E-02
   0.1919599E+05  0.9739879E+03  0.1407050E-01
   0.1959927E+05  0.1377265E+04  0.1584520E-01
   0.2000254E+05  0.1780542E+04  0.1700380E-01
   0.2040582E+05  0.2183819E+04  0.1842110E-01
   0.2080910E+05  0.2587096E+04  0.1950860E-01
   0.2121237E+05  0.2990373E+04  0.2010620E-01
   0.2161565E+05  0.3393650E+04  0.2017240E-01
   0.2201893E+05  0.3796927E+04  0.2020220E-01
   0.2242220E+05  0.4200204E+04  0.2069600E-01
   0.2282548E+05  0.4603481E+04  0.2119590E-01
   0.2322876E+05  0.5006759E+04  0.2223020E-01
   0.2363204E+05  0.5410036E+04  0.2358310E-01
   0.2403531E+05  0.5813313E+04  0.2487760E-01
   0.2443859E+05  0.6216590E+04  0.2588980E-01
   0.2484187E+05  0.6619867E+04  0.2639600E-01
   0.2524514E+05  0.7023144E+04  0.2675280E-01
   0.2564842E+05  0.7426421E+04  0.2686050E-01
   0.2605170E+05  0.7829698E+04  0.2657440E-01
   0.2645497E+05  0.8232975E+04  0.2589580E-01
   0.2685825E+05  0.8636252E+04  0.2552110E-01
   0.2726153E+05  0.9039529E+04  0.2445910E-01
   0.2766481E+05  0.9442806E+04  0.2392510E-01
   0.2806808E+05  0.9846083E+04  0.2325010E-01
   0.2847136E+05  0.1024936E+05  0.2248590E-01
   0.2887464E+05  0.1065264E+05  0.2153810E-01
   0.2927791E+05  0.1105591E+05  0.2042110E-01
   0.2968119E+05  0.1145919E+05  0.1951630E-01
   0.3008447E+05  0.1186247E+05  0.1872520E-01
   0.3048775E+05  0.1226575E+05  0.1808140E-01
   0.3089102E+05  0.1266902E+05  0.1750620E-01
   0.3129430E+05  0.1307230E+05  0.1701910E-01
   0.3169758E+05  0.1347558E+05  0.1659950E-01
   0.3210085E+05  0.1387885E+05  0.1626520E-01
   0.3250413E+05  0.1428213E+05  0.1574430E-01
   0.3290741E+05  0.1468541E+05  0.1513440E-01
   0.3331068E+05  0.1508868E+05  0.1466330E-01
   0.3371396E+05  0.1549196E+05  0.1414710E-01
   0.3411724E+05  0.1589524E+05  0.1360620E-01
   0.3452052E+05  0.1629852E+05  0.1310450E-01
   0.3492379E+05  0.1670179E+05  0.1270590E-01
   0.3532707E+05  0.1710507E+05  0.1237290E-01
   0.3573035E+05  0.1750835E+05  0.1206520E-01
   0.3613362E+05  0.1791162E+05  0.1179290E-01
   0.3653690E+05  0.1831490E+05  0.1156540E-01
   0.3694018E+05  0.1871818E+05  0.1136340E-01
   0.3734346E+05  0.1912146E+05  0.1117010E-01
   0.3774673E+05  0.1952473E+05  0.1092800E-01
   0.3815001E+05  0.1992801E+05  0.1071040E-01
   0.3855329E+05  0.2033129E+05  0.1050960E-01
   0.3895656E+05  0.2073456E+05  0.1031710E-01
   0.3935984E+05  0.2113784E+05  0.1013970E-01
   0.3976312E+05  0.2154112E+05  0.1003960E-01
   0.4016639E+05  0.2194439E+05  0.9920240E-02
   0.4056967E+05  0.2234767E+05  0.9847320E-02
   0.4097295E+05  0.2275095E+05  0.9775380E-02
   0.4137623E+05  0.2315423E+05  0.9790900E-02
   0.4177950E+05  0.2355750E+05  0.9693040E-02
   0.4218278E+05  0.2396078E+05  0.9685400E-02
   0.4258606E+05  0.2436406E+05  0.9623350E-02
   0.4298933E+05  0.2476733E+05  0.9654530E-02
   0.4339261E+05  0.2517061E+05  0.9674160E-02
   0.4379589E+05  0.2557389E+05  0.9705130E-02
   0.4419917E+05  0.2597717E+05  0.9735170E-02
