   0.2040582E+05  0.4953819E+04  0.4235210E-02
   0.2080910E+05  0.5357096E+04  0.2208150E-01
   0.2121237E+05  0.5760373E+04  0.4853930E-01
   0.2161565E+05  0.6163650E+04  0.8284250E-01
   0.2201893E+05  0.6566927E+04  0.1195290E+00
   0.2242220E+05  0.6970204E+04  0.1517390E+00
   0.2282548E+05  0.7373481E+04  0.1766950E+00
   0.2322876E+05  0.7776759E+04  0.1868780E+00
   0.2363204E+05  0.8180036E+04  0.1873750E+00
   0.2403531E+05  0.8583313E+04  0.1844400E+00
   0.2443859E+05  0.8986590E+04  0.1803940E+00
   0.2484187E+05  0.9389867E+04  0.1764250E+00
   0.2524514E+05  0.9793144E+04  0.1722100E+00
   0.2564842E+05  0.1019642E+05  0.1710920E+00
   0.2605170E+05  0.1059970E+05  0.1718600E+00
   0.2645497E+05  0.1100297E+05  0.1727800E+00
   0.2685825E+05  0.1140625E+05  0.1731880E+00
   0.2726153E+05  0.1180953E+05  0.1709100E+00
   0.2766481E+05  0.1221281E+05  0.1667220E+00
   0.2806808E+05  0.1261608E+05  0.1597990E+00
   0.2847136E+05  0.1301936E+05  0.1533830E+00
   0.2887464E+05  0.1342264E+05  0.1478670E+00
   0.2927791E+05  0.1382591E+05  0.1432550E+00
   0.2968119E+05  0.1422919E+05  0.1391950E+00
   0.3008447E+05  0.1463247E+05  0.1365320E+00
   0.3048775E+05  0.1503575E+05  0.1354280E+00
   0.3089102E+05  0.1543902E+05  0.1359720E+00
   0.3129430E+05  0.1584230E+05  0.1371820E+00
   0.3169758E+05  0.1624558E+05  0.1387760E+00
   0.3210085E+05  0.1664885E+05  0.1408140E+00
   0.3250413E+05  0.1705213E+05  0.1422850E+00
   0.3290741E+05  0.1745541E+05  0.1433170E+00
   0.3331068E+05  0.1785868E+05  0.1443440E+00
   0.3371396E+05  0.1826196E+05  0.1454410E+00
   0.3411724E+05  0.1866524E+05  0.1460070E+00
   0.3452052E+05  0.1906852E+05  0.1460040E+00
   0.3492379E+05  0.1947179E+05  0.1457340E+00
   0.3532707E+05  0.1987507E+05  0.1451970E+00
   0.3573035E+05  0.2027835E+05  0.1446560E+00
   0.3613362E+05  0.2068162E+05  0.1444850E+00
   0.3653690E+05  0.2108490E+05  0.1442170E+00
   0.3694018E+05  0.2148818E+05  0.1439910E+00
   0.3734346E+05  0.2189146E+05  0.1438180E+00
   0.3774673E+05  0.2229473E+05  0.1435970E+00
   0.3815001E+05  0.2269801E+05  0.1437720E+00
   0.3855329E+05  0.2310129E+05  0.1438210E+00
   0.3895656E+05  0.2350456E+05  0.1440190E+00
   0.3935984E+05  0.2390784E+05  0.1440150E+00
   0.3976312E+05  0.2431112E+05  0.1442290E+00
   0.4016639E+05  0.2471439E+05  0.1444070E+00
   0.4056967E+05  0.2511767E+05  0.1447720E+00
   0.4097295E+05  0.2552095E+05  0.1449040E+00
   0.4137623E+05  0.2592423E+05  0.1454240E+00
   0.4177950E+05  0.2632750E+05  0.1457220E+00
   0.4218278E+05  0.2673078E+05  0.1462870E+00
   0.4258606E+05  0.2713406E+05  0.1462510E+00
   0.4298933E+05  0.2753733E+05  0.1463720E+00
   0.4339261E+05  0.2794061E+05  0.1469650E+00
   0.4379589E+05  0.2834389E+05  0.1466640E+00
   0.4419917E+05  0.2874717E+05  0.1466380E+00
