   0.1919599E+05  0.1039879E+03  0.1169680E-02
   0.1959927E+05  0.5072650E+03  0.1089870E-01
   0.2000254E+05  0.9105421E+03  0.1600280E-01
   0.2040582E+05  0.1313819E+04  0.1732870E-01
   0.2080910E+05  0.1717096E+04  0.1893830E-01
   0.2121237E+05  0.2120373E+04  0.2101970E-01
   0.2161565E+05  0.2523650E+04  0.2308160E-01
   0.2201893E+05  0.2926927E+04  0.2545860E-01
   0.2242220E+05  0.3330204E+04  0.2830870E-01
   0.2282548E+05  0.3733481E+04  0.3116620E-01
   0.2322876E+05  0.4136759E+04  0.3391980E-01
   0.2363204E+05  0.4540036E+04  0.3702520E-01
   0.2403531E+05  0.4943313E+04  0.3881760E-01
   0.2443859E+05  0.5346590E+04  0.4054250E-01
   0.2484187E+05  0.5749867E+04  0.4101090E-01
   0.2524514E+05  0.6153144E+04  0.4064330E-01
   0.2564842E+05  0.6556421E+04  0.4099970E-01
   0.2605170E+05  0.6959698E+04  0.4096550E-01
   0.2645497E+05  0.7362975E+04  0.4000700E-01
   0.2685825E+05  0.7766252E+04  0.3843770E-01
   0.2726153E+05  0.8169529E+04  0.3664310E-01
   0.2766481E+05  0.8572806E+04  0.3475790E-01
   0.2806808E+05  0.8976083E+04  0.3372540E-01
   0.2847136E+05  0.9379360E+04  0.3248910E-01
   0.2887464E+05  0.9782637E+04  0.3103830E-01
   0.2927791E+05  0.1018591E+05  0.2981690E-01
   0.2968119E+05  0.1058919E+05  0.2864440E-01
   0.3008447E+05  0.1099247E+05  0.2780270E-01
   0.3048775E+05  0.1139575E+05  0.2715670E-01
   0.3089102E+05  0.1179902E+05  0.2618870E-01
   0.3129430E+05  0.1220230E+05  0.2536950E-01
   0.3169758E+05  0.1260558E+05  0.2456590E-01
   0.3210085E+05  0.1300885E+05  0.2380660E-01
   0.3250413E+05  0.1341213E+05  0.2318130E-01
   0.3290741E+05  0.1381541E+05  0.2270210E-01
   0.3331068E+05  0.1421868E+05  0.2217810E-01
   0.3371396E+05  0.1462196E+05  0.2155190E-01
   0.3411724E+05  0.1502524E+05  0.2086060E-01
   0.3452052E+05  0.1542852E+05  0.2011910E-01
   0.3492379E+05  0.1583179E+05  0.1938500E-01
   0.3532707E+05  0.1623507E+05  0.1865360E-01
   0.3573035E+05  0.1663835E+05  0.1791880E-01
   0.3613362E+05  0.1704162E+05  0.1715760E-01
   0.3653690E+05  0.1744490E+05  0.1637990E-01
   0.3694018E+05  0.1784818E+05  0.1560650E-01
   0.3734346E+05  0.1825146E+05  0.1486950E-01
   0.3774673E+05  0.1865473E+05  0.1419140E-01
   0.3815001E+05  0.1905801E+05  0.1357660E-01
   0.3855329E+05  0.1946129E+05  0.1299470E-01
   0.3895656E+05  0.1986456E+05  0.1241410E-01
   0.3935984E+05  0.2026784E+05  0.1187920E-01
   0.3976312E+05  0.2067112E+05  0.1140620E-01
   0.4016639E+05  0.2107439E+05  0.1096130E-01
   0.4056967E+05  0.2147767E+05  0.1059730E-01
   0.4097295E+05  0.2188095E+05  0.1017760E-01
   0.4137623E+05  0.2228423E+05  0.9811520E-02
   0.4177950E+05  0.2268750E+05  0.9389780E-02
   0.4218278E+05  0.2309078E+05  0.9047180E-02
   0.4258606E+05  0.2349406E+05  0.8687220E-02
   0.4298933E+05  0.2389733E+05  0.8374660E-02
   0.4339261E+05  0.2430061E+05  0.8054050E-02
   0.4379589E+05  0.2470389E+05  0.7775900E-02
   0.4419917E+05  0.2510717E+05  0.7504130E-02
