   0.2443859E+05  0.4416590E+04  0.3293610E-02
   0.2484187E+05  0.4819867E+04  0.1301210E-01
   0.2524514E+05  0.5223144E+04  0.2383490E-01
   0.2564842E+05  0.5626421E+04  0.3757130E-01
   0.2605170E+05  0.6029698E+04  0.5677060E-01
   0.2645497E+05  0.6432975E+04  0.7199640E-01
   0.2685825E+05  0.6836252E+04  0.8205840E-01
   0.2726153E+05  0.7239529E+04  0.9044980E-01
   0.2766481E+05  0.7642806E+04  0.9559510E-01
   0.2806808E+05  0.8046083E+04  0.9931230E-01
   0.2847136E+05  0.8449360E+04  0.1002450E+00
   0.2887464E+05  0.8852637E+04  0.1009180E+00
   0.2927791E+05  0.9255914E+04  0.1003990E+00
   0.2968119E+05  0.9659191E+04  0.1012360E+00
   0.3008447E+05  0.1006247E+05  0.1023430E+00
   0.3048775E+05  0.1046575E+05  0.1004730E+00
   0.3089102E+05  0.1086902E+05  0.9915720E-01
   0.3129430E+05  0.1127230E+05  0.9811060E-01
   0.3169758E+05  0.1167558E+05  0.9586410E-01
   0.3210085E+05  0.1207885E+05  0.9399550E-01
   0.3250413E+05  0.1248213E+05  0.9282150E-01
   0.3290741E+05  0.1288541E+05  0.9199220E-01
   0.3331068E+05  0.1328868E+05  0.9140550E-01
   0.3371396E+05  0.1369196E+05  0.9079860E-01
   0.3411724E+05  0.1409524E+05  0.9037410E-01
   0.3452052E+05  0.1449852E+05  0.9100660E-01
   0.3492379E+05  0.1490179E+05  0.9245670E-01
   0.3532707E+05  0.1530507E+05  0.9415230E-01
   0.3573035E+05  0.1570835E+05  0.9588510E-01
   0.3613362E+05  0.1611162E+05  0.9777620E-01
   0.3653690E+05  0.1651490E+05  0.9982090E-01
   0.3694018E+05  0.1691818E+05  0.1014450E+00
   0.3734346E+05  0.1732146E+05  0.1030040E+00
   0.3774673E+05  0.1772473E+05  0.1043560E+00
   0.3815001E+05  0.1812801E+05  0.1057220E+00
   0.3855329E+05  0.1853129E+05  0.1067840E+00
   0.3895656E+05  0.1893456E+05  0.1076090E+00
   0.3935984E+05  0.1933784E+05  0.1082050E+00
   0.3976312E+05  0.1974112E+05  0.1085240E+00
   0.4016639E+05  0.2014439E+05  0.1090420E+00
   0.4056967E+05  0.2054767E+05  0.1094200E+00
   0.4097295E+05  0.2095095E+05  0.1098250E+00
   0.4137623E+05  0.2135423E+05  0.1106110E+00
   0.4177950E+05  0.2175750E+05  0.1112540E+00
   0.4218278E+05  0.2216078E+05  0.1123940E+00
   0.4258606E+05  0.2256406E+05  0.1136340E+00
   0.4298933E+05  0.2296733E+05  0.1148000E+00
   0.4339261E+05  0.2337061E+05  0.1160550E+00
   0.4379589E+05  0.2377389E+05  0.1176680E+00
   0.4419917E+05  0.2417717E+05  0.1188660E+00
