   0.2201893E+05  0.1996927E+04  0.1969910E-05
   0.2242220E+05  0.2400204E+04  0.4354680E-03
   0.2282548E+05  0.2803481E+04  0.4745470E-02
   0.2322876E+05  0.3206759E+04  0.1023700E-01
   0.2363204E+05  0.3610036E+04  0.1098390E-01
   0.2403531E+05  0.4013313E+04  0.1082910E-01
   0.2443859E+05  0.4416590E+04  0.1197180E-01
   0.2484187E+05  0.4819867E+04  0.1546040E-01
   0.2524514E+05  0.5223144E+04  0.1938780E-01
   0.2564842E+05  0.5626421E+04  0.2304360E-01
   0.2605170E+05  0.6029698E+04  0.2497750E-01
   0.2645497E+05  0.6432975E+04  0.2659330E-01
   0.2685825E+05  0.6836252E+04  0.2763820E-01
   0.2726153E+05  0.7239529E+04  0.2887030E-01
   0.2766481E+05  0.7642806E+04  0.2989980E-01
   0.2806808E+05  0.8046083E+04  0.3086040E-01
   0.2847136E+05  0.8449360E+04  0.3168200E-01
   0.2887464E+05  0.8852637E+04  0.3166030E-01
   0.2927791E+05  0.9255914E+04  0.3149320E-01
   0.2968119E+05  0.9659191E+04  0.3125080E-01
   0.3008447E+05  0.1006247E+05  0.3097800E-01
   0.3048775E+05  0.1046575E+05  0.3072120E-01
   0.3089102E+05  0.1086902E+05  0.3062330E-01
   0.3129430E+05  0.1127230E+05  0.3065030E-01
   0.3169758E+05  0.1167558E+05  0.3043910E-01
   0.3210085E+05  0.1207885E+05  0.3022320E-01
   0.3250413E+05  0.1248213E+05  0.2992110E-01
   0.3290741E+05  0.1288541E+05  0.2938990E-01
   0.3331068E+05  0.1328868E+05  0.2874640E-01
   0.3371396E+05  0.1369196E+05  0.2794490E-01
   0.3411724E+05  0.1409524E+05  0.2700020E-01
   0.3452052E+05  0.1449852E+05  0.2609820E-01
   0.3492379E+05  0.1490179E+05  0.2520210E-01
   0.3532707E+05  0.1530507E+05  0.2422420E-01
   0.3573035E+05  0.1570835E+05  0.2324700E-01
   0.3613362E+05  0.1611162E+05  0.2233290E-01
   0.3653690E+05  0.1651490E+05  0.2145460E-01
   0.3694018E+05  0.1691818E+05  0.2060920E-01
   0.3734346E+05  0.1732146E+05  0.1984130E-01
   0.3774673E+05  0.1772473E+05  0.1918140E-01
   0.3815001E+05  0.1812801E+05  0.1861530E-01
   0.3855329E+05  0.1853129E+05  0.1811290E-01
   0.3895656E+05  0.1893456E+05  0.1763920E-01
   0.3935984E+05  0.1933784E+05  0.1725000E-01
   0.3976312E+05  0.1974112E+05  0.1690530E-01
   0.4016639E+05  0.2014439E+05  0.1664160E-01
   0.4056967E+05  0.2054767E+05  0.1638430E-01
   0.4097295E+05  0.2095095E+05  0.1617550E-01
   0.4137623E+05  0.2135423E+05  0.1593020E-01
   0.4177950E+05  0.2175750E+05  0.1566370E-01
   0.4218278E+05  0.2216078E+05  0.1547020E-01
   0.4258606E+05  0.2256406E+05  0.1519750E-01
   0.4298933E+05  0.2296733E+05  0.1488240E-01
   0.4339261E+05  0.2337061E+05  0.1454860E-01
   0.4379589E+05  0.2377389E+05  0.1423010E-01
   0.4419917E+05  0.2417717E+05  0.1392090E-01
