   0.2080910E+05  0.6239096E+04  0.3187810E-02
   0.2121237E+05  0.6642373E+04  0.2902810E-01
   0.2161565E+05  0.7045650E+04  0.8949680E-01
   0.2201893E+05  0.7448927E+04  0.1427800E+00
   0.2242220E+05  0.7852204E+04  0.1807980E+00
   0.2282548E+05  0.8255481E+04  0.2058820E+00
   0.2322876E+05  0.8658759E+04  0.2232990E+00
   0.2363204E+05  0.9062036E+04  0.2369420E+00
   0.2403531E+05  0.9465313E+04  0.2464460E+00
   0.2443859E+05  0.9868590E+04  0.2508050E+00
   0.2484187E+05  0.1027187E+05  0.2512490E+00
   0.2524514E+05  0.1067514E+05  0.2453750E+00
   0.2564842E+05  0.1107842E+05  0.2366370E+00
   0.2605170E+05  0.1148170E+05  0.2245160E+00
   0.2645497E+05  0.1188497E+05  0.2076570E+00
   0.2685825E+05  0.1228825E+05  0.1908290E+00
   0.2726153E+05  0.1269153E+05  0.1708820E+00
   0.2766481E+05  0.1309481E+05  0.1520680E+00
   0.2806808E+05  0.1349808E+05  0.1340790E+00
   0.2847136E+05  0.1390136E+05  0.1179880E+00
   0.2887464E+05  0.1430464E+05  0.1051140E+00
   0.2927791E+05  0.1470791E+05  0.9549750E-01
   0.2968119E+05  0.1511119E+05  0.8778080E-01
   0.3008447E+05  0.1551447E+05  0.8263320E-01
   0.3048775E+05  0.1591775E+05  0.7969410E-01
   0.3089102E+05  0.1632102E+05  0.7722030E-01
   0.3129430E+05  0.1672430E+05  0.7590690E-01
   0.3169758E+05  0.1712758E+05  0.7511370E-01
   0.3210085E+05  0.1753085E+05  0.7405420E-01
   0.3250413E+05  0.1793413E+05  0.7306370E-01
   0.3290741E+05  0.1833741E+05  0.7237280E-01
   0.3331068E+05  0.1874068E+05  0.7148860E-01
   0.3371396E+05  0.1914396E+05  0.7046430E-01
   0.3411724E+05  0.1954724E+05  0.6954420E-01
   0.3452052E+05  0.1995052E+05  0.6848200E-01
   0.3492379E+05  0.2035379E+05  0.6729060E-01
   0.3532707E+05  0.2075707E+05  0.6613450E-01
   0.3573035E+05  0.2116035E+05  0.6504760E-01
   0.3613362E+05  0.2156362E+05  0.6413800E-01
   0.3653690E+05  0.2196690E+05  0.6304870E-01
   0.3694018E+05  0.2237018E+05  0.6201130E-01
   0.3734346E+05  0.2277346E+05  0.6085380E-01
   0.3774673E+05  0.2317673E+05  0.5968250E-01
   0.3815001E+05  0.2358001E+05  0.5839700E-01
   0.3855329E+05  0.2398329E+05  0.5734320E-01
   0.3895656E+05  0.2438656E+05  0.5623330E-01
   0.3935984E+05  0.2478984E+05  0.5543760E-01
   0.3976312E+05  0.2519312E+05  0.5472300E-01
   0.4016639E+05  0.2559639E+05  0.5405620E-01
   0.4056967E+05  0.2599967E+05  0.5349460E-01
   0.4097295E+05  0.2640295E+05  0.5291110E-01
   0.4137623E+05  0.2680623E+05  0.5237620E-01
   0.4177950E+05  0.2720950E+05  0.5184350E-01
   0.4218278E+05  0.2761278E+05  0.5156440E-01
   0.4258606E+05  0.2801606E+05  0.5100340E-01
   0.4298933E+05  0.2841933E+05  0.5061830E-01
   0.4339261E+05  0.2882261E+05  0.5029540E-01
   0.4379589E+05  0.2922589E+05  0.5014840E-01
   0.4419917E+05  0.2962917E+05  0.4992720E-01
