   0.1403404E+05  0.6604161E+02  0.1563760E-02
   0.1419535E+05  0.2273524E+03  0.1093080E-01
   0.1435666E+05  0.3886633E+03  0.3506600E-01
   0.1451797E+05  0.5499741E+03  0.4925300E-01
   0.1467928E+05  0.7112849E+03  0.5580770E-01
   0.1484060E+05  0.8725957E+03  0.5679380E-01
   0.1500191E+05  0.1033907E+04  0.5710600E-01
   0.1516322E+05  0.1195217E+04  0.5475180E-01
   0.1532453E+05  0.1356528E+04  0.5368690E-01
   0.1548584E+05  0.1517839E+04  0.5463760E-01
   0.1564715E+05  0.1679150E+04  0.5664210E-01
   0.1580846E+05  0.1840461E+04  0.5705950E-01
   0.1596977E+05  0.2001771E+04  0.5822700E-01
   0.1613108E+05  0.2163082E+04  0.5871490E-01
   0.1629239E+05  0.2324393E+04  0.5942240E-01
   0.1645370E+05  0.2485704E+04  0.5977380E-01
   0.1661501E+05  0.2647015E+04  0.6009300E-01
   0.1677633E+05  0.2808326E+04  0.6099340E-01
   0.1693764E+05  0.2969636E+04  0.6192460E-01
   0.1709895E+05  0.3130947E+04  0.6265310E-01
   0.1726026E+05  0.3292258E+04  0.6294910E-01
   0.1742157E+05  0.3453569E+04  0.6294600E-01
   0.1758288E+05  0.3614880E+04  0.6247330E-01
   0.1774419E+05  0.3776191E+04  0.6269580E-01
   0.1790550E+05  0.3937501E+04  0.6362240E-01
   0.1806681E+05  0.4098812E+04  0.6467900E-01
   0.1822812E+05  0.4260123E+04  0.6473700E-01
   0.1838943E+05  0.4421434E+04  0.6380940E-01
   0.1879271E+05  0.4824711E+04  0.6397140E-01
   0.1919599E+05  0.5227988E+04  0.6445640E-01
   0.1959927E+05  0.5631265E+04  0.6545960E-01
   0.2000254E+05  0.6034542E+04  0.6900760E-01
   0.2040582E+05  0.6437819E+04  0.7080090E-01
   0.2080910E+05  0.6841096E+04  0.6799960E-01
   0.2121237E+05  0.7244373E+04  0.6712920E-01
   0.2161565E+05  0.7647650E+04  0.6292010E-01
   0.2201893E+05  0.8050927E+04  0.6250210E-01
   0.2242220E+05  0.8454204E+04  0.6465180E-01
   0.2282548E+05  0.8857481E+04  0.6814240E-01
   0.2322876E+05  0.9260759E+04  0.6965310E-01
   0.2363204E+05  0.9664036E+04  0.6974870E-01
   0.2403531E+05  0.1006731E+05  0.7143710E-01
   0.2443859E+05  0.1047059E+05  0.7230380E-01
   0.2484187E+05  0.1087387E+05  0.7220010E-01
   0.2524514E+05  0.1127714E+05  0.7094700E-01
   0.2564842E+05  0.1168042E+05  0.6958580E-01
   0.2605170E+05  0.1208370E+05  0.6764100E-01
   0.2645497E+05  0.1248697E+05  0.6671480E-01
   0.2685825E+05  0.1289025E+05  0.6769990E-01
   0.2726153E+05  0.1329353E+05  0.7079820E-01
   0.2766481E+05  0.1369681E+05  0.7397300E-01
   0.2806808E+05  0.1410008E+05  0.7416920E-01
   0.2847136E+05  0.1450336E+05  0.7461410E-01
   0.2887464E+05  0.1490664E+05  0.7331400E-01
   0.2927791E+05  0.1530991E+05  0.7325750E-01
   0.2968119E+05  0.1571319E+05  0.7319990E-01
   0.3008447E+05  0.1611647E+05  0.7286740E-01
   0.3048775E+05  0.1651975E+05  0.7481280E-01
   0.3089102E+05  0.1692302E+05  0.7673490E-01
   0.3129430E+05  0.1732630E+05  0.7716690E-01
   0.3169758E+05  0.1772958E+05  0.7830670E-01
   0.3210085E+05  0.1813285E+05  0.7861530E-01
   0.3250413E+05  0.1853613E+05  0.7944520E-01
   0.3290741E+05  0.1893941E+05  0.8197760E-01
   0.3331068E+05  0.1934268E+05  0.8392490E-01
   0.3371396E+05  0.1974596E+05  0.8507320E-01
   0.3411724E+05  0.2014924E+05  0.8566790E-01
   0.3452052E+05  0.2055252E+05  0.8640210E-01
   0.3492379E+05  0.2095579E+05  0.8811630E-01
   0.3532707E+05  0.2135907E+05  0.9017690E-01
   0.3573035E+05  0.2176235E+05  0.9202670E-01
   0.3613362E+05  0.2216562E+05  0.9376620E-01
   0.3653690E+05  0.2256890E+05  0.9537920E-01
   0.3694018E+05  0.2297218E+05  0.9666740E-01
   0.3734346E+05  0.2337546E+05  0.9830380E-01
   0.3774673E+05  0.2377873E+05  0.9998740E-01
   0.3815001E+05  0.2418201E+05  0.1016000E+00
   0.3855329E+05  0.2458529E+05  0.1033410E+00
   0.3895656E+05  0.2498856E+05  0.1052370E+00
   0.3935984E+05  0.2539184E+05  0.1068910E+00
   0.3976312E+05  0.2579512E+05  0.1088650E+00
   0.4016639E+05  0.2619839E+05  0.1108690E+00
   0.4056967E+05  0.2660167E+05  0.1129710E+00
   0.4097295E+05  0.2700495E+05  0.1148760E+00
   0.4137623E+05  0.2740823E+05  0.1167800E+00
   0.4177950E+05  0.2781150E+05  0.1184210E+00
   0.4218278E+05  0.2821478E+05  0.1202010E+00
   0.4258606E+05  0.2861806E+05  0.1221230E+00
   0.4298933E+05  0.2902133E+05  0.1234500E+00
   0.4339261E+05  0.2942461E+05  0.1253530E+00
   0.4379589E+05  0.2982789E+05  0.1269330E+00
   0.4419917E+05  0.3023117E+05  0.1290630E+00
