   0.1500191E+05  0.3690655E+02  0.5023050E-03
   0.1516322E+05  0.1982174E+03  0.1074920E-02
   0.1532453E+05  0.3595282E+03  0.2973220E-02
   0.1548584E+05  0.5208390E+03  0.6100560E-02
   0.1564715E+05  0.6821498E+03  0.1005930E-01
   0.1580846E+05  0.8434607E+03  0.1490670E-01
   0.1596977E+05  0.1004771E+04  0.2122260E-01
   0.1613108E+05  0.1166082E+04  0.2862070E-01
   0.1629239E+05  0.1327393E+04  0.3647170E-01
   0.1645370E+05  0.1488704E+04  0.4413520E-01
   0.1661501E+05  0.1650015E+04  0.5133940E-01
   0.1677633E+05  0.1811326E+04  0.5676250E-01
   0.1693764E+05  0.1972636E+04  0.6059680E-01
   0.1709895E+05  0.2133947E+04  0.6345870E-01
   0.1726026E+05  0.2295258E+04  0.6552880E-01
   0.1742157E+05  0.2456569E+04  0.6710420E-01
   0.1758288E+05  0.2617880E+04  0.6848380E-01
   0.1774419E+05  0.2779191E+04  0.7087590E-01
   0.1790550E+05  0.2940501E+04  0.7393890E-01
   0.1806681E+05  0.3101812E+04  0.7659510E-01
   0.1822812E+05  0.3263123E+04  0.7936870E-01
   0.1838943E+05  0.3424434E+04  0.8216750E-01
   0.1879271E+05  0.3827711E+04  0.8889920E-01
   0.1919599E+05  0.4230988E+04  0.9179120E-01
   0.1959927E+05  0.4634265E+04  0.9663620E-01
   0.2000254E+05  0.5037542E+04  0.1012110E+00
   0.2040582E+05  0.5440819E+04  0.1033750E+00
   0.2080910E+05  0.5844096E+04  0.1048750E+00
   0.2121237E+05  0.6247373E+04  0.1045840E+00
   0.2161565E+05  0.6650650E+04  0.1062050E+00
   0.2201893E+05  0.7053927E+04  0.1078540E+00
   0.2242220E+05  0.7457204E+04  0.1101740E+00
   0.2282548E+05  0.7860481E+04  0.1112690E+00
   0.2322876E+05  0.8263759E+04  0.1111750E+00
   0.2363204E+05  0.8667036E+04  0.1102560E+00
   0.2403531E+05  0.9070313E+04  0.1089120E+00
   0.2443859E+05  0.9473590E+04  0.1076040E+00
   0.2484187E+05  0.9876867E+04  0.1047440E+00
   0.2524514E+05  0.1028014E+05  0.1042290E+00
   0.2564842E+05  0.1068342E+05  0.1045290E+00
   0.2605170E+05  0.1108670E+05  0.1038800E+00
   0.2645497E+05  0.1148997E+05  0.1034260E+00
   0.2685825E+05  0.1189325E+05  0.1041060E+00
   0.2726153E+05  0.1229653E+05  0.1021350E+00
   0.2766481E+05  0.1269981E+05  0.1022560E+00
   0.2806808E+05  0.1310308E+05  0.1019890E+00
   0.2847136E+05  0.1350636E+05  0.1025130E+00
   0.2887464E+05  0.1390964E+05  0.1031420E+00
   0.2927791E+05  0.1431291E+05  0.1019810E+00
   0.2968119E+05  0.1471619E+05  0.1010760E+00
   0.3008447E+05  0.1511947E+05  0.1000110E+00
   0.3048775E+05  0.1552275E+05  0.9975320E-01
   0.3089102E+05  0.1592602E+05  0.9934620E-01
   0.3129430E+05  0.1632930E+05  0.9857710E-01
   0.3169758E+05  0.1673258E+05  0.9780340E-01
   0.3210085E+05  0.1713585E+05  0.9740380E-01
   0.3250413E+05  0.1753913E+05  0.9659660E-01
   0.3290741E+05  0.1794241E+05  0.9514670E-01
   0.3331068E+05  0.1834568E+05  0.9385310E-01
   0.3371396E+05  0.1874896E+05  0.9279100E-01
   0.3411724E+05  0.1915224E+05  0.9211490E-01
   0.3452052E+05  0.1955552E+05  0.9139190E-01
   0.3492379E+05  0.1995879E+05  0.9067100E-01
   0.3532707E+05  0.2036207E+05  0.8997490E-01
   0.3573035E+05  0.2076535E+05  0.8920970E-01
   0.3613362E+05  0.2116862E+05  0.8862040E-01
   0.3653690E+05  0.2157190E+05  0.8808110E-01
   0.3694018E+05  0.2197518E+05  0.8754060E-01
   0.3734346E+05  0.2237846E+05  0.8701080E-01
   0.3774673E+05  0.2278173E+05  0.8651840E-01
   0.3815001E+05  0.2318501E+05  0.8598560E-01
   0.3855329E+05  0.2358829E+05  0.8546450E-01
   0.3895656E+05  0.2399156E+05  0.8512570E-01
   0.3935984E+05  0.2439484E+05  0.8472510E-01
   0.3976312E+05  0.2479812E+05  0.8455760E-01
   0.4016639E+05  0.2520139E+05  0.8423970E-01
   0.4056967E+05  0.2560467E+05  0.8406380E-01
   0.4097295E+05  0.2600795E+05  0.8371170E-01
   0.4137623E+05  0.2641123E+05  0.8350520E-01
   0.4177950E+05  0.2681450E+05  0.8320570E-01
   0.4218278E+05  0.2721778E+05  0.8294660E-01
   0.4258606E+05  0.2762106E+05  0.8270560E-01
   0.4298933E+05  0.2802433E+05  0.8236030E-01
   0.4339261E+05  0.2842761E+05  0.8231560E-01
   0.4379589E+05  0.2883089E+05  0.8204430E-01
   0.4419917E+05  0.2923417E+05  0.8204120E-01
