# Differential cross section		
# Author: P. Swaczyna	Princeton University	(swaczyna@princeton.edu)
# Date: 	Wed 17 Feb 2021 11:35:13	
# 		
# Elastic collision: He^0 + He^+ -> He^0 + He^+		
# 		
# Red. mass: 	1.8640723202E+9	 eV/c^2
# CM energy: 	3.7583740429E-3	 eV
# Rel speed: 	6.0201085467E+4	 cm/s
# Tot sigma: 	N/A	 a.u.
# Int sigma: 	2.1854571058E+3	 a.u.
# 		
# Columns:		
# the <- scattering angle (rad)		
# dcs <- dsigma/dOmega*2*pi*sin(the) (a.u. = 2.8002852056E-17 cm^2)		
# wei <- weight for cross section integration (approx. width of angle bin)		
# 		
# the	dcs	wei
7.6907532846E-6	5.2994276955E+0	1.9736940383E-5
4.0521979771E-5	2.7922143598E+1	4.5943520243E-5
9.9587300392E-5	6.8620148567E+1	7.2188137769E-5
1.8489884726E-4	1.2739470738E+2	9.8434919423E-5
2.9645680168E-4	2.0422604537E+2	1.2468073282E-4
4.3425968311E-4	2.9906998963E+2	1.5092466531E-4
5.9830531657E-4	4.1184518553E+2	1.7716615272E-4
7.8859101285E-4	5.4241710609E+2	2.0340471372E-4
1.0051136166E-3	6.9057990672E+2	2.2963989267E-4
1.2478695220E-3	8.5603715821E+2	2.5587124334E-4
1.5168546797E-3	1.0383828856E+3	2.8209832342E-4
1.8120645986E-3	1.2370848287E+3	3.0832069259E-4
2.1334943481E-3	1.4514723157E+3	3.3453791144E-4
2.4811385584E-3	1.6807314900E+3	3.6074954110E-4
2.8549914211E-3	1.9239107022E+3	3.8695514312E-4
3.2550466893E-3	2.1799385013E+3	4.1315427928E-4
3.6812976783E-3	2.4476556732E+3	4.3934651156E-4
4.1337372652E-3	2.7258610712E+3	4.6553140213E-4
4.6123578895E-3	3.0133685821E+3	4.9170851331E-4
5.1171515529E-3	3.3090696771E+3	5.1787740760E-4
5.6481098199E-3	3.6119930445E+3	5.4403764760E-4
6.2052238176E-3	3.9213504534E+3	5.7018879612E-4
6.7884842360E-3	4.2365570723E+3	5.9633041614E-4
7.3978813281E-3	4.5572157975E+3	6.2246207073E-4
8.0334049101E-3	4.8830593551E+3	6.4858332323E-4
8.6950443616E-3	5.2138512166E+3	6.7469373705E-4
9.3827886258E-3	5.5492561897E+3	7.0079287589E-4
1.0096626210E-2	5.8887024750E+3	7.2688030358E-4
1.0836545184E-2	6.2312665128E+3	7.5295558414E-4
1.1602533184E-2	6.5756165917E+3	7.7901828182E-4
1.2394577408E-2	6.9200470324E+3	8.0506796108E-4
1.3212664621E-2	7.2626187748E+3	8.3110418659E-4
1.4056781152E-2	7.6013943056E+3	8.5712652325E-4
1.4926912893E-2	7.9347200817E+3	8.8313453619E-4
1.5823045305E-2	8.2614788173E+3	9.0912779076E-4
1.6745163410E-2	8.5812217102E+3	9.3510585261E-4
1.7693251801E-2	8.8941093813E+3	9.6106828758E-4
1.8667294632E-2	9.2006432054E+3	9.8701466182E-4
1.9667275626E-2	9.5012447059E+3	1.0129445417E-3
2.0693178073E-2	9.7958147120E+3	1.0388574939E-3
2.1744984827E-2	1.0083443737E+4	1.0647530855E-3
2.2822678313E-2	1.0362422149E+4	1.0906308836E-3
2.3926240519E-2	1.0630602323E+4	1.1164904558E-3
2.5055653005E-2	1.0886015353E+4	1.1423313699E-3
2.6210896896E-2	1.1127499498E+4	1.1681531941E-3
2.7391952886E-2	1.1355037307E+4	1.1939554970E-3
2.8598801239E-2	1.1569586078E+4	1.2197378472E-3
2.9831421786E-2	1.1772415755E+4	1.2454998140E-3
3.1089793929E-2	1.1964241995E+4	1.2712409668E-3
3.2373896638E-2	1.2144607876E+4	1.2969608754E-3
3.3683708455E-2	1.2311900560E+4	1.3226591101E-3
3.5019207490E-2	1.2464073870E+4	1.3483352414E-3
3.6380371427E-2	1.2599720295E+4	1.3739888402E-3
3.7767177517E-2	1.2718850799E+4	1.3996194778E-3
3.9179602586E-2	1.2822835606E+4	1.4252267258E-3
4.0617623030E-2	1.2913459436E+4	1.4508101565E-3
4.2081214817E-2	1.2991666645E+4	1.4763693421E-3
4.3570353490E-2	1.3056868607E+4	1.5019038556E-3
4.5085014162E-2	1.3107371761E+4	1.5274132703E-3
4.6625171522E-2	1.3141692570E+4	1.5528971598E-3
4.8190799831E-2	1.3159796207E+4	1.5783550984E-3
4.9781872927E-2	1.3163249272E+4	1.6037866605E-3
5.1398364219E-2	1.3154086164E+4	1.6291914212E-3
5.3040246694E-2	1.3133280205E+4	1.6545689559E-3
5.4707492914E-2	1.3100133514E+4	1.6799188405E-3
5.6400075017E-2	1.3053174778E+4	1.7052406515E-3
5.8117964718E-2	1.2991805192E+4	1.7305339655E-3
5.9861133308E-2	1.2917164306E+4	1.7557983600E-3
6.1629551657E-2	1.2831345828E+4	1.7810334128E-3
6.3423190212E-2	1.2735696809E+4	1.8062387021E-3
6.5242019000E-2	1.2629907036E+4	1.8314138067E-3
6.7086007624E-2	1.2512841633E+4	1.8565583060E-3
6.8955125270E-2	1.2384248025E+4	1.8816717796E-3
7.0849340702E-2	1.2245482378E+4	1.9067538080E-3
7.2768622264E-2	1.2098445973E+4	1.9318039720E-3
7.4712937885E-2	1.1943957485E+4	1.9568218529E-3
7.6682255070E-2	1.1781454075E+4	1.9818070327E-3
7.8676540910E-2	1.1610337197E+4	2.0067590939E-3
8.0695762079E-2	1.1431286686E+4	2.0316776194E-3
8.2739884832E-2	1.1245923007E+4	2.0565621928E-3
8.4808875009E-2	1.1055321097E+4	2.0814123983E-3
8.6902698034E-2	1.0859342253E+4	2.1062278206E-3
8.9021318917E-2	1.0657591057E+4	2.1310080450E-3
9.1164702253E-2	1.0450598810E+4	2.1557526574E-3
9.3332812224E-2	1.0239613965E+4	2.1804612443E-3
9.5525612596E-2	1.0025433095E+4	2.2051333928E-3
9.7743066726E-2	9.8080216467E+3	2.2297686905E-3
9.9985137556E-2	9.5873497119E+3	2.2543667257E-3
1.0225178762E-1	9.3640425535E+3	2.2789270875E-3
1.0454297904E-1	9.1389155390E+3	2.3034493653E-3
1.0685867352E-1	8.9123210678E+3	2.3279331494E-3
1.0919883237E-1	8.6843664064E+3	2.3523780306E-3
1.1156341648E-1	8.4554309755E+3	2.3767836004E-3
1.1395238633E-1	8.2260166241E+3	2.4011494510E-3
1.1636570200E-1	7.9963712908E+3	2.4254751751E-3
1.1880332317E-1	7.7667262669E+3	2.4497603662E-3
1.2126520909E-1	7.5375923567E+3	2.4740046186E-3
1.2375131862E-1	7.3093416540E+3	2.4982075270E-3
1.2626161023E-1	7.0819050105E+3	2.5223686871E-3
1.2879604195E-1	6.8554239100E+3	2.5464876949E-3
1.3135457143E-1	6.6306279380E+3	2.5705641475E-3
1.3393715592E-1	6.4079282537E+3	2.5945976426E-3
1.3654375226E-1	6.1869355088E+3	2.6185877784E-3
1.3917431689E-1	5.9676424093E+3	2.6425341541E-3
1.4182880585E-1	5.7510013912E+3	2.6664363695E-3
1.4450717478E-1	5.5374423586E+3	2.6902940251E-3
1.4720937892E-1	5.3262658723E+3	2.7141067224E-3
1.4993537310E-1	5.1174590174E+3	2.7378740632E-3
1.5268511179E-1	4.9122191399E+3	2.7615956505E-3
1.5545854902E-1	4.7107861286E+3	2.7852710878E-3
1.5825563845E-1	4.5121790808E+3	2.8088999795E-3
1.6107633333E-1	4.3166975013E+3	2.8324819307E-3
1.6392058653E-1	4.1257045565E+3	2.8560165473E-3
1.6678835052E-1	3.9389036735E+3	2.8795034361E-3
1.6967957737E-1	3.7552792331E+3	2.9029422044E-3
1.7259421876E-1	3.5758033141E+3	2.9263324607E-3
1.7553222599E-1	3.4015779946E+3	2.9496738141E-3
1.7849354996E-1	3.2315514924E+3	2.9729658744E-3
1.8147814117E-1	3.0653295114E+3	2.9962082525E-3
1.8448594977E-1	2.9045061387E+3	3.0194005599E-3
1.8751692548E-1	2.7491487090E+3	3.0425424091E-3
1.9057101764E-1	2.5979513226E+3	3.0656334132E-3
1.9364817522E-1	2.4518224713E+3	3.0886731866E-3
1.9674834681E-1	2.3119623018E+3	3.1116613440E-3
1.9987148058E-1	2.1771630044E+3	3.1345975014E-3
2.0301752435E-1	2.0472359546E+3	3.1574812755E-3
2.0618642554E-1	1.9238159845E+3	3.1803122838E-3
2.0937813120E-1	1.8064168674E+3	3.2030901448E-3
2.1259258799E-1	1.6940454714E+3	3.2258144779E-3
2.1582974219E-1	1.5881133189E+3	3.2484849032E-3
2.1908953970E-1	1.4888989002E+3	3.2711010421E-3
2.2237192605E-1	1.3950922036E+3	3.2936625164E-3
2.2567684639E-1	1.3075915977E+3	3.3161689492E-3
2.2900424548E-1	1.2271673671E+3	3.3386199643E-3
2.3235406772E-1	1.1525327274E+3	3.3610151867E-3
2.3572625713E-1	1.0840910216E+3	3.3833542419E-3
2.3912075735E-1	1.0227928209E+3	3.4056367567E-3
2.4253751167E-1	9.6750076457E+2	3.4278623588E-3
2.4597646298E-1	9.1827738806E+2	3.4500306767E-3
2.4943755380E-1	8.7602756195E+2	3.4721413399E-3
2.5292072631E-1	8.3975096444E+2	3.4941939790E-3
2.5642592230E-1	8.0933637393E+2	3.5161882254E-3
2.5995308318E-1	7.8550812214E+2	3.5381237115E-3
2.6350215001E-1	7.6734663284E+2	3.5600000709E-3
2.6707306349E-1	7.5469319114E+2	3.5818169379E-3
2.7066576394E-1	7.4801244521E+2	3.6035739479E-3
2.7428019131E-1	7.4643149662E+2	3.6252707373E-3
2.7791628522E-1	7.4981166949E+2	3.6469069436E-3
2.8157398488E-1	7.5830973668E+2	3.6684822051E-3
2.8525322919E-1	7.7111833734E+2	3.6899961614E-3
2.8895395665E-1	7.8811632483E+2	3.7114484529E-3
2.9267610542E-1	8.0914376493E+2	3.7328387211E-3
2.9641961330E-1	8.3352227276E+2	3.7541666086E-3
3.0018441773E-1	8.6107068544E+2	3.7754317588E-3
3.0397045579E-1	8.9138166308E+2	3.7966338166E-3
3.0777766421E-1	9.2395719662E+2	3.8177724274E-3
3.1160597938E-1	9.5843615880E+2	3.8388472382E-3
3.1545533730E-1	9.9434173057E+2	3.8598578967E-3
3.1932567367E-1	1.0313030513E+3	3.8808040517E-3
3.2321692379E-1	1.0687235083E+3	3.9016853533E-3
3.2712902264E-1	1.1062875735E+3	3.9225014525E-3
3.3106190484E-1	1.1435460213E+3	3.9432520014E-3
3.3501550468E-1	1.1798233336E+3	3.9639366533E-3
3.3898975607E-1	1.2150543069E+3	3.9845550624E-3
3.4298459261E-1	1.2484907248E+3	4.0051068843E-3
3.4699994753E-1	1.2797563285E+3	4.0255917754E-3
3.5103575373E-1	1.3087789503E+3	4.0460093936E-3
3.5509194378E-1	1.3346145529E+3	4.0663593974E-3
3.5916844988E-1	1.3574461561E+3	4.0866414469E-3
3.6326520391E-1	1.3767401951E+3	4.1068552032E-3
3.6738213741E-1	1.3919490029E+3	4.1270003283E-3
3.7151918157E-1	1.4034587516E+3	4.1470764858E-3
3.7567626728E-1	1.4102883390E+3	4.1670833400E-3
3.7985332504E-1	1.4127992415E+3	4.1870205567E-3
3.8405028507E-1	1.4107729948E+3	4.2068878026E-3
3.8826707721E-1	1.4036712515E+3	4.2266847457E-3
3.9250363101E-1	1.3922431507E+3	4.2464110553E-3
3.9675987567E-1	1.3756135906E+3	4.2660664016E-3
4.0103574005E-1	1.3544333219E+3	4.2856504563E-3
4.0533115271E-1	1.3286439751E+3	4.3051628919E-3
4.0964604185E-1	1.2979940817E+3	4.3246033825E-3
4.1398033538E-1	1.2634312522E+3	4.3439716031E-3
4.1833396086E-1	1.2242471627E+3	4.3632672302E-3
4.2270684554E-1	1.1814949843E+3	4.3824899412E-3
4.2709891633E-1	1.1350273109E+3	4.4016394148E-3
4.3151009985E-1	1.0851606562E+3	4.4207153312E-3
4.3594032237E-1	1.0327163571E+3	4.4397173715E-3
4.4038950986E-1	9.7733274090E+2	4.4586452181E-3
4.4485758797E-1	9.2029870577E+2	4.4774985548E-3
4.4934448203E-1	8.6128903879E+2	4.4962770664E-3
4.5385011706E-1	8.0128123232E+2	4.5149804392E-3
4.5837441776E-1	7.4057819085E+2	4.5336083606E-3
4.6291730852E-1	6.7948822031E+2	4.5521605193E-3
4.6747871344E-1	6.1895607077E+2	4.5706366053E-3
4.7205855627E-1	5.5883315184E+2	4.5890363098E-3
4.7665676049E-1	5.0027664422E+2	4.6073593254E-3
4.8127324926E-1	4.4313596294E+2	4.6256053458E-3
4.8590794542E-1	3.8831893312E+2	4.6437740661E-3
4.9056077152E-1	3.3598511866E+2	4.6618651826E-3
4.9523164982E-1	2.8658778033E+2	4.6798783932E-3
4.9992050224E-1	2.4061326748E+2	4.6978133967E-3
5.0462725044E-1	1.9813284774E+2	4.7156698934E-3
5.0935181576E-1	1.5976784857E+2	4.7334475849E-3
5.1409411924E-1	1.2540738851E+2	4.7511461741E-3
5.1885408164E-1	9.5582469509E+1	4.7687653653E-3
5.2363162341E-1	7.0167009956E+1	4.7863048641E-3
5.2842666471E-1	4.9467640058E+1	4.8037643772E-3
5.3323912540E-1	3.3401877936E+1	4.8211436130E-3
5.3806892508E-1	2.2037594388E+1	4.8384422809E-3
5.4291598301E-1	1.5299372733E+1	4.8556600920E-3
5.4778021821E-1	1.3081503551E+1	4.8727967585E-3
5.5266154939E-1	1.5239355350E+1	4.8898519940E-3
5.5755989496E-1	2.1579857814E+1	4.9068255135E-3
5.6247517308E-1	3.1825996569E+1	4.9237170334E-3
5.6740730160E-1	4.5762786047E+1	4.9405262713E-3
5.7235619810E-1	6.2958287859E+1	4.9572529464E-3
5.7732177988E-1	8.3205653259E+1	4.9738967791E-3
5.8230396395E-1	1.0593777151E+2	4.9904574913E-3
5.8730266706E-1	1.3095667079E+2	5.0069348063E-3
5.9231780568E-1	1.5760847066E+2	5.0233284486E-3
5.9734929598E-1	1.8569039765E+2	5.0396381444E-3
6.0239705389E-1	2.1452132423E+2	5.0558636210E-3
6.0746099506E-1	2.4387974193E+2	5.0720046074E-3
6.1254103485E-1	2.7311375416E+2	5.0880608338E-3
6.1763708838E-1	3.0197772061E+2	5.1040320318E-3
6.2274907048E-1	3.2989413016E+2	5.1199179345E-3
6.2787689573E-1	3.5659921650E+2	5.1357182766E-3
6.3302047843E-1	3.8162066902E+2	5.1514327939E-3
6.3817973262E-1	4.0469256072E+2	5.1670612238E-3
6.4335457209E-1	4.2546462619E+2	5.1826033052E-3
6.4854491036E-1	4.4369108192E+2	5.1980587783E-3
6.5375066070E-1	4.5914849428E+2	5.2134273849E-3
6.5897173609E-1	4.7163578999E+2	5.2287088681E-3
6.6420804930E-1	4.8105131565E+2	5.2439029725E-3
6.6945951283E-1	4.8726202289E+2	5.2590094442E-3
6.7472603890E-1	4.9027511354E+2	5.2740280309E-3
6.8000753951E-1	4.9004505839E+2	5.2889584814E-3
6.8530392640E-1	4.8666876355E+2	5.3038005463E-3
6.9061511106E-1	4.8020222968E+2	5.3185539776E-3
6.9594100473E-1	4.7080823274E+2	5.3332185287E-3
7.0128151841E-1	4.5865181601E+2	5.3477939546E-3
7.0663656285E-1	4.4393483708E+2	5.3622800116E-3
7.1200604856E-1	4.2693172575E+2	5.3766764577E-3
7.1738988581E-1	4.0785582308E+2	5.3909830523E-3
7.2278798463E-1	3.8708356394E+2	5.4051995564E-3
7.2820025482E-1	3.6481398007E+2	5.4193257323E-3
7.3362660591E-1	3.4150990059E+2	5.4333613439E-3
7.3906694724E-1	3.1733496209E+2	5.4473061568E-3
7.4452118788E-1	2.9281426475E+2	5.4611599379E-3
7.4998923669E-1	2.6806239799E+2	5.4749224557E-3
7.5547100229E-1	2.4363444718E+2	5.4885934801E-3
7.6096639308E-1	2.1959158831E+2	5.5021727828E-3
7.6647531721E-1	1.9648000907E+2	5.5156601367E-3
7.7199768263E-1	1.7431257247E+2	5.5290553166E-3
7.7753339704E-1	1.5358443105E+2	5.5423580985E-3
7.8308236795E-1	1.3427259594E+2	5.5555682601E-3
7.8864450262E-1	1.1678112800E+2	5.5686855808E-3
7.9421970809E-1	1.0106655619E+2	5.5817098412E-3
7.9980789121E-1	8.7410701153E+1	5.5946408237E-3
8.0540895857E-1	7.5761942199E+1	5.6074783123E-3
8.1102281659E-1	6.6264461597E+1	5.6202220924E-3
8.1664937145E-1	5.8862224011E+1	5.6328719509E-3
8.2228852912E-1	5.3566643734E+1	5.6454276767E-3
8.2794019536E-1	5.0309764271E+1	5.6578890597E-3
8.3360427572E-1	4.8995047226E+1	5.6702558918E-3
8.3928067556E-1	4.9526335994E+1	5.6825279663E-3
8.4496930000E-1	5.1737283522E+1	5.6947050782E-3
8.5067005399E-1	5.5486527302E+1	5.7067870238E-3
8.5638284226E-1	6.0577472333E+1	5.7187736014E-3
8.6210756934E-1	6.6817015868E+1	5.7306646105E-3
8.6784413956E-1	7.4006195401E+1	5.7424598526E-3
8.7359245705E-1	8.1913189108E+1	5.7541591304E-3
8.7935242576E-1	9.0344838160E+1	5.7657622485E-3
8.8512394943E-1	9.9064010595E+1	5.7772690129E-3
8.9090693161E-1	1.0787430605E+2	5.7886792314E-3
8.9670127565E-1	1.1657628398E+2	5.7999927133E-3
9.0250688473E-1	1.2495780255E+2	5.8112092696E-3
9.0832366182E-1	1.3289020073E+2	5.8223287127E-3
9.1415150972E-1	1.4014824912E+2	5.8333508568E-3
9.1999033104E-1	1.4667887955E+2	5.8442755178E-3
9.2584002820E-1	1.5227313661E+2	5.8551025132E-3
9.3170050345E-1	1.5692537468E+2	5.8658316618E-3
9.3757165885E-1	1.6049273881E+2	5.8764627846E-3
9.4345339628E-1	1.6297169630E+2	5.8869957037E-3
9.4934561746E-1	1.6433076202E+2	5.8974302433E-3
9.5524822392E-1	1.6453643840E+2	5.9077662288E-3
9.6116111701E-1	1.6367859386E+2	5.9180034877E-3
9.6708419793E-1	1.6170106449E+2	5.9281418487E-3
9.7301736769E-1	1.5877492122E+2	5.9381811425E-3
9.7896052713E-1	1.5486919895E+2	5.9481212013E-3
9.8491357695E-1	1.5016235786E+2	5.9579618591E-3
9.9087641766E-1	1.4470676762E+2	5.9677029512E-3
9.9684894961E-1	1.3862343496E+2	5.9773443150E-3
1.0028310730E+0	1.3207173527E+2	5.9868857894E-3
1.0088226878E+0	1.2510094734E+2	5.9963272149E-3
1.0148236940E+0	1.1794008098E+2	6.0056684336E-3
1.0208339913E+0	1.1061142043E+2	6.0149092896E-3
1.0268534791E+0	1.0333129073E+2	6.0240496283E-3
1.0328820570E+0	9.6162762960E+1	6.0330892971E-3
1.0389196241E+0	8.9234960804E+1	6.0420281448E-3
1.0449660796E+0	8.2685541069E+1	6.0508660221E-3
1.0510213224E+0	7.6541744136E+1	6.0596027814E-3
1.0570852514E+0	7.0981856217E+1	6.0682382765E-3
1.0631577652E+0	6.5985334296E+1	6.0767723631E-3
1.0692387623E+0	6.1689736102E+1	6.0852048988E-3
1.0753281411E+0	5.8103668972E+1	6.0935357425E-3
1.0814257998E+0	5.5258373892E+1	6.1017647550E-3
1.0875316366E+0	5.3224189458E+1	6.1098917988E-3
1.0936455494E+0	5.1932119121E+1	6.1179167381E-3
1.0997674360E+0	5.1470656724E+1	6.1258394388E-3
1.1058971941E+0	5.1746251091E+1	6.1336597685E-3
1.1120347214E+0	5.2782157093E+1	6.1413775965E-3
1.1181799151E+0	5.4540073205E+1	6.1489927938E-3
1.1243326727E+0	5.6933783323E+1	6.1565052331E-3
1.1304928913E+0	5.9988913316E+1	6.1639147890E-3
1.1366604679E+0	6.3554961849E+1	6.1712213376E-3
1.1428352996E+0	6.7647355851E+1	6.1784247568E-3
1.1490172830E+0	7.2151029086E+1	6.1855249261E-3
1.1552063150E+0	7.6988756097E+1	6.1925217271E-3
1.1614022920E+0	8.2137109868E+1	6.1994150427E-3
1.1676051105E+0	8.7429887520E+1	6.2062047577E-3
1.1738146669E+0	9.2884317800E+1	6.2128907587E-3
1.1800308574E+0	9.8345090881E+1	6.2194729339E-3
1.1862535782E+0	1.0376315691E+2	6.2259511734E-3
1.1924827251E+0	1.0908748462E+2	6.2323253688E-3
1.1987181942E+0	1.1416591862E+2	6.2385954138E-3
1.2049598812E+0	1.1902805317E+2	6.2447612034E-3
1.2112076818E+0	1.2350912952E+2	6.2508226346E-3
1.2174614916E+0	1.2759911925E+2	6.2567796062E-3
1.2237212062E+0	1.3124103201E+2	6.2626320186E-3
1.2299867208E+0	1.3431584898E+2	6.2683797740E-3
1.2362579308E+0	1.3687541787E+2	6.2740227763E-3
1.2425347314E+0	1.3877143622E+2	6.2795609313E-3
1.2488170177E+0	1.4003856235E+2	6.2849941464E-3
1.2551046847E+0	1.4063665069E+2	6.2903223308E-3
1.2613976273E+0	1.4049302697E+2	6.2955453954E-3
1.2676957404E+0	1.3969288168E+2	6.3006632530E-3
1.2739989187E+0	1.3812834707E+2	6.3056758180E-3
1.2803070569E+0	1.3588221591E+2	6.3105830068E-3
1.2866200496E+0	1.3295446374E+2	6.3153847371E-3
1.2929377912E+0	1.2932816342E+2	6.3200809290E-3
1.2992601762E+0	1.2513101599E+2	6.3246715037E-3
1.3055870990E+0	1.2031510488E+2	6.3291563847E-3
1.3119184537E+0	1.1500920964E+2	6.3335354970E-3
1.3182541347E+0	1.0926869240E+2	6.3378087674E-3
1.3245940360E+0	1.0313324987E+2	6.3419761245E-3
1.3309380516E+0	9.6769618913E+1	6.3460374987E-3
1.3372860756E+0	9.0195356754E+1	6.3499928220E-3
1.3436380019E+0	8.3568660881E+1	6.3538420284E-3
1.3499937243E+0	7.6993938499E+1	6.3575850535E-3
1.3563531366E+0	7.0551775402E+1	6.3612218349E-3
1.3627161325E+0	6.4420456790E+1	6.3647523117E-3
1.3690826057E+0	5.8664526011E+1	6.3681764249E-3
1.3754524499E+0	5.3435180599E+1	6.3714941173E-3
1.3818255585E+0	4.8849548334E+1	6.3747053335E-3
1.3882018250E+0	4.4994427169E+1	6.3778100198E-3
1.3945811430E+0	4.2008000933E+1	6.3808081243E-3
1.4009634057E+0	3.9958965782E+1	6.3836995970E-3
1.4073485066E+0	3.8942950228E+1	6.3864843894E-3
1.4137363389E+0	3.9030939548E+1	6.3891624551E-3
1.4201267959E+0	4.0272819486E+1	6.3917337493E-3
1.4265197708E+0	4.2709018475E+1	6.3941982290E-3
1.4329151568E+0	4.6360169058E+1	6.3965558531E-3
1.4393128469E+0	5.1227769624E+1	6.3988065821E-3
1.4457127343E+0	5.7280370536E+1	6.4009503785E-3
1.4521147120E+0	6.4500561628E+1	6.4029872063E-3
1.4585186731E+0	7.2798334048E+1	6.4049170317E-3
1.4649245104E+0	8.2110149569E+1	6.4067398222E-3
1.4713321170E+0	9.2340569416E+1	6.4084555476E-3
1.4777413858E+0	1.0333378944E+2	6.4100641790E-3
1.4841522097E+0	1.1500757865E+2	6.4115656896E-3
1.4905644815E+0	1.2716018332E+2	6.4129600544E-3
1.4969780940E+0	1.3964608641E+2	6.4142472499E-3
1.5033929402E+0	1.5231782637E+2	6.4154272548E-3
1.5098089128E+0	1.6492731936E+2	6.4165000493E-3
1.5162259046E+0	1.7736782473E+2	6.4174656154E-3
1.5226438083E+0	1.8939870870E+2	6.4183239370E-3
1.5290625167E+0	2.0083715760E+2	6.4190749998E-3
1.5354819225E+0	2.1156269456E+2	6.4197187912E-3
1.5419019185E+0	2.2131345449E+2	6.4202553005E-3
1.5483223974E+0	2.3001979774E+2	6.4206845187E-3
1.5547432518E+0	2.3750139911E+2	6.4210064386E-3
1.5611643745E+0	2.4360589937E+2	6.4212210549E-3
1.5675856581E+0	2.4831713007E+2	6.4213283639E-3
1.5740069954E+0	2.5144961553E+2	6.4213283639E-3
1.5804282791E+0	2.5302245698E+2	6.4212210549E-3
1.5868494018E+0	2.5299467754E+2	6.4210064386E-3
1.5932702562E+0	2.5130067580E+2	6.4206845187E-3
1.5996907351E+0	2.4806472758E+2	6.4202553005E-3
1.6061107310E+0	2.4323505585E+2	6.4197187912E-3
1.6125301369E+0	2.3693200158E+2	6.4190749998E-3
1.6189488453E+0	2.2927314666E+2	6.4183239370E-3
1.6253667490E+0	2.2029380978E+2	6.4174656154E-3
1.6317837408E+0	2.1023298634E+2	6.4165000493E-3
1.6381997134E+0	1.9916806552E+2	6.4154272548E-3
1.6446145595E+0	1.8728396352E+2	6.4142472499E-3
1.6510281721E+0	1.7480652373E+2	6.4129600544E-3
1.6574404439E+0	1.6183545020E+2	6.4115656896E-3
1.6638512678E+0	1.4864760295E+2	6.4100641790E-3
1.6702605366E+0	1.3538714484E+2	6.4084555476E-3
1.6766681432E+0	1.2223372565E+2	6.4067398222E-3
1.6830739805E+0	1.0942798422E+2	6.4049170317E-3
1.6894779416E+0	9.7066330331E+1	6.4029872063E-3
1.6958799193E+0	8.5372268213E+1	6.4009503785E-3
1.7022798067E+0	7.4471273891E+1	6.3988065821E-3
1.7086774968E+0	6.4468759127E+1	6.3965558531E-3
1.7150728827E+0	5.5530749482E+1	6.3941982290E-3
1.7214658576E+0	4.7688247337E+1	6.3917337493E-3
1.7278563146E+0	4.1048573932E+1	6.3891624551E-3
1.7342441470E+0	3.5654957467E+1	6.3864843894E-3
1.7406292478E+0	3.1503993776E+1	6.3836995970E-3
1.7470115106E+0	2.8643248095E+1	6.3808081243E-3
1.7533908286E+0	2.7014082905E+1	6.3778100198E-3
1.7597670951E+0	2.6599187253E+1	6.3747053335E-3
1.7661402037E+0	2.7347120514E+1	6.3714941173E-3
1.7725100479E+0	2.9160001193E+1	6.3681764249E-3
1.7788765211E+0	3.1982758965E+1	6.3647523117E-3
1.7852395170E+0	3.5690070120E+1	6.3612218349E-3
1.7915989293E+0	4.0182732721E+1	6.3575850535E-3
1.7979546517E+0	4.5351935634E+1	6.3538420284E-3
1.8043065780E+0	5.1056741196E+1	6.3499928220E-3
1.8106546020E+0	5.7197216478E+1	6.3460374987E-3
1.8169986176E+0	6.3633793908E+1	6.3419761245E-3
1.8233385189E+0	7.0251372646E+1	6.3378087674E-3
1.8296741999E+0	7.6943006243E+1	6.3335354970E-3
1.8360055546E+0	8.3583126213E+1	6.3291563847E-3
1.8423324774E+0	9.0090841545E+1	6.3246715037E-3
1.8486548624E+0	9.6362078534E+1	6.3200809290E-3
1.8549726040E+0	1.0232006968E+2	6.3153847371E-3
1.8612855967E+0	1.0790581884E+2	6.3105830068E-3
1.8675937349E+0	1.1304458452E+2	6.3056758180E-3
1.8738969132E+0	1.1771264703E+2	6.3006632530E-3
1.8801950263E+0	1.2186192987E+2	6.2955453954E-3
1.8864879689E+0	1.2547426339E+2	6.2903223308E-3
1.8927756359E+0	1.2854980741E+2	6.2849941464E-3
1.8990579222E+0	1.3106439451E+2	6.2795609313E-3
1.9053347228E+0	1.3305234564E+2	6.2740227763E-3
1.9116059328E+0	1.3450678612E+2	6.2683797740E-3
1.9178714474E+0	1.3545539904E+2	6.2626320186E-3
1.9241311620E+0	1.3593518883E+2	6.2567796062E-3
1.9303849718E+0	1.3594674399E+2	6.2508226346E-3
1.9366327724E+0	1.3555697906E+2	6.2447612034E-3
1.9428744594E+0	1.3476565549E+2	6.2385954138E-3
1.9491099285E+0	1.3362010578E+2	6.2323253688E-3
1.9553390754E+0	1.3215758510E+2	6.2259511734E-3
1.9615617961E+0	1.3037660577E+2	6.2194729339E-3
1.9677779867E+0	1.2834656086E+2	6.2128907587E-3
1.9739875431E+0	1.2604523175E+2	6.2062047577E-3
1.9801903616E+0	1.2352234921E+2	6.1994150427E-3
1.9863863386E+0	1.2078747687E+2	6.1925217271E-3
1.9925753706E+0	1.1783130600E+2	6.1855249261E-3
1.9987573540E+0	1.1470730700E+2	6.1784247568E-3
2.0049321857E+0	1.1136885155E+2	6.1712213376E-3
2.0110997623E+0	1.0786863100E+2	6.1639147890E-3
2.0172599809E+0	1.0418343352E+2	6.1565052331E-3
2.0234127385E+0	1.0031578748E+2	6.1489927938E-3
2.0295579322E+0	9.6299360258E+1	6.1413775965E-3
2.0356954595E+0	9.2090113306E+1	6.1336597685E-3
2.0418252176E+0	8.7751798249E+1	6.1258394388E-3
2.0479471042E+0	8.3247663557E+1	6.1179167381E-3
2.0540610170E+0	7.8618737576E+1	6.1098917988E-3
2.0601668538E+0	7.3883876893E+1	6.1017647550E-3
2.0662645125E+0	6.9040512895E+1	6.0935357425E-3
2.0723538913E+0	6.4161056123E+1	6.0852048988E-3
2.0784348884E+0	5.9228792352E+1	6.0767723631E-3
2.0845074022E+0	5.4327084769E+1	6.0682382765E-3
2.0905713312E+0	4.9470897949E+1	6.0596027814E-3
2.0966265740E+0	4.4717061782E+1	6.0508660221E-3
2.1026730295E+0	4.0130056366E+1	6.0420281448E-3
2.1087105966E+0	3.5738823205E+1	6.0330892971E-3
2.1147391745E+0	3.1636276280E+1	6.0240496283E-3
2.1207586623E+0	2.7848932320E+1	6.0149092896E-3
2.1267689596E+0	2.4463249716E+1	6.0056684336E-3
2.1327699657E+0	2.1524154693E+1	5.9963272149E-3
2.1387615806E+0	1.9092731599E+1	5.9868857894E-3
2.1447437040E+0	1.7229143317E+1	5.9773443150E-3
2.1507162359E+0	1.5973007978E+1	5.9677029512E-3
2.1566790766E+0	1.5379678702E+1	5.9579618591E-3
2.1626321265E+0	1.5478457887E+1	5.9481212013E-3
2.1685752859E+0	1.6303328884E+1	5.9381811425E-3
2.1745084557E+0	1.7874243723E+1	5.9281418487E-3
2.1804315366E+0	2.0202638534E+1	5.9180034877E-3
2.1863444297E+0	2.3287531991E+1	5.9077662288E-3
2.1922470361E+0	2.7126770252E+1	5.8974302433E-3
2.1981392573E+0	3.1686293318E+1	5.8869957037E-3
2.2040209947E+0	3.6955555834E+1	5.8764627846E-3
2.2098921501E+0	4.2867766821E+1	5.8658316618E-3
2.2157526254E+0	4.9397041765E+1	5.8551025132E-3
2.2216023226E+0	5.6459149960E+1	5.8442755178E-3
2.2274411439E+0	6.3997679953E+1	5.8333508568E-3
2.2332689918E+0	7.1932012072E+1	5.8223287127E-3
2.2390857689E+0	8.0163740643E+1	5.8112092696E-3
2.2448913779E+0	8.8629825772E+1	5.7999927133E-3
2.2506857220E+0	9.7192556512E+1	5.7886792314E-3
2.2564687042E+0	1.0580600750E+2	5.7772690129E-3
2.2622402278E+0	1.1431198218E+2	5.7657622485E-3
2.2680001965E+0	1.2266873690E+2	5.7541591304E-3
2.2737485140E+0	1.3072571785E+2	5.7424598526E-3
2.2794850843E+0	1.3842863522E+2	5.7306646105E-3
2.2852098113E+0	1.4566123809E+2	5.7187736014E-3
2.2909225996E+0	1.5234572118E+2	5.7067870238E-3
2.2966233536E+0	1.5841648316E+2	5.6947050782E-3
2.3023119780E+0	1.6377251891E+2	5.6825279663E-3
2.3079883779E+0	1.6840149329E+2	5.6702558918E-3
2.3136524582E+0	1.7219060555E+2	5.6578890597E-3
2.3193041245E+0	1.7517176347E+2	5.6454276767E-3
2.3249432821E+0	1.7723831240E+2	5.6328719509E-3
2.3305698370E+0	1.7845104768E+2	5.6202220924E-3
2.3361836950E+0	1.7872785479E+2	5.6074783123E-3
2.3417847624E+0	1.7814240400E+2	5.5946408237E-3
2.3473729455E+0	1.7665091664E+2	5.5817098412E-3
2.3529481510E+0	1.7432728270E+2	5.5686855808E-3
2.3585102856E+0	1.7117260665E+2	5.5555682601E-3
2.3640592565E+0	1.6725334575E+2	5.5423580985E-3
2.3695949710E+0	1.6261462128E+2	5.5290553166E-3
2.3751173364E+0	1.5731244909E+2	5.5156601367E-3
2.3806262605E+0	1.5142926965E+2	5.5021727828E-3
2.3861216513E+0	1.4501080971E+2	5.4885934801E-3
2.3916034169E+0	1.3816664524E+2	5.4749224557E-3
2.3970714657E+0	1.3093380256E+2	5.4611599379E-3
2.4025257064E+0	1.2343761658E+2	5.4473061568E-3
2.4079660477E+0	1.1570806735E+2	5.4333613439E-3
2.4133923988E+0	1.0787544695E+2	5.4193257323E-3
2.4188046690E+0	9.9963636806E+1	5.4051995564E-3
2.4242027678E+0	9.2098755644E+1	5.3909830523E-3
2.4295866050E+0	8.4298629095E+1	5.3766764577E-3
2.4349560907E+0	7.6678238309E+1	5.3622800116E-3
2.4403111352E+0	6.9248697175E+1	5.3477939546E-3
2.4456516489E+0	6.2109112353E+1	5.3332185287E-3
2.4509775425E+0	5.5262936668E+1	5.3185539776E-3
2.4562887272E+0	4.8790694832E+1	5.3038005463E-3
2.4615851141E+0	4.2687368757E+1	5.2889584814E-3
2.4668666147E+0	3.7013904651E+1	5.2740280309E-3
2.4721331408E+0	3.1756490112E+1	5.2590094442E-3
2.4773846043E+0	2.6956858222E+1	5.2439029725E-3
2.4826209175E+0	2.2592770358E+1	5.2287088681E-3
2.4878419929E+0	1.8688144350E+1	5.2134273849E-3
2.4930477432E+0	1.5213425697E+1	5.1980587783E-3
2.4982380815E+0	1.2176860289E+1	5.1826033052E-3
2.5034129210E+0	9.5433418860E+0	5.1670612238E-3
2.5085721752E+0	7.3080963540E+0	5.1514327939E-3
2.5137157579E+0	5.4326867729E+0	5.1357182766E-3
2.5188435831E+0	3.9022910572E+0	5.1199179345E-3
2.5239555652E+0	2.6775549253E+0	5.1040320318E-3
2.5290516187E+0	1.7367500472E+0	5.0880608338E-3
2.5341316585E+0	1.0419266952E+0	5.0720046074E-3
2.5391955997E+0	5.6762758554E-1	5.0558636210E-3
2.5442433576E+0	2.7929192171E-1	5.0396381444E-3
2.5492748479E+0	1.5079654879E-1	5.0233284486E-3
2.5542899865E+0	1.5246654441E-1	5.0069348063E-3
2.5592886896E+0	2.6026181375E-1	4.9904574913E-3
2.5642708737E+0	4.5039409700E-1	4.9738967791E-3
2.5692364555E+0	7.0307625316E-1	4.9572529464E-3
2.5741853520E+0	1.0010458976E+0	4.9405262713E-3
2.5791174805E+0	1.3300680701E+0	4.9237170334E-3
2.5840327586E+0	1.6798868411E+0	4.9068255135E-3
2.5889311042E+0	2.0420498658E+0	4.8898519940E-3
2.5938124354E+0	2.4137345338E+0	4.8727967585E-3
2.5986766706E+0	2.7915207312E+0	4.8556600920E-3
2.6035237285E+0	3.1801881555E+0	4.8384422809E-3
2.6083535282E+0	3.5801651916E+0	4.8211436130E-3
2.6131659889E+0	4.0031194191E+0	4.8037643772E-3
2.6179610302E+0	4.4526835911E+0	4.7863048641E-3
2.6227385719E+0	4.9449727668E+0	4.7687653653E-3
2.6274985343E+0	5.4876671774E+0	4.7511461741E-3
2.6322408378E+0	6.0967746306E+0	4.7334475849E-3
2.6369654032E+0	6.7863887968E+0	4.7156698934E-3
2.6416721513E+0	7.5667622263E+0	4.6978133967E-3
2.6463610038E+0	8.4605415399E+0	4.6798783932E-3
2.6510318821E+0	9.4684134220E+0	4.6618651826E-3
2.6556847082E+0	1.0620086137E+1	4.6437740661E-3
2.6603194043E+0	1.1908491287E+1	4.6256053458E-3
2.6649358931E+0	1.3362322642E+1	4.6073593254E-3
2.6695340973E+0	1.4975709803E+1	4.5890363098E-3
2.6741139402E+0	1.6762899761E+1	4.5706366053E-3
2.6786753451E+0	1.8730934231E+1	4.5521605193E-3
2.6832182358E+0	2.0868724845E+1	4.5336083606E-3
2.6877425365E+0	2.3200261262E+1	4.5149804392E-3
2.6922481716E+0	2.5692119832E+1	4.4962770664E-3
2.6967350656E+0	2.8372184927E+1	4.4774985548E-3
2.7012031437E+0	3.1205930681E+1	4.4586452181E-3
2.7056523312E+0	3.4198622476E+1	4.4397173715E-3
2.7100825537E+0	3.7340953269E+1	4.4207153312E-3
2.7144937373E+0	4.0597338559E+1	4.4016394148E-3
2.7188858081E+0	4.3988526977E+1	4.3824899412E-3
2.7232586927E+0	4.7452711194E+1	4.3632672302E-3
2.7276123182E+0	5.1009563977E+1	4.3439716031E-3
2.7319466117E+0	5.4615288420E+1	4.3246033825E-3
2.7362615009E+0	5.8245849451E+1	4.3051628919E-3
2.7405569135E+0	6.1906115601E+1	4.2856504563E-3
2.7448327779E+0	6.5525604862E+1	4.2660664016E-3
2.7490890226E+0	6.9131378844E+1	4.2464110553E-3
2.7533255764E+0	7.2661319808E+1	4.2266847457E-3
2.7575423685E+0	7.6101611287E+1	4.2068878026E-3
2.7617393285E+0	7.9451397646E+1	4.1870205567E-3
2.7659163863E+0	8.2639149335E+1	4.1670833400E-3
2.7700734720E+0	8.5698814977E+1	4.1470764858E-3
2.7742105162E+0	8.8568847936E+1	4.1270003283E-3
2.7783274497E+0	9.1236814595E+1	4.1068552032E-3
2.7824242037E+0	9.3714991473E+1	4.0866414469E-3
2.7865007098E+0	9.5931662720E+1	4.0663593974E-3
2.7905568999E+0	9.7926784802E+1	4.0460093936E-3
2.7945927061E+0	9.9660112947E+1	4.0255917754E-3
2.7986080610E+0	1.0110699260E+2	4.0051068843E-3
2.8026028975E+0	1.0230743413E+2	3.9845550624E-3
2.8065771489E+0	1.0319696578E+2	3.9639366533E-3
2.8105307487E+0	1.0380670723E+2	3.9432520014E-3
2.8144636309E+0	1.0414139072E+2	3.9225014525E-3
2.8183757298E+0	1.0415543732E+2	3.9016853533E-3
2.8222669799E+0	1.0390748229E+2	3.8808040517E-3
2.8261373163E+0	1.0336838032E+2	3.8598578967E-3
2.8299866742E+0	1.0253291544E+2	3.8388472382E-3
2.8338149894E+0	1.0145639880E+2	3.8177724274E-3
2.8376221978E+0	1.0009642733E+2	3.7966338166E-3
2.8414082359E+0	9.8484735010E+1	3.7754317588E-3
2.8451730403E+0	9.6658135328E+1	3.7541666086E-3
2.8489165482E+0	9.4579763882E+1	3.7328387211E-3
2.8526386969E+0	9.2303675826E+1	3.7114484529E-3
2.8563394244E+0	8.9847613193E+1	3.6899961614E-3
2.8600186687E+0	8.7188684919E+1	3.6684822051E-3
2.8636763684E+0	8.4389369205E+1	3.6469069436E-3
2.8673124623E+0	8.1454354077E+1	3.6252707373E-3
2.8709268897E+0	7.8374261720E+1	3.6035739479E-3
2.8745195901E+0	7.5211344739E+1	3.5818169379E-3
2.8780905036E+0	7.1963744174E+1	3.5600000709E-3
2.8816395704E+0	6.8630716201E+1	3.5381237115E-3
2.8851667313E+0	6.5270349484E+1	3.5161882254E-3
2.8886719273E+0	6.1878955129E+1	3.4941939790E-3
2.8921550998E+0	5.8458636792E+1	3.4721413399E-3
2.8956161906E+0	5.5061925638E+1	3.4500306767E-3
2.8990551419E+0	5.1686348362E+1	3.4278623588E-3
2.9024718962E+0	4.8332020372E+1	3.4056367567E-3
2.9058663965E+0	4.5045109801E+1	3.3833542419E-3
2.9092385859E+0	4.1826515511E+1	3.3610151867E-3
2.9125884081E+0	3.8671366021E+1	3.3386199643E-3
2.9159158072E+0	3.5618030269E+1	3.3161689492E-3
2.9192207275E+0	3.2672414264E+1	3.2936625164E-3
2.9225031139E+0	2.9824084926E+1	3.2711010421E-3
2.9257629114E+0	2.7101207927E+1	3.2484849032E-3
2.9290000656E+0	2.4515316491E+1	3.2258144779E-3
2.9322145224E+0	2.2052622714E+1	3.2030901448E-3
2.9354062280E+0	1.9728493141E+1	3.1803122838E-3
2.9385751292E+0	1.7558532400E+1	3.1574812755E-3
2.9417211730E+0	1.5530079823E+1	3.1345975014E-3
2.9448443068E+0	1.3644870610E+1	3.1116613440E-3
2.9479444784E+0	1.1918085262E+1	3.0886731866E-3
2.9510216360E+0	1.0342745754E+1	3.0656334132E-3
2.9540757281E+0	8.9100668265E+0	3.0425424091E-3
2.9571067038E+0	7.6287178005E+0	3.0194005599E-3
2.9601145124E+0	6.4985105167E+0	2.9962082525E-3
2.9630991036E+0	5.5071740729E+0	2.9729658744E-3
2.9660604276E+0	4.6532659434E+0	2.9496738141E-3
2.9689984348E+0	3.9391402290E+0	2.9263324607E-3
2.9719130762E+0	3.3558225184E+0	2.9029422044E-3
2.9748043031E+0	2.8943649547E+0	2.8795034361E-3
2.9776720671E+0	2.5534233860E+0	2.8560165473E-3
2.9805163203E+0	2.3283120380E+0	2.8324819307E-3
2.9833370151E+0	2.2091949771E+0	2.8088999795E-3
2.9861341046E+0	2.1894976972E+0	2.7852710878E-3
2.9889075418E+0	2.2646252279E+0	2.7615956505E-3
2.9916572805E+0	2.4270002012E+0	2.7378740632E-3
2.9943832747E+0	2.6687064827E+0	2.7141067224E-3
2.9970854788E+0	2.9834489067E+0	2.6902940251E-3
2.9997638477E+0	3.3639761480E+0	2.6664363695E-3
3.0024183367E+0	3.8027218459E+0	2.6425341541E-3
3.0050489013E+0	4.2939385467E+0	2.6185877784E-3
3.0076554977E+0	4.8312335614E+0	2.5945976426E-3
3.0102380822E+0	5.4061010774E+0	2.5705641475E-3
3.0127966116E+0	6.0118677499E+0	2.5464876949E-3
3.0153310434E+0	6.6448665483E+0	2.5223686871E-3
3.0178413350E+0	7.2995056267E+0	2.4982075270E-3
3.0203274445E+0	7.9670623127E+0	2.4740046186E-3
3.0227893304E+0	8.6413583286E+0	2.4497603662E-3
3.0252269516E+0	9.3205851861E+0	2.4254751751E-3
3.0276402673E+0	1.0001349807E+1	2.4011494510E-3
3.0300292371E+0	1.0675803349E+1	2.3767836004E-3
3.0323938212E+0	1.1337365761E+1	2.3523780306E-3
3.0347339801E+0	1.1985015844E+1	2.3279331494E-3
3.0370496746E+0	1.2618542553E+1	2.3034493653E-3
3.0393408660E+0	1.3232843271E+1	2.2789270875E-3
3.0416075160E+0	1.3820845933E+1	2.2543667257E-3
3.0438495869E+0	1.4380175273E+1	2.2297686905E-3
3.0460670410E+0	1.4912786563E+1	2.2051333928E-3
3.0482598414E+0	1.5418319946E+1	2.1804612443E-3
3.0504279513E+0	1.5891567051E+1	2.1557526574E-3
3.0525713347E+0	1.6327659594E+1	2.1310080450E-3
3.0546899556E+0	1.6727002100E+1	2.1062278206E-3
3.0567837786E+0	1.7092877820E+1	2.0814123983E-3
3.0588527688E+0	1.7425504278E+1	2.0565621928E-3
3.0608968915E+0	1.7720883461E+1	2.0316776194E-3
3.0629161127E+0	1.7975625263E+1	2.0067590939E-3
3.0649103985E+0	1.8190980622E+1	1.9818070327E-3
3.0668797157E+0	1.8370981694E+1	1.9568218529E-3
3.0688240313E+0	1.8517495052E+1	1.9318039720E-3
3.0707433129E+0	1.8628465140E+1	1.9067538080E-3
3.0726375283E+0	1.8701111414E+1	1.8816717796E-3
3.0745066460E+0	1.8735875049E+1	1.8565583060E-3
3.0763506346E+0	1.8736561469E+1	1.8314138067E-3
3.0781694634E+0	1.8706915004E+1	1.8062387021E-3
3.0799631019E+0	1.8647692212E+1	1.7810334128E-3
3.0817315203E+0	1.8557222992E+1	1.7557983600E-3
3.0834746889E+0	1.8434458204E+1	1.7305339655E-3
3.0851925786E+0	1.8281161439E+1	1.7052406515E-3
3.0868851607E+0	1.8101222225E+1	1.6799188405E-3
3.0885524069E+0	1.7898106231E+1	1.6545689559E-3
3.0901942894E+0	1.7673020396E+1	1.6291914212E-3
3.0918107807E+0	1.7425314524E+1	1.6037866605E-3
3.0934018538E+0	1.7154444256E+1	1.5783550984E-3
3.0949674821E+0	1.6861612339E+1	1.5528971598E-3
3.0965076394E+0	1.6549790773E+1	1.5274132703E-3
3.0980223001E+0	1.6222351080E+1	1.5019038556E-3
3.0995114388E+0	1.5881572555E+1	1.4763693421E-3
3.1009750306E+0	1.5528154256E+1	1.4508101565E-3
3.1024130510E+0	1.5161910128E+1	1.4252267258E-3
3.1038254761E+0	1.4782956642E+1	1.3996194778E-3
3.1052122822E+0	1.4392500736E+1	1.3739888402E-3
3.1065734461E+0	1.3992779891E+1	1.3483352414E-3
3.1079089451E+0	1.3586345144E+1	1.3226591101E-3
3.1092187570E+0	1.3175248704E+1	1.2969608754E-3
3.1105028597E+0	1.2760634304E+1	1.2712409668E-3
3.1117612318E+0	1.2342883841E+1	1.2454998140E-3
3.1129938524E+0	1.1922127045E+1	1.2197378472E-3
3.1142007007E+0	1.1498768354E+1	1.1939554970E-3
3.1153817567E+0	1.1073756256E+1	1.1681531941E-3
3.1165370006E+0	1.0648515805E+1	1.1423313699E-3
3.1176664131E+0	1.0224649581E+1	1.1164904558E-3
3.1187699753E+0	9.8035964611E+0	1.0906308836E-3
3.1198476688E+0	9.3864091825E+0	1.0647530855E-3
3.1208994755E+0	8.9737179550E+0	1.0388574939E-3
3.1219253780E+0	8.5658510700E+0	1.0129445417E-3
3.1229253590E+0	8.1630274765E+0	9.8701466182E-4
3.1238994018E+0	7.7655312385E+0	9.6106828758E-4
3.1248474902E+0	7.3738093924E+0	9.3510585261E-4
3.1257696083E+0	6.9884789078E+0	9.0912779076E-4
3.1266657407E+0	6.6102644582E+0	8.8313453619E-4
3.1275358724E+0	6.2399059318E+0	8.5712652325E-4
3.1283799890E+0	5.8780730819E+0	8.3110418659E-4
3.1291980762E+0	5.5253112663E+0	8.0506796108E-4
3.1299901204E+0	5.1820255019E+0	7.7901828182E-4
3.1307561084E+0	4.8484966689E+0	7.5295558414E-4
3.1314960274E+0	4.5249166642E+0	7.2688030358E-4
3.1322098650E+0	4.2114284457E+0	7.0079287589E-4
3.1328976092E+0	3.9081602005E+0	6.7469373705E-4
3.1335592487E+0	3.6152478659E+0	6.4858332323E-4
3.1341947723E+0	3.3328449266E+0	6.2246207073E-4
3.1348041694E+0	3.0611217090E+0	5.9633041614E-4
3.1353874298E+0	2.8002579729E+0	5.7018879612E-4
3.1359445438E+0	2.5504327322E+0	5.4403764760E-4
3.1364755020E+0	2.3118144371E+0	5.1787740760E-4
3.1369802957E+0	2.0845534695E+0	4.9170851331E-4
3.1374589163E+0	1.8687777476E+0	4.6553140213E-4
3.1379113559E+0	1.6645913583E+0	4.3934651156E-4
3.1383376069E+0	1.4720756051E+0	4.1315427928E-4
3.1387376622E+0	1.2912916497E+0	3.8695514312E-4
3.1391115150E+0	1.1222839502E+0	3.6074954110E-4
3.1394591592E+0	9.6508385419E-1	3.3453791144E-4
3.1397805890E+0	8.1971291074E-1	3.0832069259E-4
3.1400757989E+0	6.8618566401E-1	2.8209832342E-4
3.1403447841E+0	5.6451184580E-1	2.5587124334E-4
3.1405875400E+0	4.5469799255E-1	2.2963989267E-4
3.1408040626E+0	3.5674857116E-1	2.0340471372E-4
3.1409943483E+0	2.7066672120E-1	1.7716615272E-4
3.1411583939E+0	1.9645471835E-1	1.5092466531E-4
3.1412961968E+0	1.3411424685E-1	1.2468073282E-4
3.1414077547E+0	8.3646540222E-2	9.8434919423E-5
3.1414930663E+0	4.5052393084E-2	7.2188137769E-5
3.1415521316E+0	1.8331778589E-2	4.5943520243E-5
3.1415849628E+0	3.4792275659E-3	1.9736940383E-5