# Differential cross section		
# Author: P. Swaczyna	Princeton University	(swaczyna@princeton.edu)
# Date: 	Wed 17 Feb 2021 11:36:19	
# 		
# Elastic collision: He^0 + He^+ -> He^0 + He^+		
# 		
# Red. mass: 	1.8640723202E+9	 eV/c^2
# CM energy: 	6.9984199600E-3	 eV
# Rel speed: 	8.2149386032E+4	 cm/s
# Tot sigma: 	N/A	 a.u.
# Int sigma: 	1.4775578456E+3	 a.u.
# 		
# Columns:		
# the <- scattering angle (rad)		
# dcs <- dsigma/dOmega*2*pi*sin(the) (a.u. = 2.8002852056E-17 cm^2)		
# wei <- weight for cross section integration (approx. width of angle bin)		
# 		
# the	dcs	wei
7.6907532846E-6	6.5564217206E+0	1.9736940383E-5
4.0521979771E-5	3.4545023726E+1	4.5943520243E-5
9.9587300392E-5	8.4895031876E+1	7.2188137769E-5
1.8489884726E-4	1.5760285354E+2	9.8434919423E-5
2.9645680168E-4	2.5262957743E+2	1.2468073282E-4
4.3425968311E-4	3.6988931819E+2	1.5092466531E-4
5.9830531657E-4	5.0922394878E+2	1.7716615272E-4
7.8859101285E-4	6.7037247094E+2	2.0340471372E-4
1.0051136166E-3	8.5293730912E+2	2.2963989267E-4
1.2478695220E-3	1.0563503380E+3	2.5587124334E-4
1.5168546797E-3	1.2798425545E+3	2.8209832342E-4
1.8120645986E-3	1.5224224522E+3	3.0832069259E-4
2.1334943481E-3	1.7828690054E+3	3.3453791144E-4
2.4811385584E-3	2.0597452967E+3	3.6074954110E-4
2.8549914211E-3	2.3514377210E+3	3.8695514312E-4
3.2550466893E-3	2.6562229269E+3	4.1315427928E-4
3.6812976783E-3	2.9723599724E+3	4.3934651156E-4
4.1337372652E-3	3.2981988122E+3	4.6553140213E-4
4.6123578895E-3	3.6322890878E+3	4.9170851331E-4
5.1171515529E-3	3.9734669150E+3	5.1787740760E-4
5.6481098199E-3	4.3208942217E+3	5.4403764760E-4
6.2052238176E-3	4.6740276689E+3	5.7018879612E-4
6.7884842360E-3	5.0325042256E+3	5.9633041614E-4
7.3978813281E-3	5.3959486474E+3	6.2246207073E-4
8.0334049101E-3	5.7637326421E+3	6.4858332323E-4
8.6950443616E-3	6.1347414571E+3	6.7469373705E-4
9.3827886258E-3	6.5072225555E+3	7.0079287589E-4
1.0096626210E-2	6.8787918372E+3	7.2688030358E-4
1.0836545184E-2	7.2466449928E+3	7.5295558414E-4
1.1602533184E-2	7.6079613503E+3	7.7901828182E-4
1.2394577408E-2	7.9604057924E+3	8.0506796108E-4
1.3212664621E-2	8.3025603031E+3	8.3110418659E-4
1.4056781152E-2	8.6340919348E+3	8.5712652325E-4
1.4926912893E-2	8.9555229821E+3	8.8313453619E-4
1.5823045305E-2	9.2676147131E+3	9.0912779076E-4
1.6745163410E-2	9.5705640604E+3	9.3510585261E-4
1.7693251801E-2	9.8633592312E+3	9.6106828758E-4
1.8667294632E-2	1.0143651574E+4	9.8701466182E-4
1.9667275626E-2	1.0408320163E+4	1.0129445417E-3
2.0693178073E-2	1.0654563269E+4	1.0388574939E-3
2.1744984827E-2	1.0880997295E+4	1.0647530855E-3
2.2822678313E-2	1.1088110260E+4	1.0906308836E-3
2.3926240519E-2	1.1277677825E+4	1.1164904558E-3
2.5055653005E-2	1.1451349894E+4	1.1423313699E-3
2.6210896896E-2	1.1609221347E+4	1.1681531941E-3
2.7391952886E-2	1.1749369345E+4	1.1939554970E-3
2.8598801239E-2	1.1868827190E+4	1.2197378472E-3
2.9831421786E-2	1.1965472750E+4	1.2454998140E-3
3.1089793929E-2	1.2039496409E+4	1.2712409668E-3
3.2373896638E-2	1.2093220594E+4	1.2969608754E-3
3.3683708455E-2	1.2129229158E+4	1.3226591101E-3
3.5019207490E-2	1.2148220926E+4	1.3483352414E-3
3.6380371427E-2	1.2148445236E+4	1.3739888402E-3
3.7767177517E-2	1.2127382152E+4	1.3996194778E-3
3.9179602586E-2	1.2084297021E+4	1.4252267258E-3
4.0617623030E-2	1.2021266519E+4	1.4508101565E-3
4.2081214817E-2	1.1941527423E+4	1.4763693421E-3
4.3570353490E-2	1.1846654910E+4	1.5019038556E-3
4.5085014162E-2	1.1735471716E+4	1.5274132703E-3
4.6625171522E-2	1.1605967964E+4	1.5528971598E-3
4.8190799831E-2	1.1458247126E+4	1.5783550984E-3
4.9781872927E-2	1.1295158606E+4	1.6037866605E-3
5.1398364219E-2	1.1119771139E+4	1.6291914212E-3
5.3040246694E-2	1.0932634545E+4	1.6545689559E-3
5.4707492914E-2	1.0732208268E+4	1.6799188405E-3
5.6400075017E-2	1.0517972659E+4	1.7052406515E-3
5.8117964718E-2	1.0292210207E+4	1.7305339655E-3
5.9861133308E-2	1.0058064230E+4	1.7557983600E-3
6.1629551657E-2	9.8165173072E+3	1.7810334128E-3
6.3423190212E-2	9.5664970960E+3	1.8062387021E-3
6.5242019000E-2	9.3079046253E+3	1.8314138067E-3
6.7086007624E-2	9.0430932510E+3	1.8565583060E-3
6.8955125270E-2	8.7746415341E+3	1.8816717796E-3
7.0849340702E-2	8.5029346093E+3	1.9067538080E-3
7.2768622264E-2	8.2272841074E+3	1.9318039720E-3
7.4712937885E-2	7.9486124807E+3	1.9568218529E-3
7.6682255070E-2	7.6692909151E+3	1.9818070327E-3
7.8676540910E-2	7.3906183650E+3	2.0067590939E-3
8.0695762079E-2	7.1123317312E+3	2.0316776194E-3
8.2739884832E-2	6.8347433684E+3	2.0565621928E-3
8.4808875009E-2	6.5595271616E+3	2.0814123983E-3
8.6902698034E-2	6.2879727013E+3	2.1062278206E-3
8.9021318917E-2	6.0201822157E+3	2.1310080450E-3
9.1164702253E-2	5.7564618594E+3	2.1557526574E-3
9.3332812224E-2	5.4979263902E+3	2.1804612443E-3
9.5525612596E-2	5.2453898336E+3	2.2051333928E-3
9.7743066726E-2	4.9990940085E+3	2.2297686905E-3
9.9985137556E-2	4.7595325200E+3	2.2543667257E-3
1.0225178762E-1	4.5273136596E+3	2.2789270875E-3
1.0454297904E-1	4.3026807350E+3	2.3034493653E-3
1.0685867352E-1	4.0860476260E+3	2.3279331494E-3
1.0919883237E-1	3.8779847024E+3	2.3523780306E-3
1.1156341648E-1	3.6784191281E+3	2.3767836004E-3
1.1395238633E-1	3.4873095813E+3	2.4011494510E-3
1.1636570200E-1	3.3054107067E+3	2.4254751751E-3
1.1880332317E-1	3.1328477648E+3	2.4497603662E-3
1.2126520909E-1	2.9688680797E+3	2.4740046186E-3
1.2375131862E-1	2.8138617734E+3	2.4982075270E-3
1.2626161023E-1	2.6685576587E+3	2.5223686871E-3
1.2879604195E-1	2.5319815493E+3	2.5464876949E-3
1.3135457143E-1	2.4036365766E+3	2.5705641475E-3
1.3393715592E-1	2.2845978495E+3	2.5945976426E-3
1.3654375226E-1	2.1742831400E+3	2.6185877784E-3
1.3917431689E-1	2.0713410357E+3	2.6425341541E-3
1.4182880585E-1	1.9766967808E+3	2.6664363695E-3
1.4450717478E-1	1.8903885000E+3	2.6902940251E-3
1.4720937892E-1	1.8105688625E+3	2.7141067224E-3
1.4993537310E-1	1.7377347956E+3	2.7378740632E-3
1.5268511179E-1	1.6724328273E+3	2.7615956505E-3
1.5545854902E-1	1.6126415047E+3	2.7852710878E-3
1.5825563845E-1	1.5584515819E+3	2.8088999795E-3
1.6107633333E-1	1.5106958331E+3	2.8324819307E-3
1.6392058653E-1	1.4673248098E+3	2.8560165473E-3
1.6678835052E-1	1.4282293689E+3	2.8795034361E-3
1.6967957737E-1	1.3943235727E+3	2.9029422044E-3
1.7259421876E-1	1.3635470442E+3	2.9263324607E-3
1.7553222599E-1	1.3358621148E+3	2.9496738141E-3
1.7849354996E-1	1.3120745902E+3	2.9729658744E-3
1.8147814117E-1	1.2901161567E+3	2.9962082525E-3
1.8448594977E-1	1.2702738747E+3	3.0194005599E-3
1.8751692548E-1	1.2530244085E+3	3.0425424091E-3
1.9057101764E-1	1.2364013915E+3	3.0656334132E-3
1.9364817522E-1	1.2211554589E+3	3.0886731866E-3
1.9674834681E-1	1.2071897832E+3	3.1116613440E-3
1.9987148058E-1	1.1929324944E+3	3.1345975014E-3
2.0301752435E-1	1.1794858102E+3	3.1574812755E-3
2.0618642554E-1	1.1660543486E+3	3.1803122838E-3
2.0937813120E-1	1.1518630540E+3	3.2030901448E-3
2.1259258799E-1	1.1379214339E+3	3.2258144779E-3
2.1582974219E-1	1.1229768679E+3	3.2484849032E-3
2.1908953970E-1	1.1072465375E+3	3.2711010421E-3
2.2237192605E-1	1.0910735134E+3	3.2936625164E-3
2.2567684639E-1	1.0734282936E+3	3.3161689492E-3
2.2900424548E-1	1.0551225557E+3	3.3386199643E-3
2.3235406772E-1	1.0356943402E+3	3.3610151867E-3
2.3572625713E-1	1.0149739660E+3	3.3833542419E-3
2.3912075735E-1	9.9351144975E+2	3.4056367567E-3
2.4253751167E-1	9.7069211212E+2	3.4278623588E-3
2.4597646298E-1	9.4702305810E+2	3.4500306767E-3
2.4943755380E-1	9.2240731902E+2	3.4721413399E-3
2.5292072631E-1	8.9681162126E+2	3.4941939790E-3
2.5642592230E-1	8.7059066040E+2	3.5161882254E-3
2.5995308318E-1	8.4358651724E+2	3.5381237115E-3
2.6350215001E-1	8.1610122983E+2	3.5600000709E-3
2.6707306349E-1	7.8818162467E+2	3.5818169379E-3
2.7066576394E-1	7.5998683304E+2	3.6035739479E-3
2.7428019131E-1	7.3163345654E+2	3.6252707373E-3
2.7791628522E-1	7.0334061799E+2	3.6469069436E-3
2.8157398488E-1	6.7512471281E+2	3.6684822051E-3
2.8525322919E-1	6.4728831399E+2	3.6899961614E-3
2.8895395665E-1	6.1985190386E+2	3.7114484529E-3
2.9267610542E-1	5.9298826401E+2	3.7328387211E-3
2.9641961330E-1	5.6693720667E+2	3.7541666086E-3
3.0018441773E-1	5.4157399792E+2	3.7754317588E-3
3.0397045579E-1	5.1740271819E+2	3.7966338166E-3
3.0777766421E-1	4.9406985601E+2	3.8177724274E-3
3.1160597938E-1	4.7215968977E+2	3.8388472382E-3
3.1545533730E-1	4.5132919056E+2	3.8598578967E-3
3.1932567367E-1	4.3198148232E+2	3.8808040517E-3
3.2321692379E-1	4.1400872854E+2	3.9016853533E-3
3.2712902264E-1	3.9746559410E+2	3.9225014525E-3
3.3106190484E-1	3.8256463220E+2	3.9432520014E-3
3.3501550468E-1	3.6900323065E+2	3.9639366533E-3
3.3898975607E-1	3.5725416820E+2	3.9845550624E-3
3.4298459261E-1	3.4676686382E+2	4.0051068843E-3
3.4699994753E-1	3.3813740152E+2	4.0255917754E-3
3.5103575373E-1	3.3071489958E+2	4.0460093936E-3
3.5509194378E-1	3.2508106364E+2	4.0663593974E-3
3.5916844988E-1	3.2060741596E+2	4.0866414469E-3
3.6326520391E-1	3.1776798020E+2	4.1068552032E-3
3.6738213741E-1	3.1602739529E+2	4.1270003283E-3
3.7151918157E-1	3.1571319545E+2	4.1470764858E-3
3.7567626728E-1	3.1640423006E+2	4.1670833400E-3
3.7985332504E-1	3.1828559493E+2	4.1870205567E-3
3.8405028507E-1	3.2103810916E+2	4.2068878026E-3
3.8826707721E-1	3.2473279089E+2	4.2266847457E-3
3.9250363101E-1	3.2912469793E+2	4.2464110553E-3
3.9675987567E-1	3.3420715970E+2	4.2660664016E-3
4.0103574005E-1	3.3977973376E+2	4.2856504563E-3
4.0533115271E-1	3.4579161519E+2	4.3051628919E-3
4.0964604185E-1	3.5206324943E+2	4.3246033825E-3
4.1398033538E-1	3.5852450644E+2	4.3439716031E-3
4.1833396086E-1	3.6500332749E+2	4.3632672302E-3
4.2270684554E-1	3.7142372677E+2	4.3824899412E-3
4.2709891633E-1	3.7761958380E+2	4.4016394148E-3
4.3151009985E-1	3.8351063783E+2	4.4207153312E-3
4.3594032237E-1	3.8894688335E+2	4.4397173715E-3
4.4038950986E-1	3.9383471660E+2	4.4586452181E-3
4.4485758797E-1	3.9806001651E+2	4.4774985548E-3
4.4934448203E-1	4.0149988070E+2	4.4962770664E-3
4.5385011706E-1	4.0410015669E+2	4.5149804392E-3
4.5837441776E-1	4.0569318859E+2	4.5336083606E-3
4.6291730852E-1	4.0630385958E+2	4.5521605193E-3
4.6747871344E-1	4.0571603346E+2	4.5706366053E-3
4.7205855627E-1	4.0403511645E+2	4.5890363098E-3
4.7665676049E-1	4.0101714581E+2	4.6073593254E-3
4.8127324926E-1	3.9682042948E+2	4.6256053458E-3
4.8590794542E-1	3.9122594499E+2	4.6437740661E-3
4.9056077152E-1	3.8438583770E+2	4.6618651826E-3
4.9523164982E-1	3.7618439995E+2	4.6798783932E-3
4.9992050224E-1	3.6669313655E+2	4.6978133967E-3
5.0462725044E-1	3.5597579205E+2	4.7156698934E-3
5.0935181576E-1	3.4397045582E+2	4.7334475849E-3
5.1409411924E-1	3.3094925107E+2	4.7511461741E-3
5.1885408164E-1	3.1673093593E+2	4.7687653653E-3
5.2363162341E-1	3.0173847071E+2	4.7863048641E-3
5.2842666471E-1	2.8577414535E+2	4.8037643772E-3
5.3323912540E-1	2.6927028222E+2	4.8211436130E-3
5.3806892508E-1	2.5216903016E+2	4.8384422809E-3
5.4291598301E-1	2.3475428205E+2	4.8556600920E-3
5.4778021821E-1	2.1722250623E+2	4.8727967585E-3
5.5266154939E-1	1.9964260958E+2	4.8898519940E-3
5.5755989496E-1	1.8243872754E+2	4.9068255135E-3
5.6247517308E-1	1.6555521181E+2	4.9237170334E-3
5.6740730160E-1	1.4946616092E+2	4.9405262713E-3
5.7235619810E-1	1.3418090310E+2	4.9572529464E-3
5.7732177988E-1	1.2001814010E+2	4.9738967791E-3
5.8230396395E-1	1.0717615569E+2	4.9904574913E-3
5.8730266706E-1	9.5754177771E+1	5.0069348063E-3
5.9231780568E-1	8.6074587028E+1	5.0233284486E-3
5.9734929598E-1	7.8134571131E+1	5.0396381444E-3
6.0239705389E-1	7.2192872889E+1	5.0558636210E-3
6.0746099506E-1	6.8289280373E+1	5.0720046074E-3
6.1254103485E-1	6.6508748494E+1	5.0880608338E-3
6.1763708838E-1	6.6931804239E+1	5.1040320318E-3
6.2274907048E-1	6.9524454028E+1	5.1199179345E-3
6.2787689573E-1	7.4297915156E+1	5.1357182766E-3
6.3302047843E-1	8.1176222982E+1	5.1514327939E-3
6.3817973262E-1	9.0070105002E+1	5.1670612238E-3
6.4335457209E-1	1.0082421900E+2	5.1826033052E-3
6.4854491036E-1	1.1331430157E+2	5.1980587783E-3
6.5375066070E-1	1.2727201556E+2	5.2134273849E-3
6.5897173609E-1	1.4251128035E+2	5.2287088681E-3
6.6420804930E-1	1.5876788669E+2	5.2439029725E-3
6.6945951283E-1	1.7567914813E+2	5.2590094442E-3
6.7472603890E-1	1.9306507492E+2	5.2740280309E-3
6.8000753951E-1	2.1047168095E+2	5.2889584814E-3
6.8530392640E-1	2.2762637829E+2	5.3038005463E-3
6.9061511106E-1	2.4424914563E+2	5.3185539776E-3
6.9594100473E-1	2.5984996972E+2	5.3332185287E-3
7.0128151841E-1	2.7429272710E+2	5.3477939546E-3
7.0663656285E-1	2.8716291288E+2	5.3622800116E-3
7.1200604856E-1	2.9814326578E+2	5.3766764577E-3
7.1738988581E-1	3.0715311509E+2	5.3909830523E-3
7.2278798463E-1	3.1376465706E+2	5.4051995564E-3
7.2820025482E-1	3.1792626161E+2	5.4193257323E-3
7.3362660591E-1	3.1954937788E+2	5.4333613439E-3
7.3906694724E-1	3.1836628926E+2	5.4473061568E-3
7.4452118788E-1	3.1455585944E+2	5.4611599379E-3
7.4998923669E-1	3.0804332557E+2	5.4749224557E-3
7.5547100229E-1	2.9882567504E+2	5.4885934801E-3
7.6096639308E-1	2.8722813913E+2	5.5021727828E-3
7.6647531721E-1	2.7325680881E+2	5.5156601367E-3
7.7199768263E-1	2.5717223811E+2	5.5290553166E-3
7.7753339704E-1	2.3937318405E+2	5.5423580985E-3
7.8308236795E-1	2.1999253195E+2	5.5555682601E-3
7.8864450262E-1	1.9947683650E+2	5.5686855808E-3
7.9421970809E-1	1.7824745797E+2	5.5817098412E-3
7.9980789121E-1	1.5655483414E+2	5.5946408237E-3
8.0540895857E-1	1.3492204144E+2	5.6074783123E-3
8.1102281659E-1	1.1374992899E+2	5.6202220924E-3
8.1664937145E-1	9.3347342549E+1	5.6328719509E-3
8.2228852912E-1	7.4204710484E+1	5.6454276767E-3
8.2794019536E-1	5.6656158651E+1	5.6578890597E-3
8.3360427572E-1	4.0986057912E+1	5.6702558918E-3
8.3928067556E-1	2.7561197697E+1	5.6825279663E-3
8.4496930000E-1	1.6601804187E+1	5.6947050782E-3
8.5067005399E-1	8.2902383190E+0	5.7067870238E-3
8.5638284226E-1	2.8068692102E+0	5.7187736014E-3
8.6210756934E-1	2.2100497753E-1	5.7306646105E-3
8.6784413956E-1	5.6317451955E-1	5.7424598526E-3
8.7359245705E-1	3.7992801636E+0	5.7541591304E-3
8.7935242576E-1	9.8327750477E+0	5.7657622485E-3
8.8512394943E-1	1.8532417871E+1	5.7772690129E-3
8.9090693161E-1	2.9659738691E+1	5.7886792314E-3
8.9670127565E-1	4.2965896346E+1	5.7999927133E-3
9.0250688473E-1	5.8189128827E+1	5.8112092696E-3
9.0832366182E-1	7.4933683441E+1	5.8223287127E-3
9.1415150972E-1	9.2838898268E+1	5.8333508568E-3
9.1999033104E-1	1.1157599190E+2	5.8442755178E-3
9.2584002820E-1	1.3066914588E+2	5.8551025132E-3
9.3170050345E-1	1.4970480681E+2	5.8658316618E-3
9.3757165885E-1	1.6836575499E+2	5.8764627846E-3
9.4345339628E-1	1.8619076520E+2	5.8869957037E-3
9.4934561746E-1	2.0277902246E+2	5.8974302433E-3
9.5524822392E-1	2.1789707313E+2	5.9077662288E-3
9.6116111701E-1	2.3119279335E+2	5.9180034877E-3
9.6708419793E-1	2.4233951945E+2	5.9281418487E-3
9.7301736769E-1	2.5123369527E+2	5.9381811425E-3
9.7896052713E-1	2.5770609157E+2	5.9481212013E-3
9.8491357695E-1	2.6155374362E+2	5.9579618591E-3
9.9087641766E-1	2.6281214002E+2	5.9677029512E-3
9.9684894961E-1	2.6152820009E+2	5.9773443150E-3
1.0028310730E+0	2.5765512411E+2	5.9868857894E-3
1.0088226878E+0	2.5134254269E+2	5.9963272149E-3
1.0148236940E+0	2.4283354176E+2	6.0056684336E-3
1.0208339913E+0	2.3224684248E+2	6.0149092896E-3
1.0268534791E+0	2.1980307028E+2	6.0240496283E-3
1.0328820570E+0	2.0587074991E+2	6.0330892971E-3
1.0389196241E+0	1.9071201549E+2	6.0420281448E-3
1.0449660796E+0	1.7457662097E+2	6.0508660221E-3
1.0510213224E+0	1.5785949058E+2	6.0596027814E-3
1.0570852514E+0	1.4090699757E+2	6.0682382765E-3
1.0631577652E+0	1.2396743048E+2	6.0767723631E-3
1.0692387623E+0	1.0737118412E+2	6.0852048988E-3
1.0753281411E+0	9.1460817660E+1	6.0935357425E-3
1.0814257998E+0	7.6457849966E+1	6.1017647550E-3
1.0875316366E+0	6.2576787894E+1	6.1098917988E-3
1.0936455494E+0	5.0067992486E+1	6.1179167381E-3
1.0997674360E+0	3.9094052694E+1	6.1258394388E-3
1.1058971941E+0	2.9747568394E+1	6.1336597685E-3
1.1120347214E+0	2.2135561447E+1	6.1413775965E-3
1.1181799151E+0	1.6324565058E+1	6.1489927938E-3
1.1243326727E+0	1.2302872393E+1	6.1565052331E-3
1.1304928913E+0	1.0039135666E+1	6.1639147890E-3
1.1366604679E+0	9.4850491219E+0	6.1712213376E-3
1.1428352996E+0	1.0541649607E+1	6.1784247568E-3
1.1490172830E+0	1.3082164734E+1	6.1855249261E-3
1.1552063150E+0	1.6965645388E+1	6.1925217271E-3
1.1614022920E+0	2.2023332384E+1	6.1994150427E-3
1.1676051105E+0	2.8076829152E+1	6.2062047577E-3
1.1738146669E+0	3.4946041916E+1	6.2128907587E-3
1.1800308574E+0	4.2429473177E+1	6.2194729339E-3
1.1862535782E+0	5.0326468110E+1	6.2259511734E-3
1.1924827251E+0	5.8463783642E+1	6.2323253688E-3
1.1987181942E+0	6.6662795804E+1	6.2385954138E-3
1.2049598812E+0	7.4733159571E+1	6.2447612034E-3
1.2112076818E+0	8.2524223047E+1	6.2508226346E-3
1.2174614916E+0	8.9918640557E+1	6.2567796062E-3
1.2237212062E+0	9.6782567595E+1	6.2626320186E-3
1.2299867208E+0	1.0299467306E+2	6.2683797740E-3
1.2362579308E+0	1.0849271203E+2	6.2740227763E-3
1.2425347314E+0	1.1322931299E+2	6.2795609313E-3
1.2488170177E+0	1.1713707402E+2	6.2849941464E-3
1.2551046847E+0	1.2018278841E+2	6.2903223308E-3
1.2613976273E+0	1.2238553751E+2	6.2955453954E-3
1.2676957404E+0	1.2375489335E+2	6.3006632530E-3
1.2739989187E+0	1.2428524185E+2	6.3056758180E-3
1.2803070569E+0	1.2401339129E+2	6.3105830068E-3
1.2866200496E+0	1.2300626165E+2	6.3153847371E-3
1.2929377912E+0	1.2130416199E+2	6.3200809290E-3
1.2992601762E+0	1.1894035040E+2	6.3246715037E-3
1.3055870990E+0	1.1598617589E+2	6.3291563847E-3
1.3119184537E+0	1.1252005489E+2	6.3335354970E-3
1.3182541347E+0	1.0858821801E+2	6.3378087674E-3
1.3245940360E+0	1.0423751795E+2	6.3419761245E-3
1.3309380516E+0	9.9543265957E+1	6.3460374987E-3
1.3372860756E+0	9.4573051872E+1	6.3499928220E-3
1.3436380019E+0	8.9366213201E+1	6.3538420284E-3
1.3499937243E+0	8.3968896928E+1	6.3575850535E-3
1.3563531366E+0	7.8447367340E+1	6.3612218349E-3
1.3627161325E+0	7.2855231082E+1	6.3647523117E-3
1.3690826057E+0	6.7226503604E+1	6.3681764249E-3
1.3754524499E+0	6.1606700801E+1	6.3714941173E-3
1.3818255585E+0	5.6056786041E+1	6.3747053335E-3
1.3882018250E+0	5.0626180173E+1	6.3778100198E-3
1.3945811430E+0	4.5352985649E+1	6.3808081243E-3
1.4009634057E+0	4.0289536584E+1	6.3836995970E-3
1.4073485066E+0	3.5501116992E+1	6.3864843894E-3
1.4137363389E+0	3.1042966827E+1	6.3891624551E-3
1.4201267959E+0	2.6963033653E+1	6.3917337493E-3
1.4265197708E+0	2.3323430379E+1	6.3941982290E-3
1.4329151568E+0	2.0195972132E+1	6.3965558531E-3
1.4393128469E+0	1.7639946741E+1	6.3988065821E-3
1.4457127343E+0	1.5705651071E+1	6.4009503785E-3
1.4521147120E+0	1.4454579919E+1	6.4029872063E-3
1.4585186731E+0	1.3952189959E+1	6.4049170317E-3
1.4649245104E+0	1.4243798316E+1	6.4067398222E-3
1.4713321170E+0	1.5359728310E+1	6.4084555476E-3
1.4777413858E+0	1.7337228182E+1	6.4100641790E-3
1.4841522097E+0	2.0210102307E+1	6.4115656896E-3
1.4905644815E+0	2.3981619421E+1	6.4129600544E-3
1.4969780940E+0	2.8633605330E+1	6.4142472499E-3
1.5033929402E+0	3.4152428769E+1	6.4154272548E-3
1.5098089128E+0	4.0514993174E+1	6.4165000493E-3
1.5162259046E+0	4.7659014049E+1	6.4174656154E-3
1.5226438083E+0	5.5498609563E+1	6.4183239370E-3
1.5290625167E+0	6.3955396038E+1	6.4190749998E-3
1.5354819225E+0	7.2940377898E+1	6.4197187912E-3
1.5419019185E+0	8.2322841205E+1	6.4202553005E-3
1.5483223974E+0	9.1954030684E+1	6.4206845187E-3
1.5547432518E+0	1.0170266868E+2	6.4210064386E-3
1.5611643745E+0	1.1143226512E+2	6.4212210549E-3
1.5675856581E+0	1.2097008638E+2	6.4213283639E-3
1.5740069954E+0	1.3013878734E+2	6.4213283639E-3
1.5804282791E+0	1.3879385422E+2	6.4212210549E-3
1.5868494018E+0	1.4679585290E+2	6.4210064386E-3
1.5932702562E+0	1.5398075206E+2	6.4206845187E-3
1.5996907351E+0	1.6019750678E+2	6.4202553005E-3
1.6061107310E+0	1.6534353731E+2	6.4197187912E-3
1.6125301369E+0	1.6933175924E+2	6.4190749998E-3
1.6189488453E+0	1.7206339282E+2	6.4183239370E-3
1.6253667490E+0	1.7346806909E+2	6.4174656154E-3
1.6317837408E+0	1.7353300896E+2	6.4165000493E-3
1.6381997134E+0	1.7226564985E+2	6.4154272548E-3
1.6446145595E+0	1.6967024357E+2	6.4142472499E-3
1.6510281721E+0	1.6578644250E+2	6.4129600544E-3
1.6574404439E+0	1.6070862951E+2	6.4115656896E-3
1.6638512678E+0	1.5454661855E+2	6.4100641790E-3
1.6702605366E+0	1.4740774839E+2	6.4084555476E-3
1.6766681432E+0	1.3943008975E+2	6.4067398222E-3
1.6830739805E+0	1.3079030420E+2	6.4049170317E-3
1.6894779416E+0	1.2166686321E+2	6.4029872063E-3
1.6958799193E+0	1.1222949907E+2	6.4009503785E-3
1.7022798067E+0	1.0266380927E+2	6.3988065821E-3
1.7086774968E+0	9.3168636079E+1	6.3965558531E-3
1.7150728827E+0	8.3927760187E+1	6.3941982290E-3
1.7214658576E+0	7.5107803387E+1	6.3917337493E-3
1.7278563146E+0	6.6871689046E+1	6.3891624551E-3
1.7342441470E+0	5.9369209856E+1	6.3864843894E-3
1.7406292478E+0	5.2723334196E+1	6.3836995970E-3
1.7470115106E+0	4.7035517596E+1	6.3808081243E-3
1.7533908286E+0	4.2386099697E+1	6.3778100198E-3
1.7597670951E+0	3.8823915300E+1	6.3747053335E-3
1.7661402037E+0	3.6371556386E+1	6.3714941173E-3
1.7725100479E+0	3.5033736369E+1	6.3681764249E-3
1.7788765211E+0	3.4783670581E+1	6.3647523117E-3
1.7852395170E+0	3.5558905209E+1	6.3612218349E-3
1.7915989293E+0	3.7285962487E+1	6.3575850535E-3
1.7979546517E+0	3.9883976023E+1	6.3538420284E-3
1.8043065780E+0	4.3238184365E+1	6.3499928220E-3
1.8106546020E+0	4.7209255561E+1	6.3460374987E-3
1.8169986176E+0	5.1672220604E+1	6.3419761245E-3
1.8233385189E+0	5.6505860056E+1	6.3378087674E-3
1.8296741999E+0	6.1558186507E+1	6.3335354970E-3
1.8360055546E+0	6.6674867073E+1	6.3291563847E-3
1.8423324774E+0	7.1741469982E+1	6.3246715037E-3
1.8486548624E+0	7.6650998051E+1	6.3200809290E-3
1.8549726040E+0	8.1271121939E+1	6.3153847371E-3
1.8612855967E+0	8.5493076905E+1	6.3105830068E-3
1.8675937349E+0	8.9262044265E+1	6.3056758180E-3
1.8738969132E+0	9.2521933429E+1	6.3006632530E-3
1.8801950263E+0	9.5197942015E+1	6.2955453954E-3
1.8864879689E+0	9.7260189579E+1	6.2903223308E-3
1.8927756359E+0	9.8727198320E+1	6.2849941464E-3
1.8990579222E+0	9.9597563234E+1	6.2795609313E-3
1.9053347228E+0	9.9860586350E+1	6.2740227763E-3
1.9116059328E+0	9.9560298094E+1	6.2683797740E-3
1.9178714474E+0	9.8763922158E+1	6.2626320186E-3
1.9241311620E+0	9.7500389750E+1	6.2567796062E-3
1.9303849718E+0	9.5803321768E+1	6.2508226346E-3
1.9366327724E+0	9.3755161467E+1	6.2447612034E-3
1.9428744594E+0	9.1426353455E+1	6.2385954138E-3
1.9491099285E+0	8.8844059020E+1	6.2323253688E-3
1.9553390754E+0	8.6056519046E+1	6.2259511734E-3
1.9615617961E+0	8.3139796511E+1	6.2194729339E-3
1.9677779867E+0	8.0129437036E+1	6.2128907587E-3
1.9739875431E+0	7.7033238129E+1	6.2062047577E-3
1.9801903616E+0	7.3891356894E+1	6.1994150427E-3
1.9863863386E+0	7.0743070111E+1	6.1925217271E-3
1.9925753706E+0	6.7580940465E+1	6.1855249261E-3
1.9987573540E+0	6.4399848123E+1	6.1784247568E-3
2.0049321857E+0	6.1224808572E+1	6.1712213376E-3
2.0110997623E+0	5.8056959023E+1	6.1639147890E-3
2.0172599809E+0	5.4870999388E+1	6.1565052331E-3
2.0234127385E+0	5.1670691406E+1	6.1489927938E-3
2.0295579322E+0	4.8473188038E+1	6.1413775965E-3
2.0356954595E+0	4.5267246041E+1	6.1336597685E-3
2.0418252176E+0	4.2048910458E+1	6.1258394388E-3
2.0479471042E+0	3.8848931068E+1	6.1179167381E-3
2.0540610170E+0	3.5690393707E+1	6.1098917988E-3
2.0601668538E+0	3.2583946287E+1	6.1017647550E-3
2.0662645125E+0	2.9571091679E+1	6.0935357425E-3
2.0723538913E+0	2.6709217247E+1	6.0852048988E-3
2.0784348884E+0	2.4037382894E+1	6.0767723631E-3
2.0845074022E+0	2.1605599795E+1	6.0682382765E-3
2.0905713312E+0	1.9490581651E+1	6.0596027814E-3
2.0966265740E+0	1.7756454188E+1	6.0508660221E-3
2.1026730295E+0	1.6455823949E+1	6.0420281448E-3
2.1087105966E+0	1.5662596729E+1	6.0330892971E-3
2.1147391745E+0	1.5447701538E+1	6.0240496283E-3
2.1207586623E+0	1.5854510387E+1	6.0149092896E-3
2.1267689596E+0	1.6931239977E+1	6.0056684336E-3
2.1327699657E+0	1.8730697087E+1	5.9963272149E-3
2.1387615806E+0	2.1271933438E+1	5.9868857894E-3
2.1447437040E+0	2.4559175912E+1	5.9773443150E-3
2.1507162359E+0	2.8604754791E+1	5.9677029512E-3
2.1566790766E+0	3.3390781247E+1	5.9579618591E-3
2.1626321265E+0	3.8868335865E+1	5.9481212013E-3
2.1685752859E+0	4.4996784107E+1	5.9381811425E-3
2.1745084557E+0	5.1716670196E+1	5.9281418487E-3
2.1804315366E+0	5.8928793615E+1	5.9180034877E-3
2.1863444297E+0	6.6540823799E+1	5.9077662288E-3
2.1922470361E+0	7.4458080224E+1	5.8974302433E-3
2.1981392573E+0	8.2546002013E+1	5.8869957037E-3
2.2040209947E+0	9.0675445763E+1	5.8764627846E-3
2.2098921501E+0	9.8733290491E+1	5.8658316618E-3
2.2157526254E+0	1.0657346636E+2	5.8551025132E-3
2.2216023226E+0	1.1405460369E+2	5.8442755178E-3
2.2274411439E+0	1.2106860171E+2	5.8333508568E-3
2.2332689918E+0	1.2748514026E+2	5.8223287127E-3
2.2390857689E+0	1.3317848140E+2	5.8112092696E-3
2.2448913779E+0	1.3806985506E+2	5.7999927133E-3
2.2506857220E+0	1.4206891674E+2	5.7886792314E-3
2.2564687042E+0	1.4508964596E+2	5.7772690129E-3
2.2622402278E+0	1.4710159517E+2	5.7657622485E-3
2.2680001965E+0	1.4806992466E+2	5.7541591304E-3
2.2737485140E+0	1.4796295459E+2	5.7424598526E-3
2.2794850843E+0	1.4680746865E+2	5.7306646105E-3
2.2852098113E+0	1.4462751377E+2	5.7187736014E-3
2.2909225996E+0	1.4144801163E+2	5.7067870238E-3
2.2966233536E+0	1.3734969016E+2	5.6947050782E-3
2.3023119780E+0	1.3240631550E+2	5.6825279663E-3
2.3079883779E+0	1.2668974445E+2	5.6702558918E-3
2.3136524582E+0	1.2032011712E+2	5.6578890597E-3
2.3193041245E+0	1.1340189696E+2	5.6454276767E-3
2.3249432821E+0	1.0603561889E+2	5.6328719509E-3
2.3305698370E+0	9.8358623838E+1	5.6202220924E-3
2.3361836950E+0	9.0482260304E+1	5.6074783123E-3
2.3417847624E+0	8.2513904148E+1	5.5946408237E-3
2.3473729455E+0	7.4583354508E+1	5.5817098412E-3
2.3529481510E+0	6.6786343573E+1	5.5686855808E-3
2.3585102856E+0	5.9216743010E+1	5.5555682601E-3
2.3640592565E+0	5.1975074528E+1	5.5423580985E-3
2.3695949710E+0	4.5125715052E+1	5.5290553166E-3
2.3751173364E+0	3.8733907018E+1	5.5156601367E-3
2.3806262605E+0	3.2857063710E+1	5.5021727828E-3
2.3861216513E+0	2.7522308347E+1	5.4885934801E-3
2.3916034169E+0	2.2758174831E+1	5.4749224557E-3
2.3970714657E+0	1.8576390364E+1	5.4611599379E-3
2.4025257064E+0	1.4970249073E+1	5.4473061568E-3
2.4079660477E+0	1.1931091447E+1	5.4333613439E-3
2.4133923988E+0	9.4342524967E+0	5.4193257323E-3
2.4188046690E+0	7.4480584967E+0	5.4051995564E-3
2.4242027678E+0	5.9342283778E+0	5.3909830523E-3
2.4295866050E+0	4.8492404581E+0	5.3766764577E-3
2.4349560907E+0	4.1461231070E+0	5.3622800116E-3
2.4403111352E+0	3.7728201947E+0	5.3477939546E-3
2.4456516489E+0	3.6845485665E+0	5.3332185287E-3
2.4509775425E+0	3.8283828679E+0	5.3185539776E-3
2.4562887272E+0	4.1594026282E+0	5.3038005463E-3
2.4615851141E+0	4.6405573060E+0	5.2889584814E-3
2.4668666147E+0	5.2256378828E+0	5.2740280309E-3
2.4721331408E+0	5.8926767995E+0	5.2590094442E-3
2.4773846043E+0	6.6123309607E+0	5.2439029725E-3
2.4826209175E+0	7.3623801277E+0	5.2287088681E-3
2.4878419929E+0	8.1423227190E+0	5.2134273849E-3
2.4930477432E+0	8.9330095291E+0	5.1980587783E-3
2.4982380815E+0	9.7463198679E+0	5.1826033052E-3
2.5034129210E+0	1.0586851794E+1	5.1670612238E-3
2.5085721752E+0	1.1458878831E+1	5.1514327939E-3
2.5137157579E+0	1.2393632273E+1	5.1357182766E-3
2.5188435831E+0	1.3393606756E+1	5.1199179345E-3
2.5239555652E+0	1.4492809361E+1	5.1040320318E-3
2.5290516187E+0	1.5710736178E+1	5.0880608338E-3
2.5341316585E+0	1.7063075115E+1	5.0720046074E-3
2.5391955997E+0	1.8586896687E+1	5.0558636210E-3
2.5442433576E+0	2.0283523920E+1	5.0396381444E-3
2.5492748479E+0	2.2185849416E+1	5.0233284486E-3
2.5542899865E+0	2.4297982646E+1	5.0069348063E-3
2.5592886896E+0	2.6628003942E+1	4.9904574913E-3
2.5642708737E+0	2.9188918796E+1	4.9738967791E-3
2.5692364555E+0	3.1962921845E+1	4.9572529464E-3
2.5741853520E+0	3.4960300452E+1	4.9405262713E-3
2.5791174805E+0	3.8151494539E+1	4.9237170334E-3
2.5840327586E+0	4.1527729280E+1	4.9068255135E-3
2.5889311042E+0	4.5060859282E+1	4.8898519940E-3
2.5938124354E+0	4.8716634268E+1	4.8727967585E-3
2.5986766706E+0	5.2470749331E+1	4.8556600920E-3
2.6035237285E+0	5.6270183803E+1	4.8384422809E-3
2.6083535282E+0	6.0088469351E+1	4.8211436130E-3
2.6131659889E+0	6.3866840162E+1	4.8037643772E-3
2.6179610302E+0	6.7570222546E+1	4.7863048641E-3
2.6227385719E+0	7.1145244454E+1	4.7687653653E-3
2.6274985343E+0	7.4547021705E+1	4.7511461741E-3
2.6322408378E+0	7.7733042150E+1	4.7334475849E-3
2.6369654032E+0	8.0653159948E+1	4.7156698934E-3
2.6416721513E+0	8.3276358760E+1	4.6978133967E-3
2.6463610038E+0	8.5554701393E+1	4.6798783932E-3
2.6510318821E+0	8.7467204143E+1	4.6618651826E-3
2.6556847082E+0	8.8975294295E+1	4.6437740661E-3
2.6603194043E+0	9.0066647779E+1	4.6256053458E-3
2.6649358931E+0	9.0716967078E+1	4.6073593254E-3
2.6695340973E+0	9.0922105455E+1	4.5890363098E-3
2.6741139402E+0	9.0674257593E+1	4.5706366053E-3
2.6786753451E+0	8.9977610250E+1	4.5521605193E-3
2.6832182358E+0	8.8840815100E+1	4.5336083606E-3
2.6877425365E+0	8.7276556293E+1	4.5149804392E-3
2.6922481716E+0	8.5308361640E+1	4.4962770664E-3
2.6967350656E+0	8.2957059346E+1	4.4774985548E-3
2.7012031437E+0	8.0258548180E+1	4.4586452181E-3
2.7056523312E+0	7.7240690546E+1	4.4397173715E-3
2.7100825537E+0	7.3948768814E+1	4.4207153312E-3
2.7144937373E+0	7.0415836328E+1	4.4016394148E-3
2.7188858081E+0	6.6693387078E+1	4.3824899412E-3
2.7232586927E+0	6.2817277237E+1	4.3632672302E-3
2.7276123182E+0	5.8842068091E+1	4.3439716031E-3
2.7319466117E+0	5.4803748045E+1	4.3246033825E-3
2.7362615009E+0	5.0756993211E+1	4.3051628919E-3
2.7405569135E+0	4.6735248343E+1	4.2856504563E-3
2.7448327779E+0	4.2790667970E+1	4.2660664016E-3
2.7490890226E+0	3.8951736546E+1	4.2464110553E-3
2.7533255764E+0	3.5265839681E+1	4.2266847457E-3
2.7575423685E+0	3.1754589461E+1	4.2068878026E-3
2.7617393285E+0	2.8458748576E+1	4.1870205567E-3
2.7659163863E+0	2.5391877622E+1	4.1670833400E-3
2.7700734720E+0	2.2586580923E+1	4.1470764858E-3
2.7742105162E+0	2.0048128952E+1	4.1270003283E-3
2.7783274497E+0	1.7799610562E+1	4.1068552032E-3
2.7824242037E+0	1.5838864885E+1	4.0866414469E-3
2.7865007098E+0	1.4178139561E+1	4.0663593974E-3
2.7905568999E+0	1.2809826313E+1	4.0460093936E-3
2.7945927061E+0	1.1734005562E+1	4.0255917754E-3
2.7986080610E+0	1.0940490442E+1	4.0051068843E-3
2.8026028975E+0	1.0416130085E+1	3.9845550624E-3
2.8065771489E+0	1.0151238006E+1	3.9639366533E-3
2.8105307487E+0	1.0119347198E+1	3.9432520014E-3
2.8144636309E+0	1.0313378222E+1	3.9225014525E-3
2.8183757298E+0	1.0695582466E+1	3.9016853533E-3
2.8222669799E+0	1.1261173136E+1	3.8808040517E-3
2.8261373163E+0	1.1966364840E+1	3.8598578967E-3
2.8299866742E+0	1.2804990252E+1	3.8388472382E-3
2.8338149894E+0	1.3735687345E+1	3.8177724274E-3
2.8376221978E+0	1.4744689925E+1	3.7966338166E-3
2.8414082359E+0	1.5802428615E+1	3.7754317588E-3
2.8451730403E+0	1.6882276495E+1	3.7541666086E-3
2.8489165482E+0	1.7971881741E+1	3.7328387211E-3
2.8526386969E+0	1.9032779492E+1	3.7114484529E-3
2.8563394244E+0	2.0066216212E+1	3.6899961614E-3
2.8600186687E+0	2.1032542312E+1	3.6684822051E-3
2.8636763684E+0	2.1933574680E+1	3.6469069436E-3
2.8673124623E+0	2.2744864331E+1	3.6252707373E-3
2.8709268897E+0	2.3454834469E+1	3.6035739479E-3
2.8745195901E+0	2.4064049354E+1	3.5818169379E-3
2.8780905036E+0	2.4546510678E+1	3.5600000709E-3
2.8816395704E+0	2.4919190454E+1	3.5381237115E-3
2.8851667313E+0	2.5159281440E+1	3.5161882254E-3
2.8886719273E+0	2.5277185906E+1	3.4941939790E-3
2.8921550998E+0	2.5274572063E+1	3.4721413399E-3
2.8956161906E+0	2.5141674179E+1	3.4500306767E-3
2.8990551419E+0	2.4903469793E+1	3.4278623588E-3
2.9024718962E+0	2.4545412576E+1	3.4056367567E-3
2.9058663965E+0	2.4088269742E+1	3.3833542419E-3
2.9092385859E+0	2.3540524087E+1	3.3610151867E-3
2.9125884081E+0	2.2899457839E+1	3.3386199643E-3
2.9159158072E+0	2.2195718471E+1	3.3161689492E-3
2.9192207275E+0	2.1422695160E+1	3.2936625164E-3
2.9225031139E+0	2.0599815705E+1	3.2711010421E-3
2.9257629114E+0	1.9745870047E+1	3.2484849032E-3
2.9290000656E+0	1.8856226160E+1	3.2258144779E-3
2.9322145224E+0	1.7961172133E+1	3.2030901448E-3
2.9354062280E+0	1.7064073364E+1	3.1803122838E-3
2.9385751292E+0	1.6171441619E+1	3.1574812755E-3
2.9417211730E+0	1.5310372678E+1	3.1345975014E-3
2.9448443068E+0	1.4475768605E+1	3.1116613440E-3
2.9479444784E+0	1.3683340118E+1	3.0886731866E-3
2.9510216360E+0	1.2950504060E+1	3.0656334132E-3
2.9540757281E+0	1.2270211922E+1	3.0425424091E-3
2.9571067038E+0	1.1661400948E+1	3.0194005599E-3
2.9601145124E+0	1.1131880226E+1	2.9962082525E-3
2.9630991036E+0	1.0675099437E+1	2.9729658744E-3
2.9660604276E+0	1.0308549045E+1	2.9496738141E-3
2.9689984348E+0	1.0033040631E+1	2.9263324607E-3
2.9719130762E+0	9.8421298853E+0	2.9029422044E-3
2.9748043031E+0	9.7497142263E+0	2.8795034361E-3
2.9776720671E+0	9.7523405018E+0	2.8560165473E-3
2.9805163203E+0	9.8423909949E+0	2.8324819307E-3
2.9833370151E+0	1.0029730575E+1	2.8088999795E-3
2.9861341046E+0	1.0308883623E+1	2.7852710878E-3
2.9889075418E+0	1.0670055703E+1	2.7615956505E-3
2.9916572805E+0	1.1119229225E+1	2.7378740632E-3
2.9943832747E+0	1.1650766351E+1	2.7141067224E-3
2.9970854788E+0	1.2252487053E+1	2.6902940251E-3
2.9997638477E+0	1.2926464886E+1	2.6664363695E-3
3.0024183367E+0	1.3668391955E+1	2.6425341541E-3
3.0050489013E+0	1.4464580989E+1	2.6185877784E-3
3.0076554977E+0	1.5312772366E+1	2.5945976426E-3
3.0102380822E+0	1.6210687816E+1	2.5705641475E-3
3.0127966116E+0	1.7145199600E+1	2.5464876949E-3
3.0153310434E+0	1.8109406971E+1	2.5223686871E-3
3.0178413350E+0	1.9102270469E+1	2.4982075270E-3
3.0203274445E+0	2.0113907234E+1	2.4740046186E-3
3.0227893304E+0	2.1133805793E+1	2.4497603662E-3
3.0252269516E+0	2.2159782038E+1	2.4254751751E-3
3.0276402673E+0	2.3186772283E+1	2.4011494510E-3
3.0300292371E+0	2.4203953298E+1	2.3767836004E-3
3.0323938212E+0	2.5205716972E+1	2.3523780306E-3
3.0347339801E+0	2.6190250819E+1	2.3279331494E-3
3.0370496746E+0	2.7150600883E+1	2.3034493653E-3
3.0393408660E+0	2.8078622539E+1	2.2789270875E-3
3.0416075160E+0	2.8971658038E+1	2.2543667257E-3
3.0438495869E+0	2.9827638985E+1	2.2297686905E-3
3.0460670410E+0	3.0640399264E+1	2.2051333928E-3
3.0482598414E+0	3.1404643134E+1	2.1804612443E-3
3.0504279513E+0	3.2119277546E+1	2.1557526574E-3
3.0525713347E+0	3.2782878640E+1	2.1310080450E-3
3.0546899556E+0	3.3391192775E+1	2.1062278206E-3
3.0567837786E+0	3.3941026318E+1	2.0814123983E-3
3.0588527688E+0	3.4432328734E+1	2.0565621928E-3
3.0608968915E+0	3.4864988521E+1	2.0316776194E-3
3.0629161127E+0	3.5236878515E+1	2.0067590939E-3
3.0649103985E+0	3.5546302938E+1	1.9818070327E-3
3.0668797157E+0	3.5793913599E+1	1.9568218529E-3
3.0688240313E+0	3.5980969917E+1	1.9318039720E-3
3.0707433129E+0	3.6107399661E+1	1.9067538080E-3
3.0726375283E+0	3.6172755640E+1	1.8816717796E-3
3.0745066460E+0	3.6178023061E+1	1.8565583060E-3
3.0763506346E+0	3.6125334789E+1	1.8314138067E-3
3.0781694634E+0	3.6016379816E+1	1.8062387021E-3
3.0799631019E+0	3.5852042995E+1	1.7810334128E-3
3.0817315203E+0	3.5633520567E+1	1.7557983600E-3
3.0834746889E+0	3.5363052391E+1	1.7305339655E-3
3.0851925786E+0	3.5043324265E+1	1.7052406515E-3
3.0868851607E+0	3.4676572020E+1	1.6799188405E-3
3.0885524069E+0	3.4264577257E+1	1.6545689559E-3
3.0901942894E+0	3.3809353615E+1	1.6291914212E-3
3.0918107807E+0	3.3313523675E+1	1.6037866605E-3
3.0934018538E+0	3.2779979735E+1	1.5783550984E-3
3.0949674821E+0	3.2211356188E+1	1.5528971598E-3
3.0965076394E+0	3.1609931852E+1	1.5274132703E-3
3.0980223001E+0	3.0977958366E+1	1.5019038556E-3
3.0995114388E+0	3.0317960759E+1	1.4763693421E-3
3.1009750306E+0	2.9632692355E+1	1.4508101565E-3
3.1024130510E+0	2.8924854353E+1	1.4252267258E-3
3.1038254761E+0	2.8196898186E+1	1.3996194778E-3
3.1052122822E+0	2.7451067710E+1	1.3739888402E-3
3.1065734461E+0	2.6689579022E+1	1.3483352414E-3
3.1079089451E+0	2.5914742019E+1	1.3226591101E-3
3.1092187570E+0	2.5128926828E+1	1.2969608754E-3
3.1105028597E+0	2.4334434681E+1	1.2712409668E-3
3.1117612318E+0	2.3533397010E+1	1.2454998140E-3
3.1129938524E+0	2.2727770062E+1	1.2197378472E-3
3.1142007007E+0	2.1919401958E+1	1.1939554970E-3
3.1153817567E+0	2.1110104892E+1	1.1681531941E-3
3.1165370006E+0	2.0301680144E+1	1.1423313699E-3
3.1176664131E+0	1.9495889523E+1	1.1164904558E-3
3.1187699753E+0	1.8694404978E+1	1.0906308836E-3
3.1198476688E+0	1.7898773731E+1	1.0647530855E-3
3.1208994755E+0	1.7110415416E+1	1.0388574939E-3
3.1219253780E+0	1.6330644094E+1	1.0129445417E-3
3.1229253590E+0	1.5560697063E+1	9.8701466182E-4
3.1238994018E+0	1.4801754590E+1	9.6106828758E-4
3.1248474902E+0	1.4054943895E+1	9.3510585261E-4
3.1257696083E+0	1.3321330576E+1	9.0912779076E-4
3.1266657407E+0	1.2601906138E+1	8.8313453619E-4
3.1275358724E+0	1.1897579602E+1	8.5712652325E-4
3.1283799890E+0	1.1209176713E+1	8.3110418659E-4
3.1291980762E+0	1.0537445742E+1	8.0506796108E-4
3.1299901204E+0	9.8830666750E+0	7.7901828182E-4
3.1307561084E+0	9.2466604785E+0	7.5295558414E-4
3.1314960274E+0	8.6287963146E+0	7.2688030358E-4
3.1322098650E+0	8.0299959497E+0	7.0079287589E-4
3.1328976092E+0	7.4507357732E+0	6.7469373705E-4
3.1335592487E+0	6.8914474914E+0	6.4858332323E-4
3.1341947723E+0	6.3525186409E+0	6.2246207073E-4
3.1348041694E+0	5.8342937216E+0	5.9633041614E-4
3.1353874298E+0	5.3370762568E+0	5.7018879612E-4
3.1359445438E+0	4.8611316725E+0	5.4403764760E-4
3.1364755020E+0	4.4066906762E+0	5.1787740760E-4
3.1369802957E+0	3.9739527863E+0	4.9170851331E-4
3.1374589163E+0	3.5630897417E+0	4.6553140213E-4
3.1379113559E+0	3.1742486359E+0	4.3934651156E-4
3.1383376069E+0	2.8075547197E+0	4.1315427928E-4
3.1387376622E+0	2.4631138831E+0	3.8695514312E-4
3.1391115150E+0	2.1410148639E+0	3.6074954110E-4
3.1394591592E+0	1.8413312376E+0	3.3453791144E-4
3.1397805890E+0	1.5641232418E+0	3.0832069259E-4
3.1400757989E+0	1.3094394704E+0	2.8209832342E-4
3.1403447841E+0	1.0773184595E+0	2.5587124334E-4
3.1405875400E+0	8.6779017441E-1	2.2963989267E-4
3.1408040626E+0	6.8087739355E-1	2.0340471372E-4
3.1409943483E+0	5.1659698426E-1	1.7716615272E-4
3.1411583939E+0	3.7496105756E-1	1.5092466531E-4
3.1412961968E+0	2.5597798851E-1	1.2468073282E-4
3.1414077547E+0	1.5965327543E-1	9.8434919423E-5
3.1414930663E+0	8.5990145869E-2	7.2188137769E-5
3.1415521316E+0	3.4989340389E-2	4.5943520243E-5
3.1415849628E+0	6.6407029063E-3	1.9736940383E-5