# Differential cross section		
# Author: P. Swaczyna	Princeton University	(swaczyna@princeton.edu)
# Date: 	Wed 17 Feb 2021 11:34:59	
# 		
# Elastic collision: He^0 + He^+ -> He^0 + He^+		
# 		
# Red. mass: 	1.8640723202E+9	 eV/c^2
# CM energy: 	3.2734069488E-3	 eV
# Rel speed: 	5.6182921924E+4	 cm/s
# Tot sigma: 	N/A	 a.u.
# Int sigma: 	2.3339436639E+3	 a.u.
# 		
# Columns:		
# the <- scattering angle (rad)		
# dcs <- dsigma/dOmega*2*pi*sin(the) (a.u. = 2.8002852056E-17 cm^2)		
# wei <- weight for cross section integration (approx. width of angle bin)		
# 		
# the	dcs	wei
7.6907532846E-6	4.6948415921E+0	1.9736940383E-5
4.0521979771E-5	2.4736649678E+1	4.5943520243E-5
9.9587300392E-5	6.0791738132E+1	7.2188137769E-5
1.8489884726E-4	1.1286170104E+2	9.8434919423E-5
2.9645680168E-4	1.8093034672E+2	1.2468073282E-4
4.3425968311E-4	2.6496141299E+2	1.5092466531E-4
5.9830531657E-4	3.6488811737E+2	1.7716615272E-4
7.8859101285E-4	4.8060000598E+2	2.0340471372E-4
1.0051136166E-3	6.1192795500E+2	2.2963989267E-4
1.2478695220E-3	7.5862811523E+2	2.5587124334E-4
1.5168546797E-3	9.2036588668E+2	2.8209832342E-4
1.8120645986E-3	1.0967013891E+3	3.0832069259E-4
2.1334943481E-3	1.2870782766E+3	3.3453791144E-4
2.4811385584E-3	1.4908180493E+3	3.6074954110E-4
2.8549914211E-3	1.7071221316E+3	3.8695514312E-4
3.2550466893E-3	1.9350837934E+3	4.1315427928E-4
3.6812976783E-3	2.1737113582E+3	4.3934651156E-4
4.1337372652E-3	2.4219629732E+3	4.6553140213E-4
4.6123578895E-3	2.6787915003E+3	4.9170851331E-4
5.1171515529E-3	2.9431959215E+3	5.1787740760E-4
5.6481098199E-3	3.2142733105E+3	5.4403764760E-4
6.2052238176E-3	3.4912633429E+3	5.7018879612E-4
6.7884842360E-3	3.7735760771E+3	5.9633041614E-4
7.3978813281E-3	4.0607939612E+3	6.2246207073E-4
8.0334049101E-3	4.3526412606E+3	6.4858332323E-4
8.6950443616E-3	4.6489186444E+3	6.7469373705E-4
9.3827886258E-3	4.9494073910E+3	7.0079287589E-4
1.0096626210E-2	5.2537558715E+3	7.2688030358E-4
1.0836545184E-2	5.5613692141E+3	7.5295558414E-4
1.1602533184E-2	5.8713291627E+3	7.7901828182E-4
1.2394577408E-2	6.1823723423E+3	8.0506796108E-4
1.3212664621E-2	6.4929486459E+3	8.3110418659E-4
1.4056781152E-2	6.8013656244E+3	8.5712652325E-4
1.4926912893E-2	7.1060006850E+3	8.8313453619E-4
1.5823045305E-2	7.4055357788E+3	9.0912779076E-4
1.6745163410E-2	7.6991483206E+3	9.3510585261E-4
1.7693251801E-2	7.9865882629E+3	9.6106828758E-4
1.8667294632E-2	8.2680924673E+3	9.8701466182E-4
1.9667275626E-2	8.5441337026E+3	1.0129445417E-3
2.0693178073E-2	8.8150618280E+3	1.0388574939E-3
2.1744984827E-2	9.0807488154E+3	1.0647530855E-3
2.2822678313E-2	9.3403733877E+3	1.0906308836E-3
2.3926240519E-2	9.5924559380E+3	1.1164904558E-3
2.5055653005E-2	9.8351747242E+3	1.1423313699E-3
2.6210896896E-2	1.0066877744E+4	1.1681531941E-3
2.7391952886E-2	1.0286595319E+4	1.1939554970E-3
2.8598801239E-2	1.0494315905E+4	1.2197378472E-3
2.9831421786E-2	1.0690857056E+4	1.2454998140E-3
3.1089793929E-2	1.0877338953E+4	1.2712409668E-3
3.2373896638E-2	1.1054477674E+4	1.2969608754E-3
3.3683708455E-2	1.1222048188E+4	1.3226591101E-3
3.5019207490E-2	1.1378829944E+4	1.3483352414E-3
3.6380371427E-2	1.1523123690E+4	1.3739888402E-3
3.7767177517E-2	1.1653605333E+4	1.3996194778E-3
3.9179602586E-2	1.1770038685E+4	1.4252267258E-3
4.0617623030E-2	1.1873385989E+4	1.4508101565E-3
4.2081214817E-2	1.1965185730E+4	1.4763693421E-3
4.3570353490E-2	1.2046544333E+4	1.5019038556E-3
4.5085014162E-2	1.2117395112E+4	1.5274132703E-3
4.6625171522E-2	1.2176562124E+4	1.5528971598E-3
4.8190799831E-2	1.2222642837E+4	1.5783550984E-3
4.9781872927E-2	1.2255113518E+4	1.6037866605E-3
5.1398364219E-2	1.2274825649E+4	1.6291914212E-3
5.3040246694E-2	1.2283464296E+4	1.6545689559E-3
5.4707492914E-2	1.2282350396E+4	1.6799188405E-3
5.6400075017E-2	1.2271546029E+4	1.7052406515E-3
5.8117964718E-2	1.2250029674E+4	1.7305339655E-3
5.9861133308E-2	1.2216826447E+4	1.7557983600E-3
6.1629551657E-2	1.2172115704E+4	1.7810334128E-3
6.3423190212E-2	1.2117299309E+4	1.8062387021E-3
6.5242019000E-2	1.2053944874E+4	1.8314138067E-3
6.7086007624E-2	1.1982604185E+4	1.8565583060E-3
6.8955125270E-2	1.1902660341E+4	1.8816717796E-3
7.0849340702E-2	1.1813351431E+4	1.9067538080E-3
7.2768622264E-2	1.1714912949E+4	1.9318039720E-3
7.4712937885E-2	1.1608637452E+4	1.9568218529E-3
7.6682255070E-2	1.1495810318E+4	1.9818070327E-3
7.8676540910E-2	1.1376721135E+4	2.0067590939E-3
8.0695762079E-2	1.1250845157E+4	2.0316776194E-3
8.2739884832E-2	1.1117926714E+4	2.0565621928E-3
8.4808875009E-2	1.0978653935E+4	2.0814123983E-3
8.6902698034E-2	1.0834151811E+4	2.1062278206E-3
8.9021318917E-2	1.0685003989E+4	2.1310080450E-3
9.1164702253E-2	1.0531051666E+4	2.1557526574E-3
9.3332812224E-2	1.0372130735E+4	2.1804612443E-3
9.5525612596E-2	1.0208684489E+4	2.2051333928E-3
9.7743066726E-2	1.0041466067E+4	2.2297686905E-3
9.9985137556E-2	9.8708789474E+3	2.2543667257E-3
1.0225178762E-1	9.6969333431E+3	2.2789270875E-3
1.0454297904E-1	9.5197507943E+3	2.3034493653E-3
1.0685867352E-1	9.3397404592E+3	2.3279331494E-3
1.0919883237E-1	9.1572371814E+3	2.3523780306E-3
1.1156341648E-1	8.9723417112E+3	2.3767836004E-3
1.1395238633E-1	8.7852609173E+3	2.4011494510E-3
1.1636570200E-1	8.5964275783E+3	2.4254751751E-3
1.1880332317E-1	8.4060619119E+3	2.4497603662E-3
1.2126520909E-1	8.2140147012E+3	2.4740046186E-3
1.2375131862E-1	8.0203736299E+3	2.4982075270E-3
1.2626161023E-1	7.8257697765E+3	2.5223686871E-3
1.2879604195E-1	7.6306115430E+3	2.5464876949E-3
1.3135457143E-1	7.4345323308E+3	2.5705641475E-3
1.3393715592E-1	7.2372747848E+3	2.5945976426E-3
1.3654375226E-1	7.0395556501E+3	2.6185877784E-3
1.3917431689E-1	6.8421176472E+3	2.6425341541E-3
1.4182880585E-1	6.6445375419E+3	2.6664363695E-3
1.4450717478E-1	6.4462081769E+3	2.6902940251E-3
1.4720937892E-1	6.2478565258E+3	2.7141067224E-3
1.4993537310E-1	6.0505249692E+3	2.7378740632E-3
1.5268511179E-1	5.8537642400E+3	2.7615956505E-3
1.5545854902E-1	5.6567372464E+3	2.7852710878E-3
1.5825563845E-1	5.4602746553E+3	2.8088999795E-3
1.6107633333E-1	5.2656010604E+3	2.8324819307E-3
1.6392058653E-1	5.0721094533E+3	2.8560165473E-3
1.6678835052E-1	4.8789236652E+3	2.8795034361E-3
1.6967957737E-1	4.6871872838E+3	2.9029422044E-3
1.7259421876E-1	4.4980836861E+3	2.9263324607E-3
1.7553222599E-1	4.3106597587E+3	2.9496738141E-3
1.7849354996E-1	4.1243320804E+3	2.9729658744E-3
1.8147814117E-1	3.9407071505E+3	2.9962082525E-3
1.8448594977E-1	3.7605088947E+3	3.0194005599E-3
1.8751692548E-1	3.5824342842E+3	3.0425424091E-3
1.9057101764E-1	3.4066937596E+3	3.0656334132E-3
1.9364817522E-1	3.2351298263E+3	3.0886731866E-3
1.9674834681E-1	3.0675014651E+3	3.1116613440E-3
1.9987148058E-1	2.9026742368E+3	3.1345975014E-3
2.0301752435E-1	2.7419838887E+3	3.1574812755E-3
2.0618642554E-1	2.5866594894E+3	3.1803122838E-3
2.0937813120E-1	2.4355036007E+3	3.2030901448E-3
2.1259258799E-1	2.2885436488E+3	3.2258144779E-3
2.1582974219E-1	2.1476230000E+3	3.2484849032E-3
2.1908953970E-1	2.0124454477E+3	3.2711010421E-3
2.2237192605E-1	1.8820532723E+3	3.2936625164E-3
2.2567684639E-1	1.7579312088E+3	3.3161689492E-3
2.2900424548E-1	1.6407752929E+3	3.3386199643E-3
2.3235406772E-1	1.5293625708E+3	3.3610151867E-3
2.3572625713E-1	1.4243870483E+3	3.3833542419E-3
2.3912075735E-1	1.3271028832E+3	3.4056367567E-3
2.4253751167E-1	1.2365226073E+3	3.4278623588E-3
2.4597646298E-1	1.1526146583E+3	3.4500306767E-3
2.4943755380E-1	1.0767136186E+3	3.4721413399E-3
2.5292072631E-1	1.0082045941E+3	3.4941939790E-3
2.5642592230E-1	9.4659597107E+2	3.5161882254E-3
2.5995308318E-1	8.9300976491E+2	3.5381237115E-3
2.6350215001E-1	8.4710616624E+2	3.5600000709E-3
2.6707306349E-1	8.0818315202E+2	3.5818169379E-3
2.7066576394E-1	7.7704406395E+2	3.6035739479E-3
2.7428019131E-1	7.5345411200E+2	3.6252707373E-3
2.7791628522E-1	7.3666397117E+2	3.6469069436E-3
2.8157398488E-1	7.2715657157E+2	3.6684822051E-3
2.8525322919E-1	7.2465788687E+2	3.6899961614E-3
2.8895395665E-1	7.2846120908E+2	3.7114484529E-3
2.9267610542E-1	7.3875525854E+2	3.7328387211E-3
2.9641961330E-1	7.5514836280E+2	3.7541666086E-3
3.0018441773E-1	7.7702352561E+2	3.7754317588E-3
3.0397045579E-1	8.0428726813E+2	3.7966338166E-3
3.0777766421E-1	8.3643038132E+2	3.8177724274E-3
3.1160597938E-1	8.7294095970E+2	3.8388472382E-3
3.1545533730E-1	9.1343569157E+2	3.8598578967E-3
3.1932567367E-1	9.5736777599E+2	3.8808040517E-3
3.2321692379E-1	1.0042974474E+3	3.9016853533E-3
3.2712902264E-1	1.0535567032E+3	3.9225014525E-3
3.3106190484E-1	1.1047008303E+3	3.9432520014E-3
3.3501550468E-1	1.1572538836E+3	3.9639366533E-3
3.3898975607E-1	1.2103482260E+3	3.9845550624E-3
3.4298459261E-1	1.2637715583E+3	4.0051068843E-3
3.4699994753E-1	1.3168384094E+3	4.0255917754E-3
3.5103575373E-1	1.3687130703E+3	4.0460093936E-3
3.5509194378E-1	1.4194094658E+3	4.0663593974E-3
3.5916844988E-1	1.4679046004E+3	4.0866414469E-3
3.6326520391E-1	1.5137462922E+3	4.1068552032E-3
3.6738213741E-1	1.5569203820E+3	4.1270003283E-3
3.7151918157E-1	1.5961944507E+3	4.1470764858E-3
3.7567626728E-1	1.6317490975E+3	4.1670833400E-3
3.7985332504E-1	1.6631265592E+3	4.1870205567E-3
3.8405028507E-1	1.6894001053E+3	4.2068878026E-3
3.8826707721E-1	1.7111781603E+3	4.2266847457E-3
3.9250363101E-1	1.7274015374E+3	4.2464110553E-3
3.9675987567E-1	1.7380729972E+3	4.2660664016E-3
4.0103574005E-1	1.7434966250E+3	4.2856504563E-3
4.0533115271E-1	1.7425799709E+3	4.3051628919E-3
4.0964604185E-1	1.7362570507E+3	4.3246033825E-3
4.1398033538E-1	1.7239345623E+3	4.3439716031E-3
4.1833396086E-1	1.7055242535E+3	4.3632672302E-3
4.2270684554E-1	1.6818814377E+3	4.3824899412E-3
4.2709891633E-1	1.6520501894E+3	4.4016394148E-3
4.3151009985E-1	1.6171902080E+3	4.4207153312E-3
4.3594032237E-1	1.5770667793E+3	4.4397173715E-3
4.4038950986E-1	1.5317638613E+3	4.4586452181E-3
4.4485758797E-1	1.4823869724E+3	4.4774985548E-3
4.4934448203E-1	1.4282330141E+3	4.4962770664E-3
4.5385011706E-1	1.3706915025E+3	4.5149804392E-3
4.5837441776E-1	1.3096119959E+3	4.5336083606E-3
4.6291730852E-1	1.2454786132E+3	4.5521605193E-3
4.6747871344E-1	1.1793000765E+3	4.5706366053E-3
4.7205855627E-1	1.1107035583E+3	4.5890363098E-3
4.7665676049E-1	1.0411775394E+3	4.6073593254E-3
4.8127324926E-1	9.7045956603E+2	4.6256053458E-3
4.8590794542E-1	8.9950590792E+2	4.6437740661E-3
4.9056077152E-1	8.2886343275E+2	4.6618651826E-3
4.9523164982E-1	7.5864179040E+2	4.6798783932E-3
4.9992050224E-1	6.9002783063E+2	4.6978133967E-3
5.0462725044E-1	6.2275062242E+2	4.7156698934E-3
5.0935181576E-1	5.5796228919E+2	4.7334475849E-3
5.1409411924E-1	4.9563407431E+2	4.7511461741E-3
5.1885408164E-1	4.3637910044E+2	4.7687653653E-3
5.2363162341E-1	3.8064460957E+2	4.7863048641E-3
5.2842666471E-1	3.2848391500E+2	4.8037643772E-3
5.3323912540E-1	2.8061191216E+2	4.8211436130E-3
5.3806892508E-1	2.3682506104E+2	4.8384422809E-3
5.4291598301E-1	1.9774721638E+2	4.8556600920E-3
5.4778021821E-1	1.6321666129E+2	4.8727967585E-3
5.5266154939E-1	1.3354459471E+2	4.8898519940E-3
5.5755989496E-1	1.0871093605E+2	4.9068255135E-3
5.6247517308E-1	8.8714505892E+1	4.9237170334E-3
5.6740730160E-1	7.3594544056E+1	4.9405262713E-3
5.7235619810E-1	6.3169320941E+1	4.9572529464E-3
5.7732177988E-1	5.7401961711E+1	4.9738967791E-3
5.8230396395E-1	5.6059129123E+1	4.9904574913E-3
5.8730266706E-1	5.8952380856E+1	5.0069348063E-3
5.9231780568E-1	6.5845327495E+1	5.0233284486E-3
5.9734929598E-1	7.6417745165E+1	5.0396381444E-3
6.0239705389E-1	9.0399833821E+1	5.0558636210E-3
6.0746099506E-1	1.0742305581E+2	5.0720046074E-3
6.1254103485E-1	1.2712235921E+2	5.0880608338E-3
6.1763708838E-1	1.4917309448E+2	5.1040320318E-3
6.2274907048E-1	1.7307141984E+2	5.1199179345E-3
6.2787689573E-1	1.9859597441E+2	5.1357182766E-3
6.3302047843E-1	2.2510511676E+2	5.1514327939E-3
6.3817973262E-1	2.5249346985E+2	5.1670612238E-3
6.4335457209E-1	2.8002632442E+2	5.1826033052E-3
6.4854491036E-1	3.0768932048E+2	5.1980587783E-3
6.5375066070E-1	3.3472546973E+2	5.2134273849E-3
6.5897173609E-1	3.6116827483E+2	5.2287088681E-3
6.6420804930E-1	3.8631353465E+2	5.2439029725E-3
6.6945951283E-1	4.1019994083E+2	5.2590094442E-3
6.7472603890E-1	4.3223844060E+2	5.2740280309E-3
6.8000753951E-1	4.5244257558E+2	5.2889584814E-3
6.8530392640E-1	4.7037928335E+2	5.3038005463E-3
6.9061511106E-1	4.8602300284E+2	5.3185539776E-3
6.9594100473E-1	4.9911459511E+2	5.3332185287E-3
7.0128151841E-1	5.0959006376E+2	5.3477939546E-3
7.0663656285E-1	5.1736262390E+2	5.3622800116E-3
7.1200604856E-1	5.2234041122E+2	5.3766764577E-3
7.1738988581E-1	5.2459336310E+2	5.3909830523E-3
7.2278798463E-1	5.2401696414E+2	5.4051995564E-3
7.2820025482E-1	5.2081364804E+2	5.4193257323E-3
7.3362660591E-1	5.1488181302E+2	5.4333613439E-3
7.3906694724E-1	5.0652800451E+2	5.4473061568E-3
7.4452118788E-1	4.9566667633E+2	5.4611599379E-3
7.4998923669E-1	4.8267904114E+2	5.4749224557E-3
7.5547100229E-1	4.6750504764E+2	5.4885934801E-3
7.6096639308E-1	4.5057198179E+2	5.5021727828E-3
7.6647531721E-1	4.3185087383E+2	5.5156601367E-3
7.7199768263E-1	4.1178840371E+2	5.5290553166E-3
7.7753339704E-1	3.9038894277E+2	5.5423580985E-3
7.8308236795E-1	3.6809437791E+2	5.5555682601E-3
7.8864450262E-1	3.4494213953E+2	5.5686855808E-3
7.9421970809E-1	3.2134801219E+2	5.5817098412E-3
7.9980789121E-1	2.9738039309E+2	5.5946408237E-3
8.0540895857E-1	2.7341091852E+2	5.6074783123E-3
8.1102281659E-1	2.4953553365E+2	5.6202220924E-3
8.1664937145E-1	2.2606741969E+2	5.6328719509E-3
8.2228852912E-1	2.0312548655E+2	5.6454276767E-3
8.2794019536E-1	1.8095445160E+2	5.6578890597E-3
8.3360427572E-1	1.5969032144E+2	5.6702558918E-3
8.3928067556E-1	1.3950418757E+2	5.6825279663E-3
8.4496930000E-1	1.2054173740E+2	5.6947050782E-3
8.5067005399E-1	1.0290049512E+2	5.7067870238E-3
8.5638284226E-1	8.6726674191E+1	5.7187736014E-3
8.6210756934E-1	7.2049503392E+1	5.7306646105E-3
8.6784413956E-1	5.9004957723E+1	5.7424598526E-3
8.7359245705E-1	4.7563867437E+1	5.7541591304E-3
8.7935242576E-1	3.7840257838E+1	5.7657622485E-3
8.8512394943E-1	2.9759792609E+1	5.7772690129E-3
8.9090693161E-1	2.3403182435E+1	5.7886792314E-3
8.9670127565E-1	1.8665538488E+1	5.7999927133E-3
9.0250688473E-1	1.5585058529E+1	5.8112092696E-3
9.0832366182E-1	1.4039942104E+1	5.8223287127E-3
9.1415150972E-1	1.4020844092E+1	5.8333508568E-3
9.1999033104E-1	1.5399451545E+1	5.8442755178E-3
9.2584002820E-1	1.8119640976E+1	5.8551025132E-3
9.3170050345E-1	2.2052196039E+1	5.8658316618E-3
9.3757165885E-1	2.7101390227E+1	5.8764627846E-3
9.4345339628E-1	3.3137689025E+1	5.8869957037E-3
9.4934561746E-1	4.0038468315E+1	5.8974302433E-3
9.5524822392E-1	4.7670825983E+1	5.9077662288E-3
9.6116111701E-1	5.5901007469E+1	5.9180034877E-3
9.6708419793E-1	6.4588872774E+1	5.9281418487E-3
9.7301736769E-1	7.3604785181E+1	5.9381811425E-3
9.7896052713E-1	8.2800129122E+1	5.9481212013E-3
9.8491357695E-1	9.2060438043E+1	5.9579618591E-3
9.9087641766E-1	1.0123289055E+2	5.9677029512E-3
9.9684894961E-1	1.1022255694E+2	5.9773443150E-3
1.0028310730E+0	1.1888322068E+2	5.9868857894E-3
1.0088226878E+0	1.2713695472E+2	5.9963272149E-3
1.0148236940E+0	1.3485989200E+2	6.0056684336E-3
1.0208339913E+0	1.4198413264E+2	6.0149092896E-3
1.0268534791E+0	1.4842467782E+2	6.0240496283E-3
1.0328820570E+0	1.5411678608E+2	6.0330892971E-3
1.0389196241E+0	1.5902602345E+2	6.0420281448E-3
1.0449660796E+0	1.6308914658E+2	6.0508660221E-3
1.0510213224E+0	1.6632405151E+2	6.0596027814E-3
1.0570852514E+0	1.6867610212E+2	6.0682382765E-3
1.0631577652E+0	1.7020493057E+2	6.0767723631E-3
1.0692387623E+0	1.7088039492E+2	6.0852048988E-3
1.0753281411E+0	1.7078290722E+2	6.0935357425E-3
1.0814257998E+0	1.6992678225E+2	6.1017647550E-3
1.0875316366E+0	1.6838879253E+2	6.1098917988E-3
1.0936455494E+0	1.6624284162E+2	6.1179167381E-3
1.0997674360E+0	1.6354442172E+2	6.1258394388E-3
1.1058971941E+0	1.6042702000E+2	6.1336597685E-3
1.1120347214E+0	1.5692360179E+2	6.1413775965E-3
1.1181799151E+0	1.5320540025E+2	6.1489927938E-3
1.1243326727E+0	1.4930135664E+2	6.1565052331E-3
1.1304928913E+0	1.4537931552E+2	6.1639147890E-3
1.1366604679E+0	1.4149479073E+2	6.1712213376E-3
1.1428352996E+0	1.3776637828E+2	6.1784247568E-3
1.1490172830E+0	1.3430029077E+2	6.1855249261E-3
1.1552063150E+0	1.3113796422E+2	6.1925217271E-3
1.1614022920E+0	1.2843249112E+2	6.1994150427E-3
1.1676051105E+0	1.2615709356E+2	6.2062047577E-3
1.1738146669E+0	1.2446993323E+2	6.2128907587E-3
1.1800308574E+0	1.2332206359E+2	6.2194729339E-3
1.1862535782E+0	1.2281076658E+2	6.2259511734E-3
1.1924827251E+0	1.2292243346E+2	6.2323253688E-3
1.1987181942E+0	1.2364018275E+2	6.2385954138E-3
1.2049598812E+0	1.2501371211E+2	6.2447612034E-3
1.2112076818E+0	1.2691092612E+2	6.2508226346E-3
1.2174614916E+0	1.2941431899E+2	6.2567796062E-3
1.2237212062E+0	1.3233962680E+2	6.2626320186E-3
1.2299867208E+0	1.3572367915E+2	6.2683797740E-3
1.2362579308E+0	1.3942336070E+2	6.2740227763E-3
1.2425347314E+0	1.4335628354E+2	6.2795609313E-3
1.2488170177E+0	1.4747995099E+2	6.2849941464E-3
1.2551046847E+0	1.5158612450E+2	6.2903223308E-3
1.2613976273E+0	1.5571042487E+2	6.2955453954E-3
1.2676957404E+0	1.5959945298E+2	6.3006632530E-3
1.2739989187E+0	1.6327469855E+2	6.3056758180E-3
1.2803070569E+0	1.6655769693E+2	6.3105830068E-3
1.2866200496E+0	1.6936719237E+2	6.3153847371E-3
1.2929377912E+0	1.7167154120E+2	6.3200809290E-3
1.2992601762E+0	1.7328191436E+2	6.3246715037E-3
1.3055870990E+0	1.7428009004E+2	6.3291563847E-3
1.3119184537E+0	1.7446500320E+2	6.3335354970E-3
1.3182541347E+0	1.7392075692E+2	6.3378087674E-3
1.3245940360E+0	1.7255933516E+2	6.3419761245E-3
1.3309380516E+0	1.7037429238E+2	6.3460374987E-3
1.3372860756E+0	1.6744373177E+2	6.3499928220E-3
1.3436380019E+0	1.6367852855E+2	6.3538420284E-3
1.3499937243E+0	1.5925990530E+2	6.3575850535E-3
1.3563531366E+0	1.5411749047E+2	6.3612218349E-3
1.3627161325E+0	1.4841341677E+2	6.3647523117E-3
1.3690826057E+0	1.4219805564E+2	6.3681764249E-3
1.3754524499E+0	1.3553981789E+2	6.3714941173E-3
1.3818255585E+0	1.2861948612E+2	6.3747053335E-3
1.3882018250E+0	1.2144190723E+2	6.3778100198E-3
1.3945811430E+0	1.1422984714E+2	6.3808081243E-3
1.4009634057E+0	1.0701582354E+2	6.3836995970E-3
1.4073485066E+0	9.9961007772E+1	6.3864843894E-3
1.4137363389E+0	9.3181523106E+1	6.3891624551E-3
1.4201267959E+0	8.6745040122E+1	6.3917337493E-3
1.4265197708E+0	8.0820217679E+1	6.3941982290E-3
1.4329151568E+0	7.5428847017E+1	6.3965558531E-3
1.4393128469E+0	7.0712223699E+1	6.3988065821E-3
1.4457127343E+0	6.6705993037E+1	6.4009503785E-3
1.4521147120E+0	6.3473454847E+1	6.4029872063E-3
1.4585186731E+0	6.1072670550E+1	6.4049170317E-3
1.4649245104E+0	5.9501310052E+1	6.4067398222E-3
1.4713321170E+0	5.8801623354E+1	6.4084555476E-3
1.4777413858E+0	5.8945410752E+1	6.4100641790E-3
1.4841522097E+0	5.9927130429E+1	6.4115656896E-3
1.4905644815E+0	6.1708894218E+1	6.4129600544E-3
1.4969780940E+0	6.4243981164E+1	6.4142472499E-3
1.5033929402E+0	6.7472094206E+1	6.4154272548E-3
1.5098089128E+0	7.1329275911E+1	6.4165000493E-3
1.5162259046E+0	7.5727094561E+1	6.4174656154E-3
1.5226438083E+0	8.0588747107E+1	6.4183239370E-3
1.5290625167E+0	8.5820024079E+1	6.4190749998E-3
1.5354819225E+0	9.1316724617E+1	6.4197187912E-3
1.5419019185E+0	9.7005022726E+1	6.4202553005E-3
1.5483223974E+0	1.0275545375E+2	6.4206845187E-3
1.5547432518E+0	1.0850918780E+2	6.4210064386E-3
1.5611643745E+0	1.1414822542E+2	6.4212210549E-3
1.5675856581E+0	1.1959704599E+2	6.4213283639E-3
1.5740069954E+0	1.2478968655E+2	6.4213283639E-3
1.5804282791E+0	1.2962036095E+2	6.4212210549E-3
1.5868494018E+0	1.3407450239E+2	6.4210064386E-3
1.5932702562E+0	1.3804870465E+2	6.4206845187E-3
1.5996907351E+0	1.4153607810E+2	6.4202553005E-3
1.6061107310E+0	1.4448711291E+2	6.4197187912E-3
1.6125301369E+0	1.4686401867E+2	6.4190749998E-3
1.6189488453E+0	1.4868718121E+2	6.4183239370E-3
1.6253667490E+0	1.4989816221E+2	6.4174656154E-3
1.6317837408E+0	1.5054914146E+2	6.4165000493E-3
1.6381997134E+0	1.5060876785E+2	6.4154272548E-3
1.6446145595E+0	1.5010772238E+2	6.4142472499E-3
1.6510281721E+0	1.4907419109E+2	6.4129600544E-3
1.6574404439E+0	1.4750115534E+2	6.4115656896E-3
1.6638512678E+0	1.4545904531E+2	6.4100641790E-3
1.6702605366E+0	1.4293332271E+2	6.4084555476E-3
1.6766681432E+0	1.3998888675E+2	6.4067398222E-3
1.6830739805E+0	1.3664170533E+2	6.4049170317E-3
1.6894779416E+0	1.3292011123E+2	6.4029872063E-3
1.6958799193E+0	1.2887640048E+2	6.4009503785E-3
1.7022798067E+0	1.2451165504E+2	6.3988065821E-3
1.7086774968E+0	1.1988723747E+2	6.3965558531E-3
1.7150728827E+0	1.1500790874E+2	6.3941982290E-3
1.7214658576E+0	1.0991521020E+2	6.3917337493E-3
1.7278563146E+0	1.0463660297E+2	6.3891624551E-3
1.7342441470E+0	9.9189294240E+1	6.3864843894E-3
1.7406292478E+0	9.3617800069E+1	6.3836995970E-3
1.7470115106E+0	8.7932332502E+1	6.3808081243E-3
1.7533908286E+0	8.2177773428E+1	6.3778100198E-3
1.7597670951E+0	7.6376365978E+1	6.3747053335E-3
1.7661402037E+0	7.0564329783E+1	6.3714941173E-3
1.7725100479E+0	6.4782541966E+1	6.3681764249E-3
1.7788765211E+0	5.9062575059E+1	6.3647523117E-3
1.7852395170E+0	5.3459006548E+1	6.3612218349E-3
1.7915989293E+0	4.8009108658E+1	6.3575850535E-3
1.7979546517E+0	4.2772342292E+1	6.3538420284E-3
1.8043065780E+0	3.7800416470E+1	6.3499928220E-3
1.8106546020E+0	3.3150472245E+1	6.3460374987E-3
1.8169986176E+0	2.8891367322E+1	6.3419761245E-3
1.8233385189E+0	2.5075342825E+1	6.3378087674E-3
1.8296741999E+0	2.1782242350E+1	6.3335354970E-3
1.8360055546E+0	1.9063670820E+1	6.3291563847E-3
1.8423324774E+0	1.6994863119E+1	6.3246715037E-3
1.8486548624E+0	1.5635820616E+1	6.3200809290E-3
1.8549726040E+0	1.5038758928E+1	6.3153847371E-3
1.8612855967E+0	1.5275919094E+1	6.3105830068E-3
1.8675937349E+0	1.6368551332E+1	6.3056758180E-3
1.8738969132E+0	1.8387998379E+1	6.3006632530E-3
1.8801950263E+0	2.1335746605E+1	6.2955453954E-3
1.8864879689E+0	2.5252150304E+1	6.2903223308E-3
1.8927756359E+0	3.0141171711E+1	6.2849941464E-3
1.8990579222E+0	3.5983248232E+1	6.2795609313E-3
1.9053347228E+0	4.2795586926E+1	6.2740227763E-3
1.9116059328E+0	5.0495193459E+1	6.2683797740E-3
1.9178714474E+0	5.9094009600E+1	6.2626320186E-3
1.9241311620E+0	6.8475809726E+1	6.2567796062E-3
1.9303849718E+0	7.8605575110E+1	6.2508226346E-3
1.9366327724E+0	8.9378817507E+1	6.2447612034E-3
1.9428744594E+0	1.0067841091E+2	6.2385954138E-3
1.9491099285E+0	1.1243744978E+2	6.2323253688E-3
1.9553390754E+0	1.2445934307E+2	6.2259511734E-3
1.9615617961E+0	1.3669968948E+2	6.2194729339E-3
1.9677779867E+0	1.4892969112E+2	6.2128907587E-3
1.9739875431E+0	1.6108064684E+2	6.2062047577E-3
1.9801903616E+0	1.7295824063E+2	6.1994150427E-3
1.9863863386E+0	1.8442579519E+2	6.1925217271E-3
1.9925753706E+0	1.9536962508E+2	6.1855249261E-3
1.9987573540E+0	2.0557977483E+2	6.1784247568E-3
2.0049321857E+0	2.1502223372E+2	6.1712213376E-3
2.0110997623E+0	2.2345725968E+2	6.1639147890E-3
2.0172599809E+0	2.3088694101E+2	6.1565052331E-3
2.0234127385E+0	2.3711288674E+2	6.1489927938E-3
2.0295579322E+0	2.4211795337E+2	6.1413775965E-3
2.0356954595E+0	2.4580604445E+2	6.1336597685E-3
2.0418252176E+0	2.4810942644E+2	6.1258394388E-3
2.0479471042E+0	2.4905466206E+2	6.1179167381E-3
2.0540610170E+0	2.4853448976E+2	6.1098917988E-3
2.0601668538E+0	2.4667170315E+2	6.1017647550E-3
2.0662645125E+0	2.4336541870E+2	6.0935357425E-3
2.0723538913E+0	2.3877959859E+2	6.0852048988E-3
2.0784348884E+0	2.3287456393E+2	6.0767723631E-3
2.0845074022E+0	2.2580083729E+2	6.0682382765E-3
2.0905713312E+0	2.1761596020E+2	6.0596027814E-3
2.0966265740E+0	2.0842615261E+2	6.0508660221E-3
2.1026730295E+0	1.9838817777E+2	6.0420281448E-3
2.1087105966E+0	1.8756416121E+2	6.0330892971E-3
2.1147391745E+0	1.7618035027E+2	6.0240496283E-3
2.1207586623E+0	1.6427757034E+2	6.0149092896E-3
2.1267689596E+0	1.5210514352E+2	6.0056684336E-3
2.1327699657E+0	1.3971141910E+2	5.9963272149E-3
2.1387615806E+0	1.2732409150E+2	5.9868857894E-3
2.1447437040E+0	1.1501872574E+2	5.9773443150E-3
2.1507162359E+0	1.0297166307E+2	5.9677029512E-3
2.1566790766E+0	9.1288696995E+1	5.9579618591E-3
2.1626321265E+0	8.0084417012E+1	5.9481212013E-3
2.1685752859E+0	6.9482363380E+1	5.9381811425E-3
2.1745084557E+0	5.9540775379E+1	5.9281418487E-3
2.1804315366E+0	5.0380002118E+1	5.9180034877E-3
2.1863444297E+0	4.2015592716E+1	5.9077662288E-3
2.1922470361E+0	3.4543855151E+1	5.8974302433E-3
2.1981392573E+0	2.7952125433E+1	5.8869957037E-3
2.2040209947E+0	2.2298414247E+1	5.8764627846E-3
2.2098921501E+0	1.7552420946E+1	5.8658316618E-3
2.2157526254E+0	1.3729038440E+1	5.8551025132E-3
2.2216023226E+0	1.0785665021E+1	5.8442755178E-3
2.2274411439E+0	8.6980851883E+0	5.8333508568E-3
2.2332689918E+0	7.4127047526E+0	5.8223287127E-3
2.2390857689E+0	6.8762810969E+0	5.8112092696E-3
2.2448913779E+0	7.0238502327E+0	5.7999927133E-3
2.2506857220E+0	7.7858937711E+0	5.7886792314E-3
2.2564687042E+0	9.0862036163E+0	5.7772690129E-3
2.2622402278E+0	1.0851491478E+1	5.7657622485E-3
2.2680001965E+0	1.2996228101E+1	5.7541591304E-3
2.2737485140E+0	1.5453727799E+1	5.7424598526E-3
2.2794850843E+0	1.8133093406E+1	5.7306646105E-3
2.2852098113E+0	2.0981652304E+1	5.7187736014E-3
2.2909225996E+0	2.3908529704E+1	5.7067870238E-3
2.2966233536E+0	2.6879479657E+1	5.6947050782E-3
2.3023119780E+0	2.9809461370E+1	5.6825279663E-3
2.3079883779E+0	3.2684480885E+1	5.6702558918E-3
2.3136524582E+0	3.5430513108E+1	5.6578890597E-3
2.3193041245E+0	3.8053610493E+1	5.6454276767E-3
2.3249432821E+0	4.0494497241E+1	5.6328719509E-3
2.3305698370E+0	4.2777560432E+1	5.6202220924E-3
2.3361836950E+0	4.4860101470E+1	5.6074783123E-3
2.3417847624E+0	4.6782042675E+1	5.5946408237E-3
2.3473729455E+0	4.8517099070E+1	5.5817098412E-3
2.3529481510E+0	5.0117153920E+1	5.5686855808E-3
2.3585102856E+0	5.1570404989E+1	5.5555682601E-3
2.3640592565E+0	5.2936587898E+1	5.5423580985E-3
2.3695949710E+0	5.4215124915E+1	5.5290553166E-3
2.3751173364E+0	5.5469167874E+1	5.5156601367E-3
2.3806262605E+0	5.6705335296E+1	5.5021727828E-3
2.3861216513E+0	5.7985631208E+1	5.4885934801E-3
2.3916034169E+0	5.9319658983E+1	5.4749224557E-3
2.3970714657E+0	6.0763788695E+1	5.4611599379E-3
2.4025257064E+0	6.2326756658E+1	5.4473061568E-3
2.4079660477E+0	6.4055106907E+1	5.4333613439E-3
2.4133923988E+0	6.5953653953E+1	5.4193257323E-3
2.4188046690E+0	6.8055447236E+1	5.4051995564E-3
2.4242027678E+0	7.0359403455E+1	5.3909830523E-3
2.4295866050E+0	7.2882183126E+1	5.3766764577E-3
2.4349560907E+0	7.5615990985E+1	5.3622800116E-3
2.4403111352E+0	7.8559262892E+1	5.3477939546E-3
2.4456516489E+0	8.1697696168E+1	5.3332185287E-3
2.4509775425E+0	8.5011051690E+1	5.3185539776E-3
2.4562887272E+0	8.8479372733E+1	5.3038005463E-3
2.4615851141E+0	9.2065036354E+1	5.2889584814E-3
2.4668666147E+0	9.5743385544E+1	5.2740280309E-3
2.4721331408E+0	9.9462771417E+1	5.2590094442E-3
2.4773846043E+0	1.0319428404E+2	5.2439029725E-3
2.4826209175E+0	1.0687783713E+2	5.2287088681E-3
2.4878419929E+0	1.1047974861E+2	5.2134273849E-3
2.4930477432E+0	1.1393911315E+2	5.1980587783E-3
2.4982380815E+0	1.1721594698E+2	5.1826033052E-3
2.5034129210E+0	1.2025737346E+2	5.1670612238E-3
2.5085721752E+0	1.2301519708E+2	5.1514327939E-3
2.5137157579E+0	1.2545309100E+2	5.1357182766E-3
2.5188435831E+0	1.2751375652E+2	5.1199179345E-3
2.5239555652E+0	1.2918339581E+2	5.1040320318E-3
2.5290516187E+0	1.3039764583E+2	5.0880608338E-3
2.5341316585E+0	1.3116632882E+2	5.0720046074E-3
2.5391955997E+0	1.3142466177E+2	5.0558636210E-3
2.5442433576E+0	1.3120082555E+2	5.0396381444E-3
2.5492748479E+0	1.3044114156E+2	5.0233284486E-3
2.5542899865E+0	1.2918119780E+2	5.0069348063E-3
2.5592886896E+0	1.2739257411E+2	4.9904574913E-3
2.5642708737E+0	1.2510522483E+2	4.9738967791E-3
2.5692364555E+0	1.2232775215E+2	4.9572529464E-3
2.5741853520E+0	1.1907534019E+2	4.9405262713E-3
2.5791174805E+0	1.1539669684E+2	4.9237170334E-3
2.5840327586E+0	1.1129287872E+2	4.9068255135E-3
2.5889311042E+0	1.0684291346E+2	4.8898519940E-3
2.5938124354E+0	1.0204599818E+2	4.8727967585E-3
2.5986766706E+0	9.6990576164E+1	4.8556600920E-3
2.6035237285E+0	9.1692650503E+1	4.8384422809E-3
2.6083535282E+0	8.6227121321E+1	4.8211436130E-3
2.6131659889E+0	8.0640553814E+1	4.8037643772E-3
2.6179610302E+0	7.4981822015E+1	4.7863048641E-3
2.6227385719E+0	6.9326071942E+1	4.7687653653E-3
2.6274985343E+0	6.3701591141E+1	4.7511461741E-3
2.6322408378E+0	5.8193054986E+1	4.7334475849E-3
2.6369654032E+0	5.2826381014E+1	4.7156698934E-3
2.6416721513E+0	4.7671583648E+1	4.6978133967E-3
2.6463610038E+0	4.2767163556E+1	4.6798783932E-3
2.6510318821E+0	3.8156424432E+1	4.6618651826E-3
2.6556847082E+0	3.3888416937E+1	4.6437740661E-3
2.6603194043E+0	2.9986601885E+1	4.6256053458E-3
2.6649358931E+0	2.6494474698E+1	4.6073593254E-3
2.6695340973E+0	2.3429539012E+1	4.5890363098E-3
2.6741139402E+0	2.0817447080E+1	4.5706366053E-3
2.6786753451E+0	1.8672675099E+1	4.5521605193E-3
2.6832182358E+0	1.7006423524E+1	4.5336083606E-3
2.6877425365E+0	1.5821220194E+1	4.5149804392E-3
2.6922481716E+0	1.5121908740E+1	4.4962770664E-3
2.6967350656E+0	1.4897123529E+1	4.4774985548E-3
2.7012031437E+0	1.5139521705E+1	4.4586452181E-3
2.7056523312E+0	1.5837731037E+1	4.4397173715E-3
2.7100825537E+0	1.6959642483E+1	4.4207153312E-3
2.7144937373E+0	1.8500554322E+1	4.4016394148E-3
2.7188858081E+0	2.0414028328E+1	4.3824899412E-3
2.7232586927E+0	2.2679600903E+1	4.3632672302E-3
2.7276123182E+0	2.5268965428E+1	4.3439716031E-3
2.7319466117E+0	2.8124163076E+1	4.3246033825E-3
2.7362615009E+0	3.1238532683E+1	4.3051628919E-3
2.7405569135E+0	3.4545115681E+1	4.2856504563E-3
2.7448327779E+0	3.8012956366E+1	4.2660664016E-3
2.7490890226E+0	4.1616504335E+1	4.2464110553E-3
2.7533255764E+0	4.5278832057E+1	4.2266847457E-3
2.7575423685E+0	4.8998781203E+1	4.2068878026E-3
2.7617393285E+0	5.2713547619E+1	4.1870205567E-3
2.7659163863E+0	5.6376255909E+1	4.1670833400E-3
2.7700734720E+0	5.9986388013E+1	4.1470764858E-3
2.7742105162E+0	6.3461889622E+1	4.1270003283E-3
2.7783274497E+0	6.6799213937E+1	4.1068552032E-3
2.7824242037E+0	6.9973486353E+1	4.0866414469E-3
2.7865007098E+0	7.2916762528E+1	4.0663593974E-3
2.7905568999E+0	7.5653798866E+1	4.0460093936E-3
2.7945927061E+0	7.8133848940E+1	4.0255917754E-3
2.7986080610E+0	8.0325130979E+1	4.0051068843E-3
2.8026028975E+0	8.2257987771E+1	3.9845550624E-3
2.8065771489E+0	8.3870997843E+1	3.9639366533E-3
2.8105307487E+0	8.5171404895E+1	3.9432520014E-3
2.8144636309E+0	8.6180742739E+1	3.9225014525E-3
2.8183757298E+0	8.6843864206E+1	3.9016853533E-3
2.8222669799E+0	8.7197749275E+1	3.8808040517E-3
2.8261373163E+0	8.7251967982E+1	3.8598578967E-3
2.8299866742E+0	8.6967410328E+1	3.8388472382E-3
2.8338149894E+0	8.6398834948E+1	3.8177724274E-3
2.8376221978E+0	8.5547391338E+1	3.7966338166E-3
2.8414082359E+0	8.4391541292E+1	3.7754317588E-3
2.8451730403E+0	8.2994478991E+1	3.7541666086E-3
2.8489165482E+0	8.1354136500E+1	3.7328387211E-3
2.8526386969E+0	7.9462701898E+1	3.7114484529E-3
2.8563394244E+0	7.7386034227E+1	3.6899961614E-3
2.8600186687E+0	7.5123089503E+1	3.6684822051E-3
2.8636763684E+0	7.2673752502E+1	3.6469069436E-3
2.8673124623E+0	7.0103154068E+1	3.6252707373E-3
2.8709268897E+0	6.7414108532E+1	3.6035739479E-3
2.8745195901E+0	6.4608216015E+1	3.5818169379E-3
2.8780905036E+0	6.1747246386E+1	3.5600000709E-3
2.8816395704E+0	5.8839786494E+1	3.5381237115E-3
2.8851667313E+0	5.5884619509E+1	3.5161882254E-3
2.8886719273E+0	5.2937050817E+1	3.4941939790E-3
2.8921550998E+0	5.0012763673E+1	3.4721413399E-3
2.8956161906E+0	4.7105670367E+1	3.4500306767E-3
2.8990551419E+0	4.4260574833E+1	3.4278623588E-3
2.9024718962E+0	4.1500537034E+1	3.4056367567E-3
2.9058663965E+0	3.8815751140E+1	3.3833542419E-3
2.9092385859E+0	3.6236235011E+1	3.3610151867E-3
2.9125884081E+0	3.3790426454E+1	3.3386199643E-3
2.9159158072E+0	3.1468978284E+1	3.3161689492E-3
2.9192207275E+0	2.9284647353E+1	3.2936625164E-3
2.9225031139E+0	2.7265898792E+1	3.2711010421E-3
2.9257629114E+0	2.5408983719E+1	3.2484849032E-3
2.9290000656E+0	2.3711406505E+1	3.2258144779E-3
2.9322145224E+0	2.2193901077E+1	3.2030901448E-3
2.9354062280E+0	2.0860472758E+1	3.1803122838E-3
2.9385751292E+0	1.9700705555E+1	3.1574812755E-3
2.9417211730E+0	1.8721642835E+1	3.1345975014E-3
2.9448443068E+0	1.7931060124E+1	3.1116613440E-3
2.9479444784E+0	1.7319511355E+1	3.0886731866E-3
2.9510216360E+0	1.6881320617E+1	3.0656334132E-3
2.9540757281E+0	1.6620094370E+1	3.0425424091E-3
2.9571067038E+0	1.6530841690E+1	3.0194005599E-3
2.9601145124E+0	1.6602774623E+1	2.9962082525E-3
2.9630991036E+0	1.6831234061E+1	2.9729658744E-3
2.9660604276E+0	1.7211636422E+1	2.9496738141E-3
2.9689984348E+0	1.7734058760E+1	2.9263324607E-3
2.9719130762E+0	1.8389356852E+1	2.9029422044E-3
2.9748043031E+0	1.9169699279E+1	2.8795034361E-3
2.9776720671E+0	2.0064728360E+1	2.8560165473E-3
2.9805163203E+0	2.1064632915E+1	2.8324819307E-3
2.9833370151E+0	2.2161283076E+1	2.8088999795E-3
2.9861341046E+0	2.3343253699E+1	2.7852710878E-3
2.9889075418E+0	2.4597654393E+1	2.7615956505E-3
2.9916572805E+0	2.5916494763E+1	2.7378740632E-3
2.9943832747E+0	2.7292656694E+1	2.7141067224E-3
2.9970854788E+0	2.8712783970E+1	2.6902940251E-3
2.9997638477E+0	3.0163072930E+1	2.6664363695E-3
3.0024183367E+0	3.1637418355E+1	2.6425341541E-3
3.0050489013E+0	3.3130885643E+1	2.6185877784E-3
3.0076554977E+0	3.4630541573E+1	2.5945976426E-3
3.0102380822E+0	3.6121986655E+1	2.5705641475E-3
3.0127966116E+0	3.7599954477E+1	2.5464876949E-3
3.0153310434E+0	3.9062951204E+1	2.5223686871E-3
3.0178413350E+0	4.0501373952E+1	2.4982075270E-3
3.0203274445E+0	4.1900693632E+1	2.4740046186E-3
3.0227893304E+0	4.3254321750E+1	2.4497603662E-3
3.0252269516E+0	4.4563737399E+1	2.4254751751E-3
3.0276402673E+0	4.5825687093E+1	2.4011494510E-3
3.0300292371E+0	4.7028074151E+1	2.3767836004E-3
3.0323938212E+0	4.8161159622E+1	2.3523780306E-3
3.0347339801E+0	4.9225689135E+1	2.3279331494E-3
3.0370496746E+0	5.0225205926E+1	2.3034493653E-3
3.0393408660E+0	5.1154993917E+1	2.2789270875E-3
3.0416075160E+0	5.2004510980E+1	2.2543667257E-3
3.0438495869E+0	5.2769059868E+1	2.2297686905E-3
3.0460670410E+0	5.3453251995E+1	2.2051333928E-3
3.0482598414E+0	5.4061783277E+1	2.1804612443E-3
3.0504279513E+0	5.4591130392E+1	2.1557526574E-3
3.0525713347E+0	5.5033391454E+1	2.1310080450E-3
3.0546899556E+0	5.5386267699E+1	2.1062278206E-3
3.0567837786E+0	5.5655672996E+1	2.0814123983E-3
3.0588527688E+0	5.5848194623E+1	2.0565621928E-3
3.0608968915E+0	5.5963642702E+1	2.0316776194E-3
3.0629161127E+0	5.5996744539E+1	2.0067590939E-3
3.0649103985E+0	5.5945102497E+1	1.9818070327E-3
3.0668797157E+0	5.5813515952E+1	1.9568218529E-3
3.0688240313E+0	5.5610072512E+1	1.9318039720E-3
3.0707433129E+0	5.5339180745E+1	1.9067538080E-3
3.0726375283E+0	5.4999414286E+1	1.8816717796E-3
3.0745066460E+0	5.4587899022E+1	1.8565583060E-3
3.0763506346E+0	5.4105944182E+1	1.8314138067E-3
3.0781694634E+0	5.3560066998E+1	1.8062387021E-3
3.0799631019E+0	5.2957936502E+1	1.7810334128E-3
3.0817315203E+0	5.2303742144E+1	1.7557983600E-3
3.0834746889E+0	5.1597369855E+1	1.7305339655E-3
3.0851925786E+0	5.0837618598E+1	1.7052406515E-3
3.0868851607E+0	5.0026051476E+1	1.6799188405E-3
3.0885524069E+0	4.9168058706E+1	1.6545689559E-3
3.0901942894E+0	4.8270621661E+1	1.6291914212E-3
3.0918107807E+0	4.7339071885E+1	1.6037866605E-3
3.0934018538E+0	4.6375554441E+1	1.5783550984E-3
3.0949674821E+0	4.5380108446E+1	1.5528971598E-3
3.0965076394E+0	4.4353140886E+1	1.5274132703E-3
3.0980223001E+0	4.3297269053E+1	1.5019038556E-3
3.0995114388E+0	4.2217328959E+1	1.4763693421E-3
3.1009750306E+0	4.1118844099E+1	1.4508101565E-3
3.1024130510E+0	4.0006228240E+1	1.4252267258E-3
3.1038254761E+0	3.8881918175E+1	1.3996194778E-3
3.1052122822E+0	3.7746805123E+1	1.3739888402E-3
3.1065734461E+0	3.6601465868E+1	1.3483352414E-3
3.1079089451E+0	3.5447326664E+1	1.3226591101E-3
3.1092187570E+0	3.4287115375E+1	1.2969608754E-3
3.1105028597E+0	3.3124491652E+1	1.2712409668E-3
3.1117612318E+0	3.1963211456E+1	1.2454998140E-3
3.1129938524E+0	3.0806344232E+1	1.2197378472E-3
3.1142007007E+0	2.9655915193E+1	1.1939554970E-3
3.1153817567E+0	2.8513051732E+1	1.1681531941E-3
3.1165370006E+0	2.7378458821E+1	1.1423313699E-3
3.1176664131E+0	2.6252942847E+1	1.1164904558E-3
3.1187699753E+0	2.5137751717E+1	1.0906308836E-3
3.1198476688E+0	2.4034634664E+1	1.0647530855E-3
3.1208994755E+0	2.2945663816E+1	1.0388574939E-3
3.1219253780E+0	2.1872942258E+1	1.0129445417E-3
3.1229253590E+0	2.0818333245E+1	9.8701466182E-4
3.1238994018E+0	1.9783301089E+1	9.6106828758E-4
3.1248474902E+0	1.8768890046E+1	9.3510585261E-4
3.1257696083E+0	1.7775813551E+1	9.0912779076E-4
3.1266657407E+0	1.6804598174E+1	8.8313453619E-4
3.1275358724E+0	1.5855725705E+1	8.5712652325E-4
3.1283799890E+0	1.4929733991E+1	8.3110418659E-4
3.1291980762E+0	1.4027260847E+1	8.0506796108E-4
3.1299901204E+0	1.3149036110E+1	7.7901828182E-4
3.1307561084E+0	1.2295839349E+1	7.5295558414E-4
3.1314960274E+0	1.1468444323E+1	7.2688030358E-4
3.1322098650E+0	1.0667567925E+1	7.0079287589E-4
3.1328976092E+0	9.8938346077E+0	6.7469373705E-4
3.1335592487E+0	9.1477600522E+0	6.4858332323E-4
3.1341947723E+0	8.4297522479E+0	6.2246207073E-4
3.1348041694E+0	7.7401249421E+0	5.9633041614E-4
3.1353874298E+0	7.0791175122E+0	5.7018879612E-4
3.1359445438E+0	6.4469160188E+0	5.4403764760E-4
3.1364755020E+0	5.8436717645E+0	5.1787740760E-4
3.1369802957E+0	5.2695154134E+0	4.9170851331E-4
3.1374589163E+0	4.7245662041E+0	4.6553140213E-4
3.1379113559E+0	4.2089367968E+0	4.3934651156E-4
3.1383376069E+0	3.7227348289E+0	4.1315427928E-4
3.1387376622E+0	3.2660623845E+0	3.8695514312E-4
3.1391115150E+0	2.8390144589E+0	3.6074954110E-4
3.1394591592E+0	2.4416772394E+0	3.3453791144E-4
3.1397805890E+0	2.0741267267E+0	3.0832069259E-4
3.1400757989E+0	1.7364279600E+0	2.8209832342E-4
3.1403447841E+0	1.4286349080E+0	2.5587124334E-4
3.1405875400E+0	1.1507909545E+0	2.2963989267E-4
3.1408040626E+0	9.0292984075E-1	2.0340471372E-4
3.1409943483E+0	6.8507690064E-1	1.7716615272E-4
3.1411583939E+0	4.9725043532E-1	1.5092466531E-4
3.1412961968E+0	3.3946309029E-1	1.2468073282E-4
3.1414077547E+0	2.1172311343E-1	9.8434919423E-5
3.1414930663E+0	1.1403531103E-1	7.2188137769E-5
3.1415521316E+0	4.6400910074E-2	4.5943520243E-5
3.1415849628E+0	8.8065298025E-3	1.9736940383E-5