# Differential cross section		
# Author: P. Swaczyna	Princeton University	(swaczyna@princeton.edu)
# Date: 	Wed 17 Feb 2021 11:37:16	
# 		
# Elastic collision: He^0 + He^+ -> He^0 + He^+		
# 		
# Red. mass: 	1.8640723202E+9	 eV/c^2
# CM energy: 	1.4125375446E-2	 eV
# Rel speed: 	1.1670899303E+5	 cm/s
# Tot sigma: 	N/A	 a.u.
# Int sigma: 	1.2706982365E+3	 a.u.
# 		
# Columns:		
# the <- scattering angle (rad)		
# dcs <- dsigma/dOmega*2*pi*sin(the) (a.u. = 2.8002852056E-17 cm^2)		
# wei <- weight for cross section integration (approx. width of angle bin)		
# 		
# the	dcs	wei
7.6907532846E-6	9.5554755316E+0	1.9736940383E-5
4.0521979771E-5	5.0346513932E+1	4.5943520243E-5
9.9587300392E-5	1.2372522924E+2	7.2188137769E-5
1.8489884726E-4	2.2967666276E+2	9.8434919423E-5
2.9645680168E-4	3.6811691906E+2	1.2468073282E-4
4.3425968311E-4	5.3886228336E+2	1.5092466531E-4
5.9830531657E-4	7.4157540257E+2	1.7716615272E-4
7.8859101285E-4	9.7570238096E+2	2.0340471372E-4
1.0051136166E-3	1.2404072686E+3	2.2963989267E-4
1.2478695220E-3	1.5345127528E+3	2.5587124334E-4
1.5168546797E-3	1.8564589001E+3	2.8209832342E-4
1.8120645986E-3	2.2042940811E+3	3.0832069259E-4
2.1334943481E-3	2.5757122964E+3	3.3453791144E-4
2.4811385584E-3	2.9681473303E+3	3.6074954110E-4
2.8549914211E-3	3.3789251051E+3	3.8695514312E-4
3.2550466893E-3	3.8054609324E+3	4.1315427928E-4
3.6812976783E-3	4.2454697616E+3	4.3934651156E-4
4.1337372652E-3	4.6971394375E+3	4.6553140213E-4
4.6123578895E-3	5.1592064638E+3	4.9170851331E-4
5.1171515529E-3	5.6308791744E+3	5.1787740760E-4
5.6481098199E-3	6.1115813950E+3	5.4403764760E-4
6.2052238176E-3	6.6005421872E+3	5.7018879612E-4
6.7884842360E-3	7.0963262454E+3	5.9633041614E-4
7.3978813281E-3	7.5964643249E+3	6.2246207073E-4
8.0334049101E-3	8.0973703705E+3	6.4858332323E-4
8.6950443616E-3	8.5946839118E+3	6.7469373705E-4
9.3827886258E-3	9.0840315898E+3	7.0079287589E-4
1.0096626210E-2	9.5619865516E+3	7.2688030358E-4
1.0836545184E-2	1.0026812019E+4	7.5295558414E-4
1.1602533184E-2	1.0478542086E+4	7.7901828182E-4
1.2394577408E-2	1.0918179336E+4	8.0506796108E-4
1.3212664621E-2	1.1346242581E+4	8.3110418659E-4
1.4056781152E-2	1.1761372049E+4	8.5712652325E-4
1.4926912893E-2	1.2159879691E+4	8.8313453619E-4
1.5823045305E-2	1.2536766774E+4	9.0912779076E-4
1.6745163410E-2	1.2887850193E+4	9.3510585261E-4
1.7693251801E-2	1.3211710174E+4	9.6106828758E-4
1.8667294632E-2	1.3509955857E+4	9.8701466182E-4
1.9667275626E-2	1.3785280991E+4	1.0129445417E-3
2.0693178073E-2	1.4038507773E+4	1.0388574939E-3
2.1744984827E-2	1.4266962488E+4	1.0647530855E-3
2.2822678313E-2	1.4465839998E+4	1.0906308836E-3
2.3926240519E-2	1.4631772623E+4	1.1164904558E-3
2.5055653005E-2	1.4765505567E+4	1.1423313699E-3
2.6210896896E-2	1.4870880505E+4	1.1681531941E-3
2.7391952886E-2	1.4950705110E+4	1.1939554970E-3
2.8598801239E-2	1.5003562379E+4	1.2197378472E-3
2.9831421786E-2	1.5025199269E+4	1.2454998140E-3
3.1089793929E-2	1.5013385917E+4	1.2712409668E-3
3.2373896638E-2	1.4970809725E+4	1.2969608754E-3
3.3683708455E-2	1.4902261338E+4	1.3226591101E-3
3.5019207490E-2	1.4809212461E+4	1.3483352414E-3
3.6380371427E-2	1.4688672580E+4	1.3739888402E-3
3.7767177517E-2	1.4538144156E+4	1.3996194778E-3
3.9179602586E-2	1.4360163625E+4	1.4252267258E-3
4.0617623030E-2	1.4159903064E+4	1.4508101565E-3
4.2081214817E-2	1.3939038617E+4	1.4763693421E-3
4.3570353490E-2	1.3694990648E+4	1.5019038556E-3
4.5085014162E-2	1.3426862551E+4	1.5274132703E-3
4.6625171522E-2	1.3138777644E+4	1.5528971598E-3
4.8190799831E-2	1.2835115253E+4	1.5783550984E-3
4.9781872927E-2	1.2515540469E+4	1.6037866605E-3
5.1398364219E-2	1.2178311201E+4	1.6291914212E-3
5.3040246694E-2	1.1825991783E+4	1.6545689559E-3
5.4707492914E-2	1.1463292145E+4	1.6799188405E-3
5.6400075017E-2	1.1091173200E+4	1.7052406515E-3
5.8117964718E-2	1.0708329716E+4	1.7305339655E-3
5.9861133308E-2	1.0316887346E+4	1.7557983600E-3
6.1629551657E-2	9.9210196549E+3	1.7810334128E-3
6.3423190212E-2	9.5216601829E+3	1.8062387021E-3
6.5242019000E-2	9.1182175599E+3	1.8314138067E-3
6.7086007624E-2	8.7131587369E+3	1.8565583060E-3
6.8955125270E-2	8.3096436351E+3	1.8816717796E-3
7.0849340702E-2	7.9079797671E+3	1.9067538080E-3
7.2768622264E-2	7.5086002957E+3	1.9318039720E-3
7.4712937885E-2	7.1141474494E+3	1.9568218529E-3
7.6682255070E-2	6.7262510035E+3	1.9818070327E-3
7.8676540910E-2	6.3451121350E+3	2.0067590939E-3
8.0695762079E-2	5.9721804888E+3	2.0316776194E-3
8.2739884832E-2	5.6091545864E+3	2.0565621928E-3
8.4808875009E-2	5.2566229673E+3	2.0814123983E-3
8.6902698034E-2	4.9155050479E+3	2.1062278206E-3
8.9021318917E-2	4.5868820109E+3	2.1310080450E-3
9.1164702253E-2	4.2713774543E+3	2.1557526574E-3
9.3332812224E-2	3.9699040667E+3	2.1804612443E-3
9.5525612596E-2	3.6829059544E+3	2.2051333928E-3
9.7743066726E-2	3.4106542274E+3	2.2297686905E-3
9.9985137556E-2	3.1541841832E+3	2.2543667257E-3
1.0225178762E-1	2.9134068754E+3	2.2789270875E-3
1.0454297904E-1	2.6881393531E+3	2.3034493653E-3
1.0685867352E-1	2.4795049809E+3	2.3279331494E-3
1.0919883237E-1	2.2868462229E+3	2.3523780306E-3
1.1156341648E-1	2.1096925560E+3	2.3767836004E-3
1.1395238633E-1	1.9491564223E+3	2.4011494510E-3
1.1636570200E-1	1.8038659380E+3	2.4254751751E-3
1.1880332317E-1	1.6734513388E+3	2.4497603662E-3
1.2126520909E-1	1.5587371319E+3	2.4740046186E-3
1.2375131862E-1	1.4576145115E+3	2.4982075270E-3
1.2626161023E-1	1.3702937596E+3	2.5223686871E-3
1.2879604195E-1	1.2967201833E+3	2.5464876949E-3
1.3135457143E-1	1.2345323352E+3	2.5705641475E-3
1.3393715592E-1	1.1846379534E+3	2.5945976426E-3
1.3654375226E-1	1.1454678152E+3	2.6185877784E-3
1.3917431689E-1	1.1155365771E+3	2.6425341541E-3
1.4182880585E-1	1.0955605652E+3	2.6664363695E-3
1.4450717478E-1	1.0827745147E+3	2.6902940251E-3
1.4720937892E-1	1.0773945601E+3	2.7141067224E-3
1.4993537310E-1	1.0783948988E+3	2.7378740632E-3
1.5268511179E-1	1.0837552888E+3	2.7615956505E-3
1.5545854902E-1	1.0941786892E+3	2.7852710878E-3
1.5825563845E-1	1.1070161697E+3	2.8088999795E-3
1.6107633333E-1	1.1224719116E+3	2.8324819307E-3
1.6392058653E-1	1.1393284432E+3	2.8560165473E-3
1.6678835052E-1	1.1561696881E+3	2.8795034361E-3
1.6967957737E-1	1.1733297431E+3	2.9029422044E-3
1.7259421876E-1	1.1885920462E+3	2.9263324607E-3
1.7553222599E-1	1.2026110531E+3	2.9496738141E-3
1.7849354996E-1	1.2136970177E+3	2.9729658744E-3
1.8147814117E-1	1.2218346251E+3	2.9962082525E-3
1.8448594977E-1	1.2264512369E+3	3.0194005599E-3
1.8751692548E-1	1.2267662201E+3	3.0425424091E-3
1.9057101764E-1	1.2230977346E+3	3.0656334132E-3
1.9364817522E-1	1.2143654547E+3	3.0886731866E-3
1.9674834681E-1	1.2012624256E+3	3.1116613440E-3
1.9987148058E-1	1.1828970171E+3	3.1345975014E-3
2.0301752435E-1	1.1599579468E+3	3.1574812755E-3
2.0618642554E-1	1.1319861041E+3	3.1803122838E-3
2.0937813120E-1	1.0995342987E+3	3.2030901448E-3
2.1259258799E-1	1.0625839104E+3	3.2258144779E-3
2.1582974219E-1	1.0215853935E+3	3.2484849032E-3
2.1908953970E-1	9.7684772549E+2	3.2711010421E-3
2.2237192605E-1	9.2880316945E+2	3.2936625164E-3
2.2567684639E-1	8.7795290264E+2	3.3161689492E-3
2.2900424548E-1	8.2477527617E+2	3.3386199643E-3
2.3235406772E-1	7.6985307069E+2	3.3610151867E-3
2.3572625713E-1	7.1373280028E+2	3.3833542419E-3
2.3912075735E-1	6.5700296375E+2	3.4056367567E-3
2.4253751167E-1	6.0026244014E+2	3.4278623588E-3
2.4597646298E-1	5.4405882068E+2	3.4500306767E-3
2.4943755380E-1	4.8900169019E+2	3.4721413399E-3
2.5292072631E-1	4.3557330897E+2	3.4941939790E-3
2.5642592230E-1	3.8433719095E+2	3.5161882254E-3
2.5995308318E-1	3.3570355045E+2	3.5381237115E-3
2.6350215001E-1	2.9012639283E+2	3.5600000709E-3
2.6707306349E-1	2.4795110532E+2	3.5818169379E-3
2.7066576394E-1	2.0946129773E+2	3.6035739479E-3
2.7428019131E-1	1.7495151830E+2	3.6252707373E-3
2.7791628522E-1	1.4449016867E+2	3.6469069436E-3
2.8157398488E-1	1.1832840223E+2	3.6684822051E-3
2.8525322919E-1	9.6308755250E+1	3.6899961614E-3
2.8895395665E-1	7.8623114965E+1	3.7114484529E-3
2.9267610542E-1	6.4927306555E+1	3.7328387211E-3
2.9641961330E-1	5.5305600316E+1	3.7541666086E-3
3.0018441773E-1	4.9314575758E+1	3.7754317588E-3
3.0397045579E-1	4.6864476897E+1	3.7966338166E-3
3.0777766421E-1	4.7516202416E+1	3.8177724274E-3
3.1160597938E-1	5.0965580496E+1	3.8388472382E-3
3.1545533730E-1	5.6841520216E+1	3.8598578967E-3
3.1932567367E-1	6.4661211625E+1	3.8808040517E-3
3.2321692379E-1	7.4106451072E+1	3.9016853533E-3
3.2712902264E-1	8.4632333306E+1	3.9225014525E-3
3.3106190484E-1	9.5908114137E+1	3.9432520014E-3
3.3501550468E-1	1.0745267878E+2	3.9639366533E-3
3.3898975607E-1	1.1889599567E+2	3.9845550624E-3
3.4298459261E-1	1.2986461663E+2	4.0051068843E-3
3.4699994753E-1	1.4001183349E+2	4.0255917754E-3
3.5103575373E-1	1.4903823729E+2	4.0460093936E-3
3.5509194378E-1	1.5669780422E+2	4.0663593974E-3
3.5916844988E-1	1.6276540539E+2	4.0866414469E-3
3.6326520391E-1	1.6708124393E+2	4.1068552032E-3
3.6738213741E-1	1.6956691946E+2	4.1270003283E-3
3.7151918157E-1	1.7010065552E+2	4.1470764858E-3
3.7567626728E-1	1.6875298904E+2	4.1670833400E-3
3.7985332504E-1	1.6551164644E+2	4.1870205567E-3
3.8405028507E-1	1.6046161536E+2	4.2068878026E-3
3.8826707721E-1	1.5380194636E+2	4.2266847457E-3
3.9250363101E-1	1.4559323765E+2	4.2464110553E-3
3.9675987567E-1	1.3612423225E+2	4.2660664016E-3
4.0103574005E-1	1.2560086689E+2	4.2856504563E-3
4.0533115271E-1	1.1420469822E+2	4.3051628919E-3
4.0964604185E-1	1.0230427712E+2	4.3246033825E-3
4.1398033538E-1	9.0077832460E+1	4.3439716031E-3
4.1833396086E-1	7.7800262379E+1	4.3632672302E-3
4.2270684554E-1	6.5799752984E+1	4.3824899412E-3
4.2709891633E-1	5.4228019826E+1	4.4016394148E-3
4.3151009985E-1	4.3365956348E+1	4.4207153312E-3
4.3594032237E-1	3.3440679520E+1	4.4397173715E-3
4.4038950986E-1	2.4563856518E+1	4.4586452181E-3
4.4485758797E-1	1.6939008554E+1	4.4774985548E-3
4.4934448203E-1	1.0676262015E+1	4.4962770664E-3
4.5385011706E-1	5.8221601650E+0	4.5149804392E-3
4.5837441776E-1	2.4567544103E+0	4.5336083606E-3
4.6291730852E-1	5.7848756372E-1	4.5521605193E-3
4.6747871344E-1	1.5476493863E-1	4.5706366053E-3
4.7205855627E-1	1.1350709354E+0	4.5890363098E-3
4.7665676049E-1	3.4215927101E+0	4.6073593254E-3
4.8127324926E-1	6.9124706876E+0	4.6256053458E-3
4.8590794542E-1	1.1449964683E+1	4.6437740661E-3
4.9056077152E-1	1.6861139661E+1	4.6618651826E-3
4.9523164982E-1	2.3005761710E+1	4.6798783932E-3
4.9992050224E-1	2.9665354716E+1	4.6978133967E-3
5.0462725044E-1	3.6616069492E+1	4.7156698934E-3
5.0935181576E-1	4.3716392131E+1	4.7334475849E-3
5.1409411924E-1	5.0750340560E+1	4.7511461741E-3
5.1885408164E-1	5.7472547554E+1	4.7687653653E-3
5.2363162341E-1	6.3764151796E+1	4.7863048641E-3
5.2842666471E-1	6.9477960372E+1	4.8037643772E-3
5.3323912540E-1	7.4391214085E+1	4.8211436130E-3
5.3806892508E-1	7.8409002485E+1	4.8384422809E-3
5.4291598301E-1	8.1494182572E+1	4.8556600920E-3
5.4778021821E-1	8.3510641828E+1	4.8727967585E-3
5.5266154939E-1	8.4383653544E+1	4.8898519940E-3
5.5755989496E-1	8.4173052215E+1	4.9068255135E-3
5.6247517308E-1	8.2887586208E+1	4.9237170334E-3
5.6740730160E-1	8.0499981205E+1	4.9405262713E-3
5.7235619810E-1	7.7110549395E+1	4.9572529464E-3
5.7732177988E-1	7.2868360245E+1	4.9738967791E-3
5.8230396395E-1	6.7850130123E+1	4.9904574913E-3
5.8730266706E-1	6.2163485484E+1	5.0069348063E-3
5.9231780568E-1	5.6013791012E+1	5.0233284486E-3
5.9734929598E-1	4.9592201888E+1	5.0396381444E-3
6.0239705389E-1	4.3040687819E+1	5.0558636210E-3
6.0746099506E-1	3.6541101710E+1	5.0720046074E-3
6.1254103485E-1	3.0315005824E+1	5.0880608338E-3
6.1763708838E-1	2.4546804221E+1	5.1040320318E-3
6.2274907048E-1	1.9388472233E+1	5.1199179345E-3
6.2787689573E-1	1.5003613495E+1	5.1357182766E-3
6.3302047843E-1	1.1546717690E+1	5.1514327939E-3
6.3817973262E-1	9.1306682983E+0	5.1670612238E-3
6.4335457209E-1	7.8412206296E+0	5.1826033052E-3
6.4854491036E-1	7.7444972993E+0	5.1980587783E-3
6.5375066070E-1	8.8646290795E+0	5.2134273849E-3
6.5897173609E-1	1.1184551678E+1	5.2287088681E-3
6.6420804930E-1	1.4667915976E+1	5.2439029725E-3
6.6945951283E-1	1.9248380806E+1	5.2590094442E-3
6.7472603890E-1	2.4803596116E+1	5.2740280309E-3
6.8000753951E-1	3.1171710355E+1	5.2889584814E-3
6.8530392640E-1	3.8188365471E+1	5.3038005463E-3
6.9061511106E-1	4.5680013592E+1	5.3185539776E-3
6.9594100473E-1	5.3430456694E+1	5.3332185287E-3
7.0128151841E-1	6.1189656632E+1	5.3477939546E-3
7.0663656285E-1	6.8721454827E+1	5.3622800116E-3
7.1200604856E-1	7.5820719301E+1	5.3766764577E-3
7.1738988581E-1	8.2283822363E+1	5.3909830523E-3
7.2278798463E-1	8.7893140583E+1	5.4051995564E-3
7.2820025482E-1	9.2450163250E+1	5.4193257323E-3
7.3362660591E-1	9.5813735834E+1	5.4333613439E-3
7.3906694724E-1	9.7895520056E+1	5.4473061568E-3
7.4452118788E-1	9.8631619196E+1	5.4611599379E-3
7.4998923669E-1	9.7979479086E+1	5.4749224557E-3
7.5547100229E-1	9.5944938651E+1	5.4885934801E-3
7.6096639308E-1	9.2600223613E+1	5.5021727828E-3
7.6647531721E-1	8.8070472430E+1	5.5156601367E-3
7.7199768263E-1	8.2509981042E+1	5.5290553166E-3
7.7753339704E-1	7.6096341277E+1	5.5423580985E-3
7.8308236795E-1	6.9039730218E+1	5.5555682601E-3
7.8864450262E-1	6.1584360206E+1	5.5686855808E-3
7.9421970809E-1	5.3992962731E+1	5.5817098412E-3
7.9980789121E-1	4.6527499876E+1	5.5946408237E-3
8.0540895857E-1	3.9439788578E+1	5.6074783123E-3
8.1102281659E-1	3.2969171296E+1	5.6202220924E-3
8.1664937145E-1	2.7336076673E+1	5.6328719509E-3
8.2228852912E-1	2.2728944820E+1	5.6454276767E-3
8.2794019536E-1	1.9292669775E+1	5.6578890597E-3
8.3360427572E-1	1.7125063874E+1	5.6702558918E-3
8.3928067556E-1	1.6277970105E+1	5.6825279663E-3
8.4496930000E-1	1.6755571767E+1	5.6947050782E-3
8.5067005399E-1	1.8508783620E+1	5.7067870238E-3
8.5638284226E-1	2.1432287974E+1	5.7187736014E-3
8.6210756934E-1	2.5370158127E+1	5.7306646105E-3
8.6784413956E-1	3.0128299304E+1	5.7424598526E-3
8.7359245705E-1	3.5486370652E+1	5.7541591304E-3
8.7935242576E-1	4.1204386495E+1	5.7657622485E-3
8.8512394943E-1	4.7026364551E+1	5.7772690129E-3
8.9090693161E-1	5.2687228363E+1	5.7886792314E-3
8.9670127565E-1	5.7926130757E+1	5.7999927133E-3
9.0250688473E-1	6.2503180119E+1	5.8112092696E-3
9.0832366182E-1	6.6213444969E+1	5.8223287127E-3
9.1415150972E-1	6.8894542980E+1	5.8333508568E-3
9.1999033104E-1	7.0429125762E+1	5.8442755178E-3
9.2584002820E-1	7.0746371500E+1	5.8551025132E-3
9.3170050345E-1	6.9825198369E+1	5.8658316618E-3
9.3757165885E-1	6.7698315243E+1	5.8764627846E-3
9.4345339628E-1	6.4453897390E+1	5.8869957037E-3
9.4934561746E-1	6.0232343970E+1	5.8974302433E-3
9.5524822392E-1	5.5218199105E+1	5.9077662288E-3
9.6116111701E-1	4.9629501041E+1	5.9180034877E-3
9.6708419793E-1	4.3707004613E+1	5.9281418487E-3
9.7301736769E-1	3.7704238843E+1	5.9381811425E-3
9.7896052713E-1	3.1877772290E+1	5.9481212013E-3
9.8491357695E-1	2.6476649883E+1	5.9579618591E-3
9.9087641766E-1	2.1730824198E+1	5.9677029512E-3
9.9684894961E-1	1.7839626833E+1	5.9773443150E-3
1.0028310730E+0	1.4961901389E+1	5.9868857894E-3
1.0088226878E+0	1.3208994502E+1	5.9963272149E-3
1.0148236940E+0	1.2640805722E+1	6.0056684336E-3
1.0208339913E+0	1.3264291878E+1	6.0149092896E-3
1.0268534791E+0	1.5033695289E+1	6.0240496283E-3
1.0328820570E+0	1.7852241188E+1	6.0330892971E-3
1.0389196241E+0	2.1575645430E+1	6.0420281448E-3
1.0449660796E+0	2.6018003257E+1	6.0508660221E-3
1.0510213224E+0	3.0960325203E+1	6.0596027814E-3
1.0570852514E+0	3.6161347702E+1	6.0682382765E-3
1.0631577652E+0	4.1369658166E+1	6.0767723631E-3
1.0692387623E+0	4.6335946879E+1	6.0852048988E-3
1.0753281411E+0	5.0824397422E+1	6.0935357425E-3
1.0814257998E+0	5.4622679426E+1	6.1017647550E-3
1.0875316366E+0	5.7550437417E+1	6.1098917988E-3
1.0936455494E+0	5.9466371838E+1	6.1179167381E-3
1.0997674360E+0	6.0273943671E+1	6.1258394388E-3
1.1058971941E+0	5.9925517496E+1	6.1336597685E-3
1.1120347214E+0	5.8424565815E+1	6.1413775965E-3
1.1181799151E+0	5.5825526546E+1	6.1489927938E-3
1.1243326727E+0	5.2231070809E+1	6.1565052331E-3
1.1304928913E+0	4.7786834918E+1	6.1639147890E-3
1.1366604679E+0	4.2673982374E+1	6.1712213376E-3
1.1428352996E+0	3.7100181600E+1	6.1784247568E-3
1.1490172830E+0	3.1289662113E+1	6.1855249261E-3
1.1552063150E+0	2.5472959912E+1	6.1925217271E-3
1.1614022920E+0	1.9876841683E+1	6.1994150427E-3
1.1676051105E+0	1.4714774831E+1	6.2062047577E-3
1.1738146669E+0	1.0178232123E+1	6.2128907587E-3
1.1800308574E+0	6.4290947536E+0	6.2194729339E-3
1.1862535782E+0	3.5934238474E+0	6.2259511734E-3
1.1924827251E+0	1.7568714645E+0	6.2323253688E-3
1.1987181942E+0	9.6196712768E-1	6.2385954138E-3
1.2049598812E+0	1.2074315752E+0	6.2447612034E-3
1.2112076818E+0	2.4495439746E+0	6.2508226346E-3
1.2174614916E+0	4.6054456892E+0	6.2567796062E-3
1.2237212062E+0	7.5581313256E+0	6.2626320186E-3
1.2299867208E+0	1.1162779283E+1	6.2683797740E-3
1.2362579308E+0	1.5254020393E+1	6.2740227763E-3
1.2425347314E+0	1.9653732713E+1	6.2795609313E-3
1.2488170177E+0	2.4178971790E+1	6.2849941464E-3
1.2551046847E+0	2.8649684385E+1	6.2903223308E-3
1.2613976273E+0	3.2895897274E+1	6.2955453954E-3
1.2676957404E+0	3.6764114851E+1	6.3006632530E-3
1.2739989187E+0	4.0122699101E+1	6.3056758180E-3
1.2803070569E+0	4.2866046948E+1	6.3105830068E-3
1.2866200496E+0	4.4917428019E+1	6.3153847371E-3
1.2929377912E+0	4.6230403749E+1	6.3200809290E-3
1.2992601762E+0	4.6788816861E+1	6.3246715037E-3
1.3055870990E+0	4.6605414401E+1	6.3291563847E-3
1.3119184537E+0	4.5719241441E+1	6.3335354970E-3
1.3182541347E+0	4.4192008162E+1	6.3378087674E-3
1.3245940360E+0	4.2103683366E+1	6.3419761245E-3
1.3309380516E+0	3.9547597715E+1	6.3460374987E-3
1.3372860756E+0	3.6625348537E+1	6.3499928220E-3
1.3436380019E+0	3.3441786116E+1	6.3538420284E-3
1.3499937243E+0	3.0100332719E+1	6.3575850535E-3
1.3563531366E+0	2.6698845145E+1	6.3612218349E-3
1.3627161325E+0	2.3326184099E+1	6.3647523117E-3
1.3690826057E+0	2.0059603553E+1	6.3681764249E-3
1.3754524499E+0	1.6963023387E+1	6.3714941173E-3
1.3818255585E+0	1.4086200882E+1	6.3747053335E-3
1.3882018250E+0	1.1464771973E+1	6.3778100198E-3
1.3945811430E+0	9.1210921393E+0	6.3808081243E-3
1.4009634057E+0	7.0657699399E+0	6.3836995970E-3
1.4073485066E+0	5.2997544420E+0	6.3864843894E-3
1.4137363389E+0	3.8168122844E+0	6.3891624551E-3
1.4201267959E+0	2.6062125810E+0	6.3917337493E-3
1.4265197708E+0	1.6554297232E+0	6.3941982290E-3
1.4329151568E+0	9.5267663364E-1	6.3965558531E-3
1.4393128469E+0	4.8909465786E-1	6.3988065821E-3
1.4457127343E+0	2.6045068058E-1	6.4009503785E-3
1.4521147120E+0	2.6822587381E-1	6.4029872063E-3
1.4585186731E+0	5.2002151323E-1	6.4049170317E-3
1.4649245104E+0	1.0292527013E+0	6.4067398222E-3
1.4713321170E+0	1.8141474825E+0	6.4084555476E-3
1.4777413858E+0	2.8961136035E+0	6.4100641790E-3
1.4841522097E+0	4.2975753465E+0	6.4115656896E-3
1.4905644815E+0	6.0394162766E+0	6.4129600544E-3
1.4969780940E+0	8.1381888974E+0	6.4142472499E-3
1.5033929402E+0	1.0603268339E+1	6.4154272548E-3
1.5098089128E+0	1.3434134030E+1	6.4165000493E-3
1.5162259046E+0	1.6617961066E+1	6.4174656154E-3
1.5226438083E+0	2.0127692129E+1	6.4183239370E-3
1.5290625167E+0	2.3920741868E+1	6.4190749998E-3
1.5354819225E+0	2.7938459392E+1	6.4197187912E-3
1.5419019185E+0	3.2106441456E+1	6.4202553005E-3
1.5483223974E+0	3.6335750131E+1	6.4206845187E-3
1.5547432518E+0	4.0525044923E+1	6.4210064386E-3
1.5611643745E+0	4.4563592216E+1	6.4212210549E-3
1.5675856581E+0	4.8335066085E+1	6.4213283639E-3
1.5740069954E+0	5.1722006182E+1	6.4213283639E-3
1.5804282791E+0	5.4610753460E+1	6.4212210549E-3
1.5868494018E+0	5.6896645587E+1	6.4210064386E-3
1.5932702562E+0	5.8489224170E+1	6.4206845187E-3
1.5996907351E+0	5.9317187818E+1	6.4202553005E-3
1.6061107310E+0	5.9332821212E+1	6.4197187912E-3
1.6125301369E+0	5.8515641606E+1	6.4190749998E-3
1.6189488453E+0	5.6875031158E+1	6.4183239370E-3
1.6253667490E+0	5.4451665022E+1	6.4174656154E-3
1.6317837408E+0	5.1317599727E+1	6.4165000493E-3
1.6381997134E+0	4.7574950206E+1	6.4154272548E-3
1.6446145595E+0	4.3353153962E+1	6.4142472499E-3
1.6510281721E+0	3.8804892456E+1	6.4129600544E-3
1.6574404439E+0	3.4100809232E+1	6.4115656896E-3
1.6638512678E+0	2.9423227120E+1	6.4100641790E-3
1.6702605366E+0	2.4959120390E+1	6.4084555476E-3
1.6766681432E+0	2.0892639052E+1	6.4067398222E-3
1.6830739805E+0	1.7397510239E+1	6.4049170317E-3
1.6894779416E+0	1.4629654715E+1	6.4029872063E-3
1.6958799193E+0	1.2720354839E+1	6.4009503785E-3
1.7022798067E+0	1.1770294054E+1	6.3988065821E-3
1.7086774968E+0	1.1844757422E+1	6.3965558531E-3
1.7150728827E+0	1.2970238891E+1	6.3941982290E-3
1.7214658576E+0	1.5132644495E+1	6.3917337493E-3
1.7278563146E+0	1.8277213059E+1	6.3891624551E-3
1.7342441470E+0	2.2310198955E+1	6.3864843894E-3
1.7406292478E+0	2.7102277696E+1	6.3836995970E-3
1.7470115106E+0	3.2493548483E+1	6.3808081243E-3
1.7533908286E+0	3.8299922652E+1	6.3778100198E-3
1.7597670951E+0	4.4320609180E+1	6.3747053335E-3
1.7661402037E+0	5.0346343788E+1	6.3714941173E-3
1.7725100479E+0	5.6167962300E+1	6.3681764249E-3
1.7788765211E+0	6.1584896948E+1	6.3647523117E-3
1.7852395170E+0	6.6413178311E+1	6.3612218349E-3
1.7915989293E+0	7.0492556796E+1	6.3575850535E-3
1.7979546517E+0	7.3692412696E+1	6.3538420284E-3
1.8043065780E+0	7.5916198678E+1	6.3499928220E-3
1.8106546020E+0	7.7104245944E+1	6.3460374987E-3
1.8169986176E+0	7.7234857347E+1	6.3419761245E-3
1.8233385189E+0	7.6323700747E+1	6.3378087674E-3
1.8296741999E+0	7.4421597451E+1	6.3335354970E-3
1.8360055546E+0	7.1610870528E+1	6.3291563847E-3
1.8423324774E+0	6.8000475037E+1	6.3246715037E-3
1.8486548624E+0	6.3720177307E+1	6.3200809290E-3
1.8549726040E+0	5.8914085257E+1	6.3153847371E-3
1.8612855967E+0	5.3733857278E+1	6.3105830068E-3
1.8675937349E+0	4.8331933340E+1	6.3056758180E-3
1.8738969132E+0	4.2855135588E+1	6.3006632530E-3
1.8801950263E+0	3.7438973118E+1	6.2955453954E-3
1.8864879689E+0	3.2202951523E+1	6.2903223308E-3
1.8927756359E+0	2.7247129473E+1	6.2849941464E-3
1.8990579222E+0	2.2650082231E+1	6.2795609313E-3
1.9053347228E+0	1.8468331228E+1	6.2740227763E-3
1.9116059328E+0	1.4737189584E+1	6.2683797740E-3
1.9178714474E+0	1.1472869260E+1	6.2626320186E-3
1.9241311620E+0	8.6756095786E+0	6.2567796062E-3
1.9303849718E+0	6.3335290231E+0	6.2508226346E-3
1.9366327724E+0	4.4268764785E+0	6.2447612034E-3
1.9428744594E+0	2.9323610242E+0	6.2385954138E-3
1.9491099285E+0	1.8272628188E+0	6.2323253688E-3
1.9553390754E+0	1.0930610066E+0	6.2259511734E-3
1.9615617961E+0	7.1835036846E-1	6.2194729339E-3
1.9677779867E+0	7.0085481210E-1	6.2128907587E-3
1.9739875431E+0	1.0483871723E+0	6.2062047577E-3
1.9801903616E+0	1.7786594531E+0	6.1994150427E-3
1.9863863386E+0	2.9179216320E+0	6.1925217271E-3
1.9925753706E+0	4.4984991415E+0	6.1855249261E-3
1.9987573540E+0	6.5553976659E+0	6.1784247568E-3
2.0049321857E+0	9.1222297082E+0	6.1712213376E-3
2.0110997623E+0	1.2226771414E+1	6.1639147890E-3
2.0172599809E+0	1.5886470503E+1	6.1565052331E-3
2.0234127385E+0	2.0104202701E+1	6.1489927938E-3
2.0295579322E+0	2.4864534719E+1	6.1413775965E-3
2.0356954595E+0	3.0130720957E+1	6.1336597685E-3
2.0418252176E+0	3.5842652784E+1	6.1258394388E-3
2.0479471042E+0	4.1915985545E+1	6.1179167381E-3
2.0540610170E+0	4.8242659373E+1	6.1098917988E-3
2.0601668538E+0	5.4692967259E+1	6.1017647550E-3
2.0662645125E+0	6.1119186963E+1	6.0935357425E-3
2.0723538913E+0	6.7360600608E+1	6.0852048988E-3
2.0784348884E+0	7.3249538476E+1	6.0767723631E-3
2.0845074022E+0	7.8617979733E+1	6.0682382765E-3
2.0905713312E+0	8.3304273918E+1	6.0596027814E-3
2.0966265740E+0	8.7159695644E+1	6.0508660221E-3
2.1026730295E+0	9.0054720576E+1	6.0420281448E-3
2.1087105966E+0	9.1884991176E+1	6.0330892971E-3
2.1147391745E+0	9.2576847911E+1	6.0240496283E-3
2.1207586623E+0	9.2092067913E+1	6.0149092896E-3
2.1267689596E+0	9.0431226888E+1	6.0056684336E-3
2.1327699657E+0	8.7635071047E+1	5.9963272149E-3
2.1387615806E+0	8.3783556852E+1	5.9868857894E-3
2.1447437040E+0	7.8992703517E+1	5.9773443150E-3
2.1507162359E+0	7.3409852513E+1	5.9677029512E-3
2.1566790766E+0	6.7208064982E+1	5.9579618591E-3
2.1626321265E+0	6.0580118024E+1	5.9481212013E-3
2.1685752859E+0	5.3732075809E+1	5.9381811425E-3
2.1745084557E+0	4.6876092970E+1	5.9281418487E-3
2.1804315366E+0	4.0222257492E+1	5.9180034877E-3
2.1863444297E+0	3.3969858708E+1	5.9077662288E-3
2.1922470361E+0	2.8299056669E+1	5.8974302433E-3
2.1981392573E+0	2.3364027680E+1	5.8869957037E-3
2.2040209947E+0	1.9288104985E+1	5.8764627846E-3
2.2098921501E+0	1.6160613496E+1	5.8658316618E-3
2.2157526254E+0	1.4034693594E+1	5.8551025132E-3
2.2216023226E+0	1.2925803625E+1	5.8442755178E-3
2.2274411439E+0	1.2811442721E+1	5.8333508568E-3
2.2332689918E+0	1.3633073913E+1	5.8223287127E-3
2.2390857689E+0	1.5300629840E+1	5.8112092696E-3
2.2448913779E+0	1.7698698574E+1	5.7999927133E-3
2.2506857220E+0	2.0692706362E+1	5.7886792314E-3
2.2564687042E+0	2.4134079078E+1	5.7772690129E-3
2.2622402278E+0	2.7865056652E+1	5.7657622485E-3
2.2680001965E+0	3.1724885151E+1	5.7541591304E-3
2.2737485140E+0	3.5558142391E+1	5.7424598526E-3
2.2794850843E+0	3.9223529623E+1	5.7306646105E-3
2.2852098113E+0	4.2599995613E+1	5.7187736014E-3
2.2909225996E+0	4.5588517239E+1	5.7067870238E-3
2.2966233536E+0	4.8111328657E+1	5.6947050782E-3
2.3023119780E+0	5.0112392538E+1	5.6825279663E-3
2.3079883779E+0	5.1560866834E+1	5.6702558918E-3
2.3136524582E+0	5.2454832147E+1	5.6578890597E-3
2.3193041245E+0	5.2820454153E+1	5.6454276767E-3
2.3249432821E+0	5.2705055566E+1	5.6328719509E-3
2.3305698370E+0	5.2168325127E+1	5.6202220924E-3
2.3361836950E+0	5.1277625765E+1	5.6074783123E-3
2.3417847624E+0	5.0108428982E+1	5.5946408237E-3
2.3473729455E+0	4.8744446705E+1	5.5817098412E-3
2.3529481510E+0	4.7271843884E+1	5.5686855808E-3
2.3585102856E+0	4.5768930055E+1	5.5555682601E-3
2.3640592565E+0	4.4298786878E+1	5.5423580985E-3
2.3695949710E+0	4.2909561844E+1	5.5290553166E-3
2.3751173364E+0	4.1638487125E+1	5.5156601367E-3
2.3806262605E+0	4.0511922238E+1	5.5021727828E-3
2.3861216513E+0	3.9539985392E+1	5.4885934801E-3
2.3916034169E+0	3.8712582418E+1	5.4749224557E-3
2.3970714657E+0	3.8002763865E+1	5.4611599379E-3
2.4025257064E+0	3.7374443002E+1	5.4473061568E-3
2.4079660477E+0	3.6786786378E+1	5.4333613439E-3
2.4133923988E+0	3.6193421155E+1	5.4193257323E-3
2.4188046690E+0	3.5542414952E+1	5.4051995564E-3
2.4242027678E+0	3.4781642122E+1	5.3909830523E-3
2.4295866050E+0	3.3866227594E+1	5.3766764577E-3
2.4349560907E+0	3.2762124167E+1	5.3622800116E-3
2.4403111352E+0	3.1445727281E+1	5.3477939546E-3
2.4456516489E+0	2.9904351139E+1	5.3332185287E-3
2.4509775425E+0	2.8139545068E+1	5.3185539776E-3
2.4562887272E+0	2.6170035606E+1	5.3038005463E-3
2.4615851141E+0	2.4031182315E+1	5.2889584814E-3
2.4668666147E+0	2.1772010806E+1	5.2740280309E-3
2.4721331408E+0	1.9452981780E+1	5.2590094442E-3
2.4773846043E+0	1.7145589343E+1	5.2439029725E-3
2.4826209175E+0	1.4931412170E+1	5.2287088681E-3
2.4878419929E+0	1.2897643729E+1	5.2134273849E-3
2.4930477432E+0	1.1130661960E+1	5.1980587783E-3
2.4982380815E+0	9.7131454308E+0	5.1826033052E-3
2.5034129210E+0	8.7248816115E+0	5.1670612238E-3
2.5085721752E+0	8.2392964366E+0	5.1514327939E-3
2.5137157579E+0	8.3142405901E+0	5.1357182766E-3
2.5188435831E+0	8.9888450927E+0	5.1199179345E-3
2.5239555652E+0	1.0289796987E+1	5.1040320318E-3
2.5290516187E+0	1.2230663307E+1	5.0880608338E-3
2.5341316585E+0	1.4799908040E+1	5.0720046074E-3
2.5391955997E+0	1.7960346363E+1	5.0558636210E-3
2.5442433576E+0	2.1664261958E+1	5.0396381444E-3
2.5492748479E+0	2.5853500199E+1	5.0233284486E-3
2.5542899865E+0	3.0443194055E+1	5.0069348063E-3
2.5592886896E+0	3.5328873597E+1	4.9904574913E-3
2.5642708737E+0	4.0410615400E+1	4.9738967791E-3
2.5692364555E+0	4.5585382601E+1	4.9572529464E-3
2.5741853520E+0	5.0727745944E+1	4.9405262713E-3
2.5791174805E+0	5.5712953060E+1	4.9237170334E-3
2.5840327586E+0	6.0440500891E+1	4.9068255135E-3
2.5889311042E+0	6.4807448218E+1	4.8898519940E-3
2.5938124354E+0	6.8699882393E+1	4.8727967585E-3
2.5986766706E+0	7.2034447492E+1	4.8556600920E-3
2.6035237285E+0	7.4756267742E+1	4.8384422809E-3
2.6083535282E+0	7.6799381688E+1	4.8211436130E-3
2.6131659889E+0	7.8113457017E+1	4.8037643772E-3
2.6179610302E+0	7.8696037459E+1	4.7863048641E-3
2.6227385719E+0	7.8547232628E+1	4.7687653653E-3
2.6274985343E+0	7.7662017135E+1	4.7511461741E-3
2.6322408378E+0	7.6082045339E+1	4.7334475849E-3
2.6369654032E+0	7.3867796928E+1	4.7156698934E-3
2.6416721513E+0	7.1059331661E+1	4.6978133967E-3
2.6463610038E+0	6.7727772453E+1	4.6798783932E-3
2.6510318821E+0	6.3972347490E+1	4.6618651826E-3
2.6556847082E+0	5.9863693010E+1	4.6437740661E-3
2.6603194043E+0	5.5484212579E+1	4.6256053458E-3
2.6649358931E+0	5.0944969589E+1	4.6073593254E-3
2.6695340973E+0	4.6324394662E+1	4.5890363098E-3
2.6741139402E+0	4.1697464468E+1	4.5706366053E-3
2.6786753451E+0	3.7162957009E+1	4.5521605193E-3
2.6832182358E+0	3.2784631188E+1	4.5336083606E-3
2.6877425365E+0	2.8615101177E+1	4.5149804392E-3
2.6922481716E+0	2.4724261250E+1	4.4962770664E-3
2.6967350656E+0	2.1145871840E+1	4.4774985548E-3
2.7012031437E+0	1.7902801334E+1	4.4586452181E-3
2.7056523312E+0	1.5028784011E+1	4.4397173715E-3
2.7100825537E+0	1.2522827384E+1	4.4207153312E-3
2.7144937373E+0	1.0379484495E+1	4.4016394148E-3
2.7188858081E+0	8.5978362288E+0	4.3824899412E-3
2.7232586927E+0	7.1480494106E+0	4.3632672302E-3
2.7276123182E+0	6.0046230394E+0	4.3439716031E-3
2.7319466117E+0	5.1404012492E+0	4.3246033825E-3
2.7362615009E+0	4.5104364822E+0	4.3051628919E-3
2.7405569135E+0	4.0800796845E+0	4.2856504563E-3
2.7448327779E+0	3.8091556483E+0	4.2660664016E-3
2.7490890226E+0	3.6536624361E+0	4.2464110553E-3
2.7533255764E+0	3.5796826494E+0	4.2266847457E-3
2.7575423685E+0	3.5494707697E+0	4.2068878026E-3
2.7617393285E+0	3.5318237684E+0	4.1870205567E-3
2.7659163863E+0	3.5017358382E+0	4.1670833400E-3
2.7700734720E+0	3.4367848809E+0	4.1470764858E-3
2.7742105162E+0	3.3229692563E+0	4.1270003283E-3
2.7783274497E+0	3.1511674563E+0	4.1068552032E-3
2.7824242037E+0	2.9187835319E+0	4.0866414469E-3
2.7865007098E+0	2.6289839131E+0	4.0663593974E-3
2.7905568999E+0	2.2909159328E+0	4.0460093936E-3
2.7945927061E+0	1.9182450656E+0	4.0255917754E-3
2.7986080610E+0	1.5293854423E+0	4.0051068843E-3
2.8026028975E+0	1.1463271838E+0	3.9845550624E-3
2.8065771489E+0	7.9366011694E-1	3.9639366533E-3
2.8105307487E+0	4.9783314303E-1	3.9432520014E-3
2.8144636309E+0	2.8661770091E-1	3.9225014525E-3
2.8183757298E+0	1.8705416529E-1	3.9016853533E-3
2.8222669799E+0	2.2584159261E-1	3.8808040517E-3
2.8261373163E+0	4.2835951519E-1	3.8598578967E-3
2.8299866742E+0	8.1527074151E-1	3.8388472382E-3
2.8338149894E+0	1.4085711422E+0	3.8177724274E-3
2.8376221978E+0	2.2196724372E+0	3.7966338166E-3
2.8414082359E+0	3.2642871861E+0	3.7754317588E-3
2.8451730403E+0	4.5444720893E+0	3.7541666086E-3
2.8489165482E+0	6.0657377595E+0	3.7328387211E-3
2.8526386969E+0	7.8228709130E+0	3.7114484529E-3
2.8563394244E+0	9.8079729672E+0	3.6899961614E-3
2.8600186687E+0	1.2010990532E+1	3.6684822051E-3
2.8636763684E+0	1.4409646649E+1	3.6469069436E-3
2.8673124623E+0	1.6990688195E+1	3.6252707373E-3
2.8709268897E+0	1.9718999882E+1	3.6035739479E-3
2.8745195901E+0	2.2578981110E+1	3.5818169379E-3
2.8780905036E+0	2.5525941833E+1	3.5600000709E-3
2.8816395704E+0	2.8542609632E+1	3.5381237115E-3
2.8851667313E+0	3.1578595012E+1	3.5161882254E-3
2.8886719273E+0	3.4616027008E+1	3.4941939790E-3
2.8921550998E+0	3.7602420183E+1	3.4721413399E-3
2.8956161906E+0	4.0520998666E+1	3.4500306767E-3
2.8990551419E+0	4.3320036737E+1	3.4278623588E-3
2.9024718962E+0	4.5986043612E+1	3.4056367567E-3
2.9058663965E+0	4.8470036547E+1	3.3833542419E-3
2.9092385859E+0	5.0764153652E+1	3.3610151867E-3
2.9125884081E+0	5.2823389923E+1	3.3386199643E-3
2.9159158072E+0	5.4647550231E+1	3.3161689492E-3
2.9192207275E+0	5.6196412024E+1	3.2936625164E-3
2.9225031139E+0	5.7478635298E+1	3.2711010421E-3
2.9257629114E+0	5.8459654304E+1	3.2484849032E-3
2.9290000656E+0	5.9156713727E+1	3.2258144779E-3
2.9322145224E+0	5.9542470183E+1	3.2030901448E-3
2.9354062280E+0	5.9640467725E+1	3.1803122838E-3
2.9385751292E+0	5.9433350191E+1	3.1574812755E-3
2.9417211730E+0	5.8946506893E+1	3.1345975014E-3
2.9448443068E+0	5.8176423390E+1	3.1116613440E-3
2.9479444784E+0	5.7144554766E+1	3.0886731866E-3
2.9510216360E+0	5.5864796535E+1	3.0656334132E-3
2.9540757281E+0	5.4349922890E+1	3.0425424091E-3
2.9571067038E+0	5.2631661278E+1	3.0194005599E-3
2.9601145124E+0	5.0713882939E+1	2.9962082525E-3
2.9630991036E+0	4.8640272547E+1	2.9729658744E-3
2.9660604276E+0	4.6412528410E+1	2.9496738141E-3
2.9689984348E+0	4.4073778726E+1	2.9263324607E-3
2.9719130762E+0	4.1634986401E+1	2.9029422044E-3
2.9748043031E+0	3.9125269839E+1	2.8795034361E-3
2.9776720671E+0	3.6572443375E+1	2.8560165473E-3
2.9805163203E+0	3.3987618908E+1	2.8324819307E-3
2.9833370151E+0	3.1409665305E+1	2.8088999795E-3
2.9861341046E+0	2.8842883836E+1	2.7852710878E-3
2.9889075418E+0	2.6319274065E+1	2.7615956505E-3
2.9916572805E+0	2.3853044902E+1	2.7378740632E-3
2.9943832747E+0	2.1456362662E+1	2.7141067224E-3
2.9970854788E+0	1.9155542278E+1	2.6902940251E-3
2.9997638477E+0	1.6951005453E+1	2.6664363695E-3
3.0024183367E+0	1.4863943652E+1	2.6425341541E-3
3.0050489013E+0	1.2901742117E+1	2.6185877784E-3
3.0076554977E+0	1.1067562791E+1	2.5945976426E-3
3.0102380822E+0	9.3768110749E+0	2.5705641475E-3
3.0127966116E+0	7.8258237047E+0	2.5464876949E-3
3.0153310434E+0	6.4208409336E+0	2.5223686871E-3
3.0178413350E+0	5.1659457873E+0	2.4982075270E-3
3.0203274445E+0	4.0549161344E+0	2.4740046186E-3
3.0227893304E+0	3.0916132619E+0	2.4497603662E-3
3.0252269516E+0	2.2719293922E+0	2.4254751751E-3
3.0276402673E+0	1.5894571107E+0	2.4011494510E-3
3.0300292371E+0	1.0431664764E+0	2.3767836004E-3
3.0323938212E+0	6.2510336184E-1	2.3523780306E-3
3.0347339801E+0	3.2824304253E-1	2.3279331494E-3
3.0370496746E+0	1.4725569587E-1	2.3034493653E-3
3.0393408660E+0	7.3046172656E-2	2.2789270875E-3
3.0416075160E+0	9.7692413589E-2	2.2543667257E-3
3.0438495869E+0	2.1309993830E-1	2.2297686905E-3
3.0460670410E+0	4.1035227210E-1	2.2051333928E-3
3.0482598414E+0	6.8119137290E-1	2.1804612443E-3
3.0504279513E+0	1.0160692514E+0	2.1557526574E-3
3.0525713347E+0	1.4067465651E+0	2.1310080450E-3
3.0546899556E+0	1.8457512201E+0	2.1062278206E-3
3.0567837786E+0	2.3231230037E+0	2.0814123983E-3
3.0588527688E+0	2.8311036700E+0	2.0565621928E-3
3.0608968915E+0	3.3641117041E+0	2.0316776194E-3
3.0629161127E+0	3.9130880022E+0	2.0067590939E-3
3.0649103985E+0	4.4700465551E+0	1.9818070327E-3
3.0668797157E+0	5.0314317618E+0	1.9568218529E-3
3.0688240313E+0	5.5910143969E+0	1.9318039720E-3
3.0707433129E+0	6.1404445268E+0	1.9067538080E-3
3.0726375283E+0	6.6765022336E+0	1.8816717796E-3
3.0745066460E+0	7.1971388483E+0	1.8565583060E-3
3.0763506346E+0	7.6957541688E+0	1.8314138067E-3
3.0781694634E+0	8.1672702763E+0	1.8062387021E-3
3.0799631019E+0	8.6118513204E+0	1.7810334128E-3
3.0817315203E+0	9.0279289644E+0	1.7557983600E-3
3.0834746889E+0	9.4101285621E+0	1.7305339655E-3
3.0851925786E+0	9.7562713054E+0	1.7052406515E-3
3.0868851607E+0	1.0068392636E+1	1.6799188405E-3
3.0885524069E+0	1.0346038563E+1	1.6545689559E-3
3.0901942894E+0	1.0585527223E+1	1.6291914212E-3
3.0918107807E+0	1.0786077915E+1	1.6037866605E-3
3.0934018538E+0	1.0950755252E+1	1.5783550984E-3
3.0949674821E+0	1.1080949392E+1	1.5528971598E-3
3.0965076394E+0	1.1174710327E+1	1.5274132703E-3
3.0980223001E+0	1.1231327110E+1	1.5019038556E-3
3.0995114388E+0	1.1253797605E+1	1.4763693421E-3
3.1009750306E+0	1.1245416487E+1	1.4508101565E-3
3.1024130510E+0	1.1206522470E+1	1.4252267258E-3
3.1038254761E+0	1.1136275131E+1	1.3996194778E-3
3.1052122822E+0	1.1036122572E+1	1.3739888402E-3
3.1065734461E+0	1.0909752820E+1	1.3483352414E-3
3.1079089451E+0	1.0760097993E+1	1.3226591101E-3
3.1092187570E+0	1.0587816096E+1	1.2969608754E-3
3.1105028597E+0	1.0392936577E+1	1.2712409668E-3
3.1117612318E+0	1.0177073528E+1	1.2454998140E-3
3.1129938524E+0	9.9434370767E+0	1.2197378472E-3
3.1142007007E+0	9.6950122795E+0	1.1939554970E-3
3.1153817567E+0	9.4332638052E+0	1.1681531941E-3
3.1165370006E+0	9.1586401017E+0	1.1423313699E-3
3.1176664131E+0	8.8719892129E+0	1.1164904558E-3
3.1187699753E+0	8.5752884868E+0	1.0906308836E-3
3.1198476688E+0	8.2711308326E+0	1.0647530855E-3
3.1208994755E+0	7.9617031799E+0	1.0388574939E-3
3.1219253780E+0	7.6482626504E+0	1.0129445417E-3
3.1229253590E+0	7.3314312456E+0	9.8701466182E-4
3.1238994018E+0	7.0118758177E+0	9.6106828758E-4
3.1248474902E+0	6.6907556862E+0	9.3510585261E-4
3.1257696083E+0	6.3696657691E+0	9.0912779076E-4
3.1266657407E+0	6.0502443465E+0	8.8313453619E-4
3.1275358724E+0	5.7337974336E+0	8.5712652325E-4
3.1283799890E+0	5.4211757572E+0	8.3110418659E-4
3.1291980762E+0	5.1129092943E+0	8.0506796108E-4
3.1299901204E+0	4.8094487995E+0	7.7901828182E-4
3.1307561084E+0	4.5113510570E+0	7.5295558414E-4
3.1314960274E+0	4.2193286065E+0	7.2688030358E-4
3.1322098650E+0	3.9341817821E+0	7.0079287589E-4
3.1328976092E+0	3.6566836148E+0	6.7469373705E-4
3.1335592487E+0	3.3874861650E+0	6.4858332323E-4
3.1341947723E+0	3.1270827854E+0	6.2246207073E-4
3.1348041694E+0	2.8758241170E+0	5.9633041614E-4
3.1353874298E+0	2.6339643417E+0	5.7018879612E-4
3.1359445438E+0	2.4017112328E+0	5.4403764760E-4
3.1364755020E+0	2.1792622664E+0	5.1787740760E-4
3.1369802957E+0	1.9668208930E+0	4.9170851331E-4
3.1374589163E+0	1.7645961162E+0	4.6553140213E-4
3.1379113559E+0	1.5727926625E+0	4.3934651156E-4
3.1383376069E+0	1.3915989692E+0	4.1315427928E-4
3.1387376622E+0	1.2211778637E+0	3.8695514312E-4
3.1391115150E+0	1.0616619746E+0	3.6074954110E-4
3.1394591592E+0	9.1315372408E-1	3.3453791144E-4
3.1397805890E+0	7.7572857996E-1	3.0832069259E-4
3.1400757989E+0	6.4943996557E-1	2.8209832342E-4
3.1403447841E+0	5.3432448790E-1	2.5587124334E-4
3.1405875400E+0	4.3040662690E-1	2.2963989267E-4
3.1408040626E+0	3.3770249152E-1	2.0340471372E-4
3.1409943483E+0	2.5622258631E-1	1.7716615272E-4
3.1411583939E+0	1.8597372296E-1	1.5092466531E-4
3.1412961968E+0	1.2696028085E-1	1.2468073282E-4
3.1414077547E+0	7.9185008455E-2	9.8434919423E-5
3.1414930663E+0	4.2649481951E-2	7.2188137769E-5
3.1415521316E+0	1.7354048570E-2	4.5943520243E-5
3.1415849628E+0	3.2936625383E-3	1.9736940383E-5