# Differential cross section		
# Author: P. Swaczyna	Princeton University	(swaczyna@princeton.edu)
# Date: 	Wed 17 Feb 2021 11:42:16	
# 		
# Elastic collision: He^0 + He^+ -> He^0 + He^+		
# 		
# Red. mass: 	1.8640723202E+9	 eV/c^2
# CM energy: 	3.9810717055E+0	 eV
# Rel speed: 	1.9593152645E+6	 cm/s
# Tot sigma: 	N/A	 a.u.
# Int sigma: 	1.9961827877E+2	 a.u.
# 		
# Columns:		
# the <- scattering angle (rad)		
# dcs <- dsigma/dOmega*2*pi*sin(the) (a.u. = 2.8002852056E-17 cm^2)		
# wei <- weight for cross section integration (approx. width of angle bin)		
# 		
# the	dcs	wei
7.6907532846E-6	4.3299639115E+1	1.9736940383E-5
4.0521979771E-5	2.2804998318E+2	4.5943520243E-5
9.9587300392E-5	5.5928099874E+2	7.2188137769E-5
1.8489884726E-4	1.0321611325E+3	9.8434919423E-5
2.9645680168E-4	1.6342690093E+3	1.2468073282E-4
4.3425968311E-4	2.3441606813E+3	1.5092466531E-4
5.9830531657E-4	3.1365606623E+3	1.7716615272E-4
7.8859101285E-4	3.9929799603E+3	2.0340471372E-4
1.0051136166E-3	4.9045855095E+3	2.2963989267E-4
1.2478695220E-3	5.8562916099E+3	2.5587124334E-4
1.5168546797E-3	6.8137279605E+3	2.8209832342E-4
1.8120645986E-3	7.7476557556E+3	3.0832069259E-4
2.1334943481E-3	8.6547773421E+3	3.3453791144E-4
2.4811385584E-3	9.5176645978E+3	3.6074954110E-4
2.8549914211E-3	1.0302654786E+4	3.8695514312E-4
3.2550466893E-3	1.1007081058E+4	4.1315427928E-4
3.6812976783E-3	1.1612941548E+4	4.3934651156E-4
4.1337372652E-3	1.2099164971E+4	4.6553140213E-4
4.6123578895E-3	1.2461526471E+4	4.9170851331E-4
5.1171515529E-3	1.2677958255E+4	5.1787740760E-4
5.6481098199E-3	1.2743510562E+4	5.4403764760E-4
6.2052238176E-3	1.2643018796E+4	5.7018879612E-4
6.7884842360E-3	1.2371698653E+4	5.9633041614E-4
7.3978813281E-3	1.1923878690E+4	6.2246207073E-4
8.0334049101E-3	1.1300617133E+4	6.4858332323E-4
8.6950443616E-3	1.0508842716E+4	6.7469373705E-4
9.3827886258E-3	9.5643719115E+3	7.0079287589E-4
1.0096626210E-2	8.4890250081E+3	7.2688030358E-4
1.0836545184E-2	7.3171168636E+3	7.5295558414E-4
1.1602533184E-2	6.0916080715E+3	7.7901828182E-4
1.2394577408E-2	4.8607809531E+3	8.0506796108E-4
1.3212664621E-2	3.6795841118E+3	8.3110418659E-4
1.4056781152E-2	2.6052375091E+3	8.5712652325E-4
1.4926912893E-2	1.6902960877E+3	8.8313453619E-4
1.5823045305E-2	9.7733947297E+2	9.0912779076E-4
1.6745163410E-2	4.9411087358E+2	9.3510585261E-4
1.7693251801E-2	2.4870929738E+2	9.6106828758E-4
1.8667294632E-2	2.2628299412E+2	9.8701466182E-4
1.9667275626E-2	3.8859313965E+2	1.0129445417E-3
2.0693178073E-2	6.7710311936E+2	1.0388574939E-3
2.1744984827E-2	1.0196598600E+3	1.0647530855E-3
2.2822678313E-2	1.3402330968E+3	1.0906308836E-3
2.3926240519E-2	1.5704758459E+3	1.1164904558E-3
2.5055653005E-2	1.6612039508E+3	1.1423313699E-3
2.6210896896E-2	1.5914823607E+3	1.1681531941E-3
2.7391952886E-2	1.3730516650E+3	1.1939554970E-3
2.8598801239E-2	1.0484815241E+3	1.2197378472E-3
2.9831421786E-2	6.8272231278E+2	1.2454998140E-3
3.1089793929E-2	3.4933128043E+2	1.2712409668E-3
3.2373896638E-2	1.1392514967E+2	1.2969608754E-3
3.3683708455E-2	1.8241718563E+1	1.3226591101E-3
3.5019207490E-2	6.9218507166E+1	1.3483352414E-3
3.6380371427E-2	2.3709919651E+2	1.3739888402E-3
3.7767177517E-2	4.6273592336E+2	1.3996194778E-3
3.9179602586E-2	6.7289040002E+2	1.4252267258E-3
4.0617623030E-2	8.0158826387E+2	1.4508101565E-3
4.2081214817E-2	8.0828264247E+2	1.4763693421E-3
4.3570353490E-2	6.9030082402E+2	1.5019038556E-3
4.5085014162E-2	4.8498381293E+2	1.5274132703E-3
4.6625171522E-2	2.5633832105E+2	1.5528971598E-3
4.8190799831E-2	7.6611322247E+1	1.5783550984E-3
4.9781872927E-2	7.7067211433E-1	1.6037866605E-3
5.1398364219E-2	4.8773902651E+1	1.6291914212E-3
5.3040246694E-2	1.9794687898E+2	1.6545689559E-3
5.4707492914E-2	3.9029345883E+2	1.6799188405E-3
5.6400075017E-2	5.5378704748E+2	1.7052406515E-3
5.8117964718E-2	6.2754106691E+2	1.7305339655E-3
5.9861133308E-2	5.8489509312E+2	1.7557983600E-3
6.1629551657E-2	4.4368111508E+2	1.7810334128E-3
6.3423190212E-2	2.5809928973E+2	1.8062387021E-3
6.5242019000E-2	9.7959774392E+1	1.8314138067E-3
6.7086007624E-2	2.0352282371E+1	1.8565583060E-3
6.8955125270E-2	4.6245094749E+1	1.8816717796E-3
7.0849340702E-2	1.5268615760E+2	1.9067538080E-3
7.2768622264E-2	2.8347022187E+2	1.9318039720E-3
7.4712937885E-2	3.7427483273E+2	1.9568218529E-3
7.6682255070E-2	3.8160262301E+2	1.9818070327E-3
7.8676540910E-2	3.0224889191E+2	2.0067590939E-3
8.0695762079E-2	1.7399605148E+2	2.0316776194E-3
8.2739884832E-2	5.6884167550E+1	2.0565621928E-3
8.4808875009E-2	3.7128551679E+0	2.0814123983E-3
8.6902698034E-2	3.4024475951E+1	2.1062278206E-3
8.9021318917E-2	1.2465696904E+2	2.1310080450E-3
9.1164702253E-2	2.2208205146E+2	2.1557526574E-3
9.3332812224E-2	2.7071517472E+2	2.1804612443E-3
9.5525612596E-2	2.4275313563E+2	2.2051333928E-3
9.7743066726E-2	1.5363424329E+2	2.2297686905E-3
9.9985137556E-2	5.4241890745E+1	2.2543667257E-3
1.0225178762E-1	3.2775848707E+0	2.2789270875E-3
1.0454297904E-1	3.4380261006E+1	2.3034493653E-3
1.0685867352E-1	1.3617853780E+2	2.3279331494E-3
1.0919883237E-1	2.5697467496E+2	2.3523780306E-3
1.1156341648E-1	3.3241689074E+2	2.3767836004E-3
1.1395238633E-1	3.2141831121E+2	2.4011494510E-3
1.1636570200E-1	2.2975003915E+2	2.4254751751E-3
1.1880332317E-1	1.0703682614E+2	2.4497603662E-3
1.2126520909E-1	1.8822787799E+1	2.4740046186E-3
1.2375131862E-1	9.1974274407E+0	2.4982075270E-3
1.2626161023E-1	7.5682740613E+1	2.5223686871E-3
1.2879604195E-1	1.7210717813E+2	2.5464876949E-3
1.3135457143E-1	2.3705591148E+2	2.5705641475E-3
1.3393715592E-1	2.3148005684E+2	2.5945976426E-3
1.3654375226E-1	1.6082902579E+2	2.6185877784E-3
1.3917431689E-1	6.9673093426E+1	2.6425341541E-3
1.4182880585E-1	1.1080684820E+1	2.6664363695E-3
1.4450717478E-1	1.2329181588E+1	2.6902940251E-3
1.4720937892E-1	5.8746009531E+1	2.7141067224E-3
1.4993537310E-1	1.0656849495E+2	2.7378740632E-3
1.5268511179E-1	1.1566205224E+2	2.7615956505E-3
1.5545854902E-1	7.8483902870E+1	2.7852710878E-3
1.5825563845E-1	2.5275853175E+1	2.8088999795E-3
1.6107633333E-1	1.0560962596E+0	2.8324819307E-3
1.6392058653E-1	3.0980289952E+1	2.8560165473E-3
1.6678835052E-1	9.9754030529E+1	2.8795034361E-3
1.6967957737E-1	1.6077596506E+2	2.9029422044E-3
1.7259421876E-1	1.6977151501E+2	2.9263324607E-3
1.7553222599E-1	1.1855255986E+2	2.9496738141E-3
1.7849354996E-1	4.3439461692E+1	2.9729658744E-3
1.8147814117E-1	8.1752522663E-1	2.9962082525E-3
1.8448594977E-1	2.6470373403E+1	3.0194005599E-3
1.8751692548E-1	1.0833250844E+2	3.0425424091E-3
1.9057101764E-1	1.9348266977E+2	3.0656334132E-3
1.9364817522E-1	2.2516966616E+2	3.0886731866E-3
1.9674834681E-1	1.8299496994E+2	3.1116613440E-3
1.9987148058E-1	9.6538165868E+1	3.1345975014E-3
2.0301752435E-1	2.2456385140E+1	3.1574812755E-3
2.0618642554E-1	2.7167673504E+0	3.1803122838E-3
2.0937813120E-1	3.5814211410E+1	3.2030901448E-3
2.1259258799E-1	8.2290102678E+1	3.2258144779E-3
2.1582974219E-1	9.8700086458E+1	3.2484849032E-3
2.1908953970E-1	7.1958823900E+1	3.2711010421E-3
2.2237192605E-1	2.6631908024E+1	3.2936625164E-3
2.2567684639E-1	7.1727103048E-1	3.3161689492E-3
2.2900424548E-1	1.1759292957E+1	3.3386199643E-3
2.3235406772E-1	4.2738730494E+1	3.3610151867E-3
2.3572625713E-1	5.9558566957E+1	3.3833542419E-3
2.3912075735E-1	4.4044731987E+1	3.4056367567E-3
2.4253751167E-1	1.2367528814E+1	3.4278623588E-3
2.4597646298E-1	1.3760767088E+0	3.4500306767E-3
2.4943755380E-1	3.4101411170E+1	3.4721413399E-3
2.5292072631E-1	9.5319778081E+1	3.4941939790E-3
2.5642592230E-1	1.4059508340E+2	3.5161882254E-3
2.5995308318E-1	1.3311324677E+2	3.5381237115E-3
2.6350215001E-1	7.6961244686E+1	3.5600000709E-3
2.6707306349E-1	1.6841648629E+1	3.5818169379E-3
2.7066576394E-1	2.4789173672E+0	3.6035739479E-3
2.7428019131E-1	4.7155688586E+1	3.6252707373E-3
2.7791628522E-1	1.1602183491E+2	3.6469069436E-3
2.8157398488E-1	1.5472438548E+2	3.6684822051E-3
2.8525322919E-1	1.3396516773E+2	3.6899961614E-3
2.8895395665E-1	7.1866697452E+1	3.7114484529E-3
2.9267610542E-1	1.5784225505E+1	3.7328387211E-3
2.9641961330E-1	1.0906848328E+0	3.7541666086E-3
3.0018441773E-1	2.3810619134E+1	3.7754317588E-3
3.0397045579E-1	4.9955378358E+1	3.7966338166E-3
3.0777766421E-1	5.0118261671E+1	3.8177724274E-3
3.1160597938E-1	2.5700502470E+1	3.8388472382E-3
3.1545533730E-1	3.0399955939E+0	3.8598578967E-3
3.1932567367E-1	3.8490086123E+0	3.8808040517E-3
3.2321692379E-1	2.2852722734E+1	3.9016853533E-3
3.2712902264E-1	3.5152942326E+1	3.9225014525E-3
3.3106190484E-1	2.4889930664E+1	3.9432520014E-3
3.3501550468E-1	4.5862228444E+0	3.9639366533E-3
3.3898975607E-1	3.7411365750E+0	3.9845550624E-3
3.4298459261E-1	3.6933425405E+1	4.0051068843E-3
3.4699994753E-1	8.4247287924E+1	4.0255917754E-3
3.5103575373E-1	1.0631141185E+2	4.0460093936E-3
3.5509194378E-1	8.1795764154E+1	4.0663593974E-3
3.5916844988E-1	3.1019340758E+1	4.0866414469E-3
3.6326520391E-1	6.0891510841E-1	4.1068552032E-3
3.6738213741E-1	2.1414136981E+1	4.1270003283E-3
3.7151918157E-1	7.8979580008E+1	4.1470764858E-3
3.7567626728E-1	1.2532146685E+2	4.1670833400E-3
3.7985332504E-1	1.2173760360E+2	4.1870205567E-3
3.8405028507E-1	7.2648015154E+1	4.2068878026E-3
3.8826707721E-1	1.9253492966E+1	4.2266847457E-3
3.9250363101E-1	5.2831697157E-1	4.2464110553E-3
3.9675987567E-1	1.9612264665E+1	4.2660664016E-3
4.0103574005E-1	4.6397721521E+1	4.2856504563E-3
4.0533115271E-1	5.0401488980E+1	4.3051628919E-3
4.0964604185E-1	2.9298377984E+1	4.3246033825E-3
4.1398033538E-1	5.9256616725E+0	4.3439716031E-3
4.1833396086E-1	6.7975537802E-1	4.3632672302E-3
4.2270684554E-1	1.0694246262E+1	4.3824899412E-3
4.2709891633E-1	1.7179751085E+1	4.4016394148E-3
4.3151009985E-1	1.0146371117E+1	4.4207153312E-3
4.3594032237E-1	9.6158017197E-1	4.4397173715E-3
4.4038950986E-1	8.0169081932E+0	4.4586452181E-3
4.4485758797E-1	3.2242874933E+1	4.4774985548E-3
4.4934448203E-1	5.1933756217E+1	4.4962770664E-3
4.5385011706E-1	4.5391995160E+1	4.5149804392E-3
4.5837441776E-1	1.7625749678E+1	4.5336083606E-3
4.6291730852E-1	1.8241017577E-2	4.5521605193E-3
4.6747871344E-1	1.9663829073E+1	4.5706366053E-3
4.7205855627E-1	6.8807756649E+1	4.5890363098E-3
4.7665676049E-1	1.0783892675E+2	4.6073593254E-3
4.8127324926E-1	1.0195221015E+2	4.6256053458E-3
4.8590794542E-1	5.5741588241E+1	4.6437740661E-3
4.9056077152E-1	1.0404848524E+1	4.6618651826E-3
4.9523164982E-1	5.0073646133E+0	4.6798783932E-3
4.9992050224E-1	4.0027880321E+1	4.6978133967E-3
5.0462725044E-1	7.8856316184E+1	4.7156698934E-3
5.0935181576E-1	8.4537073959E+1	4.7334475849E-3
5.1409411924E-1	5.4032009884E+1	4.7511461741E-3
5.1885408164E-1	1.6987248092E+1	4.7687653653E-3
5.2363162341E-1	3.3632108467E+0	4.7863048641E-3
5.2842666471E-1	1.5172743938E+1	4.8037643772E-3
5.3323912540E-1	2.9864838980E+1	4.8211436130E-3
5.3806892508E-1	2.7757947176E+1	4.8384422809E-3
5.4291598301E-1	1.1915117880E+1	4.8556600920E-3
5.4778021821E-1	5.5931758370E-1	4.8727967585E-3
5.5266154939E-1	4.0105913923E+0	4.8898519940E-3
5.5755989496E-1	1.3950085748E+1	4.9068255135E-3
5.6247517308E-1	1.6058721925E+1	4.9237170334E-3
5.6740730160E-1	8.9732660404E+0	4.9405262713E-3
5.7235619810E-1	5.7970148474E+0	4.9572529464E-3
5.7732177988E-1	1.6376193332E+1	4.9738967791E-3
5.8230396395E-1	3.2547905133E+1	4.9904574913E-3
5.8730266706E-1	3.5850616255E+1	5.0069348063E-3
5.9231780568E-1	2.0300341484E+1	5.0233284486E-3
5.9734929598E-1	3.1832665193E+0	5.0396381444E-3
6.0239705389E-1	8.5820771675E+0	5.0558636210E-3
6.0746099506E-1	3.9702446735E+1	5.0720046074E-3
6.1254103485E-1	7.1269850366E+1	5.0880608338E-3
6.1763708838E-1	7.3280184156E+1	5.1040320318E-3
6.2274907048E-1	4.2723531362E+1	5.1199179345E-3
6.2787689573E-1	9.0267852971E+0	5.1357182766E-3
6.3302047843E-1	5.5347529117E+0	5.1514327939E-3
6.3817973262E-1	3.5781732794E+1	5.1670612238E-3
6.4335457209E-1	6.9943840517E+1	5.1826033052E-3
6.4854491036E-1	7.5536798876E+1	5.1980587783E-3
6.5375066070E-1	5.0241434280E+1	5.2134273849E-3
6.5897173609E-1	2.2612923546E+1	5.2287088681E-3
6.6420804930E-1	2.0769165540E+1	5.2439029725E-3
6.6945951283E-1	4.3039704941E+1	5.2590094442E-3
6.7472603890E-1	6.1675501416E+1	5.2740280309E-3
6.8000753951E-1	5.4593574262E+1	5.2889584814E-3
6.8530392640E-1	3.0033310253E+1	5.3038005463E-3
6.9061511106E-1	1.7258687492E+1	5.3185539776E-3
6.9594100473E-1	3.3663149893E+1	5.3332185287E-3
7.0128151841E-1	6.4341354153E+1	5.3477939546E-3
7.0663656285E-1	7.6763479273E+1	5.3622800116E-3
7.1200604856E-1	5.5345893390E+1	5.3766764577E-3
7.1738988581E-1	1.9158208755E+1	5.3909830523E-3
7.2278798463E-1	3.5999381546E+0	5.4051995564E-3
7.2820025482E-1	2.4668521566E+1	5.4193257323E-3
7.3362660591E-1	6.2517642310E+1	5.4333613439E-3
7.3906694724E-1	8.0904550431E+1	5.4473061568E-3
7.4452118788E-1	6.2473001875E+1	5.4611599379E-3
7.4998923669E-1	2.4566745825E+1	5.4749224557E-3
7.5547100229E-1	1.0091771736E+0	5.4885934801E-3
7.6096639308E-1	9.4470677562E+0	5.5021727828E-3
7.6647531721E-1	3.6595216695E+1	5.5156601367E-3
7.7199768263E-1	5.3842132873E+1	5.5290553166E-3
7.7753339704E-1	4.5352302697E+1	5.5423580985E-3
7.8308236795E-1	2.0738300149E+1	5.5555682601E-3
7.8864450262E-1	2.3385647084E+0	5.5686855808E-3
7.9421970809E-1	2.6143458174E+0	5.5817098412E-3
7.9980789121E-1	1.4548499268E+1	5.5946408237E-3
8.0540895857E-1	2.2100519036E+1	5.6074783123E-3
8.1102281659E-1	1.7327273408E+1	5.6202220924E-3
8.1664937145E-1	6.4448693085E+0	5.6328719509E-3
8.2228852912E-1	7.6748789764E-1	5.6454276767E-3
8.2794019536E-1	4.1652292058E+0	5.6578890597E-3
8.3360427572E-1	1.0318755706E+1	5.6702558918E-3
8.3928067556E-1	1.1073508007E+1	5.6825279663E-3
8.4496930000E-1	5.6013189391E+0	5.6947050782E-3
8.5067005399E-1	6.0804491958E-1	5.7067870238E-3
8.5638284226E-1	2.3945739092E+0	5.7187736014E-3
8.6210756934E-1	9.9599949003E+0	5.7306646105E-3
8.6784413956E-1	1.6330016138E+1	5.7424598526E-3
8.7359245705E-1	1.6029964751E+1	5.7541591304E-3
8.7935242576E-1	1.0517340012E+1	5.7657622485E-3
8.8512394943E-1	6.2298045791E+0	5.7772690129E-3
8.9090693161E-1	7.8773118946E+0	5.7886792314E-3
8.9670127565E-1	1.4030696683E+1	5.7999927133E-3
9.0250688473E-1	1.9079461024E+1	5.8112092696E-3
9.0832366182E-1	1.8911627860E+1	5.8223287127E-3
9.1415150972E-1	1.4478660466E+1	5.8333508568E-3
9.1999033104E-1	1.0170378638E+1	5.8442755178E-3
9.2584002820E-1	9.3031455328E+0	5.8551025132E-3
9.3170050345E-1	1.1353152991E+1	5.8658316618E-3
9.3757165885E-1	1.3184961704E+1	5.8764627846E-3
9.4345339628E-1	1.2395108775E+1	5.8869957037E-3
9.4934561746E-1	9.3335633155E+0	5.8974302433E-3
9.5524822392E-1	6.1907722306E+0	5.9077662288E-3
9.6116111701E-1	4.6496604398E+0	5.9180034877E-3
9.6708419793E-1	4.5454588339E+0	5.9281418487E-3
9.7301736769E-1	4.5471059340E+0	5.9381811425E-3
9.7896052713E-1	3.7275179753E+0	5.9481212013E-3
9.8491357695E-1	2.3517021990E+0	5.9579618591E-3
9.9087641766E-1	1.3175020706E+0	5.9677029512E-3
9.9684894961E-1	1.1237555081E+0	5.9773443150E-3
1.0028310730E+0	1.4882242001E+0	5.9868857894E-3
1.0088226878E+0	1.8315183687E+0	5.9963272149E-3
1.0148236940E+0	1.9521394828E+0	6.0056684336E-3
1.0208339913E+0	2.1563229535E+0	6.0149092896E-3
1.0268534791E+0	2.8232235347E+0	6.0240496283E-3
1.0328820570E+0	3.9575619468E+0	6.0330892971E-3
1.0389196241E+0	5.1920129525E+0	6.0420281448E-3
1.0449660796E+0	6.1744825048E+0	6.0508660221E-3
1.0510213224E+0	6.8858647835E+0	6.0596027814E-3
1.0570852514E+0	7.5800032472E+0	6.0682382765E-3
1.0631577652E+0	8.4671495636E+0	6.0767723631E-3
1.0692387623E+0	9.4858273162E+0	6.0852048988E-3
1.0753281411E+0	1.0368128981E+1	6.0935357425E-3
1.0814257998E+0	1.0893921031E+1	6.1017647550E-3
1.0875316366E+0	1.1064263613E+1	6.1098917988E-3
1.0936455494E+0	1.1046156117E+1	6.1179167381E-3
1.0997674360E+0	1.0983751558E+1	6.1258394388E-3
1.1058971941E+0	1.0875114756E+1	6.1336597685E-3
1.1120347214E+0	1.0610489053E+1	6.1413775965E-3
1.1181799151E+0	1.0101615866E+1	6.1489927938E-3
1.1243326727E+0	9.3669089515E+0	6.1565052331E-3
1.1304928913E+0	8.5075946410E+0	6.1639147890E-3
1.1366604679E+0	7.6213317886E+0	6.1712213376E-3
1.1428352996E+0	6.7436430306E+0	6.1784247568E-3
1.1490172830E+0	5.8603430770E+0	6.1855249261E-3
1.1552063150E+0	4.9601590437E+0	6.1925217271E-3
1.1614022920E+0	4.0692300047E+0	6.1994150427E-3
1.1676051105E+0	3.2412332887E+0	6.2062047577E-3
1.1738146669E+0	2.5239543185E+0	6.2128907587E-3
1.1800308574E+0	1.9384676190E+0	6.2194729339E-3
1.1862535782E+0	1.4853771824E+0	6.2259511734E-3
1.1924827251E+0	1.1638282952E+0	6.2323253688E-3
1.1987181942E+0	9.8157168634E-1	6.2385954138E-3
1.2049598812E+0	9.4915347739E-1	6.2447612034E-3
1.2112076818E+0	1.0683955931E+0	6.2508226346E-3
1.2174614916E+0	1.3280878948E+0	6.2567796062E-3
1.2237212062E+0	1.7095201152E+0	6.2626320186E-3
1.2299867208E+0	2.1943631276E+0	6.2683797740E-3
1.2362579308E+0	2.7670627723E+0	6.2740227763E-3
1.2425347314E+0	3.4112017074E+0	6.2795609313E-3
1.2488170177E+0	4.1053597030E+0	6.2849941464E-3
1.2551046847E+0	4.8233345722E+0	6.2903223308E-3
1.2613976273E+0	5.5383773987E+0	6.2955453954E-3
1.2676957404E+0	6.2273248932E+0	6.3006632530E-3
1.2739989187E+0	6.8714132063E+0	6.3056758180E-3
1.2803070569E+0	7.4542488087E+0	6.3105830068E-3
1.2866200496E+0	7.9598534138E+0	6.3153847371E-3
1.2929377912E+0	8.3729330303E+0	6.3200809290E-3
1.2992601762E+0	8.6809752885E+0	6.3246715037E-3
1.3055870990E+0	8.8761601649E+0	6.3291563847E-3
1.3119184537E+0	8.9556082140E+0	6.3335354970E-3
1.3182541347E+0	8.9201971676E+0	6.3378087674E-3
1.3245940360E+0	8.7732700123E+0	6.3419761245E-3
1.3309380516E+0	8.5202387431E+0	6.3460374987E-3
1.3372860756E+0	8.1689952503E+0	6.3499928220E-3
1.3436380019E+0	7.7303182400E+0	6.3538420284E-3
1.3499937243E+0	7.2176347752E+0	6.3575850535E-3
1.3563531366E+0	6.6461724232E+0	6.3612218349E-3
1.3627161325E+0	6.0320096939E+0	6.3647523117E-3
1.3690826057E+0	5.3914585390E+0	6.3681764249E-3
1.3754524499E+0	4.7408115242E+0	6.3714941173E-3
1.3818255585E+0	4.0961880710E+0	6.3747053335E-3
1.3882018250E+0	3.4732343662E+0	6.3778100198E-3
1.3945811430E+0	2.8866533681E+0	6.3808081243E-3
1.4009634057E+0	2.3497159152E+0	6.3836995970E-3
1.4073485066E+0	1.8739018771E+0	6.3864843894E-3
1.4137363389E+0	1.4687034491E+0	6.3891624551E-3
1.4201267959E+0	1.1415279555E+0	6.3917337493E-3
1.4265197708E+0	8.9763520395E-1	6.3941982290E-3
1.4329151568E+0	7.4009801875E-1	6.3965558531E-3
1.4393128469E+0	6.6981098021E-1	6.3988065821E-3
1.4457127343E+0	6.8556167851E-1	6.4009503785E-3
1.4521147120E+0	7.8414991985E-1	6.4029872063E-3
1.4585186731E+0	9.6053414011E-1	6.4049170317E-3
1.4649245104E+0	1.2080063472E+0	6.4067398222E-3
1.4713321170E+0	1.5184160503E+0	6.4084555476E-3
1.4777413858E+0	1.8824515572E+0	6.4100641790E-3
1.4841522097E+0	2.2899510192E+0	6.4115656896E-3
1.4905644815E+0	2.7301928512E+0	6.4129600544E-3
1.4969780940E+0	3.1921337921E+0	6.4142472499E-3
1.5033929402E+0	3.6646109935E+0	6.4154272548E-3
1.5098089128E+0	4.1365581603E+0	6.4165000493E-3
1.5162259046E+0	4.5972697524E+0	6.4174656154E-3
1.5226438083E+0	5.0366914704E+0	6.4183239370E-3
1.5290625167E+0	5.4456691858E+0	6.4190749998E-3
1.5354819225E+0	5.8160974703E+0	6.4197187912E-3
1.5419019185E+0	6.1409704627E+0	6.4202553005E-3
1.5483223974E+0	6.4143999171E+0	6.4206845187E-3
1.5547432518E+0	6.6316721022E+0	6.4210064386E-3
1.5611643745E+0	6.7893579694E+0	6.4212210549E-3
1.5675856581E+0	6.8854190674E+0	6.4213283639E-3
1.5740069954E+0	6.9192290601E+0	6.4213283639E-3
1.5804282791E+0	6.8914782145E+0	6.4212210549E-3
1.5868494018E+0	6.8040055421E+0	6.4210064386E-3
1.5932702562E+0	6.6596433714E+0	6.4206845187E-3
1.5996907351E+0	6.4621293402E+0	6.4202553005E-3
1.6061107310E+0	6.2160692976E+0	6.4197187912E-3
1.6125301369E+0	5.9268833066E+0	6.4190749998E-3
1.6189488453E+0	5.6006769554E+0	6.4183239370E-3
1.6253667490E+0	5.2440385848E+0	6.4174656154E-3
1.6317837408E+0	4.8638180333E+0	6.4165000493E-3
1.6381997134E+0	4.4669507452E+0	6.4154272548E-3
1.6446145595E+0	4.0603513905E+0	6.4142472499E-3
1.6510281721E+0	3.6508498134E+0	6.4129600544E-3
1.6574404439E+0	3.2451202499E+0	6.4115656896E-3
1.6638512678E+0	2.8495734052E+0	6.4100641790E-3
1.6702605366E+0	2.4702199676E+0	6.4084555476E-3
1.6766681432E+0	2.1125409368E+0	6.4067398222E-3
1.6830739805E+0	1.7813979405E+0	6.4049170317E-3
1.6894779416E+0	1.4809924250E+0	6.4029872063E-3
1.6958799193E+0	1.2148574528E+0	6.4009503785E-3
1.7022798067E+0	9.8585689485E-1	6.3988065821E-3
1.7086774968E+0	7.9617618139E-1	6.3965558531E-3
1.7150728827E+0	6.4730582503E-1	6.3941982290E-3
1.7214658576E+0	5.4003084362E-1	6.3917337493E-3
1.7278563146E+0	4.7443963908E-1	6.3891624551E-3
1.7342441470E+0	4.4995748202E-1	6.3864843894E-3
1.7406292478E+0	4.6539975888E-1	6.3836995970E-3
1.7470115106E+0	5.1903473717E-1	6.3808081243E-3
1.7533908286E+0	6.0864656828E-1	6.3778100198E-3
1.7597670951E+0	7.3159418685E-1	6.3747053335E-3
1.7661402037E+0	8.8486702880E-1	6.3714941173E-3
1.7725100479E+0	1.0651410982E+0	6.3681764249E-3
1.7788765211E+0	1.2688386100E+0	6.3647523117E-3
1.7852395170E+0	1.4921920487E+0	6.3612218349E-3
1.7915989293E+0	1.7313109864E+0	6.3575850535E-3
1.7979546517E+0	1.9822485811E+0	6.3538420284E-3
1.8043065780E+0	2.2410646267E+0	6.3499928220E-3
1.8106546020E+0	2.5038831119E+0	6.3460374987E-3
1.8169986176E+0	2.7669434197E+0	6.3419761245E-3
1.8233385189E+0	3.0266453763E+0	6.3378087674E-3
1.8296741999E+0	3.2795885905E+0	6.3335354970E-3
1.8360055546E+0	3.5226064867E+0	6.3291563847E-3
1.8423324774E+0	3.7527952194E+0	6.3246715037E-3
1.8486548624E+0	3.9675373910E+0	6.3200809290E-3
1.8549726040E+0	4.1645206506E+0	6.3153847371E-3
1.8612855967E+0	4.3417512995E+0	6.3105830068E-3
1.8675937349E+0	4.4975631668E+0	6.3056758180E-3
1.8738969132E+0	4.6306219570E+0	6.3006632530E-3
1.8801950263E+0	4.7399251706E+0	6.2955453954E-3
1.8864879689E+0	4.8247975131E+0	6.2903223308E-3
1.8927756359E+0	4.8848817886E+0	6.2849941464E-3
1.8990579222E+0	4.9201253066E+0	6.2795609313E-3
1.9053347228E+0	4.9307620836E+0	6.2740227763E-3
1.9116059328E+0	4.9172914744E+0	6.2683797740E-3
1.9178714474E+0	4.8804542452E+0	6.2626320186E-3
1.9241311620E+0	4.8212075924E+0	6.2567796062E-3
1.9303849718E+0	4.7407011837E+0	6.2508226346E-3
1.9366327724E+0	4.6402561698E+0	6.2447612034E-3
1.9428744594E+0	4.5213481580E+0	6.2385954138E-3
1.9491099285E+0	4.3855924028E+0	6.2323253688E-3
1.9553390754E+0	4.2347262246E+0	6.2259511734E-3
1.9615617961E+0	4.0705817355E+0	6.2194729339E-3
1.9677779867E+0	3.8950448797E+0	6.2128907587E-3
1.9739875431E+0	3.7100060553E+0	6.2062047577E-3
1.9801903616E+0	3.5173195918E+0	6.1994150427E-3
1.9863863386E+0	3.3187935794E+0	6.1925217271E-3
1.9925753706E+0	3.1162166928E+0	6.1855249261E-3
1.9987573540E+0	2.9113959588E+0	6.1784247568E-3
2.0049321857E+0	2.7061539609E+0	6.1712213376E-3
2.0110997623E+0	2.5022532497E+0	6.1639147890E-3
2.0172599809E+0	2.3012863510E+0	6.1565052331E-3
2.0234127385E+0	2.1046313630E+0	6.1489927938E-3
2.0295579322E+0	1.9135330705E+0	6.1413775965E-3
2.0356954595E+0	1.7292266714E+0	6.1336597685E-3
2.0418252176E+0	1.5529386061E+0	6.1258394388E-3
2.0479471042E+0	1.3857395996E+0	6.1179167381E-3
2.0540610170E+0	1.2284551947E+0	6.1098917988E-3
2.0601668538E+0	1.0817859695E+0	6.1017647550E-3
2.0662645125E+0	9.4643516311E-1	6.0935357425E-3
2.0723538913E+0	8.2297710424E-1	6.0852048988E-3
2.0784348884E+0	7.1168826918E-1	6.0767723631E-3
2.0845074022E+0	6.1273823296E-1	6.0682382765E-3
2.0905713312E+0	5.2643512639E-1	6.0596027814E-3
2.0966265740E+0	4.5296722733E-1	6.0508660221E-3
2.1026730295E+0	3.9212158789E-1	6.0420281448E-3
2.1087105966E+0	3.4364905210E-1	6.0330892971E-3
2.1147391745E+0	3.0749866428E-1	6.0240496283E-3
2.1207586623E+0	2.8339248525E-1	6.0149092896E-3
2.1267689596E+0	2.7083441958E-1	6.0056684336E-3
2.1327699657E+0	2.6945000245E-1	5.9963272149E-3
2.1387615806E+0	2.7870726075E-1	5.9868857894E-3
2.1447437040E+0	2.9803330049E-1	5.9773443150E-3
2.1507162359E+0	3.2700288969E-1	5.9677029512E-3
2.1566790766E+0	3.6477484665E-1	5.9579618591E-3
2.1626321265E+0	4.1071257288E-1	5.9481212013E-3
2.1685752859E+0	4.6442232479E-1	5.9381811425E-3
2.1745084557E+0	5.2482713311E-1	5.9281418487E-3
2.1804315366E+0	5.9141956316E-1	5.9180034877E-3
2.1863444297E+0	6.6362555215E-1	5.9077662288E-3
2.1922470361E+0	7.4040641214E-1	5.8974302433E-3
2.1981392573E+0	8.2140113068E-1	5.8869957037E-3
2.2040209947E+0	9.0573277163E-1	5.8764627846E-3
2.2098921501E+0	9.9278972459E-1	5.8658316618E-3
2.2157526254E+0	1.0819063874E+0	5.8551025132E-3
2.2216023226E+0	1.1725398549E+0	5.8442755178E-3
2.2274411439E+0	1.2638735804E+0	5.8333508568E-3
2.2332689918E+0	1.3556850463E+0	5.8223287127E-3
2.2390857689E+0	1.4469662130E+0	5.8112092696E-3
2.2448913779E+0	1.5377402432E+0	5.7999927133E-3
2.2506857220E+0	1.6269343652E+0	5.7886792314E-3
2.2564687042E+0	1.7147432348E+0	5.7772690129E-3
2.2622402278E+0	1.8000370796E+0	5.7657622485E-3
2.2680001965E+0	1.8832517186E+0	5.7541591304E-3
2.2737485140E+0	1.9631035143E+0	5.7424598526E-3
2.2794850843E+0	2.0403336574E+0	5.7306646105E-3
2.2852098113E+0	2.1135573279E+0	5.7187736014E-3
2.2909225996E+0	2.1835695909E+0	5.7067870238E-3
2.2966233536E+0	2.2493626689E+0	5.6947050782E-3
2.3023119780E+0	2.3111412183E+0	5.6825279663E-3
2.3079883779E+0	2.3688610296E+0	5.6702558918E-3
2.3136524582E+0	2.4219092867E+0	5.6578890597E-3
2.3193041245E+0	2.4708055481E+0	5.6454276767E-3
2.3249432821E+0	2.5150695995E+0	5.6328719509E-3
2.3305698370E+0	2.5547412873E+0	5.6202220924E-3
2.3361836950E+0	2.5899513311E+0	5.6074783123E-3
2.3417847624E+0	2.6205536538E+0	5.5946408237E-3
2.3473729455E+0	2.6466691654E+0	5.5817098412E-3
2.3529481510E+0	2.6682474097E+0	5.5686855808E-3
2.3585102856E+0	2.6854063994E+0	5.5555682601E-3
2.3640592565E+0	2.6983810516E+0	5.5423580985E-3
2.3695949710E+0	2.7070530280E+0	5.5290553166E-3
2.3751173364E+0	2.7114343532E+0	5.5156601367E-3
2.3806262605E+0	2.7119203572E+0	5.5021727828E-3
2.3861216513E+0	2.7087299466E+0	5.4885934801E-3
2.3916034169E+0	2.7017529050E+0	5.4749224557E-3
2.3970714657E+0	2.6909969663E+0	5.4611599379E-3
2.4025257064E+0	2.6767697260E+0	5.4473061568E-3
2.4079660477E+0	2.6594178192E+0	5.4333613439E-3
2.4133923988E+0	2.6391099538E+0	5.4193257323E-3
2.4188046690E+0	2.6158906616E+0	5.4051995564E-3
2.4242027678E+0	2.5898307720E+0	5.3909830523E-3
2.4295866050E+0	2.5610909099E+0	5.3766764577E-3
2.4349560907E+0	2.5298887324E+0	5.3622800116E-3
2.4403111352E+0	2.4964445043E+0	5.3477939546E-3
2.4456516489E+0	2.4609531237E+0	5.3332185287E-3
2.4509775425E+0	2.4235842119E+0	5.3185539776E-3
2.4562887272E+0	2.3844932816E+0	5.3038005463E-3
2.4615851141E+0	2.3438313427E+0	5.2889584814E-3
2.4668666147E+0	2.3017491850E+0	5.2740280309E-3
2.4721331408E+0	2.2583977644E+0	5.2590094442E-3
2.4773846043E+0	2.2139268512E+0	5.2439029725E-3
2.4826209175E+0	2.1684832965E+0	5.2287088681E-3
2.4878419929E+0	2.1222092429E+0	5.2134273849E-3
2.4930477432E+0	2.0752401640E+0	5.1980587783E-3
2.4982380815E+0	2.0277030002E+0	5.1826033052E-3
2.5034129210E+0	1.9797156996E+0	5.1670612238E-3
2.5085721752E+0	1.9313904097E+0	5.1514327939E-3
2.5137157579E+0	1.8828410087E+0	5.1357182766E-3
2.5188435831E+0	1.8341893498E+0	5.1199179345E-3
2.5239555652E+0	1.7855572121E+0	5.1040320318E-3
2.5290516187E+0	1.7370380338E+0	5.0880608338E-3
2.5341316585E+0	1.6886768833E+0	5.0720046074E-3
2.5391955997E+0	1.6405135415E+0	5.0558636210E-3
2.5442433576E+0	1.5926729811E+0	5.0396381444E-3
2.5492748479E+0	1.5453440826E+0	5.0233284486E-3
2.5542899865E+0	1.4985733681E+0	5.0069348063E-3
2.5592886896E+0	1.4522232482E+0	4.9904574913E-3
2.5642708737E+0	1.4063618587E+0	4.9738967791E-3
2.5692364555E+0	1.3613358556E+0	4.9572529464E-3
2.5741853520E+0	1.3170840774E+0	4.9405262713E-3
2.5791174805E+0	1.2733111803E+0	4.9237170334E-3
2.5840327586E+0	1.2304321304E+0	4.9068255135E-3
2.5889311042E+0	1.1885568306E+0	4.8898519940E-3
2.5938124354E+0	1.1471980056E+0	4.8727967585E-3
2.5986766706E+0	1.1069194960E+0	4.8556600920E-3
2.6035237285E+0	1.0675703751E+0	4.8384422809E-3
2.6083535282E+0	1.0288790597E+0	4.8211436130E-3
2.6131659889E+0	9.9147236752E-1	4.8037643772E-3
2.6179610302E+0	9.5464056647E-1	4.7863048641E-3
2.6227385719E+0	9.1906758663E-1	4.7687653653E-3
2.6274985343E+0	8.8419811794E-1	4.7511461741E-3
2.6322408378E+0	8.5048914610E-1	4.7334475849E-3
2.6369654032E+0	8.1755324694E-1	4.7156698934E-3
2.6416721513E+0	7.8576743015E-1	4.6978133967E-3
2.6463610038E+0	7.5471490231E-1	4.6798783932E-3
2.6510318821E+0	7.2486064354E-1	4.6618651826E-3
2.6556847082E+0	6.9569032314E-1	4.6437740661E-3
2.6603194043E+0	6.6766914838E-1	4.6256053458E-3
2.6649358931E+0	6.4045604790E-1	4.6073593254E-3
2.6695340973E+0	6.1412925852E-1	4.5890363098E-3
2.6741139402E+0	5.8883252748E-1	4.5706366053E-3
2.6786753451E+0	5.6428567723E-1	4.5521605193E-3
2.6832182358E+0	5.4063720315E-1	4.5336083606E-3
2.6877425365E+0	5.1791749210E-1	4.5149804392E-3
2.6922481716E+0	4.9596645680E-1	4.4962770664E-3
2.6967350656E+0	4.7481445978E-1	4.4774985548E-3
2.7012031437E+0	4.5451070614E-1	4.4586452181E-3
2.7056523312E+0	4.3499529620E-1	4.4397173715E-3
2.7100825537E+0	4.1621855352E-1	4.4207153312E-3
2.7144937373E+0	3.9818019252E-1	4.4016394148E-3
2.7188858081E+0	3.8087636760E-1	4.3824899412E-3
2.7232586927E+0	3.6428188602E-1	4.3632672302E-3
2.7276123182E+0	3.4836877707E-1	4.3439716031E-3
2.7319466117E+0	3.3311698173E-1	4.3246033825E-3
2.7362615009E+0	3.1851052534E-1	4.3051628919E-3
2.7405569135E+0	3.0453204068E-1	4.2856504563E-3
2.7448327779E+0	2.9116158436E-1	4.2660664016E-3
2.7490890226E+0	2.7837799834E-1	4.2464110553E-3
2.7533255764E+0	2.6616023113E-1	4.2266847457E-3
2.7575423685E+0	2.5448782395E-1	4.2068878026E-3
2.7617393285E+0	2.4334090681E-1	4.1870205567E-3
2.7659163863E+0	2.3270025062E-1	4.1670833400E-3
2.7700734720E+0	2.2254776020E-1	4.1470764858E-3
2.7742105162E+0	2.1286746247E-1	4.1270003283E-3
2.7783274497E+0	2.0364629215E-1	4.1068552032E-3
2.7824242037E+0	1.9487274270E-1	4.0866414469E-3
2.7865007098E+0	1.8653116942E-1	4.0663593974E-3
2.7905568999E+0	1.7859370294E-1	4.0460093936E-3
2.7945927061E+0	1.7102149989E-1	4.0255917754E-3
2.7986080610E+0	1.6378890228E-1	4.0051068843E-3
2.8026028975E+0	1.5691254905E-1	3.9845550624E-3
2.8065771489E+0	1.5042359693E-1	3.9639366533E-3
2.8105307487E+0	1.4428095141E-1	3.9432520014E-3
2.8144636309E+0	1.3838918974E-1	3.9225014525E-3
2.8183757298E+0	1.3277131662E-1	3.9016853533E-3
2.8222669799E+0	1.2751753491E-1	3.8808040517E-3
2.8261373163E+0	1.2251376647E-1	3.8598578967E-3
2.8299866742E+0	1.1769457935E-1	3.8388472382E-3
2.8338149894E+0	1.1321782938E-1	3.8177724274E-3
2.8376221978E+0	1.0893199170E-1	3.7966338166E-3
2.8414082359E+0	1.0483402522E-1	3.7754317588E-3
2.8451730403E+0	1.0103847958E-1	3.7541666086E-3
2.8489165482E+0	9.7330199081E-2	3.7328387211E-3
2.8526386969E+0	9.3926481801E-2	3.7114484529E-3
2.8563394244E+0	9.0598963470E-2	3.6899961614E-3
2.8600186687E+0	8.7541424892E-2	3.6684822051E-3
2.8636763684E+0	8.4549420056E-2	3.6469069436E-3
2.8673124623E+0	8.1812710285E-2	3.6252707373E-3
2.8709268897E+0	7.9118865562E-2	3.6035739479E-3
2.8745195901E+0	7.6655667697E-2	3.5818169379E-3
2.8780905036E+0	7.4263824701E-2	3.5600000709E-3
2.8816395704E+0	7.1997596069E-2	3.5381237115E-3
2.8851667313E+0	6.9902296534E-2	3.5161882254E-3
2.8886719273E+0	6.7845947361E-2	3.4941939790E-3
2.8921550998E+0	6.5916939275E-2	3.4721413399E-3
2.8956161906E+0	6.4125863392E-2	3.4500306767E-3
2.8990551419E+0	6.2384413513E-2	3.4278623588E-3
2.9024718962E+0	6.0711577548E-2	3.4056367567E-3
2.9058663965E+0	5.9151859318E-2	3.3833542419E-3
2.9092385859E+0	5.7683907224E-2	3.3610151867E-3
2.9125884081E+0	5.6271340669E-2	3.3386199643E-3
2.9159158072E+0	5.4908208092E-2	3.3161689492E-3
2.9192207275E+0	5.3605469220E-2	3.2936625164E-3
2.9225031139E+0	5.2368640887E-2	3.2711010421E-3
2.9257629114E+0	5.1193804160E-2	3.2484849032E-3
2.9290000656E+0	5.0073407691E-2	3.2258144779E-3
2.9322145224E+0	4.9000828380E-2	3.2030901448E-3
2.9354062280E+0	4.7971423155E-2	3.1803122838E-3
2.9385751292E+0	4.6981895684E-2	3.1574812755E-3
2.9417211730E+0	4.6029566799E-2	3.1345975014E-3
2.9448443068E+0	4.5112080085E-2	3.1116613440E-3
2.9479444784E+0	4.4227524984E-2	3.0886731866E-3
2.9510216360E+0	4.3374741963E-2	3.0656334132E-3
2.9540757281E+0	4.2553329031E-2	3.0425424091E-3
2.9571067038E+0	4.1762620141E-2	3.0194005599E-3
2.9601145124E+0	4.0999457592E-2	2.9962082525E-3
2.9630991036E+0	4.0256889321E-2	2.9729658744E-3
2.9660604276E+0	3.9528081779E-2	2.9496738141E-3
2.9689984348E+0	3.8814817759E-2	2.9263324607E-3
2.9719130762E+0	3.8126996711E-2	2.9029422044E-3
2.9748043031E+0	3.7464271737E-2	2.8795034361E-3
2.9776720671E+0	3.6809917811E-2	2.8560165473E-3
2.9805163203E+0	3.6162655727E-2	2.8324819307E-3
2.9833370151E+0	3.5539425391E-2	2.8088999795E-3
2.9861341046E+0	3.4928122862E-2	2.7852710878E-3
2.9889075418E+0	3.4319201688E-2	2.7615956505E-3
2.9916572805E+0	3.3730995430E-2	2.7378740632E-3
2.9943832747E+0	3.3146883635E-2	2.7141067224E-3
2.9970854788E+0	3.2572224544E-2	2.6902940251E-3
2.9997638477E+0	3.2008771518E-2	2.6664363695E-3
3.0024183367E+0	3.1448952292E-2	2.6425341541E-3
3.0050489013E+0	3.0900259207E-2	2.6185877784E-3
3.0076554977E+0	3.0355114637E-2	2.5945976426E-3
3.0102380822E+0	2.9818173697E-2	2.5705641475E-3
3.0127966116E+0	2.9286134213E-2	2.5464876949E-3
3.0153310434E+0	2.8759739209E-2	2.5223686871E-3
3.0178413350E+0	2.8238162079E-2	2.4982075270E-3
3.0203274445E+0	2.7722328449E-2	2.4740046186E-3
3.0227893304E+0	2.7210008769E-2	2.4497603662E-3
3.0252269516E+0	2.6701521215E-2	2.4254751751E-3
3.0276402673E+0	2.6199555882E-2	2.4011494510E-3
3.0300292371E+0	2.5700307879E-2	2.3767836004E-3
3.0323938212E+0	2.5202704363E-2	2.3523780306E-3
3.0347339801E+0	2.4710368428E-2	2.3279331494E-3
3.0370496746E+0	2.4223834508E-2	2.3034493653E-3
3.0393408660E+0	2.3740422806E-2	2.2789270875E-3
3.0416075160E+0	2.3258652383E-2	2.2543667257E-3
3.0438495869E+0	2.2779219344E-2	2.2297686905E-3
3.0460670410E+0	2.2303299411E-2	2.2051333928E-3
3.0482598414E+0	2.1831414483E-2	2.1804612443E-3
3.0504279513E+0	2.1363473485E-2	2.1557526574E-3
3.0525713347E+0	2.0899184992E-2	2.1310080450E-3
3.0546899556E+0	2.0438325499E-2	2.1062278206E-3
3.0567837786E+0	1.9980826192E-2	2.0814123983E-3
3.0588527688E+0	1.9526799085E-2	2.0565621928E-3
3.0608968915E+0	1.9076565997E-2	2.0316776194E-3
3.0629161127E+0	1.8630627679E-2	2.0067590939E-3
3.0649103985E+0	1.8189375999E-2	1.9818070327E-3
3.0668797157E+0	1.7752417912E-2	1.9568218529E-3
3.0688240313E+0	1.7318052119E-2	1.9318039720E-3
3.0707433129E+0	1.6884486912E-2	1.9067538080E-3
3.0726375283E+0	1.6453270712E-2	1.8816717796E-3
3.0745066460E+0	1.6029808167E-2	1.8565583060E-3
3.0763506346E+0	1.5614879984E-2	1.8314138067E-3
3.0781694634E+0	1.5199606627E-2	1.8062387021E-3
3.0799631019E+0	1.4783523650E-2	1.7810334128E-3
3.0817315203E+0	1.4379936973E-2	1.7557983600E-3
3.0834746889E+0	1.3980427842E-2	1.7305339655E-3
3.0851925786E+0	1.3576884957E-2	1.7052406515E-3
3.0868851607E+0	1.3189075538E-2	1.6799188405E-3
3.0885524069E+0	1.2798278013E-2	1.6545689559E-3
3.0901942894E+0	1.2414366109E-2	1.6291914212E-3
3.0918107807E+0	1.2037905671E-2	1.6037866605E-3
3.0934018538E+0	1.1660977801E-2	1.5783550984E-3
3.0949674821E+0	1.1295306850E-2	1.5528971598E-3
3.0965076394E+0	1.0929415428E-2	1.5274132703E-3
3.0980223001E+0	1.0571134145E-2	1.5019038556E-3
3.0995114388E+0	1.0220248188E-2	1.4763693421E-3
3.1009750306E+0	9.8671630480E-3	1.4508101565E-3
3.1024130510E+0	9.5299962996E-3	1.4252267258E-3
3.1038254761E+0	9.1904223449E-3	1.3996194778E-3
3.1052122822E+0	8.8556234056E-3	1.3739888402E-3
3.1065734461E+0	8.5339469512E-3	1.3483352414E-3
3.1079089451E+0	8.2136439760E-3	1.3226591101E-3
3.1092187570E+0	7.8945719950E-3	1.2969608754E-3
3.1105028597E+0	7.5847103034E-3	1.2712409668E-3
3.1117612318E+0	7.2841337227E-3	1.2454998140E-3
3.1129938524E+0	6.9884652046E-3	1.2197378472E-3
3.1142007007E+0	6.6961112109E-3	1.1939554970E-3
3.1153817567E+0	6.4083438615E-3	1.1681531941E-3
3.1165370006E+0	6.1266505735E-3	1.1423313699E-3
3.1176664131E+0	5.8515995167E-3	1.1164904558E-3
3.1187699753E+0	5.5831078943E-3	1.0906308836E-3
3.1198476688E+0	5.3209377037E-3	1.0647530855E-3
3.1208994755E+0	5.0649521639E-3	1.0388574939E-3
3.1219253780E+0	4.8151786443E-3	1.0129445417E-3
3.1229253590E+0	4.5717902973E-3	9.8701466182E-4
3.1238994018E+0	4.3350151669E-3	9.6106828758E-4
3.1248474902E+0	4.1048991855E-3	9.3510585261E-4
3.1257696083E+0	3.8809431926E-3	9.0912779076E-4
3.1266657407E+0	3.6620464369E-3	8.8313453619E-4
3.1275358724E+0	3.4475510734E-3	8.5712652325E-4
3.1283799890E+0	3.2390168724E-3	8.3110418659E-4
3.1291980762E+0	3.0394326023E-3	8.0506796108E-4
3.1299901204E+0	2.8480668427E-3	7.7901828182E-4
3.1307561084E+0	2.6597995461E-3	7.5295558414E-4
3.1314960274E+0	2.4759670548E-3	7.2688030358E-4
3.1322098650E+0	2.3030949814E-3	7.0079287589E-4
3.1328976092E+0	2.1351216110E-3	6.7469373705E-4
3.1335592487E+0	1.9702935015E-3	6.4858332323E-4
3.1341947723E+0	1.8171646526E-3	6.2246207073E-4
3.1348041694E+0	1.6658172331E-3	5.9633041614E-4
3.1353874298E+0	1.5235230662E-3	5.7018879612E-4
3.1359445438E+0	1.3867142383E-3	5.4403764760E-4
3.1364755020E+0	1.2562302122E-3	5.1787740760E-4
3.1369802957E+0	1.1323874686E-3	4.9170851331E-4
3.1374589163E+0	1.0153065449E-3	4.6553140213E-4
3.1379113559E+0	9.0316415455E-4	4.3934651156E-4
3.1383376069E+0	8.0020391429E-4	4.1315427928E-4
3.1387376622E+0	7.0023921851E-4	3.8695514312E-4
3.1391115150E+0	6.0933617994E-4	3.6074954110E-4
3.1394591592E+0	5.2452327399E-4	3.3453791144E-4
3.1397805890E+0	4.4435025569E-4	3.0832069259E-4
3.1400757989E+0	3.7220567691E-4	2.8209832342E-4
3.1403447841E+0	3.0698829164E-4	2.5587124334E-4
3.1405875400E+0	2.4706338030E-4	2.2963989267E-4
3.1408040626E+0	1.9329286481E-4	2.0340471372E-4
3.1409943483E+0	1.4653142932E-4	1.7716615272E-4
3.1411583939E+0	1.0656764953E-4	1.5092466531E-4
3.1412961968E+0	7.2974195049E-5	1.2468073282E-4
3.1414077547E+0	4.5626209422E-5	9.8434919423E-5
3.1414930663E+0	2.4607618716E-5	7.2188137769E-5
3.1415521316E+0	1.0017784595E-5	4.5943520243E-5
3.1415849628E+0	1.9014813197E-6	1.9736940383E-5