# Differential cross section		
# Author: P. Swaczyna	Princeton University	(swaczyna@princeton.edu)
# Date: 	Wed 17 Feb 2021 11:32:53	
# 		
# Elastic collision: He^0 + He^+ -> He^0 + He^+		
# 		
# Red. mass: 	1.8640723202E+9	 eV/c^2
# CM energy: 	1.0232929923E-3	 eV
# Rel speed: 	3.1412631666E+4	 cm/s
# Tot sigma: 	N/A	 a.u.
# Int sigma: 	2.3329383973E+3	 a.u.
# 		
# Columns:		
# the <- scattering angle (rad)		
# dcs <- dsigma/dOmega*2*pi*sin(the) (a.u. = 2.8002852056E-17 cm^2)		
# wei <- weight for cross section integration (approx. width of angle bin)		
# 		
# the	dcs	wei
7.6907532846E-6	3.0508921335E+0	1.9736940383E-5
4.0521979771E-5	1.6074876197E+1	4.5943520243E-5
9.9587300392E-5	3.9505335511E+1	7.2188137769E-5
1.8489884726E-4	7.3345046653E+1	9.8434919423E-5
2.9645680168E-4	1.1758836738E+2	1.2468073282E-4
4.3425968311E-4	1.7222230344E+2	1.5092466531E-4
5.9830531657E-4	2.3722297680E+2	1.7716615272E-4
7.8859101285E-4	3.1255092335E+2	2.0340471372E-4
1.0051136166E-3	3.9814555579E+2	2.2963989267E-4
1.2478695220E-3	4.9391895550E+2	2.5587124334E-4
1.5168546797E-3	5.9974918870E+2	2.8209832342E-4
1.8120645986E-3	7.1547341374E+2	3.0832069259E-4
2.1334943481E-3	8.4088113334E+2	3.3453791144E-4
2.4811385584E-3	9.7570804136E+2	3.6074954110E-4
2.8549914211E-3	1.1196310060E+3	3.8695514312E-4
3.2550466893E-3	1.2722648088E+3	4.1315427928E-4
3.6812976783E-3	1.4331613015E+3	4.3934651156E-4
4.1337372652E-3	1.6018116360E+3	4.6553140213E-4
4.6123578895E-3	1.7776521332E+3	4.9170851331E-4
5.1171515529E-3	1.9600741814E+3	5.1787740760E-4
5.6481098199E-3	2.1484382592E+3	5.4403764760E-4
6.2052238176E-3	2.3420917789E+3	5.7018879612E-4
6.7884842360E-3	2.5403899403E+3	5.9633041614E-4
7.3978813281E-3	2.7427182210E+3	6.2246207073E-4
8.0334049101E-3	2.9485145555E+3	6.4858332323E-4
8.6950443616E-3	3.1572887670E+3	6.7469373705E-4
9.3827886258E-3	3.3686365026E+3	7.0079287589E-4
1.0096626210E-2	3.5822449016E+3	7.2688030358E-4
1.0836545184E-2	3.7978875926E+3	7.5295558414E-4
1.1602533184E-2	4.0154074457E+3	7.7901828182E-4
1.2394577408E-2	4.2346868194E+3	8.0506796108E-4
1.3212664621E-2	4.4556067962E+3	8.3110418659E-4
1.4056781152E-2	4.6779989576E+3	8.5712652325E-4
1.4926912893E-2	4.9015953656E+3	8.8313453619E-4
1.5823045305E-2	5.1259842381E+3	9.0912779076E-4
1.6745163410E-2	5.3505798726E+3	9.3510585261E-4
1.7693251801E-2	5.5746151761E+3	9.6106828758E-4
1.8667294632E-2	5.7971632439E+3	9.8701466182E-4
1.9667275626E-2	6.0171905427E+3	1.0129445417E-3
2.0693178073E-2	6.2336385470E+3	1.0388574939E-3
2.1744984827E-2	6.4455238811E+3	1.0647530855E-3
2.2822678313E-2	6.6520404914E+3	1.0906308836E-3
2.3926240519E-2	6.8526429236E+3	1.1164904558E-3
2.5055653005E-2	7.0470893032E+3	1.1423313699E-3
2.6210896896E-2	7.2354274228E+3	1.1681531941E-3
2.7391952886E-2	7.4179176234E+3	1.1939554970E-3
2.8598801239E-2	7.5949005232E+3	1.2197378472E-3
2.9831421786E-2	7.7666332106E+3	1.2454998140E-3
3.1089793929E-2	7.9331302887E+3	1.2712409668E-3
3.2373896638E-2	8.0940519101E+3	1.2969608754E-3
3.3683708455E-2	8.2486762279E+3	1.3226591101E-3
3.5019207490E-2	8.3959770266E+3	1.3483352414E-3
3.6380371427E-2	8.5348003845E+3	1.3739888402E-3
3.7767177517E-2	8.6641027531E+3	1.3996194778E-3
3.9179602586E-2	8.7831862300E+3	1.4252267258E-3
4.0617623030E-2	8.8918559907E+3	1.4508101565E-3
4.2081214817E-2	8.9904381167E+3	1.4763693421E-3
4.3570353490E-2	9.0796343693E+3	1.5019038556E-3
4.5085014162E-2	9.1602447439E+3	1.5274132703E-3
4.6625171522E-2	9.2328411711E+3	1.5528971598E-3
4.8190799831E-2	9.2975057840E+3	1.5783550984E-3
4.9781872927E-2	9.3537387430E+3	1.6037866605E-3
5.1398364219E-2	9.4005894999E+3	1.6291914212E-3
5.3040246694E-2	9.4369834910E+3	1.6545689559E-3
5.4707492914E-2	9.4621313900E+3	1.6799188405E-3
5.6400075017E-2	9.4758570263E+3	1.7052406515E-3
5.8117964718E-2	9.4786939667E+3	1.7305339655E-3
5.9861133308E-2	9.4716864942E+3	1.7557983600E-3
6.1629551657E-2	9.4559599964E+3	1.7810334128E-3
6.3423190212E-2	9.4322418747E+3	1.8062387021E-3
6.5242019000E-2	9.4005570495E+3	1.8314138067E-3
6.7086007624E-2	9.3602596093E+3	1.8565583060E-3
6.8955125270E-2	9.3104098988E+3	1.8816717796E-3
7.0849340702E-2	9.2503289334E+3	1.9067538080E-3
7.2768622264E-2	9.1800504410E+3	1.9318039720E-3
7.4712937885E-2	9.1004188686E+3	1.9568218529E-3
7.6682255070E-2	9.0127564060E+3	1.9818070327E-3
7.8676540910E-2	8.9182618539E+3	2.0067590939E-3
8.0695762079E-2	8.8174730684E+3	2.0316776194E-3
8.2739884832E-2	8.7101118108E+3	2.0565621928E-3
8.4808875009E-2	8.5954224640E+3	2.0814123983E-3
8.6902698034E-2	8.4728196962E+3	2.1062278206E-3
8.9021318917E-2	8.3424512752E+3	2.1310080450E-3
9.1164702253E-2	8.2053093257E+3	2.1557526574E-3
9.3332812224E-2	8.0627988851E+3	2.1804612443E-3
9.5525612596E-2	7.9160342991E+3	2.2051333928E-3
9.7743066726E-2	7.7653349273E+3	2.2297686905E-3
9.9985137556E-2	7.6102747857E+3	2.2543667257E-3
1.0225178762E-1	7.4502637214E+3	2.2789270875E-3
1.0454297904E-1	7.2852513755E+3	2.3034493653E-3
1.0685867352E-1	7.1160356670E+3	2.3279331494E-3
1.0919883237E-1	6.9439361060E+3	2.3523780306E-3
1.1156341648E-1	6.7700748987E+3	2.3767836004E-3
1.1395238633E-1	6.5948230956E+3	2.4011494510E-3
1.1636570200E-1	6.4178496812E+3	2.4254751751E-3
1.1880332317E-1	6.2387330119E+3	2.4497603662E-3
1.2126520909E-1	6.0576306335E+3	2.4740046186E-3
1.2375131862E-1	5.8754455936E+3	2.4982075270E-3
1.2626161023E-1	5.6933517745E+3	2.5223686871E-3
1.2879604195E-1	5.5120989639E+3	2.5464876949E-3
1.3135457143E-1	5.3317117970E+3	2.5705641475E-3
1.3393715592E-1	5.1518393495E+3	2.5945976426E-3
1.3654375226E-1	4.9724190512E+3	2.6185877784E-3
1.3917431689E-1	4.7940319801E+3	2.6425341541E-3
1.4182880585E-1	4.6176270478E+3	2.6664363695E-3
1.4450717478E-1	4.4439045770E+3	2.6902940251E-3
1.4720937892E-1	4.2729714082E+3	2.7141067224E-3
1.4993537310E-1	4.1045874743E+3	2.7378740632E-3
1.5268511179E-1	3.9387205474E+3	2.7615956505E-3
1.5545854902E-1	3.7758278510E+3	2.7852710878E-3
1.5825563845E-1	3.6165960428E+3	2.8088999795E-3
1.6107633333E-1	3.4614570331E+3	2.8324819307E-3
1.6392058653E-1	3.3104116652E+3	2.8560165473E-3
1.6678835052E-1	3.1633151368E+3	2.8795034361E-3
1.6967957737E-1	3.0202601070E+3	2.9029422044E-3
1.7259421876E-1	2.8816218449E+3	2.9263324607E-3
1.7553222599E-1	2.7477616124E+3	2.9496738141E-3
1.7849354996E-1	2.6187825074E+3	2.9729658744E-3
1.8147814117E-1	2.4946141720E+3	2.9962082525E-3
1.8448594977E-1	2.3752619699E+3	3.0194005599E-3
1.8751692548E-1	2.2608784330E+3	3.0425424091E-3
1.9057101764E-1	2.1516006719E+3	3.0656334132E-3
1.9364817522E-1	2.0474274211E+3	3.0886731866E-3
1.9674834681E-1	1.9483136823E+3	3.1116613440E-3
1.9987148058E-1	1.8543027641E+3	3.1345975014E-3
2.0301752435E-1	1.7654591093E+3	3.1574812755E-3
2.0618642554E-1	1.6817018737E+3	3.1803122838E-3
2.0937813120E-1	1.6028387602E+3	3.2030901448E-3
2.1259258799E-1	1.5287989773E+3	3.2258144779E-3
2.1582974219E-1	1.4596954914E+3	3.2484849032E-3
2.1908953970E-1	1.3955539912E+3	3.2711010421E-3
2.2237192605E-1	1.3360907088E+3	3.2936625164E-3
2.2567684639E-1	1.2809349399E+3	3.3161689492E-3
2.2900424548E-1	1.2300266658E+3	3.3386199643E-3
2.3235406772E-1	1.1835589753E+3	3.3610151867E-3
2.3572625713E-1	1.1414734848E+3	3.3833542419E-3
2.3912075735E-1	1.1032687445E+3	3.4056367567E-3
2.4253751167E-1	1.0684935532E+3	3.4278623588E-3
2.4597646298E-1	1.0372116458E+3	3.4500306767E-3
2.4943755380E-1	1.0096595344E+3	3.4721413399E-3
2.5292072631E-1	9.8556670924E+2	3.4941939790E-3
2.5642592230E-1	9.6423899573E+2	3.5161882254E-3
2.5995308318E-1	9.4535214783E+2	3.5381237115E-3
2.6350215001E-1	9.2918639260E+2	3.5600000709E-3
2.6707306349E-1	9.1584982544E+2	3.5818169379E-3
2.7066576394E-1	9.0473334923E+2	3.6035739479E-3
2.7428019131E-1	8.9515671665E+2	3.6252707373E-3
2.7791628522E-1	8.8717863818E+2	3.6469069436E-3
2.8157398488E-1	8.8116885981E+2	3.6684822051E-3
2.8525322919E-1	8.7681590788E+2	3.6899961614E-3
2.8895395665E-1	8.7329328258E+2	3.7114484529E-3
2.9267610542E-1	8.7035351862E+2	3.7328387211E-3
2.9641961330E-1	8.6843579221E+2	3.7541666086E-3
3.0018441773E-1	8.6754924285E+2	3.7754317588E-3
3.0397045579E-1	8.6691382116E+2	3.7966338166E-3
3.0777766421E-1	8.6604478667E+2	3.8177724274E-3
3.1160597938E-1	8.6533035093E+2	3.8388472382E-3
3.1545533730E-1	8.6501668581E+2	3.8598578967E-3
3.1932567367E-1	8.6445994747E+2	3.8808040517E-3
3.2321692379E-1	8.6305808479E+2	3.9016853533E-3
3.2712902264E-1	8.6112675848E+2	3.9225014525E-3
3.3106190484E-1	8.5904904670E+2	3.9432520014E-3
3.3501550468E-1	8.5631704128E+2	3.9639366533E-3
3.3898975607E-1	8.5231590234E+2	3.9845550624E-3
3.4298459261E-1	8.4732902995E+2	4.0051068843E-3
3.4699994753E-1	8.4179724901E+2	4.0255917754E-3
3.5103575373E-1	8.3530266403E+2	4.0460093936E-3
3.5509194378E-1	8.2729241254E+2	4.0663593974E-3
3.5916844988E-1	8.1807568179E+2	4.0866414469E-3
3.6326520391E-1	8.0808980792E+2	4.1068552032E-3
3.6738213741E-1	7.9695398426E+2	4.1270003283E-3
3.7151918157E-1	7.8423465186E+2	4.1470764858E-3
3.7567626728E-1	7.7030976143E+2	4.1670833400E-3
3.7985332504E-1	7.5555509403E+2	4.1870205567E-3
3.8405028507E-1	7.3959522473E+2	4.2068878026E-3
3.8826707721E-1	7.2216796169E+2	4.2266847457E-3
3.9250363101E-1	7.0372396026E+2	4.2464110553E-3
3.9675987567E-1	6.8451863174E+2	4.2660664016E-3
4.0103574005E-1	6.6419265525E+2	4.2856504563E-3
4.0533115271E-1	6.4269610763E+2	4.3051628919E-3
4.0964604185E-1	6.2050239541E+2	4.3246033825E-3
4.1398033538E-1	5.9770648279E+2	4.3439716031E-3
4.1833396086E-1	5.7402535866E+2	4.3632672302E-3
4.2270684554E-1	5.4962145987E+2	4.3824899412E-3
4.2709891633E-1	5.2489597222E+2	4.4016394148E-3
4.3151009985E-1	4.9980025961E+2	4.4207153312E-3
4.3594032237E-1	4.7421011661E+2	4.4397173715E-3
4.4038950986E-1	4.4842472506E+2	4.4586452181E-3
4.4485758797E-1	4.2268481948E+2	4.4774985548E-3
4.4934448203E-1	3.9689375324E+2	4.4962770664E-3
4.5385011706E-1	3.7112087007E+2	4.5149804392E-3
4.5837441776E-1	3.4565992846E+2	4.5336083606E-3
4.6291730852E-1	3.2058969256E+2	4.5521605193E-3
4.6747871344E-1	2.9589123502E+2	4.5706366053E-3
4.7205855627E-1	2.7174909047E+2	4.5890363098E-3
4.7665676049E-1	2.4833585934E+2	4.6073593254E-3
4.8127324926E-1	2.2567931823E+2	4.6256053458E-3
4.8590794542E-1	2.0387509726E+2	4.6437740661E-3
4.9056077152E-1	1.8307240842E+2	4.6618651826E-3
4.9523164982E-1	1.6334666505E+2	4.6798783932E-3
4.9992050224E-1	1.4478464452E+2	4.6978133967E-3
5.0462725044E-1	1.2748739308E+2	4.7156698934E-3
5.0935181576E-1	1.1151179363E+2	4.7334475849E-3
5.1409411924E-1	9.6958824439E+1	4.7511461741E-3
5.1885408164E-1	8.3925053026E+1	4.7687653653E-3
5.2363162341E-1	7.2414000949E+1	4.7863048641E-3
5.2842666471E-1	6.2500940190E+1	4.8037643772E-3
5.3323912540E-1	5.4313027672E+1	4.8211436130E-3
5.3806892508E-1	4.7822655796E+1	4.8384422809E-3
5.4291598301E-1	4.3031952445E+1	4.8556600920E-3
5.4778021821E-1	4.0087786369E+1	4.8727967585E-3
5.5266154939E-1	3.8976632500E+1	4.8898519940E-3
5.5755989496E-1	3.9614158677E+1	4.9068255135E-3
5.6247517308E-1	4.2124577503E+1	4.9237170334E-3
5.6740730160E-1	4.6536916919E+1	4.9405262713E-3
5.7235619810E-1	5.2703317431E+1	4.9572529464E-3
5.7732177988E-1	6.0684030445E+1	4.9738967791E-3
5.8230396395E-1	7.0547842211E+1	4.9904574913E-3
5.8730266706E-1	8.2121028326E+1	5.0069348063E-3
5.9231780568E-1	9.5380862396E+1	5.0233284486E-3
5.9734929598E-1	1.1041070847E+2	5.0396381444E-3
6.0239705389E-1	1.2704170276E+2	5.0558636210E-3
6.0746099506E-1	1.4517391872E+2	5.0720046074E-3
6.1254103485E-1	1.6487466248E+2	5.0880608338E-3
6.1763708838E-1	1.8599368245E+2	5.1040320318E-3
6.2274907048E-1	2.0837540879E+2	5.1199179345E-3
6.2787689573E-1	2.3204786383E+2	5.1357182766E-3
6.3302047843E-1	2.5687733047E+2	5.1514327939E-3
6.3817973262E-1	2.8267897927E+2	5.1670612238E-3
6.4335457209E-1	3.0943062887E+2	5.1826033052E-3
6.4854491036E-1	3.3700388067E+2	5.1980587783E-3
6.5375066070E-1	3.6520852121E+2	5.2134273849E-3
6.5897173609E-1	3.9397220401E+2	5.2287088681E-3
6.6420804930E-1	4.2315864042E+2	5.2439029725E-3
6.6945951283E-1	4.5259093178E+2	5.2590094442E-3
6.7472603890E-1	4.8215333677E+2	5.2740280309E-3
6.8000753951E-1	5.1169158605E+2	5.2889584814E-3
6.8530392640E-1	5.4105617445E+2	5.3038005463E-3
6.9061511106E-1	5.7009698378E+2	5.3185539776E-3
6.9594100473E-1	5.9863757425E+2	5.3332185287E-3
7.0128151841E-1	6.2656706965E+2	5.3477939546E-3
7.0663656285E-1	6.5370880278E+2	5.3622800116E-3
7.1200604856E-1	6.7986708761E+2	5.3766764577E-3
7.1738988581E-1	7.0497948091E+2	5.3909830523E-3
7.2278798463E-1	7.2884738682E+2	5.4051995564E-3
7.2820025482E-1	7.5126641710E+2	5.4193257323E-3
7.3362660591E-1	7.7223104615E+2	5.4333613439E-3
7.3906694724E-1	7.9152160035E+2	5.4473061568E-3
7.4452118788E-1	8.0894339943E+2	5.4611599379E-3
7.4998923669E-1	8.2455345857E+2	5.4749224557E-3
7.5547100229E-1	8.3810908961E+2	5.4885934801E-3
7.6096639308E-1	8.4945142070E+2	5.5021727828E-3
7.6647531721E-1	8.5869974517E+2	5.5156601367E-3
7.7199768263E-1	8.6558637969E+2	5.5290553166E-3
7.7753339704E-1	8.7002068415E+2	5.5423580985E-3
7.8308236795E-1	8.7217436517E+2	5.5555682601E-3
7.8864450262E-1	8.7175731842E+2	5.5686855808E-3
7.9421970809E-1	8.6878216238E+2	5.5817098412E-3
7.9980789121E-1	8.6345069243E+2	5.5946408237E-3
8.0540895857E-1	8.5546341685E+2	5.6074783123E-3
8.1102281659E-1	8.4496674507E+2	5.6202220924E-3
8.1664937145E-1	8.3215803929E+2	5.6328719509E-3
8.2228852912E-1	8.1675734521E+2	5.6454276767E-3
8.2794019536E-1	7.9906043422E+2	5.6578890597E-3
8.3360427572E-1	7.7921926876E+2	5.6702558918E-3
8.3928067556E-1	7.5701995596E+2	5.6825279663E-3
8.4496930000E-1	7.3289654944E+2	5.6947050782E-3
8.5067005399E-1	7.0692053591E+2	5.7067870238E-3
8.5638284226E-1	6.7900218869E+2	5.7187736014E-3
8.6210756934E-1	6.4966812713E+2	5.7306646105E-3
8.6784413956E-1	6.1889696582E+2	5.7424598526E-3
8.7359245705E-1	5.8677649358E+2	5.7541591304E-3
8.7935242576E-1	5.5384806852E+2	5.7657622485E-3
8.8512394943E-1	5.2002220309E+2	5.7772690129E-3
8.9090693161E-1	4.8558824937E+2	5.7886792314E-3
8.9670127565E-1	4.5101073158E+2	5.7999927133E-3
9.0250688473E-1	4.1619583698E+2	5.8112092696E-3
9.0832366182E-1	3.8160586294E+2	5.8223287127E-3
9.1415150972E-1	3.4755585835E+2	5.8333508568E-3
9.1999033104E-1	3.1403085081E+2	5.8442755178E-3
9.2584002820E-1	2.8157795233E+2	5.8551025132E-3
9.3170050345E-1	2.5034333212E+2	5.8658316618E-3
9.3757165885E-1	2.2045345438E+2	5.8764627846E-3
9.4345339628E-1	1.9241563773E+2	5.8869957037E-3
9.4934561746E-1	1.6625515307E+2	5.8974302433E-3
9.5524822392E-1	1.4223916819E+2	5.9077662288E-3
9.6116111701E-1	1.2072563297E+2	5.9180034877E-3
9.6708419793E-1	1.0170968651E+2	5.9281418487E-3
9.7301736769E-1	8.5519669095E+1	5.9381811425E-3
9.7896052713E-1	7.2324558832E+1	5.9481212013E-3
9.8491357695E-1	6.2162990584E+1	5.9579618591E-3
9.9087641766E-1	5.5301380636E+1	5.9677029512E-3
9.9684894961E-1	5.1767725618E+1	5.9773443150E-3
1.0028310730E+0	5.1641428789E+1	5.9868857894E-3
1.0088226878E+0	5.5036470482E+1	5.9963272149E-3
1.0148236940E+0	6.1929116132E+1	6.0056684336E-3
1.0208339913E+0	7.2354500730E+1	6.0149092896E-3
1.0268534791E+0	8.6280575836E+1	6.0240496283E-3
1.0328820570E+0	1.0367457057E+2	6.0330892971E-3
1.0389196241E+0	1.2443150142E+2	6.0420281448E-3
1.0449660796E+0	1.4846451871E+2	6.0508660221E-3
1.0510213224E+0	1.7567330797E+2	6.0596027814E-3
1.0570852514E+0	2.0580908641E+2	6.0682382765E-3
1.0631577652E+0	2.3880559003E+2	6.0767723631E-3
1.0692387623E+0	2.7438518581E+2	6.0852048988E-3
1.0753281411E+0	3.1227669216E+2	6.0935357425E-3
1.0814257998E+0	3.5238666425E+2	6.1017647550E-3
1.0875316366E+0	3.9423664904E+2	6.1098917988E-3
1.0936455494E+0	4.3767612453E+2	6.1179167381E-3
1.0997674360E+0	4.8242631619E+2	6.1258394388E-3
1.1058971941E+0	5.2796494816E+2	6.1336597685E-3
1.1120347214E+0	5.7425582330E+2	6.1413775965E-3
1.1181799151E+0	6.2073635833E+2	6.1489927938E-3
1.1243326727E+0	6.6708955040E+2	6.1565052331E-3
1.1304928913E+0	7.1318492470E+2	6.1639147890E-3
1.1366604679E+0	7.5831896181E+2	6.1712213376E-3
1.1428352996E+0	8.0247768378E+2	6.1784247568E-3
1.1490172830E+0	8.4521160641E+2	6.1855249261E-3
1.1552063150E+0	8.8602418891E+2	6.1925217271E-3
1.1614022920E+0	9.2499311956E+2	6.1994150427E-3
1.1676051105E+0	9.6139930128E+2	6.2062047577E-3
1.1738146669E+0	9.9520185814E+2	6.2128907587E-3
1.1800308574E+0	1.0262126537E+3	6.2194729339E-3
1.1862535782E+0	1.0538314079E+3	6.2259511734E-3
1.1924827251E+0	1.0783282929E+3	6.2323253688E-3
1.1987181942E+0	1.0991424671E+3	6.2385954138E-3
1.2049598812E+0	1.1161922604E+3	6.2447612034E-3
1.2112076818E+0	1.1296092613E+3	6.2508226346E-3
1.2174614916E+0	1.1388101563E+3	6.2567796062E-3
1.2237212062E+0	1.1442069777E+3	6.2626320186E-3
1.2299867208E+0	1.1455115521E+3	6.2683797740E-3
1.2362579308E+0	1.1426254182E+3	6.2740227763E-3
1.2425347314E+0	1.1359755838E+3	6.2795609313E-3
1.2488170177E+0	1.1251031471E+3	6.2849941464E-3
1.2551046847E+0	1.1105048590E+3	6.2903223308E-3
1.2613976273E+0	1.0921943237E+3	6.2955453954E-3
1.2676957404E+0	1.0700930373E+3	6.3006632530E-3
1.2739989187E+0	1.0448429434E+3	6.3056758180E-3
1.2803070569E+0	1.0161652352E+3	6.3105830068E-3
1.2866200496E+0	9.8458682066E+2	6.3153847371E-3
1.2929377912E+0	9.5037473540E+2	6.3200809290E-3
1.2992601762E+0	9.1349345249E+2	6.3246715037E-3
1.3055870990E+0	8.7469053855E+2	6.3291563847E-3
1.3119184537E+0	8.3386179149E+2	6.3335354970E-3
1.3182541347E+0	7.9151168970E+2	6.3378087674E-3
1.3245940360E+0	7.4806089131E+2	6.3419761245E-3
1.3309380516E+0	7.0351380432E+2	6.3460374987E-3
1.3372860756E+0	6.5860814571E+2	6.3499928220E-3
1.3436380019E+0	6.1336143555E+2	6.3538420284E-3
1.3499937243E+0	5.6820532353E+2	6.3575850535E-3
1.3563531366E+0	5.2359449184E+2	6.3612218349E-3
1.3627161325E+0	4.7954828420E+2	6.3647523117E-3
1.3690826057E+0	4.3669143816E+2	6.3681764249E-3
1.3754524499E+0	3.9508874067E+2	6.3714941173E-3
1.3818255585E+0	3.5505620095E+2	6.3747053335E-3
1.3882018250E+0	3.1697262105E+2	6.3778100198E-3
1.3945811430E+0	2.8084000374E+2	6.3808081243E-3
1.4009634057E+0	2.4709430289E+2	6.3836995970E-3
1.4073485066E+0	2.1577867552E+2	6.3864843894E-3
1.4137363389E+0	1.8706716919E+2	6.3891624551E-3
1.4201267959E+0	1.6118488626E+2	6.3917337493E-3
1.4265197708E+0	1.3809369245E+2	6.3941982290E-3
1.4329151568E+0	1.1800258146E+2	6.3965558531E-3
1.4393128469E+0	1.0089017324E+2	6.3988065821E-3
1.4457127343E+0	8.6786511425E+1	6.4009503785E-3
1.4521147120E+0	7.5729465686E+1	6.4029872063E-3
1.4585186731E+0	6.7639023761E+1	6.4049170317E-3
1.4649245104E+0	6.2500171758E+1	6.4067398222E-3
1.4713321170E+0	6.0219259052E+1	6.4084555476E-3
1.4777413858E+0	6.0706902895E+1	6.4100641790E-3
1.4841522097E+0	6.3825204378E+1	6.4115656896E-3
1.4905644815E+0	6.9473983545E+1	6.4129600544E-3
1.4969780940E+0	7.7453658271E+1	6.4142472499E-3
1.5033929402E+0	8.7622793575E+1	6.4154272548E-3
1.5098089128E+0	9.9818716583E+1	6.4165000493E-3
1.5162259046E+0	1.1377439669E+2	6.4174656154E-3
1.5226438083E+0	1.2940770497E+2	6.4183239370E-3
1.5290625167E+0	1.4639833394E+2	6.4190749998E-3
1.5354819225E+0	1.6460113996E+2	6.4197187912E-3
1.5419019185E+0	1.8383644621E+2	6.4202553005E-3
1.5483223974E+0	2.0377286298E+2	6.4206845187E-3
1.5547432518E+0	2.2438784632E+2	6.4210064386E-3
1.5611643745E+0	2.4531205503E+2	6.4212210549E-3
1.5675856581E+0	2.6644289216E+2	6.4213283639E-3
1.5740069954E+0	2.8763581845E+2	6.4213283639E-3
1.5804282791E+0	3.0855877639E+2	6.4212210549E-3
1.5868494018E+0	3.2927915029E+2	6.4210064386E-3
1.5932702562E+0	3.4944150549E+2	6.4206845187E-3
1.5996907351E+0	3.6901786888E+2	6.4202553005E-3
1.6061107310E+0	3.8793412173E+2	6.4197187912E-3
1.6125301369E+0	4.0590415561E+2	6.4190749998E-3
1.6189488453E+0	4.2309363120E+2	6.4183239370E-3
1.6253667490E+0	4.3920302092E+2	6.4174656154E-3
1.6317837408E+0	4.5428660504E+2	6.4165000493E-3
1.6381997134E+0	4.6835182472E+2	6.4154272548E-3
1.6446145595E+0	4.8117948824E+2	6.4142472499E-3
1.6510281721E+0	4.9301624766E+2	6.4129600544E-3
1.6574404439E+0	5.0363477338E+2	6.4115656896E-3
1.6638512678E+0	5.1315339238E+2	6.4100641790E-3
1.6702605366E+0	5.2164817835E+2	6.4084555476E-3
1.6766681432E+0	5.2896275101E+2	6.4067398222E-3
1.6830739805E+0	5.3538629264E+2	6.4049170317E-3
1.6894779416E+0	5.4075747724E+2	6.4029872063E-3
1.6958799193E+0	5.4522196728E+2	6.4009503785E-3
1.7022798067E+0	5.4889437299E+2	6.3988065821E-3
1.7086774968E+0	5.5166047962E+2	6.3965558531E-3
1.7150728827E+0	5.5380319879E+2	6.3941982290E-3
1.7214658576E+0	5.5520774952E+2	6.3917337493E-3
1.7278563146E+0	5.5600509591E+2	6.3891624551E-3
1.7342441470E+0	5.5631213318E+2	6.3864843894E-3
1.7406292478E+0	5.5603247095E+2	6.3836995970E-3
1.7470115106E+0	5.5539723456E+2	6.3808081243E-3
1.7533908286E+0	5.5431685506E+2	6.3778100198E-3
1.7597670951E+0	5.5287476115E+2	6.3747053335E-3
1.7661402037E+0	5.5115904156E+2	6.3714941173E-3
1.7725100479E+0	5.4907541318E+2	6.3681764249E-3
1.7788765211E+0	5.4677323565E+2	6.3647523117E-3
1.7852395170E+0	5.4417421944E+2	6.3612218349E-3
1.7915989293E+0	5.4130179627E+2	6.3575850535E-3
1.7979546517E+0	5.3819741332E+2	6.3538420284E-3
1.8043065780E+0	5.3476914495E+2	6.3499928220E-3
1.8106546020E+0	5.3107764441E+2	6.3460374987E-3
1.8169986176E+0	5.2705333027E+2	6.3419761245E-3
1.8233385189E+0	5.2267191921E+2	6.3378087674E-3
1.8296741999E+0	5.1792653892E+2	6.3335354970E-3
1.8360055546E+0	5.1274356664E+2	6.3291563847E-3
1.8423324774E+0	5.0711213290E+2	6.3246715037E-3
1.8486548624E+0	5.0097787986E+2	6.3200809290E-3
1.8549726040E+0	4.9430198135E+2	6.3153847371E-3
1.8612855967E+0	4.8704160237E+2	6.3105830068E-3
1.8675937349E+0	4.7916521159E+2	6.3056758180E-3
1.8738969132E+0	4.7062658749E+2	6.3006632530E-3
1.8801950263E+0	4.6139547524E+2	6.2955453954E-3
1.8864879689E+0	4.5146133689E+2	6.2903223308E-3
1.8927756359E+0	4.4076661376E+2	6.2849941464E-3
1.8990579222E+0	4.2934093385E+2	6.2795609313E-3
1.9053347228E+0	4.1714798948E+2	6.2740227763E-3
1.9116059328E+0	4.0418562398E+2	6.2683797740E-3
1.9178714474E+0	3.9050829274E+2	6.2626320186E-3
1.9241311620E+0	3.7606818706E+2	6.2567796062E-3
1.9303849718E+0	3.6095831645E+2	6.2508226346E-3
1.9366327724E+0	3.4519385896E+2	6.2447612034E-3
1.9428744594E+0	3.2879650984E+2	6.2385954138E-3
1.9491099285E+0	3.1190043370E+2	6.2323253688E-3
1.9553390754E+0	2.9449045984E+2	6.2259511734E-3
1.9615617961E+0	2.7670279051E+2	6.2194729339E-3
1.9677779867E+0	2.5862814806E+2	6.2128907587E-3
1.9739875431E+0	2.4030252269E+2	6.2062047577E-3
1.9801903616E+0	2.2192246170E+2	6.1994150427E-3
1.9863863386E+0	2.0352167764E+2	6.1925217271E-3
1.9925753706E+0	1.8524268926E+2	6.1855249261E-3
1.9987573540E+0	1.6724623455E+2	6.1784247568E-3
2.0049321857E+0	1.4957474653E+2	6.1712213376E-3
2.0110997623E+0	1.3244006547E+2	6.1639147890E-3
2.0172599809E+0	1.1592664455E+2	6.1565052331E-3
2.0234127385E+0	1.0014646512E+2	6.1489927938E-3
2.0295579322E+0	8.5290401052E+1	6.1413775965E-3
2.0356954595E+0	7.1404859690E+1	6.1336597685E-3
2.0418252176E+0	5.8658864275E+1	6.1258394388E-3
2.0479471042E+0	4.7165103355E+1	6.1179167381E-3
2.0540610170E+0	3.6986909578E+1	6.1098917988E-3
2.0601668538E+0	2.8282123763E+1	6.1017647550E-3
2.0662645125E+0	2.1096288066E+1	6.0935357425E-3
2.0723538913E+0	1.5516945762E+1	6.0852048988E-3
2.0784348884E+0	1.1634899481E+1	6.0767723631E-3
2.0845074022E+0	9.4695794350E+0	6.0682382765E-3
2.0905713312E+0	9.0911805587E+0	6.0596027814E-3
2.0966265740E+0	1.0520289147E+1	6.0508660221E-3
2.1026730295E+0	1.3766124270E+1	6.0420281448E-3
2.1087105966E+0	1.8839502145E+1	6.0330892971E-3
2.1147391745E+0	2.5721655378E+1	6.0240496283E-3
2.1207586623E+0	3.4388534648E+1	6.0149092896E-3
2.1267689596E+0	4.4788814643E+1	6.0056684336E-3
2.1327699657E+0	5.6884733712E+1	5.9963272149E-3
2.1387615806E+0	7.0587983442E+1	5.9868857894E-3
2.1447437040E+0	8.5817588274E+1	5.9773443150E-3
2.1507162359E+0	1.0250428319E+2	5.9677029512E-3
2.1566790766E+0	1.2049365961E+2	5.9579618591E-3
2.1626321265E+0	1.3970834489E+2	5.9481212013E-3
2.1685752859E+0	1.6001758690E+2	5.9381811425E-3
2.1745084557E+0	1.8123682457E+2	5.9281418487E-3
2.1804315366E+0	2.0329732437E+2	5.9180034877E-3
2.1863444297E+0	2.2599178409E+2	5.9077662288E-3
2.1922470361E+0	2.4915710771E+2	5.8974302433E-3
2.1981392573E+0	2.7270872006E+2	5.8869957037E-3
2.2040209947E+0	2.9638269122E+2	5.8764627846E-3
2.2098921501E+0	3.2007393105E+2	5.8658316618E-3
2.2157526254E+0	3.4364962426E+2	5.8551025132E-3
2.2216023226E+0	3.6683911920E+2	5.8442755178E-3
2.2274411439E+0	3.8959991552E+2	5.8333508568E-3
2.2332689918E+0	4.1173539158E+2	5.8223287127E-3
2.2390857689E+0	4.3302583397E+2	5.8112092696E-3
2.2448913779E+0	4.5346797278E+2	5.7999927133E-3
2.2506857220E+0	4.7281427937E+2	5.7886792314E-3
2.2564687042E+0	4.9093839843E+2	5.7772690129E-3
2.2622402278E+0	5.0784209762E+2	5.7657622485E-3
2.2680001965E+0	5.2326327715E+2	5.7541591304E-3
2.2737485140E+0	5.3718428622E+2	5.7424598526E-3
2.2794850843E+0	5.4958447410E+2	5.7306646105E-3
2.2852098113E+0	5.6023203237E+2	5.7187736014E-3
2.2909225996E+0	5.6920779425E+2	5.7067870238E-3
2.2966233536E+0	5.7645747831E+2	5.6947050782E-3
2.3023119780E+0	5.8181769414E+2	5.6825279663E-3
2.3079883779E+0	5.8544182115E+2	5.6702558918E-3
2.3136524582E+0	5.8724690301E+2	5.6578890597E-3
2.3193041245E+0	5.8716006304E+2	5.6454276767E-3
2.3249432821E+0	5.8537697038E+2	5.6328719509E-3
2.3305698370E+0	5.8180084724E+2	5.6202220924E-3
2.3361836950E+0	5.7645347954E+2	5.6074783123E-3
2.3417847624E+0	5.6954652891E+2	5.5946408237E-3
2.3473729455E+0	5.6098633878E+2	5.5817098412E-3
2.3529481510E+0	5.5087899366E+2	5.5686855808E-3
2.3585102856E+0	5.3943351924E+2	5.5555682601E-3
2.3640592565E+0	5.2657242523E+2	5.5423580985E-3
2.3695949710E+0	5.1246689776E+2	5.5290553166E-3
2.3751173364E+0	4.9731239147E+2	5.5156601367E-3
2.3806262605E+0	4.8105385287E+2	5.5021727828E-3
2.3861216513E+0	4.6390497963E+2	5.4885934801E-3
2.3916034169E+0	4.4604250783E+2	5.4749224557E-3
2.3970714657E+0	4.2743324370E+2	5.4611599379E-3
2.4025257064E+0	4.0831134726E+2	5.4473061568E-3
2.4079660477E+0	3.8883318140E+2	5.4333613439E-3
2.4133923988E+0	3.6898168674E+2	5.4193257323E-3
2.4188046690E+0	3.4899218598E+2	5.4051995564E-3
2.4242027678E+0	3.2900070188E+2	5.3909830523E-3
2.4295866050E+0	3.0899784298E+2	5.3766764577E-3
2.4349560907E+0	2.8920439247E+2	5.3622800116E-3
2.4403111352E+0	2.6973668095E+2	5.3477939546E-3
2.4456516489E+0	2.5058413228E+2	5.3332185287E-3
2.4509775425E+0	2.3194091432E+2	5.3185539776E-3
2.4562887272E+0	2.1390443556E+2	5.3038005463E-3
2.4615851141E+0	1.9645559074E+2	5.2889584814E-3
2.4668666147E+0	1.7975318064E+2	5.2740280309E-3
2.4721331408E+0	1.6387637600E+2	5.2590094442E-3
2.4773846043E+0	1.4879297710E+2	5.2439029725E-3
2.4826209175E+0	1.3462070823E+2	5.2287088681E-3
2.4878419929E+0	1.2142092396E+2	5.2134273849E-3
2.4930477432E+0	1.0914713796E+2	5.1980587783E-3
2.4982380815E+0	9.7873278652E+1	5.1826033052E-3
2.5034129210E+0	8.7642792775E+1	5.1670612238E-3
2.5085721752E+0	7.8396964430E+1	5.1514327939E-3
2.5137157579E+0	7.0166438292E+1	5.1357182766E-3
2.5188435831E+0	6.2975923025E+1	5.1199179345E-3
2.5239555652E+0	5.6758893159E+1	5.1040320318E-3
2.5290516187E+0	5.1506872578E+1	5.0880608338E-3
2.5341316585E+0	4.7224350302E+1	5.0720046074E-3
2.5391955997E+0	4.3842164561E+1	5.0558636210E-3
2.5442433576E+0	4.1320771852E+1	5.0396381444E-3
2.5492748479E+0	3.9643077022E+1	5.0233284486E-3
2.5542899865E+0	3.8741167611E+1	5.0069348063E-3
2.5592886896E+0	3.8555842688E+1	4.9904574913E-3
2.5642708737E+0	3.9048813962E+1	4.9738967791E-3
2.5692364555E+0	4.0154272663E+1	4.9572529464E-3
2.5741853520E+0	4.1806188741E+1	4.9405262713E-3
2.5791174805E+0	4.3949360052E+1	4.9237170334E-3
2.5840327586E+0	4.6517606508E+1	4.9068255135E-3
2.5889311042E+0	4.9448818367E+1	4.8898519940E-3
2.5938124354E+0	5.2680419756E+1	4.8727967585E-3
2.5986766706E+0	5.6142272362E+1	4.8556600920E-3
2.6035237285E+0	5.9780837292E+1	4.8384422809E-3
2.6083535282E+0	6.3539669519E+1	4.8211436130E-3
2.6131659889E+0	6.7344597661E+1	4.8037643772E-3
2.6179610302E+0	7.1147237748E+1	4.7863048641E-3
2.6227385719E+0	7.4909483014E+1	4.7687653653E-3
2.6274985343E+0	7.8561109478E+1	4.7511461741E-3
2.6322408378E+0	8.2050588716E+1	4.7334475849E-3
2.6369654032E+0	8.5361315686E+1	4.7156698934E-3
2.6416721513E+0	8.8442814879E+1	4.6978133967E-3
2.6463610038E+0	9.1236215197E+1	4.6798783932E-3
2.6510318821E+0	9.3735908029E+1	4.6618651826E-3
2.6556847082E+0	9.5926096706E+1	4.6437740661E-3
2.6603194043E+0	9.7750038461E+1	4.6256053458E-3
2.6649358931E+0	9.9194628562E+1	4.6073593254E-3
2.6695340973E+0	1.0027873408E+2	4.5890363098E-3
2.6741139402E+0	1.0097058575E+2	4.5706366053E-3
2.6786753451E+0	1.0124003062E+2	4.5521605193E-3
2.6832182358E+0	1.0111873241E+2	4.5336083606E-3
2.6877425365E+0	1.0061928569E+2	4.5149804392E-3
2.6922481716E+0	9.9709285566E+1	4.4962770664E-3
2.6967350656E+0	9.8403267330E+1	4.4774985548E-3
2.7012031437E+0	9.6750973456E+1	4.4586452181E-3
2.7056523312E+0	9.4750086771E+1	4.4397173715E-3
2.7100825537E+0	9.2389907902E+1	4.4207153312E-3
2.7144937373E+0	8.9720921633E+1	4.4016394148E-3
2.7188858081E+0	8.6787721449E+1	4.3824899412E-3
2.7232586927E+0	8.3582775587E+1	4.3632672302E-3
2.7276123182E+0	8.0125072815E+1	4.3439716031E-3
2.7319466117E+0	7.6480657837E+1	4.3246033825E-3
2.7362615009E+0	7.2680993715E+1	4.3051628919E-3
2.7405569135E+0	6.8724551589E+1	4.2856504563E-3
2.7448327779E+0	6.4653109860E+1	4.2660664016E-3
2.7490890226E+0	6.0531629809E+1	4.2464110553E-3
2.7533255764E+0	5.6380637061E+1	4.2266847457E-3
2.7575423685E+0	5.2208378484E+1	4.2068878026E-3
2.7617393285E+0	4.8066811017E+1	4.1870205567E-3
2.7659163863E+0	4.4011511001E+1	4.1670833400E-3
2.7700734720E+0	4.0056394873E+1	4.1470764858E-3
2.7742105162E+0	3.6216480284E+1	4.1270003283E-3
2.7783274497E+0	3.2542745996E+1	4.1068552032E-3
2.7824242037E+0	2.9079083133E+1	4.0866414469E-3
2.7865007098E+0	2.5835353849E+1	4.0663593974E-3
2.7905568999E+0	2.2827698297E+1	4.0460093936E-3
2.7945927061E+0	2.0098783889E+1	4.0255917754E-3
2.7986080610E+0	1.7681040405E+1	4.0051068843E-3
2.8026028975E+0	1.5580889776E+1	3.9845550624E-3
2.8065771489E+0	1.3810636771E+1	3.9639366533E-3
2.8105307487E+0	1.2400715138E+1	3.9432520014E-3
2.8144636309E+0	1.1372659272E+1	3.9225014525E-3
2.8183757298E+0	1.0729200835E+1	3.9016853533E-3
2.8222669799E+0	1.0476129709E+1	3.8808040517E-3
2.8261373163E+0	1.0630205446E+1	3.8598578967E-3
2.8299866742E+0	1.1202114101E+1	3.8388472382E-3
2.8338149894E+0	1.2190431147E+1	3.8177724274E-3
2.8376221978E+0	1.3594296099E+1	3.7966338166E-3
2.8414082359E+0	1.5417478135E+1	3.7754317588E-3
2.8451730403E+0	1.7659396782E+1	3.7541666086E-3
2.8489165482E+0	2.0313550186E+1	3.7328387211E-3
2.8526386969E+0	2.3374052285E+1	3.7114484529E-3
2.8563394244E+0	2.6834702526E+1	3.6899961614E-3
2.8600186687E+0	3.0683768365E+1	3.6684822051E-3
2.8636763684E+0	3.4907733129E+1	3.6469069436E-3
2.8673124623E+0	3.9497136770E+1	3.6252707373E-3
2.8709268897E+0	4.4440948590E+1	3.6035739479E-3
2.8745195901E+0	4.9718915946E+1	3.5818169379E-3
2.8780905036E+0	5.5308196208E+1	3.5600000709E-3
2.8816395704E+0	6.1194478084E+1	3.5381237115E-3
2.8851667313E+0	6.7366798469E+1	3.5161882254E-3
2.8886719273E+0	7.3803102630E+1	3.4941939790E-3
2.8921550998E+0	8.0471913396E+1	3.4721413399E-3
2.8956161906E+0	8.7349582047E+1	3.4500306767E-3
2.8990551419E+0	9.4424973087E+1	3.4278623588E-3
2.9024718962E+0	1.0168244721E+2	3.4056367567E-3
2.9058663965E+0	1.0908994740E+2	3.3833542419E-3
2.9092385859E+0	1.1661236615E+2	3.3610151867E-3
2.9125884081E+0	1.2423047079E+2	3.3386199643E-3
2.9159158072E+0	1.3193581138E+2	3.3161689492E-3
2.9192207275E+0	1.3970858013E+2	3.2936625164E-3
2.9225031139E+0	1.4751188476E+2	3.2711010421E-3
2.9257629114E+0	1.5531176316E+2	3.2484849032E-3
2.9290000656E+0	1.6309398536E+2	3.2258144779E-3
2.9322145224E+0	1.7085308786E+2	3.2030901448E-3
2.9354062280E+0	1.7856919072E+2	3.1803122838E-3
2.9385751292E+0	1.8620551368E+2	3.1574812755E-3
2.9417211730E+0	1.9373023760E+2	3.1345975014E-3
2.9448443068E+0	2.0113265874E+2	3.1116613440E-3
2.9479444784E+0	2.0841180617E+2	3.0886731866E-3
2.9510216360E+0	2.1555309097E+2	3.0656334132E-3
2.9540757281E+0	2.2252396595E+2	3.0425424091E-3
2.9571067038E+0	2.2929394508E+2	3.0194005599E-3
2.9601145124E+0	2.3585293431E+2	2.9962082525E-3
2.9630991036E+0	2.4220486449E+2	2.9729658744E-3
2.9660604276E+0	2.4834525130E+2	2.9496738141E-3
2.9689984348E+0	2.5425061535E+2	2.9263324607E-3
2.9719130762E+0	2.5989208725E+2	2.9029422044E-3
2.9748043031E+0	2.6525620361E+2	2.8795034361E-3
2.9776720671E+0	2.7034835831E+2	2.8560165473E-3
2.9805163203E+0	2.7517569610E+2	2.8324819307E-3
2.9833370151E+0	2.7972972805E+2	2.8088999795E-3
2.9861341046E+0	2.8398799899E+2	2.7852710878E-3
2.9889075418E+0	2.8793199308E+2	2.7615956505E-3
2.9916572805E+0	2.9156111109E+2	2.7378740632E-3
2.9943832747E+0	2.9488810775E+2	2.7141067224E-3
2.9970854788E+0	2.9792182135E+2	2.6902940251E-3
2.9997638477E+0	3.0065565874E+2	2.6664363695E-3
3.0024183367E+0	3.0307304067E+2	2.6425341541E-3
3.0050489013E+0	3.0516326413E+2	2.6185877784E-3
3.0076554977E+0	3.0693158842E+2	2.5945976426E-3
3.0102380822E+0	3.0839426141E+2	2.5705641475E-3
3.0127966116E+0	3.0956424225E+2	2.5464876949E-3
3.0153310434E+0	3.1044149453E+2	2.5223686871E-3
3.0178413350E+0	3.1101627152E+2	2.4982075270E-3
3.0203274445E+0	3.1128139393E+2	2.4740046186E-3
3.0227893304E+0	3.1124199906E+2	2.4497603662E-3
3.0252269516E+0	3.1091455564E+2	2.4254751751E-3
3.0276402673E+0	3.1031687504E+2	2.4011494510E-3
3.0300292371E+0	3.0945816641E+2	2.3767836004E-3
3.0323938212E+0	3.0833718016E+2	2.3523780306E-3
3.0347339801E+0	3.0694913407E+2	2.3279331494E-3
3.0370496746E+0	3.0529514517E+2	2.3034493653E-3
3.0393408660E+0	3.0338666496E+2	2.2789270875E-3
3.0416075160E+0	3.0124205375E+2	2.2543667257E-3
3.0438495869E+0	2.9887859441E+2	2.2297686905E-3
3.0460670410E+0	2.9630616081E+2	2.2051333928E-3
3.0482598414E+0	2.9352681395E+2	2.1804612443E-3
3.0504279513E+0	2.9053993916E+2	2.1557526574E-3
3.0525713347E+0	2.8734881179E+2	2.1310080450E-3
3.0546899556E+0	2.8396405492E+2	2.1062278206E-3
3.0567837786E+0	2.8040208113E+2	2.0814123983E-3
3.0588527688E+0	2.7668007959E+2	2.0565621928E-3
3.0608968915E+0	2.7281106093E+2	2.0316776194E-3
3.0629161127E+0	2.6880194631E+2	2.0067590939E-3
3.0649103985E+0	2.6465544147E+2	1.9818070327E-3
3.0668797157E+0	2.6037411829E+2	1.9568218529E-3
3.0688240313E+0	2.5596409616E+2	1.9318039720E-3
3.0707433129E+0	2.5143632591E+2	1.9067538080E-3
3.0726375283E+0	2.4680509070E+2	1.8816717796E-3
3.0745066460E+0	2.4208488421E+2	1.8565583060E-3
3.0763506346E+0	2.3728749039E+2	1.8314138067E-3
3.0781694634E+0	2.3242069540E+2	1.8062387021E-3
3.0799631019E+0	2.2748902161E+2	1.7810334128E-3
3.0817315203E+0	2.2249583342E+2	1.7557983600E-3
3.0834746889E+0	2.1744562808E+2	1.7305339655E-3
3.0851925786E+0	2.1234544066E+2	1.7052406515E-3
3.0868851607E+0	2.0720487373E+2	1.6799188405E-3
3.0885524069E+0	2.0203494931E+2	1.6545689559E-3
3.0901942894E+0	1.9684644783E+2	1.6291914212E-3
3.0918107807E+0	1.9164849139E+2	1.6037866605E-3
3.0934018538E+0	1.8644789062E+2	1.5783550984E-3
3.0949674821E+0	1.8124937802E+2	1.5528971598E-3
3.0965076394E+0	1.7605648910E+2	1.5274132703E-3
3.0980223001E+0	1.7087265919E+2	1.5019038556E-3
3.0995114388E+0	1.6570211018E+2	1.4763693421E-3
3.1009750306E+0	1.6055025966E+2	1.4508101565E-3
3.1024130510E+0	1.5542360213E+2	1.4252267258E-3
3.1038254761E+0	1.5032919765E+2	1.3996194778E-3
3.1052122822E+0	1.4527400246E+2	1.3739888402E-3
3.1065734461E+0	1.4026427638E+2	1.3483352414E-3
3.1079089451E+0	1.3530522817E+2	1.3226591101E-3
3.1092187570E+0	1.3040095451E+2	1.2969608754E-3
3.1105028597E+0	1.2555463220E+2	1.2712409668E-3
3.1117612318E+0	1.2076886161E+2	1.2454998140E-3
3.1129938524E+0	1.1604604200E+2	1.2197378472E-3
3.1142007007E+0	1.1138867858E+2	1.1939554970E-3
3.1153817567E+0	1.0679956178E+2	1.1681531941E-3
3.1165370006E+0	1.0228180491E+2	1.1423313699E-3
3.1176664131E+0	9.7838763556E+1	1.1164904558E-3
3.1187699753E+0	9.3473882244E+1	1.0906308836E-3
3.1198476688E+0	8.9190518748E+1	1.0647530855E-3
3.1208994755E+0	8.4991789177E+1	1.0388574939E-3
3.1219253780E+0	8.0880461387E+1	1.0129445417E-3
3.1229253590E+0	7.6858907348E+1	9.8701466182E-4
3.1238994018E+0	7.2929110499E+1	9.6106828758E-4
3.1248474902E+0	6.9092714551E+1	9.3510585261E-4
3.1257696083E+0	6.5351095980E+1	9.0912779076E-4
3.1266657407E+0	6.1705442963E+1	8.8313453619E-4
3.1275358724E+0	5.8156827044E+1	8.5712652325E-4
3.1283799890E+0	5.4706258859E+1	8.3110418659E-4
3.1291980762E+0	5.1354724274E+1	8.0506796108E-4
3.1299901204E+0	4.8103201507E+1	7.7901828182E-4
3.1307561084E+0	4.4952662571E+1	7.5295558414E-4
3.1314960274E+0	4.1904063823E+1	7.2688030358E-4
3.1322098650E+0	3.8958330592E+1	7.0079287589E-4
3.1328976092E+0	3.6116340246E+1	6.7469373705E-4
3.1335592487E+0	3.3378906978E+1	6.4858332323E-4
3.1341947723E+0	3.0746770328E+1	6.2246207073E-4
3.1348041694E+0	2.8220588379E+1	5.9633041614E-4
3.1353874298E+0	2.5800935619E+1	5.7018879612E-4
3.1359445438E+0	2.3488304878E+1	5.4403764760E-4
3.1364755020E+0	2.1283112411E+1	5.1787740760E-4
3.1369802957E+0	1.9185705084E+1	4.9170851331E-4
3.1374589163E+0	1.7196368691E+1	4.6553140213E-4
3.1379113559E+0	1.5315336592E+1	4.3934651156E-4
3.1383376069E+0	1.3542798042E+1	4.1315427928E-4
3.1387376622E+0	1.1878905818E+1	3.8695514312E-4
3.1391115150E+0	1.0323782915E+1	3.6074954110E-4
3.1394591592E+0	8.8775282334E+0	3.3453791144E-4
3.1397805890E+0	7.5402212777E+0	3.0832069259E-4
3.1400757989E+0	6.3119259661E+0	2.8209832342E-4
3.1403447841E+0	5.1926936691E+0	2.5587124334E-4
3.1405875400E+0	4.1825656144E+0	2.2963989267E-4
3.1408040626E+0	3.2815747833E+0	2.0340471372E-4
3.1409943483E+0	2.4897474066E+0	1.7716615272E-4
3.1411583939E+0	1.8071041417E+0	1.5092466531E-4
3.1412961968E+0	1.2336609749E+0	1.2468073282E-4
3.1414077547E+0	7.6942980297E-1	9.8434919423E-5
3.1414930663E+0	4.1441831228E-1	7.2188137769E-5
3.1415521316E+0	1.6862644876E-1	4.5943520243E-5
3.1415849628E+0	3.2003975533E-2	1.9736940383E-5