# Differential cross section		
# Author: P. Swaczyna	Princeton University	(swaczyna@princeton.edu)
# Date: 	Wed 17 Feb 2021 11:38:12	
# 		
# Elastic collision: He^0 + He^+ -> He^0 + He^+		
# 		
# Red. mass: 	1.8640723202E+9	 eV/c^2
# CM energy: 	3.3884415614E-2	 eV
# Rel speed: 	1.8076082798E+5	 cm/s
# Tot sigma: 	N/A	 a.u.
# Int sigma: 	7.8453033601E+2	 a.u.
# 		
# Columns:		
# the <- scattering angle (rad)		
# dcs <- dsigma/dOmega*2*pi*sin(the) (a.u. = 2.8002852056E-17 cm^2)		
# wei <- weight for cross section integration (approx. width of angle bin)		
# 		
# the	dcs	wei
7.6907532846E-6	1.1594977476E+1	1.9736940383E-5
4.0521979771E-5	6.1091767348E+1	4.5943520243E-5
9.9587300392E-5	1.5012360157E+2	7.2188137769E-5
1.8489884726E-4	2.7863871545E+2	9.8434919423E-5
2.9645680168E-4	4.4644151395E+2	1.2468073282E-4
4.3425968311E-4	6.5310801249E+2	1.5092466531E-4
5.9830531657E-4	8.9786498155E+2	1.7716615272E-4
7.8859101285E-4	1.1794587366E+3	2.0340471372E-4
1.0051136166E-3	1.4960365530E+3	2.2963989267E-4
1.2478695220E-3	1.8450724122E+3	2.5587124334E-4
1.5168546797E-3	2.2233751413E+3	2.8209832342E-4
1.8120645986E-3	2.6272145854E+3	3.0832069259E-4
2.1334943481E-3	3.0525836155E+3	3.3453791144E-4
2.4811385584E-3	3.4955763547E+3	3.6074954110E-4
2.8549914211E-3	3.9528090636E+3	3.8695514312E-4
3.2550466893E-3	4.4217544202E+3	4.1315427928E-4
3.6812976783E-3	4.9008296448E+3	4.3934651156E-4
4.1337372652E-3	5.3891071124E+3	4.6553140213E-4
4.6123578895E-3	5.8856267560E+3	4.9170851331E-4
5.1171515529E-3	6.3884768355E+3	5.1787740760E-4
5.6481098199E-3	6.8940168216E+3	5.4403764760E-4
6.2052238176E-3	7.3967264263E+3	5.7018879612E-4
6.7884842360E-3	7.8900299232E+3	5.9633041614E-4
7.3978813281E-3	8.3679838234E+3	6.2246207073E-4
8.0334049101E-3	8.8270667045E+3	6.4858332323E-4
8.6950443616E-3	9.2668974713E+3	6.7469373705E-4
9.3827886258E-3	9.6890372044E+3	7.0079287589E-4
1.0096626210E-2	1.0094216224E+4	7.2688030358E-4
1.0836545184E-2	1.0479743054E+4	7.5295558414E-4
1.1602533184E-2	1.0839313259E+4	7.7901828182E-4
1.2394577408E-2	1.1166032758E+4	8.0506796108E-4
1.3212664621E-2	1.1456674287E+4	8.3110418659E-4
1.4056781152E-2	1.1713311804E+4	8.5712652325E-4
1.4926912893E-2	1.1940100764E+4	8.8313453619E-4
1.5823045305E-2	1.2137688175E+4	9.0912779076E-4
1.6745163410E-2	1.2301058071E+4	9.3510585261E-4
1.7693251801E-2	1.2423937758E+4	9.6106828758E-4
1.8667294632E-2	1.2505481790E+4	9.8701466182E-4
1.9667275626E-2	1.2551057324E+4	1.0129445417E-3
2.0693178073E-2	1.2565261864E+4	1.0388574939E-3
2.1744984827E-2	1.2545823971E+4	1.0647530855E-3
2.2822678313E-2	1.2487215515E+4	1.0906308836E-3
2.3926240519E-2	1.2389625082E+4	1.1164904558E-3
2.5055653005E-2	1.2259937522E+4	1.1423313699E-3
2.6210896896E-2	1.2102468830E+4	1.1681531941E-3
2.7391952886E-2	1.1914009849E+4	1.1939554970E-3
2.8598801239E-2	1.1691874656E+4	1.2197378472E-3
2.9831421786E-2	1.1441429866E+4	1.2454998140E-3
3.1089793929E-2	1.1169373823E+4	1.2712409668E-3
3.2373896638E-2	1.0874878857E+4	1.2969608754E-3
3.3683708455E-2	1.0555549052E+4	1.3226591101E-3
3.5019207490E-2	1.0216519333E+4	1.3483352414E-3
3.6380371427E-2	9.8641915856E+3	1.3739888402E-3
3.7767177517E-2	9.4978021592E+3	1.3996194778E-3
3.9179602586E-2	9.1167830209E+3	1.4252267258E-3
4.0617623030E-2	8.7272617106E+3	1.4508101565E-3
4.2081214817E-2	8.3332272573E+3	1.4763693421E-3
4.3570353490E-2	7.9333367437E+3	1.5019038556E-3
4.5085014162E-2	7.5302829313E+3	1.5274132703E-3
4.6625171522E-2	7.1294665377E+3	1.5528971598E-3
4.8190799831E-2	6.7312397574E+3	1.5783550984E-3
4.9781872927E-2	6.3363337454E+3	1.6037866605E-3
5.1398364219E-2	5.9491895287E+3	1.6291914212E-3
5.3040246694E-2	5.5711869215E+3	1.6545689559E-3
5.4707492914E-2	5.2026499134E+3	1.6799188405E-3
5.6400075017E-2	4.8466456943E+3	1.7052406515E-3
5.8117964718E-2	4.5044587228E+3	1.7305339655E-3
5.9861133308E-2	4.1765731564E+3	1.7557983600E-3
6.1629551657E-2	3.8648122011E+3	1.7810334128E-3
6.3423190212E-2	3.5698660030E+3	1.8062387021E-3
6.5242019000E-2	3.2924229192E+3	1.8314138067E-3
6.7086007624E-2	3.0330118661E+3	1.8565583060E-3
6.8955125270E-2	2.7919486156E+3	1.8816717796E-3
7.0849340702E-2	2.5697646140E+3	1.9067538080E-3
7.2768622264E-2	2.3656898698E+3	1.9318039720E-3
7.4712937885E-2	2.1803012459E+3	1.9568218529E-3
7.6682255070E-2	2.0130153417E+3	1.9818070327E-3
7.8676540910E-2	1.8626646376E+3	2.0067590939E-3
8.0695762079E-2	1.7299663558E+3	2.0316776194E-3
8.2739884832E-2	1.6125713244E+3	2.0565621928E-3
8.4808875009E-2	1.5106041547E+3	2.0814123983E-3
8.6902698034E-2	1.4229809964E+3	2.1062278206E-3
8.9021318917E-2	1.3475689864E+3	2.1310080450E-3
9.1164702253E-2	1.2849963342E+3	2.1557526574E-3
9.3332812224E-2	1.2319111865E+3	2.1804612443E-3
9.5525612596E-2	1.1888982389E+3	2.2051333928E-3
9.7743066726E-2	1.1534486607E+3	2.2297686905E-3
9.9985137556E-2	1.1246015746E+3	2.2543667257E-3
1.0225178762E-1	1.1016116055E+3	2.2789270875E-3
1.0454297904E-1	1.0819535771E+3	2.3034493653E-3
1.0685867352E-1	1.0662171448E+3	2.3279331494E-3
1.0919883237E-1	1.0512136565E+3	2.3523780306E-3
1.1156341648E-1	1.0380073670E+3	2.3767836004E-3
1.1395238633E-1	1.0236361410E+3	2.4011494510E-3
1.1636570200E-1	1.0090543810E+3	2.4254751751E-3
1.1880332317E-1	9.9198319964E+2	2.4497603662E-3
1.2126520909E-1	9.7310454206E+2	2.4740046186E-3
1.2375131862E-1	9.5088779345E+2	2.4982075270E-3
1.2626161023E-1	9.2584511564E+2	2.5223686871E-3
1.2879604195E-1	8.9705714957E+2	2.5464876949E-3
1.3135457143E-1	8.6504864158E+2	2.5705641475E-3
1.3393715592E-1	8.2932261090E+2	2.5945976426E-3
1.3654375226E-1	7.9056525537E+2	2.6185877784E-3
1.3917431689E-1	7.4853847856E+2	2.6425341541E-3
1.4182880585E-1	7.0415623863E+2	2.6664363695E-3
1.4450717478E-1	6.5733375026E+2	2.6902940251E-3
1.4720937892E-1	6.0918057500E+2	2.7141067224E-3
1.4993537310E-1	5.5972930825E+2	2.7378740632E-3
1.5268511179E-1	5.1016022393E+2	2.7615956505E-3
1.5545854902E-1	4.6064599289E+2	2.7852710878E-3
1.5825563845E-1	4.1225963619E+2	2.8088999795E-3
1.6107633333E-1	3.6534429902E+2	2.8324819307E-3
1.6392058653E-1	3.2071948503E+2	2.8560165473E-3
1.6678835052E-1	2.7885175253E+2	2.8795034361E-3
1.6967957737E-1	2.4028607011E+2	2.9029422044E-3
1.7259421876E-1	2.0543997412E+2	2.9263324607E-3
1.7553222599E-1	1.7468741485E+2	2.9496738141E-3
1.7849354996E-1	1.4819554643E+2	2.9729658744E-3
1.8147814117E-1	1.2623121486E+2	2.9962082525E-3
1.8448594977E-1	1.0869521532E+2	3.0194005599E-3
1.8751692548E-1	9.5604197894E+1	3.0425424091E-3
1.9057101764E-1	8.6804476515E+1	3.0656334132E-3
1.9364817522E-1	8.1874136580E+1	3.0886731866E-3
1.9674834681E-1	8.0698013669E+1	3.1116613440E-3
1.9987148058E-1	8.2591719162E+1	3.1345975014E-3
2.0301752435E-1	8.7189506183E+1	3.1574812755E-3
2.0618642554E-1	9.3987991587E+1	3.1803122838E-3
2.0937813120E-1	1.0219843982E+2	3.2030901448E-3
2.1259258799E-1	1.1148352491E+2	3.2258144779E-3
2.1582974219E-1	1.2109763603E+2	3.2484849032E-3
2.1908953970E-1	1.3044843729E+2	3.2711010421E-3
2.2237192605E-1	1.3919145305E+2	3.2936625164E-3
2.2567684639E-1	1.4666711955E+2	3.3161689492E-3
2.2900424548E-1	1.5255538206E+2	3.3386199643E-3
2.3235406772E-1	1.5662244881E+2	3.3610151867E-3
2.3572625713E-1	1.5850846336E+2	3.3833542419E-3
2.3912075735E-1	1.5817323691E+2	3.4056367567E-3
2.4253751167E-1	1.5561986506E+2	3.4278623588E-3
2.4597646298E-1	1.5084720631E+2	3.4500306767E-3
2.4943755380E-1	1.4407309091E+2	3.4721413399E-3
2.5292072631E-1	1.3555734149E+2	3.4941939790E-3
2.5642592230E-1	1.2560248796E+2	3.5161882254E-3
2.5995308318E-1	1.1461262315E+2	3.5381237115E-3
2.6350215001E-1	1.0300345024E+2	3.5600000709E-3
2.6707306349E-1	9.1240218683E+1	3.5818169379E-3
2.7066576394E-1	7.9796716332E+1	3.6035739479E-3
2.7428019131E-1	6.9077025730E+1	3.6252707373E-3
2.7791628522E-1	5.9507620636E+1	3.6469069436E-3
2.8157398488E-1	5.1494399660E+1	3.6684822051E-3
2.8525322919E-1	4.5287395630E+1	3.6899961614E-3
2.8895395665E-1	4.1075629725E+1	3.7114484529E-3
2.9267610542E-1	3.9048769101E+1	3.7328387211E-3
2.9641961330E-1	3.9245854779E+1	3.7541666086E-3
3.0018441773E-1	4.1541541742E+1	3.7754317588E-3
3.0397045579E-1	4.5791429163E+1	3.7966338166E-3
3.0777766421E-1	5.1809025105E+1	3.8177724274E-3
3.1160597938E-1	5.9255515506E+1	3.8388472382E-3
3.1545533730E-1	6.7701109297E+1	3.8598578967E-3
3.1932567367E-1	7.6736637457E+1	3.8808040517E-3
3.2321692379E-1	8.5945511542E+1	3.9016853533E-3
3.2712902264E-1	9.4852781877E+1	3.9225014525E-3
3.3106190484E-1	1.0298400858E+2	3.9432520014E-3
3.3501550468E-1	1.0993909294E+2	3.9639366533E-3
3.3898975607E-1	1.1538662549E+2	3.9845550624E-3
3.4298459261E-1	1.1904421007E+2	4.0051068843E-3
3.4699994753E-1	1.2070814840E+2	4.0255917754E-3
3.5103575373E-1	1.2028769862E+2	4.0460093936E-3
3.5509194378E-1	1.1780015663E+2	4.0663593974E-3
3.5916844988E-1	1.1335633212E+2	4.0866414469E-3
3.6326520391E-1	1.0716679992E+2	4.1068552032E-3
3.6738213741E-1	9.9546263721E+1	4.1270003283E-3
3.7151918157E-1	9.0890231525E+1	4.1470764858E-3
3.7567626728E-1	8.1640898036E+1	4.1670833400E-3
3.7985332504E-1	7.2270305380E+1	4.1870205567E-3
3.8405028507E-1	6.3275855341E+1	4.2068878026E-3
3.8826707721E-1	5.5161918516E+1	4.2266847457E-3
3.9250363101E-1	4.8400551183E+1	4.2464110553E-3
3.9675987567E-1	4.3391836402E+1	4.2660664016E-3
4.0103574005E-1	4.0443666441E+1	4.2856504563E-3
4.0533115271E-1	3.9768357145E+1	4.3051628919E-3
4.0964604185E-1	4.1479480050E+1	4.3246033825E-3
4.1398033538E-1	4.5579844989E+1	4.3439716031E-3
4.1833396086E-1	5.1947312817E+1	4.3632672302E-3
4.2270684554E-1	6.0330933696E+1	4.3824899412E-3
4.2709891633E-1	7.0362758800E+1	4.4016394148E-3
4.3151009985E-1	8.1580704803E+1	4.4207153312E-3
4.3594032237E-1	9.3454417341E+1	4.4397173715E-3
4.4038950986E-1	1.0540972639E+2	4.4586452181E-3
4.4485758797E-1	1.1685249709E+2	4.4774985548E-3
4.4934448203E-1	1.2719464592E+2	4.4962770664E-3
4.5385011706E-1	1.3588331876E+2	4.5149804392E-3
4.5837441776E-1	1.4243130447E+2	4.5336083606E-3
4.6291730852E-1	1.4644520261E+2	4.5521605193E-3
4.6747871344E-1	1.4764829630E+2	4.5706366053E-3
4.7205855627E-1	1.4589655315E+2	4.5890363098E-3
4.7665676049E-1	1.4118747409E+2	4.6073593254E-3
4.8127324926E-1	1.3366205408E+2	4.6256053458E-3
4.8590794542E-1	1.2360006424E+2	4.6437740661E-3
4.9056077152E-1	1.1140868320E+2	4.6618651826E-3
4.9523164982E-1	9.7604561318E+1	4.6798783932E-3
4.9992050224E-1	8.2789771760E+1	4.6978133967E-3
5.0462725044E-1	6.7622645164E+1	4.7156698934E-3
5.0935181576E-1	5.2784994781E+1	4.7334475849E-3
5.1409411924E-1	3.8947579160E+1	4.7511461741E-3
5.1885408164E-1	2.6735780008E+1	4.7687653653E-3
5.2363162341E-1	1.6697427136E+1	4.7863048641E-3
5.2842666471E-1	9.2745366077E+0	4.8037643772E-3
5.3323912540E-1	4.7804864341E+0	4.8211436130E-3
5.3806892508E-1	3.3838591163E+0	4.8384422809E-3
5.4291598301E-1	5.0998385663E+0	4.8556600920E-3
5.4778021821E-1	9.7896626518E+0	4.8727967585E-3
5.5266154939E-1	1.7168209874E+1	4.8898519940E-3
5.5755989496E-1	2.6819356092E+1	4.9068255135E-3
5.6247517308E-1	3.8218299493E+1	4.9237170334E-3
5.6740730160E-1	5.0759647888E+1	4.9405262713E-3
5.7235619810E-1	6.3789720324E+1	4.9572529464E-3
5.7732177988E-1	7.6641259645E+1	4.9738967791E-3
5.8230396395E-1	8.8668602653E+1	4.9904574913E-3
5.8730266706E-1	9.9281321086E+1	5.0069348063E-3
5.9231780568E-1	1.0797443321E+2	5.0233284486E-3
5.9734929598E-1	1.1435348809E+2	5.0396381444E-3
6.0239705389E-1	1.1815313048E+2	5.0558636210E-3
6.0746099506E-1	1.1924814609E+2	5.0720046074E-3
6.1254103485E-1	1.1765644001E+2	5.0880608338E-3
6.1763708838E-1	1.1353388806E+2	5.1040320318E-3
6.2274907048E-1	1.0716149116E+2	5.1199179345E-3
6.2787689573E-1	9.8925725096E+1	5.1357182766E-3
6.3302047843E-1	8.9293384015E+1	5.1514327939E-3
6.3817973262E-1	7.8782537810E+1	5.1670612238E-3
6.4335457209E-1	6.7931442375E+1	5.1826033052E-3
6.4854491036E-1	5.7267341700E+1	5.1980587783E-3
6.5375066070E-1	4.7277076547E+1	5.2134273849E-3
6.5897173609E-1	3.8381267259E+1	5.2287088681E-3
6.6420804930E-1	3.0913578186E+1	5.2439029725E-3
6.6945951283E-1	2.5106215910E+1	5.2590094442E-3
6.7472603890E-1	2.1082386523E+1	5.2740280309E-3
6.8000753951E-1	1.8855967718E+1	5.2889584814E-3
6.8530392640E-1	1.8338170698E+1	5.3038005463E-3
6.9061511106E-1	1.9350507352E+1	5.3185539776E-3
6.9594100473E-1	2.1642970804E+1	5.3332185287E-3
7.0128151841E-1	2.4916009772E+1	5.3477939546E-3
7.0663656285E-1	2.8844651714E+1	5.3622800116E-3
7.1200604856E-1	3.3103021901E+1	5.3766764577E-3
7.1738988581E-1	3.7387523181E+1	5.3909830523E-3
7.2278798463E-1	4.1437082341E+1	5.4051995564E-3
7.2820025482E-1	4.5049123034E+1	5.4193257323E-3
7.3362660591E-1	4.8090271314E+1	5.4333613439E-3
7.3906694724E-1	5.0501209404E+1	5.4473061568E-3
7.4452118788E-1	5.2295531559E+1	5.4611599379E-3
7.4998923669E-1	5.3552886995E+1	5.4749224557E-3
7.5547100229E-1	5.4407085677E+1	5.4885934801E-3
7.6096639308E-1	5.5030169407E+1	5.5021727828E-3
7.6647531721E-1	5.5613699879E+1	5.5156601367E-3
7.7199768263E-1	5.6348685530E+1	5.5290553166E-3
7.7753339704E-1	5.7405662362E+1	5.5423580985E-3
7.8308236795E-1	5.8916460996E+1	5.5555682601E-3
7.8864450262E-1	6.0959121851E+1	5.5686855808E-3
7.9421970809E-1	6.3547241848E+1	5.5817098412E-3
7.9980789121E-1	6.6624728899E+1	5.5946408237E-3
8.0540895857E-1	7.0066504499E+1	5.6074783123E-3
8.1102281659E-1	7.3685168996E+1	5.6202220924E-3
8.1664937145E-1	7.7243110399E+1	5.6328719509E-3
8.2228852912E-1	8.0469097717E+1	5.6454276767E-3
8.2794019536E-1	8.3078131557E+1	5.6578890597E-3
8.3360427572E-1	8.4793236650E+1	5.6702558918E-3
8.3928067556E-1	8.5367899557E+1	5.6825279663E-3
8.4496930000E-1	8.4607861757E+1	5.6947050782E-3
8.5067005399E-1	8.2390892085E+1	5.7067870238E-3
8.5638284226E-1	7.8683013082E+1	5.7187736014E-3
8.6210756934E-1	7.3549595509E+1	5.7306646105E-3
8.6784413956E-1	6.7159951010E+1	5.7424598526E-3
8.7359245705E-1	5.9784624543E+1	5.7541591304E-3
8.7935242576E-1	5.1785393655E+1	5.7657622485E-3
8.8512394943E-1	4.3598737576E+1	5.7772690129E-3
8.9090693161E-1	3.5713967803E+1	5.7886792314E-3
8.9670127565E-1	2.8647224640E+1	5.7999927133E-3
9.0250688473E-1	2.2912318891E+1	5.8112092696E-3
9.0832366182E-1	1.8989290354E+1	5.8223287127E-3
9.1415150972E-1	1.7291877236E+1	5.8333508568E-3
9.1999033104E-1	1.8135872010E+1	5.8442755178E-3
9.2584002820E-1	2.1711219251E+1	5.8551025132E-3
9.3170050345E-1	2.8061061774E+1	5.8658316618E-3
9.3757165885E-1	3.7070219374E+1	5.8764627846E-3
9.4345339628E-1	4.8463818770E+1	5.8869957037E-3
9.4934561746E-1	6.1814905403E+1	5.8974302433E-3
9.5524822392E-1	7.6559283136E+1	5.9077662288E-3
9.6116111701E-1	9.2017220067E+1	5.9180034877E-3
9.6708419793E-1	1.0742378837E+2	5.9281418487E-3
9.7301736769E-1	1.2196980089E+2	5.9381811425E-3
9.7896052713E-1	1.3485195339E+2	5.9481212013E-3
9.8491357695E-1	1.4532581602E+2	5.9579618591E-3
9.9087641766E-1	1.5275349041E+2	5.9677029512E-3
9.9684894961E-1	1.5664184942E+2	5.9773443150E-3
1.0028310730E+0	1.5667383075E+2	5.9868857894E-3
1.0088226878E+0	1.5273685455E+2	5.9963272149E-3
1.0148236940E+0	1.4494614428E+2	6.0056684336E-3
1.0208339913E+0	1.3365326457E+2	6.0149092896E-3
1.0268534791E+0	1.1943164185E+2	6.0240496283E-3
1.0328820570E+0	1.0304184810E+2	6.0330892971E-3
1.0389196241E+0	8.5388040873E+1	6.0420281448E-3
1.0449660796E+0	6.7472571951E+1	6.0508660221E-3
1.0510213224E+0	5.0344279478E+1	6.0596027814E-3
1.0570852514E+0	3.5033894141E+1	6.0682382765E-3
1.0631577652E+0	2.2481943178E+1	6.0767723631E-3
1.0692387623E+0	1.3474545767E+1	6.0852048988E-3
1.0753281411E+0	8.5955892316E+0	6.0935357425E-3
1.0814257998E+0	8.1897016313E+0	6.1017647550E-3
1.0875316366E+0	1.2331144563E+1	6.1098917988E-3
1.0936455494E+0	2.0808599297E+1	6.1179167381E-3
1.0997674360E+0	3.3138939178E+1	6.1258394388E-3
1.1058971941E+0	4.8604202837E+1	6.1336597685E-3
1.1120347214E+0	6.6292701267E+1	6.1413775965E-3
1.1181799151E+0	8.5141757918E+1	6.1489927938E-3
1.1243326727E+0	1.0400133247E+2	6.1565052331E-3
1.1304928913E+0	1.2172389852E+2	6.1639147890E-3
1.1366604679E+0	1.3725058682E+2	6.1712213376E-3
1.1428352996E+0	1.4966453094E+2	6.1784247568E-3
1.1490172830E+0	1.5822631602E+2	6.1855249261E-3
1.1552063150E+0	1.6242497657E+2	6.1925217271E-3
1.1614022920E+0	1.6203486329E+2	6.1994150427E-3
1.1676051105E+0	1.5713087871E+2	6.2062047577E-3
1.1738146669E+0	1.4805057667E+2	6.2128907587E-3
1.1800308574E+0	1.3534973324E+2	6.2194729339E-3
1.1862535782E+0	1.1978228747E+2	6.2259511734E-3
1.1924827251E+0	1.0227054070E+2	6.2323253688E-3
1.1987181942E+0	8.3828681581E+1	6.2385954138E-3
1.2049598812E+0	6.5469237414E+1	6.2447612034E-3
1.2112076818E+0	4.8143765388E+1	6.2508226346E-3
1.2174614916E+0	3.2710221532E+1	6.2567796062E-3
1.2237212062E+0	1.9885772927E+1	6.2626320186E-3
1.2299867208E+0	1.0190768752E+1	6.2683797740E-3
1.2362579308E+0	3.9249310288E+0	6.2740227763E-3
1.2425347314E+0	1.1770662631E+0	6.2795609313E-3
1.2488170177E+0	1.8352130691E+0	6.2849941464E-3
1.2551046847E+0	5.5967246396E+0	6.2903223308E-3
1.2613976273E+0	1.2003056129E+1	6.2955453954E-3
1.2676957404E+0	2.0488951279E+1	6.3006632530E-3
1.2739989187E+0	3.0417263167E+1	6.3056758180E-3
1.2803070569E+0	4.1111020231E+1	6.3105830068E-3
1.2866200496E+0	5.1906452552E+1	6.3153847371E-3
1.2929377912E+0	6.2201948155E+1	6.3200809290E-3
1.2992601762E+0	7.1470615451E+1	6.3246715037E-3
1.3055870990E+0	7.9263981242E+1	6.3291563847E-3
1.3119184537E+0	8.5241861211E+1	6.3335354970E-3
1.3182541347E+0	8.9196666618E+1	6.3378087674E-3
1.3245940360E+0	9.1033751927E+1	6.3419761245E-3
1.3309380516E+0	9.0742844822E+1	6.3460374987E-3
1.3372860756E+0	8.8403853798E+1	6.3499928220E-3
1.3436380019E+0	8.4195313852E+1	6.3538420284E-3
1.3499937243E+0	7.8365049795E+1	6.3575850535E-3
1.3563531366E+0	7.1195529484E+1	6.3612218349E-3
1.3627161325E+0	6.3003575799E+1	6.3647523117E-3
1.3690826057E+0	5.4145828775E+1	6.3681764249E-3
1.3754524499E+0	4.4995708079E+1	6.3714941173E-3
1.3818255585E+0	3.5917288533E+1	6.3747053335E-3
1.3882018250E+0	2.7263449934E+1	6.3778100198E-3
1.3945811430E+0	1.9375865514E+1	6.3808081243E-3
1.4009634057E+0	1.2566077014E+1	6.3836995970E-3
1.4073485066E+0	7.0959659138E+0	6.3864843894E-3
1.4137363389E+0	3.1716344519E+0	6.3891624551E-3
1.4201267959E+0	9.3725746525E-1	6.3917337493E-3
1.4265197708E+0	4.6199239795E-1	6.3941982290E-3
1.4329151568E+0	1.7307572386E+0	6.3965558531E-3
1.4393128469E+0	4.6434174499E+0	6.3988065821E-3
1.4457127343E+0	9.0175060356E+0	6.4009503785E-3
1.4521147120E+0	1.4593640592E+1	6.4029872063E-3
1.4585186731E+0	2.1045910107E+1	6.4049170317E-3
1.4649245104E+0	2.7998178004E+1	6.4067398222E-3
1.4713321170E+0	3.5046125801E+1	6.4084555476E-3
1.4777413858E+0	4.1781015243E+1	6.4100641790E-3
1.4841522097E+0	4.7811577918E+1	6.4115656896E-3
1.4905644815E+0	5.2787722475E+1	6.4129600544E-3
1.4969780940E+0	5.6426251669E+1	6.4142472499E-3
1.5033929402E+0	5.8528383144E+1	6.4154272548E-3
1.5098089128E+0	5.8986980267E+1	6.4165000493E-3
1.5162259046E+0	5.7793449835E+1	6.4174656154E-3
1.5226438083E+0	5.5042035361E+1	6.4183239370E-3
1.5290625167E+0	5.0919271807E+1	6.4190749998E-3
1.5354819225E+0	4.5684007834E+1	6.4197187912E-3
1.5419019185E+0	3.9651239411E+1	6.4202553005E-3
1.5483223974E+0	3.3173836654E+1	6.4206845187E-3
1.5547432518E+0	2.6613862094E+1	6.4210064386E-3
1.5611643745E+0	2.0314861825E+1	6.4212210549E-3
1.5675856581E+0	1.4583754035E+1	6.4213283639E-3
1.5740069954E+0	9.6739097769E+0	6.4213283639E-3
1.5804282791E+0	5.7681298311E+0	6.4212210549E-3
1.5868494018E+0	2.9712668949E+0	6.4210064386E-3
1.5932702562E+0	1.3107836286E+0	6.4206845187E-3
1.5996907351E+0	7.3868186060E-1	6.4202553005E-3
1.6061107310E+0	1.1401583009E+0	6.4197187912E-3
1.6125301369E+0	2.3503897688E+0	6.4190749998E-3
1.6189488453E+0	4.1689661211E+0	6.4183239370E-3
1.6253667490E+0	6.3727584738E+0	6.4174656154E-3
1.6317837408E+0	8.7368767614E+0	6.4165000493E-3
1.6381997134E+0	1.1055406087E+1	6.4154272548E-3
1.6446145595E+0	1.3149131988E+1	6.4142472499E-3
1.6510281721E+0	1.4870920470E+1	6.4129600544E-3
1.6574404439E+0	1.6119489738E+1	6.4115656896E-3
1.6638512678E+0	1.6846289147E+1	6.4100641790E-3
1.6702605366E+0	1.7045688000E+1	6.4084555476E-3
1.6766681432E+0	1.6746732371E+1	6.4067398222E-3
1.6830739805E+0	1.6015346023E+1	6.4049170317E-3
1.6894779416E+0	1.4948251532E+1	6.4029872063E-3
1.6958799193E+0	1.3653031209E+1	6.4009503785E-3
1.7022798067E+0	1.2235455371E+1	6.3988065821E-3
1.7086774968E+0	1.0799626122E+1	6.3965558531E-3
1.7150728827E+0	9.4413738999E+0	6.3941982290E-3
1.7214658576E+0	8.2321737887E+0	6.3917337493E-3
1.7278563146E+0	7.2137089722E+0	6.3891624551E-3
1.7342441470E+0	6.4054307706E+0	6.3864843894E-3
1.7406292478E+0	5.8063716572E+0	6.3836995970E-3
1.7470115106E+0	5.3898113214E+0	6.3808081243E-3
1.7533908286E+0	5.1079076986E+0	6.3778100198E-3
1.7597670951E+0	4.9062291255E+0	6.3747053335E-3
1.7661402037E+0	4.7316658268E+0	6.3714941173E-3
1.7725100479E+0	4.5332528327E+0	6.3681764249E-3
1.7788765211E+0	4.2691748767E+0	6.3647523117E-3
1.7852395170E+0	3.9182457240E+0	6.3612218349E-3
1.7915989293E+0	3.4834009230E+0	6.3575850535E-3
1.7979546517E+0	2.9886028492E+0	6.3538420284E-3
1.8043065780E+0	2.4783339466E+0	6.3499928220E-3
1.8106546020E+0	2.0167330714E+0	6.3460374987E-3
1.8169986176E+0	1.6798069197E+0	6.3419761245E-3
1.8233385189E+0	1.5455057789E+0	6.3378087674E-3
1.8296741999E+0	1.6866373878E+0	6.3335354970E-3
1.8360055546E+0	2.1616263114E+0	6.3291563847E-3
1.8423324774E+0	3.0023241104E+0	6.3246715037E-3
1.8486548624E+0	4.2076975738E+0	6.3200809290E-3
1.8549726040E+0	5.7441813757E+0	6.3153847371E-3
1.8612855967E+0	7.5434843017E+0	6.3105830068E-3
1.8675937349E+0	9.4995804333E+0	6.3056758180E-3
1.8738969132E+0	1.1476832722E+1	6.3006632530E-3
1.8801950263E+0	1.3327213310E+1	6.2955453954E-3
1.8864879689E+0	1.4902218306E+1	6.2903223308E-3
1.8927756359E+0	1.6059443312E+1	6.2849941464E-3
1.8990579222E+0	1.6677142119E+1	6.2795609313E-3
1.9053347228E+0	1.6675582718E+1	6.2740227763E-3
1.9116059328E+0	1.6028997442E+1	6.2683797740E-3
1.9178714474E+0	1.4764862263E+1	6.2626320186E-3
1.9241311620E+0	1.2963358811E+1	6.2567796062E-3
1.9303849718E+0	1.0760083628E+1	6.2508226346E-3
1.9366327724E+0	8.3400852826E+0	6.2447612034E-3
1.9428744594E+0	5.9192545540E+0	6.2385954138E-3
1.9491099285E+0	3.7237623753E+0	6.2323253688E-3
1.9553390754E+0	1.9736144393E+0	6.2259511734E-3
1.9615617961E+0	8.6462518941E-1	6.2194729339E-3
1.9677779867E+0	5.4691645755E-1	6.2128907587E-3
1.9739875431E+0	1.1079831360E+0	6.2062047577E-3
1.9801903616E+0	2.5647728446E+0	6.1994150427E-3
1.9863863386E+0	4.8600999058E+0	6.1925217271E-3
1.9925753706E+0	7.8617285383E+0	6.1855249261E-3
1.9987573540E+0	1.1370427210E+1	6.1784247568E-3
2.0049321857E+0	1.5139202399E+1	6.1712213376E-3
2.0110997623E+0	1.8895750875E+1	6.1639147890E-3
2.0172599809E+0	2.2361785651E+1	6.1565052331E-3
2.0234127385E+0	2.5273167212E+1	6.1489927938E-3
2.0295579322E+0	2.7405277899E+1	6.1413775965E-3
2.0356954595E+0	2.8597577410E+1	6.1336597685E-3
2.0418252176E+0	2.8767382873E+1	6.1258394388E-3
2.0479471042E+0	2.7912141138E+1	6.1179167381E-3
2.0540610170E+0	2.6107323371E+1	6.1098917988E-3
2.0601668538E+0	2.3502601298E+1	6.1017647550E-3
2.0662645125E+0	2.0311175787E+1	6.0935357425E-3
2.0723538913E+0	1.6788841344E+1	6.0852048988E-3
2.0784348884E+0	1.3207555579E+1	6.0767723631E-3
2.0845074022E+0	9.8308320261E+0	6.0682382765E-3
2.0905713312E+0	6.8930239174E+0	6.0596027814E-3
2.0966265740E+0	4.5805852048E+0	6.0508660221E-3
2.1026730295E+0	3.0158564096E+0	6.0420281448E-3
2.1087105966E+0	2.2475194916E+0	6.0330892971E-3
2.1147391745E+0	2.2504496033E+0	6.0240496283E-3
2.1207586623E+0	2.9332979478E+0	6.0149092896E-3
2.1267689596E+0	4.1507135921E+0	6.0056684336E-3
2.1327699657E+0	5.7194046756E+0	5.9963272149E-3
2.1387615806E+0	7.4386370183E+0	5.9868857894E-3
2.1447437040E+0	9.1136751921E+0	5.9773443150E-3
2.1507162359E+0	1.0577914858E+1	5.9677029512E-3
2.1566790766E+0	1.1709770698E+1	5.9579618591E-3
2.1626321265E+0	1.2443289235E+1	5.9481212013E-3
2.1685752859E+0	1.2773390220E+1	5.9381811425E-3
2.1745084557E+0	1.2755915022E+1	5.9281418487E-3
2.1804315366E+0	1.2501247195E+1	5.9180034877E-3
2.1863444297E+0	1.2160751483E+1	5.9077662288E-3
2.1922470361E+0	1.1907565671E+1	5.8974302433E-3
2.1981392573E+0	1.1915064236E+1	5.8869957037E-3
2.2040209947E+0	1.2336049034E+1	5.8764627846E-3
2.2098921501E+0	1.3284252616E+1	5.8658316618E-3
2.2157526254E+0	1.4818934494E+1	5.8551025132E-3
2.2216023226E+0	1.6933848699E+1	5.8442755178E-3
2.2274411439E+0	1.9552581285E+1	5.8333508568E-3
2.2332689918E+0	2.2531857197E+1	5.8223287127E-3
2.2390857689E+0	2.5672788581E+1	5.8112092696E-3
2.2448913779E+0	2.8738297004E+1	5.7999927133E-3
2.2506857220E+0	3.1474207841E+1	5.7886792314E-3
2.2564687042E+0	3.3631885162E+1	5.7772690129E-3
2.2622402278E+0	3.4990945695E+1	5.7657622485E-3
2.2680001965E+0	3.5380759285E+1	5.7541591304E-3
2.2737485140E+0	3.4699024338E+1	5.7424598526E-3
2.2794850843E+0	3.2925262904E+1	5.7306646105E-3
2.2852098113E+0	3.0127225060E+1	5.7187736014E-3
2.2909225996E+0	2.6459071522E+1	5.7067870238E-3
2.2966233536E+0	2.2151451407E+1	5.6947050782E-3
2.3023119780E+0	1.7494679204E+1	5.6825279663E-3
2.3079883779E+0	1.2816827219E+1	5.6702558918E-3
2.3136524582E+0	8.4587181885E+0	5.6578890597E-3
2.3193041245E+0	4.7477627529E+0	5.6454276767E-3
2.3249432821E+0	1.9725465512E+0	5.6328719509E-3
2.3305698370E+0	3.6007649800E-1	5.6202220924E-3
2.3361836950E+0	5.7544895733E-2	5.6074783123E-3
2.3417847624E+0	1.1202319917E+0	5.5946408237E-3
2.3473729455E+0	3.5066836208E+0	5.5817098412E-3
2.3529481510E+0	7.0816210226E+0	5.5686855808E-3
2.3585102856E+0	1.1626287837E+1	5.5555682601E-3
2.3640592565E+0	1.6855247249E+1	5.5423580985E-3
2.3695949710E+0	2.2438103076E+1	5.5290553166E-3
2.3751173364E+0	2.8024270035E+1	5.5156601367E-3
2.3806262605E+0	3.3268756853E+1	5.5021727828E-3
2.3861216513E+0	3.7856929825E+1	5.4885934801E-3
2.3916034169E+0	4.1526371773E+1	5.4749224557E-3
2.3970714657E+0	4.4084225739E+1	5.4611599379E-3
2.4025257064E+0	4.5418797337E+1	5.4473061568E-3
2.4079660477E+0	4.5504663014E+1	5.4333613439E-3
2.4133923988E+0	4.4401059732E+1	5.4193257323E-3
2.4188046690E+0	4.2243873340E+1	5.4051995564E-3
2.4242027678E+0	3.9232050081E+1	5.3909830523E-3
2.4295866050E+0	3.5609684157E+1	5.3766764577E-3
2.4349560907E+0	3.1645347108E+1	5.3622800116E-3
2.4403111352E+0	2.7610397919E+1	5.3477939546E-3
2.4456516489E+0	2.3758036823E+1	5.3332185287E-3
2.4509775425E+0	2.0304744345E+1	5.3185539776E-3
2.4562887272E+0	1.7415497175E+1	5.3038005463E-3
2.4615851141E+0	1.5193799762E+1	5.2889584814E-3
2.4668666147E+0	1.3677148124E+1	5.2740280309E-3
2.4721331408E+0	1.2838087055E+1	5.2590094442E-3
2.4773846043E+0	1.2590571038E+1	5.2439029725E-3
2.4826209175E+0	1.2800928120E+1	5.2287088681E-3
2.4878419929E+0	1.3302385389E+1	5.2134273849E-3
2.4930477432E+0	1.3911868272E+1	5.1980587783E-3
2.4982380815E+0	1.4447649170E+1	5.1826033052E-3
2.5034129210E+0	1.4746400154E+1	5.1670612238E-3
2.5085721752E+0	1.4678296674E+1	5.1514327939E-3
2.5137157579E+0	1.4159012735E+1	5.1357182766E-3
2.5188435831E+0	1.3157724117E+1	5.1199179345E-3
2.5239555652E+0	1.1700570343E+1	5.1040320318E-3
2.5290516187E+0	9.8693905384E+0	5.0880608338E-3
2.5341316585E+0	7.7959143490E+0	5.0720046074E-3
2.5391955997E+0	5.6519289138E+0	5.0558636210E-3
2.5442433576E+0	3.6362322469E+0	5.0396381444E-3
2.5492748479E+0	1.9594027480E+0	5.0233284486E-3
2.5542899865E+0	8.2755049383E-1	5.0069348063E-3
2.5592886896E+0	4.2626205965E-1	4.9904574913E-3
2.5642708737E+0	9.0590714222E-1	4.9738967791E-3
2.5692364555E+0	2.3693491608E+0	4.9572529464E-3
2.5741853520E+0	4.8629059018E+0	4.9405262713E-3
2.5791174805E+0	8.3711571463E+0	4.9237170334E-3
2.5840327586E+0	1.2815913967E+1	4.9068255135E-3
2.5889311042E+0	1.8059370235E+1	4.8898519940E-3
2.5938124354E+0	2.3911171491E+1	4.8727967585E-3
2.5986766706E+0	3.0138878880E+1	4.8556600920E-3
2.6035237285E+0	3.6481092080E+1	4.8384422809E-3
2.6083535282E+0	4.2662337428E+1	4.8211436130E-3
2.6131659889E+0	4.8408733747E+1	4.8037643772E-3
2.6179610302E+0	5.3463423103E+1	4.7863048641E-3
2.6227385719E+0	5.7600796528E+1	4.7687653653E-3
2.6274985343E+0	6.0638653114E+1	4.7511461741E-3
2.6322408378E+0	6.2447595879E+1	4.7334475849E-3
2.6369654032E+0	6.2957178090E+1	4.7156698934E-3
2.6416721513E+0	6.2158550118E+1	4.6978133967E-3
2.6463610038E+0	6.0103596537E+1	4.6798783932E-3
2.6510318821E+0	5.6900769864E+1	4.6618651826E-3
2.6556847082E+0	5.2707999825E+1	4.6437740661E-3
2.6603194043E+0	4.7723174992E+1	4.6256053458E-3
2.6649358931E+0	4.2172767149E+1	4.6073593254E-3
2.6695340973E+0	3.6299222790E+1	4.5890363098E-3
2.6741139402E+0	3.0347811264E+1	4.5706366053E-3
2.6786753451E+0	2.4553701209E+1	4.5521605193E-3
2.6832182358E+0	1.9130102142E+1	4.5336083606E-3
2.6877425365E+0	1.4258281428E+1	4.5149804392E-3
2.6922481716E+0	1.0080078984E+1	4.4962770664E-3
2.6967350656E+0	6.6931966090E+0	4.4774985548E-3
2.7012031437E+0	4.1491558220E+0	4.4586452181E-3
2.7056523312E+0	2.4535937077E+0	4.4397173715E-3
2.7100825537E+0	1.5686280397E+0	4.4207153312E-3
2.7144937373E+0	1.4172769939E+0	4.4016394148E-3
2.7188858081E+0	1.8900440705E+0	4.3824899412E-3
2.7232586927E+0	2.8534755848E+0	4.3632672302E-3
2.7276123182E+0	4.1598482919E+0	4.3439716031E-3
2.7319466117E+0	5.6567059689E+0	4.3246033825E-3
2.7362615009E+0	7.1953135087E+0	4.3051628919E-3
2.7405569135E+0	8.6381067434E+0	4.2856504563E-3
2.7448327779E+0	9.8658789081E+0	4.2660664016E-3
2.7490890226E+0	1.0784809269E+1	4.2464110553E-3
2.7533255764E+0	1.1331954263E+1	4.2266847457E-3
2.7575423685E+0	1.1477350598E+1	4.2068878026E-3
2.7617393285E+0	1.1222614583E+1	4.1870205567E-3
2.7659163863E+0	1.0598281228E+1	4.1670833400E-3
2.7700734720E+0	9.6619923288E+0	4.1470764858E-3
2.7742105162E+0	8.4965820137E+0	4.1270003283E-3
2.7783274497E+0	7.2050854849E+0	4.1068552032E-3
2.7824242037E+0	5.9022324127E+0	4.0866414469E-3
2.7865007098E+0	4.7061215818E+0	4.0663593974E-3
2.7905568999E+0	3.7330555772E+0	4.0460093936E-3
2.7945927061E+0	3.0933316497E+0	4.0255917754E-3
2.7986080610E+0	2.8845567547E+0	4.0051068843E-3
2.8026028975E+0	3.1845755598E+0	3.9845550624E-3
2.8065771489E+0	4.0485516058E+0	3.9639366533E-3
2.8105307487E+0	5.5083405770E+0	3.9432520014E-3
2.8144636309E+0	7.5690331695E+0	3.9225014525E-3
2.8183757298E+0	1.0206016799E+1	3.9016853533E-3
2.8222669799E+0	1.3369599319E+1	3.8808040517E-3
2.8261373163E+0	1.6991217925E+1	3.8598578967E-3
2.8299866742E+0	2.0980776912E+1	3.8388472382E-3
2.8338149894E+0	2.5224785894E+1	3.8177724274E-3
2.8376221978E+0	2.9599654891E+1	3.7966338166E-3
2.8414082359E+0	3.3983911758E+1	3.7754317588E-3
2.8451730403E+0	3.8250392137E+1	3.7541666086E-3
2.8489165482E+0	4.2263698881E+1	3.7328387211E-3
2.8526386969E+0	4.5903078059E+1	3.7114484529E-3
2.8563394244E+0	4.9071445398E+1	3.6899961614E-3
2.8600186687E+0	5.1675144184E+1	3.6684822051E-3
2.8636763684E+0	5.3629505181E+1	3.6469069436E-3
2.8673124623E+0	5.4888252781E+1	3.6252707373E-3
2.8709268897E+0	5.5429502419E+1	3.6035739479E-3
2.8745195901E+0	5.5232576831E+1	3.5818169379E-3
2.8780905036E+0	5.4307684340E+1	3.5600000709E-3
2.8816395704E+0	5.2703209165E+1	3.5381237115E-3
2.8851667313E+0	5.0465847384E+1	3.5161882254E-3
2.8886719273E+0	4.7655182292E+1	3.4941939790E-3
2.8921550998E+0	4.4368637643E+1	3.4721413399E-3
2.8956161906E+0	4.0699355010E+1	3.4500306767E-3
2.8990551419E+0	3.6736227036E+1	3.4278623588E-3
2.9024718962E+0	3.2596600524E+1	3.4056367567E-3
2.9058663965E+0	2.8387263309E+1	3.3833542419E-3
2.9092385859E+0	2.4199654688E+1	3.3610151867E-3
2.9125884081E+0	2.0142154452E+1	3.3386199643E-3
2.9159158072E+0	1.6303565435E+1	3.3161689492E-3
2.9192207275E+0	1.2754291014E+1	3.2936625164E-3
2.9225031139E+0	9.5707831582E+0	3.2711010421E-3
2.9257629114E+0	6.8028162365E+0	3.2484849032E-3
2.9290000656E+0	4.4862623036E+0	3.2258144779E-3
2.9322145224E+0	2.6521284988E+0	3.2030901448E-3
2.9354062280E+0	1.3060766248E+0	3.1803122838E-3
2.9385751292E+0	4.4598010930E-1	3.1574812755E-3
2.9417211730E+0	5.6497438476E-2	3.1345975014E-3
2.9448443068E+0	1.0864299840E-1	3.1116613440E-3
2.9479444784E+0	5.6471348983E-1	3.0886731866E-3
2.9510216360E+0	1.3781663575E+0	3.0656334132E-3
2.9540757281E+0	2.4974573740E+0	3.0425424091E-3
2.9571067038E+0	3.8611635344E+0	3.0194005599E-3
2.9601145124E+0	5.4142121243E+0	2.9962082525E-3
2.9630991036E+0	7.0894088087E+0	2.9729658744E-3
2.9660604276E+0	8.8293644250E+0	2.9496738141E-3
2.9689984348E+0	1.0575872903E+1	2.9263324607E-3
2.9719130762E+0	1.2269037746E+1	2.9029422044E-3
2.9748043031E+0	1.3867975223E+1	2.8795034361E-3
2.9776720671E+0	1.5316840657E+1	2.8560165473E-3
2.9805163203E+0	1.6590674647E+1	2.8324819307E-3
2.9833370151E+0	1.7647948334E+1	2.8088999795E-3
2.9861341046E+0	1.8474548134E+1	2.7852710878E-3
2.9889075418E+0	1.9050296809E+1	2.7615956505E-3
2.9916572805E+0	1.9368676027E+1	2.7378740632E-3
2.9943832747E+0	1.9431830214E+1	2.7141067224E-3
2.9970854788E+0	1.9240216010E+1	2.6902940251E-3
2.9997638477E+0	1.8814716122E+1	2.6664363695E-3
3.0024183367E+0	1.8162991835E+1	2.6425341541E-3
3.0050489013E+0	1.7319215268E+1	2.6185877784E-3
3.0076554977E+0	1.6297771780E+1	2.5945976426E-3
3.0102380822E+0	1.5140618447E+1	2.5705641475E-3
3.0127966116E+0	1.3867293566E+1	2.5464876949E-3
3.0153310434E+0	1.2522652596E+1	2.5223686871E-3
3.0178413350E+0	1.1129180016E+1	2.4982075270E-3
3.0203274445E+0	9.7304049793E+0	2.4740046186E-3
3.0227893304E+0	8.3495848910E+0	2.4497603662E-3
3.0252269516E+0	7.0252872329E+0	2.4254751751E-3
3.0276402673E+0	5.7798293458E+0	2.4011494510E-3
3.0300292371E+0	4.6439148841E+0	2.3767836004E-3
3.0323938212E+0	3.6376007812E+0	2.3523780306E-3
3.0347339801E+0	2.7820604073E+0	2.3279331494E-3
3.0370496746E+0	2.0936148952E+0	2.3034493653E-3
3.0393408660E+0	1.5841214261E+0	2.2789270875E-3
3.0416075160E+0	1.2640356580E+0	2.2543667257E-3
3.0438495869E+0	1.1379614030E+0	2.2297686905E-3
3.0460670410E+0	1.2083401236E+0	2.2051333928E-3
3.0482598414E+0	1.4747068397E+0	2.1804612443E-3
3.0504279513E+0	1.9316273469E+0	2.1557526574E-3
3.0525713347E+0	2.5731004880E+0	2.1310080450E-3
3.0546899556E+0	3.3899200184E+0	2.1062278206E-3
3.0567837786E+0	4.3676528131E+0	2.0814123983E-3
3.0588527688E+0	5.4976889353E+0	2.0565621928E-3
3.0608968915E+0	6.7583595308E+0	2.0316776194E-3
3.0629161127E+0	8.1384414883E+0	2.0067590939E-3
3.0649103985E+0	9.6190234275E+0	1.9818070327E-3
3.0668797157E+0	1.1177967759E+1	1.9568218529E-3
3.0688240313E+0	1.2805521842E+1	1.9318039720E-3
3.0707433129E+0	1.4474010044E+1	1.9067538080E-3
3.0726375283E+0	1.6169789521E+1	1.8816717796E-3
3.0745066460E+0	1.7878741872E+1	1.8565583060E-3
3.0763506346E+0	1.9573504208E+1	1.8314138067E-3
3.0781694634E+0	2.1248205675E+1	1.8062387021E-3
3.0799631019E+0	2.2884952224E+1	1.7810334128E-3
3.0817315203E+0	2.4462016747E+1	1.7557983600E-3
3.0834746889E+0	2.5978624105E+1	1.7305339655E-3
3.0851925786E+0	2.7417131919E+1	1.7052406515E-3
3.0868851607E+0	2.8761513080E+1	1.6799188405E-3
3.0885524069E+0	3.0015152365E+1	1.6545689559E-3
3.0901942894E+0	3.1164405172E+1	1.6291914212E-3
3.0918107807E+0	3.2196593091E+1	1.6037866605E-3
3.0934018538E+0	3.3118765814E+1	1.5783550984E-3
3.0949674821E+0	3.3924403249E+1	1.5528971598E-3
3.0965076394E+0	3.4601968541E+1	1.5274132703E-3
3.0980223001E+0	3.5159722369E+1	1.5019038556E-3
3.0995114388E+0	3.5600812372E+1	1.4763693421E-3
3.1009750306E+0	3.5915583518E+1	1.4508101565E-3
3.1024130510E+0	3.6108428815E+1	1.4252267258E-3
3.1038254761E+0	3.6191158880E+1	1.3996194778E-3
3.1052122822E+0	3.6161594535E+1	1.3739888402E-3
3.1065734461E+0	3.6017405341E+1	1.3483352414E-3
3.1079089451E+0	3.5770367047E+1	1.3226591101E-3
3.1092187570E+0	3.5430314300E+1	1.2969608754E-3
3.1105028597E+0	3.4995853846E+1	1.2712409668E-3
3.1117612318E+0	3.4469356974E+1	1.2454998140E-3
3.1129938524E+0	3.3863420849E+1	1.2197378472E-3
3.1142007007E+0	3.3187846842E+1	1.1939554970E-3
3.1153817567E+0	3.2443738148E+1	1.1681531941E-3
3.1165370006E+0	3.1633717226E+1	1.1423313699E-3
3.1176664131E+0	3.0768118518E+1	1.1164904558E-3
3.1187699753E+0	2.9857759304E+1	1.0906308836E-3
3.1198476688E+0	2.8907049163E+1	1.0647530855E-3
3.1208994755E+0	2.7917633838E+1	1.0388574939E-3
3.1219253780E+0	2.6895112547E+1	1.0129445417E-3
3.1229253590E+0	2.5848863201E+1	9.8701466182E-4
3.1238994018E+0	2.4786691913E+1	9.6106828758E-4
3.1248474902E+0	2.3712223869E+1	9.3510585261E-4
3.1257696083E+0	2.2627514637E+1	9.0912779076E-4
3.1266657407E+0	2.1536581656E+1	8.8313453619E-4
3.1275358724E+0	2.0445734187E+1	8.5712652325E-4
3.1283799890E+0	1.9361185410E+1	8.3110418659E-4
3.1291980762E+0	1.8287051726E+1	8.0506796108E-4
3.1299901204E+0	1.7225521519E+1	7.7901828182E-4
3.1307561084E+0	1.6178422546E+1	7.5295558414E-4
3.1314960274E+0	1.5148448116E+1	7.2688030358E-4
3.1322098650E+0	1.4139165232E+1	7.0079287589E-4
3.1328976092E+0	1.3154186627E+1	6.7469373705E-4
3.1335592487E+0	1.2196379418E+1	6.4858332323E-4
3.1341947723E+0	1.1267643379E+1	6.2246207073E-4
3.1348041694E+0	1.0369214209E+1	5.9633041614E-4
3.1353874298E+0	9.5021321791E+0	5.7018879612E-4
3.1359445438E+0	8.6675572292E+0	5.4403764760E-4
3.1364755020E+0	7.8668250804E+0	5.1787740760E-4
3.1369802957E+0	7.1013206273E+0	4.9170851331E-4
3.1374589163E+0	6.3723062205E+0	4.6553140213E-4
3.1379113559E+0	5.6808060502E+0	4.3934651156E-4
3.1383376069E+0	5.0275785780E+0	4.1315427928E-4
3.1387376622E+0	4.4131567221E+0	3.8695514312E-4
3.1391115150E+0	3.8379165901E+0	3.6074954110E-4
3.1394591592E+0	3.3021420112E+0	3.3453791144E-4
3.1397805890E+0	2.8060685074E+0	3.0832069259E-4
3.1400757989E+0	2.3499049351E+0	2.8209832342E-4
3.1403447841E+0	1.9338390682E+0	2.5587124334E-4
3.1405875400E+0	1.5580352468E+0	2.2963989267E-4
3.1408040626E+0	1.2226304598E+0	2.0340471372E-4
3.1409943483E+0	9.2773235118E-1	1.7716615272E-4
3.1411583939E+0	6.7342018004E-1	1.5092466531E-4
3.1412961968E+0	4.5974826845E-1	1.2468073282E-4
3.1414077547E+0	2.8675085335E-1	9.8434919423E-5
3.1414930663E+0	1.5444712819E-1	7.2188137769E-5
3.1415521316E+0	6.2844657492E-2	4.5943520243E-5
3.1415849628E+0	1.1927431693E-2	1.9736940383E-5