# Differential cross section		
# Author: P. Swaczyna	Princeton University	(swaczyna@princeton.edu)
# Date: 	Wed 17 Feb 2021 11:28:58	
# 		
# Elastic collision: He^0 + He^+ -> He^0 + He^+		
# 		
# Red. mass: 	1.8640723202E+9	 eV/c^2
# CM energy: 	1.0471285481E-4	 eV
# Rel speed: 	1.0048571382E+4	 cm/s
# Tot sigma: 	N/A	 a.u.
# Int sigma: 	6.1353710041E+3	 a.u.
# 		
# Columns:		
# the <- scattering angle (rad)		
# dcs <- dsigma/dOmega*2*pi*sin(the) (a.u. = 2.8002852056E-17 cm^2)		
# wei <- weight for cross section integration (approx. width of angle bin)		
# 		
# the	dcs	wei
7.6907532846E-6	9.3376425427E-1	1.9736940383E-5
4.0521979771E-5	4.9199286460E+0	4.5943520243E-5
9.9587300392E-5	1.2091243816E+1	7.2188137769E-5
1.8489884726E-4	2.2449046997E+1	9.8434919423E-5
2.9645680168E-4	3.5992979057E+1	1.2468073282E-4
4.3425968311E-4	5.2722032087E+1	1.5092466531E-4
5.9830531657E-4	7.2634403669E+1	1.7716615272E-4
7.8859101285E-4	9.5727194795E+1	2.0340471372E-4
1.0051136166E-3	1.2199603225E+2	2.2963989267E-4
1.2478695220E-3	1.5143462979E+2	2.5587124334E-4
1.5168546797E-3	1.8403429410E+2	2.8209832342E-4
1.8120645986E-3	2.1978338097E+2	3.0832069259E-4
2.1334943481E-3	2.5866670847E+2	3.3453791144E-4
2.4811385584E-3	3.0066493584E+2	3.6074954110E-4
2.8549914211E-3	3.4575391922E+2	3.8695514312E-4
3.2550466893E-3	3.9390405821E+2	4.1315427928E-4
3.6812976783E-3	4.4507965018E+2	4.3934651156E-4
4.1337372652E-3	4.9923827250E+2	4.6553140213E-4
4.6123578895E-3	5.5633021594E+2	4.9170851331E-4
5.1171515529E-3	6.1629799556E+2	5.1787740760E-4
5.6481098199E-3	6.7907596790E+2	5.4403764760E-4
6.2052238176E-3	7.4459008504E+2	5.7018879612E-4
6.7884842360E-3	8.1275781684E+2	5.9633041614E-4
7.3978813281E-3	8.8348827220E+2	6.2246207073E-4
8.0334049101E-3	9.5668254746E+2	6.4858332323E-4
8.6950443616E-3	1.0322343259E+3	6.7469373705E-4
9.3827886258E-3	1.1100307449E+3	7.0079287589E-4
1.0096626210E-2	1.1899535389E+3	7.2688030358E-4
1.0836545184E-2	1.2718804530E+3	7.5295558414E-4
1.1602533184E-2	1.3556869082E+3	7.7901828182E-4
1.2394577408E-2	1.4412478841E+3	8.0506796108E-4
1.3212664621E-2	1.5284399636E+3	8.3110418659E-4
1.4056781152E-2	1.6171434705E+3	8.5712652325E-4
1.4926912893E-2	1.7072446087E+3	8.8313453619E-4
1.5823045305E-2	1.7986374986E+3	9.0912779076E-4
1.6745163410E-2	1.8912259948E+3	9.3510585261E-4
1.7693251801E-2	1.9849251592E+3	9.6106828758E-4
1.8667294632E-2	2.0796622681E+3	9.8701466182E-4
1.9667275626E-2	2.1753772360E+3	1.0129445417E-3
2.0693178073E-2	2.2720223580E+3	1.0388574939E-3
2.1744984827E-2	2.3695612992E+3	1.0647530855E-3
2.2822678313E-2	2.4679672963E+3	1.0906308836E-3
2.3926240519E-2	2.5672205808E+3	1.1164904558E-3
2.5055653005E-2	2.6673050884E+3	1.1423313699E-3
2.6210896896E-2	2.7682045762E+3	1.1681531941E-3
2.7391952886E-2	2.8698983292E+3	1.1939554970E-3
2.8598801239E-2	2.9723567005E+3	1.2197378472E-3
2.9831421786E-2	3.0755367791E+3	1.2454998140E-3
3.1089793929E-2	3.1793785218E+3	1.2712409668E-3
3.2373896638E-2	3.2838017090E+3	1.2969608754E-3
3.3683708455E-2	3.3887040816E+3	1.3226591101E-3
3.5019207490E-2	3.4939609815E+3	1.3483352414E-3
3.6380371427E-2	3.5994267480E+3	1.3739888402E-3
3.7767177517E-2	3.7049380104E+3	1.3996194778E-3
3.9179602586E-2	3.8103188667E+3	1.4252267258E-3
4.0617623030E-2	3.9153877571E+3	1.4508101565E-3
4.2081214817E-2	4.0199656392E+3	1.4763693421E-3
4.3570353490E-2	4.1238848720E+3	1.5019038556E-3
4.5085014162E-2	4.2269980469E+3	1.5274132703E-3
4.6625171522E-2	4.3291858842E+3	1.5528971598E-3
4.8190799831E-2	4.4303632875E+3	1.5783550984E-3
4.9781872927E-2	4.5304827183E+3	1.6037866605E-3
5.1398364219E-2	4.6295342436E+3	1.6291914212E-3
5.3040246694E-2	4.7275419065E+3	1.6545689559E-3
5.4707492914E-2	4.8245564561E+3	1.6799188405E-3
5.6400075017E-2	4.9206449023E+3	1.7052406515E-3
5.8117964718E-2	5.0158777972E+3	1.7305339655E-3
5.9861133308E-2	5.1103155158E+3	1.7557983600E-3
6.1629551657E-2	5.2039950736E+3	1.7810334128E-3
6.3423190212E-2	5.2969191224E+3	1.8062387021E-3
6.5242019000E-2	5.3890486775E+3	1.8314138067E-3
6.7086007624E-2	5.4803008284E+3	1.8565583060E-3
6.8955125270E-2	5.5705521807E+3	1.8816717796E-3
7.0849340702E-2	5.6596480923E+3	1.9067538080E-3
7.2768622264E-2	5.7474169719E+3	1.9318039720E-3
7.4712937885E-2	5.8336880906E+3	1.9568218529E-3
7.6682255070E-2	5.9183106521E+3	1.9818070327E-3
7.8676540910E-2	6.0011714067E+3	2.0067590939E-3
8.0695762079E-2	6.0822080158E+3	2.0316776194E-3
8.2739884832E-2	6.1614157580E+3	2.0565621928E-3
8.4808875009E-2	6.2388460245E+3	2.0814123983E-3
8.6902698034E-2	6.3145962847E+3	2.1062278206E-3
8.9021318917E-2	6.3887926362E+3	2.1310080450E-3
9.1164702253E-2	6.4615674165E+3	2.1557526574E-3
9.3332812224E-2	6.5330354063E+3	2.1804612443E-3
9.5525612596E-2	6.6032726435E+3	2.2051333928E-3
9.7743066726E-2	6.6723016821E+3	2.2297686905E-3
9.9985137556E-2	6.7400862305E+3	2.2543667257E-3
1.0225178762E-1	6.8065365984E+3	2.2789270875E-3
1.0454297904E-1	6.8715254722E+3	2.3034493653E-3
1.0685867352E-1	6.9349115358E+3	2.3279331494E-3
1.0919883237E-1	6.9965667272E+3	2.3523780306E-3
1.1156341648E-1	7.0564018615E+3	2.3767836004E-3
1.1395238633E-1	7.1143852962E+3	2.4011494510E-3
1.1636570200E-1	7.1705504186E+3	2.4254751751E-3
1.1880332317E-1	7.2249899137E+3	2.4497603662E-3
1.2126520909E-1	7.2778376021E+3	2.4740046186E-3
1.2375131862E-1	7.3292415072E+3	2.4982075270E-3
1.2626161023E-1	7.3793339747E+3	2.5223686871E-3
1.2879604195E-1	7.4282055614E+3	2.5464876949E-3
1.3135457143E-1	7.4758887356E+3	2.5705641475E-3
1.3393715592E-1	7.5223552951E+3	2.5945976426E-3
1.3654375226E-1	7.5675282570E+3	2.6185877784E-3
1.3917431689E-1	7.6113055030E+3	2.6425341541E-3
1.4182880585E-1	7.6535894707E+3	2.6664363695E-3
1.4450717478E-1	7.6943154433E+3	2.6902940251E-3
1.4720937892E-1	7.7334710822E+3	2.7141067224E-3
1.4993537310E-1	7.7711019394E+3	2.7378740632E-3
1.5268511179E-1	7.8073014058E+3	2.7615956505E-3
1.5545854902E-1	7.8421879161E+3	2.7852710878E-3
1.5825563845E-1	7.8758759464E+3	2.8088999795E-3
1.6107633333E-1	7.9084491738E+3	2.8324819307E-3
1.6392058653E-1	7.9399434806E+3	2.8560165473E-3
1.6678835052E-1	7.9703444694E+3	2.8795034361E-3
1.6967957737E-1	7.9995997288E+3	2.9029422044E-3
1.7259421876E-1	8.0276416125E+3	2.9263324607E-3
1.7553222599E-1	8.0544131014E+3	2.9496738141E-3
1.7849354996E-1	8.0798883980E+3	2.9729658744E-3
1.8147814117E-1	8.1040816729E+3	2.9962082525E-3
1.8448594977E-1	8.1270414280E+3	3.0194005599E-3
1.8751692548E-1	8.1488330357E+3	3.0425424091E-3
1.9057101764E-1	8.1695162969E+3	3.0656334132E-3
1.9364817522E-1	8.1891265938E+3	3.0886731866E-3
1.9674834681E-1	8.2076665750E+3	3.1116613440E-3
1.9987148058E-1	8.2251109048E+3	3.1345975014E-3
2.0301752435E-1	8.2414212701E+3	3.1574812755E-3
2.0618642554E-1	8.2565647449E+3	3.1803122838E-3
2.0937813120E-1	8.2705273984E+3	3.2030901448E-3
2.1259258799E-1	8.2833171689E+3	3.2258144779E-3
2.1582974219E-1	8.2949547649E+3	3.2484849032E-3
2.1908953970E-1	8.3054569016E+3	3.2711010421E-3
2.2237192605E-1	8.3148201665E+3	3.2936625164E-3
2.2567684639E-1	8.3230141239E+3	3.3161689492E-3
2.2900424548E-1	8.3299882385E+3	3.3386199643E-3
2.3235406772E-1	8.3356903361E+3	3.3610151867E-3
2.3572625713E-1	8.3400879101E+3	3.3833542419E-3
2.3912075735E-1	8.3431810669E+3	3.4056367567E-3
2.4253751167E-1	8.3449989204E+3	3.4278623588E-3
2.4597646298E-1	8.3455787706E+3	3.4500306767E-3
2.4943755380E-1	8.3449361845E+3	3.4721413399E-3
2.5292072631E-1	8.3430400695E+3	3.4941939790E-3
2.5642592230E-1	8.3398066296E+3	3.5161882254E-3
2.5995308318E-1	8.3351186958E+3	3.5381237115E-3
2.6350215001E-1	8.3288647350E+3	3.5600000709E-3
2.6707306349E-1	8.3209804875E+3	3.5818169379E-3
2.7066576394E-1	8.3114720612E+3	3.6035739479E-3
2.7428019131E-1	8.3004058720E+3	3.6252707373E-3
2.7791628522E-1	8.2878660280E+3	3.6469069436E-3
2.8157398488E-1	8.2738966829E+3	3.6684822051E-3
2.8525322919E-1	8.2584570074E+3	3.6899961614E-3
2.8895395665E-1	8.2414136989E+3	3.7114484529E-3
2.9267610542E-1	8.2225798656E+3	3.7328387211E-3
2.9641961330E-1	8.2017859262E+3	3.7541666086E-3
3.0018441773E-1	8.1789491541E+3	3.7754317588E-3
3.0397045579E-1	8.1541048969E+3	3.7966338166E-3
3.0777766421E-1	8.1273786936E+3	3.8177724274E-3
3.1160597938E-1	8.0989080787E+3	3.8388472382E-3
3.1545533730E-1	8.0687509996E+3	3.8598578967E-3
3.1932567367E-1	8.0368289270E+3	3.8808040517E-3
3.2321692379E-1	8.0029389865E+3	3.9016853533E-3
3.2712902264E-1	7.9668352526E+3	3.9225014525E-3
3.3106190484E-1	7.9283409738E+3	3.9432520014E-3
3.3501550468E-1	7.8874321050E+3	3.9639366533E-3
3.3898975607E-1	7.8442427962E+3	3.9845550624E-3
3.4298459261E-1	7.7989833475E+3	4.0051068843E-3
3.4699994753E-1	7.7518104189E+3	4.0255917754E-3
3.5103575373E-1	7.7027200960E+3	4.0460093936E-3
3.5509194378E-1	7.6515271567E+3	4.0663593974E-3
3.5916844988E-1	7.5979491393E+3	4.0866414469E-3
3.6326520391E-1	7.5417538739E+3	4.1068552032E-3
3.6738213741E-1	7.4828879687E+3	4.1270003283E-3
3.7151918157E-1	7.4215084134E+3	4.1470764858E-3
3.7567626728E-1	7.3578920188E+3	4.1670833400E-3
3.7985332504E-1	7.2922698444E+3	4.1870205567E-3
3.8405028507E-1	7.2246828254E+3	4.2068878026E-3
3.8826707721E-1	7.1549482916E+3	4.2266847457E-3
3.9250363101E-1	7.0827646305E+3	4.2464110553E-3
3.9675987567E-1	7.0078970896E+3	4.2660664016E-3
4.0103574005E-1	6.9303327332E+3	4.2856504563E-3
4.0533115271E-1	6.8503048223E+3	4.3051628919E-3
4.0964604185E-1	6.7681643990E+3	4.3246033825E-3
4.1398033538E-1	6.6841741077E+3	4.3439716031E-3
4.1833396086E-1	6.5983538065E+3	4.3632672302E-3
4.2270684554E-1	6.5104807528E+3	4.3824899412E-3
4.2709891633E-1	6.4202513120E+3	4.4016394148E-3
4.3151009985E-1	6.3275046388E+3	4.4207153312E-3
4.3594032237E-1	6.2323620237E+3	4.4397173715E-3
4.4038950986E-1	6.1351848788E+3	4.4586452181E-3
4.4485758797E-1	6.0363727667E+3	4.4774985548E-3
4.4934448203E-1	5.9361330078E+3	4.4962770664E-3
4.5385011706E-1	5.8343784876E+3	4.5149804392E-3
4.5837441776E-1	5.7308284218E+3	4.5336083606E-3
4.6291730852E-1	5.6252489842E+3	4.5521605193E-3
4.6747871344E-1	5.5176700269E+3	4.5706366053E-3
4.7205855627E-1	5.4084243027E+3	4.5890363098E-3
4.7665676049E-1	5.2979761494E+3	4.6073593254E-3
4.8127324926E-1	5.1866563116E+3	4.6256053458E-3
4.8590794542E-1	5.0744909348E+3	4.6437740661E-3
4.9056077152E-1	4.9612504594E+3	4.6618651826E-3
4.9523164982E-1	4.8466878975E+3	4.6798783932E-3
4.9992050224E-1	4.7307960300E+3	4.6978133967E-3
5.0462725044E-1	4.6138938671E+3	4.7156698934E-3
5.0935181576E-1	4.4964746659E+3	4.7334475849E-3
5.1409411924E-1	4.3789249750E+3	4.7511461741E-3
5.1885408164E-1	4.2613238387E+3	4.7687653653E-3
5.2363162341E-1	4.1434749343E+3	4.7863048641E-3
5.2842666471E-1	4.0251501407E+3	4.8037643772E-3
5.3323912540E-1	3.9063604182E+3	4.8211436130E-3
5.3806892508E-1	3.7874450939E+3	4.8384422809E-3
5.4291598301E-1	3.6689083199E+3	4.8556600920E-3
5.4778021821E-1	3.5511284229E+3	4.8727967585E-3
5.5266154939E-1	3.4341673695E+3	4.8898519940E-3
5.5755989496E-1	3.3178308153E+3	4.9068255135E-3
5.6247517308E-1	3.2019316481E+3	4.9237170334E-3
5.6740730160E-1	3.0865467201E+3	4.9405262713E-3
5.7235619810E-1	2.9720600561E+3	4.9572529464E-3
5.7732177988E-1	2.8589576160E+3	4.9738967791E-3
5.8230396395E-1	2.7475411389E+3	4.9904574913E-3
5.8730266706E-1	2.6377949863E+3	5.0069348063E-3
5.9231780568E-1	2.5295139602E+3	5.0233284486E-3
5.9734929598E-1	2.4225842878E+3	5.0396381444E-3
6.0239705389E-1	2.3171827049E+3	5.0558636210E-3
6.0746099506E-1	2.2137278322E+3	5.0720046074E-3
6.1254103485E-1	2.1126277062E+3	5.0880608338E-3
6.1763708838E-1	2.0140394894E+3	5.1040320318E-3
6.2274907048E-1	1.9178445396E+3	5.1199179345E-3
6.2787689573E-1	1.8238557008E+3	5.1357182766E-3
6.3302047843E-1	1.7320743269E+3	5.1514327939E-3
6.3817973262E-1	1.6427742253E+3	5.1670612238E-3
6.4335457209E-1	1.5563437491E+3	5.1826033052E-3
6.4854491036E-1	1.4730298162E+3	5.1980587783E-3
6.5375066070E-1	1.3928101861E+3	5.2134273849E-3
6.5897173609E-1	1.3155016687E+3	5.2287088681E-3
6.6420804930E-1	1.2410007418E+3	5.2439029725E-3
6.6945951283E-1	1.1694384066E+3	5.2590094442E-3
6.7472603890E-1	1.1011143148E+3	5.2740280309E-3
6.8000753951E-1	1.0362781044E+3	5.2889584814E-3
6.8530392640E-1	9.7496114643E+2	5.3038005463E-3
6.9061511106E-1	9.1700781608E+2	5.3185539776E-3
6.9594100473E-1	8.6226775934E+2	5.3332185287E-3
7.0128151841E-1	8.1076555906E+2	5.3477939546E-3
7.0663656285E-1	7.6269368486E+2	5.3622800116E-3
7.1200604856E-1	7.1824573598E+2	5.3766764577E-3
7.1738988581E-1	6.7745416271E+2	5.3909830523E-3
7.2278798463E-1	6.4018228847E+2	5.4051995564E-3
7.2820025482E-1	6.0626668223E+2	5.4193257323E-3
7.3362660591E-1	5.7566541026E+2	5.4333613439E-3
7.3906694724E-1	5.4847249839E+2	5.4473061568E-3
7.4452118788E-1	5.2479660681E+2	5.4611599379E-3
7.4998923669E-1	5.0463172570E+2	5.4749224557E-3
7.5547100229E-1	4.8784372686E+2	5.4885934801E-3
7.6096639308E-1	4.7427322147E+2	5.5021727828E-3
7.6647531721E-1	4.6384283080E+2	5.5156601367E-3
7.7199768263E-1	4.5656463770E+2	5.5290553166E-3
7.7753339704E-1	4.5245361912E+2	5.5423580985E-3
7.8308236795E-1	4.5144562834E+2	5.5555682601E-3
7.8864450262E-1	4.5340079533E+2	5.5686855808E-3
7.9421970809E-1	4.5817523896E+2	5.5817098412E-3
7.9980789121E-1	4.6567656157E+2	5.5946408237E-3
8.0540895857E-1	4.7584853013E+2	5.6074783123E-3
8.1102281659E-1	4.8861499704E+2	5.6202220924E-3
8.1664937145E-1	5.0385372647E+2	5.6328719509E-3
8.2228852912E-1	5.2142541335E+2	5.6454276767E-3
8.2794019536E-1	5.4121323733E+2	5.6578890597E-3
8.3360427572E-1	5.6311974145E+2	5.6702558918E-3
8.3928067556E-1	5.8702721737E+2	5.6825279663E-3
8.4496930000E-1	6.1277872069E+2	5.6947050782E-3
8.5067005399E-1	6.4021256835E+2	5.7067870238E-3
8.5638284226E-1	6.6921062291E+2	5.7187736014E-3
8.6210756934E-1	6.9969365378E+2	5.7306646105E-3
8.6784413956E-1	7.3155776421E+2	5.7424598526E-3
8.7359245705E-1	7.6462499735E+2	5.7541591304E-3
8.7935242576E-1	7.9867765552E+2	5.7657622485E-3
8.8512394943E-1	8.3355043696E+2	5.7772690129E-3
8.9090693161E-1	8.6917481268E+2	5.7886792314E-3
8.9670127565E-1	9.0551166166E+2	5.7999927133E-3
9.0250688473E-1	9.4243725904E+2	5.8112092696E-3
9.0832366182E-1	9.7971540100E+2	5.8223287127E-3
9.1415150972E-1	1.0171027591E+3	5.8333508568E-3
9.1999033104E-1	1.0544790180E+3	5.8442755178E-3
9.2584002820E-1	1.0918488694E+3	5.8551025132E-3
9.3170050345E-1	1.1291987686E+3	5.8658316618E-3
9.3757165885E-1	1.1663636202E+3	5.8764627846E-3
9.4345339628E-1	1.2030632646E+3	5.8869957037E-3
9.4934561746E-1	1.2390826974E+3	5.8974302433E-3
9.5524822392E-1	1.2743961325E+3	5.9077662288E-3
9.6116111701E-1	1.3090833723E+3	5.9180034877E-3
9.6708419793E-1	1.3431209347E+3	5.9281418487E-3
9.7301736769E-1	1.3762855730E+3	5.9381811425E-3
9.7896052713E-1	1.4082926933E+3	5.9481212013E-3
9.8491357695E-1	1.4390226356E+3	5.9579618591E-3
9.9087641766E-1	1.4685730336E+3	5.9677029512E-3
9.9684894961E-1	1.4970648330E+3	5.9773443150E-3
1.0028310730E+0	1.5244177624E+3	5.9868857894E-3
1.0088226878E+0	1.5503596762E+3	5.9963272149E-3
1.0148236940E+0	1.5746709701E+3	6.0056684336E-3
1.0208339913E+0	1.5973856249E+3	6.0149092896E-3
1.0268534791E+0	1.6187079662E+3	6.0240496283E-3
1.0328820570E+0	1.6387320670E+3	6.0330892971E-3
1.0389196241E+0	1.6572899430E+3	6.0420281448E-3
1.0449660796E+0	1.6741142697E+3	6.0508660221E-3
1.0510213224E+0	1.6891327808E+3	6.0596027814E-3
1.0570852514E+0	1.7025468541E+3	6.0682382765E-3
1.0631577652E+0	1.7145934277E+3	6.0767723631E-3
1.0692387623E+0	1.7252663284E+3	6.0852048988E-3
1.0753281411E+0	1.7343298743E+3	6.0935357425E-3
1.0814257998E+0	1.7416154741E+3	6.1017647550E-3
1.0875316366E+0	1.7472508760E+3	6.1098917988E-3
1.0936455494E+0	1.7515442592E+3	6.1179167381E-3
1.0997674360E+0	1.7546562770E+3	6.1258394388E-3
1.1058971941E+0	1.7564520821E+3	6.1336597685E-3
1.1120347214E+0	1.7567144731E+3	6.1413775965E-3
1.1181799151E+0	1.7554647833E+3	6.1489927938E-3
1.1243326727E+0	1.7530034396E+3	6.1565052331E-3
1.1304928913E+0	1.7496178537E+3	6.1639147890E-3
1.1366604679E+0	1.7453096040E+3	6.1712213376E-3
1.1428352996E+0	1.7398723178E+3	6.1784247568E-3
1.1490172830E+0	1.7332266094E+3	6.1855249261E-3
1.1552063150E+0	1.7256039860E+3	6.1925217271E-3
1.1614022920E+0	1.7173544261E+3	6.1994150427E-3
1.1676051105E+0	1.7086126507E+3	6.2062047577E-3
1.1738146669E+0	1.6992312196E+3	6.2128907587E-3
1.1800308574E+0	1.6890608704E+3	6.2194729339E-3
1.1862535782E+0	1.6782320639E+3	6.2259511734E-3
1.1924827251E+0	1.6670914407E+3	6.2323253688E-3
1.1987181942E+0	1.6558738017E+3	6.2385954138E-3
1.2049598812E+0	1.6445154385E+3	6.2447612034E-3
1.2112076818E+0	1.6328364024E+3	6.2508226346E-3
1.2174614916E+0	1.6208616787E+3	6.2567796062E-3
1.2237212062E+0	1.6088823428E+3	6.2626320186E-3
1.2299867208E+0	1.5971849951E+3	6.2683797740E-3
1.2362579308E+0	1.5857897089E+3	6.2740227763E-3
1.2425347314E+0	1.5745199819E+3	6.2795609313E-3
1.2488170177E+0	1.5633104912E+3	6.2849941464E-3
1.2551046847E+0	1.5523653559E+3	6.2903223308E-3
1.2613976273E+0	1.5419738821E+3	6.2955453954E-3
1.2676957404E+0	1.5322214056E+3	6.3006632530E-3
1.2739989187E+0	1.5229569554E+3	6.3056758180E-3
1.2803070569E+0	1.5140497759E+3	6.3105830068E-3
1.2866200496E+0	1.5056062575E+3	6.3153847371E-3
1.2929377912E+0	1.4978783280E+3	6.3200809290E-3
1.2992601762E+0	1.4909882398E+3	6.3246715037E-3
1.3055870990E+0	1.4848193195E+3	6.3291563847E-3
1.3119184537E+0	1.4792019804E+3	6.3335354970E-3
1.3182541347E+0	1.4741507898E+3	6.3378087674E-3
1.3245940360E+0	1.4698545204E+3	6.3419761245E-3
1.3309380516E+0	1.4664428110E+3	6.3460374987E-3
1.3372860756E+0	1.4638313931E+3	6.3499928220E-3
1.3436380019E+0	1.4618350436E+3	6.3538420284E-3
1.3499937243E+0	1.4603933391E+3	6.3575850535E-3
1.3563531366E+0	1.4596211869E+3	6.3612218349E-3
1.3627161325E+0	1.4596310545E+3	6.3647523117E-3
1.3690826057E+0	1.4603627967E+3	6.3681764249E-3
1.3754524499E+0	1.4616332475E+3	6.3714941173E-3
1.3818255585E+0	1.4633295952E+3	6.3747053335E-3
1.3882018250E+0	1.4654955666E+3	6.3778100198E-3
1.3945811430E+0	1.4682105194E+3	6.3808081243E-3
1.4009634057E+0	1.4714280642E+3	6.3836995970E-3
1.4073485066E+0	1.4749790477E+3	6.3864843894E-3
1.4137363389E+0	1.4787222654E+3	6.3891624551E-3
1.4201267959E+0	1.4826429249E+3	6.3917337493E-3
1.4265197708E+0	1.4867809459E+3	6.3941982290E-3
1.4329151568E+0	1.4910945807E+3	6.3965558531E-3
1.4393128469E+0	1.4954359298E+3	6.3988065821E-3
1.4457127343E+0	1.4996579214E+3	6.4009503785E-3
1.4521147120E+0	1.5037062440E+3	6.4029872063E-3
1.4585186731E+0	1.5075839303E+3	6.4049170317E-3
1.4649245104E+0	1.5112480068E+3	6.4067398222E-3
1.4713321170E+0	1.5145755459E+3	6.4084555476E-3
1.4777413858E+0	1.5174326592E+3	6.4100641790E-3
1.4841522097E+0	1.5197471777E+3	6.4115656896E-3
1.4905644815E+0	1.5214946835E+3	6.4129600544E-3
1.4969780940E+0	1.5226291155E+3	6.4142472499E-3
1.5033929402E+0	1.5230539220E+3	6.4154272548E-3
1.5098089128E+0	1.5226629604E+3	6.4165000493E-3
1.5162259046E+0	1.5213874721E+3	6.4174656154E-3
1.5226438083E+0	1.5191893942E+3	6.4183239370E-3
1.5290625167E+0	1.5160214221E+3	6.4190749998E-3
1.5354819225E+0	1.5118132259E+3	6.4197187912E-3
1.5419019185E+0	1.5064959057E+3	6.4202553005E-3
1.5483223974E+0	1.5000224698E+3	6.4206845187E-3
1.5547432518E+0	1.4923567297E+3	6.4210064386E-3
1.5611643745E+0	1.4834547824E+3	6.4212210549E-3
1.5675856581E+0	1.4732713197E+3	6.4213283639E-3
1.5740069954E+0	1.4617790438E+3	6.4213283639E-3
1.5804282791E+0	1.4489663738E+3	6.4212210549E-3
1.5868494018E+0	1.4348137710E+3	6.4210064386E-3
1.5932702562E+0	1.4192868964E+3	6.4206845187E-3
1.5996907351E+0	1.4023634334E+3	6.4202553005E-3
1.6061107310E+0	1.3840571286E+3	6.4197187912E-3
1.6125301369E+0	1.3643996144E+3	6.4190749998E-3
1.6189488453E+0	1.3434000015E+3	6.4183239370E-3
1.6253667490E+0	1.3210398828E+3	6.4174656154E-3
1.6317837408E+0	1.2973172053E+3	6.4165000493E-3
1.6381997134E+0	1.2722818308E+3	6.4154272548E-3
1.6446145595E+0	1.2460100832E+3	6.4142472499E-3
1.6510281721E+0	1.2185474167E+3	6.4129600544E-3
1.6574404439E+0	1.1898967261E+3	6.4115656896E-3
1.6638512678E+0	1.1600729387E+3	6.4100641790E-3
1.6702605366E+0	1.1291536202E+3	6.4084555476E-3
1.6766681432E+0	1.0972551519E+3	6.4067398222E-3
1.6830739805E+0	1.0644618032E+3	6.4049170317E-3
1.6894779416E+0	1.0308011598E+3	6.4029872063E-3
1.6958799193E+0	9.9630144949E+2	6.4009503785E-3
1.7022798067E+0	9.6105717432E+2	6.3988065821E-3
1.7086774968E+0	9.2521481221E+2	6.3965558531E-3
1.7150728827E+0	8.8889437531E+2	6.3941982290E-3
1.7214658576E+0	8.5214887096E+2	6.3917337493E-3
1.7278563146E+0	8.1501602269E+2	6.3891624551E-3
1.7342441470E+0	7.7759557360E+2	6.3864843894E-3
1.7406292478E+0	7.4005021763E+2	6.3836995970E-3
1.7470115106E+0	7.0252739135E+2	6.3808081243E-3
1.7533908286E+0	6.6510314255E+2	6.3778100198E-3
1.7597670951E+0	6.2782092063E+2	6.3747053335E-3
1.7661402037E+0	5.9077452245E+2	6.3714941173E-3
1.7725100479E+0	5.5412689237E+2	6.3681764249E-3
1.7788765211E+0	5.1804024181E+2	6.3647523117E-3
1.7852395170E+0	4.8260806286E+2	6.3612218349E-3
1.7915989293E+0	4.4787593358E+2	6.3575850535E-3
1.7979546517E+0	4.1392244691E+2	6.3538420284E-3
1.8043065780E+0	3.8089493657E+2	6.3499928220E-3
1.8106546020E+0	3.4895487529E+2	6.3460374987E-3
1.8169986176E+0	3.1820450551E+2	6.3419761245E-3
1.8233385189E+0	2.8868792098E+2	6.3378087674E-3
1.8296741999E+0	2.6046216582E+2	6.3335354970E-3
1.8360055546E+0	2.3364544244E+2	6.3291563847E-3
1.8423324774E+0	2.0838213820E+2	6.3246715037E-3
1.8486548624E+0	1.8477204729E+2	6.3200809290E-3
1.8549726040E+0	1.6285382929E+2	6.3153847371E-3
1.8612855967E+0	1.4265999543E+2	6.3105830068E-3
1.8675937349E+0	1.2427042666E+2	6.3056758180E-3
1.8738969132E+0	1.0779761308E+2	6.3006632530E-3
1.8801950263E+0	9.3326197507E+1	6.2955453954E-3
1.8864879689E+0	8.0884559753E+1	6.2903223308E-3
1.8927756359E+0	7.0480630748E+1	6.2849941464E-3
1.8990579222E+0	6.2152414958E+1	6.2795609313E-3
1.9053347228E+0	5.5969776078E+1	6.2740227763E-3
1.9116059328E+0	5.1989713332E+1	6.2683797740E-3
1.9178714474E+0	5.0224255983E+1	6.2626320186E-3
1.9241311620E+0	5.0658443457E+1	6.2567796062E-3
1.9303849718E+0	5.3290661349E+1	6.2508226346E-3
1.9366327724E+0	5.8143660440E+1	6.2447612034E-3
1.9428744594E+0	6.5236780200E+1	6.2385954138E-3
1.9491099285E+0	7.4558567962E+1	6.2323253688E-3
1.9553390754E+0	8.6072804103E+1	6.2259511734E-3
1.9615617961E+0	9.9745069202E+1	6.2194729339E-3
1.9677779867E+0	1.1555398900E+2	6.2128907587E-3
1.9739875431E+0	1.3347641613E+2	6.2062047577E-3
1.9801903616E+0	1.5347047776E+2	6.1994150427E-3
1.9863863386E+0	1.7547859908E+2	6.1925217271E-3
1.9925753706E+0	1.9944221995E+2	6.1855249261E-3
1.9987573540E+0	2.2530576507E+2	6.1784247568E-3
2.0049321857E+0	2.5300631987E+2	6.1712213376E-3
2.0110997623E+0	2.8246732367E+2	6.1639147890E-3
2.0172599809E+0	3.1360741219E+2	6.1565052331E-3
2.0234127385E+0	3.4635089350E+2	6.1489927938E-3
2.0295579322E+0	3.8062209056E+2	6.1413775965E-3
2.0356954595E+0	4.1632954372E+2	6.1336597685E-3
2.0418252176E+0	4.5336378759E+2	6.1258394388E-3
2.0479471042E+0	4.9161634408E+2	6.1179167381E-3
2.0540610170E+0	5.3099676415E+2	6.1098917988E-3
2.0601668538E+0	5.7142266718E+2	6.1017647550E-3
2.0662645125E+0	6.1279195461E+2	6.0935357425E-3
2.0723538913E+0	6.5497303416E+2	6.0852048988E-3
2.0784348884E+0	6.9782998914E+2	6.0767723631E-3
2.0845074022E+0	7.4125485340E+2	6.0682382765E-3
2.0905713312E+0	7.8516569520E+2	6.0596027814E-3
2.0966265740E+0	8.2946900945E+2	6.0508660221E-3
2.1026730295E+0	8.7403112230E+2	6.0420281448E-3
2.1087105966E+0	9.1869656455E+2	6.0330892971E-3
2.1147391745E+0	9.6333551388E+2	6.0240496283E-3
2.1207586623E+0	1.0078639827E+3	6.0149092896E-3
2.1267689596E+0	1.0522096266E+3	6.0056684336E-3
2.1327699657E+0	1.0962614102E+3	5.9963272149E-3
2.1387615806E+0	1.1398639976E+3	5.9868857894E-3
2.1447437040E+0	1.1828672791E+3	5.9773443150E-3
2.1507162359E+0	1.2251751344E+3	5.9677029512E-3
2.1566790766E+0	1.2667350442E+3	5.9579618591E-3
2.1626321265E+0	1.3074780044E+3	5.9481212013E-3
2.1685752859E+0	1.3472779392E+3	5.9381811425E-3
2.1745084557E+0	1.3859798593E+3	5.9281418487E-3
2.1804315366E+0	1.4234671057E+3	5.9180034877E-3
2.1863444297E+0	1.4596909003E+3	5.9077662288E-3
2.1922470361E+0	1.4946265816E+3	5.8974302433E-3
2.1981392573E+0	1.5282049234E+3	5.8869957037E-3
2.2040209947E+0	1.5602971097E+3	5.8764627846E-3
2.2098921501E+0	1.5907724167E+3	5.8658316618E-3
2.2157526254E+0	1.6195649614E+3	5.8551025132E-3
2.2216023226E+0	1.6466740288E+3	5.8442755178E-3
2.2274411439E+0	1.6720962933E+3	5.8333508568E-3
2.2332689918E+0	1.6957650473E+3	5.8223287127E-3
2.2390857689E+0	1.7175647298E+3	5.8112092696E-3
2.2448913779E+0	1.7374058366E+3	5.7999927133E-3
2.2506857220E+0	1.7552779534E+3	5.7886792314E-3
2.2564687042E+0	1.7712220745E+3	5.7772690129E-3
2.2622402278E+0	1.7852519716E+3	5.7657622485E-3
2.2680001965E+0	1.7973103561E+3	5.7541591304E-3
2.2737485140E+0	1.8073077734E+3	5.7424598526E-3
2.2794850843E+0	1.8152023630E+3	5.7306646105E-3
2.2852098113E+0	1.8210343895E+3	5.7187736014E-3
2.2909225996E+0	1.8248783346E+3	5.7067870238E-3
2.2966233536E+0	1.8267639063E+3	5.6947050782E-3
2.3023119780E+0	1.8266500961E+3	5.6825279663E-3
2.3079883779E+0	1.8244794236E+3	5.6702558918E-3
2.3136524582E+0	1.8202545510E+3	5.6578890597E-3
2.3193041245E+0	1.8140564837E+3	5.6454276767E-3
2.3249432821E+0	1.8059857250E+3	5.6328719509E-3
2.3305698370E+0	1.7960883358E+3	5.6202220924E-3
2.3361836950E+0	1.7843434691E+3	5.6074783123E-3
2.3417847624E+0	1.7707242013E+3	5.5946408237E-3
2.3473729455E+0	1.7552680098E+3	5.5817098412E-3
2.3529481510E+0	1.7380845904E+3	5.5686855808E-3
2.3585102856E+0	1.7192940033E+3	5.5555682601E-3
2.3640592565E+0	1.6989588616E+3	5.5423580985E-3
2.3695949710E+0	1.6770786685E+3	5.5290553166E-3
2.3751173364E+0	1.6536503842E+3	5.5156601367E-3
2.3806262605E+0	1.6287331629E+3	5.5021727828E-3
2.3861216513E+0	1.6024527599E+3	5.4885934801E-3
2.3916034169E+0	1.5749426125E+3	5.4749224557E-3
2.3970714657E+0	1.5462809453E+3	5.4611599379E-3
2.4025257064E+0	1.5164851619E+3	5.4473061568E-3
2.4079660477E+0	1.4855670275E+3	5.4333613439E-3
2.4133923988E+0	1.4535932437E+3	5.4193257323E-3
2.4188046690E+0	1.4206927866E+3	5.4051995564E-3
2.4242027678E+0	1.3870055693E+3	5.3909830523E-3
2.4295866050E+0	1.3526231259E+3	5.3766764577E-3
2.4349560907E+0	1.3175774938E+3	5.3622800116E-3
2.4403111352E+0	1.2818867260E+3	5.3477939546E-3
2.4456516489E+0	1.2456120715E+3	5.3332185287E-3
2.4509775425E+0	1.2088729265E+3	5.3185539776E-3
2.4562887272E+0	1.1718072578E+3	5.3038005463E-3
2.4615851141E+0	1.1345160997E+3	5.2889584814E-3
2.4668666147E+0	1.0970434520E+3	5.2740280309E-3
2.4721331408E+0	1.0594080915E+3	5.2590094442E-3
2.4773846043E+0	1.0216559522E+3	5.2439029725E-3
2.4826209175E+0	9.8388479185E+2	5.2287088681E-3
2.4878419929E+0	9.4622025739E+2	5.2134273849E-3
2.4930477432E+0	9.0876696649E+2	5.1980587783E-3
2.4982380815E+0	8.7157904370E+2	5.1826033052E-3
2.5034129210E+0	8.3467484570E+2	5.1670612238E-3
2.5085721752E+0	7.9808050240E+2	5.1514327939E-3
2.5137157579E+0	7.6186274205E+2	5.1357182766E-3
2.5188435831E+0	7.2612313207E+2	5.1199179345E-3
2.5239555652E+0	6.9096083584E+2	5.1040320318E-3
2.5290516187E+0	6.5643748130E+2	5.0880608338E-3
2.5341316585E+0	6.2257371947E+2	5.0720046074E-3
2.5391955997E+0	5.8937832283E+2	5.0558636210E-3
2.5442433576E+0	5.5688333599E+2	5.0396381444E-3
2.5492748479E+0	5.2515556602E+2	5.0233284486E-3
2.5542899865E+0	4.9427642527E+2	5.0069348063E-3
2.5592886896E+0	4.6430883115E+2	4.9904574913E-3
2.5642708737E+0	4.3527907065E+2	4.9738967791E-3
2.5692364555E+0	4.0718723680E+2	4.9572529464E-3
2.5741853520E+0	3.8003573798E+2	4.9405262713E-3
2.5791174805E+0	3.5385171179E+2	4.9237170334E-3
2.5840327586E+0	3.2868595834E+2	4.9068255135E-3
2.5889311042E+0	3.0459105862E+2	4.8898519940E-3
2.5938124354E+0	2.8159753278E+2	4.8727967585E-3
2.5986766706E+0	2.5970679465E+2	4.8556600920E-3
2.6035237285E+0	2.3890497216E+2	4.8384422809E-3
2.6083535282E+0	2.1918523553E+2	4.8211436130E-3
2.6131659889E+0	2.0056087855E+2	4.8037643772E-3
2.6179610302E+0	1.8306006788E+2	4.7863048641E-3
2.6227385719E+0	1.6670791665E+2	4.7687653653E-3
2.6274985343E+0	1.5151052286E+2	4.7511461741E-3
2.6322408378E+0	1.3745267866E+2	4.7334475849E-3
2.6369654032E+0	1.2450965162E+2	4.7156698934E-3
2.6416721513E+0	1.1266307582E+2	4.6978133967E-3
2.6463610038E+0	1.0190903572E+2	4.6798783932E-3
2.6510318821E+0	9.2253361724E+1	4.6618651826E-3
2.6556847082E+0	8.3698937761E+1	4.6437740661E-3
2.6603194043E+0	7.6235005445E+1	4.6256053458E-3
2.6649358931E+0	6.9835856539E+1	4.6073593254E-3
2.6695340973E+0	6.4468801427E+1	4.5890363098E-3
2.6741139402E+0	6.0104831873E+1	4.5706366053E-3
2.6786753451E+0	5.6724335354E+1	4.5521605193E-3
2.6832182358E+0	5.4314602859E+1	4.5336083606E-3
2.6877425365E+0	5.2861954640E+1	4.5149804392E-3
2.6922481716E+0	5.2344622645E+1	4.4962770664E-3
2.6967350656E+0	5.2731154079E+1	4.4774985548E-3
2.7012031437E+0	5.3984683145E+1	4.4586452181E-3
2.7056523312E+0	5.6069432987E+1	4.4397173715E-3
2.7100825537E+0	5.8954863337E+1	4.4207153312E-3
2.7144937373E+0	6.2615140275E+1	4.4016394148E-3
2.7188858081E+0	6.7025084748E+1	4.3824899412E-3
2.7232586927E+0	7.2155922670E+1	4.3632672302E-3
2.7276123182E+0	7.7973735163E+1	4.3439716031E-3
2.7319466117E+0	8.4441204647E+1	4.3246033825E-3
2.7362615009E+0	9.1520954609E+1	4.3051628919E-3
2.7405569135E+0	9.9178024041E+1	4.2856504563E-3
2.7448327779E+0	1.0738003419E+2	4.2660664016E-3
2.7490890226E+0	1.1609542725E+2	4.2464110553E-3
2.7533255764E+0	1.2529142916E+2	4.2266847457E-3
2.7575423685E+0	1.3493330657E+2	4.2068878026E-3
2.7617393285E+0	1.4498529749E+2	4.1870205567E-3
2.7659163863E+0	1.5541230332E+2	4.1670833400E-3
2.7700734720E+0	1.6618097890E+2	4.1470764858E-3
2.7742105162E+0	1.7725945308E+2	4.1270003283E-3
2.7783274497E+0	1.8861600880E+2	4.1068552032E-3
2.7824242037E+0	2.0021783548E+2	4.0866414469E-3
2.7865007098E+0	2.1203090689E+2	4.0663593974E-3
2.7905568999E+0	2.2402120592E+2	4.0460093936E-3
2.7945927061E+0	2.3615651829E+2	4.0255917754E-3
2.7986080610E+0	2.4840756564E+2	4.0051068843E-3
2.8026028975E+0	2.6074765348E+2	3.9845550624E-3
2.8065771489E+0	2.7315097974E+2	3.9639366533E-3
2.8105307487E+0	2.8559063507E+2	3.9432520014E-3
2.8144636309E+0	2.9803756830E+2	3.9225014525E-3
2.8183757298E+0	3.1046124827E+2	3.9016853533E-3
2.8222669799E+0	3.2283174952E+2	3.8808040517E-3
2.8261373163E+0	3.3512212301E+2	3.8598578967E-3
2.8299866742E+0	3.4730970277E+2	3.8388472382E-3
2.8338149894E+0	3.5937557512E+2	3.8177724274E-3
2.8376221978E+0	3.7130245662E+2	3.7966338166E-3
2.8414082359E+0	3.8307210348E+2	3.7754317588E-3
2.8451730403E+0	3.9466363309E+2	3.7541666086E-3
2.8489165482E+0	4.0605366058E+2	3.7328387211E-3
2.8526386969E+0	4.1721821157E+2	3.7114484529E-3
2.8563394244E+0	4.2813546018E+2	3.6899961614E-3
2.8600186687E+0	4.3878792429E+2	3.6684822051E-3
2.8636763684E+0	4.4916303001E+2	3.6469069436E-3
2.8673124623E+0	4.5925177502E+2	3.6252707373E-3
2.8709268897E+0	4.6904614588E+2	3.6035739479E-3
2.8745195901E+0	4.7853652088E+2	3.5818169379E-3
2.8780905036E+0	4.8771026185E+2	3.5600000709E-3
2.8816395704E+0	4.9655211575E+2	3.5381237115E-3
2.8851667313E+0	5.0504620670E+2	3.5161882254E-3
2.8886719273E+0	5.1317869249E+2	3.4941939790E-3
2.8921550998E+0	5.2093989433E+2	3.4721413399E-3
2.8956161906E+0	5.2832498118E+2	3.4500306767E-3
2.8990551419E+0	5.3533295070E+2	3.4278623588E-3
2.9024718962E+0	5.4196438672E+2	3.4056367567E-3
2.9058663965E+0	5.4821896245E+2	3.3833542419E-3
2.9092385859E+0	5.5409371436E+2	3.3610151867E-3
2.9125884081E+0	5.5958274406E+2	3.3386199643E-3
2.9159158072E+0	5.6467839959E+2	3.3161689492E-3
2.9192207275E+0	5.6937340057E+2	3.2936625164E-3
2.9225031139E+0	5.7366303279E+2	3.2711010421E-3
2.9257629114E+0	5.7754655961E+2	3.2484849032E-3
2.9290000656E+0	5.8102734546E+2	3.2258144779E-3
2.9322145224E+0	5.8411170201E+2	3.2030901448E-3
2.9354062280E+0	5.8680693976E+2	3.1803122838E-3
2.9385751292E+0	5.8911936459E+2	3.1574812755E-3
2.9417211730E+0	5.9105292595E+2	3.1345975014E-3
2.9448443068E+0	5.9260894256E+2	3.1116613440E-3
2.9479444784E+0	5.9378692652E+2	3.0886731866E-3
2.9510216360E+0	5.9458614977E+2	3.0656334132E-3
2.9540757281E+0	5.9500737242E+2	3.0425424091E-3
2.9571067038E+0	5.9505414213E+2	3.0194005599E-3
2.9601145124E+0	5.9473326040E+2	2.9962082525E-3
2.9630991036E+0	5.9405431381E+2	2.9729658744E-3
2.9660604276E+0	5.9302847643E+2	2.9496738141E-3
2.9689984348E+0	5.9166700165E+2	2.9263324607E-3
2.9719130762E+0	5.8997988141E+2	2.9029422044E-3
2.9748043031E+0	5.8797505727E+2	2.8795034361E-3
2.9776720671E+0	5.8565836784E+2	2.8560165473E-3
2.9805163203E+0	5.8303418394E+2	2.8324819307E-3
2.9833370151E+0	5.8010648833E+2	2.8088999795E-3
2.9861341046E+0	5.7688005271E+2	2.7852710878E-3
2.9889075418E+0	5.7336136996E+2	2.7615956505E-3
2.9916572805E+0	5.6955910003E+2	2.7378740632E-3
2.9943832747E+0	5.6548394450E+2	2.7141067224E-3
2.9970854788E+0	5.6114802723E+2	2.6902940251E-3
2.9997638477E+0	5.5656398196E+2	2.6664363695E-3
3.0024183367E+0	5.5174400306E+2	2.6425341541E-3
3.0050489013E+0	5.4669909783E+2	2.6185877784E-3
3.0076554977E+0	5.4143870273E+2	2.5945976426E-3
3.0102380822E+0	5.3597071817E+2	2.5705641475E-3
3.0127966116E+0	5.3030190977E+2	2.5464876949E-3
3.0153310434E+0	5.2443854256E+2	2.5223686871E-3
3.0178413350E+0	5.1838707554E+2	2.4982075270E-3
3.0203274445E+0	5.1215474941E+2	2.4740046186E-3
3.0227893304E+0	5.0574994419E+2	2.4497603662E-3
3.0252269516E+0	4.9918224866E+2	2.4254751751E-3
3.0276402673E+0	4.9246225425E+2	2.4011494510E-3
3.0300292371E+0	4.8560114381E+2	2.3767836004E-3
3.0323938212E+0	4.7861018089E+2	2.3523780306E-3
3.0347339801E+0	4.7150021263E+2	2.3279331494E-3
3.0370496746E+0	4.6428128235E+2	2.3034493653E-3
3.0393408660E+0	4.5696241368E+2	2.2789270875E-3
3.0416075160E+0	4.4955158656E+2	2.2543667257E-3
3.0438495869E+0	4.4205588582E+2	2.2297686905E-3
3.0460670410E+0	4.3448177356E+2	2.2051333928E-3
3.0482598414E+0	4.2683542005E+2	2.1804612443E-3
3.0504279513E+0	4.1912302627E+2	2.1557526574E-3
3.0525713347E+0	4.1135108203E+2	2.1310080450E-3
3.0546899556E+0	4.0352652237E+2	2.1062278206E-3
3.0567837786E+0	3.9565676803E+2	2.0814123983E-3
3.0588527688E+0	3.8774965729E+2	2.0565621928E-3
3.0608968915E+0	3.7981329352E+2	2.0316776194E-3
3.0629161127E+0	3.7185584314E+2	2.0067590939E-3
3.0649103985E+0	3.6388532156E+2	1.9818070327E-3
3.0668797157E+0	3.5590940082E+2	1.9568218529E-3
3.0688240313E+0	3.4793526447E+2	1.9318039720E-3
3.0707433129E+0	3.3996952395E+2	1.9067538080E-3
3.0726375283E+0	3.3201819991E+2	1.8816717796E-3
3.0745066460E+0	3.2408676162E+2	1.8565583060E-3
3.0763506346E+0	3.1618021107E+2	1.8314138067E-3
3.0781694634E+0	3.0830319395E+2	1.8062387021E-3
3.0799631019E+0	3.0046011947E+2	1.7810334128E-3
3.0817315203E+0	2.9265527234E+2	1.7557983600E-3
3.0834746889E+0	2.8489290437E+2	1.7305339655E-3
3.0851925786E+0	2.7717729773E+2	1.7052406515E-3
3.0868851607E+0	2.6951279667E+2	1.6799188405E-3
3.0885524069E+0	2.6190380927E+2	1.6545689559E-3
3.0901942894E+0	2.5435478366E+2	1.6291914212E-3
3.0918107807E+0	2.4687016592E+2	1.6037866605E-3
3.0934018538E+0	2.3945434729E+2	1.5783550984E-3
3.0949674821E+0	2.3211160848E+2	1.5528971598E-3
3.0965076394E+0	2.2484606778E+2	1.5274132703E-3
3.0980223001E+0	2.1766163780E+2	1.5019038556E-3
3.0995114388E+0	2.1056199426E+2	1.4763693421E-3
3.1009750306E+0	2.0355055807E+2	1.4508101565E-3
3.1024130510E+0	1.9663049048E+2	1.4252267258E-3
3.1038254761E+0	1.8980469978E+2	1.3996194778E-3
3.1052122822E+0	1.8307585736E+2	1.3739888402E-3
3.1065734461E+0	1.7644642011E+2	1.3483352414E-3
3.1079089451E+0	1.6991865671E+2	1.3226591101E-3
3.1092187570E+0	1.6349467479E+2	1.2969608754E-3
3.1105028597E+0	1.5717644716E+2	1.2712409668E-3
3.1117612318E+0	1.5096583523E+2	1.2454998140E-3
3.1129938524E+0	1.4486460862E+2	1.2197378472E-3
3.1142007007E+0	1.3887446044E+2	1.1939554970E-3
3.1153817567E+0	1.3299701814E+2	1.1681531941E-3
3.1165370006E+0	1.2723385023E+2	1.1423313699E-3
3.1176664131E+0	1.2158646947E+2	1.1164904558E-3
3.1187699753E+0	1.1605633319E+2	1.0906308836E-3
3.1198476688E+0	1.1064484158E+2	1.0647530855E-3
3.1208994755E+0	1.0535333473E+2	1.0388574939E-3
3.1219253780E+0	1.0018308905E+2	1.0129445417E-3
3.1229253590E+0	9.5135313677E+1	9.8701466182E-4
3.1238994018E+0	9.0211147395E+1	9.6106828758E-4
3.1248474902E+0	8.5411656296E+1	9.3510585261E-4
3.1257696083E+0	8.0737832416E+1	9.0912779076E-4
3.1266657407E+0	7.6190593432E+1	8.8313453619E-4
3.1275358724E+0	7.1770783394E+1	8.5712652325E-4
3.1283799890E+0	6.7479174417E+1	8.3110418659E-4
3.1291980762E+0	6.3316469218E+1	8.0506796108E-4
3.1299901204E+0	5.9283304318E+1	7.7901828182E-4
3.1307561084E+0	5.5380253763E+1	7.5295558414E-4
3.1314960274E+0	5.1607833199E+1	7.2688030358E-4
3.1322098650E+0	4.7966504130E+1	7.0079287589E-4
3.1328976092E+0	4.4456678259E+1	6.7469373705E-4
3.1335592487E+0	4.1078721767E+1	6.4858332323E-4
3.1341947723E+0	3.7832959465E+1	6.2246207073E-4
3.1348041694E+0	3.4719678748E+1	5.9633041614E-4
3.1353874298E+0	3.1739133310E+1	5.7018879612E-4
3.1359445438E+0	2.8891546578E+1	5.4403764760E-4
3.1364755020E+0	2.6177114882E+1	5.1787740760E-4
3.1369802957E+0	2.3596010338E+1	4.9170851331E-4
3.1374589163E+0	2.1148383458E+1	4.6553140213E-4
3.1379113559E+0	1.8834365517E+1	4.3934651156E-4
3.1383376069E+0	1.6654070676E+1	4.1315427928E-4
3.1387376622E+0	1.4607597890E+1	3.8695514312E-4
3.1391115150E+0	1.2695032628E+1	3.6074954110E-4
3.1394591592E+0	1.0916448410E+1	3.3453791144E-4
3.1397805890E+0	9.2719081983E+0	3.0832069259E-4
3.1400757989E+0	7.7614656350E+0	2.8209832342E-4
3.1403447841E+0	6.3851661647E+0	2.5587124334E-4
3.1405875400E+0	5.1430480322E+0	2.2963989267E-4
3.1408040626E+0	4.0351431743E+0	2.0340471372E-4
3.1409943483E+0	3.0614780041E+0	1.7716615272E-4
3.1411583939E+0	2.2220740845E+0	1.5092466531E-4
3.1412961968E+0	1.5169486612E+0	1.2468073282E-4
3.1414077547E+0	9.4611494507E-1	9.8434919423E-5
3.1414930663E+0	5.0958163171E-1	7.2188137769E-5
3.1415521316E+0	2.0734830861E-1	4.5943520243E-5
3.1415849628E+0	3.9353079980E-2	1.9736940383E-5