# Differential cross section		
# Author: P. Swaczyna	Princeton University	(swaczyna@princeton.edu)
# Date: 	Wed 17 Feb 2021 11:44:57	
# 		
# Elastic collision: He^0 + He^+ -> He^0 + He^+		
# 		
# Red. mass: 	1.8640723202E+9	 eV/c^2
# CM energy: 	5.0118723363E+3	 eV
# Rel speed: 	6.9519128956E+7	 cm/s
# Tot sigma: 	N/A	 a.u.
# Int sigma: 	3.2541004823E+1	 a.u.
# 		
# Columns:		
# the <- scattering angle (rad)		
# dcs <- dsigma/dOmega*2*pi*sin(the) (a.u. = 2.8002852056E-17 cm^2)		
# wei <- weight for cross section integration (approx. width of angle bin)		
# 		
# the	dcs	wei
7.6907532846E-6	1.6023227610E+3	1.9736940383E-5
4.0521979771E-5	8.2870422037E+3	4.5943520243E-5
9.9587300392E-5	1.9150121917E+4	7.2188137769E-5
1.8489884726E-4	3.1499753418E+4	9.8434919423E-5
2.9645680168E-4	4.0309534267E+4	1.2468073282E-4
4.3425968311E-4	3.9692211507E+4	1.5092466531E-4
5.9830531657E-4	2.7577733286E+4	1.7716615272E-4
7.8859101285E-4	1.0713404267E+4	2.0340471372E-4
1.0051136166E-3	8.6064747832E+2	2.2963989267E-4
1.2478695220E-3	1.5050659378E+3	2.5587124334E-4
1.5168546797E-3	4.5458551908E+3	2.8209832342E-4
1.8120645986E-3	3.8848551304E+3	3.0832069259E-4
2.1334943481E-3	2.0903558169E+3	3.3453791144E-4
2.4811385584E-3	1.8819671288E+3	3.6074954110E-4
2.8549914211E-3	2.0194425230E+3	3.8695514312E-4
3.2550466893E-3	1.5576506110E+3	4.1315427928E-4
3.6812976783E-3	1.0348637520E+3	4.3934651156E-4
4.1337372652E-3	7.0000747487E+2	4.6553140213E-4
4.6123578895E-3	4.2859099917E+2	4.9170851331E-4
5.1171515529E-3	2.1752988249E+2	5.1787740760E-4
5.6481098199E-3	9.6483084520E+1	5.4403764760E-4
6.2052238176E-3	5.1077587386E+1	5.7018879612E-4
6.7884842360E-3	6.1158607386E+1	5.9633041614E-4
7.3978813281E-3	1.0666147733E+2	6.2246207073E-4
8.0334049101E-3	1.6645609405E+2	6.4858332323E-4
8.6950443616E-3	2.2292807272E+2	6.7469373705E-4
9.3827886258E-3	2.6356165006E+2	7.0079287589E-4
1.0096626210E-2	2.8181390056E+2	7.2688030358E-4
1.0836545184E-2	2.7650506816E+2	7.5295558414E-4
1.1602533184E-2	2.5107011042E+2	7.7901828182E-4
1.2394577408E-2	2.1155760484E+2	8.0506796108E-4
1.3212664621E-2	1.6511200563E+2	8.3110418659E-4
1.4056781152E-2	1.1865512148E+2	8.5712652325E-4
1.4926912893E-2	7.7533076451E+1	8.8313453619E-4
1.5823045305E-2	4.5269322952E+1	9.0912779076E-4
1.6745163410E-2	2.3311184087E+1	9.3510585261E-4
1.7693251801E-2	1.1354655727E+1	9.6106828758E-4
1.8667294632E-2	7.8595501914E+0	9.8701466182E-4
1.9667275626E-2	1.0575406286E+1	1.0129445417E-3
2.0693178073E-2	1.7060152788E+1	1.0388574939E-3
2.1744984827E-2	2.5089713122E+1	1.0647530855E-3
2.2822678313E-2	3.2884693732E+1	1.0906308836E-3
2.3926240519E-2	3.9223220788E+1	1.1164904558E-3
2.5055653005E-2	4.3432752276E+1	1.1423313699E-3
2.6210896896E-2	4.5305523331E+1	1.1681531941E-3
2.7391952886E-2	4.4992788724E+1	1.1939554970E-3
2.8598801239E-2	4.2844719688E+1	1.2197378472E-3
2.9831421786E-2	3.9339273480E+1	1.2454998140E-3
3.1089793929E-2	3.4955894922E+1	1.2712409668E-3
3.2373896638E-2	3.0137663309E+1	1.2969608754E-3
3.3683708455E-2	2.5260188040E+1	1.3226591101E-3
3.5019207490E-2	2.0600417593E+1	1.3483352414E-3
3.6380371427E-2	1.6347771498E+1	1.3739888402E-3
3.7767177517E-2	1.2617277389E+1	1.3996194778E-3
3.9179602586E-2	9.4563948943E+0	1.4252267258E-3
4.0617623030E-2	6.8652610079E+0	1.4508101565E-3
4.2081214817E-2	4.8122787572E+0	1.4763693421E-3
4.3570353490E-2	3.2440774776E+0	1.5019038556E-3
4.5085014162E-2	2.0939440379E+0	1.5274132703E-3
4.6625171522E-2	1.2958454479E+0	1.5528971598E-3
4.8190799831E-2	7.8408975191E-1	1.5783550984E-3
4.9781872927E-2	4.9780270345E-1	1.6037866605E-3
5.1398364219E-2	3.8347278829E-1	1.6291914212E-3
5.3040246694E-2	3.9548294653E-1	1.6545689559E-3
5.4707492914E-2	4.9533300046E-1	1.6799188405E-3
5.6400075017E-2	6.5233403637E-1	1.7052406515E-3
5.8117964718E-2	8.4197401540E-1	1.7305339655E-3
5.9861133308E-2	1.0460679837E+0	1.7557983600E-3
6.1629551657E-2	1.2501686249E+0	1.7810334128E-3
6.3423190212E-2	1.4446862780E+0	1.8062387021E-3
6.5242019000E-2	1.6225584342E+0	1.8314138067E-3
6.7086007624E-2	1.7795440783E+0	1.8565583060E-3
6.8955125270E-2	1.9136213125E+0	1.8816717796E-3
7.0849340702E-2	2.0232009070E+0	1.9067538080E-3
7.2768622264E-2	2.1097864504E+0	1.9318039720E-3
7.4712937885E-2	2.1732835176E+0	1.9568218529E-3
7.6682255070E-2	2.2156841902E+0	1.9818070327E-3
7.8676540910E-2	2.2393569107E+0	2.0067590939E-3
8.0695762079E-2	2.2449040810E+0	2.0316776194E-3
8.2739884832E-2	2.2354552296E+0	2.0565621928E-3
8.4808875009E-2	2.2128889788E+0	2.0814123983E-3
8.6902698034E-2	2.1788444817E+0	2.1062278206E-3
8.9021318917E-2	2.1350017959E+0	2.1310080450E-3
9.1164702253E-2	2.0836431745E+0	2.1557526574E-3
9.3332812224E-2	2.0262076985E+0	2.1804612443E-3
9.5525612596E-2	1.9637959452E+0	2.2051333928E-3
9.7743066726E-2	1.8973890430E+0	2.2297686905E-3
9.9985137556E-2	1.8285164087E+0	2.2543667257E-3
1.0225178762E-1	1.7578124513E+0	2.2789270875E-3
1.0454297904E-1	1.6867088422E+0	2.3034493653E-3
1.0685867352E-1	1.6147111386E+0	2.3279331494E-3
1.0919883237E-1	1.5433966283E+0	2.3523780306E-3
1.1156341648E-1	1.4729510563E+0	2.3767836004E-3
1.1395238633E-1	1.4036767633E+0	2.4011494510E-3
1.1636570200E-1	1.3358080026E+0	2.4254751751E-3
1.1880332317E-1	1.2698729642E+0	2.4497603662E-3
1.2126520909E-1	1.2061918396E+0	2.4740046186E-3
1.2375131862E-1	1.1443777999E+0	2.4982075270E-3
1.2626161023E-1	1.0849635924E+0	2.5223686871E-3
1.2879604195E-1	1.0277432713E+0	2.5464876949E-3
1.3135457143E-1	9.7290591843E-1	2.5705641475E-3
1.3393715592E-1	9.2063553774E-1	2.5945976426E-3
1.3654375226E-1	8.7049770682E-1	2.6185877784E-3
1.3917431689E-1	8.2273167774E-1	2.6425341541E-3
1.4182880585E-1	7.7734906860E-1	2.6664363695E-3
1.4450717478E-1	7.3409778934E-1	2.6902940251E-3
1.4720937892E-1	6.9305272656E-1	2.7141067224E-3
1.4993537310E-1	6.5412382226E-1	2.7378740632E-3
1.5268511179E-1	6.1725151275E-1	2.7615956505E-3
1.5545854902E-1	5.8250754149E-1	2.7852710878E-3
1.5825563845E-1	5.4935351500E-1	2.8088999795E-3
1.6107633333E-1	5.1811816553E-1	2.8324819307E-3
1.6392058653E-1	4.8866260395E-1	2.8560165473E-3
1.6678835052E-1	4.6076623687E-1	2.8795034361E-3
1.6967957737E-1	4.3449638462E-1	2.9029422044E-3
1.7259421876E-1	4.0975201620E-1	2.9263324607E-3
1.7553222599E-1	3.8631357046E-1	2.9496738141E-3
1.7849354996E-1	3.6416613319E-1	2.9729658744E-3
1.8147814117E-1	3.4346311323E-1	2.9962082525E-3
1.8448594977E-1	3.2384137934E-1	3.0194005599E-3
1.8751692548E-1	3.0535452191E-1	3.0425424091E-3
1.9057101764E-1	2.8797840471E-1	3.0656334132E-3
1.9364817522E-1	2.7161337302E-1	3.0886731866E-3
1.9674834681E-1	2.5623252006E-1	3.1116613440E-3
1.9987148058E-1	2.4170531366E-1	3.1345975014E-3
2.0301752435E-1	2.2799734686E-1	3.1574812755E-3
2.0618642554E-1	2.1511399983E-1	3.1803122838E-3
2.0937813120E-1	2.0299527882E-1	3.2030901448E-3
2.1259258799E-1	1.9160666378E-1	3.2258144779E-3
2.1582974219E-1	1.8087255081E-1	3.2484849032E-3
2.1908953970E-1	1.7072780200E-1	3.2711010421E-3
2.2237192605E-1	1.6124701417E-1	3.2936625164E-3
2.2567684639E-1	1.5226730059E-1	3.3161689492E-3
2.2900424548E-1	1.4384167036E-1	3.3386199643E-3
2.3235406772E-1	1.3586032424E-1	3.3610151867E-3
2.3572625713E-1	1.2837892700E-1	3.3833542419E-3
2.3912075735E-1	1.2132699620E-1	3.4056367567E-3
2.4253751167E-1	1.1469079259E-1	3.4278623588E-3
2.4597646298E-1	1.0841829632E-1	3.4500306767E-3
2.4943755380E-1	1.0251953587E-1	3.4721413399E-3
2.5292072631E-1	9.6944098288E-2	3.4941939790E-3
2.5642592230E-1	9.1723431085E-2	3.5161882254E-3
2.5995308318E-1	8.6776978403E-2	3.5381237115E-3
2.6350215001E-1	8.2128325961E-2	3.5600000709E-3
2.6707306349E-1	7.7742744216E-2	3.5818169379E-3
2.7066576394E-1	7.3600880591E-2	3.6035739479E-3
2.7428019131E-1	6.9691245054E-2	3.6252707373E-3
2.7791628522E-1	6.6022401715E-2	3.6469069436E-3
2.8157398488E-1	6.2520811442E-2	3.6684822051E-3
2.8525322919E-1	5.9271101087E-2	3.6899961614E-3
2.8895395665E-1	5.6165426730E-2	3.7114484529E-3
2.9267610542E-1	5.3239588805E-2	3.7328387211E-3
2.9641961330E-1	5.0464207925E-2	3.7541666086E-3
3.0018441773E-1	4.7860157706E-2	3.7754317588E-3
3.0397045579E-1	4.5396726978E-2	3.7966338166E-3
3.0777766421E-1	4.3067299385E-2	3.8177724274E-3
3.1160597938E-1	4.0856291189E-2	3.8388472382E-3
3.1545533730E-1	3.8799881908E-2	3.8598578967E-3
3.1932567367E-1	3.6810502741E-2	3.8808040517E-3
3.2321692379E-1	3.4955312568E-2	3.9016853533E-3
3.2712902264E-1	3.3196182486E-2	3.9225014525E-3
3.3106190484E-1	3.1541355397E-2	3.9432520014E-3
3.3501550468E-1	2.9965762601E-2	3.9639366533E-3
3.3898975607E-1	2.8476698403E-2	3.9845550624E-3
3.4298459261E-1	2.7060427233E-2	4.0051068843E-3
3.4699994753E-1	2.5724863654E-2	4.0255917754E-3
3.5103575373E-1	2.4472226811E-2	4.0460093936E-3
3.5509194378E-1	2.3260739760E-2	4.0663593974E-3
3.5916844988E-1	2.2133135115E-2	4.0866414469E-3
3.6326520391E-1	2.1060782039E-2	4.1068552032E-3
3.6738213741E-1	2.0036021266E-2	4.1270003283E-3
3.7151918157E-1	1.9072098118E-2	4.1470764858E-3
3.7567626728E-1	1.8157278546E-2	4.1670833400E-3
3.7985332504E-1	1.7286411994E-2	4.1870205567E-3
3.8405028507E-1	1.6462578276E-2	4.2068878026E-3
3.8826707721E-1	1.5684400988E-2	4.2266847457E-3
3.9250363101E-1	1.4941653003E-2	4.2464110553E-3
3.9675987567E-1	1.4236114548E-2	4.2660664016E-3
4.0103574005E-1	1.3563827946E-2	4.2856504563E-3
4.0533115271E-1	1.2930275195E-2	4.3051628919E-3
4.0964604185E-1	1.2329797632E-2	4.3246033825E-3
4.1398033538E-1	1.1759180026E-2	4.3439716031E-3
4.1833396086E-1	1.1215408421E-2	4.3632672302E-3
4.2270684554E-1	1.0695105288E-2	4.3824899412E-3
4.2709891633E-1	1.0205675457E-2	4.4016394148E-3
4.3151009985E-1	9.7393363770E-3	4.4207153312E-3
4.3594032237E-1	9.2932750484E-3	4.4397173715E-3
4.4038950986E-1	8.8728802514E-3	4.4586452181E-3
4.4485758797E-1	8.4742330767E-3	4.4774985548E-3
4.4934448203E-1	8.0914479121E-3	4.4962770664E-3
4.5385011706E-1	7.7277716064E-3	4.5149804392E-3
4.5837441776E-1	7.3770575662E-3	4.5336083606E-3
4.6291730852E-1	7.0522130423E-3	4.5521605193E-3
4.6747871344E-1	6.7357888678E-3	4.5706366053E-3
4.7205855627E-1	6.4357426451E-3	4.5890363098E-3
4.7665676049E-1	6.1531621539E-3	4.6073593254E-3
4.8127324926E-1	5.8820377173E-3	4.6256053458E-3
4.8590794542E-1	5.6247869370E-3	4.6437740661E-3
4.9056077152E-1	5.3769593586E-3	4.6618651826E-3
4.9523164982E-1	5.1413560667E-3	4.6798783932E-3
4.9992050224E-1	4.9184743922E-3	4.6978133967E-3
5.0462725044E-1	4.7068589973E-3	4.7156698934E-3
5.0935181576E-1	4.5057383724E-3	4.7334475849E-3
5.1409411924E-1	4.3081741269E-3	4.7511461741E-3
5.1885408164E-1	4.1239687259E-3	4.7687653653E-3
5.2363162341E-1	3.9482449872E-3	4.7863048641E-3
5.2842666471E-1	3.7798404142E-3	4.8037643772E-3
5.3323912540E-1	3.6204286946E-3	4.8211436130E-3
5.3806892508E-1	3.4664466827E-3	4.8384422809E-3
5.4291598301E-1	3.3198016435E-3	4.8556600920E-3
5.4778021821E-1	3.1808415058E-3	4.8727967585E-3
5.5266154939E-1	3.0470752908E-3	4.8898519940E-3
5.5755989496E-1	2.9180369344E-3	4.9068255135E-3
5.6247517308E-1	2.7981465430E-3	4.9237170334E-3
5.6740730160E-1	2.6810487662E-3	4.9405262713E-3
5.7235619810E-1	2.5719143006E-3	4.9572529464E-3
5.7732177988E-1	2.4644737892E-3	4.9738967791E-3
5.8230396395E-1	2.3636894855E-3	4.9904574913E-3
5.8730266706E-1	2.2658967698E-3	5.0069348063E-3
5.9231780568E-1	2.1721933724E-3	5.0233284486E-3
5.9734929598E-1	2.0841365427E-3	5.0396381444E-3
6.0239705389E-1	1.9982015853E-3	5.0558636210E-3
6.0746099506E-1	1.9178653674E-3	5.0720046074E-3
6.1254103485E-1	1.8404663275E-3	5.0880608338E-3
6.1763708838E-1	1.7651578844E-3	5.1040320318E-3
6.2274907048E-1	1.6938443668E-3	5.1199179345E-3
6.2787689573E-1	1.6259402051E-3	5.1357182766E-3
6.3302047843E-1	1.5614382032E-3	5.1514327939E-3
6.3817973262E-1	1.4983211751E-3	5.1670612238E-3
6.4335457209E-1	1.4388256430E-3	5.1826033052E-3
6.4854491036E-1	1.3816114950E-3	5.1980587783E-3
6.5375066070E-1	1.3264322215E-3	5.2134273849E-3
6.5897173609E-1	1.2737336962E-3	5.2287088681E-3
6.6420804930E-1	1.2233381483E-3	5.2439029725E-3
6.6945951283E-1	1.1755623381E-3	5.2590094442E-3
6.7472603890E-1	1.1289918767E-3	5.2740280309E-3
6.8000753951E-1	1.0849949382E-3	5.2889584814E-3
6.8530392640E-1	1.0426051141E-3	5.3038005463E-3
6.9061511106E-1	1.0013415775E-3	5.3185539776E-3
6.9594100473E-1	9.6289215946E-4	5.3332185287E-3
7.0128151841E-1	9.2469676156E-4	5.3477939546E-3
7.0663656285E-1	8.8871214876E-4	5.3622800116E-3
7.1200604856E-1	8.5429966088E-4	5.3766764577E-3
7.1738988581E-1	8.2162195803E-4	5.3909830523E-3
7.2278798463E-1	7.9054977204E-4	5.4051995564E-3
7.2820025482E-1	7.5951771741E-4	5.4193257323E-3
7.3362660591E-1	7.3098870711E-4	5.4333613439E-3
7.3906694724E-1	7.0270364827E-4	5.4473061568E-3
7.4452118788E-1	6.7557901566E-4	5.4611599379E-3
7.4998923669E-1	6.4993344086E-4	5.4749224557E-3
7.5547100229E-1	6.2546884809E-4	5.4885934801E-3
7.6096639308E-1	6.0145630488E-4	5.5021727828E-3
7.6647531721E-1	5.7905731530E-4	5.5156601367E-3
7.7199768263E-1	5.5650986270E-4	5.5290553166E-3
7.7753339704E-1	5.3617762911E-4	5.5423580985E-3
7.8308236795E-1	5.1617083985E-4	5.5555682601E-3
7.8864450262E-1	4.9670692681E-4	5.5686855808E-3
7.9421970809E-1	4.7804550566E-4	5.5817098412E-3
7.9980789121E-1	4.5939811880E-4	5.5946408237E-3
8.0540895857E-1	4.4258666806E-4	5.6074783123E-3
8.1102281659E-1	4.2602012757E-4	5.6202220924E-3
8.1664937145E-1	4.1040317582E-4	5.6328719509E-3
8.2228852912E-1	3.9442786617E-4	5.6454276767E-3
8.2794019536E-1	3.7995729365E-4	5.6578890597E-3
8.3360427572E-1	3.6569382021E-4	5.6702558918E-3
8.3928067556E-1	3.5272866122E-4	5.6825279663E-3
8.4496930000E-1	3.3946036495E-4	5.6947050782E-3
8.5067005399E-1	3.2702682035E-4	5.7067870238E-3
8.5638284226E-1	3.1472695576E-4	5.7187736014E-3
8.6210756934E-1	3.0334345994E-4	5.7306646105E-3
8.6784413956E-1	2.9215179852E-4	5.7424598526E-3
8.7359245705E-1	2.8122138368E-4	5.7541591304E-3
8.7935242576E-1	2.7098351402E-4	5.7657622485E-3
8.8512394943E-1	2.6117174709E-4	5.7772690129E-3
8.9090693161E-1	2.5185424272E-4	5.7886792314E-3
8.9670127565E-1	2.4217607467E-4	5.7999927133E-3
9.0250688473E-1	2.3372073406E-4	5.8112092696E-3
9.0832366182E-1	2.2472036103E-4	5.8223287127E-3
9.1415150972E-1	2.1706241181E-4	5.8333508568E-3
9.1999033104E-1	2.0906815542E-4	5.8442755178E-3
9.2584002820E-1	2.0159963100E-4	5.8551025132E-3
9.3170050345E-1	1.9410334789E-4	5.8658316618E-3
9.3757165885E-1	1.8722455994E-4	5.8764627846E-3
9.4345339628E-1	1.8014180206E-4	5.8869957037E-3
9.4934561746E-1	1.7365298289E-4	5.8974302433E-3
9.5524822392E-1	1.6745559118E-4	5.9077662288E-3
9.6116111701E-1	1.6139947877E-4	5.9180034877E-3
9.6708419793E-1	1.5569945489E-4	5.9281418487E-3
9.7301736769E-1	1.4986261513E-4	5.9381811425E-3
9.7896052713E-1	1.4448971333E-4	5.9481212013E-3
9.8491357695E-1	1.3918913206E-4	5.9579618591E-3
9.9087641766E-1	1.3422773350E-4	5.9677029512E-3
9.9684894961E-1	1.2944351663E-4	5.9773443150E-3
1.0028310730E+0	1.2503938853E-4	5.9868857894E-3
1.0088226878E+0	1.2028688598E-4	5.9963272149E-3
1.0148236940E+0	1.1619173141E-4	6.0056684336E-3
1.0208339913E+0	1.1178695804E-4	6.0149092896E-3
1.0268534791E+0	1.0806870810E-4	6.0240496283E-3
1.0328820570E+0	1.0414071107E-4	6.0330892971E-3
1.0389196241E+0	1.0023305074E-4	6.0420281448E-3
1.0449660796E+0	9.6582339943E-5	6.0508660221E-3
1.0510213224E+0	9.3188573915E-5	6.0596027814E-3
1.0570852514E+0	8.9930064280E-5	6.0682382765E-3
1.0631577652E+0	8.6856481037E-5	6.0767723631E-3
1.0692387623E+0	8.3662699310E-5	6.0852048988E-3
1.0753281411E+0	8.0666276544E-5	6.0935357425E-3
1.0814257998E+0	7.7785184581E-5	6.1017647550E-3
1.0875316366E+0	7.5043928785E-5	6.1098917988E-3
1.0936455494E+0	7.2368402155E-5	6.1179167381E-3
1.0997674360E+0	6.9661656730E-5	6.1258394388E-3
1.1058971941E+0	6.7291006643E-5	6.1336597685E-3
1.1120347214E+0	6.4932656966E-5	6.1413775965E-3
1.1181799151E+0	6.2694086893E-5	6.1489927938E-3
1.1243326727E+0	6.0387706293E-5	6.1565052331E-3
1.1304928913E+0	5.8219955699E-5	6.1639147890E-3
1.1366604679E+0	5.6052356883E-5	6.1712213376E-3
1.1428352996E+0	5.4025727855E-5	6.1784247568E-3
1.1490172830E+0	5.2305769123E-5	6.1855249261E-3
1.1552063150E+0	5.0261290740E-5	6.1925217271E-3
1.1614022920E+0	4.8620084558E-5	6.1994150427E-3
1.1676051105E+0	4.6745700076E-5	6.2062047577E-3
1.1738146669E+0	4.5233712848E-5	6.2128907587E-3
1.1800308574E+0	4.3437258374E-5	6.2194729339E-3
1.1862535782E+0	4.1939509651E-5	6.2259511734E-3
1.1924827251E+0	4.0501670457E-5	6.2323253688E-3
1.1987181942E+0	3.9079504446E-5	6.2385954138E-3
1.2049598812E+0	3.7688218500E-5	6.2447612034E-3
1.2112076818E+0	3.6319111960E-5	6.2508226346E-3
1.2174614916E+0	3.5027058013E-5	6.2567796062E-3
1.2237212062E+0	3.3723438881E-5	6.2626320186E-3
1.2299867208E+0	3.2564197040E-5	6.2683797740E-3
1.2362579308E+0	3.1388287999E-5	6.2740227763E-3
1.2425347314E+0	3.0255599790E-5	6.2795609313E-3
1.2488170177E+0	2.9131268789E-5	6.2849941464E-3
1.2551046847E+0	2.8157058377E-5	6.2903223308E-3
1.2613976273E+0	2.7060530323E-5	6.2955453954E-3
1.2676957404E+0	2.6205577056E-5	6.3006632530E-3
1.2739989187E+0	2.5138487104E-5	6.3056758180E-3
1.2803070569E+0	2.4270227422E-5	6.3105830068E-3
1.2866200496E+0	2.3471274029E-5	6.3153847371E-3
1.2929377912E+0	2.2552348084E-5	6.3200809290E-3
1.2992601762E+0	2.1669949533E-5	6.3246715037E-3
1.3055870990E+0	2.0958514877E-5	6.3291563847E-3
1.3119184537E+0	2.0253039566E-5	6.3335354970E-3
1.3182541347E+0	1.9541308727E-5	6.3378087674E-3
1.3245940360E+0	1.8809460074E-5	6.3419761245E-3
1.3309380516E+0	1.8114665338E-5	6.3460374987E-3
1.3372860756E+0	1.7456547717E-5	6.3499928220E-3
1.3436380019E+0	1.6822127379E-5	6.3538420284E-3
1.3499937243E+0	1.6201920365E-5	6.3575850535E-3
1.3563531366E+0	1.5596801737E-5	6.3612218349E-3
1.3627161325E+0	1.5001070006E-5	6.3647523117E-3
1.3690826057E+0	1.4475505263E-5	6.3681764249E-3
1.3754524499E+0	1.3934010600E-5	6.3714941173E-3
1.3818255585E+0	1.3447522285E-5	6.3747053335E-3
1.3882018250E+0	1.2923601378E-5	6.3778100198E-3
1.3945811430E+0	1.2472353280E-5	6.3808081243E-3
1.4009634057E+0	1.1963398729E-5	6.3836995970E-3
1.4073485066E+0	1.1572443402E-5	6.3864843894E-3
1.4137363389E+0	1.1095094441E-5	6.3891624551E-3
1.4201267959E+0	1.0738771144E-5	6.3917337493E-3
1.4265197708E+0	1.0259356504E-5	6.3941982290E-3
1.4329151568E+0	9.9563748121E-6	6.3965558531E-3
1.4393128469E+0	9.5297393401E-6	6.3988065821E-3
1.4457127343E+0	9.2313272762E-6	6.4009503785E-3
1.4521147120E+0	8.8272897201E-6	6.4029872063E-3
1.4585186731E+0	8.5124868532E-6	6.4049170317E-3
1.4649245104E+0	8.2237401842E-6	6.4067398222E-3
1.4713321170E+0	7.8565293367E-6	6.4084555476E-3
1.4777413858E+0	7.6059312123E-6	6.4100641790E-3
1.4841522097E+0	7.3250416214E-6	6.4115656896E-3
1.4905644815E+0	6.9899323428E-6	6.4129600544E-3
1.4969780940E+0	6.7602428526E-6	6.4142472499E-3
1.5033929402E+0	6.5272013776E-6	6.4154272548E-3
1.5098089128E+0	6.2309248952E-6	6.4165000493E-3
1.5162259046E+0	5.9856721749E-6	6.4174656154E-3
1.5226438083E+0	5.7952183438E-6	6.4183239370E-3
1.5290625167E+0	5.5709313963E-6	6.4190749998E-3
1.5354819225E+0	5.3218225228E-6	6.4197187912E-3
1.5419019185E+0	5.1064809515E-6	6.4202553005E-3
1.5483223974E+0	4.9370761500E-6	6.4206845187E-3
1.5547432518E+0	4.7367554998E-6	6.4210064386E-3
1.5611643745E+0	4.5547574460E-6	6.4212210549E-3
1.5675856581E+0	4.3546009616E-6	6.4213283639E-3
1.5740069954E+0	4.2051415742E-6	6.4213283639E-3
1.5804282791E+0	4.0147199428E-6	6.4212210549E-3
1.5868494018E+0	3.8793727495E-6	6.4210064386E-3
1.5932702562E+0	3.7061526203E-6	6.4206845187E-3
1.5996907351E+0	3.5729388231E-6	6.4202553005E-3
1.6061107310E+0	3.3994578432E-6	6.4197187912E-3
1.6125301369E+0	3.2814760969E-6	6.4190749998E-3
1.6189488453E+0	3.1507522203E-6	6.4183239370E-3
1.6253667490E+0	3.0304265310E-6	6.4174656154E-3
1.6317837408E+0	2.8816596877E-6	6.4165000493E-3
1.6381997134E+0	2.7759366638E-6	6.4154272548E-3
1.6446145595E+0	2.6789897067E-6	6.4142472499E-3
1.6510281721E+0	2.5514068735E-6	6.4129600544E-3
1.6574404439E+0	2.4329209373E-6	6.4115656896E-3
1.6638512678E+0	2.3569315936E-6	6.4100641790E-3
1.6702605366E+0	2.2458078303E-6	6.4084555476E-3
1.6766681432E+0	2.1430340960E-6	6.4067398222E-3
1.6830739805E+0	2.0796337136E-6	6.4049170317E-3
1.6894779416E+0	1.9511640585E-6	6.4029872063E-3
1.6958799193E+0	1.8974758738E-6	6.4009503785E-3
1.7022798067E+0	1.8015299808E-6	6.3988065821E-3
1.7086774968E+0	1.7292285505E-6	6.3965558531E-3
1.7150728827E+0	1.6476602781E-6	6.3941982290E-3
1.7214658576E+0	1.5821687676E-6	6.3917337493E-3
1.7278563146E+0	1.5092138810E-6	6.3891624551E-3
1.7342441470E+0	1.4509066684E-6	6.3864843894E-3
1.7406292478E+0	1.3667375667E-6	6.3836995970E-3
1.7470115106E+0	1.3244293971E-6	6.3808081243E-3
1.7533908286E+0	1.2642453258E-6	6.3778100198E-3
1.7597670951E+0	1.1939218516E-6	6.3747053335E-3
1.7661402037E+0	1.1568226782E-6	6.3714941173E-3
1.7725100479E+0	1.0983653220E-6	6.3681764249E-3
1.7788765211E+0	1.0451198393E-6	6.3647523117E-3
1.7852395170E+0	9.8807688657E-7	6.3612218349E-3
1.7915989293E+0	9.4983696175E-7	6.3575850535E-3
1.7979546517E+0	9.0382534654E-7	6.3538420284E-3
1.8043065780E+0	8.6621764153E-7	6.3499928220E-3
1.8106546020E+0	8.2063697387E-7	6.3460374987E-3
1.8169986176E+0	7.8533748089E-7	6.3419761245E-3
1.8233385189E+0	7.4310032562E-7	6.3378087674E-3
1.8296741999E+0	7.1164493445E-7	6.3335354970E-3
1.8360055546E+0	6.7163468144E-7	6.3291563847E-3
1.8423324774E+0	6.4366892117E-7	6.3246715037E-3
1.8486548624E+0	6.0591588701E-7	6.3200809290E-3
1.8549726040E+0	5.8073562613E-7	6.3153847371E-3
1.8612855967E+0	5.5019530573E-7	6.3105830068E-3
1.8675937349E+0	5.1793823089E-7	6.3056758180E-3
1.8738969132E+0	4.9836665320E-7	6.3006632530E-3
1.8801950263E+0	4.6832014351E-7	6.2955453954E-3
1.8864879689E+0	4.4718370421E-7	6.2903223308E-3
1.8927756359E+0	4.1440844138E-7	6.2849941464E-3
1.8990579222E+0	4.0470241951E-7	6.2795609313E-3
1.9053347228E+0	3.8135873828E-7	6.2740227763E-3
1.9116059328E+0	3.5445846192E-7	6.2683797740E-3
1.9178714474E+0	3.3524723474E-7	6.2626320186E-3
1.9241311620E+0	3.2283665999E-7	6.2567796062E-3
1.9303849718E+0	3.0677524440E-7	6.2508226346E-3
1.9366327724E+0	2.8761419727E-7	6.2447612034E-3
1.9428744594E+0	2.6921748728E-7	6.2385954138E-3
1.9491099285E+0	2.4937194591E-7	6.2323253688E-3
1.9553390754E+0	2.3725080740E-7	6.2259511734E-3
1.9615617961E+0	2.3054344976E-7	6.2194729339E-3
1.9677779867E+0	2.1807932205E-7	6.2128907587E-3
1.9739875431E+0	1.9929196023E-7	6.2062047577E-3
1.9801903616E+0	1.9546267794E-7	6.1994150427E-3
1.9863863386E+0	1.7633563002E-7	6.1925217271E-3
1.9925753706E+0	1.7059470510E-7	6.1855249261E-3
1.9987573540E+0	1.6134213016E-7	6.1784247568E-3
2.0049321857E+0	1.4527356567E-7	6.1712213376E-3
2.0110997623E+0	1.3786946746E-7	6.1639147890E-3
2.0172599809E+0	1.3003049210E-7	6.1565052331E-3
2.0234127385E+0	1.2450298227E-7	6.1489927938E-3
2.0295579322E+0	1.1511570360E-7	6.1413775965E-3
2.0356954595E+0	1.0921433824E-7	6.1336597685E-3
2.0418252176E+0	1.0212680050E-7	6.1258394388E-3
2.0479471042E+0	9.8976155376E-8	6.1179167381E-3
2.0540610170E+0	8.9427406696E-8	6.1098917988E-3
2.0601668538E+0	8.5584096015E-8	6.1017647550E-3
2.0662645125E+0	7.8812382164E-8	6.0935357425E-3
2.0723538913E+0	7.5722424642E-8	6.0852048988E-3
2.0784348884E+0	7.1761389351E-8	6.0767723631E-3
2.0845074022E+0	6.6685276962E-8	6.0682382765E-3
2.0905713312E+0	6.3487122385E-8	6.0596027814E-3
2.0966265740E+0	5.8223828561E-8	6.0508660221E-3
2.1026730295E+0	5.6917003662E-8	6.0420281448E-3
2.1087105966E+0	5.2080317275E-8	6.0330892971E-3
2.1147391745E+0	4.9795178243E-8	6.0240496283E-3
2.1207586623E+0	4.5775649203E-8	6.0149092896E-3
2.1267689596E+0	4.6313270329E-8	6.0056684336E-3
2.1327699657E+0	4.2025572526E-8	5.9963272149E-3
2.1387615806E+0	4.1107036337E-8	5.9868857894E-3
2.1447437040E+0	4.0131502744E-8	5.9773443150E-3
2.1507162359E+0	3.6982336769E-8	5.9677029512E-3
2.1566790766E+0	3.5676693676E-8	5.9579618591E-3
2.1626321265E+0	3.4822192621E-8	5.9481212013E-3
2.1685752859E+0	3.4610585528E-8	5.9381811425E-3
2.1745084557E+0	3.3892348277E-8	5.9281418487E-3
2.1804315366E+0	3.0092198137E-8	5.9180034877E-3
2.1863444297E+0	3.3134907127E-8	5.9077662288E-3
2.1922470361E+0	2.9255692402E-8	5.8974302433E-3
2.1981392573E+0	3.1939751416E-8	5.8869957037E-3
2.2040209947E+0	2.9248130478E-8	5.8764627846E-3
2.2098921501E+0	2.9217065158E-8	5.8658316618E-3
2.2157526254E+0	2.8456211637E-8	5.8551025132E-3
2.2216023226E+0	2.9089482206E-8	5.8442755178E-3
2.2274411439E+0	3.0811553070E-8	5.8333508568E-3
2.2332689918E+0	3.1260121528E-8	5.8223287127E-3
2.2390857689E+0	2.9457113403E-8	5.8112092696E-3
2.2448913779E+0	3.1557396692E-8	5.7999927133E-3
2.2506857220E+0	3.0756675048E-8	5.7886792314E-3
2.2564687042E+0	3.0774225530E-8	5.7772690129E-3
2.2622402278E+0	3.1126851077E-8	5.7657622485E-3
2.2680001965E+0	3.2552231978E-8	5.7541591304E-3
2.2737485140E+0	3.1903634171E-8	5.7424598526E-3
2.2794850843E+0	3.5020140579E-8	5.7306646105E-3
2.2852098113E+0	3.4837798453E-8	5.7187736014E-3
2.2909225996E+0	3.6111236404E-8	5.7067870238E-3
2.2966233536E+0	3.5887777713E-8	5.6947050782E-3
2.3023119780E+0	3.8079247882E-8	5.6825279663E-3
2.3079883779E+0	3.7658928797E-8	5.6702558918E-3
2.3136524582E+0	3.9073327475E-8	5.6578890597E-3
2.3193041245E+0	4.0083880205E-8	5.6454276767E-3
2.3249432821E+0	4.1006112481E-8	5.6328719509E-3
2.3305698370E+0	4.2673501260E-8	5.6202220924E-3
2.3361836950E+0	4.3340627005E-8	5.6074783123E-3
2.3417847624E+0	4.4432295887E-8	5.5946408237E-3
2.3473729455E+0	4.5358833555E-8	5.5817098412E-3
2.3529481510E+0	4.5055290516E-8	5.5686855808E-3
2.3585102856E+0	4.7952480658E-8	5.5555682601E-3
2.3640592565E+0	4.8913844109E-8	5.5423580985E-3
2.3695949710E+0	5.0040008922E-8	5.5290553166E-3
2.3751173364E+0	4.9379857078E-8	5.5156601367E-3
2.3806262605E+0	5.1192485516E-8	5.5021727828E-3
2.3861216513E+0	5.4281220401E-8	5.4885934801E-3
2.3916034169E+0	5.4269748012E-8	5.4749224557E-3
2.3970714657E+0	5.5098341510E-8	5.4611599379E-3
2.4025257064E+0	5.6163139384E-8	5.4473061568E-3
2.4079660477E+0	5.6540714253E-8	5.4333613439E-3
2.4133923988E+0	5.6809024428E-8	5.4193257323E-3
2.4188046690E+0	5.9749176049E-8	5.4051995564E-3
2.4242027678E+0	6.1535366039E-8	5.3909830523E-3
2.4295866050E+0	6.0299299699E-8	5.3766764577E-3
2.4349560907E+0	6.1179083749E-8	5.3622800116E-3
2.4403111352E+0	6.3892028602E-8	5.3477939546E-3
2.4456516489E+0	6.4770703861E-8	5.3332185287E-3
2.4509775425E+0	6.3350825057E-8	5.3185539776E-3
2.4562887272E+0	6.6031023977E-8	5.3038005463E-3
2.4615851141E+0	6.7865635035E-8	5.2889584814E-3
2.4668666147E+0	6.7881330415E-8	5.2740280309E-3
2.4721331408E+0	6.9832197479E-8	5.2590094442E-3
2.4773846043E+0	7.1484359055E-8	5.2439029725E-3
2.4826209175E+0	6.7677389887E-8	5.2287088681E-3
2.4878419929E+0	7.2717780560E-8	5.2134273849E-3
2.4930477432E+0	6.9167095925E-8	5.1980587783E-3
2.4982380815E+0	7.0471600025E-8	5.1826033052E-3
2.5034129210E+0	7.1768679501E-8	5.1670612238E-3
2.5085721752E+0	7.2800520729E-8	5.1514327939E-3
2.5137157579E+0	7.6320785995E-8	5.1357182766E-3
2.5188435831E+0	7.1866768256E-8	5.1199179345E-3
2.5239555652E+0	7.8490485114E-8	5.1040320318E-3
2.5290516187E+0	7.7814837473E-8	5.0880608338E-3
2.5341316585E+0	7.7520080793E-8	5.0720046074E-3
2.5391955997E+0	7.8943464581E-8	5.0558636210E-3
2.5442433576E+0	7.8524426157E-8	5.0396381444E-3
2.5492748479E+0	7.8627068965E-8	5.0233284486E-3
2.5542899865E+0	7.8794216235E-8	5.0069348063E-3
2.5592886896E+0	8.2026247867E-8	4.9904574913E-3
2.5642708737E+0	8.2227620756E-8	4.9738967791E-3
2.5692364555E+0	8.0893368811E-8	4.9572529464E-3
2.5741853520E+0	7.7987011090E-8	4.9405262713E-3
2.5791174805E+0	8.3814778548E-8	4.9237170334E-3
2.5840327586E+0	7.9253097892E-8	4.9068255135E-3
2.5889311042E+0	7.9539391168E-8	4.8898519940E-3
2.5938124354E+0	8.0336232527E-8	4.8727967585E-3
2.5986766706E+0	8.1509344792E-8	4.8556600920E-3
2.6035237285E+0	8.5655492849E-8	4.8384422809E-3
2.6083535282E+0	8.0761005959E-8	4.8211436130E-3
2.6131659889E+0	8.4973474557E-8	4.8037643772E-3
2.6179610302E+0	8.5304870909E-8	4.7863048641E-3
2.6227385719E+0	8.4925607584E-8	4.7687653653E-3
2.6274985343E+0	8.2252553633E-8	4.7511461741E-3
2.6322408378E+0	8.4736149554E-8	4.7334475849E-3
2.6369654032E+0	8.2459940443E-8	4.7156698934E-3
2.6416721513E+0	8.4676065821E-8	4.6978133967E-3
2.6463610038E+0	8.4454982179E-8	4.6798783932E-3
2.6510318821E+0	8.2093718508E-8	4.6618651826E-3
2.6556847082E+0	8.4496312925E-8	4.6437740661E-3
2.6603194043E+0	8.5449971253E-8	4.6256053458E-3
2.6649358931E+0	8.6527429622E-8	4.6073593254E-3
2.6695340973E+0	8.6824907761E-8	4.5890363098E-3
2.6741139402E+0	8.6123283027E-8	4.5706366053E-3
2.6786753451E+0	8.5321742150E-8	4.5521605193E-3
2.6832182358E+0	8.4597824452E-8	4.5336083606E-3
2.6877425365E+0	8.2677628927E-8	4.5149804392E-3
2.6922481716E+0	8.5795789588E-8	4.4962770664E-3
2.6967350656E+0	8.4181549130E-8	4.4774985548E-3
2.7012031437E+0	8.0717593787E-8	4.4586452181E-3
2.7056523312E+0	8.5966260911E-8	4.4397173715E-3
2.7100825537E+0	8.1724465344E-8	4.4207153312E-3
2.7144937373E+0	8.2346043731E-8	4.4016394148E-3
2.7188858081E+0	8.2306500431E-8	4.3824899412E-3
2.7232586927E+0	8.0659565290E-8	4.3632672302E-3
2.7276123182E+0	8.5041345934E-8	4.3439716031E-3
2.7319466117E+0	8.1322888632E-8	4.3246033825E-3
2.7362615009E+0	8.2081302134E-8	4.3051628919E-3
2.7405569135E+0	8.1514340048E-8	4.2856504563E-3
2.7448327779E+0	7.8705212173E-8	4.2660664016E-3
2.7490890226E+0	8.2826020319E-8	4.2464110553E-3
2.7533255764E+0	7.9562349667E-8	4.2266847457E-3
2.7575423685E+0	7.8667893178E-8	4.2068878026E-3
2.7617393285E+0	7.9893232300E-8	4.1870205567E-3
2.7659163863E+0	7.7775176631E-8	4.1670833400E-3
2.7700734720E+0	7.9826684773E-8	4.1470764858E-3
2.7742105162E+0	7.8409626716E-8	4.1270003283E-3
2.7783274497E+0	7.6526492736E-8	4.1068552032E-3
2.7824242037E+0	7.6889828456E-8	4.0866414469E-3
2.7865007098E+0	7.8017139552E-8	4.0663593974E-3
2.7905568999E+0	7.7392314143E-8	4.0460093936E-3
2.7945927061E+0	7.7336778450E-8	4.0255917754E-3
2.7986080610E+0	7.6094577651E-8	4.0051068843E-3
2.8026028975E+0	7.5992946269E-8	3.9845550624E-3
2.8065771489E+0	7.6039087474E-8	3.9639366533E-3
2.8105307487E+0	7.3964710455E-8	3.9432520014E-3
2.8144636309E+0	7.3396895414E-8	3.9225014525E-3
2.8183757298E+0	7.3520787364E-8	3.9016853533E-3
2.8222669799E+0	7.2307459726E-8	3.8808040517E-3
2.8261373163E+0	7.1396594185E-8	3.8598578967E-3
2.8299866742E+0	7.1884325643E-8	3.8388472382E-3
2.8338149894E+0	7.1804057614E-8	3.8177724274E-3
2.8376221978E+0	7.1494693369E-8	3.7966338166E-3
2.8414082359E+0	7.0380639892E-8	3.7754317588E-3
2.8451730403E+0	6.9536821952E-8	3.7541666086E-3
2.8489165482E+0	6.8039083184E-8	3.7328387211E-3
2.8526386969E+0	6.9273796758E-8	3.7114484529E-3
2.8563394244E+0	6.7158791320E-8	3.6899961614E-3
2.8600186687E+0	6.6188933456E-8	3.6684822051E-3
2.8636763684E+0	6.6982971714E-8	3.6469069436E-3
2.8673124623E+0	6.6736614354E-8	3.6252707373E-3
2.8709268897E+0	6.5831146915E-8	3.6035739479E-3
2.8745195901E+0	6.4806229631E-8	3.5818169379E-3
2.8780905036E+0	6.3420408158E-8	3.5600000709E-3
2.8816395704E+0	6.3059551027E-8	3.5381237115E-3
2.8851667313E+0	6.3040464432E-8	3.5161882254E-3
2.8886719273E+0	6.2228489629E-8	3.4941939790E-3
2.8921550998E+0	6.0626561440E-8	3.4721413399E-3
2.8956161906E+0	6.1306118331E-8	3.4500306767E-3
2.8990551419E+0	6.0218932329E-8	3.4278623588E-3
2.9024718962E+0	5.9265841231E-8	3.4056367567E-3
2.9058663965E+0	5.9021241495E-8	3.3833542419E-3
2.9092385859E+0	5.7466053532E-8	3.3610151867E-3
2.9125884081E+0	5.7356009417E-8	3.3386199643E-3
2.9159158072E+0	5.7008435095E-8	3.3161689492E-3
2.9192207275E+0	5.6335711707E-8	3.2936625164E-3
2.9225031139E+0	5.5301204143E-8	3.2711010421E-3
2.9257629114E+0	5.4523491113E-8	3.2484849032E-3
2.9290000656E+0	5.4106078990E-8	3.2258144779E-3
2.9322145224E+0	5.3610454581E-8	3.2030901448E-3
2.9354062280E+0	5.1941485367E-8	3.1803122838E-3
2.9385751292E+0	5.1459552109E-8	3.1574812755E-3
2.9417211730E+0	5.0806357301E-8	3.1345975014E-3
2.9448443068E+0	5.0619098491E-8	3.1116613440E-3
2.9479444784E+0	5.0392750171E-8	3.0886731866E-3
2.9510216360E+0	4.8202810630E-8	3.0656334132E-3
2.9540757281E+0	4.8260562346E-8	3.0425424091E-3
2.9571067038E+0	4.8064003733E-8	3.0194005599E-3
2.9601145124E+0	4.6326621336E-8	2.9962082525E-3
2.9630991036E+0	4.5734071306E-8	2.9729658744E-3
2.9660604276E+0	4.4832077899E-8	2.9496738141E-3
2.9689984348E+0	4.5029876652E-8	2.9263324607E-3
2.9719130762E+0	4.4253435044E-8	2.9029422044E-3
2.9748043031E+0	4.3790370145E-8	2.8795034361E-3
2.9776720671E+0	4.2896168607E-8	2.8560165473E-3
2.9805163203E+0	4.2051747189E-8	2.8324819307E-3
2.9833370151E+0	4.1453696410E-8	2.8088999795E-3
2.9861341046E+0	4.0437163394E-8	2.7852710878E-3
2.9889075418E+0	3.9621114580E-8	2.7615956505E-3
2.9916572805E+0	3.9285388480E-8	2.7378740632E-3
2.9943832747E+0	3.8575838242E-8	2.7141067224E-3
2.9970854788E+0	3.8015994934E-8	2.6902940251E-3
2.9997638477E+0	3.7694380731E-8	2.6664363695E-3
3.0024183367E+0	3.7160491236E-8	2.6425341541E-3
3.0050489013E+0	3.6461915528E-8	2.6185877784E-3
3.0076554977E+0	3.5139974804E-8	2.5945976426E-3
3.0102380822E+0	3.4717076046E-8	2.5705641475E-3
3.0127966116E+0	3.3997558797E-8	2.5464876949E-3
3.0153310434E+0	3.3108793342E-8	2.5223686871E-3
3.0178413350E+0	3.2901404828E-8	2.4982075270E-3
3.0203274445E+0	3.2062131619E-8	2.4740046186E-3
3.0227893304E+0	3.1489140515E-8	2.4497603662E-3
3.0252269516E+0	3.1580761051E-8	2.4254751751E-3
3.0276402673E+0	3.0738022965E-8	2.4011494510E-3
3.0300292371E+0	2.9961178156E-8	2.3767836004E-3
3.0323938212E+0	2.9716502014E-8	2.3523780306E-3
3.0347339801E+0	2.8652679426E-8	2.3279331494E-3
3.0370496746E+0	2.7970001908E-8	2.3034493653E-3
3.0393408660E+0	2.7689636800E-8	2.2789270875E-3
3.0416075160E+0	2.6335149735E-8	2.2543667257E-3
3.0438495869E+0	2.5767837253E-8	2.2297686905E-3
3.0460670410E+0	2.5632225938E-8	2.2051333928E-3
3.0482598414E+0	2.4788539107E-8	2.1804612443E-3
3.0504279513E+0	2.4733810983E-8	2.1557526574E-3
3.0525713347E+0	2.4395447903E-8	2.1310080450E-3
3.0546899556E+0	2.3493857586E-8	2.1062278206E-3
3.0567837786E+0	2.3029848202E-8	2.0814123983E-3
3.0588527688E+0	2.2436684378E-8	2.0565621928E-3
3.0608968915E+0	2.1930737597E-8	2.0316776194E-3
3.0629161127E+0	2.1246826324E-8	2.0067590939E-3
3.0649103985E+0	2.0891239576E-8	1.9818070327E-3
3.0668797157E+0	2.0178232543E-8	1.9568218529E-3
3.0688240313E+0	1.9587712856E-8	1.9318039720E-3
3.0707433129E+0	1.8967281322E-8	1.9067538080E-3
3.0726375283E+0	1.8225966682E-8	1.8816717796E-3
3.0745066460E+0	1.7940101743E-8	1.8565583060E-3
3.0763506346E+0	1.7707963559E-8	1.8314138067E-3
3.0781694634E+0	1.7398952662E-8	1.8062387021E-3
3.0799631019E+0	1.6875990516E-8	1.7810334128E-3
3.0817315203E+0	1.6403491038E-8	1.7557983600E-3
3.0834746889E+0	1.5727497870E-8	1.7305339655E-3
3.0851925786E+0	1.5164663996E-8	1.7052406515E-3
3.0868851607E+0	1.4786796536E-8	1.6799188405E-3
3.0885524069E+0	1.4500492613E-8	1.6545689559E-3
3.0901942894E+0	1.4079597997E-8	1.6291914212E-3
3.0918107807E+0	1.3478320506E-8	1.6037866605E-3
3.0934018538E+0	1.3293489386E-8	1.5783550984E-3
3.0949674821E+0	1.2809427801E-8	1.5528971598E-3
3.0965076394E+0	1.2063634469E-8	1.5274132703E-3
3.0980223001E+0	1.1456423630E-8	1.5019038556E-3
3.0995114388E+0	1.1089389051E-8	1.4763693421E-3
3.1009750306E+0	1.0870688534E-8	1.4508101565E-3
3.1024130510E+0	1.0692344968E-8	1.4252267258E-3
3.1038254761E+0	1.0430112033E-8	1.3996194778E-3
3.1052122822E+0	1.0203780928E-8	1.3739888402E-3
3.1065734461E+0	9.8635714248E-9	1.3483352414E-3
3.1079089451E+0	9.3594496393E-9	1.3226591101E-3
3.1092187570E+0	9.0734770611E-9	1.2969608754E-3
3.1105028597E+0	8.6250505691E-9	1.2712409668E-3
3.1117612318E+0	8.2798316983E-9	1.2454998140E-3
3.1129938524E+0	7.8248855738E-9	1.2197378472E-3
3.1142007007E+0	7.5979497207E-9	1.1939554970E-3
3.1153817567E+0	7.3072245897E-9	1.1681531941E-3
3.1165370006E+0	7.0728926353E-9	1.1423313699E-3
3.1176664131E+0	6.6583068635E-9	1.1164904558E-3
3.1187699753E+0	6.3583068596E-9	1.0906308836E-3
3.1198476688E+0	5.9917015492E-9	1.0647530855E-3
3.1208994755E+0	5.5465982265E-9	1.0388574939E-3
3.1219253780E+0	5.2826848379E-9	1.0129445417E-3
3.1229253590E+0	4.9144304474E-9	9.8701466182E-4
3.1238994018E+0	4.6503252667E-9	9.6106828758E-4
3.1248474902E+0	4.4816406347E-9	9.3510585261E-4
3.1257696083E+0	4.0830737664E-9	9.0912779076E-4
3.1266657407E+0	3.8431146063E-9	8.8313453619E-4
3.1275358724E+0	3.5841165544E-9	8.5712652325E-4
3.1283799890E+0	3.4273862313E-9	8.3110418659E-4
3.1291980762E+0	3.2745789381E-9	8.0506796108E-4
3.1299901204E+0	3.1765299975E-9	7.7901828182E-4
3.1307561084E+0	2.9842745949E-9	7.5295558414E-4
3.1314960274E+0	2.8392704685E-9	7.2688030358E-4
3.1322098650E+0	2.5814381580E-9	7.0079287589E-4
3.1328976092E+0	2.3658390265E-9	6.7469373705E-4
3.1335592487E+0	2.1657894584E-9	6.4858332323E-4
3.1341947723E+0	2.0188561493E-9	6.2246207073E-4
3.1348041694E+0	1.8753994395E-9	5.9633041614E-4
3.1353874298E+0	1.7414669815E-9	5.7018879612E-4
3.1359445438E+0	1.5758465291E-9	5.4403764760E-4
3.1364755020E+0	1.4581222753E-9	5.1787740760E-4
3.1369802957E+0	1.3124845903E-9	4.9170851331E-4
3.1374589163E+0	1.1890678577E-9	4.6553140213E-4
3.1379113559E+0	1.0978927479E-9	4.3934651156E-4
3.1383376069E+0	9.2395127529E-10	4.1315427928E-4
3.1387376622E+0	7.9454412533E-10	3.8695514312E-4
3.1391115150E+0	6.8558646850E-10	3.6074954110E-4
3.1394591592E+0	5.7293887398E-10	3.3453791144E-4
3.1397805890E+0	5.0172877242E-10	3.0832069259E-4
3.1400757989E+0	4.1101322253E-10	2.8209832342E-4
3.1403447841E+0	3.2380461730E-10	2.5587124334E-4
3.1405875400E+0	2.4832186348E-10	2.2963989267E-4
3.1408040626E+0	2.0292890774E-10	2.0340471372E-4
3.1409943483E+0	1.5776048391E-10	1.7716615272E-4
3.1411583939E+0	1.1036638253E-10	1.5092466531E-4
3.1412961968E+0	8.1267740242E-11	1.2468073282E-4
3.1414077547E+0	4.4108335390E-11	9.8434919423E-5
3.1414930663E+0	3.3521697768E-11	7.2188137769E-5
3.1415521316E+0	1.0783077113E-11	4.5943520243E-5
3.1415849628E+0	1.4436592120E-11	1.9736940383E-5